800 4800 2400
25 25 10 12 25 13 12 22 22 15 10 18 18 12 20 6 19 20 5 20 13 10 8 16 20 6 24 15 15 24 23 11 11 11 19 25 5 8 12 23 17 18 23 10 16 22 11 9 15 21 23 19 25 6 14 8 15 22 14 13 16 18 22 19 18 20 20 18 15 23 25 5 5 15 22 16 17 25 13 16 23 24 10 8 24 25 10 20 23 23 22 18 7 20 18 23 15 22 25 11 8 23 9 9 14 14 22 23 21 15 14 15 16 21 14 5 9 25 6 19 13 10 16 8 18 19 23 13 25 11 12 5 19 19 12 25 12 20 24 15 25 11 14 9 16 21 18 6 9 10 11 7 7 16 25 18 17 6 18 15 24 11 22 21 5 23 16 17 14 9 21 17 20 12 19 15 15 16 6 18 13 5 6 20 19 10 9 7 20 22 22 14 8 24 23 15 6 16 5 22 12 15 9 25 22 12 10 19 11 6 19 13 20 6 23 7 17 23 21 14 12 8 8 23 19 5 25 14 20 18 9 11 22 13 8 7 16 17 6 14 23 22 14 6 6 19 23 8 7 5 20 23 9 23 15 7 6 14 13 17 8 24 5 19 10 15 14 15 25 7 13 7 17 12 14 25 7 14 9 24 13 17 12 23 16 8 16 12 10 24 13 11 22 8 20 19 16 18 5 16 18 22 21 15 9 10 23 10 10 10 24 21 18 5 23 23 12 22 9 8 6 22 23 7 23 11 12 18 23 11 23 17 15 5 21 6 18 22 22 7 7 10 12 20 13 18 6 16 18 22 18 22 18 6 8 21 10 23 10 7 10 12 20 23 21 11 13 21 24 25 13 7 22 8 10 14 24 12 9 25 24 13 14 18 15 24 10 10 17 21 23 7 17 15 22 6 20 9 24 13 16 22 25 15 9 9 13 9 25 11 7 12 11 15 15 23 15 7 24 5 15 8 24 22 23 23 16 21 24 5 18 8 15 19 22 25 15 21 25 7 14 16 5 19 5 15 14 8 25 5 25 18 6 7 7 7 6 22 16 19 18 8 22 5 10 7 11 8 22 7 7 17 19 7 10 12 12 25 7 12 7 16 21 21 6 7 7 8 11 19 6 23 18 6 24 7 14 7 21 9 22 9 12 17 21 11 21 7 5 7 13 13 8 17 5 13 23 15 19 17 10 14 8 17 14 12 20 5 11 25 13 23 10 23 17 13 6 8 8 7 10 7 19 15 15 15 13 13 13 6 23 5 23 10 8 18 23 20 17 10 23 7 20 19 12 6 14 19 6 9 10 7 18 18 11 5 12 24 25 10 22 7 18 21 10 13 18 17 11 25 6 19 18 11 19 24 8 16 6 24 11 13 11 12 25 19 23 11 9 22 6 10 5 23 18 6 9 9 14 19 14 20 13 11 14 14 11 15 10 13 11 7 17 20 24 19 19 11 22 23 15 10 11 5 16 6 5 10 17 24 12 5 13 18 16 15 10 12 8 24 7 11 19 6 15 25 15 5 11 12 13 6 25 6 5 7 9 18 21 7 23 14 13 15 19 15 15 20 7 7 8 5 19 14 14 15 14 16 15 13 19 23 21 7 16 9 14 19 6 10 20 12 19 12 14 11 13 24 9 20 8 19 25 13 9 10 24 13 6 20 9 7 7 21 12 20 10 19 24 6 22 22 17 14 19 18 8 20 22 11 23 18 10 7 16 9 11 8 7 24 5 15 9 13 8 25 6 12 21 18 14 18 17 12 17 6 6 9 12 8 11 20 11 10 10 15 8 14 7 19 21 19 22 11 8 25 13 9 10 16
8 4 7 9 9 19 13 18 17 6 15 13 8 17 18 10 15 20 3 7 13 10 20 15 8 10 6 13 8 6 5 4 20 19 10 7 17 16 19 10 20 4 12 19 7 12 5 5 20 12 4 10 16 15 16 5 17 19 9 5 13 8 10 16 12 16 12 7 4 8 10 14 11 14 17 13 8 5 6 10 4 3 20 10 18 8 4 19 10 10 8 19 17 13 12 13 5 19 3 11 18 14 15 13 18 20 7 14 4 10 9 5 15 3 20 11 5 9 16 6 13 17 12 18 15 12 9 9 7 19 13 6 18 19 11 17 9 9 12 17 20 10 20 13 5 10 3 20 10 10 13 4 18 9 16 11 18 8 12 14 9 18 11 16 5 11 12 9 13 17 19 10 6 7 11 17 12 16 4 17 3 14 18 15 4 19 18 7 6 10 14 13 8 6 6 13 13 6 19 8 4 6 10 6 16 15 13 11 3 7 5 10 15 11 9 11 15 11 7 15 15 12 14 17 20 12 8 16 7 15 9 18 5 10 17 18 8 3 8 4 3 12 17 14 14 9 13 16 16 4 14 8 11 11 14 5 7 16 13 8 16 12 13 3 8 18 3 6 3 17 19 11 16 17 8 20 15 11 15 17 15 20 3 20 3 10 14 7 6 4 11 15 6 16 13 5 6 5 19 7 7 4 9 10 9 8 8 13 6 18 7 12 6 14 8 4 3 20 5 19 7 7 10 6 7 3 14 15 6 14 10 13 10 7 20 16 12 11 10 5 11 15 18 12 10 15 9 4 14 10 19 4 5 3 20 16 11 4 19 8 8 16 14 14 3 12 20 14 11 16 10 5 13 19 16 4 13 3 20 18 12 9 12 7 6 9 9 5 18 3 11 6 18 16 12 4 3 3 5 20 14 20 16 18 16 12 8 10 14 10 5 5 12 7 9 11 11 18 12 12 15 15 7 12 4 14 13 4 17 16 17 13 3 13 19 15 16 3 14 14 11 15 18 10 12 17 15 20 20 12 20 15 7 8 15 12 19 14 7 17 3 13 8 9 20 9 10 17 7 12 17 9 12 18 5 10 16 7 14 16 4 13 13 7 3 3 17 20 5 14 19 9 6 10 3 4 15 10 6 8 4 15 13 7 13 16 8 15 18 12 12 14 17 11 17 11 14 14 15 13 7 10 10 10 15 10 16 20 7 5 6 9 7 18 18 16 14 17 15 17 17 9 15 9 10 8 18 14 16 15 4 5 19 5 14 8 6 5 14 11 12 13 14 5 11 3 18 15 7 9 5 11 4 6 8 15 7 3 17 6 3 4 12 3 19 18 7 12 10 20 13 3 17 12 4 7 18 10 11 6 10 6 8 8 3 13 3 19 18 7 18 20 13 19 17 13 10 15 8 14 10 13 3 3 4 19 20 20 12 10 3 13 10 16 18 11 13 3 7 5 17 20 5 8 5 4 13 4 18 18 8 8 19 4 8 16 7 16 7 12 8 6 12 7 5 11 19 9 13 14 19 12 10 3 3 18 16 16 11 20 17 15 10 19 8 10 6 10 14 16 8 17 15 13 12 15 3 18 6 5 19 10 15 13 9 3 4 20 5 8 15 18 12 3 11 5 7 16 9 16 20 17 10 8 8 8 17 14 10 18 16 20 17 14 13 8 10 5 11 16 6 5 6 20 19 11 4 12 18 18 12 11 12 12 18 4 4 12 19 14 6 8 12 17 10 10 14 20 17 9 3 15 9 18 15 7 20 9 5 20 4 16 12 17 3 3 13 18 13 18 6 13 14 5 17 18 20 15 9 5
1 18 2
311 765
1 16 2
19 253
1 10 2
129 741
1 8 2
133 752
1 6 2
719 732
1 9 2
17 141
1 8 2
68 601
1 14 2
372 591
1 8 2
137 291
1 12 2
49 60
1 10 2
226 439
1 4 2
130 455
1 10 2
82 577
1 10 2
39 540
1 12 2
12 591
1 3 2
230 467
1 12 2
237 343
1 6 2
288 785
1 12 2
321 517
1 5 2
603 780
1 9 2
137 607
1 8 2
301 323
1 7 2
130 774
1 16 2
34 759
1 8 2
225 738
1 12 2
591 614
1 13 2
0 110
1 11 2
230 604
1 15 2
77 572
1 17 2
0 747
1 11 2
415 625
1 7 2
622 624
1 20 2
268 765
1 14 2
513 634
1 4 2
211 537
1 6 2
469 769
1 10 2
88 630
1 12 2
458 748
1 18 2
389 578
1 15 2
101 573
1 13 2
594 768
1 7 2
469 702
1 10 2
148 376
1 4 2
43 307
1 14 2
498 678
1 8 2
10 65
1 16 2
472 494
1 12 2
619 700
1 8 2
40 48
1 3 2
131 756
1 8 2
149 174
1 18 2
128 212
1 14 2
64 74
1 5 2
231 257
1 7 2
112 783
1 14 2
160 413
1 13 2
1 236
1 5 2
625 797
1 17 2
338 639
1 6 2
466 510
1 11 2
583 681
1 19 2
589 740
1 14 2
218 294
1 11 2
237 396
1 17 2
203 526
1 14 2
351 621
1 13 2
11 557
1 8 2
664 742
1 7 2
468 493
1 7 2
242 650
1 13 2
348 367
1 10 2
37 379
1 8 2
33 721
1 18 2
380 680
1 14 2
166 194
1 9 2
93 588
1 12 2
716 765
1 19 2
98 101
1 5 2
161 603
1 17 2
604 678
1 6 2
650 723
1 10 2
392 627
1 15 2
210 560
1 12 2
70 763
1 12 2
42 681
1 15 2
477 492
1 19 2
322 376
1 11 2
229 751
1 16 2
77 472
1 11 2
686 747
1 16 2
437 702
1 7 2
314 335
1 10 2
52 569
1 13 2
680 742
1 5 2
568 742
1 9 2
172 564
1 14 2
119 401
1 5 2
454 587
1 13 2
94 434
1 10 2
500 593
1 18 2
62 70
1 17 2
194 214
1 12 2
58 424
1 13 2
704 748
1 18 2
349 552
1 13 2
80 543
1 10 2
466 613
1 14 2
331 531
1 9 2
261 507
1 18 2
29 504
1 15 2
240 744
1 20 2
26 577
1 9 2
42 143
1 13 2
338 400
1 4 2
515 753
1 8 2
226 551
1 5 2
56 186
1 18 2
126 330
1 5 2
293 685
1 12 2
370 398
1 13 2
344 578
1 18 2
357 550
1 6 2
86 440
1 17 2
500 738
1 3 2
417 705
1 13 2
140 666
1 18 2
240 314
1 7 2
237 642
1 2 2
298 387
1 8 2
23 446
1 14 2
289 400
1 20 2
289 634
1 18 2
328 363
1 9 2
75 236
1 9 2
327 618
1 5 2
109 739
1 4 2
421 515
1 8 2
297 711
1 13 2
39 166
1 13 2
26 696
1 9 2
446 621
1 15 2
67 672
1 6 2
27 574
1 16 2
337 425
1 9 2
154 213
1 6 2
76 186
1 5 2
347 691
1 8 2
452 529
1 12 2
64 229
1 13 2
390 392
1 13 2
8 697
1 12 2
398 622
1 13 2
302 586
1 11 2
214 623
1 12 2
40 483
1 17 2
49 160
1 14 2
443 701
1 14 2
79 425
1 6 2
27 397
1 16 2
204 457
1 4 2
508 544
1 11 2
42 713
1 9 2
144 177
1 5 2
374 440
1 16 2
241 790
1 7 2
641 745
1 9 2
348 627
1 10 2
341 491
1 11 2
108 787
1 7 2
56 219
1 6 2
97 442
1 10 2
80 756
1 3 2
181 502
1 11 2
160 273
1 7 2
127 754
1 10 2
141 363
1 19 2
398 577
1 4 2
690 715
1 10 2
498 727
1 14 2
560 594
1 9 2
270 557
1 15 2
188 425
1 12 2
117 406
1 4 2
79 508
1 8 2
340 468
1 8 2
644 698
1 9 2
665 688
1 15 2
69 472
1 12 2
24 555
1 9 2
110 700
1 15 2
174 337
1 14 2
163 526
1 11 2
462 723
1 13 2
62 471
1 8 2
129 224
1 7 2
270 704
1 5 2
5 584
1 8 2
572 670
1 7 2
267 535
1 8 2
258 403
1 8 2
555 603
1 7 2
593 653
1 10 2
73 459
1 17 2
77 662
1 2 2
538 615
1 8 2
20 207
1 18 2
30 84
1 18 2
165 795
1 9 2
607 702
1 17 2
29 790
1 13 2
9 738
1 12 2
402 525
1 12 2
30 139
1 10 2
186 422
1 10 2
93 266
1 6 2
255 769
1 8 2
89 689
1 17 2
594 765
1 14 2
634 644
1 4 2
22 399
1 6 2
37 426
1 8 2
42 269
1 5 2
21 548
1 18 2
380 560
1 7 2
28 711
1 11 2
98 661
1 9 2
632 655
1 13 2
286 330
1 19 2
289 314
1 15 2
241 483
1 20 2
604 795
1 11 2
224 648
1 10 2
553 765
1 3 2
235 630
1 15 2
0 216
1 20 2
0 85
1 11 2
336 648
1 11 2
578 607
1 10 2
68 210
1 3 2
247 596
1 13 2
56 107
1 18 2
204 577
1 15 2
516 712
1 7 2
249 268
1 9 2
43 740
1 12 2
108 197
1 14 2
401 751
1 10 2
690 717
1 8 2
20 432
1 5 2
388 509
1 16 2
214 562
1 12 2
188 791
1 16 2
261 687
1 10 2
547 719
1 14 2
42 345
1 11 2
642 765
1 12 2
434 523
1 8 2
297 570
1 8 2
32 692
1 5 2
38 488
1 19 2
251 261
1 5 2
347 690
1 7 2
168 625
1 8 2
502 648
1 13 2
324 426
1 12 2
670 795
1 12 2
321 384
1 12 2
396 441
1 9 2
283 630
1 15 2
448 697
1 12 2
639 706
1 13 2
68 81
1 12 2
145 171
1 15 2
472 595
1 10 2
175 594
1 6 2
86 414
1 11 2
544 633
1 8 2
472 657
1 7 2
633 688
1 15 2
317 744
1 12 2
327 355
1 6 2
714 715
1 14 2
742 750
1 12 2
156 483
1 13 2
577 655
1 10 2
415 570
1 9 2
276 738
1 16 2
154 443
1 6 2
67 571
1 14 2
79 738
1 12 2
195 223
1 9 2
183 713
1 12 2
119 619
1 17 2
253 301
1 8 2
179 796
1 13 2
23 385
1 6 2
245 463
1 10 2
67 761
1 13 2
89 573
1 13 2
338 451
1 9 2
301 325
1 14 2
580 586
1 11 2
416 744
1 7 2
30 115
1 10 2
246 409
1 5 2
13 564
1 6 2
192 519
1 4 2
474 626
1 13 2
159 529
1 14 2
401 707
1 11 2
0 31
1 18 2
97 477
1 9 2
322 356
1 8 2
72 516
1 8 2
315 732
1 11 2
361 494
1 10 2
171 284
1 12 2
4 381
1 12 2
154 603
1 5 2
144 703
1 8 2
146 370
1 19 2
301 765
1 8 2
771 796
1 14 2
12 106
1 15 2
212 606
1 7 2
17 192
1 12 2
113 471
1 13 2
8 745
1 14 2
126 558
1 13 2
42 146
1 3 2
360 581
1 13 2
401 745
1 10 2
108 270
1 13 2
190 216
1 11 2
42 515
1 11 2
141 310
1 9 2
462 616
1 18 2
97 759
1 8 2
102 145
1 19 2
408 434
1 7 2
112 211
1 20 2
128 368
1 12 2
212 237
1 11 2
265 437
1 6 2
216 467
1 9 2
684 796
1 7 2
426 734
1 16 2
633 738
1 12 2
136 448
1 12 2
324 785
1 10 2
382 526
1 17 2
170 240
1 12 2
251 543
1 5 2
571 685
1 3 2
100 269
1 14 2
63 468
1 9 2
489 694
1 14 2
158 310
1 10 2
50 200
1 7 2
537 702
1 16 2
250 759
1 11 2
336 518
1 11 2
60 573
1 12 2
669 722
1 9 2
59 633
1 15 2
390 653
1 17 2
95 491
1 7 2
451 559
1 10 2
384 594
1 11 2
282 589
1 13 2
138 693
1 12 2
380 624
1 12 2
241 545
1 11 2
496 556
1 4 2
371 699
1 8 2
238 438
1 13 2
224 735
1 4 2
505 705
1 17 2
301 759
1 10 2
128 464
1 8 2
375 799
1 13 2
48 117
1 9 2
88 161
1 15 2
398 614
1 18 2
438 504
1 18 2
89 279
1 12 2
64 336
1 8 2
66 570
1 11 2
205 422
1 12 2
87 523
1 11 2
289 377
1 5 2
341 652
1 15 2
300 595
1 10 2
408 617
1 14 2
93 791
1 12 2
87 572
1 3 2
565 676
1 7 2
94 360
1 9 2
384 451
1 18 2
4 678
1 5 2
235 761
1 15 2
24 462
1 11 2
254 459
1 14 2
167 450
1 16 2
0 229
1 3 2
318 374
1 10 2
51 727
1 5 2
6 141
1 15 2
66 394
1 8 2
201 544
1 6 2
38 287
1 10 2
220 240
1 14 2
729 740
1 12 2
8 544
1 7 2
182 321
1 14 2
328 653
1 14 2
137 702
1 20 2
289 477
1 16 2
402 710
1 17 2
101 606
1 5 2
75 335
1 9 2
521 573
1 7 2
24 497
1 13 2
193 761
1 7 2
221 459
1 9 2
439 765
1 9 2
77 473
1 15 2
125 306
1 14 2
146 214
1 16 2
8 504
1 11 2
375 415
1 7 2
547 743
1 12 2
240 441
1 7 2
381 458
1 8 2
187 379
1 19 2
29 368
1 12 2
492 662
1 15 2
425 744
1 17 2
87 379
1 12 2
126 440
1 10 2
330 626
1 9 2
78 179
1 16 2
217 437
1 9 2
51 655
1 7 2
24 470
1 12 2
228 558
1 16 2
369 518
1 11 2
89 287
1 2 2
663 691
1 12 2
246 267
1 17 2
49 135
1 11 2
232 664
1 8 2
560 660
1 7 2
11 360
1 18 2
126 351
1 8 2
465 494
1 8 2
628 790
1 5 2
576 782
1 19 2
578 595
1 9 2
190 404
1 20 2
306 578
1 16 2
90 516
1 20 2
117 435
1 11 2
376 668
1 10 2
524 563
1 9 2
286 597
1 15 2
132 595
1 14 2
355 702
1 5 2
185 796
1 10 2
408 658
1 7 2
451 569
1 13 2
9 450
1 5 2
505 601
1 17 2
189 599
1 19 2
4 560
1 12 2
179 188
1 10 2
88 99
1 19 2
77 314
1 12 2
543 609
1 11 2
30 566
1 6 2
570 785
1 8 2
247 639
1 6 2
123 704
1 6 2
179 537
1 7 2
513 793
1 5 2
466 727
1 13 2
138 799
1 6 2
155 509
1 11 2
42 274
1 17 2
351 578
1 7 2
6 61
1 19 2
81 160
1 9 2
509 795
1 10 2
94 754
1 8 2
189 753
1 14 2
35 519
1 10 2
162 377
1 12 2
50 191
1 8 2
301 371
1 13 2
443 621
1 6 2
286 617
1 13 2
330 640
1 16 2
376 567
1 6 2
608 640
1 9 2
21 253
1 15 2
137 357
1 11 2
315 713
1 10 2
427 773
1 4 2
18 280
1 10 2
636 683
1 9 2
52 571
1 14 2
35 139
1 11 2
408 464
1 12 2
59 380
1 16 2
223 482
1 8 2
311 731
1 5 2
359 545
1 10 2
158 197
1 11 2
91 472
1 12 2
251 693
1 6 2
274 650
1 6 2
416 502
1 14 2
4 281
1 8 2
659 794
1 14 2
229 246
1 18 2
552 580
1 20 2
203 226
1 7 2
702 753
1 8 2
543 695
1 10 2
578 777
1 13 2
279 714
1 12 2
638 785
1 6 2
73 783
1 20 2
310 398
1 4 2
554 584
1 15 2
87 194
1 7 2
298 680
1 7 2
2 492
1 14 2
95 534
1 15 2
12 154
1 11 2
104 504
1 11 2
20 457
1 9 2
16 625
1 3 2
478 626
1 13 2
477 544
1 4 2
530 615
1 10 2
430 587
1 7 2
346 638
1 12 2
77 366
1 14 2
63 89
1 8 2
188 397
1 15 2
101 594
1 9 2
95 431
1 20 2
135 203
1 9 2
121 500
1 5 2
664 758
1 6 2
61 269
1 10 2
203 234
1 11 2
239 680
1 16 2
172 203
1 5 2
196 272
1 6 2
534 647
1 11 2
74 303
1 3 2
82 293
1 7 2
381 682
1 16 2
435 451
1 14 2
138 503
1 7 2
115 330
1 9 2
574 741
1 12 2
87 471
1 10 2
446 721
1 8 2
326 518
1 20 2
369 795
1 14 2
167 422
1 14 2
226 286
1 6 2
6 618
1 16 2
423 792
1 3 2
186 610
1 3 2
323 631
1 12 2
237 594
1 16 2
203 562
1 15 2
376 573
1 13 2
160 517
1 10 2
283 316
1 17 2
322 606
1 10 2
140 455
1 5 2
185 670
1 17 2
89 217
1 10 2
396 743
1 7 2
678 705
1 13 2
355 789
1 11 2
60 562
1 10 2
189 273
1 9 2
74 316
1 18 2
42 560
1 8 2
93 103
1 12 2
60 638
1 16 2
434 504
1 18 2
88 425
1 10 2
60 700
1 20 2
604 634
1 9 2
572 763
1 10 2
491 525
1 7 2
54 267
1 3 2
755 758
1 6 2
132 157
1 17 2
74 385
1 11 2
736 759
1 12 2
119 751
1 5 2
474 535
1 9 2
542 566
1 15 2
8 740
1 15 2
246 635
1 11 2
59 306
1 11 2
67 224
1 3 2
161 658
1 6 2
458 464
1 12 2
289 517
1 17 2
89 321
1 4 2
136 569
1 11 2
107 205
1 19 2
74 135
1 8 2
59 513
1 11 2
89 548
1 9 2
39 103
1 6 2
16 391
1 20 2
160 765
1 6 2
21 142
1 8 2
371 577
1 17 2
189 516
1 5 2
623 657
1 8 2
344 392
1 10 2
46 317
1 7 2
614 777
1 10 2
284 297
1 14 2
251 523
1 13 2
203 399
1 8 2
269 398
1 12 2
177 337
1 8 2
419 649
1 20 2
128 450
1 9 2
219 592
1 3 2
429 650
1 13 2
336 606
1 8 2
357 786
1 13 2
23 101
1 6 2
161 547
1 5 2
505 574
1 12 2
275 290
1 16 2
45 560
1 6 2
479 544
1 15 2
294 638
1 13 2
70 624
1 16 2
376 472
1 18 2
154 246
1 8 2
203 262
1 7 2
503 668
1 14 2
85 201
1 12 2
170 769
1 10 2
73 294
1 7 2
407 555
1 17 2
74 194
1 4 2
447 564
1 10 2
367 517
1 8 2
26 775
1 15 2
49 396
1 6 2
31 254
1 10 2
567 714
1 13 2
212 614
1 5 2
344 690
1 19 2
595 613
1 18 2
560 634
1 10 2
64 754
1 14 2
311 771
1 10 2
438 720
1 7 2
59 109
1 4 2
219 764
1 15 2
311 609
1 18 2
7 672
1 12 2
12 362
1 8 2
97 319
1 7 2
214 775
1 15 2
40 722
1 9 2
220 351
1 11 2
327 503
1 7 2
215 729
1 14 2
166 738
1 10 2
19 440
1 14 2
23 477
1 4 2
83 142
1 8 2
560 728
1 7 2
514 550
1 16 2
89 427
1 16 2
14 315
1 7 2
387 772
1 5 2
387 521
1 11 2
254 747
1 8 2
130 158
1 18 2
240 306
1 6 2
472 486
1 9 2
14 258
1 11 2
263 677
1 16 2
376 633
1 9 2
622 710
1 14 2
194 263
1 13 2
89 393
1 13 2
29 742
1 5 2
497 698
1 12 2
139 349
1 7 2
267 576
1 5 2
201 497
1 10 2
156 534
1 8 2
303 416
1 9 2
108 657
1 10 2
184 681
1 5 2
211 724
1 12 2
87 336
1 8 2
23 266
1 9 2
282 526
1 10 2
119 284
1 9 2
52 679
1 10 2
287 659
1 18 2
57 385
1 13 2
367 459
1 9 2
245 714
1 12 2
195 253
1 8 2
44 242
1 14 2
434 684
1 13 2
440 672
1 8 2
266 517
1 10 2
296 518
1 9 2
65 574
1 13 2
184 562
1 7 2
102 489
1 12 2
411 672
1 13 2
684 744
1 5 2
568 754
1 14 2
156 363
1 3 2
333 602
1 14 2
24 396
1 5 2
76 561
1 13 2
20 268
1 16 2
61 98
1 6 2
386 787
1 6 2
263 493
1 8 2
485 560
1 12 2
88 743
1 8 2
60 664
1 10 2
28 459
1 5 2
266 386
1 10 2
337 600
1 13 2
362 562
1 12 2
524 595
1 14 2
229 385
1 14 2
295 748
1 15 2
66 491
1 20 2
268 379
1 18 2
217 748
1 10 2
8 99
1 11 2
133 745
1 14 2
177 379
1 10 2
408 584
1 7 2
287 296
1 3 2
92 783
1 9 2
84 779
1 8 2
309 321
1 9 2
134 735
1 8 2
341 483
1 6 2
158 182
1 9 2
308 457
1 12 2
34 158
1 13 2
605 684
1 12 2
375 634
1 4 2
103 200
1 12 2
42 545
1 8 2
256 379
1 19 2
203 424
1 13 2
40 42
1 6 2
112 431
1 6 2
521 778
1 7 2
283 612
1 20 2
128 154
1 7 2
201 366
1 8 2
681 704
1 10 2
394 479
1 8 2
274 664
1 7 2
451 783
1 16 2
494 636
1 12 2
382 750
1 19 2
292 529
1 8 2
378 719
1 6 2
366 694
1 20 2
128 529
1 17 2
85 557
1 10 2
30 780
1 10 2
376 528
1 8 2
266 587
1 15 2
390 592
1 10 2
43 577
1 6 2
331 499
1 16 2
322 781
1 8 2
592 650
1 6 2
502 716
1 6 2
530 715
1 8 2
76 476
1 6 2
383 779
1 9 2
282 362
1 9 2
20 172
1 20 2
385 438
1 11 2
518 772
1 2 2
221 675
1 4 2
509 713
1 5 2
61 490
1 6 2
297 447
1 18 2
533 578
1 12 2
214 714
1 13 2
108 383
1 9 2
546 744
1 8 2
146 409
1 8 2
241 512
1 11 2
483 654
1 19 2
194 376
1 3 2
83 417
1 8 2
309 312
1 12 2
380 381
1 15 2
11 717
1 18 2
77 427
1 14 2
57 272
1 12 2
274 424
1 13 2
137 687
1 18 2
310 577
1 15 2
595 745
1 10 2
648 654
1 15 2
578 597
1 15 2
251 700
1 11 2
191 613
1 11 2
60 133
1 17 2
251 328
1 2 2
238 485
1 10 2
245 413
1 9 2
84 123
1 9 2
276 659
1 8 2
367 584
1 7 2
284 387
1 3 2
55 611
1 10 2
180 498
1 9 2
93 287
1 14 2
75 81
1 15 2
119 283
1 8 2
378 740
1 10 2
62 205
1 14 2
310 481
1 11 2
614 653
1 18 2
363 380
1 6 2
627 641
1 12 2
662 687
1 6 2
347 593
1 8 2
271 415
1 13 2
19 586
1 16 2
518 759
1 16 2
91 369
1 11 2
418 525
1 8 2
129 250
1 10 2
34 683
1 5 2
13 134
1 11 2
322 763
1 9 2
406 751
1 9 2
190 637
1 16 2
183 310
1 9 2
363 553
1 13 2
219 289
1 20 2
117 604
1 14 2
741 745
1 7 2
239 706
1 19 2
402 552
1 12 2
400 500
1 9 2
68 558
1 3 2
249 511
1 11 2
430 653
1 10 2
73 124
1 5 2
406 466
1 9 2
327 698
1 14 2
137 170
1 10 2
168 396
1 11 2
699 717
1 10 2
171 799
1 7 2
737 798
1 16 2
369 744
1 9 2
516 584
1 7 2
441 525
1 6 2
591 615
1 12 2
170 176
1 18 2
315 595
1 8 2
310 429
1 12 2
385 652
1 8 2
83 498
1 13 2
580 774
1 11 2
93 272
1 15 2
350 494
1 15 2
207 351
1 9 2
140 421
1 12 2
109 726
1 14 2
45 621
1 9 2
2 500
1 15 2
583 701
1 15 2
26 350
1 15 2
241 638
1 16 2
349 556
1 13 2
483 677
1 18 2
160 398
1 4 2
56 575
1 11 2
193 603
1 6 2
120 734
1 3 2
487 725
1 10 2
569 759
1 10 2
173 560
1 4 2
445 643
1 10 2
119 257
1 10 2
337 488
1 13 2
692 729
1 12 2
717 727
1 19 2
26 599
1 14 2
26 774
1 16 2
52 744
1 11 2
273 552
1 11 2
158 582
1 16 2
250 634
1 11 2
218 664
1 2 2
147 452
1 15 2
140 146
1 14 2
197 765
1 5 2
403 404
1 11 2
58 337
1 10 2
582 685
1 10 2
162 661
1 6 2
545 630
1 3 2
200 209
1 8 2
515 572
1 9 2
8 676
1 17 2
380 748
1 7 2
93 278
1 10 2
10 52
1 15 2
315 729
1 6 2
482 493
1 18 2
246 324
1 13 2
165 519
1 12 2
4 548
1 6 2
218 568
1 5 2
58 465
1 9 2
133 290
1 14 2
138 523
1 10 2
56 281
1 13 2
289 655
1 12 2
594 700
1 9 2
471 761
1 9 2
190 709
1 6 2
559 685
1 12 2
3 226
1 15 2
268 352
1 8 2
185 350
1 10 2
193 361
1 16 2
636 722
1 4 2
281 419
1 15 2
0 79
1 12 2
63 383
1 8 2
48 68
1 10 2
548 702
1 13 2
111 494
1 12 2
208 477
1 9 2
256 408
1 15 2
29 125
1 13 2
34 228
1 8 2
37 701
1 13 2
34 684
1 13 2
216 606
1 7 2
386 697
1 12 2
162 284
1 7 2
82 250
1 20 2
599 604
1 6 2
404 503
1 8 2
109 296
1 3 2
469 588
1 7 2
18 321
1 13 2
523 741
1 9 2
380 439
1 10 2
101 709
1 10 2
239 729
1 8 2
585 698
1 17 2
7 26
1 10 2
394 585
1 10 2
41 105
1 15 2
29 94
1 9 2
110 459
1 7 2
141 471
1 10 2
100 193
1 10 2
356 726
1 9 2
515 518
1 5 2
431 785
1 9 2
211 459
1 9 2
154 645
1 11 2
279 288
1 9 2
367 579
1 11 2
19 28
1 12 2
165 761
1 14 2
135 284
1 17 2
194 322
1 8 2
439 740
1 7 2
114 706
1 4 2
53 144
1 10 2
27 245
1 10 2
197 573
1 13 2
184 518
1 14 2
94 223
1 10 2
96 635
1 19 2
560 589
1 16 2
376 526
1 10 2
641 759
1 3 2
291 581
1 12 2
145 471
1 9 2
300 666
1 4 2
473 576
1 6 2
125 757
1 8 2
756 771
1 9 2
420 426
1 11 2
414 504
1 7 2
217 298
1 20 2
29 369
1 5 2
561 666
1 8 2
123 401
1 7 2
201 625
1 6 2
646 684
1 14 2
292 745
1 4 2
538 699
1 12 2
402 711
1 4 2
323 669
1 11 2
204 664
1 20 2
659 672
1 9 2
301 749
1 17 2
283 434
1 12 2
106 195
1 5 2
179 732
1 14 2
372 472
1 7 2
166 603
1 11 2
105 639
1 11 2
130 251
1 13 2
160 654
1 14 2
533 614
1 15 2
362 424
1 14 2
4 545
1 20 2
665 722
1 8 2
432 654
1 4 2
86 715
1 19 2
289 577
1 11 2
513 621
1 7 2
75 282
1 16 2
338 781
1 8 2
284 685
1 11 2
366 425
1 5 2
607 780
1 7 2
632 784
1 17 2
367 533
1 7 2
297 756
1 10 2
30 404
1 3 2
150 449
1 11 2
140 409
1 6 2
191 528
1 14 2
0 167
1 9 2
299 624
1 3 2
43 178
1 2 2
151 514
1 4 2
242 598
1 8 2
322 596
1 16 2
677 765
1 5 2
233 365
1 12 2
443 472
1 8 2
396 647
1 11 2
273 402
1 15 2
261 721
1 8 2
113 278
1 11 2
47 268
1 10 2
316 338
1 5 2
144 495
1 14 2
67 89
1 11 2
382 424
1 6 2
470 586
1 8 2
418 660
1 10 2
441 772
1 14 2
163 352
1 8 2
40 384
1 4 2
395 620
1 9 2
525 542
1 11 2
544 562
1 12 2
443 751
1 8 2
567 725
1 10 2
11 94
1 19 2
84 604
1 15 2
605 672
1 7 2
545 670
1 5 2
370 574
1 8 2
10 212
1 2 2
674 760
1 7 2
48 530
1 13 2
76 533
1 11 2
592 692
1 11 2
408 502
1 10 2
726 782
1 11 2
433 614
1 11 2
301 681
1 20 2
203 722
1 5 2
585 705
1 14 2
500 771
1 10 2
205 240
1 18 2
199 659
1 15 2
606 684
1 12 2
111 204
1 17 2
85 687
1 12 2
104 283
1 7 2
190 575
1 2 2
278 313
1 13 2
63 687
1 17 2
8 95
1 15 2
70 751
1 6 2
374 761
1 9 2
468 608
1 10 2
251 574
1 6 2
200 510
1 14 2
14 423
1 7 2
366 625
1 4 2
541 593
1 17 2
49 408
1 10 2
94 175
1 7 2
132 537
1 15 2
179 477
1 4 2
100 411
1 15 2
137 560
1 5 2
581 743
1 12 2
644 678
1 5 2
208 783
1 12 2
126 233
1 19 2
408 750
1 2 2
71 495
1 19 2
314 717
1 18 2
29 462
1 8 2
145 501
1 5 2
584 585
1 7 2
170 705
1 7 2
180 393
1 15 2
89 719
1 15 2
363 771
1 12 2
41 621
1 18 2
379 638
1 12 2
299 580
1 19 2
135 189
1 11 2
150 722
1 6 2
507 648
1 2 2
181 757
1 16 2
295 402
1 11 2
282 750
1 18 2
190 398
1 7 2
48 669
1 5 2
515 755
1 7 2
331 749
1 12 2
122 733
1 11 2
39 282
1 16 2
52 124
1 9 2
460 666
1 6 2
32 104
1 19 2
42 402
1 8 2
328 495
1 14 2
68 665
1 10 2
274 396
1 4 2
192 623
1 14 2
369 400
1 16 2
106 337
1 13 2
127 578
1 3 2
442 525
1 11 2
158 296
1 11 2
403 427
1 19 2
578 748
1 6 2
63 776
1 4 2
92 381
1 3 2
185 663
1 12 2
567 573
1 17 2
4 125
1 9 2
777 792
1 17 2
253 328
1 13 2
125 294
1 10 2
498 716
1 9 2
14 180
1 19 2
246 649
1 9 2
240 464
1 10 2
477 616
1 9 2
97 134
1 8 2
27 624
1 8 2
75 622
1 20 2
448 634
1 10 2
112 519
1 9 2
88 288
1 9 2
245 280
1 7 2
526 581
1 14 2
550 597
1 5 2
134 569
1 13 2
96 494
1 8 2
379 452
1 4 2
278 308
1 11 2
136 322
1 6 2
63 417
1 8 2
97 143
1 15 2
77 769
1 9 2
367 773
1 18 2
52 69
1 16 2
315 621
1 5 2
123 436
1 8 2
420 704
1 9 2
317 520
1 10 2
434 475
1 5 2
399 532
1 6 2
607 697
1 16 2
163 251
1 14 2
67 107
1 8 2
317 431
1 12 2
39 110
1 17 2
214 638
1 12 2
95 416
1 18 2
578 741
1 17 2
438 633
1 5 2
76 151
1 6 2
296 409
1 20 2
310 795
1 18 2
193 241
1 4 2
323 566
1 12 2
160 727
1 19 2
77 556
1 4 2
258 478
1 11 2
137 299
1 6 2
205 698
1 11 2
240 620
1 14 2
336 634
1 7 2
221 364
1 5 2
274 676
1 7 2
264 492
1 13 2
168 203
1 19 2
154 376
1 9 2
175 769
1 9 2
747 778
1 6 2
41 323
1 16 2
314 583
1 10 2
642 701
1 7 2
208 523
1 2 2
480 495
1 14 2
712 790
1 15 2
430 477
1 12 2
132 312
1 9 2
99 263
1 18 2
190 310
1 15 2
251 605
1 12 2
126 406
1 9 2
95 397
1 8 2
125 173
1 11 2
274 580
1 17 2
107 337
1 12 2
261 640
1 10 2
383 441
1 12 2
33 275
1 8 2
150 229
1 14 2
331 468
1 14 2
135 332
1 4 2
59 688
1 20 2
29 765
1 5 2
293 382
1 8 2
181 450
1 6 2
47 352
1 13 2
27 529
1 18 2
322 418
1 4 2
511 581
1 15 2
207 580
1 12 2
38 70
1 3 2
304 461
1 13 2
242 310
1 11 2
515 792
1 20 2
606 795
1 7 2
361 697
1 16 2
89 733
1 2 2
116 452
1 20 2
226 634
1 6 2
124 495
1 10 2
11 441
1 4 2
168 660
1 12 2
257 556
1 2 2
215 536
1 18 2
39 328
1 8 2
6 12
1 15 2
188 494
1 9 2
141 498
1 14 2
700 768
1 11 2
481 791
1 6 2
68 709
1 10 2
132 632
1 12 2
462 697
1 14 2
684 790
1 18 2
106 140
1 7 2
11 86
1 13 2
8 284
1 13 2
14 719
1 9 2
314 356
1 14 2
154 640
1 9 2
213 428
1 11 2
231 422
1 13 2
292 737
1 9 2
211 343
1 15 2
263 738
1 17 2
93 529
1 17 2
85 737
1 1 2
449 612
1 12 2
112 423
1 3 2
256 763
1 19 2
275 468
1 10 2
300 388
1 11 2
142 498
1 11 2
14 44
1 17 2
145 154
1 12 2
245 712
1 11 2
171 771
1 11 2
99 438
1 10 2
378 717
1 13 2
401 458
1 18 2
251 418
1 12 2
227 322
1 20 2
138 477
1 12 2
707 751
1 8 2
502 523
1 9 2
73 534
1 16 2
184 634
1 11 2
76 633
1 6 2
475 785
1 12 2
127 634
1 11 2
154 386
1 6 2
507 781
1 12 2
3 634
1 14 2
423 636
1 20 2
77 578
1 7 2
39 452
1 6 2
210 590
1 6 2
173 650
1 5 2
449 774
1 12 2
687 737
1 15 2
573 717
1 8 2
83 372
1 7 2
71 240
1 18 2
394 795
1 11 2
155 179
1 11 2
363 399
1 15 2
300 306
1 6 2
392 709
1 12 2
500 523
1 19 2
240 649
1 8 2
65 149
1 17 2
355 578
1 6 2
239 637
1 13 2
39 704
1 11 2
46 385
1 13 2
471 638
1 6 2
21 471
1 10 2
386 556
1 5 2
78 356
1 13 2
58 578
1 8 2
168 653
1 11 2
9 741
1 19 2
423 450
1 7 2
28 219
1 15 2
90 162
1 12 2
75 533
1 12 2
156 482
1 15 2
29 245
1 12 2
180 722
1 14 2
263 334
1 5 2
421 695
1 8 2
310 410
1 6 2
433 538
1 11 2
203 220
1 6 2
483 612
1 11 2
42 650
1 7 2
383 623
1 12 2
144 768
1 20 2
408 450
1 13 2
140 546
1 8 2
193 660
1 18 2
223 368
1 18 2
529 792
1 12 2
491 624
1 6 2
621 689
1 11 2
201 605
1 11 2
315 716
1 13 2
176 595
1 12 2
443 582
1 7 2
166 377
1 5 2
247 743
1 17 2
241 357
1 2 2
15 590
1 10 2
26 623
1 8 2
569 735
1 20 2
1 659
1 10 2
194 273
1 17 2
190 750
1 4 2
105 480
1 11 2
59 516
1 9 2
506 773
1 15 2
155 649
1 8 2
52 429
1 5 2
335 400
1 18 2
435 437
1 14 2
26 653
1 2 2
151 598
1 12 2
165 686
1 11 2
24 277
1 13 2
483 745
1 17 2
324 422
1 5 2
285 566
1 16 2
183 385
1 6 2
309 774
1 4 2
588 628
1 7 2
183 746
1 13 2
85 296
1 18 2
253 330
1 14 2
216 398
1 3 2
374 658
1 12 2
177 504
1 8 2
34 377
1 14 2
614 680
1 6 2
597 668
1 10 2
90 706
1 11 2
438 777
1 16 2
560 621
1 6 2
239 601
1 7 2
446 711
1 20 2
418 765
1 14 2
327 659
1 17 2
368 580
1 4 2
290 776
1 9 2
152 578
1 17 2
85 163
1 7 2
481 778
1 11 2
236 427
1 18 2
45 275
1 8 2
197 266
1 17 2
188 672
1 7 2
344 347
1 14 2
295 364
1 14 2
17 65
1 2 2
152 209
1 8 2
360 526
1 11 2
159 504
1 9 2
300 547
1 9 2
258 562
1 6 2
430 461
1 14 2
639 769
1 12 2
122 315
1 8 2
57 260
1 8 2
486 680
1 12 2
259 504
1 4 2
59 196
1 12 2
545 550
1 10 2
357 756
1 12 2
388 747
1 7 2
466 686
1 8 2
187 556
1 12 2
95 601
1 9 2
283 611
1 11 2
401 535
1 6 2
100 388
1 15 2
207 301
1 6 2
129 375
1 12 2
190 242
1 4 2
6 340
1 9 2
217 447
1 15 2
684 701
1 7 2
218 447
1 9 2
31 733
1 9 2
410 450
1 9 2
217 656
1 6 2
413 579
1 5 2
48 762
1 7 2
539 768
1 13 2
393 578
1 11 2
153 443
1 15 2
138 188
1 13 2
42 627
1 14 2
317 586
1 10 2
422 505
1 11 2
191 328
1 15 2
241 729
1 16 2
11 795
1 6 2
670 714
1 9 2
369 746
1 10 2
20 183
1 11 2
370 434
1 14 2
14 781
1 11 2
253 488
1 13 2
176 450
1 2 2
148 213
1 14 2
531 772
1 13 2
146 735
1 3 2
2 276
1 8 2
506 569
1 8 2
60 481
1 18 2
97 226
1 5 2
682 793
1 15 2
210 246
1 5 2
36 155
1 5 2
340 592
1 7 2
324 508
1 12 2
177 188
1 11 2
577 763
1 7 2
179 474
1 8 2
683 761
1 16 2
84 250
1 12 2
451 751
1 14 2
108 396
1 19 2
533 634
1 4 2
225 286
1 5 2
82 366
1 15 2
190 710
1 20 2
477 672
1 12 2
89 303
1 7 2
218 581
1 14 2
183 263
1 20 2
634 672
1 14 2
232 562
1 16 2
19 315
1 10 2
28 721
1 12 2
29 258
1 9 2
399 789
1 12 2
39 233
1 11 2
272 557
1 8 2
455 500
1 11 2
362 403
1 5 2
377 778
1 3 2
151 341
1 4 2
681 691
1 4 2
13 215
1 9 2
159 605
1 12 2
427 644
1 11 2
376 727
1 16 2
29 172
1 12 2
543 680
1 8 2
212 600
1 11 2
133 400
1 8 2
13 737
1 18 2
604 750
1 13 2
95 153
1 8 2
125 365
1 13 2
380 543
1 5 2
285 458
1 5 2
152 545
1 10 2
721 761
1 18 2
189 672
1 14 2
557 636
1 11 2
45 290
1 6 2
411 445
1 11 2
174 698
1 4 2
130 252
1 11 2
327 350
1 8 2
179 258
1 5 2
200 584
1 11 2
7 290
1 12 2
57 73
1 14 2
39 76
1 14 2
51 162
1 16 2
376 605
1 11 2
197 207
1 12 2
279 585
1 14 2
50 555
1 18 2
199 589
1 10 2
620 781
1 9 2
5 710
1 16 2
372 457
1 8 2
245 777
1 5 2
91 151
1 6 2
175 725
1 9 2
222 494
1 20 2
128 589
1 14 2
63 301
1 10 2
119 683
1 4 2
260 466
1 15 2
334 457
1 4 2
280 493
1 18 2
95 595
1 7 2
171 288
1 14 2
759 799
1 8 2
295 505
1 15 2
314 364
1 10 2
77 656
1 14 2
468 719
1 18 2
106 672
1 6 2
64 152
1 16 2
128 443
1 13 2
155 437
1 3 2
645 798
1 5 2
413 757
1 8 2
257 445
1 10 2
227 692
1 5 2
602 668
1 14 2
65 583
1 8 2
173 518
1 18 2
4 49
1 14 2
516 523
1 3 2
82 794
1 16 2
748 792
1 17 2
19 52
1 4 2
650 675
1 6 2
63 663
1 11 2
684 697
1 3 2
21 192
1 12 2
120 154
1 6 2
342 723
1 11 2
94 263
1 10 2
171 348
1 7 2
147 557
1 4 2
541 657
1 12 2
50 625
1 11 2
440 500
1 10 2
141 468
1 13 2
321 737
1 14 2
241 684
1 6 2
122 358
1 10 2
649 777
1 12 2
28 649
1 7 2
21 542
1 10 2
351 622
1 7 2
147 740
1 7 2
523 773
1 10 2
113 382
1 5 2
447 699
1 8 2
212 637
1 6 2
55 592
1 9 2
259 440
1 7 2
61 611
1 9 2
74 783
1 10 2
640 729
1 9 2
312 413
1 17 2
188 369
1 19 2
380 402
1 8 2
442 765
1 6 2
467 769
1 12 2
265 283
1 9 2
40 175
1 13 2
392 639
1 13 2
595 644
1 10 2
392 632
1 12 2
555 591
1 8 2
304 315
1 12 2
77 242
1 11 2
300 677
1 8 2
432 694
1 16 2
88 437
1 8 2
440 683
1 14 2
11 748
1 13 2
45 460
1 15 2
51 246
1 12 2
572 791
1 15 2
245 415
1 17 2
4 16
1 14 2
267 589
1 10 2
416 636
1 16 2
17 438
1 8 2
65 784
1 10 2
282 560
1 16 2
302 717
1 11 2
155 471
1 4 2
339 517
1 7 2
565 609
1 9 2
301 647
1 8 2
271 665
1 4 2
215 796
1 12 2
67 712
1 7 2
564 573
1 11 2
229 281
1 9 2
64 344
1 14 2
77 534
1 9 2
396 623
1 8 2
177 711
1 17 2
606 639
1 16 2
599 692
1 4 2
444 629
1 8 2
693 771
1 3 2
358 514
1 10 2
426 737
1 10 2
362 521
1 7 2
19 615
1 14 2
317 489
1 9 2
96 513
1 14 2
64 126
1 11 2
402 734
1 12 2
68 324
1 8 2
88 490
1 14 2
284 306
1 15 2
65 328
1 19 2
268 462
1 9 2
547 562
1 9 2
409 747
1 8 2
252 580
1 17 2
251 462
1 20 2
77 738
1 13 2
284 604
1 11 2
160 381
1 11 2
274 462
1 7 2
237 540
1 5 2
60 512
1 5 2
420 461
1 2 2
18 758
1 8 2
359 649
1 5 2
6 374
1 9 2
65 585
1 9 2
232 554
1 17 2
87 140
1 20 2
85 418
1 10 2
228 257
1 10 2
275 407
1 10 2
194 520
1 15 2
106 362
1 12 2
84 274
1 9 2
506 600
1 14 2
430 701
1 13 2
41 228
1 8 2
397 526
1 16 2
659 712
1 12 2
17 51
1 13 2
23 748
1 4 2
296 674
1 6 2
345 786
1 13 2
239 759
1 10 2
687 743
1 7 2
227 625
1 17 2
29 337
1 9 2
27 653
1 20 2
135 140
1 16 2
189 349
1 3 2
319 752
1 15 2
19 482
1 11 2
272 567
1 19 2
491 604
1 9 2
100 450
1 13 2
79 363
1 17 2
62 398
1 9 2
244 589
1 11 2
24 799
1 9 2
22 330
1 5 2
260 627
1 4 2
358 628
1 18 2
334 765
1 8 2
88 794
1 8 2
162 453
1 8 2
380 537
1 9 2
136 518
1 9 2
484 665
1 8 2
95 255
1 12 2
56 468
1 6 2
410 573
1 10 2
494 505
1 15 2
229 330
1 7 2
423 758
1 11 2
39 770
1 6 2
114 409
1 20 2
529 595
1 8 2
366 471
1 14 2
482 702
1 8 2
139 655
1 12 2
462 496
1 7 2
525 627
1 2 2
537 612
1 9 2
407 717
1 17 2
398 423
1 8 2
255 595
1 10 2
23 297
1 11 2
49 56
1 14 2
555 609
1 12 2
7 664
1 3 2
409 442
1 17 2
26 106
1 7 2
457 508
1 4 2
136 186
1 12 2
64 662
1 14 2
223 594
1 8 2
262 448
1 11 2
348 614
1 13 2
402 640
1 20 2
659 665
1 8 2
94 173
1 8 2
340 372
1 16 2
189 609
1 3 2
129 612
1 7 2
227 681
1 15 2
14 389
1 13 2
88 265
1 9 2
523 627
1 8 2
104 426
1 9 2
231 768
1 16 2
491 687
1 12 2
344 516
1 10 2
655 768
1 9 2
98 470
1 10 2
130 550
1 10 2
44 519
1 7 2
347 377
1 10 2
32 189
1 4 2
73 429
1 11 2
362 681
1 16 2
489 578
1 5 2
519 703
1 4 2
79 335
1 9 2
330 746
1 14 2
368 754
1 8 2
183 724
1 10 2
297 543
1 9 2
557 734
1 8 2
438 469
1 10 2
329 425
1 9 2
526 713
1 5 2
439 751
1 8 2
281 620
1 5 2
346 472
1 5 2
256 648
1 14 2
125 556
1 8 2
254 286
1 10 2
223 476
1 10 2
228 681
1 4 2
38 234
1 15 2
188 253
1 10 2
33 140
1 4 2
630 757
1 19 2
246 398
1 18 2
369 482
1 13 2
684 710
1 14 2
310 653
1 8 2
77 353
1 14 2
63 90
1 10 2
532 639
1 13 2
349 774
1 10 2
32 97
1 10 2
634 749
1 4 2
112 527
1 12 2
516 761
1 12 2
56 609
1 17 2
283 330
1 7 2
359 457
1 14 2
324 471
1 20 2
81 665
1 7 2
123 137
1 18 2
8 722
1 8 2
528 712
1 8 2
79 266
1 8 2
280 685
1 4 2
221 623
1 8 2
440 640
1 11 2
324 620
1 13 2
159 368
1 13 2
106 237
1 5 2
257 616
1 12 2
322 517
1 20 2
268 477
1 10 2
336 403
1 14 2
95 430
1 9 2
0 453
1 10 2
253 326
1 9 2
687 763
1 14 2
226 400
1 12 2
482 573
1 13 2
555 580
1 13 2
384 759
1 13 2
194 201
1 8 2
194 222
1 5 2
650 711
1 15 2
372 482
1 6 2
512 700
1 8 2
325 772
1 9 2
84 391
1 6 2
294 549
1 9 2
65 377
1 10 2
73 721
1 12 2
460 636
1 18 2
98 218
1 8 2
82 204
1 8 2
17 99
1 8 2
591 603
1 8 2
534 620
1 9 2
126 378
1 12 2
227 613
1 16 2
34 154
1 17 2
583 634
1 16 2
101 294
1 18 2
52 424
1 18 2
165 322
1 7 2
709 745
1 19 2
289 759
1 13 2
263 605
1 7 2
178 251
1 15 2
90 437
1 11 2
0 505
1 3 2
313 642
1 9 2
154 456
1 12 2
370 385
1 9 2
317 505
1 7 2
300 705
1 8 2
594 626
1 14 2
23 765
1 15 2
8 210
1 16 2
119 759
1 8 2
14 82
1 18 2
57 422
1 12 2
207 327
1 19 2
128 634
1 7 2
436 696
1 17 2
62 424
1 8 2
39 421
1 8 2
15 315
1 9 2
188 767
1 7 2
11 505
1 11 2
97 191
1 10 2
16 620
1 15 2
17 792
1 13 2
430 733
1 20 2
95 604
1 4 2
148 723
1 15 2
457 506
1 12 2
6 140
1 4 2
666 708
1 19 2
160 726
1 9 2
75 458
1 19 2
89 402
1 14 2
158 595
1 8 2
295 501
1 14 2
251 312
1 6 2
116 158
1 12 2
379 381
1 14 2
135 153
1 9 2
432 742
1 7 2
277 622
1 14 2
14 292
1 15 2
322 362
1 13 2
68 577
1 17 2
62 203
1 4 2
269 445
1 19 2
261 368
1 6 2
86 303
1 5 2
63 147
1 17 2
425 790
1 16 2
662 717
1 4 2
399 537
1 11 2
7 54
1 5 2
210 527
1 19 2
126 717
1 10 2
19 227
1 7 2
48 99
1 11 2
472 754
1 5 2
488 524
1 13 2
9 140
1 6 2
364 671
1 9 2
124 620
1 15 2
586 604
1 12 2
491 704
1 5 2
168 608
1 18 2
74 634
1 9 2
173 678
1 5 2
608 624
1 17 2
301 680
1 14 2
132 321
1 12 2
483 513
1 10 2
108 127
1 5 2
59 411
1 6 2
66 235
1 8 2
339 390
1 4 2
32 616
1 6 2
211 361
1 17 2
42 301
1 10 2
311 511
1 18 2
0 108
1 3 2
758 780
1 14 2
624 722
1 4 2
502 537
1 7 2
188 271
1 17 2
289 337
1 9 2
662 763
1 18 2
190 415
1 20 2
246 369
1 9 2
231 437
1 7 2
537 707
1 13 2
195 422
1 4 2
100 344
1 6 2
746 771
1 10 2
326 504
1 10 2
74 585
1 6 2
133 731
1 18 2
595 649
1 11 2
167 526
1 6 2
493 721
1 11 2
361 491
1 12 2
450 793
1 2 2
431 663
1 6 2
499 523
1 16 2
542 659
1 10 2
448 596
1 9 2
250 479
1 2 2
169 728
1 18 2
268 792
1 9 2
350 696
1 11 2
257 314
1 13 2
210 372
1 9 2
42 538
1 13 2
367 534
1 12 2
286 678
1 11 2
44 350
1 11 2
173 599
1 16 2
19 35
1 10 2
193 404
1 9 2
38 563
1 12 2
542 605
1 12 2
29 381
1 20 2
117 494
1 10 2
80 630
1 15 2
172 418
1 7 2
60 535
1 12 2
7 236
1 13 2
42 573
1 4 2
127 731
1 8 2
397 563
1 12 2
232 770
1 8 2
221 351
1 16 2
604 751
1 19 2
424 448
1 5 2
754 794
1 9 2
526 778
1 8 2
61 585
1 15 2
194 586
1 16 2
489 613
1 3 2
205 671
1 10 2
462 711
1 8 2
137 783
1 13 2
204 451
1 10 2
407 665
1 9 2
255 529
1 14 2
194 426
1 6 2
87 610
1 8 2
199 221
1 7 2
234 735
1 8 2
202 372
1 8 2
747 798
1 10 2
427 699
1 3 2
467 786
1 9 2
88 780
1 6 2
149 519
1 12 2
75 212
1 9 2
464 740
1 12 2
251 277
1 16 2
402 789
1 8 2
49 554
1 4 2
196 265
1 3 2
151 501
1 7 2
76 783
1 13 2
50 177
1 7 2
509 741
1 18 2
422 462
1 19 2
301 589
1 12 2
460 482
1 8 2
444 604
1 11 2
79 747
1 13 2
61 498
1 11 2
274 302
1 16 2
93 533
1 8 2
81 319
1 11 2
145 166
1 15 2
124 223
1 4 2
120 480
1 8 2
357 537
1 10 2
192 438
1 10 2
77 373
1 17 2
306 401
1 15 2
210 349
1 9 2
237 515
1 9 2
189 360
1 7 2
96 593
1 13 2
97 653
1 8 2
144 303
1 6 2
579 654
1 18 2
301 328
1 6 2
11 421
1 13 2
311 774
1 8 2
436 761
1 11 2
362 414
1 6 2
384 626
1 10 2
250 548
1 5 2
132 508
1 10 2
21 649
1 10 2
638 713
1 12 2
105 599
1 18 2
425 738
1 4 2
356 501
1 11 2
270 606
1 5 2
593 682
1 5 2
44 178
1 9 2
253 553
1 11 2
1 488
1 12 2
426 768
1 13 2
396 635
1 11 2
504 655
1 11 2
165 603
1 5 2
453 697
1 11 2
578 628
1 6 2
6 706
1 12 2
27 531
1 5 2
134 593
1 14 2
199 771
1 3 2
131 386
1 5 2
391 664
1 15 2
133 241
1 9 2
286 517
1 18 2
135 199
1 7 2
204 209
1 5 2
38 705
1 8 2
180 677
1 13 2
394 644
1 9 2
184 280
1 13 2
58 604
1 7 2
274 332
1 10 2
120 328
1 16 2
124 203
1 3 2
31 463
1 13 2
283 286
1 9 2
286 388
1 7 2
344 370
1 4 2
152 211
1 5 2
27 209
1 13 2
296 322
1 4 2
485 652
1 5 2
431 624
1 18 2
4 315
1 10 2
68 472
1 20 2
26 529
1 5 2
48 147
1 16 2
398 526
1 6 2
333 636
1 11 2
386 448
1 6 2
270 515
1 11 2
63 158
1 4 2
570 623
1 8 2
387 769
1 6 2
265 602
1 12 2
289 778
1 9 2
78 430
1 18 2
390 726
1 12 2
416 738
1 5 2
505 546
1 8 2
111 114
1 8 2
98 465
1 9 2
97 149
1 13 2
459 741
1 13 2
75 606
1 8 2
131 135
1 8 2
263 626
1 17 2
42 324
1 6 2
630 664
1 14 2
19 292
1 9 2
282 401
1 10 2
151 275
1 9 2
259 787
1 18 2
49 665
1 8 2
217 493
1 19 2
138 283
1 14 2
67 190
1 12 2
257 577
1 9 2
23 774
1 12 2
375 434
1 13 2
20 70
1 11 2
604 709
1 12 2
90 284
1 19 2
135 232
1 6 2
76 658
1 11 2
362 545
1 10 2
6 491
1 4 2
291 569
1 11 2
46 494
1 10 2
337 532
1 7 2
308 441
1 16 2
203 459
1 14 2
45 636
1 16 2
183 759
1 12 2
175 790
1 12 2
132 700
1 7 2
155 252
1 11 2
263 648
1 9 2
384 769
1 7 2
133 532
1 12 2
106 774
1 17 2
450 729
1 19 2
428 659
1 14 2
383 423
1 12 2
433 789
1 6 2
388 407
1 17 2
380 457
1 8 2
226 598
1 7 2
744 746
1 13 2
348 506
1 10 2
214 564
1 13 2
299 390
1 15 2
16 306
1 8 2
78 388
1 19 2
275 372
1 9 2
46 719
1 18 2
70 194
1 15 2
133 349
1 20 2
4 203
1 14 2
177 759
1 6 2
264 426
1 13 2
306 587
1 6 2
141 370
1 12 2
44 390
1 12 2
165 698
1 11 2
134 649
1 18 2
90 701
1 15 2
351 389
1 9 2
190 559
1 4 2
497 622
1 16 2
74 246
1 7 2
329 653
1 11 2
253 767
1 10 2
563 761
1 11 2
729 772
1 17 2
69 214
1 11 2
17 481
1 7 2
237 570
1 10 2
372 714
1 7 2
83 518
1 11 2
199 510
1 8 2
584 791
1 15 2
250 418
1 15 2
251 300
1 16 2
69 662
1 6 2
725 787
1 10 2
375 586
1 9 2
157 435
1 4 2
290 549
1 12 2
112 357
1 14 2
526 792
1 8 2
220 707
1 14 2
462 791
1 17 2
240 302
1 20 2
4 138
1 9 2
347 592
1 7 2
555 588
1 9 2
10 314
1 5 2
510 647
1 7 2
150 503
1 6 2
697 783
1 13 2
347 457
1 6 2
685 709
1 5 2
37 432
1 6 2
257 784
1 9 2
188 682
1 14 2
174 701
1 16 2
343 402
1 16 2
380 710
1 6 2
383 786
1 5 2
91 182
1 11 2
52 326
1 17 2
357 516
1 18 2
140 232
1 12 2
384 498
1 9 2
329 483
1 6 2
179 323
1 18 2
577 740
1 12 2
411 589
1 9 2
70 766
1 14 2
125 468
1 11 2
9 457
1 16 2
45 145
1 10 2
179 267
1 12 2
44 337
1 12 2
0 528
1 20 2
154 578
1 14 2
648 701
1 11 2
138 682
1 13 2
93 137
1 6 2
239 535
1 15 2
184 740
1 6 2
13 714
1 8 2
488 636
1 8 2
89 215
1 18 2
315 604
1 10 2
362 727
1 15 2
93 301
1 6 2
67 538
1 12 2
87 460
1 9 2
13 327
1 7 2
165 660
1 12 2
11 66
1 14 2
251 632
1 10 2
21 425
1 9 2
149 334
1 12 2
460 489
1 9 2
64 699
1 4 2
375 610
1 7 2
12 405
1 6 2
505 706
1 4 2
280 728
1 10 2
326 390
1 4 2
178 344
1 8 2
79 597
1 12 2
78 672
1 20 2
77 722
1 17 2
638 717
1 11 2
416 482
1 8 2
251 690
1 18 2
77 394
1 8 2
443 515
1 16 2
84 735
1 12 2
69 695
1 10 2
380 736
1 18 2
315 369
1 10 2
356 376
1 8 2
95 764
1 4 2
440 536
1 15 2
57 245
1 13 2
390 666
1 17 2
533 768
1 9 2
428 509
1 15 2
91 577
1 14 2
155 204
1 5 2
47 48
1 12 2
201 504
1 9 2
283 512
1 16 2
135 557
1 12 2
150 438
1 9 2
510 592
1 16 2
306 394
1 12 2
120 379
1 17 2
162 363
1 5 2
31 576
1 6 2
266 601
1 14 2
52 393
1 11 2
356 634
1 5 2
728 742
1 15 2
70 648
1 14 2
90 327
1 5 2
653 739
1 12 2
330 566
1 10 2
58 228
1 8 2
16 661
1 20 2
604 672
1 7 2
303 547
1 15 2
259 494
1 9 2
22 408
1 8 2
206 500
1 19 2
69 385
1 15 2
190 294
1 11 2
306 446
1 12 2
482 555
1 8 2
544 545
1 10 2
188 239
1 8 2
289 456
1 8 2
381 653
1 13 2
50 112
1 7 2
305 534
1 7 2
269 322
1 6 2
281 798
1 10 2
477 509
1 17 2
98 355
1 9 2
308 372
1 20 2
385 578
1 12 2
163 432
1 15 2
355 415
1 11 2
325 402
1 7 2
122 657
1 3 2
118 282
1 12 2
101 664
1 17 2
462 759
1 7 2
218 417
1 18 2
261 349
1 8 2
374 710
1 9 2
338 574
1 16 2
634 781
1 12 2
237 562
1 6 2
343 455
1 7 2
263 541
1 16 2
87 126
1 8 2
223 660
1 7 2
23 603
1 16 2
719 765
1 11 2
483 496
1 8 2
323 750
1 9 2
292 762
1 15 2
300 634
1 13 2
523 552
1 18 2
337 428
1 13 2
494 524
1 12 2
174 653
1 9 2
344 451
1 8 2
155 669
1 17 2
29 301
1 6 2
532 772
1 7 2
19 484
1 10 2
153 707
1 5 2
167 187
1 6 2
392 611
1 16 2
174 765
1 15 2
133 217
1 15 2
214 719
1 10 2
459 521
1 5 2
122 354
1 7 2
26 667
1 10 2
273 324
1 7 2
142 548
1 9 2
394 778
1 11 2
519 692
1 8 2
41 787
1 14 2
124 390
1 11 2
98 305
1 2 2
116 335
1 9 2
154 708
1 14 2
441 448
1 14 2
534 552
1 5 2
414 610
1 11 2
261 576
1 10 2
279 669
1 12 2
194 242
1 6 2
257 734
1 4 2
466 512
1 4 2
152 280
1 6 2
312 539
1 12 2
54 577
1 9 2
126 397
1 11 2
11 594
1 3 2
397 608
1 9 2
415 539
1 10 2
349 479
1 11 2
158 174
1 5 2
200 499
1 10 2
457 723
1 6 2
248 295
1 11 2
57 110
1 20 2
52 795
1 4 2
608 777
1 13 2
29 393
1 9 2
113 329
1 6 2
94 335
1 7 2
531 561
1 8 2
226 276
1 9 2
730 759
1 3 2
725 755
1 12 2
440 665
1 13 2
49 582
1 12 2
87 692
1 5 2
628 629
1 4 2
252 623
1 7 2
115 422
1 12 2
459 789
1 11 2
503 594
1 11 2
67 707
1 8 2
28 698
1 7 2
364 660
1 7 2
5 59
1 12 2
40 733
1 14 2
312 740
1 8 2
602 684
1 12 2
197 741
1 4 2
33 616
1 11 2
140 273
1 8 2
659 708
1 12 2
8 420
1 13 2
223 303
1 19 2
30 578
1 12 2
199 216
1 5 2
622 656
1 12 2
471 733
1 14 2
12 97
1 8 2
420 716
1 9 2
59 210
1 9 2
309 324
1 11 2
479 550
1 11 2
625 740
1 13 2
176 613
1 16 2
126 482
1 17 2
106 261
1 5 2
67 346
1 5 2
360 773
1 16 2
321 504
1 10 2
117 474
1 13 2
45 327
1 19 2
138 315
1 8 2
630 791
1 5 2
637 661
1 9 2
171 481
1 10 2
188 716
1 9 2
294 381
1 3 2
309 487
1 16 2
228 279
1 5 2
557 667
1 6 2
345 571
1 8 2
638 779
1 18 2
95 408
1 16 2
279 636
1 8 2
329 619
1 13 2
531 774
1 5 2
192 524
1 16 2
317 468
1 7 2
59 625
1 16 2
137 408
1 7 2
572 725
1 10 2
282 531
1 19 2
680 738
1 13 2
237 504
1 17 2
117 207
1 3 2
15 326
1 10 2
294 761
1 2 2
147 473
1 9 2
214 705
1 3 2
238 715
1 16 2
334 552
1 12 2
106 281
1 9 2
56 297
1 20 2
357 722
1 9 2
169 428
1 8 2
213 415
1 15 2
190 768
1 12 2
140 525
1 4 2
164 543
1 8 2
104 644
1 13 2
545 722
1 4 2
770 786
1 20 2
0 649
1 15 2
193 735
1 9 2
632 683
1 15 2
112 672
1 20 2
4 672
1 11 2
97 344
1 5 2
6 180
1 12 2
23 621
1 14 2
482 605
1 10 2
219 312
1 5 2
384 762
1 15 2
124 577
1 9 2
430 530
1 14 2
11 351
1 4 2
220 660
1 9 2
277 396
1 5 2
120 784
1 15 2
12 246
1 7 2
219 620
1 3 2
340 600
1 16 2
189 613
1 10 2
489 625
1 10 2
204 624
1 10 2
154 169
1 14 2
214 721
1 11 2
265 498
1 9 2
720 738
1 7 2
16 487
1 8 2
542 588
1 4 2
532 637
1 12 2
434 664
1 10 2
160 626
1 9 2
77 480
1 9 2
450 538
1 11 2
312 513
1 11 2
350 352
1 10 2
179 697
1 13 2
195 659
1 9 2
38 492
1 17 2
128 526
1 12 2
625 701
1 8 2
258 481
1 6 2
119 164
1 5 2
136 411
1 7 2
525 772
1 20 2
279 634
1 15 2
322 789
1 20 2
35 138
1 12 2
183 605
1 7 2
662 709
1 14 2
146 462
1 19 2
35 189
1 11 2
220 422
1 13 2
63 702
1 6 2
164 729
1 17 2
240 246
1 8 2
240 541
1 4 2
242 645
1 5 2
255 441
1 10 2
458 635
1 10 2
240 783
1 15 2
19 246
1 19 2
0 283
1 9 2
142 653
1 12 2
589 625
1 14 2
113 586
1 7 2
207 447
1 5 2
72 350
1 12 2
97 384
1 15 2
680 721
1 8 2
191 743
1 14 2
194 312
1 20 2
128 491
1 4 2
757 793
1 4 2
134 304
1 8 2
518 576
1 5 2
118 237
1 8 2
657 772
1 14 2
369 458
1 8 2
488 557
1 6 2
179 538
1 4 2
339 693
1 5 2
522 640
1 15 2
162 567
1 15 2
34 160
1 10 2
292 780
1 10 2
29 676
1 16 2
434 506
1 4 2
130 480
1 10 2
89 780
1 7 2
384 652
1 12 2
120 315
1 6 2
576 686
1 11 2
284 744
1 4 2
660 694
1 14 2
108 137
1 13 2
167 423
1 9 2
573 695
1 10 2
86 369
1 10 2
286 331
1 15 2
24 533
1 11 2
124 460
1 11 2
344 638
1 4 2
134 507
1 10 2
632 769
1 11 2
498 524
1 10 2
460 685
1 9 2
357 570
1 10 2
342 583
1 15 2
294 740
1 7 2
299 377
1 3 2
21 675
1 11 2
158 433
1 13 2
351 712
1 14 2
172 781
1 5 2
259 333
1 6 2
293 799
1 8 2
253 776
1 12 2
146 562
1 7 2
156 505
1 16 2
448 712
1 9 2
149 500
1 10 2
283 767
1 14 2
210 338
1 14 2
177 665
1 18 2
380 639
1 10 2
515 741
1 9 2
109 451
1 6 2
22 153
1 9 2
274 582
1 7 2
28 625
1 6 2
270 576
1 7 2
519 669
1 19 2
226 533
1 6 2
163 667
1 6 2
228 675
1 7 2
405 742
1 12 2
352 583
1 9 2
284 400
1 9 2
680 709
1 5 2
55 73
1 9 2
515 791
1 11 2
39 787
1 12 2
303 580
1 12 2
30 111
1 9 2
112 441
1 11 2
307 795
1 5 2
393 559
1 14 2
403 450
1 12 2
516 521
1 11 2
75 263
1 6 2
277 629
1 9 2
206 790
1 10 2
200 324
1 9 2
96 388
1 14 2
204 573
1 9 2
138 753
1 7 2
153 622
1 6 2
345 660
1 7 2
46 197
1 10 2
401 528
1 9 2
300 681
1 13 2
441 638
1 16 2
228 560
1 9 2
231 294
1 2 2
181 641
1 8 2
212 386
1 9 2
481 492
1 3 2
82 196
1 12 2
98 105
1 18 2
77 93
1 13 2
275 785
1 11 2
9 355
1 7 2
403 548
1 8 2
314 537
1 11 2
126 282
1 13 2
68 759
1 6 2
341 543
1 7 2
265 693
1 13 2
241 350
1 10 2
285 765
1 10 2
325 390
1 13 2
69 259
1 10 2
184 698
1 11 2
130 556
1 17 2
17 368
1 5 2
623 661
1 14 2
700 748
1 7 2
272 341
1 13 2
279 414
1 7 2
54 416
1 16 2
483 552
1 8 2
404 633
1 4 2
102 650
1 10 2
137 239
1 10 2
567 654
1 8 2
280 388
1 6 2
22 167
1 5 2
285 785
1 14 2
65 163
1 11 2
120 189
1 12 2
294 769
1 20 2
226 246
1 14 2
294 301
1 8 2
172 252
1 7 2
87 187
1 7 2
700 731
1 7 2
521 624
1 12 2
180 306
1 9 2
31 108
1 17 2
199 438
1 13 2
481 491
1 19 2
595 634
1 11 2
343 648
1 11 2
218 543
1 15 2
45 563
1 16 2
162 504
1 17 2
66 84
1 20 2
0 328
1 6 2
141 664
1 14 2
19 241
1 12 2
259 401
1 4 2
711 786
1 17 2
98 294
1 9 2
89 779
1 16 2
7 189
1 10 2
430 517
1 12 2
204 296
1 8 2
432 620
1 9 2
617 634
1 15 2
364 729
1 5 2
12 244
1 18 2
214 556
1 7 2
400 602
1 12 2
142 398
1 7 2
508 550
1 9 2
477 538
1 8 2
217 260
1 10 2
263 545
1 14 2
733 791
1 5 2
205 724
1 8 2
120 558
1 9 2
258 684
1 18 2
138 324
1 7 2
141 153
1 13 2
44 578
1 12 2
174 518
1 9 2
56 632
1 13 2
189 518
1 7 2
377 743
1 9 2
9 513
1 6 2
333 583
1 11 2
93 445
1 4 2
103 630
1 8 2
23 28
1 11 2
261 511
1 10 2
290 678
1 5 2
146 643
1 19 2
70 138
1 12 2
434 440
1 16 2
193 769
1 18 2
26 500
1 10 2
740 793
1 4 2
27 454
1 11 2
88 681
1 12 2
423 481
1 9 2
247 398
1 14 2
88 662
1 9 2
9 41
1 8 2
27 44
1 6 2
312 484
1 7 2
351 395
1 10 2
636 787
1 13 2
114 435
1 10 2
6 190
1 11 2
26 629
1 12 2
328 754
1 16 2
128 259
1 13 2
236 422
1 9 2
306 559
1 10 2
363 377
1 12 2
644 740
1 11 2
402 637
1 12 2
408 510
1 5 2
55 284
1 19 2
314 368
1 9 2
116 251
1 15 2
289 336
1 5 2
196 492
1 9 2
205 635
1 14 2
402 543
1 12 2
472 542
1 9 2
268 775
1 11 2
33 398
1 9 2
264 748
1 12 2
203 233
1 11 2
318 665
1 4 2
378 778
1 2 2
243 244
1 17 2
261 748
1 7 2
319 692
1 7 2
162 353
1 20 2
165 477
1 11 2
733 754
1 10 2
13 351
1 4 2
309 725
1 7 2
400 547
1 7 2
472 616
1 13 2
428 694
1 7 2
255 321
1 14 2
135 640
1 11 2
393 747
1 18 2
117 204
1 9 2
558 587
1 8 2
375 400
1 3 2
419 511
1 14 2
11 223
1 9 2
284 426
1 6 2
488 685
1 9 2
160 356
1 7 2
309 519
1 11 2
41 443
1 13 2
302 632
1 9 2
460 787
1 16 2
368 621
1 6 2
11 100
1 17 2
283 613
1 17 2
26 30
1 8 2
144 510
1 14 2
154 666
1 9 2
485 595
1 9 2
727 789
1 14 2
42 648
1 5 2
534 598
1 6 2
325 706
1 12 2
16 662
1 6 2
227 767
1 12 2
64 430
1 4 2
405 798
1 8 2
257 694
1 12 2
279 699
1 7 2
158 309
1 17 2
364 422
1 8 2
229 258
1 12 2
30 56
1 11 2
296 791
1 9 2
98 539
1 8 2
6 383
1 5 2
150 200
1 4 2
38 608
1 14 2
51 126
1 19 2
533 649
1 10 2
174 761
1 18 2
57 425
1 18 2
128 583
1 16 2
223 355
1 13 2
621 635
1 19 2
0 425
1 5 2
3 82
1 5 2
181 263
1 5 2
607 629
1 12 2
347 504
1 8 2
277 772
1 16 2
240 638
1 7 2
504 746
1 3 2
527 709
1 6 2
667 707
1 3 2
22 231
1 3 2
102 123
1 12 2
594 744
1 4 2
150 786
1 9 2
229 257
1 7 2
134 388
1 14 2
328 677
1 6 2
323 619
1 8 2
32 183
1 9 2
207 273
1 15 2
582 659
1 9 2
519 761
1 14 2
265 379
1 14 2
312 531
1 9 2
237 458
1 17 2
301 792
1 7 2
3 644
1 13 2
299 306
1 12 2
348 700
1 12 2
197 372
1 13 2
191 435
1 8 2
427 570
1 8 2
90 260
1 6 2
78 200
1 11 2
312 472
1 8 2
401 797
1 12 2
345 635
1 9 2
218 793
1 20 2
29 84
1 16 2
145 357
1 9 2
321 387
1 10 2
190 231
1 11 2
228 296
1 10 2
289 358
1 16 2
526 613
1 16 2
261 433
1 5 2
356 694
1 3 2
235 709
1 17 2
369 427
1 12 2
44 362
1 17 2
39 315
1 11 2
13 337
1 8 2
661 710
1 9 2
137 696
1 12 2
163 653
1 20 2
435 531
1 13 2
97 558
1 11 2
189 716
1 8 2
56 254
1 6 2
304 592
1 19 2
29 261
1 9 2
531 628
1 13 2
166 204
1 8 2
684 782
1 5 2
252 670
1 5 2
303 658
1 10 2
167 573
1 5 2
739 785
1 8 2
208 594
1 10 2
633 723
1 7 2
460 611
1 8 2
56 195
1 7 2
248 768
1 17 2
66 428
1 14 2
350 437
1 5 2
54 628
1 8 2
9 683
1 5 2
303 538
1 7 2
149 430
1 9 2
322 559
1 11 2
321 763
1 4 2
131 698
1 9 2
259 543
1 13 2
87 132
1 10 2
382 396
1 14 2
193 236
1 8 2
464 635
1 9 2
741 780
1 6 2
574 597
1 4 2
307 308
1 15 2
246 334
1 7 2
54 56
1 6 2
100 124
1 13 2
146 506
1 9 2
210 265
1 16 2
427 738
1 10 2
197 259
1 12 2
558 710
1 5 2
76 708
1 14 2
214 281
1 17 2
526 672
1 16 2
145 240
1 16 2
57 334
1 12 2
294 774
1 15 2
306 433
1 8 2
563 641
1 7 2
356 396
1 8 2
235 649
1 10 2
751 774
1 18 2
140 552
1 13 2
227 450
1 17 2
224 477
1 14 2
573 792
1 16 2
240 364
1 9 2
459 625
1 7 2
149 745
1 8 2
10 24
1 5 2
103 153
1 8 2
216 696
1 10 2
73 163
1 9 2
369 439
1 5 2
197 255
1 11 2
210 259
1 9 2
343 749
1 14 2
504 744
1 10 2
83 203
1 15 2
87 422
1 4 2
377 455
1 8 2
125 637
1 2 2
198 353
1 16 2
65 106
1 10 2
570 717
1 12 2
280 369
1 9 2
336 432
1 9 2
6 362
1 20 2
154 268
1 12 2
393 531
1 13 2
275 426
1 17 2
57 246
1 12 2
28 434
1 4 2
393 480
1 16 2
423 498
1 18 2
126 217
1 9 2
59 207
1 19 2
189 665
1 18 2
253 390
1 15 2
451 738
1 14 2
250 482
1 14 2
190 789
1 11 2
175 434
1 5 2
64 256
1 12 2
226 699
1 12 2
104 428
1 15 2
214 348
1 10 2
632 697
1 17 2
138 401
1 9 2
765 794
1 17 2
70 294
1 3 2
593 732
1 3 2
579 610
1 9 2
496 572
1 11 2
64 481
1 14 2
1 48
1 19 2
634 722
1 7 2
309 443
1 16 2
39 437
1 13 2
180 604
1 15 2
35 229
1 18 2
89 577
1 7 2
555 782
1 15 2
372 791
1 4 2
164 266
1 14 2
636 768
1 15 2
172 733
1 9 2
172 727
1 19 2
289 765
1 13 2
41 562
1 17 2
253 506
1 19 2
89 226
1 6 2
490 791
1 4 2
495 624
1 8 2
40 763
1 16 2
39 500
1 13 2
190 513
1 10 2
40 91
1 8 2
542 602
1 14 2
119 394
1 3 2
83 149
1 19 2
398 665
1 14 2
390 712
1 11 2
433 648
1 8 2
506 554
1 2 2
187 373
1 5 2
689 742
1 10 2
170 375
1 15 2
388 765
1 12 2
555 781
1 5 2
426 730
1 8 2
608 744
1 3 2
121 454
1 5 2
44 779
1 15 2
516 518
1 5 2
20 169
1 9 2
173 684
1 10 2
179 237
1 7 2
216 358
1 15 2
189 245
1 10 2
4 756
1 12 2
201 550
1 12 2
40 635
1 9 2
301 520
1 19 2
1 577
1 9 2
644 742
1 15 2
301 744
1 11 2
30 200
1 15 2
224 390
1 10 2
506 787
1 4 2
568 681
1 14 2
146 531
1 14 2
259 438
1 4 2
486 547
1 12 2
424 743
1 14 2
12 577
1 15 2
30 472
1 16 2
65 310
1 16 2
314 457
1 17 2
51 98
1 3 2
247 309
1 13 2
60 232
1 14 2
65 355
1 7 2
56 548
1 9 2
436 614
1 8 2
83 482
1 9 2
183 287
1 15 2
91 717
1 7 2
540 542
1 5 2
130 474
1 8 2
144 694
1 20 2
35 408
1 16 2
66 81
1 11 2
682 790
1 10 2
9 24
1 12 2
364 388
1 14 2
183 744
1 4 2
421 782
1 5 2
104 288
1 10 2
494 588
1 10 2
270 283
1 5 2
554 799
1 7 2
267 399
1 6 2
233 713
1 11 2
38 138
1 13 2
80 523
1 13 2
101 109
1 11 2
250 400
1 17 2
425 468
1 6 2
326 511
1 4 2
230 344
1 13 2
345 729
1 15 2
112 226
1 10 2
128 305
1 10 2
113 749
1 6 2
628 774
1 15 2
17 193
1 8 2
634 708
1 13 2
201 418
1 7 2
66 720
1 13 2
93 621
1 14 2
321 653
1 19 2
35 351
1 20 2
138 448
1 16 2
348 578
1 7 2
306 646
1 6 2
497 700
1 8 2
56 414
1 5 2
354 640
1 13 2
9 589
1 4 2
579 752
1 7 2
681 685
1 15 2
306 712
1 14 2
369 545
1 10 2
698 707
1 13 2
250 567
1 15 2
19 415
1 12 2
109 380
1 7 2
55 700
1 12 2
415 618
1 4 2
143 476
1 6 2
177 532
1 10 2
125 743
1 9 2
533 720
1 11 2
212 416
1 7 2
483 541
1 11 2
27 170
1 8 2
570 614
1 14 2
73 634
1 5 2
679 685
1 18 2
379 740
1 13 2
363 697
1 17 2
468 494
1 8 2
59 745
1 18 2
90 477
1 9 2
175 653
1 11 2
358 379
1 10 2
468 593
1 10 2
369 641
1 18 2
39 69
1 10 2
162 475
1 2 2
536 746
1 15 2
29 343
1 7 2
73 440
1 11 2
607 722
1 10 2
150 240
1 7 2
444 457
1 4 2
185 505
1 13 2
158 710
1 14 2
468 737
1 3 2
307 720
1 9 2
430 515
1 9 2
66 778
1 13 2
687 721
1 8 2
187 324
1 7 2
175 266
1 11 2
50 173
1 12 2
251 723
1 12 2
68 232
1 11 2
426 735
1 17 2
108 390
1 12 2
191 337
1 6 2
325 535
1 6 2
255 295
1 13 2
177 740
1 9 2
250 780
1 15 2
423 518
1 15 2
85 648
1 10 2
252 380
1 13 2
402 714
1 13 2
700 781
1 16 2
4 677
1 16 2
563 795
1 10 2
220 321
1 13 2
435 666
1 7 2
461 563
1 8 2
194 509
1 7 2
528 742
1 9 2
662 668
1 7 2
617 771
1 7 2
422 429
1 4 2
507 743
1 5 2
475 630
1 18 2
425 717
1 9 2
126 630
1 7 2
383 730
1 8 2
105 179
1 8 2
198 578
1 8 2
372 407
1 13 2
218 433
1 8 2
271 317
1 6 2
66 115
1 12 2
28 638
1 7 2
14 319
1 7 2
513 713
1 4 2
139 497
1 4 2
309 540
1 14 2
9 268
1 9 2
407 457
1 11 2
347 700
1 4 2
96 758
1 10 2
180 362
1 6 2
561 573
1 17 2
457 634
1 7 2
430 499
1 7 2
423 490
1 10 2
28 619
1 11 2
233 609
1 10 2
110 557
1 13 2
368 620
1 9 2
149 504
1 19 2
665 680
1 10 2
45 510
1 6 2
278 632
1 9 2
418 675
1 9 2
155 767
1 5 2
476 602
1 14 2
76 306
1 3 2
535 667
1 19 2
330 717
1 13 2
88 627
1 7 2
41 532
1 15 2
550 605
1 15 2
580 747
1 7 2
166 756
1 11 2
50 273
1 14 2
336 338
1 7 2
234 372
1 10 2
572 693
1 8 2
289 703
1 6 2
2 195
1 5 2
114 341
1 9 2
445 644
1 6 2
713 714
1 8 2
142 436
1 10 2
158 259
1 16 2
306 367
1 9 2
77 421
1 6 2
263 536
1 13 2
251 451
1 18 2
107 428
1 12 2
191 722
1 9 2
163 782
1 11 2
388 653
1 8 2
230 560
1 12 2
324 597
1 13 2
190 471
1 8 2
303 413
1 15 2
4 352
1 17 2
113 117
1 10 2
560 579
1 17 2
126 680
1 12 2
65 229
1 16 2
292 389
1 19 2
251 765
1 12 2
138 714
1 6 2
605 779
1 9 2
450 512
1 15 2
170 733
1 11 2
435 588
1 9 2
465 477
1 9 2
278 428
1 8 2
259 564
1 17 2
302 328
1 7 2
681 706
1 9 2
526 763
1 8 2
27 280
1 11 2
189 436
1 7 2
215 580
1 15 2
199 506
1 9 2
21 314
1 11 2
208 578
1 15 2
160 567
1 10 2
32 415
1 5 2
166 764
1 6 2
224 554
1 16 2
7 89
1 9 2
476 636
1 12 2
111 533
1 14 2
328 558
1 11 2
644 692
1 6 2
347 596
1 7 2
366 685
1 15 2
302 337
1 13 2
24 63
1 19 2
279 408
1 5 2
82 713
1 17 2
80 107
1 15 2
363 710
1 14 2
299 322
1 8 2
237 652
1 3 2
285 688
1 5 2
236 473
1 14 2
717 774
1 6 2
621 760
1 13 2
77 79
1 13 2
633 747
1 10 2
203 405
1 17 2
526 589
1 7 2
364 497
1 3 2
387 485
1 6 2
231 655
1 6 2
105 588
1 6 2
635 766
1 16 2
357 747
1 12 2
52 618
1 7 2
104 544
1 15 2
87 613
1 15 2
62 729
1 10 2
6 101
1 18 2
580 750
1 9 2
154 658
1 16 2
379 781
1 12 2
259 702
1 17 2
39 283
1 16 2
595 789
1 13 2
441 550
1 15 2
135 619
1 20 2
69 268
1 7 2
183 323
1 4 2
553 755
1 18 2
14 268
1 10 2
342 531
1 8 2
9 704
1 13 2
745 768
1 5 2
236 359
1 7 2
127 139
1 15 2
491 789
1 4 2
257 444
1 7 2
301 495
1 16 2
52 459
1 11 2
535 750
1 3 2
276 782
1 10 2
193 782
1 10 2
83 578
1 13 2
4 242
1 17 2
562 604
1 5 2
566 752
1 12 2
68 462
1 6 2
297 728
1 6 2
534 561
1 16 2
162 583
1 17 2
0 14
1 8 2
45 215
1 6 2
558 561
1 12 2
472 614
1 15 2
50 125
1 8 2
566 785
1 9 2
330 777
1 10 2
530 790
1 7 2
19 248
1 16 2
117 700
1 12 2
179 229
1 8 2
61 603
1 10 2
308 550
1 6 2
406 706
1 17 2
357 792
1 13 2
7 94
1 2 2
256 391
1 7 2
290 370
1 8 2
135 346
1 19 2
154 599
1 8 2
544 698
1 15 2
415 594
1 10 2
290 740
1 15 2
162 294
1 18 2
232 310
1 4 2
291 305
1 5 2
641 714
1 13 2
529 723
1 7 2
16 676
1 6 2
262 702
1 8 2
163 318
1 14 2
144 324
1 15 2
577 771
1 8 2
23 696
1 12 2
384 552
1 10 2
403 635
1 3 2
86 663
1 7 2
168 548
1 5 2
260 299
1 8 2
271 491
1 13 2
294 583
1 20 2
70 529
1 17 2
203 583
1 15 2
343 550
1 18 2
140 240
1 18 2
194 418
1 7 2
419 638
1 9 2
344 721
1 7 2
423 568
1 12 2
1 530
1 17 2
137 722
1 20 2
438 634
1 13 2
311 350
1 18 2
203 468
1 19 2
89 765
1 10 2
144 774
1 19 2
29 639
1 8 2
251 728
1 18 2
29 552
1 9 2
510 789
1 6 2
586 590
1 11 2
357 773
1 17 2
29 317
1 16 2
369 492
1 12 2
368 711
1 13 2
214 666
1 14 2
35 177
1 5 2
54 354
1 16 2
29 591
1 15 2
330 700
1 4 2
120 596
1 11 2
162 650
1 8 2
251 359
1 18 2
217 531
1 10 2
460 697
1 16 2
42 145
1 9 2
173 459
1 3 2
198 652
1 15 2
389 768
1 2 2
522 527
1 16 2
418 482
1 14 2
351 662
1 11 2
299 433
1 13 2
35 59
1 11 2
189 796
1 5 2
134 325
1 13 2
345 427
1 13 2
621 636
1 4 2
575 666
1 6 2
6 399
1 17 2
7 357
1 14 2
281 369
1 7 2
43 572
1 13 2
68 385
1 8 2
549 795
1 11 2
258 363
1 20 2
98 516
1 9 2
601 789
1 8 2
246 455
1 10 2
88 602
1 6 2
474 685
1 9 2
489 521
1 11 2
350 383
1 10 2
251 342
1 16 2
29 747
1 10 2
401 713
1 11 2
201 526
1 8 2
76 770
1 10 2
195 707
1 17 2
65 672
1 11 2
154 602
1 16 2
614 765
1 16 2
428 619
1 12 2
236 733
1 12 2
20 306
1 5 2
656 694
1 5 2
454 704
1 16 2
119 533
1 8 2
223 271
1 17 2
188 577
1 6 2
197 374
1 12 2
279 375
1 18 2
42 217
1 8 2
542 767
1 9 2
99 113
1 15 2
482 748
1 12 2
126 714
1 10 2
597 721
1 14 2
659 751
1 17 2
562 672
1 9 2
338 532
1 4 2
585 660
1 7 2
75 756
1 7 2
153 749
1 12 2
51 472
1 12 2
390 413
1 18 2
1 334
1 12 2
105 203
1 7 2
325 654
1 18 2
30 98
1 6 2
36 498
1 17 2
357 639
1 6 2
254 584
1 9 2
224 657
1 5 2
206 530
1 8 2
652 686
1 14 2
112 604
1 19 2
251 428
1 8 2
433 650
1 10 2
188 535
1 10 2
629 768
1 11 2
27 580
1 5 2
592 598
1 7 2
232 631
1 3 2
480 596
1 10 2
19 58
1 7 2
3 254
1 5 2
109 397
1 10 2
560 607
1 13 2
557 747
1 9 2
358 491
1 10 2
73 768
1 11 2
562 654
1 18 2
337 672
1 11 2
418 623
1 9 2
141 733
1 10 2
557 682
1 11 2
504 714
1 8 2
305 687
1 13 2
41 792
1 14 2
52 685
1 7 2
232 575
1 15 2
52 400
1 5 2
48 764
1 16 2
500 792
1 13 2
61 580
1 4 2
123 749
1 9 2
308 740
1 9 2
185 491
1 16 2
39 49
1 17 2
183 376
1 7 2
321 536
1 11 2
446 533
1 4 2
616 723
1 12 2
251 510
1 7 2
597 734
1 14 2
385 592
1 17 2
214 390
1 10 2
220 678
1 8 2
137 764
1 13 2
433 605
1 5 2
181 210
1 10 2
68 692
1 7 2
112 205
1 9 2
263 420
1 7 2
405 591
1 7 2
625 711
1 10 2
106 329
1 9 2
603 791
1 12 2
146 312
1 13 2
41 322
1 15 2
430 665
1 15 2
328 433
1 11 2
448 783
1 10 2
441 605
1 12 2
8 177
1 10 2
390 588
1 11 2
236 790
1 18 2
35 364
1 9 2
482 603
1 12 2
170 237
1 9 2
402 469
1 9 2
250 257
1 15 2
351 562
1 13 2
8 451
1 16 2
207 368
1 14 2
117 175
1 20 2
268 324
1 9 2
107 501
1 6 2
611 655
1 9 2
504 756
1 8 2
354 580
1 9 2
388 400
1 3 2
149 536
1 11 2
662 697
1 13 2
39 303
1 10 2
396 416
1 10 2
504 622
1 12 2
328 640
1 16 2
324 396
1 7 2
145 359
1 15 2
49 740
1 15 2
132 372
1 8 2
152 398
1 11 2
664 710
1 8 2
121 212
1 6 2
583 728
1 4 2
273 730
1 5 2
130 668
1 4 2
256 290
1 8 2
184 407
1 7 2
14 395
1 11 2
322 603
1 5 2
64 248
1 4 2
569 727
1 8 2
297 329
1 6 2
460 561
1 8 2
310 615
1 13 2
156 516
1 11 2
261 763
1 11 2
239 363
1 2 2
645 673
1 6 2
564 761
1 7 2
707 718
1 6 2
469 519
1 16 2
310 594
1 13 2
23 604
1 13 2
137 383
1 17 2
0 687
1 6 2
68 129
1 5 2
234 694
1 7 2
239 274
1 4 2
15 96
1 11 2
109 781
1 4 2
149 288
1 17 2
137 160
1 16 2
294 369
1 11 2
224 299
1 13 2
460 750
1 12 2
300 712
1 10 2
177 648
1 7 2
161 458
1 10 2
79 492
1 19 2
85 314
1 4 2
206 584
1 11 2
54 69
1 10 2
338 723
1 11 2
275 780
1 14 2
362 781
1 9 2
661 733
1 9 2
466 506
1 10 2
167 558
1 4 2
325 574
1 11 2
639 716
1 8 2
170 499
1 6 2
512 745
1 8 2
57 116
1 5 2
308 440
1 16 2
367 580
1 11 2
672 783
1 9 2
56 76
1 10 2
517 677
1 6 2
262 729
1 4 2
73 198
1 7 2
301 671
1 14 2
74 687
1 4 2
262 558
1 18 2
491 550
1 10 2
722 777
1 6 2
601 681
1 12 2
101 683
1 9 2
73 441
1 14 2
171 368
1 17 2
396 418
1 11 2
167 712
1 13 2
443 635
1 11 2
204 290
1 4 2
304 325
1 5 2
191 285
1 18 2
494 550
1 11 2
726 778
1 13 2
8 259
1 13 2
41 678
1 16 2
49 428
1 9 2
216 277
1 17 2
39 162
1 11 2
10 226
1 12 2
547 765
1 5 2
273 641
1 5 2
344 656
1 4 2
186 576
1 14 2
30 41
1 10 2
69 326
1 17 2
218 376
1 7 2
295 354
1 9 2
303 384
1 6 2
471 675
1 15 2
472 491
1 7 2
711 754
1 9 2
100 357
1 9 2
76 211
1 7 2
633 777
1 12 2
306 664
1 10 2
534 774
1 14 2
163 498
1 4 2
497 670
1 8 2
161 563
1 15 2
57 389
1 16 2
24 88
1 6 2
206 299
1 19 2
128 322
1 14 2
396 733
1 6 2
142 780
1 8 2
318 733
1 9 2
119 127
1 20 2
577 759
1 13 2
286 477
1 11 2
400 562
1 2 2
83 590
1 4 2
123 511
1 12 2
226 630
1 5 2
584 623
1 9 2
621 763
1 14 2
113 707
1 9 2
19 767
1 7 2
113 571
1 11 2
428 479
1 11 2
88 699
1 9 2
173 389
1 16 2
482 550
1 8 2
10 594
1 13 2
98 787
1 8 2
2 364
1 3 2
536 762
1 3 2
100 185
1 9 2
83 765
1 14 2
301 489
1 3 2
323 600
1 8 2
314 581
1 3 2
490 511
1 11 2
87 114
1 3 2
54 249
1 7 2
310 646
1 6 2
6 652
1 12 2
390 544
1 5 2
230 566
1 6 2
142 715
1 18 2
240 390
1 4 2
264 647
1 8 2
115 438
1 7 2
124 520
1 8 2
51 736
1 14 2
392 428
1 2 2
131 608
1 10 2
49 796
1 14 2
500 710
1 6 2
168 713
1 17 2
165 500
1 14 2
345 741
1 7 2
427 631
1 13 2
90 350
1 5 2
466 657
1 9 2
383 763
1 10 2
5 747
1 13 2
275 530
1 11 2
392 737
1 15 2
595 791
1 8 2
327 669
1 13 2
639 754
1 14 2
119 613
1 13 2
526 621
1 5 2
168 365
1 10 2
197 224
1 8 2
308 312
1 11 2
24 632
1 6 2
3 515
1 6 2
155 596
1 9 2
348 530
1 6 2
414 782
1 15 2
292 526
1 7 2
742 782
1 9 2
216 471
1 9 2
592 601
1 17 2
328 434
1 20 2
428 795
1 13 2
68 226
1 15 2
491 700
1 5 2
56 373
1 9 2
576 662
1 18 2
468 738
1 9 2
498 505
1 11 2
515 639
1 13 2
70 543
1 14 2
40 283
1 12 2
265 424
1 5 2
144 335
1 10 2
137 403
1 11 2
633 742
1 3 2
690 762
1 9 2
27 555
1 14 2
108 744
1 15 2
314 700
1 9 2
201 207
1 10 2
197 210
1 15 2
380 573
1 10 2
253 650
1 6 2
458 724
1 9 2
470 599
1 8 2
424 757
1 15 2
7 367
1 11 2
324 670
1 8 2
570 592
1 9 2
110 582
1 10 2
274 678
1 15 2
427 733
1 8 2
141 263
1 19 2
379 415
1 12 2
50 629
1 12 2
425 770
1 8 2
41 59
1 17 2
427 672
1 12 2
11 34
1 19 2
117 500
1 14 2
408 685
1 10 2
114 498
1 4 2
381 739
1 18 2
29 701
1 12 2
114 639
1 5 2
264 530
1 11 2
351 545
1 8 2
127 433
1 7 2
290 446
1 11 2
1 304
1 18 2
322 468
1 10 2
505 552
1 5 2
61 72
1 6 2
105 161
1 17 2
193 719
1 14 2
183 580
1 8 2
31 210
1 8 2
258 519
1 6 2
142 211
1 3 2
309 484
1 13 2
586 719
1 18 2
279 324
1 13 2
50 426
1 10 2
383 403
1 9 2
156 219
1 7 2
304 534
1 10 2
68 297
1 14 2
75 589
1 15 2
516 737
1 12 2
98 629
1 6 2
512 697
1 10 2
64 68
1 16 2
51 659
1 12 2
159 217
1 5 2
168 779
1 19 2
189 765
1 11 2
146 774
1 14 2
77 698
1 10 2
47 310
1 8 2
406 519
1 9 2
156 413
1 5 2
28 37
1 8 2
284 530
1 18 2
194 425
1 11 2
336 769
1 18 2
398 726
1 11 2
85 252
1 10 2
251 780
1 12 2
265 434
1 18 2
57 606
1 11 2
87 195
1 8 2
23 168
1 3 2
248 421
1 11 2
70 173
1 18 2
322 516
1 14 2
64 351
1 8 2
290 558
1 15 2
84 542
1 19 2
77 606
1 8 2
53 680
1 10 2
595 661
1 16 2
263 672
1 12 2
4 411
1 17 2
719 726
1 12 2
76 317
1 13 2
7 345
1 7 2
108 480
1 7 2
662 720
1 16 2
351 401
1 10 2
408 541
1 15 2
88 158
1 18 2
203 768
1 11 2
80 714
1 10 2
500 611
1 8 2
207 326
1 12 2
5 634
1 12 2
240 266
1 5 2
208 734
1 11 2
104 363
1 14 2
74 263
1 11 2
364 770
1 9 2
155 625
1 5 2
9 143
1 10 2
3 172
1 5 2
31 358
1 10 2
128 569
1 8 2
61 510
1 8 2
279 691
1 12 2
40 106
1 9 2
3 437
1 7 2
357 419
1 17 2
80 106
1 8 2
586 669
1 14 2
65 482
1 14 2
122 595
1 11 2
28 462
1 11 2
129 422
1 9 2
619 706
1 15 2
51 330
1 7 2
17 616
1 7 2
242 432
1 8 2
591 607
1 10 2
754 772
1 10 2
228 601
1 6 2
86 219
1 15 2
483 747
1 11 2
540 717
1 5 2
44 335
1 3 2
208 373
1 20 2
85 275
1 9 2
290 700
1 4 2
111 333
1 9 2
77 222
1 17 2
190 580
1 8 2
552 561
1 7 2
27 134
1 12 2
343 471
1 12 2
443 594
1 11 2
113 682
1 12 2
48 580
1 18 2
1 372
1 19 2
26 494
1 9 2
84 783
1 9 2
73 769
1 11 2
137 254
1 6 2
336 788
1 6 2
68 287
1 19 2
418 726
1 15 2
376 586
1 18 2
717 741
1 16 2
190 423
1 16 2
67 665
1 12 2
84 375
1 7 2
520 774
1 20 2
368 402
1 10 2
4 10
1 9 2
535 687
1 10 2
501 722
1 15 2
70 300
1 8 2
314 453
1 7 2
467 744
1 13 2
34 700
1 7 2
490 556
1 6 2
158 554
1 3 2
493 734
1 6 2
238 636
1 10 2
127 437
1 13 2
516 704
1 19 2
199 275
1 5 2
766 772
1 3 2
100 777
1 2 2
509 598
1 9 2
124 375
1 4 2
152 543
1 6 2
166 520
1 17 2
193 364
1 7 2
224 404
1 9 2
22 634
1 12 2
56 223
1 10 2
39 532
1 8 2
640 644
1 6 2
270 525
1 11 2
587 700
1 10 2
180 204
1 8 2
108 736
1 14 2
272 765
1 17 2
90 328
1 5 2
102 669
1 10 2
2 26
1 4 2
96 151
1 12 2
270 556
1 9 2
11 445
1 14 2
113 210
1 11 2
291 438
1 6 2
17 213
1 10 2
393 710
1 11 2
90 714
1 12 2
59 310
1 11 2
138 307
1 20 2
77 85
1 9 2
201 684
1 18 2
98 311
1 9 2
205 263
1 11 2
552 694
1 12 2
402 411
1 7 2
108 395
1 6 2
554 573
1 15 2
226 769
1 6 2
358 620
1 9 2
80 725
1 15 2
314 789
1 10 2
80 611
1 10 2
491 657
1 15 2
292 719
1 16 2
125 418
1 17 2
49 659
1 7 2
671 678
1 6 2
31 761
1 9 2
28 44
1 14 2
299 448
1 20 2
128 649
1 11 2
224 392
1 12 2
552 754
1 12 2
26 682
1 9 2
562 713
1 9 2
73 299
1 16 2
199 292
1 11 2
316 477
1 12 2
621 745
1 5 2
715 756
1 5 2
61 615
1 16 2
207 634
1 16 2
338 357
1 15 2
112 435
1 6 2
585 780
1 16 2
599 684
1 14 2
90 184
1 8 2
169 468
1 14 2
94 462
1 9 2
564 633
1 14 2
76 368
1 11 2
155 558
1 13 2
42 420
1 7 2
386 567
1 10 2
611 738
1 4 2
360 365
1 14 2
367 735
1 10 2
324 793
1 18 2
70 355
1 7 2
236 475
1 7 2
130 481
1 15 2
328 557
1 18 2
765 790
1 9 2
102 138
1 12 2
34 781
1 10 2
98 584
1 16 2
250 380
1 5 2
211 780
1 10 2
161 337
1 12 2
110 390
1 10 2
81 100
1 6 2
59 714
1 9 2
325 562
1 11 2
415 706
1 2 2
554 646
1 17 2
433 448
1 12 2
183 523
1 19 2
317 402
1 16 2
113 251
1 9 2
116 140
1 8 2
509 740
1 18 2
7 35
1 16 2
372 741
1 10 2
589 724
1 7 2
744 798
1 13 2
216 424
1 9 2
144 146
1 4 2
340 693
1 7 2
173 597
1 15 2
107 311
1 11 2
491 601
1 8 2
90 732
1 3 2
270 484
1 8 2
220 592
1 6 2
374 681
1 5 2
103 624
1 13 2
250 781
1 15 2
292 457
1 15 2
70 272
1 13 2
350 483
1 10 2
159 295
1 12 2
139 322
1 5 2
456 685
1 11 2
535 638
1 6 2
573 598
1 6 2
348 452
1 15 2
16 241
1 7 2
21 572
1 11 2
239 338
1 16 2
190 283
1 15 2
17 90
1 8 2
28 511
1 8 2
232 571
1 16 2
137 275
1 12 2
491 694
1 13 2
30 166
1 10 2
133 761
1 9 2
235 599
1 7 2
384 670
1 9 2
348 723
1 10 2
60 572
1 9 2
67 566
1 16 2
30 684
1 17 2
529 747
1 17 2
26 62
1 11 2
114 218
1 12 2
48 57
1 5 2
511 762
1 8 2
215 324
1 9 2
55 261
1 6 2
179 404
1 17 2
448 562
1 13 2
135 446
1 2 2
71 395
1 7 2
133 215
1 4 2
538 657
1 10 2
42 386
1 6 2
518 651
1 9 2
24 316
1 8 2
332 654
1 10 2
324 734
1 20 2
35 52
1 12 2
137 592
1 9 2
462 715
1 8 2
141 343
1 16 2
124 672
1 11 2
91 591
1 9 2
153 237
1 9 2
364 709
1 9 2
408 731
1 9 2
66 173
1 16 2
306 710
1 12 2
190 523
1 2 2
43 429
1 3 2
258 643
1 15 2
69 735
1 9 2
45 136
1 7 2
590 687
1 18 2
379 483
1 18 2
90 428
1 15 2
367 552
1 14 2
224 241
1 15 2
483 504
1 15 2
94 390
1 10 2
203 374
1 10 2
32 338
1 8 2
455 599
1 15 2
435 594
1 4 2
333 761
1 6 2
393 593
1 9 2
166 416
1 8 2
522 740
1 13 2
368 772
1 11 2
500 601
1 7 2
332 716
1 7 2
670 704
1 17 2
477 594
1 12 2
223 233
1 10 2
116 376
1 16 2
93 379
1 9 2
233 619
1 3 2
225 773
1 19 2
140 306
1 17 2
301 337
1 18 2
85 162
1 7 2
118 190
1 11 2
64 216
1 8 2
316 534
1 9 2
22 203
1 12 2
77 607
1 15 2
415 605
1 13 2
113 745
1 7 2
61 141
1 5 2
9 404
1 6 2
653 724
1 15 2
158 529
1 8 2
38 297
1 7 2
23 773
1 10 2
369 780
1 9 2
229 543
1 3 2
412 598
1 13 2
414 672
1 16 2
158 438
1 8 2
11 13
1 12 2
390 440
1 14 2
250 302
1 16 2
30 190
1 9 2
325 472
1 14 2
172 792
1 13 2
336 457
1 8 2
510 558
1 9 2
719 778
1 14 2
212 580
1 12 2
120 477
1 12 2
220 379
1 10 2
59 427
1 16 2
338 401
1 10 2
203 596
1 15 2
190 526
1 10 2
174 644
1 8 2
597 625
1 8 2
105 153
1 8 2
533 688
1 8 2
40 576
1 11 2
141 726
1 16 2
582 795
1 10 2
278 659
1 15 2
35 567
1 8 2
60 242
1 7 2
572 730
1 6 2
49 651
1 16 2
438 557
1 11 2
140 540
1 3 2
537 660
1 12 2
167 212
1 15 2
50 653
1 9 2
39 46
1 12 2
194 530
1 7 2
59 403
1 6 2
325 655
1 12 2
17 573
1 7 2
559 677
1 9 2
226 391
1 12 2
394 754
1 6 2
176 736
1 10 2
274 635
1 8 2
391 533
1 12 2
96 372
1 10 2
194 641
1 10 2
154 746
1 16 2
65 128
1 13 2
489 737
1 5 2
209 544
1 10 2
51 111
1 5 2
3 668
1 14 2
516 653
1 8 2
556 718
1 6 2
167 679
1 17 2
462 533
1 4 2
102 593
1 12 2
48 317
1 7 2
479 754
1 8 2
454 595
1 9 2
430 670
1 10 2
159 591
1 10 2
355 510
1 17 2
437 765
1 8 2
13 331
1 3 2
134 395
1 7 2
272 576
1 9 2
132 650
1 7 2
214 262
1 12 2
105 448
1 6 2
570 597
1 13 2
4 191
1 4 2
393 753
1 9 2
269 379
1 10 2
487 672
1 10 2
11 156
1 12 2
277 315
1 12 2
448 711
1 20 2
268 448
1 10 2
365 717
1 9 2
34 127
1 9 2
372 676
1 6 2
281 467
1 18 2
310 457
1 16 2
49 726
1 20 2
448 604
1 10 2
188 416
1 10 2
370 482
1 9 2
237 375
1 12 2
68 80
1 7 2
64 467
1 9 2
10 330
1 8 2
629 712
1 14 2
61 194
1 12 2
594 751
1 12 2
241 426
1 8 2
111 254
1 17 2
138 638
1 9 2
26 151
1 5 2
68 608
1 13 2
97 774
1 12 2
672 767
1 16 2
396 425
1 8 2
231 721
1 11 2
586 662
1 5 2
406 623
1 7 2
365 707
1 14 2
126 772
1 11 2
99 408
1 11 2
606 618
1 15 2
294 609
1 10 2
67 632
1 18 2
69 533
1 11 2
283 287
1 15 2
42 396
1 18 2
80 613
1 12 2
126 347
1 10 2
437 734
1 17 2
138 562
1 9 2
329 338
1 4 2
643 785
1 5 2
624 784
1 9 2
47 556
1 9 2
535 710
1 5 2
564 661
1 2 2
53 760
1 8 2
524 558
1 7 2
353 733
1 16 2
204 483
1 5 2
607 763
1 16 2
217 702
1 16 2
368 744
1 7 2
79 564
1 9 2
468 725
1 14 2
101 513
1 8 2
97 690
1 16 2
39 729
1 11 2
553 578
1 12 2
632 702
1 8 2
114 481
1 10 2
640 707
1 14 2
144 193
1 10 2
302 502
1 14 2
434 555
1 7 2
13 785
1 13 2
159 418
1 12 2
443 677
1 14 2
35 640
1 12 2
174 582
1 10 2
101 185
1 18 2
577 583
1 8 2
296 403
1 10 2
367 622
1 14 2
190 210
1 15 2
189 302
1 6 2
180 602
1 3 2
21 509
1 8 2
156 773
1 11 2
77 361
1 7 2
472 596
1 8 2
334 762
1 8 2
419 759
1 14 2
389 635
1 14 2
398 543
1 5 2
120 264
1 15 2
87 330
1 9 2
12 242
1 17 2
204 390
1 16 2
310 719
1 16 2
89 741
1 9 2
184 277
1 10 2
44 336
1 15 2
518 595
1 14 2
105 795
1 5 2
474 546
1 18 2
69 107
1 14 2
364 542
1 12 2
17 648
1 12 2
289 785
1 12 2
638 743
1 10 2
105 145
1 14 2
701 771
1 18 2
95 599
1 18 2
193 390
1 14 2
175 226
1 14 2
348 368
1 10 2
68 791
1 4 2
173 538
1 5 2
48 538
1 5 2
123 406
1 14 2
172 580
1 13 2
98 696
1 4 2
3 269
1 11 2
42 282
1 10 2
190 770
1 16 2
108 577
1 9 2
61 375
1 4 2
551 799
1 15 2
251 771
1 6 2
192 350
1 12 2
236 526
1 9 2
682 707
1 13 2
23 394
1 6 2
191 576
1 9 2
117 730
1 15 2
137 145
1 9 2
453 659
1 6 2
257 682
1 8 2
582 652
1 9 2
625 771
1 20 2
253 589
1 7 2
185 558
1 14 2
289 451
1 4 2
20 313
1 11 2
35 326
1 16 2
217 396
1 14 2
281 494
1 15 2
212 328
1 12 2
84 763
1 11 2
20 351
1 10 2
14 682
1 8 2
10 427
1 17 2
145 613
1 13 2
124 364
1 11 2
233 349
1 20 2
154 223
1 6 2
44 386
1 10 2
154 752
1 11 2
396 618
1 10 2
0 47
1 13 2
400 415
1 14 2
56 589
1 11 2
625 750
1 7 2
11 319
1 7 2
191 624
1 5 2
136 520
1 11 2
783 795
1 10 2
188 445
1 9 2
180 721
1 3 2
339 724
1 13 2
153 659
1 13 2
327 733
1 6 2
319 555
1 15 2
90 334
1 16 2
146 226
1 6 2
412 664
1 8 2
712 784
1 14 2
174 483
1 9 2
193 608
1 16 2
315 401
1 8 2
467 606
1 14 2
39 614
1 7 2
171 782
1 4 2
541 652
1 10 2
57 381
1 11 2
57 496
1 10 2
95 409
1 17 2
4 321
1 17 2
0 34
1 12 2
16 245
1 7 2
455 710
1 8 2
324 417
1 5 2
236 247
1 10 2
199 411
1 13 2
300 740
1 5 2
148 761
1 20 2
398 604
1 14 2
621 687
1 9 2
379 522
1 4 2
249 681
1 13 2
27 390
1 14 2
328 587
1 9 2
41 436
1 9 2
90 488
1 13 2
189 677
1 13 2
199 742
1 6 2
277 711
1 18 2
140 317
1 18 2
88 199
1 10 2
56 93
1 8 2
102 735
1 9 2
81 541
1 19 2
462 604
1 9 2
704 761
1 5 2
361 637
1 11 2
35 502
1 3 2
470 561
1 8 2
420 436
1 8 2
75 517
1 18 2
14 408
1 13 2
216 311
1 7 2
293 789
1 6 2
210 689
1 8 2
3 16
1 6 2
332 798
1 6 2
13 114
1 6 2
247 327
1 7 2
175 205
1 11 2
5 321
1 12 2
406 722
1 6 2
280 773
1 5 2
179 333
1 14 2
63 106
1 12 2
70 370
1 15 2
135 772
1 4 2
5 407
1 5 2
274 499
1 7 2
166 601
1 6 2
72 472
1 9 2
275 469
1 7 2
27 530
1 3 2
453 725
1 9 2
306 608
1 7 2
510 640
1 12 2
402 696
1 10 2
434 479
1 11 2
97 723
1 11 2
329 680
1 14 2
237 314
1 14 2
132 349
1 8 2
451 466
1 12 2
768 769
1 9 2
554 765
1 10 2
9 692
1 6 2
24 469
1 11 2
144 737
1 18 2
275 580
1 10 2
445 591
1 14 2
156 160
1 14 2
26 352
1 6 2
436 574
1 10 2
101 141
1 12 2
700 751
1 8 2
96 400
1 16 2
355 634
1 4 2
103 602
1 5 2
545 718
1 6 2
150 257
1 3 2
429 602
1 15 2
314 769
1 5 2
723 762
1 10 2
322 520
1 6 2
16 248
1 7 2
125 386
1 9 2
303 771
1 9 2
295 715
1 10 2
76 179
1 13 2
310 681
1 8 2
331 652
1 12 2
170 458
1 8 2
133 564
1 6 2
34 708
1 12 2
184 472
1 12 2
87 216
1 16 2
183 251
1 7 2
194 551
1 7 2
188 373
1 11 2
145 236
1 7 2
411 545
1 9 2
8 220
1 15 2
228 330
1 9 2
22 425
1 15 2
74 188
1 18 2
425 722
1 7 2
687 755
1 4 2
593 656
1 11 2
665 725
1 4 2
23 115
1 4 2
323 749
1 11 2
624 733
1 19 2
140 560
1 10 2
28 572
1 15 2
380 582
1 5 2
561 693
1 15 2
379 751
1 5 2
444 774
1 5 2
405 406
1 7 2
386 587
1 12 2
127 428
1 18 2
140 678
1 6 2
291 706
1 9 2
133 714
1 10 2
489 544
1 15 2
477 592
1 6 2
723 727
1 16 2
295 726
1 10 2
79 441
1 4 2
38 509
1 15 2
80 482
1 11 2
64 259
1 13 2
7 179
1 20 2
29 435
1 11 2
401 625
1 9 2
32 427
1 8 2
92 552
1 11 2
287 494
1 6 2
47 587
1 18 2
154 609
1 13 2
101 742
1 6 2
12 554
1 11 2
593 765
1 11 2
212 284
1 12 2
199 272
1 14 2
253 492
1 10 2
6 217
1 5 2
540 716
1 7 2
481 623
1 8 2
530 742
1 15 2
113 427
1 3 2
209 365
1 10 2
78 733
1 9 2
221 750
1 10 2
242 719
1 18 2
246 560
1 14 2
301 348
1 16 2
69 337
1 9 2
314 596
1 16 2
557 639
1 15 2
183 199
1 5 2
104 121
1 5 2
416 571
1 11 2
239 434
1 9 2
310 480
1 7 2
143 712
1 13 2
259 301
1 7 2
9 515
1 8 2
271 531
1 14 2
550 653
1 12 2
142 275
1 14 2
62 67
1 5 2
713 736
1 14 2
171 241
1 18 2
246 321
1 11 2
310 782
1 10 2
306 626
1 3 2
143 788
1 17 2
232 701
1 11 2
180 531
1 5 2
339 471
1 3 2
230 234
1 9 2
177 573
1 11 2
177 563
1 7 2
540 654
1 12 2
95 785
1 3 2
10 244
1 12 2
311 632
1 9 2
284 458
1 9 2
622 737
1 10 2
155 236
1 15 2
126 158
1 17 2
379 526
1 15 2
380 489
1 7 2
12 82
1 15 2
317 719
1 5 2
79 720
1 9 2
201 555
1 12 2
310 524
1 10 2
14 544
1 15 2
229 357
1 17 2
188 379
1 9 2
336 375
1 7 2
224 276
1 11 2
329 722
1 14 2
394 591
1 12 2
70 528
1 13 2
27 275
1 4 2
130 538
1 13 2
327 768
1 8 2
623 662
1 16 2
0 119
1 13 2
27 165
1 4 2
10 540
1 11 2
328 344
1 14 2
597 659
1 11 2
97 114
1 18 2
135 311
1 8 2
177 682
1 13 2
119 145
1 3 2
118 596
1 14 2
707 790
1 8 2
229 326
1 11 2
134 659
1 7 2
489 512
1 8 2
503 699
1 8 2
727 791
1 7 2
175 381
1 9 2
638 755
1 6 2
342 411
1 8 2
506 522
1 8 2
55 337
1 2 2
313 798
1 3 2
55 540
1 10 2
16 524
1 10 2
281 388
1 15 2
125 138
1 8 2
582 630
1 9 2
229 618
1 7 2
393 670
1 14 2
91 199
1 6 2
224 238
1 15 2
516 572
1 5 2
173 603
1 14 2
379 666
1 11 2
197 710
1 5 2
248 545
1 16 2
294 422
1 8 2
493 531
1 11 2
160 220
1 14 2
69 653
1 14 2
294 737
1 5 2
31 540
1 17 2
223 701
1 10 2
106 325
1 13 2
245 504
1 4 2
105 262
1 14 2
184 355
1 6 2
228 485
1 11 2
125 648
1 5 2
303 788
1 4 2
571 620
1 9 2
624 735
1 8 2
636 767
1 13 2
203 258
1 12 2
16 700
1 11 2
345 721
1 15 2
336 717
1 7 2
67 464
1 6 2
724 799
1 16 2
310 633
1 15 2
24 145
1 9 2
43 261
1 12 2
153 678
1 13 2
277 379
1 11 2
241 640
1 7 2
51 329
1 14 2
481 599
1 6 2
503 584
1 11 2
127 279
1 7 2
299 727
1 5 2
237 549
1 9 2
259 481
1 11 2
67 171
1 13 2
39 774
1 17 2
396 665
1 6 2
375 548
1 11 2
85 134
1 17 2
500 613
1 5 2
538 543
1 5 2
655 797
1 4 2
208 474
1 16 2
45 241
1 13 2
352 790
1 8 2
67 258
1 8 2
516 788
1 8 2
655 761
1 9 2
474 759
1 13 2
144 317
1 8 2
573 734
1 12 2
364 653
1 7 2
136 686
1 11 2
317 511
1 6 2
469 735
1 18 2
107 638
1 5 2
456 503
1 13 2
376 698
1 11 2
286 557
1 6 2
31 176
1 12 2
28 583
1 11 2
203 208
1 12 2
132 443
1 16 2
117 492
1 14 2
402 799
1 6 2
227 479
1 12 2
62 109
1 7 2
297 762
1 15 2
217 312
1 13 2
310 332
1 15 2
156 279
1 4 2
341 464
1 17 2
529 609
1 8 2
365 396
