800 4800 2400
19 11 20 14 21 6 9 5 10 13 15 14 14 17 6 19 11 17 23 22 17 12 24 5 22 12 19 6 5 6 18 11 23 20 17 25 13 11 18 6 23 7 21 24 11 21 22 9 14 9 9 22 7 23 18 24 9 10 9 18 6 25 25 13 17 13 19 7 11 7 21 18 7 10 20 15 19 19 23 22 21 20 23 20 8 13 5 10 23 24 16 16 10 18 21 15 12 22 17 16 20 13 10 11 6 25 12 23 17 20 11 20 13 5 17 16 8 23 8 17 24 15 6 25 7 7 23 12 8 20 5 23 8 19 14 11 5 14 11 23 24 17 14 14 18 6 15 7 11 15 21 9 21 5 15 16 9 23 18 21 14 16 22 16 18 6 15 10 17 20 6 7 25 25 15 9 13 14 22 9 25 14 24 24 24 13 9 8 25 14 15 20 5 19 25 11 15 18 25 21 23 7 9 22 14 14 15 5 18 21 11 6 12 8 6 12 11 16 24 7 15 22 5 13 22 20 15 16 9 5 14 16 5 11 16 5 15 8 7 14 20 7 6 6 5 21 14 24 19 17 23 21 19 24 7 16 24 21 17 25 10 24 9 10 19 17 7 6 17 12 14 9 6 14 11 11 12 9 13 11 9 19 7 25 10 8 14 23 17 6 7 6 12 11 13 24 11 5 10 17 17 20 15 17 25 23 12 6 11 18 13 9 15 10 8 11 18 11 14 14 16 23 11 10 19 14 9 22 15 22 22 22 6 12 9 23 17 17 15 14 18 21 19 14 5 5 21 24 14 24 24 7 17 12 15 18 14 7 22 19 13 21 22 21 14 7 12 13 21 8 20 13 16 15 6 5 8 23 10 25 12 17 9 16 20 24 18 12 21 10 5 7 20 13 25 6 12 5 14 7 18 15 22 18 9 20 21 22 6 23 22 9 24 7 13 24 10 9 7 8 6 14 11 13 6 10 24 10 16 5 21 11 14 20 20 14 7 10 16 19 5 20 8 23 10 9 9 20 11 19 10 20 24 23 14 22 12 15 12 19 5 13 5 5 20 10 13 19 13 15 13 17 24 9 12 15 5 17 17 21 21 24 24 11 14 24 5 8 17 25 20 11 5 25 8 18 14 18 7 6 5 23 24 13 24 9 5 24 20 20 14 14 20 8 9 19 11 20 21 13 11 22 19 21 9 18 12 16 23 17 15 23 17 7 19 7 6 16 16 9 24 7 14 13 13 8 17 22 10 11 11 15 17 6 16 12 17 8 20 16 16 17 24 5 11 16 7 25 11 20 17 22 24 22 6 11 12 17 12 23 14 9 6 20 9 25 14 11 14 8 15 20 15 25 8 25 21 23 9 14 14 14 25 21 24 19 14 25 18 19 17 10 14 8 14 20 23 7 25 21 22 6 14 17 14 16 25 23 6 8 9 14 15 21 9 7 21 22 22 6 16 24 8 25 15 9 5 21 12 12 9 23 16 7 20 16 19 22 15 17 25 24 16 18 10 10 14 22 11 22 12 22 8 18 24 13 14 8 12 10 18 24 13 22 5 21 9 7 23 11 12 22 22 19 10 24 15 21 10 18 21 11 17 12 7 13 22 15 23 5 13 20 21 21 7 24 20 11 17 10 12 11 22 8 7 25 13 7 6 7 19 9 16 8 15 13 20 6 20 7 16 5 7 10 21 8 14 20 14 19 6 21 11 13 9 7 12 18 13 21 14 14 6 24 21 23 11 24 14 17 10 18 9 13 5 10 25 12 17 23 19 14 25 20 25 7 19 9 10 20 6 12 19 11 19 23 25 9 19 19
5 8 3 19 19 14 11 19 18 13 15 16 20 10 6 14 9 18 16 15 6 4 5 18 14 3 10 6 5 15 8 7 15 18 6 7 16 12 5 9 14 10 10 13 6 13 7 7 4 3 13 13 9 20 11 20 6 3 20 11 18 14 8 10 14 6 17 19 16 16 20 5 12 10 15 13 14 8 12 12 16 11 4 14 20 13 13 13 9 6 20 19 16 9 17 14 8 18 6 18 13 9 13 4 4 11 16 4 15 16 4 4 6 12 6 13 15 13 17 7 6 18 18 18 12 19 4 19 6 10 11 5 9 6 4 12 4 6 6 16 11 15 4 19 5 13 7 3 6 16 3 4 10 7 17 11 14 17 15 10 3 4 10 7 10 18 8 8 12 17 10 16 8 11 12 20 14 7 10 10 16 16 18 13 10 17 17 18 17 8 20 8 8 11 5 16 4 20 3 3 11 4 14 15 8 8 10 19 6 6 13 9 9 10 18 17 3 14 8 4 6 18 15 12 17 7 12 16 6 5 19 16 3 15 5 5 7 3 19 7 4 10 8 6 12 19 12 4 10 15 7 20 19 17 3 4 6 13 14 3 6 17 7 4 6 16 10 4 9 5 15 20 17 20 17 20 11 7 17 17 20 7 14 14 11 6 5 19 12 3 4 3 4 10 3 11 12 4 6 4 8 20 4 13 11 4 10 7 14 17 3 20 15 8 20 8 11 6 8 18 20 20 13 13 7 9 4 17 9 10 10 6 15 10 8 17 20 6 8 18 14 7 9 5 8 10 5 8 15 10 11 10 14 10 20 17 17 4 13 11 15 4 19 6 16 14 15 14 8 8 6 17 18 17 19 9 14 18 11 20 5 20 11 14 5 18 16 5 11 4 13 3 7 19 9 15 7 18 17 19 11 9 4 12 19 19 9 12 17 18 16 19 3 9 15 3 16 7 12 13 18 5 19 9 16 19 9 17 18 7 18 13 13 17 5 13 15 16 19 16 3 7 13 11 18 3 8 16 16 5 11 20 7 14 11 17 18 15 17 7 14 11 10 17 7 16 7 13 5 13 13 16 20 11 11 6 7 8 5 15 5 5 4 18 6 13 18 16 11 15 12 5 3 6 15 19 14 12 15 10 10 8 18 17 19 4 15 6 19 4 15 3 17 7 17 10 8 20 9 10 14 9 20 14 8 10 5 17 17 13 3 4 19 6 10 11 17 13 11 11 17 13 5 10 10 9 7 4 14 14 15 6 6 8 14 20 10 5 16 19 13 16 10 12 10 6 4 19 3 13 6 14 20 8 5 13 3 3 12 11 10 18 9 7 4 19 4 14 19 11 11 5 7 18 8 4 3 11 7 18 14 18 5 19 10 7 17 8 6 15 17 7 12 4 19 9 14 4 16 20 8 7 7 5 11 12 5 12 13 5 9 19 4 6 20 8 16 19 6 17 13 15 9 18 7 8 18 7 5 3 3 8 3 3 20 17 18 8 6 6 19 3 6 15 6 3 7 9 14 10 7 11 18 10 10 15 13 8 20 8 11 11 9 9 10 5 18 17 18 10 10 3 8 17 18 17 15 7 20 14 9 3 17 15 8 18 12 13 3 12 10 8 20 18 18 6 7 19 17 4 15 8 15 3 13 6 9 7 15 18 20 18 13 15 9 20 10 15 15 16 5 16 5 9 8 18 13 11 15 12 14 15 6 6 7 11 16 4 17 20 9 15 14 15 15 19 8 14 20 17 12 16 9 5 13 4 10 16 12 9 13 18 3 9 10 9 4 20 13 4 11 10 17 13 16 4 15 10 7 3
1 15 2
197 604
1 13 2
472 554
1 3 2
86 313
1 10 2
24 748
1 4 2
275 313
1 5 2
85 450
1 11 2
398 636
1 10 2
276 692
1 8 2
265 746
1 13 2
33 111
1 7 2
127 559
1 4 2
243 286
1 11 2
163 251
1 7 2
305 621
1 10 2
70 586
1 12 2
718 751
1 6 2
148 475
1 11 2
572 576
1 20 2
593 784
1 6 2
279 707
1 6 2
175 632
1 10 2
200 516
1 13 2
358 659
1 6 2
673 724
1 10 2
61 271
1 11 2
367 485
1 16 2
0 504
1 12 2
585 758
1 7 2
487 636
1 12 2
443 768
1 5 2
317 703
1 9 2
77 703
1 13 2
337 688
1 20 2
218 394
1 9 2
107 419
1 16 2
183 447
1 14 2
669 673
1 13 2
15 159
1 5 2
360 427
1 8 2
316 555
1 20 2
180 253
1 8 2
450 637
1 12 2
300 722
1 10 2
144 757
1 12 2
188 576
1 18 2
61 377
1 9 2
399 493
1 6 2
542 710
1 6 2
142 483
1 15 2
194 303
1 12 2
319 604
1 7 2
84 523
1 7 2
276 732
1 7 2
1 707
1 9 2
435 730
1 14 2
660 662
1 3 2
498 743
1 7 2
654 733
1 5 2
326 791
1 16 2
350 569
1 13 2
577 713
1 15 2
191 443
1 10 2
218 279
1 16 2
661 747
1 5 2
323 421
1 13 2
488 571
1 15 2
490 619
1 16 2
569 572
1 11 2
77 556
1 15 2
83 706
1 9 2
206 623
1 7 2
16 400
1 15 2
77 661
1 10 2
373 439
1 17 2
117 531
1 6 2
38 617
1 7 2
51 462
1 11 2
366 637
1 13 2
227 261
1 12 2
252 459
1 7 2
417 591
1 8 2
357 688
1 13 2
565 643
1 19 2
200 626
1 8 2
609 766
1 10 2
199 631
1 10 2
112 697
1 13 2
206 379
1 5 2
231 436
1 17 2
618 633
1 5 2
233 743
1 5 2
246 513
1 12 2
693 798
1 10 2
608 644
1 13 2
99 247
1 17 2
430 452
1 19 2
385 489
1 5 2
232 471
1 19 2
627 643
1 14 2
59 157
1 8 2
245 498
1 14 2
120 529
1 9 2
294 449
1 17 2
62 656
1 11 2
196 392
1 15 2
384 688
1 9 2
311 627
1 8 2
146 527
1 16 2
347 361
1 9 2
300 599
1 3 2
369 594
1 13 2
4 324
1 8 2
139 487
1 9 2
66 705
1 19 2
198 692
1 18 2
55 691
1 14 2
567 732
1 12 2
77 158
1 12 2
356 779
1 9 2
519 798
1 12 2
182 206
1 11 2
348 722
1 7 2
56 749
1 9 2
17 696
1 19 2
385 784
1 8 2
158 614
1 4 2
499 612
1 13 2
190 452
1 9 2
340 746
1 13 2
339 415
1 8 2
655 666
1 11 2
601 683
1 17 2
253 392
1 10 2
90 749
1 7 2
308 495
1 9 2
261 446
1 20 2
567 782
1 11 2
379 458
1 6 2
526 705
1 6 2
465 655
1 15 2
209 722
1 18 2
88 528
1 16 2
22 495
1 14 2
66 407
1 9 2
224 797
1 9 2
81 777
1 15 2
93 572
1 17 2
361 641
1 16 2
384 572
1 17 2
191 585
1 11 2
75 647
1 11 2
221 768
1 11 2
571 690
1 10 2
210 479
1 11 2
35 448
1 7 2
201 657
1 9 2
609 746
1 13 2
26 74
1 12 2
286 481
1 19 2
485 572
1 3 2
52 127
1 10 2
191 592
1 15 2
55 316
1 17 2
261 616
1 8 2
47 410
1 9 2
16 46
1 13 2
316 722
1 13 2
126 457
1 14 2
386 636
1 7 2
647 653
1 13 2
61 204
1 15 2
464 764
1 6 2
576 676
1 17 2
638 667
1 7 2
258 793
1 13 2
339 379
1 7 2
328 550
1 19 2
82 256
1 13 2
77 464
1 15 2
259 769
1 6 2
167 428
1 6 2
555 768
1 14 2
255 567
1 3 2
313 729
1 5 2
48 147
1 13 2
339 385
1 10 2
68 765
1 12 2
177 485
1 18 2
528 651
1 14 2
90 452
1 12 2
268 619
1 16 2
129 641
1 11 2
108 569
1 14 2
224 405
1 12 2
247 666
1 17 2
157 638
1 15 2
251 736
1 17 2
695 706
1 19 2
120 304
1 15 2
33 221
1 12 2
10 107
1 8 2
145 347
1 16 2
77 602
1 11 2
221 318
1 15 2
24 685
1 8 2
528 545
1 17 2
97 627
1 14 2
99 415
1 7 2
190 269
1 6 2
510 555
1 11 2
371 507
1 11 2
137 363
1 11 2
157 606
1 12 2
471 620
1 4 2
348 420
1 12 2
386 730
1 14 2
527 602
1 10 2
571 675
1 11 2
448 472
1 11 2
699 702
1 10 2
721 795
1 8 2
531 714
1 13 2
225 738
1 7 2
248 445
1 5 2
302 395
1 7 2
202 447
1 20 2
725 776
1 13 2
409 478
1 4 2
574 580
1 9 2
685 777
1 17 2
173 518
1 16 2
605 784
1 20 2
105 618
1 9 2
164 206
1 9 2
182 298
1 8 2
370 772
1 14 2
350 577
1 12 2
40 468
1 15 2
159 722
1 13 2
33 789
1 14 2
42 430
1 7 2
339 372
1 7 2
324 598
1 11 2
393 430
1 11 2
310 347
1 7 2
195 381
1 6 2
227 698
1 14 2
224 268
1 7 2
143 469
1 4 2
185 533
1 10 2
329 491
1 5 2
112 296
1 3 2
187 645
1 3 2
290 487
1 13 2
255 572
1 16 2
94 765
1 6 2
132 702
1 3 2
147 187
1 14 2
346 517
1 12 2
54 783
1 7 2
351 669
1 6 2
146 167
1 14 2
2 178
1 19 2
572 796
1 14 2
97 789
1 13 2
217 385
1 8 2
218 291
1 3 2
298 785
1 10 2
428 656
1 14 2
163 173
1 10 2
195 261
1 5 2
317 668
1 12 2
255 331
1 12 2
350 622
1 12 2
705 763
1 9 2
69 593
1 10 2
198 326
1 10 2
329 371
1 8 2
318 469
1 14 2
107 757
1 10 2
450 763
1 8 2
279 370
1 5 2
458 772
1 14 2
79 133
1 10 2
209 276
1 7 2
36 428
1 13 2
304 644
1 9 2
156 626
1 18 2
502 641
1 10 2
91 561
1 11 2
215 218
1 8 2
300 353
1 18 2
43 627
1 13 2
227 426
1 15 2
449 452
1 10 2
577 663
1 12 2
33 303
1 18 2
616 627
1 13 2
304 319
1 8 2
367 478
1 15 2
100 528
1 17 2
70 120
1 14 2
88 623
1 15 2
341 712
1 9 2
158 343
1 11 2
573 761
1 9 2
173 408
1 8 2
10 246
1 9 2
647 701
1 12 2
205 763
1 8 2
312 592
1 15 2
34 172
1 5 2
325 427
1 6 2
357 747
1 4 2
50 689
1 17 2
358 618
1 18 2
295 547
1 14 2
98 597
1 18 2
126 321
1 8 2
573 653
1 5 2
135 317
1 10 2
581 626
1 12 2
42 141
1 7 2
8 497
1 10 2
65 407
1 15 2
240 708
1 15 2
467 493
1 8 2
140 574
1 13 2
441 534
1 11 2
455 474
1 15 2
33 573
1 12 2
224 428
1 15 2
459 643
1 5 2
8 601
1 13 2
680 706
1 10 2
55 717
1 16 2
22 342
1 16 2
253 480
1 7 2
587 718
1 15 2
595 663
1 9 2
515 578
1 13 2
603 693
1 8 2
448 799
1 7 2
297 528
1 12 2
377 601
1 6 2
137 431
1 16 2
35 609
1 12 2
54 342
1 10 2
61 448
1 12 2
189 481
1 17 2
224 531
1 11 2
669 670
1 12 2
97 592
1 6 2
92 217
1 14 2
685 798
1 10 2
201 379
1 7 2
115 710
1 13 2
190 681
1 5 2
454 733
1 7 2
165 795
1 12 2
78 655
1 11 2
45 761
1 20 2
105 120
1 9 2
106 245
1 14 2
309 482
1 10 2
149 439
1 4 2
461 553
1 18 2
415 651
1 10 2
370 600
1 10 2
625 718
1 18 2
35 619
1 9 2
230 248
1 13 2
173 468
1 12 2
405 532
1 5 2
376 454
1 12 2
107 666
1 8 2
309 682
1 6 2
342 739
1 15 2
349 439
1 8 2
401 530
1 7 2
45 642
1 13 2
62 220
1 12 2
159 312
1 18 2
51 283
1 15 2
358 569
1 9 2
115 469
1 9 2
110 480
1 14 2
64 415
1 11 2
4 319
1 11 2
326 782
1 11 2
632 759
1 16 2
109 660
1 13 2
199 439
1 16 2
247 512
1 11 2
625 716
1 20 2
172 173
1 6 2
245 374
1 11 2
176 472
1 4 2
276 408
1 16 2
93 247
1 9 2
557 627
1 8 2
176 316
1 16 2
152 329
1 14 2
386 688
1 7 2
80 222
1 8 2
414 673
1 15 2
129 795
1 15 2
329 693
1 13 2
394 644
1 17 2
412 692
1 15 2
38 715
1 11 2
531 555
1 4 2
677 791
1 7 2
33 617
1 11 2
90 449
1 7 2
14 157
1 12 2
398 641
1 5 2
160 445
1 8 2
545 571
1 9 2
74 690
1 13 2
432 641
1 16 2
256 786
1 12 2
405 780
1 12 2
447 655
1 12 2
623 669
1 7 2
214 688
1 7 2
270 325
1 11 2
239 362
1 6 2
130 636
1 18 2
602 700
1 17 2
107 573
1 10 2
94 511
1 7 2
265 317
1 18 2
480 485
1 15 2
221 362
1 14 2
309 715
1 3 2
27 396
1 12 2
25 385
1 17 2
256 358
1 11 2
644 700
1 18 2
335 521
1 14 2
35 658
1 7 2
101 527
1 11 2
141 730
1 13 2
623 685
1 9 2
89 151
1 10 2
458 573
1 6 2
223 353
1 12 2
183 432
1 16 2
182 656
1 7 2
492 627
1 10 2
300 400
1 10 2
349 584
1 14 2
654 759
1 4 2
176 411
1 8 2
158 648
1 11 2
678 784
1 11 2
131 761
1 6 2
500 716
1 18 2
485 638
1 14 2
13 105
1 4 2
187 260
1 7 2
69 83
1 13 2
386 388
1 8 2
664 786
1 8 2
11 64
1 8 2
551 580
1 14 2
190 626
1 5 2
14 231
1 12 2
452 675
1 18 2
562 647
1 17 2
80 572
1 11 2
761 765
1 14 2
337 641
1 8 2
129 719
1 12 2
148 626
1 11 2
260 695
1 12 2
321 592
1 10 2
371 712
1 11 2
324 625
1 19 2
283 547
1 5 2
753 756
1 5 2
468 775
1 15 2
53 711
1 7 2
417 439
1 4 2
471 646
1 8 2
435 496
1 20 2
259 618
1 10 2
135 715
1 11 2
160 764
1 15 2
78 384
1 8 2
130 283
1 9 2
59 356
1 3 2
389 750
1 15 2
0 117
1 12 2
485 578
1 7 2
1 265
1 9 2
361 416
1 5 2
294 389
1 14 2
162 342
1 17 2
139 250
1 15 2
363 453
1 8 2
16 74
1 8 2
114 185
1 10 2
212 669
1 7 2
327 653
1 5 2
705 717
1 13 2
20 40
1 8 2
239 655
1 11 2
77 769
1 14 2
633 783
1 15 2
119 767
1 12 2
256 588
1 6 2
656 724
1 13 2
108 362
1 16 2
518 597
1 9 2
497 588
1 20 2
198 481
1 7 2
321 574
1 10 2
131 292
1 15 2
577 674
1 10 2
138 184
1 7 2
787 794
1 5 2
392 709
1 5 2
296 393
1 11 2
40 526
1 5 2
298 568
1 16 2
579 736
1 8 2
82 462
1 11 2
97 631
1 15 2
287 525
1 11 2
515 652
1 9 2
350 494
1 3 2
130 360
1 13 2
150 693
1 14 2
191 547
1 3 2
460 549
1 15 2
35 299
1 6 2
292 726
1 12 2
489 766
1 19 2
347 472
1 8 2
299 435
1 17 2
100 259
1 9 2
134 609
1 6 2
75 526
1 7 2
144 686
1 17 2
591 796
1 20 2
349 481
1 9 2
323 362
1 11 2
141 264
1 11 2
268 680
1 14 2
123 354
1 17 2
35 764
1 9 2
96 191
1 16 2
593 798
1 7 2
125 759
1 11 2
76 525
1 7 2
292 769
1 10 2
262 593
1 9 2
396 558
1 7 2
214 464
1 9 2
410 445
1 9 2
342 461
1 7 2
228 433
1 11 2
641 777
1 11 2
140 215
1 14 2
641 652
1 3 2
491 494
1 7 2
280 656
1 11 2
53 333
1 7 2
70 790
1 10 2
634 715
1 4 2
166 374
1 12 2
466 567
1 12 2
152 299
1 13 2
197 591
1 13 2
74 609
1 18 2
593 603
1 4 2
539 578
1 7 2
474 565
1 9 2
466 577
1 11 2
286 547
1 7 2
149 773
1 5 2
360 723
1 11 2
336 730
1 14 2
217 626
1 12 2
257 699
1 17 2
32 107
1 8 2
536 784
1 17 2
321 638
1 8 2
511 554
1 14 2
218 320
1 7 2
223 748
1 11 2
352 370
1 6 2
276 773
1 6 2
417 556
1 18 2
94 385
1 9 2
539 795
1 4 2
195 584
1 6 2
114 444
1 10 2
110 178
1 6 2
197 613
1 8 2
193 550
1 13 2
299 531
1 11 2
529 673
1 10 2
16 184
1 6 2
298 590
1 12 2
255 430
1 3 2
242 743
1 10 2
65 571
1 11 2
459 640
1 15 2
129 531
1 5 2
122 623
1 13 2
352 402
1 6 2
458 475
1 4 2
378 446
1 7 2
479 541
1 16 2
304 439
1 8 2
191 664
1 18 2
579 715
1 9 2
257 564
1 10 2
495 778
1 9 2
459 726
1 10 2
392 542
1 10 2
597 665
1 9 2
187 407
1 7 2
135 300
1 11 2
372 515
1 11 2
508 676
1 11 2
622 667
1 11 2
328 547
1 15 2
224 363
1 8 2
664 789
1 7 2
569 755
1 12 2
139 189
1 13 2
288 480
1 14 2
169 434
1 19 2
481 765
1 17 2
55 358
1 3 2
179 271
1 9 2
412 745
1 3 2
8 201
1 17 2
647 796
1 6 2
57 471
1 18 2
407 602
1 15 2
141 593
1 13 2
123 177
1 9 2
376 493
1 19 2
261 604
1 17 2
358 452
1 9 2
582 602
1 5 2
267 608
1 15 2
83 685
1 10 2
194 613
1 9 2
77 753
1 4 2
728 748
1 18 2
305 795
1 14 2
336 394
1 11 2
94 373
1 4 2
156 689
1 8 2
309 701
1 7 2
179 570
1 9 2
50 295
1 15 2
64 493
1 15 2
257 603
1 7 2
147 712
1 14 2
372 379
1 9 2
111 544
1 8 2
398 781
1 12 2
182 432
1 11 2
24 544
1 9 2
160 477
1 9 2
517 588
1 7 2
67 711
1 8 2
25 609
1 5 2
25 444
1 11 2
141 615
1 5 2
1 308
1 15 2
2 681
1 15 2
197 489
1 8 2
514 764
1 8 2
98 748
1 19 2
224 618
1 19 2
597 796
1 12 2
94 249
1 8 2
145 627
1 17 2
330 501
1 15 2
358 480
1 4 2
578 589
1 9 2
407 450
1 10 2
274 688
1 14 2
716 736
1 10 2
140 195
1 14 2
401 643
1 12 2
488 667
1 9 2
83 705
1 15 2
715 792
1 13 2
340 490
1 15 2
123 561
1 11 2
76 632
1 8 2
202 245
1 7 2
200 244
1 16 2
129 287
1 10 2
223 647
1 12 2
250 760
1 14 2
191 447
1 9 2
185 515
1 13 2
509 738
1 16 2
2 283
1 14 2
669 799
1 9 2
312 551
1 18 2
385 603
1 10 2
569 606
1 18 2
178 507
1 9 2
319 534
1 8 2
68 656
1 9 2
410 775
1 6 2
445 551
1 6 2
381 382
1 12 2
591 680
1 18 2
385 412
1 9 2
103 209
1 5 2
613 658
1 10 2
488 718
1 14 2
117 792
1 12 2
142 501
1 17 2
4 567
1 12 2
82 590
1 9 2
637 775
1 16 2
281 765
1 9 2
193 668
1 17 2
152 616
1 2 2
241 646
1 8 2
676 732
1 12 2
738 769
1 11 2
4 12
1 9 2
131 151
1 11 2
257 622
1 9 2
195 392
1 10 2
11 346
1 12 2
117 174
1 12 2
447 798
1 10 2
274 402
1 12 2
90 152
1 10 2
75 225
1 15 2
88 405
1 6 2
25 181
1 10 2
275 472
1 18 2
173 738
1 10 2
175 304
1 9 2
134 281
1 4 2
246 254
1 13 2
83 281
1 11 2
738 768
1 4 2
212 243
1 11 2
565 799
1 16 2
218 789
1 6 2
49 166
1 6 2
537 731
1 14 2
100 329
1 20 2
489 593
1 8 2
137 338
1 11 2
98 749
1 7 2
222 335
1 11 2
336 340
1 14 2
327 449
1 19 2
221 626
1 4 2
219 461
1 8 2
183 785
1 5 2
236 582
1 19 2
62 443
1 6 2
177 366
1 20 2
528 607
1 9 2
195 583
1 3 2
47 672
1 5 2
687 740
1 10 2
362 701
1 16 2
493 569
1 9 2
185 477
1 16 2
93 173
1 8 2
531 750
1 12 2
620 696
1 11 2
146 647
1 12 2
115 716
1 10 2
36 407
1 10 2
588 683
1 8 2
2 279
1 6 2
27 342
1 16 2
256 449
1 13 2
586 715
1 11 2
342 662
1 4 2
138 494
1 8 2
484 746
1 14 2
484 784
1 10 2
2 276
1 6 2
274 588
1 12 2
251 400
1 3 2
67 314
1 10 2
355 560
1 2 2
500 617
1 8 2
175 711
1 5 2
189 775
1 13 2
258 571
1 6 2
553 558
1 10 2
484 509
1 10 2
251 622
1 7 2
393 655
1 8 2
83 664
1 7 2
112 115
1 8 2
87 711
1 14 2
480 780
1 11 2
659 789
1 14 2
4 583
1 12 2
387 452
1 5 2
375 757
1 4 2
87 293
1 5 2
84 320
1 11 2
209 230
1 10 2
63 257
1 12 2
100 799
1 6 2
286 296
1 9 2
111 777
1 10 2
99 663
1 7 2
2 124
1 9 2
89 446
1 6 2
401 787
1 11 2
578 763
1 13 2
174 779
1 5 2
69 510
1 17 2
490 540
1 4 2
664 694
1 5 2
267 798
1 9 2
169 371
1 10 2
392 588
1 14 2
20 485
1 12 2
691 718
1 7 2
332 716
1 5 2
376 623
1 12 2
362 590
1 11 2
173 775
1 2 2
60 202
1 18 2
295 691
1 13 2
13 261
1 14 2
91 247
1 14 2
38 183
1 11 2
216 562
1 12 2
164 798
1 10 2
70 676
1 9 2
523 664
1 8 2
337 454
1 7 2
731 792
1 18 2
361 767
1 9 2
135 455
1 5 2
364 594
1 16 2
51 708
1 4 2
122 230
1 15 2
453 654
1 20 2
626 643
1 18 2
22 407
1 4 2
298 311
1 10 2
350 630
1 4 2
548 698
1 11 2
644 713
1 4 2
216 417
1 16 2
224 637
1 12 2
163 358
1 13 2
300 620
1 9 2
423 783
1 12 2
294 776
1 14 2
507 673
1 18 2
472 651
1 16 2
409 697
1 14 2
159 479
1 8 2
421 560
1 13 2
168 453
1 20 2
493 784
1 14 2
117 467
1 16 2
547 638
1 17 2
182 368
1 5 2
449 684
1 20 2
443 567
1 16 2
150 347
1 11 2
443 468
1 14 2
91 426
1 9 2
403 622
1 12 2
430 477
1 7 2
178 750
1 9 2
283 745
1 11 2
661 777
1 7 2
526 732
1 10 2
531 719
1 9 2
3 780
1 14 2
182 217
1 5 2
175 586
1 14 2
64 120
1 12 2
30 509
1 14 2
299 579
1 20 2
105 593
1 12 2
55 348
1 11 2
288 786
1 15 2
77 595
1 15 2
18 359
1 18 2
433 593
1 20 2
123 350
1 15 2
79 388
1 10 2
576 638
1 9 2
178 754
1 10 2
304 465
1 9 2
441 511
1 8 2
98 160
1 15 2
221 521
1 7 2
15 47
1 8 2
208 690
1 5 2
119 742
1 16 2
579 633
1 18 2
363 379
1 18 2
504 616
1 16 2
362 683
1 3 2
500 753
1 9 2
451 544
1 6 2
37 662
1 11 2
19 631
1 7 2
112 174
1 19 2
259 481
1 12 2
30 264
1 8 2
250 727
1 14 2
227 489
1 19 2
117 452
1 17 2
347 508
1 8 2
326 406
1 9 2
91 400
1 15 2
534 765
1 18 2
385 706
1 20 2
188 782
1 8 2
445 620
1 7 2
459 611
1 8 2
665 747
1 10 2
696 799
1 15 2
359 782
1 12 2
223 579
1 14 2
434 671
1 8 2
303 576
1 17 2
61 80
1 7 2
171 596
1 10 2
518 705
1 15 2
107 403
1 20 2
385 674
1 19 2
502 767
1 13 2
11 660
1 9 2
56 706
1 10 2
131 598
1 7 2
307 362
1 16 2
430 562
1 9 2
237 482
1 7 2
7 78
1 11 2
121 406
1 13 2
218 532
1 11 2
414 671
1 16 2
329 765
1 7 2
171 392
1 10 2
190 495
1 16 2
415 451
1 12 2
188 294
1 9 2
132 140
1 11 2
157 503
1 12 2
348 521
1 6 2
234 743
1 10 2
3 406
1 10 2
421 605
1 11 2
66 478
1 9 2
296 479
1 6 2
13 650
1 7 2
108 310
1 16 2
89 736
1 5 2
21 473
1 12 2
80 158
1 13 2
434 609
1 4 2
48 563
1 9 2
150 668
1 12 2
288 747
1 8 2
447 787
1 17 2
178 250
1 9 2
0 576
1 8 2
37 749
1 14 2
537 776
1 10 2
152 768
1 8 2
513 667
1 10 2
102 595
1 16 2
82 330
1 16 2
637 712
1 3 2
39 766
1 11 2
160 406
1 5 2
219 320
1 12 2
217 591
1 3 2
175 179
1 8 2
231 666
1 5 2
395 757
1 11 2
452 775
1 12 2
400 464
1 4 2
353 772
1 7 2
234 665
1 8 2
231 302
1 3 2
136 233
1 5 2
56 655
1 16 2
208 489
1 16 2
358 667
1 14 2
573 794
1 13 2
318 567
1 8 2
44 656
1 9 2
81 717
1 14 2
152 406
1 6 2
477 653
1 13 2
225 780
1 11 2
65 443
1 10 2
430 475
1 11 2
712 734
1 6 2
8 161
1 11 2
452 648
1 8 2
45 317
1 3 2
436 594
1 13 2
184 401
1 12 2
99 150
1 16 2
517 562
1 11 2
577 749
1 17 2
341 481
1 8 2
509 578
1 6 2
225 242
1 16 2
358 619
1 5 2
419 510
1 19 2
55 597
1 4 2
285 423
1 18 2
443 763
1 14 2
504 740
1 18 2
18 501
1 7 2
447 723
1 12 2
659 700
1 7 2
250 429
1 16 2
131 517
1 19 2
643 706
1 15 2
472 525
1 11 2
159 537
1 9 2
34 565
1 8 2
163 286
1 4 2
557 705
1 3 2
69 228
1 7 2
255 550
1 8 2
159 473
1 7 2
338 468
1 17 2
283 359
1 5 2
343 566
1 6 2
65 576
1 9 2
42 210
1 7 2
354 422
1 11 2
193 497
1 4 2
207 421
1 16 2
521 647
1 17 2
35 159
1 9 2
310 780
1 4 2
75 440
1 6 2
745 798
1 9 2
47 637
1 3 2
29 223
1 16 2
638 751
1 14 2
126 133
1 13 2
640 763
1 13 2
647 799
1 16 2
70 305
1 2 2
634 790
1 12 2
249 716
1 12 2
53 137
1 5 2
189 743
1 20 2
493 643
1 9 2
350 351
1 7 2
475 746
1 10 2
163 609
1 16 2
738 767
1 14 2
42 522
1 7 2
249 788
1 8 2
47 406
1 19 2
200 674
1 10 2
194 541
1 9 2
19 690
1 12 2
406 552
1 12 2
249 433
1 8 2
202 616
1 11 2
483 779
1 17 2
40 131
1 8 2
99 496
1 5 2
118 565
1 15 2
607 608
1 17 2
162 567
1 16 2
89 605
1 16 2
410 620
1 12 2
720 784
1 15 2
301 350
1 8 2
544 610
1 16 2
45 157
1 14 2
481 625
1 3 2
87 397
1 10 2
22 416
1 13 2
240 605
1 9 2
167 562
1 5 2
403 506
1 10 2
30 612
1 10 2
324 565
1 7 2
111 498
1 6 2
95 416
1 14 2
562 734
1 18 2
182 221
1 5 2
187 356
1 5 2
148 427
1 12 2
367 595
1 12 2
63 715
1 11 2
225 652
1 13 2
94 340
1 15 2
552 776
1 18 2
361 725
1 12 2
137 722
1 17 2
301 626
1 12 2
224 676
1 6 2
314 495
1 14 2
247 625
1 10 2
325 363
1 13 2
129 403
1 3 2
444 739
1 15 2
66 531
1 4 2
130 632
1 9 2
592 663
1 14 2
2 596
1 9 2
154 778
1 15 2
561 585
1 8 2
148 680
1 13 2
489 632
1 7 2
365 738
1 4 2
124 466
1 7 2
628 751
1 7 2
371 612
1 15 2
54 660
1 10 2
609 625
1 8 2
249 753
1 10 2
324 432
1 9 2
392 670
1 11 2
140 777
1 13 2
509 700
1 9 2
394 635
1 10 2
339 786
1 17 2
43 712
1 7 2
38 645
1 16 2
525 776
1 13 2
468 489
1 6 2
8 655
1 11 2
45 484
1 9 2
442 626
1 11 2
681 766
1 10 2
105 634
1 10 2
129 510
1 9 2
254 660
1 9 2
317 697
1 15 2
363 713
1 15 2
45 596
1 8 2
82 704
1 13 2
312 452
1 6 2
167 532
1 5 2
494 554
1 10 2
152 484
1 17 2
82 305
1 13 2
114 638
1 11 2
16 776
1 11 2
347 587
1 6 2
23 240
1 8 2
231 527
1 15 2
141 618
1 8 2
296 736
1 11 2
12 199
1 4 2
31 293
1 12 2
627 768
1 11 2
239 341
1 7 2
364 631
1 17 2
169 394
1 8 2
134 565
1 19 2
253 763
1 9 2
192 776
1 9 2
386 588
1 14 2
561 767
1 13 2
133 591
1 10 2
149 363
1 12 2
546 569
1 7 2
519 606
1 8 2
409 419
1 8 2
68 433
1 13 2
245 299
1 6 2
642 771
1 12 2
32 134
1 20 2
618 651
1 4 2
156 263
1 15 2
94 779
1 20 2
35 426
1 16 2
573 779
1 7 2
31 38
1 7 2
692 774
1 17 2
62 713
1 7 2
406 553
1 18 2
43 531
1 10 2
82 690
1 17 2
490 502
1 9 2
260 620
1 6 2
548 655
1 5 2
648 668
1 9 2
497 746
1 11 2
193 217
1 9 2
524 660
1 8 2
1 133
1 13 2
26 798
1 5 2
37 269
1 15 2
443 525
1 5 2
513 551
1 6 2
68 270
1 6 2
313 623
1 11 2
527 596
1 17 2
188 657
1 9 2
175 651
1 13 2
565 593
1 13 2
738 771
1 8 2
191 298
1 15 2
13 593
1 8 2
197 380
1 10 2
481 491
1 6 2
401 721
1 11 2
44 567
1 12 2
158 794
1 7 2
301 650
1 13 2
560 579
1 15 2
32 479
1 7 2
532 611
1 13 2
75 182
1 12 2
256 690
1 8 2
193 753
1 11 2
48 683
1 7 2
510 703
1 13 2
256 640
1 5 2
154 594
1 9 2
22 219
1 14 2
55 400
1 17 2
159 651
1 16 2
596 597
1 11 2
226 479
1 18 2
4 394
1 11 2
385 649
1 13 2
19 64
1 12 2
288 571
1 4 2
72 310
1 18 2
602 603
1 13 2
224 300
1 5 2
7 497
1 11 2
34 370
1 7 2
631 746
1 11 2
25 259
1 15 2
194 352
1 10 2
265 570
1 9 2
347 729
1 14 2
325 660
1 3 2
201 313
1 3 2
313 486
1 9 2
407 690
1 10 2
670 751
1 16 2
2 415
1 7 2
364 398
1 9 2
199 276
1 9 2
119 622
1 11 2
363 393
1 9 2
199 690
1 10 2
45 586
1 12 2
142 218
1 8 2
565 781
1 9 2
8 178
1 13 2
0 66
1 9 2
94 772
1 12 2
531 614
1 11 2
180 279
1 10 2
473 489
1 2 2
375 404
1 5 2
189 437
1 14 2
618 760
1 7 2
190 666
1 8 2
517 589
1 7 2
335 424
1 6 2
73 95
1 11 2
350 468
1 12 2
93 792
1 13 2
488 501
1 7 2
569 714
1 9 2
37 523
1 12 2
34 361
1 18 2
97 253
1 9 2
127 467
1 10 2
240 371
1 10 2
350 448
1 16 2
347 749
1 8 2
659 746
1 4 2
260 431
1 16 2
46 636
1 3 2
419 487
1 10 2
35 116
1 3 2
450 755
1 18 2
379 633
1 10 2
302 509
1 6 2
414 549
1 13 2
300 706
1 13 2
381 407
1 11 2
62 793
1 14 2
59 261
1 17 2
94 426
1 4 2
72 142
1 14 2
383 782
1 15 2
523 789
1 6 2
63 85
1 12 2
80 303
1 12 2
157 354
1 8 2
45 378
1 8 2
258 758
1 11 2
667 690
1 6 2
338 720
1 6 2
143 448
1 11 2
592 713
1 6 2
138 160
1 6 2
36 458
1 16 2
430 671
1 8 2
95 580
1 7 2
444 471
1 15 2
573 744
1 8 2
418 667
1 7 2
632 649
1 13 2
603 623
1 5 2
65 263
1 17 2
407 683
1 12 2
217 573
1 5 2
30 762
1 18 2
35 651
1 11 2
223 327
1 12 2
405 659
1 3 2
262 277
1 18 2
55 330
1 10 2
11 490
1 19 2
117 194
1 10 2
634 776
1 15 2
257 638
1 5 2
719 781
1 14 2
596 789
1 10 2
106 636
1 13 2
198 348
1 11 2
199 732
1 11 2
146 764
1 9 2
206 529
1 10 2
280 562
1 7 2
255 503
1 13 2
79 740
1 6 2
617 730
1 9 2
76 142
1 11 2
497 556
1 9 2
570 625
1 7 2
264 444
1 6 2
366 367
1 11 2
37 482
1 14 2
713 749
1 17 2
32 409
1 11 2
40 496
1 9 2
76 414
1 11 2
9 321
1 13 2
394 475
1 9 2
622 699
1 6 2
197 399
1 8 2
167 341
1 18 2
82 261
1 16 2
107 571
1 15 2
162 638
1 15 2
370 573
1 15 2
111 712
1 5 2
290 337
1 7 2
486 616
1 11 2
101 620
1 11 2
381 451
1 14 2
554 607
1 14 2
485 625
1 9 2
88 277
1 6 2
68 457
1 15 2
78 459
1 9 2
273 340
1 9 2
352 511
1 6 2
1 364
1 10 2
634 796
1 16 2
111 426
1 16 2
402 764
1 7 2
238 605
1 15 2
74 502
1 4 2
364 687
1 9 2
118 173
1 16 2
105 509
1 8 2
178 266
1 17 2
61 392
1 13 2
191 749
1 17 2
32 795
1 8 2
424 426
1 4 2
113 592
1 12 2
554 647
1 9 2
3 93
1 9 2
305 416
1 4 2
460 640
1 3 2
456 486
1 9 2
66 726
1 4 2
357 632
1 10 2
82 260
1 17 2
131 715
1 11 2
602 664
1 13 2
55 143
1 8 2
536 627
1 15 2
89 439
1 7 2
536 685
1 6 2
381 630
1 6 2
516 554
1 11 2
88 756
1 5 2
308 781
1 5 2
175 768
1 18 2
250 540
1 7 2
439 617
1 13 2
74 583
1 10 2
12 240
1 9 2
22 151
1 7 2
326 534
1 7 2
64 96
1 7 2
65 530
1 17 2
504 789
1 10 2
643 788
1 12 2
352 619
1 11 2
51 65
1 9 2
134 783
1 5 2
87 676
1 13 2
259 371
1 6 2
197 621
1 11 2
287 746
1 12 2
143 784
1 11 2
321 756
1 8 2
410 634
1 18 2
547 595
1 6 2
9 682
1 5 2
382 496
1 12 2
497 558
1 9 2
473 637
1 8 2
626 684
1 8 2
404 654
1 12 2
182 319
1 7 2
39 713
1 8 2
216 609
1 9 2
452 687
1 20 2
43 61
1 12 2
542 571
1 12 2
248 789
1 12 2
240 529
1 14 2
59 350
1 15 2
583 597
1 8 2
246 560
1 19 2
183 415
1 8 2
287 533
1 11 2
303 577
1 8 2
170 295
1 12 2
674 777
1 17 2
194 569
1 17 2
35 780
1 10 2
466 467
1 11 2
123 752
1 7 2
192 224
1 6 2
676 701
1 17 2
203 221
1 14 2
200 561
1 8 2
193 233
1 7 2
478 770
1 15 2
193 616
1 7 2
68 258
1 12 2
352 783
1 9 2
12 488
1 10 2
552 769
1 15 2
604 693
1 14 2
15 407
1 7 2
220 223
1 7 2
74 151
1 19 2
51 304
1 13 2
74 786
1 9 2
25 368
1 4 2
96 351
1 13 2
631 715
1 7 2
478 698
1 4 2
376 735
1 18 2
321 540
1 7 2
392 728
1 15 2
372 784
1 16 2
158 567
1 12 2
713 718
1 12 2
406 640
1 18 2
120 604
1 7 2
15 630
1 16 2
62 569
1 7 2
151 654
1 17 2
481 490
1 7 2
251 582
1 13 2
19 161
1 9 2
135 647
1 11 2
12 406
1 8 2
99 458
1 13 2
281 615
1 14 2
409 577
1 9 2
144 761
1 3 2
52 797
1 18 2
385 579
1 10 2
135 402
1 10 2
22 49
1 11 2
53 756
1 17 2
78 368
1 13 2
227 377
1 4 2
103 598
1 14 2
193 407
1 10 2
43 437
1 4 2
310 677
1 11 2
33 115
1 7 2
43 374
1 11 2
296 335
1 9 2
177 749
1 16 2
716 795
1 12 2
328 669
1 8 2
215 467
1 12 2
78 174
1 14 2
288 695
1 10 2
20 769
1 16 2
480 691
1 13 2
206 585
1 16 2
409 759
1 6 2
700 741
1 13 2
155 218
1 13 2
257 529
1 14 2
129 691
1 6 2
463 636
1 10 2
489 787
1 15 2
203 667
1 7 2
150 646
1 6 2
555 588
1 11 2
196 638
1 7 2
367 381
1 9 2
422 706
1 9 2
537 538
1 10 2
33 590
1 5 2
37 279
1 16 2
2 295
1 9 2
595 739
1 15 2
695 699
1 12 2
26 405
1 11 2
248 255
1 9 2
558 768
1 4 2
332 544
1 11 2
126 339
1 12 2
666 681
1 16 2
117 150
1 5 2
578 689
1 10 2
17 699
1 17 2
715 738
1 13 2
352 795
1 14 2
512 736
1 10 2
112 434
1 9 2
496 623
1 9 2
457 529
1 18 2
287 330
1 11 2
512 658
1 3 2
351 548
1 13 2
197 245
1 4 2
142 533
1 7 2
299 664
1 12 2
319 763
1 14 2
4 433
1 10 2
470 620
1 10 2
273 569
1 11 2
561 730
1 11 2
10 455
1 13 2
302 452
1 11 2
100 328
1 10 2
690 692
1 15 2
225 521
1 15 2
683 716
1 8 2
505 691
1 18 2
123 688
1 10 2
155 197
1 11 2
497 565
1 6 2
468 676
1 11 2
379 431
1 16 2
493 747
1 12 2
287 655
1 12 2
346 696
1 11 2
296 767
1 12 2
51 662
1 10 2
256 505
1 11 2
2 255
1 18 2
40 482
1 17 2
515 660
1 9 2
301 675
1 6 2
192 439
1 4 2
314 317
1 9 2
66 204
1 2 2
213 486
1 16 2
100 616
1 14 2
100 410
1 16 2
55 66
1 16 2
329 691
1 10 2
247 717
1 14 2
189 784
1 18 2
295 409
1 6 2
550 781
1 11 2
13 749
1 7 2
324 411
1 15 2
19 410
1 11 2
57 782
1 6 2
260 428
1 13 2
481 655
1 8 2
483 570
1 12 2
59 434
1 14 2
4 447
1 18 2
346 784
1 11 2
169 610
1 7 2
124 706
1 12 2
34 712
1 15 2
26 695
1 11 2
275 493
1 6 2
255 284
1 5 2
323 649
1 6 2
80 621
1 9 2
195 199
1 17 2
97 178
1 10 2
312 771
1 7 2
59 686
1 16 2
261 363
1 16 2
452 716
1 14 2
359 521
1 5 2
31 526
1 14 2
626 718
1 16 2
467 602
1 15 2
335 716
1 9 2
306 441
1 9 2
597 634
1 16 2
46 620
1 7 2
605 650
1 9 2
89 417
1 13 2
467 692
1 20 2
123 493
1 6 2
420 786
1 8 2
476 767
1 11 2
656 673
1 11 2
614 669
1 8 2
178 213
1 15 2
403 674
1 2 2
724 727
1 10 2
296 377
1 7 2
220 315
1 12 2
107 373
1 6 2
125 757
1 13 2
523 702
1 16 2
35 716
1 12 2
178 478
1 9 2
100 542
1 17 2
379 583
1 9 2
355 676
1 6 2
590 754
1 4 2
154 289
1 11 2
200 600
1 8 2
366 786
1 10 2
738 753
1 7 2
450 738
1 5 2
524 559
1 14 2
255 305
1 18 2
22 667
1 9 2
386 454
1 7 2
15 417
1 18 2
82 139
1 17 2
221 540
1 10 2
61 613
1 12 2
352 361
1 17 2
691 767
1 3 2
8 704
1 15 2
225 257
1 11 2
15 561
1 8 2
121 614
1 12 2
377 640
1 3 2
210 574
1 13 2
231 489
1 20 2
140 784
1 14 2
70 712
1 9 2
299 356
1 15 2
585 718
1 10 2
66 454
1 3 2
629 664
1 5 2
64 67
1 13 2
54 789
1 7 2
132 441
1 15 2
434 523
1 15 2
489 525
1 3 2
419 672
1 9 2
139 723
1 11 2
529 656
1 12 2
503 784
1 10 2
451 612
1 11 2
360 688
1 19 2
40 767
1 4 2
34 563
1 15 2
692 736
1 3 2
271 419
1 10 2
265 534
1 3 2
87 473
1 12 2
256 601
1 18 2
283 346
1 11 2
239 706
1 12 2
70 527
1 16 2
256 441
1 6 2
181 414
1 6 2
181 770
1 9 2
431 685
1 13 2
158 512
1 3 2
1 513
1 7 2
146 212
1 13 2
467 780
1 9 2
579 797
1 17 2
100 796
1 13 2
346 532
1 15 2
259 625
1 13 2
208 441
1 10 2
33 622
1 10 2
255 303
1 8 2
688 733
1 4 2
396 487
1 9 2
520 647
1 11 2
48 637
1 6 2
338 416
1 18 2
183 329
1 19 2
627 681
1 11 2
94 356
1 15 2
131 736
1 18 2
120 388
1 12 2
337 384
1 15 2
368 388
1 7 2
449 694
1 18 2
572 795
1 15 2
82 558
1 12 2
168 169
1 9 2
189 449
1 8 2
34 387
1 9 2
0 768
1 17 2
569 643
1 11 2
356 571
1 18 2
295 751
1 10 2
380 636
1 17 2
182 764
1 12 2
62 195
1 13 2
85 493
1 7 2
67 111
1 19 2
55 782
1 5 2
186 580
1 13 2
34 579
1 12 2
423 643
1 8 2
620 698
1 17 2
327 784
1 10 2
12 392
1 18 2
347 688
1 14 2
105 149
1 17 2
35 94
1 9 2
256 389
1 17 2
412 521
1 10 2
364 654
1 13 2
502 532
1 16 2
79 159
1 4 2
50 195
1 15 2
77 795
1 17 2
120 443
1 9 2
391 540
1 18 2
607 620
1 7 2
190 278
1 11 2
392 527
1 12 2
247 466
1 12 2
197 363
1 16 2
558 681
1 19 2
452 626
1 14 2
141 504
1 17 2
583 626
1 7 2
623 752
1 13 2
18 565
1 16 2
33 688
1 12 2
142 426
1 14 2
225 331
1 7 2
103 644
1 11 2
705 722
1 12 2
256 768
1 5 2
11 664
1 11 2
614 671
1 16 2
481 508
1 11 2
95 388
1 12 2
434 559
1 11 2
481 756
1 16 2
394 583
1 18 2
452 637
1 3 2
201 549
1 8 2
251 723
1 10 2
748 749
1 19 2
358 725
1 6 2
367 456
1 14 2
508 799
1 8 2
205 644
1 20 2
607 626
1 8 2
519 532
1 7 2
69 169
1 11 2
106 157
1 13 2
196 688
1 10 2
97 215
1 15 2
481 561
1 10 2
233 250
1 10 2
410 423
1 13 2
443 655
1 7 2
390 681
1 14 2
615 706
1 11 2
64 264
1 12 2
283 649
1 15 2
361 547
1 17 2
609 660
1 4 2
106 311
1 9 2
183 642
1 16 2
94 485
1 11 2
184 775
1 9 2
216 712
1 6 2
187 608
1 15 2
62 268
1 14 2
38 528
1 10 2
107 717
1 9 2
34 529
1 13 2
160 607
1 13 2
394 622
1 11 2
70 302
1 18 2
123 162
1 10 2
459 732
1 13 2
173 325
1 14 2
0 751
1 7 2
391 430
1 15 2
252 691
1 13 2
430 771
1 16 2
43 434
1 18 2
123 547
1 12 2
25 194
1 7 2
33 408
1 19 2
53 183
1 12 2
172 756
1 13 2
191 517
1 6 2
28 191
1 15 2
430 558
1 9 2
406 682
1 10 2
200 276
1 9 2
156 502
1 14 2
199 736
1 13 2
117 560
1 8 2
46 494
1 6 2
14 515
1 9 2
20 255
1 11 2
19 432
1 15 2
523 571
1 5 2
215 717
1 16 2
305 700
1 16 2
53 712
1 9 2
494 579
1 14 2
508 571
1 2 2
709 775
1 18 2
35 199
1 7 2
467 557
1 7 2
48 606
1 11 2
354 558
1 17 2
123 324
1 10 2
190 400
1 15 2
349 663
1 15 2
172 478
1 17 2
184 363
1 4 2
20 344
1 7 2
115 719
1 12 2
157 286
1 16 2
316 660
1 5 2
702 704
1 18 2
301 602
1 8 2
696 726
1 14 2
77 82
1 15 2
218 609
1 10 2
323 349
1 12 2
178 206
1 10 2
620 648
1 5 2
149 238
1 13 2
356 585
1 15 2
384 531
1 9 2
298 402
1 10 2
379 416
1 9 2
47 321
1 10 2
641 668
1 10 2
107 678
1 6 2
277 328
1 9 2
17 246
1 12 2
191 400
1 9 2
452 755
1 16 2
43 152
1 6 2
130 150
1 11 2
588 667
1 11 2
110 120
1 9 2
341 526
1 14 2
560 567
1 7 2
99 710
1 8 2
284 434
1 12 2
161 619
1 13 2
33 340
1 12 2
402 652
1 10 2
658 757
1 16 2
53 490
1 9 2
262 795
1 3 2
494 548
1 12 2
453 707
1 16 2
126 716
1 7 2
363 742
1 18 2
40 779
1 12 2
120 461
1 7 2
372 520
1 11 2
12 159
1 4 2
37 686
1 18 2
88 426
1 15 2
54 305
1 13 2
33 697
1 5 2
425 632
1 17 2
169 540
1 6 2
397 786
1 7 2
145 203
1 3 2
298 446
1 16 2
384 595
1 6 2
366 580
1 15 2
82 225
1 9 2
59 220
1 17 2
245 507
1 14 2
288 708
1 17 2
198 693
1 14 2
327 693
1 6 2
76 729
1 11 2
354 713
1 20 2
261 349
1 12 2
54 301
1 10 2
88 317
1 10 2
409 587
1 16 2
158 259
1 16 2
518 667
1 11 2
381 467
1 5 2
156 161
1 8 2
387 477
1 12 2
624 627
1 5 2
31 690
1 19 2
55 528
1 12 2
292 763
1 11 2
421 697
1 18 2
247 531
1 7 2
326 757
1 15 2
633 711
1 9 2
22 687
1 17 2
331 620
1 16 2
51 603
1 8 2
433 445
1 12 2
552 751
1 6 2
204 491
1 13 2
78 475
1 9 2
133 756
1 9 2
156 184
1 2 2
244 739
1 13 2
265 620
1 18 2
700 784
1 13 2
259 325
1 7 2
205 286
1 3 2
7 106
1 17 2
377 518
1 8 2
124 695
1 10 2
316 352
1 19 2
194 329
1 14 2
158 715
1 18 2
173 455
1 7 2
327 621
1 5 2
291 381
1 5 2
202 286
1 7 2
532 650
1 10 2
475 517
1 7 2
399 447
1 9 2
12 249
1 19 2
194 765
1 6 2
447 762
1 6 2
360 519
1 11 2
194 353
1 16 2
433 472
1 17 2
53 795
1 14 2
157 605
1 14 2
363 780
1 4 2
513 606
1 8 2
146 546
1 11 2
554 789
1 11 2
328 711
1 9 2
372 769
1 12 2
300 358
1 17 2
157 224
1 12 2
163 370
1 14 2
120 208
1 19 2
172 358
1 12 2
350 542
1 5 2
186 670
1 3 2
276 684
1 11 2
95 479
1 9 2
537 658
1 15 2
30 607
1 13 2
109 558
1 13 2
95 183
1 8 2
224 442
1 6 2
446 659
1 6 2
317 614
1 7 2
339 543
1 15 2
89 609
1 14 2
451 722
1 16 2
172 792
1 9 2
447 631
1 11 2
66 320
1 14 2
54 531
1 16 2
105 515
1 8 2
38 87
1 4 2
514 564
1 12 2
76 77
1 11 2
4 592
1 12 2
299 361
1 8 2
127 792
1 9 2
507 566
1 6 2
12 516
1 18 2
82 452
1 12 2
287 707
1 10 2
13 732
1 11 2
206 615
1 11 2
422 482
1 10 2
140 568
1 18 2
426 688
1 11 2
405 537
1 20 2
472 540
1 7 2
143 319
1 7 2
203 351
1 11 2
362 371
1 3 2
628 797
1 16 2
287 596
1 16 2
441 443
1 12 2
217 327
1 7 2
134 601
1 16 2
523 572
1 11 2
148 674
1 9 2
298 518
1 13 2
45 386
1 19 2
97 172
1 4 2
280 690
1 12 2
100 252
1 4 2
202 587
1 11 2
368 421
1 12 2
398 627
1 11 2
409 432
1 10 2
583 675
1 11 2
204 706
1 11 2
197 400
1 6 2
467 737
1 17 2
140 569
1 19 2
571 725
1 14 2
107 546
1 14 2
386 426
1 9 2
171 643
1 13 2
511 540
1 11 2
360 521
1 10 2
44 795
1 9 2
550 654
1 12 2
392 640
1 11 2
223 571
1 16 2
89 441
1 8 2
29 593
1 17 2
447 602
1 13 2
368 459
1 16 2
252 304
1 9 2
112 252
1 5 2
12 417
1 16 2
129 507
1 6 2
621 759
1 9 2
111 306
1 12 2
55 555
1 8 2
330 589
1 8 2
75 469
1 12 2
257 659
1 3 2
269 790
1 17 2
82 358
1 18 2
361 784
1 14 2
76 80
1 10 2
100 325
1 16 2
656 782
1 5 2
177 594
1 20 2
259 796
1 13 2
623 647
1 17 2
521 669
1 13 2
478 744
1 15 2
115 194
1 7 2
177 696
1 14 2
299 472
1 16 2
700 712
1 12 2
74 546
1 13 2
496 572
1 6 2
387 675
1 8 2
191 668
1 9 2
360 711
1 12 2
141 517
1 10 2
256 721
1 11 2
45 696
1 8 2
20 360
1 10 2
346 734
1 13 2
150 794
1 4 2
177 214
1 12 2
464 730
1 18 2
24 585
1 20 2
123 173
1 13 2
352 409
1 7 2
71 135
1 8 2
111 775
1 7 2
36 236
1 6 2
245 332
1 11 2
349 491
1 11 2
277 394
1 4 2
192 325
1 10 2
380 647
1 10 2
392 551
1 7 2
203 486
1 7 2
25 338
1 15 2
117 794
1 8 2
44 129
1 11 2
323 641
1 9 2
558 580
1 16 2
139 508
1 14 2
596 605
1 7 2
290 657
1 5 2
27 359
1 13 2
394 696
1 11 2
35 195
1 14 2
258 305
1 14 2
129 667
1 9 2
97 195
1 6 2
344 692
1 8 2
396 546
1 14 2
22 532
1 11 2
183 483
1 10 2
202 481
1 5 2
69 614
1 10 2
615 758
1 11 2
115 792
1 6 2
174 686
1 12 2
123 550
1 20 2
198 660
1 8 2
84 697
1 6 2
92 530
1 9 2
515 543
1 8 2
155 612
1 8 2
428 756
1 6 2
450 631
1 14 2
532 602
1 7 2
236 461
1 6 2
432 705
1 12 2
362 438
1 7 2
46 72
1 5 2
246 598
1 4 2
190 553
1 10 2
193 320
1 7 2
21 631
1 16 2
736 776
1 14 2
654 691
1 7 2
15 788
1 8 2
381 777
1 14 2
659 765
1 7 2
377 566
1 14 2
258 626
1 17 2
81 607
1 14 2
18 340
1 13 2
258 651
1 11 2
81 234
1 11 2
700 740
1 13 2
530 643
1 9 2
474 711
1 10 2
319 359
1 19 2
247 595
1 10 2
620 752
1 13 2
251 478
1 10 2
431 681
1 16 2
18 363
1 17 2
221 349
1 7 2
659 682
1 13 2
2 738
1 13 2
525 591
1 17 2
452 620
1 11 2
431 782
1 9 2
388 549
1 17 2
261 479
1 16 2
245 407
1 17 2
139 402
1 12 2
560 713
1 10 2
172 611
1 14 2
633 663
1 15 2
173 400
1 7 2
128 451
1 3 2
138 351
1 10 2
671 678
1 7 2
417 610
1 5 2
539 612
1 10 2
81 149
1 2 2
69 574
1 7 2
600 622
1 6 2
116 217
1 12 2
245 565
1 8 2
486 593
1 15 2
381 481
1 10 2
117 775
1 13 2
83 301
1 17 2
747 796
1 9 2
132 531
1 6 2
621 730
1 12 2
185 452
1 12 2
583 699
1 16 2
114 394
1 19 2
105 224
1 14 2
680 691
1 5 2
371 752
1 7 2
301 514
1 8 2
669 745
1 19 2
415 485
1 7 2
210 792
1 6 2
606 791
1 10 2
101 430
1 9 2
2 682
1 12 2
183 466
1 7 2
227 726
1 13 2
502 601
1 12 2
600 607
1 10 2
491 669
1 4 2
486 702
1 11 2
210 776
1 15 2
547 609
1 17 2
259 301
1 18 2
182 531
1 19 2
287 485
1 7 2
240 642
1 12 2
336 619
1 17 2
452 508
1 20 2
62 627
1 18 2
626 722
1 12 2
412 414
1 16 2
528 713
1 15 2
430 637
1 12 2
711 798
1 10 2
115 208
1 17 2
70 597
1 7 2
220 648
1 8 2
409 727
1 10 2
407 474
1 11 2
320 523
1 7 2
149 555
1 11 2
328 517
1 14 2
255 379
1 9 2
384 760
1 11 2
428 713
1 10 2
143 713
1 4 2
52 710
1 12 2
206 250
1 6 2
63 576
1 16 2
159 528
1 14 2
20 767
1 7 2
160 401
1 7 2
31 556
1 6 2
84 265
1 6 2
30 754
1 16 2
193 394
1 6 2
434 506
1 2 2
39 589
1 10 2
334 593
1 15 2
434 528
1 13 2
35 624
1 19 2
198 507
1 9 2
525 601
1 7 2
132 783
1 4 2
85 762
1 17 2
433 504
1 9 2
93 189
1 13 2
255 347
1 9 2
37 203
1 7 2
24 737
1 17 2
40 199
1 14 2
53 265
1 8 2
249 496
1 13 2
90 795
1 7 2
37 119
1 11 2
306 784
1 7 2
224 266
1 14 2
90 593
1 7 2
360 644
1 7 2
458 590
1 8 2
435 475
1 10 2
443 664
1 6 2
220 770
1 8 2
274 359
1 14 2
619 789
1 17 2
180 508
1 9 2
657 701
1 11 2
3 330
1 11 2
538 759
1 5 2
252 741
1 14 2
316 547
1 19 2
157 618
1 8 2
450 636
1 15 2
157 341
1 3 2
516 724
1 13 2
626 746
1 17 2
97 203
1 11 2
281 592
1 14 2
512 722
1 14 2
455 609
1 5 2
36 308
1 10 2
32 516
1 5 2
143 524
1 14 2
316 651
1 8 2
336 781
1 15 2
183 336
1 9 2
81 793
1 12 2
392 529
1 14 2
659 691
1 15 2
193 256
1 7 2
197 473
1 12 2
46 748
1 14 2
625 763
1 9 2
469 577
1 3 2
211 448
1 8 2
50 224
1 8 2
117 211
1 17 2
410 688
1 17 2
80 595
1 6 2
75 766
1 20 2
172 489
1 9 2
64 530
1 17 2
327 692
1 10 2
415 564
1 8 2
387 400
1 5 2
75 642
1 8 2
702 756
1 18 2
259 455
1 4 2
648 733
1 12 2
89 510
1 14 2
119 604
1 10 2
156 188
1 8 2
98 705
1 13 2
82 300
1 13 2
573 655
1 3 2
241 456
1 10 2
475 751
1 10 2
347 483
1 14 2
268 287
1 15 2
309 493
1 10 2
32 526
1 12 2
699 738
1 20 2
256 493
1 12 2
46 98
1 14 2
744 783
1 13 2
15 711
1 7 2
136 620
1 6 2
95 293
1 20 2
120 782
1 17 2
194 240
1 17 2
19 32
1 7 2
238 368
1 7 2
258 679
1 16 2
247 780
1 8 2
167 786
1 8 2
383 666
1 18 2
247 361
1 7 2
408 667
1 12 2
204 681
1 7 2
545 747
1 10 2
248 658
1 11 2
384 530
1 13 2
304 622
1 15 2
596 751
1 9 2
561 718
1 12 2
177 377
1 16 2
256 605
1 10 2
30 527
1 13 2
327 559
1 18 2
452 688
1 13 2
15 152
1 19 2
131 259
1 8 2
502 617
1 5 2
233 564
1 20 2
188 796
1 6 2
372 797
1 15 2
464 688
1 14 2
736 751
1 14 2
129 490
1 15 2
370 712
1 14 2
245 697
1 3 2
254 664
1 6 2
134 576
1 6 2
466 503
1 4 2
86 255
1 8 2
363 672
1 4 2
21 787
1 6 2
353 423
1 14 2
300 593
1 7 2
378 386
1 4 2
47 292
1 11 2
773 795
1 11 2
18 286
1 9 2
71 510
1 13 2
164 747
1 8 2
239 510
1 5 2
3 694
1 9 2
210 573
1 14 2
657 792
1 7 2
303 448
1 14 2
522 638
1 17 2
247 368
1 11 2
708 735
1 18 2
22 224
1 10 2
216 667
1 20 2
183 595
1 11 2
37 604
1 11 2
387 715
1 11 2
191 532
1 5 2
280 614
1 13 2
667 798
1 4 2
246 536
1 8 2
659 758
1 19 2
88 105
1 15 2
316 489
1 5 2
279 758
1 7 2
628 683
1 16 2
281 782
1 12 2
510 593
1 18 2
259 370
1 13 2
565 616
1 10 2
411 695
1 9 2
680 696
1 5 2
308 710
1 12 2
15 478
1 16 2
447 521
1 11 2
501 705
1 11 2
508 655
1 8 2
257 754
1 9 2
620 788
1 13 2
264 783
1 9 2
172 243
1 9 2
169 393
1 11 2
434 475
1 7 2
5 722
1 4 2
214 461
1 8 2
203 650
1 16 2
669 691
1 7 2
166 720
1 9 2
126 376
1 18 2
184 327
1 9 2
163 659
1 6 2
269 364
1 10 2
34 640
1 7 2
112 469
1 18 2
671 674
1 7 2
37 54
1 13 2
166 782
1 12 2
732 751
1 9 2
96 609
1 12 2
414 593
1 8 2
311 712
1 20 2
62 184
1 7 2
192 199
1 6 2
80 232
1 14 2
471 660
1 14 2
131 144
1 9 2
175 683
1 16 2
452 780
1 10 2
91 98
1 19 2
178 304
1 10 2
325 509
1 12 2
651 753
1 12 2
655 738
1 11 2
93 552
1 5 2
431 775
1 6 2
146 456
1 17 2
80 140
1 15 2
481 757
1 13 2
230 253
1 16 2
33 117
1 5 2
366 445
1 5 2
237 503
1 17 2
55 162
1 8 2
564 609
1 9 2
150 216
1 9 2
439 474
1 10 2
701 795
1 9 2
353 799
1 4 2
12 104
1 13 2
556 603
1 3 2
187 668
1 3 2
395 550
1 17 2
330 452
1 6 2
133 709
1 6 2
658 664
1 3 2
116 389
1 15 2
518 691
1 10 2
433 511
1 15 2
247 798
1 12 2
331 734
1 8 2
88 213
1 10 2
257 366
1 3 2
145 634
1 11 2
292 540
1 19 2
256 562
1 10 2
112 405
1 9 2
281 339
1 13 2
139 740
1 13 2
190 489
1 13 2
249 715
1 3 2
594 750
1 12 2
372 616
1 11 2
217 596
1 14 2
517 736
1 10 2
2 519
1 19 2
183 572
1 16 2
139 433
1 3 2
116 745
1 17 2
183 657
1 9 2
95 115
1 16 2
517 572
1 4 2
543 709
1 7 2
312 753
1 11 2
74 181
1 12 2
15 109
1 9 2
158 401
1 12 2
341 477
1 6 2
568 758
1 17 2
547 688
1 8 2
236 435
1 7 2
141 396
1 20 2
283 593
1 15 2
464 712
1 8 2
152 334
1 13 2
305 488
1 12 2
155 157
1 7 2
472 774
1 9 2
482 787
1 6 2
300 787
1 3 2
285 689
1 8 2
596 672
1 9 2
210 301
1 9 2
278 789
1 13 2
180 696
1 9 2
128 256
1 8 2
209 483
1 9 2
44 596
1 8 2
32 613
1 13 2
18 625
1 12 2
95 327
1 14 2
51 495
1 18 2
410 607
1 17 2
385 509
1 10 2
370 580
1 6 2
162 563
1 6 2
95 686
1 11 2
682 763
1 19 2
55 595
1 18 2
409 660
1 14 2
53 529
1 15 2
46 747
1 9 2
339 605
1 18 2
430 782
1 3 2
460 694
1 11 2
596 676
1 13 2
253 599
1 12 2
534 699
1 6 2
30 351
1 14 2
190 796
1 17 2
221 261
1 11 2
226 370
1 9 2
228 335
1 7 2
81 787
1 17 2
18 182
1 7 2
513 517
1 10 2
74 319
1 8 2
20 25
1 7 2
29 619
1 11 2
438 647
1 14 2
253 488
1 19 2
173 715
1 8 2
134 338
1 6 2
96 580
1 7 2
12 720
1 11 2
245 740
1 11 2
3 162
1 12 2
155 647
1 10 2
605 676
1 3 2
153 339
1 13 2
32 590
1 15 2
480 531
1 7 2
272 603
1 10 2
4 590
1 14 2
22 352
1 9 2
239 730
1 15 2
455 751
1 17 2
88 415
1 17 2
78 619
1 10 2
284 504
1 14 2
370 447
1 9 2
413 567
1 5 2
41 217
1 7 2
0 539
1 12 2
275 593
1 9 2
100 134
1 10 2
54 328
1 10 2
70 432
1 12 2
94 303
1 13 2
146 256
1 10 2
212 547
1 20 2
43 472
1 10 2
164 299
1 11 2
77 495
1 13 2
3 61
1 7 2
216 386
1 6 2
437 471
1 18 2
579 669
1 10 2
123 411
1 11 2
511 779
1 17 2
188 713
1 18 2
358 782
1 4 2
212 219
1 15 2
42 78
1 16 2
363 669
1 17 2
504 711
1 9 2
226 538
1 18 2
203 412
1 3 2
719 724
1 11 2
15 71
1 7 2
8 158
1 19 2
55 250
1 14 2
71 107
1 9 2
295 772
1 16 2
18 388
1 7 2
523 541
1 15 2
97 736
1 3 2
266 322
1 15 2
81 674
1 14 2
379 546
1 10 2
166 301
1 7 2
4 365
1 17 2
502 691
1 9 2
64 356
1 4 2
650 773
1 18 2
305 779
1 9 2
83 393
1 16 2
78 159
1 13 2
781 796
1 20 2
140 674
1 9 2
33 456
1 6 2
146 775
1 13 2
350 748
1 13 2
287 559
1 13 2
168 751
1 3 2
202 737
1 13 2
757 764
1 11 2
208 316
1 12 2
166 327
1 16 2
406 562
1 10 2
534 601
1 10 2
240 614
1 10 2
103 528
1 10 2
55 650
1 8 2
650 789
1 10 2
313 595
1 10 2
75 522
1 10 2
273 656
1 19 2
305 782
1 14 2
119 172
1 14 2
168 379
1 11 2
95 301
1 7 2
565 793
1 10 2
96 697
1 12 2
61 110
1 15 2
162 518
1 6 2
460 657
1 17 2
62 512
1 9 2
173 238
1 14 2
722 771
1 14 2
218 373
1 7 2
245 653
1 7 2
163 568
1 3 2
214 717
1 13 2
218 255
1 17 2
117 406
1 12 2
157 496
1 15 2
45 209
1 10 2
473 567
1 8 2
709 796
1 9 2
527 640
1 11 2
31 259
1 13 2
217 485
1 8 2
13 348
1 12 2
40 302
1 11 2
209 484
1 7 2
160 239
1 5 2
164 727
1 5 2
156 592
1 4 2
682 737
1 11 2
178 461
1 8 2
47 447
1 13 2
451 459
1 5 2
601 714
1 16 2
449 681
1 14 2
131 164
1 17 2
512 796
1 9 2
245 317
1 17 2
78 377
1 11 2
155 685
1 7 2
213 771
1 17 2
83 218
1 9 2
4 465
1 11 2
372 433
1 4 2
101 375
1 9 2
379 420
1 13 2
95 250
1 19 2
89 157
1 8 2
434 584
1 5 2
375 560
1 9 2
79 425
1 3 2
86 665
1 11 2
320 449
1 10 2
716 748
1 10 2
491 540
1 7 2
410 653
1 2 2
52 774
1 6 2
275 457
1 10 2
487 593
1 4 2
550 630
1 15 2
547 799
1 13 2
384 518
1 16 2
534 688
1 4 2
435 709
1 12 2
131 343
1 9 2
35 369
1 7 2
430 729
1 11 2
298 572
1 7 2
267 637
1 19 2
62 295
1 13 2
143 304
1 13 2
30 764
1 5 2
5 258
1 5 2
6 319
1 10 2
402 758
1 11 2
161 517
1 13 2
259 383
1 13 2
120 146
1 17 2
507 747
1 9 2
99 478
1 15 2
43 240
1 5 2
354 369
1 4 2
337 563
1 6 2
197 241
1 13 2
159 301
1 8 2
74 279
1 10 2
469 656
1 12 2
20 225
1 5 2
473 781
1 10 2
183 437
1 11 2
18 63
1 10 2
328 619
1 5 2
23 71
1 16 2
89 346
1 11 2
318 453
1 7 2
243 616
1 3 2
564 727
1 11 2
295 431
1 11 2
573 592
1 8 2
102 405
1 10 2
683 735
1 10 2
15 696
1 6 2
160 470
1 9 2
152 458
1 15 2
26 597
1 18 2
188 329
1 6 2
444 622
1 8 2
311 392
1 9 2
87 152
1 19 2
157 349
1 12 2
70 227
1 12 2
117 371
1 9 2
92 764
1 15 2
100 765
1 12 2
310 501
1 6 2
109 124
1 10 2
19 36
1 13 2
144 591
1 18 2
415 604
1 15 2
30 218
1 7 2
289 638
1 14 2
140 740
1 6 2
496 701
1 10 2
66 614
1 10 2
624 654
1 17 2
32 295
1 9 2
55 545
1 14 2
94 301
1 12 2
433 608
1 7 2
217 689
1 17 2
182 657
1 8 2
72 692
1 10 2
4 215
1 13 2
352 683
1 11 2
82 601
1 15 2
131 225
1 10 2
63 330
1 15 2
24 94
1 10 2
348 370
1 14 2
59 502
1 6 2
369 488
1 8 2
137 373
1 15 2
265 412
1 9 2
203 380
1 10 2
196 509
1 14 2
0 159
1 13 2
388 680
1 6 2
284 475
1 11 2
85 250
1 15 2
126 370
1 9 2
551 590
1 9 2
183 419
1 10 2
386 599
1 8 2
418 681
1 18 2
152 180
1 12 2
227 569
1 16 2
509 572
1 15 2
54 767
1 9 2
362 378
1 13 2
198 231
1 7 2
230 421
1 9 2
426 524
1 12 2
512 556
1 8 2
244 349
1 15 2
329 751
1 13 2
22 146
1 7 2
619 645
1 14 2
203 208
1 19 2
194 335
1 18 2
327 489
1 14 2
117 680
1 4 2
215 382
1 12 2
321 543
1 10 2
224 503
1 7 2
18 29
1 6 2
625 630
1 14 2
337 725
1 6 2
98 598
1 9 2
305 448
1 5 2
142 151
1 13 2
159 342
1 10 2
333 647
1 18 2
139 409
1 15 2
562 769
1 11 2
359 381
1 9 2
129 322
1 14 2
26 410
1 12 2
120 360
1 9 2
248 768
1 9 2
534 622
1 12 2
126 652
1 8 2
59 678
1 16 2
571 619
1 9 2
312 383
1 17 2
35 685
1 16 2
508 776
1 17 2
182 410
1 13 2
174 218
1 5 2
311 398
1 8 2
312 554
1 16 2
335 571
1 8 2
139 254
1 12 2
209 623
1 7 2
666 777
1 15 2
108 349
1 11 2
71 718
1 6 2
320 431
1 19 2
540 593
1 19 2
182 350
1 12 2
240 577
1 13 2
236 585
1 8 2
200 535
1 11 2
384 652
1 4 2
505 550
1 18 2
521 782
1 12 2
239 349
1 17 2
480 482
1 16 2
681 711
1 13 2
198 302
1 8 2
655 678
1 8 2
337 703
1 6 2
301 582
1 4 2
278 790
1 10 2
202 385
1 9 2
294 749
1 10 2
151 188
1 16 2
157 221
1 18 2
321 674
1 13 2
688 769
1 7 2
524 749
1 13 2
38 759
1 12 2
295 319
1 14 2
412 570
1 6 2
497 650
1 8 2
507 709
1 5 2
313 483
1 15 2
144 305
1 15 2
546 641
1 11 2
509 658
1 4 2
160 462
1 10 2
312 786
1 16 2
517 765
1 13 2
123 461
1 16 2
531 744
1 12 2
173 306
1 11 2
65 331
1 5 2
214 355
1 9 2
254 562
1 20 2
681 763
1 13 2
46 119
1 7 2
34 167
1 9 2
48 300
1 10 2
305 422
1 13 2
288 331
1 12 2
34 77
1 14 2
451 464
1 13 2
309 712
1 6 2
586 720
1 6 2
11 275
1 2 2
476 613
1 11 2
206 596
1 11 2
257 559
1 11 2
59 336
1 15 2
150 178
1 12 2
346 577
1 9 2
530 570
1 17 2
19 616
1 5 2
297 352
1 16 2
412 591
1 6 2
39 523
1 11 2
292 443
1 6 2
23 26
1 12 2
168 430
1 15 2
51 656
1 8 2
37 133
1 18 2
654 725
1 13 2
384 517
1 6 2
12 333
1 16 2
209 661
1 11 2
479 760
1 14 2
249 626
1 11 2
549 643
1 14 2
66 157
1 7 2
372 791
1 2 2
420 589
1 17 2
540 583
1 12 2
184 270
1 15 2
571 591
1 16 2
173 747
1 9 2
135 433
1 17 2
257 443
1 14 2
123 226
1 11 2
91 359
1 11 2
234 464
1 13 2
361 471
1 9 2
12 197
1 12 2
364 452
1 10 2
194 427
1 7 2
118 757
1 8 2
116 722
1 12 2
36 661
1 14 2
355 683
1 9 2
611 738
1 4 2
190 563
1 7 2
665 799
1 8 2
69 200
1 11 2
48 245
1 12 2
501 760
1 7 2
449 594
1 17 2
509 660
1 16 2
54 585
1 12 2
4 527
1 12 2
22 273
1 10 2
197 734
1 15 2
477 796
1 11 2
44 194
1 8 2
352 466
1 8 2
403 516
1 12 2
493 766
1 12 2
265 363
1 15 2
479 509
1 13 2
572 610
1 14 2
74 736
1 18 2
80 643
1 6 2
236 450
1 10 2
18 275
1 2 2
399 424
1 12 2
169 337
1 7 2
125 162
1 11 2
152 732
1 11 2
456 796
1 12 2
695 777
1 12 2
88 475
1 8 2
42 417
1 8 2
487 691
1 15 2
521 711
1 3 2
404 727
1 4 2
138 557
1 9 2
144 338
1 5 2
462 771
1 5 2
440 608
1 2 2
533 639
1 15 2
529 776
1 12 2
70 696
1 14 2
287 778
1 10 2
13 771
1 12 2
141 464
1 11 2
340 798
1 12 2
34 363
1 13 2
183 364
1 2 2
132 136
1 13 2
83 700
1 5 2
227 745
1 11 2
558 746
1 9 2
114 226
1 18 2
388 674
1 19 2
194 763
1 8 2
533 691
1 5 2
403 750
1 17 2
283 509
1 7 2
232 394
1 12 2
354 502
1 17 2
379 441
1 11 2
321 781
1 13 2
200 403
1 20 2
350 776
1 3 2
104 670
1 16 2
253 591
1 14 2
42 591
1 17 2
379 751
1 9 2
690 716
1 16 2
400 661
1 10 2
36 667
1 14 2
580 607
1 19 2
287 626
1 9 2
203 378
1 8 2
249 306
1 11 2
45 312
1 15 2
38 61
1 16 2
394 730
1 9 2
83 380
1 8 2
50 245
1 6 2
290 583
1 12 2
490 718
1 12 2
24 372
1 6 2
322 640
1 10 2
292 409
1 13 2
78 702
1 4 2
210 311
1 8 2
446 615
1 10 2
525 696
1 16 2
198 342
1 16 2
571 616
1 9 2
51 195
1 20 2
452 507
1 13 2
234 493
1 9 2
54 457
1 14 2
349 400
1 11 2
249 467
1 9 2
437 667
1 7 2
492 765
1 14 2
79 359
1 4 2
536 760
1 11 2
612 633
1 3 2
124 719
1 7 2
76 313
1 10 2
431 795
1 6 2
339 710
1 19 2
567 616
1 14 2
571 786
1 6 2
65 720
1 9 2
527 560
1 13 2
644 674
1 19 2
62 157
1 10 2
265 554
1 13 2
178 249
1 14 2
384 647
1 12 2
83 403
1 10 2
537 757
1 18 2
131 795
1 16 2
51 620
1 20 2
767 782
1 11 2
123 380
1 12 2
35 292
1 13 2
400 430
1 8 2
236 705
1 10 2
200 788
1 15 2
74 131
1 13 2
150 164
1 12 2
268 430
1 6 2
392 563
1 7 2
377 498
1 11 2
449 537
1 9 2
226 227
1 12 2
208 439
1 18 2
152 585
1 12 2
257 438
1 3 2
187 202
1 10 2
138 247
1 17 2
507 685
1 15 2
61 324
1 11 2
45 590
1 12 2
160 443
1 8 2
418 481
1 11 2
101 521
1 15 2
100 368
1 18 2
250 579
1 15 2
18 747
1 17 2
571 627
1 4 2
230 541
1 6 2
318 414
1 17 2
327 452
1 5 2
338 494
1 9 2
103 759
1 19 2
88 180
1 3 2
357 425
1 10 2
40 564
1 6 2
552 723
1 6 2
682 793
1 3 2
195 723
1 4 2
584 694
1 17 2
410 597
1 4 2
442 543
1 15 2
115 626
1 13 2
607 735
1 13 2
321 532
1 6 2
400 498
1 13 2
335 337
1 7 2
425 680
1 12 2
288 459
1 15 2
173 300
1 14 2
206 782
1 11 2
253 308
1 12 2
200 625
1 13 2
134 567
1 3 2
390 630
1 6 2
389 580
1 10 2
94 666
1 15 2
78 615
1 8 2
80 110
1 16 2
447 626
1 13 2
54 331
1 6 2
634 659
1 13 2
572 632
1 17 2
35 407
1 11 2
176 667
1 4 2
383 709
1 10 2
493 589
1 5 2
163 171
1 3 2
145 461
1 12 2
176 256
1 11 2
287 612
1 6 2
414 468
1 9 2
318 359
1 11 2
220 490
1 8 2
209 334
1 8 2
461 537
1 13 2
142 602
1 10 2
185 405
1 12 2
105 705
1 10 2
342 622
1 10 2
191 773
1 9 2
315 509
1 16 2
77 585
1 15 2
83 347
1 13 2
301 780
1 11 2
359 623
1 8 2
631 655
1 9 2
313 331
1 11 2
659 786
1 15 2
139 654
1 12 2
54 792
1 5 2
234 390
1 14 2
51 77
1 17 2
140 667
1 11 2
57 198
1 7 2
133 437
1 16 2
464 708
1 10 2
54 155
1 10 2
203 276
1 10 2
195 377
1 17 2
117 363
1 9 2
357 485
1 10 2
88 422
1 13 2
191 225
1 6 2
428 698
1 15 2
172 778
1 7 2
292 381
1 7 2
298 659
1 7 2
169 762
1 6 2
457 458
1 11 2
164 197
1 20 2
172 618
1 11 2
341 696
1 17 2
40 579
1 15 2
184 591
1 5 2
158 170
1 3 2
41 334
1 5 2
530 639
1 13 2
38 79
1 17 2
78 305
1 2 2
672 728
1 8 2
54 576
1 6 2
106 380
1 5 2
611 622
1 3 2
541 701
1 14 2
609 671
1 11 2
215 247
1 14 2
430 433
1 11 2
547 710
1 7 2
687 744
1 10 2
107 719
1 8 2
255 631
1 8 2
27 415
1 6 2
279 393
1 6 2
74 241
1 15 2
346 744
1 9 2
264 670
1 14 2
712 713
1 10 2
61 775
1 9 2
609 720
1 5 2
110 555
1 13 2
184 398
1 11 2
115 569
1 14 2
17 412
1 11 2
588 795
1 12 2
607 668
1 19 2
178 194
1 9 2
371 608
1 13 2
377 428
1 11 2
189 700
1 4 2
8 513
1 11 2
343 765
1 12 2
4 20
1 9 2
147 182
1 4 2
549 770
1 20 2
43 180
1 6 2
228 559
1 11 2
0 702
1 15 2
183 605
1 7 2
694 769
1 9 2
389 716
1 14 2
53 488
1 6 2
135 530
1 11 2
315 593
1 17 2
182 654
1 13 2
182 457
1 13 2
3 782
1 7 2
115 223
1 14 2
99 379
1 8 2
434 437
1 14 2
80 199
1 12 2
485 519
1 4 2
69 791
1 12 2
140 519
1 9 2
163 658
1 8 2
259 790
1 19 2
295 385
1 13 2
403 751
1 12 2
218 273
1 10 2
583 707
1 20 2
295 489
1 18 2
256 579
1 10 2
3 757
1 7 2
146 555
1 16 2
109 616
1 6 2
113 129
1 12 2
140 586
1 8 2
160 718
1 7 2
724 747
1 15 2
439 616
1 8 2
92 521
1 16 2
144 567
1 8 2
20 205
1 16 2
24 597
1 3 2
254 665
1 14 2
11 593
1 15 2
173 570
1 4 2
352 646
1 8 2
625 666
1 15 2
30 767
1 15 2
688 794
1 10 2
90 234
1 12 2
199 559
1 8 2
272 708
1 8 2
85 328
1 15 2
15 78
1 11 2
504 576
1 10 2
477 495
1 18 2
126 172
1 5 2
275 766
1 10 2
22 444
1 10 2
260 597
1 5 2
510 598
1 7 2
477 719
1 15 2
172 608
1 13 2
316 341
1 9 2
303 761
1 16 2
131 430
1 9 2
126 132
1 16 2
342 618
1 6 2
118 403
1 7 2
219 633
1 12 2
610 711
1 14 2
362 569
1 6 2
150 737
1 6 2
236 721
1 13 2
702 763
1 14 2
35 740
1 8 2
159 548
1 15 2
573 654
1 17 2
43 405
1 11 2
172 308
1 12 2
196 604
1 12 2
264 522
1 11 2
51 319
1 13 2
590 661
1 13 2
295 732
1 9 2
202 641
1 8 2
182 506
1 15 2
615 667
1 6 2
658 775
1 6 2
7 81
1 10 2
274 358
1 6 2
490 762
1 9 2
326 358
1 11 2
253 275
1 11 2
603 760
1 16 2
203 685
1 8 2
257 376
1 10 2
168 355
1 16 2
182 359
1 15 2
381 585
1 17 2
61 713
1 11 2
302 747
1 13 2
157 299
1 5 2
63 277
1 7 2
181 551
1 10 2
341 555
1 5 2
276 645
1 18 2
88 472
1 5 2
435 498
1 7 2
456 560
1 8 2
167 712
1 8 2
233 509
1 12 2
81 90
1 11 2
131 135
1 12 2
511 674
1 17 2
283 583
1 16 2
62 248
1 10 2
217 252
1 16 2
522 725
1 8 2
223 381
1 8 2
26 461
1 15 2
355 784
1 15 2
245 518
1 10 2
141 208
1 11 2
15 316
1 6 2
9 735
1 4 2
425 793
1 15 2
512 620
1 4 2
147 682
1 13 2
172 735
1 18 2
480 493
1 13 2
354 602
1 11 2
71 115
1 14 2
250 730
1 14 2
342 521
1 7 2
351 636
1 19 2
253 597
1 10 2
12 405
1 8 2
107 594
1 14 2
150 240
1 10 2
284 643
1 7 2
119 701
1 7 2
177 393
1 14 2
209 783
1 5 2
92 127
1 11 2
459 478
1 7 2
88 243
1 3 2
68 130
1 12 2
337 713
1 2 2
298 741
1 10 2
46 575
1 6 2
348 743
1 7 2
127 532
1 6 2
9 103
1 9 2
387 490
1 14 2
20 89
1 11 2
93 352
1 7 2
174 458
1 12 2
143 472
1 12 2
42 114
1 9 2
668 692
1 14 2
62 99
1 16 2
209 540
1 8 2
583 679
1 13 2
197 331
1 9 2
217 302
1 7 2
85 146
1 8 2
180 391
1 16 2
250 547
1 9 2
118 183
1 12 2
95 287
1 10 2
480 484
1 14 2
15 638
1 9 2
63 757
1 10 2
220 252
1 2 2
27 687
1 9 2
71 176
1 10 2
334 481
1 15 2
346 692
1 7 2
350 460
1 8 2
495 758
1 2 2
113 314
1 3 2
37 130
1 15 2
91 776
1 19 2
350 426
1 9 2
317 362
1 12 2
246 725
1 10 2
4 468
1 13 2
250 632
1 11 2
158 459
1 3 2
628 703
1 16 2
261 716
1 10 2
531 678
1 11 2
403 730
1 8 2
422 522
1 13 2
532 603
1 7 2
498 738
1 17 2
361 674
1 11 2
18 760
1 14 2
388 508
1 14 2
18 529
1 5 2
228 503
1 11 2
294 651
1 6 2
696 793
1 15 2
288 595
1 8 2
221 723
1 5 2
536 699
1 12 2
131 484
1 11 2
2 154
1 9 2
132 377
1 9 2
392 474
1 6 2
236 465
1 3 2
160 192
1 17 2
305 540
1 17 2
602 783
1 6 2
280 438
1 17 2
407 409
1 4 2
296 694
1 17 2
327 708
1 8 2
200 566
1 5 2
260 734
1 13 2
652 715
1 10 2
248 457
1 9 2
649 716
1 16 2
304 355
1 12 2
15 515
1 17 2
88 619
1 18 2
385 523
1 6 2
58 527
1 18 2
203 394
1 9 2
1 636
1 5 2
408 471
1 8 2
294 656
1 5 2
367 766
1 8 2
222 507
1 15 2
490 651
1 8 2
443 498
1 11 2
253 422
1 5 2
498 707
1 7 2
255 520
1 13 2
76 685
1 11 2
349 649
1 11 2
599 620
1 9 2
111 315
1 9 2
218 787
1 15 2
77 162
1 6 2
276 588
1 7 2
169 442
1 11 2
239 402
1 11 2
423 579
1 16 2
579 637
1 11 2
473 493
1 7 2
334 619
1 12 2
48 218
1 6 2
90 581
1 19 2
172 287
1 16 2
341 358
1 12 2
114 464
1 16 2
199 627
1 16 2
200 368
1 14 2
172 590
1 19 2
35 547
1 14 2
199 700
1 16 2
342 572
1 8 2
187 245
1 9 2
370 491
1 12 2
631 695
1 9 2
269 341
1 8 2
66 648
1 9 2
128 626
1 7 2
163 511
1 12 2
495 608
1 7 2
117 391
1 7 2
59 743
1 7 2
275 644
1 11 2
542 738
1 12 2
11 763
1 11 2
425 674
1 10 2
215 764
1 14 2
70 433
1 8 2
46 132
1 5 2
101 416
1 9 2
206 352
1 14 2
4 738
1 11 2
455 746
1 12 2
26 164
1 6 2
2 553
1 11 2
91 384
1 6 2
16 270
1 6 2
103 606
1 18 2
349 452
1 9 2
119 758
1 2 2
267 494
1 9 2
213 593
1 4 2
176 243
1 17 2
593 783
1 16 2
595 749
1 9 2
46 275
1 13 2
133 252
1 6 2
186 652
1 9 2
164 658
1 8 2
533 657
1 9 2
115 781
1 14 2
377 471
1 12 2
359 757
1 8 2
354 781
1 17 2
74 188
1 11 2
470 638
1 4 2
271 503
1 15 2
126 467
1 4 2
138 473
1 17 2
245 725
1 10 2
176 518
1 7 2
143 624
1 12 2
230 661
1 6 2
389 457
1 6 2
243 730
1 12 2
485 543
1 12 2
358 748
1 12 2
19 529
1 18 2
335 377
1 17 2
24 32
1 11 2
42 354
1 15 2
488 572
1 5 2
311 592
1 11 2
458 708
1 18 2
595 683
1 6 2
164 742
1 10 2
43 47
1 10 2
25 79
1 10 2
134 361
1 5 2
332 610
1 16 2
152 409
1 13 2
402 673
1 11 2
547 586
1 16 2
38 120
1 17 2
480 643
1 8 2
273 530
1 14 2
74 178
1 4 2
27 748
1 6 2
317 781
1 10 2
17 702
1 14 2
105 190
1 11 2
403 497
1 9 2
205 749
1 15 2
164 198
1 9 2
448 764
1 11 2
121 683
1 8 2
404 464
1 12 2
169 459
1 11 2
157 519
1 14 2
320 489
1 11 2
252 718
1 13 2
528 640
1 16 2
81 200
1 8 2
300 682
1 6 2
215 753
1 5 2
125 438
1 8 2
241 779
1 15 2
0 182
1 8 2
199 513
1 14 2
256 288
1 15 2
74 620
1 9 2
5 194
1 8 2
509 576
1 11 2
43 380
1 5 2
276 568
1 8 2
15 353
1 12 2
482 682
1 12 2
220 287
1 9 2
105 187
1 6 2
589 655
1 8 2
109 689
1 7 2
328 791
1 14 2
108 253
1 8 2
240 665
1 4 2
219 777
1 16 2
198 403
1 15 2
346 736
1 10 2
250 315
1 9 2
98 286
1 5 2
414 793
1 15 2
53 66
1 7 2
611 673
1 17 2
597 708
1 11 2
348 573
1 9 2
404 501
1 13 2
601 602
1 7 2
196 278
1 3 2
334 797
1 9 2
245 587
1 10 2
640 680
1 17 2
183 341
1 19 2
89 779
1 10 2
556 644
1 14 2
74 591
1 10 2
469 605
1 7 2
95 134
1 17 2
409 633
1 10 2
415 442
1 16 2
117 647
1 13 2
247 320
1 9 2
143 798
1 8 2
90 373
1 8 2
209 271
1 13 2
71 100
1 9 2
100 555
1 10 2
43 465
1 8 2
68 605
1 11 2
550 715
1 15 2
90 776
1 7 2
402 728
1 9 2
106 792
1 4 2
445 701
1 12 2
182 601
1 11 2
560 794
1 8 2
500 572
1 11 2
131 705
1 9 2
325 515
1 11 2
25 528
1 9 2
570 707
1 6 2
317 328
1 19 2
407 782
1 11 2
221 600
1 3 2
187 418
1 20 2
105 715
1 10 2
228 626
1 10 2
249 769
1 10 2
30 659
1 11 2
587 763
1 5 2
378 777
1 6 2
488 645
1 7 2
233 778
1 16 2
82 736
1 5 2
404 601
1 8 2
352 705
1 9 2
343 467
1 13 2
99 482
1 13 2
98 139
1 8 2
543 552
1 10 2
169 781
1 15 2
70 747
1 12 2
10 637
1 12 2
359 497
1 8 2
638 714
1 15 2
330 738
1 8 2
84 257
1 17 2
94 489
1 17 2
22 203
1 5 2
49 65
1 9 2
261 404
1 13 2
99 715
1 12 2
185 482
1 17 2
78 531
1 8 2
168 339
1 17 2
441 776
1 11 2
131 720
1 15 2
257 407
1 13 2
451 654
1 8 2
258 612
1 14 2
15 377
1 7 2
332 620
1 17 2
660 697
1 11 2
321 666
1 9 2
474 706
1 19 2
120 597
1 9 2
174 386
1 11 2
77 249
1 7 2
16 740
1 11 2
149 573
1 17 2
172 605
1 8 2
349 621
1 7 2
54 151
1 13 2
740 767
1 15 2
407 738
1 13 2
208 361
1 12 2
497 522
1 8 2
398 769
1 14 2
18 352
1 18 2
253 667
1 13 2
253 475
1 15 2
169 627
1 10 2
285 776
1 12 2
302 647
1 10 2
225 312
1 13 2
134 796
1 10 2
25 111
1 16 2
330 358
1 14 2
133 528
1 9 2
262 402
1 13 2
111 248
1 9 2
133 205
1 14 2
261 769
1 11 2
209 246
1 14 2
64 763
1 17 2
573 782
1 15 2
346 479
1 17 2
139 765
1 12 2
177 618
1 15 2
159 430
1 4 2
578 723
1 8 2
245 566
1 13 2
401 651
1 7 2
746 773
1 6 2
227 665
1 18 2
46 261
1 4 2
448 719
1 9 2
442 579
1 8 2
16 70
1 15 2
253 359
1 6 2
164 436
1 10 2
443 735
1 11 2
240 696
1 8 2
614 676
1 14 2
61 220
1 16 2
660 771
1 15 2
35 532
1 8 2
401 511
1 10 2
80 366
1 7 2
128 799
1 7 2
95 466
1 11 2
16 507
1 18 2
350 385
1 8 2
221 797
1 5 2
548 773
1 8 2
51 513
1 7 2
115 483
1 13 2
35 542
1 5 2
25 717
1 15 2
168 567
1 6 2
435 470
1 13 2
484 725
1 7 2
137 705
1 15 2
82 150
1 9 2
106 203
1 5 2
190 635
1 14 2
162 249
1 13 2
607 781
1 13 2
59 441
1 2 2
621 741
1 10 2
3 405
1 15 2
45 712
1 8 2
224 557
1 14 2
301 331
1 9 2
441 555
1 9 2
21 716
1 7 2
432 791
1 16 2
405 504
1 7 2
0 411
1 15 2
253 495
1 10 2
73 540
1 15 2
221 716
1 16 2
79 152
1 6 2
3 587
1 10 2
157 416
1 10 2
152 367
1 9 2
466 799
1 5 2
231 594
1 8 2
201 593
1 17 2
295 716
1 4 2
235 588
1 10 2
333 795
1 9 2
691 766
1 10 2
529 658
1 18 2
22 363
1 4 2
143 617
1 14 2
385 662
1 6 2
223 690
1 7 2
143 503
1 5 2
319 743
1 13 2
191 240
1 16 2
253 361
1 5 2
47 318
1 10 2
58 349
1 5 2
148 366
1 12 2
11 349
1 3 2
296 440
1 11 2
560 700
1 6 2
143 526
1 17 2
159 394
1 17 2
80 725
1 15 2
43 467
1 12 2
80 527
1 12 2
560 615
1 8 2
526 718
1 7 2
333 478
1 10 2
54 740
1 3 2
36 165
1 5 2
189 589
1 17 2
283 517
1 9 2
132 597
1 20 2
501 643
1 6 2
254 789
1 9 2
2 393
1 13 2
164 410
1 19 2
595 765
1 15 2
447 455
1 11 2
154 508
1 13 2
172 734
1 8 2
164 470
1 11 2
20 798
1 6 2
14 799
1 14 2
495 765
1 7 2
252 557
1 8 2
402 417
1 5 2
469 642
1 18 2
482 685
1 9 2
167 321
1 10 2
47 626
1 7 2
101 696
1 17 2
78 107
1 9 2
146 757
1 15 2
478 695
1 6 2
500 558
1 4 2
468 533
1 13 2
300 341
1 4 2
469 500
1 16 2
30 105
1 8 2
69 120
1 9 2
439 601
1 10 2
218 404
1 5 2
212 279
1 10 2
32 167
1 9 2
321 721
1 12 2
115 209
1 12 2
319 409
1 18 2
562 573
1 9 2
126 645
1 12 2
379 690
1 18 2
32 415
1 9 2
247 698
1 18 2
198 453
1 3 2
717 750
1 19 2
53 283
1 8 2
529 777
1 17 2
97 725
1 8 2
128 329
1 20 2
493 695
1 17 2
82 368
1 19 2
35 765
1 10 2
169 475
1 16 2
497 784
1 9 2
488 600
1 15 2
385 798
1 7 2
155 466
1 12 2
451 659
1 11 2
63 251
1 12 2
0 100
1 9 2
503 751
1 14 2
331 680
1 13 2
143 194
1 8 2
133 544
1 16 2
4 88
1 13 2
567 622
1 15 2
464 540
1 15 2
251 603
1 16 2
81 660
1 16 2
42 331
1 15 2
59 200
1 13 2
618 748
1 6 2
151 303
1 5 2
545 631
1 16 2
133 504
1 15 2
129 706
1 14 2
78 780
1 8 2
59 578
1 16 2
252 379
1 12 2
63 184
1 12 2
33 59
1 9 2
338 439
1 8 2
20 143
1 14 2
158 200
1 7 2
421 748
1 3 2
648 737
1 8 2
204 527
1 15 2
467 683
1 12 2
162 570
1 16 2
150 669
1 12 2
99 691
1 7 2
33 369
1 13 2
453 554
1 18 2
194 203
1 18 2
173 620
1 4 2
130 160
1 13 2
626 726
1 20 2
379 489
1 9 2
505 618
1 18 2
105 327
1 7 2
411 757
1 7 2
721 740
1 8 2
258 484
1 16 2
521 571
1 7 2
357 596
1 4 2
445 543
1 16 2
697 708
1 12 2
359 656
1 12 2
150 163
1 7 2
243 346
1 11 2
421 620
1 15 2
715 789
1 12 2
137 765
1 13 2
551 585
1 19 2
481 641
1 11 2
183 520
1 18 2
283 361
1 9 2
115 551
1 6 2
418 497
1 15 2
188 778
1 11 2
386 655
1 9 2
253 694
1 10 2
10 569
1 16 2
327 335
1 14 2
150 730
1 7 2
176 592
1 9 2
77 371
1 8 2
25 534
1 6 2
146 311
1 9 2
101 197
1 13 2
54 402
1 13 2
61 401
1 15 2
111 572
1 15 2
485 522
1 12 2
221 352
1 11 2
509 554
1 12 2
329 702
1 6 2
506 685
1 12 2
270 507
1 8 2
145 183
1 11 2
18 474
1 10 2
42 276
1 9 2
0 624
1 9 2
190 556
1 6 2
33 742
1 10 2
383 699
1 12 2
173 310
1 10 2
629 661
1 10 2
477 740
1 9 2
177 355
1 5 2
90 460
1 17 2
169 385
1 2 2
424 594
1 11 2
305 666
1 8 2
150 263
1 10 2
659 757
1 11 2
66 469
1 9 2
174 655
1 8 2
186 405
1 10 2
349 444
1 16 2
651 789
1 10 2
25 685
1 7 2
104 547
1 18 2
183 247
1 5 2
69 623
1 12 2
342 439
1 12 2
734 763
1 19 2
250 256
1 16 2
117 447
1 15 2
129 362
1 17 2
385 479
1 13 2
75 540
1 17 2
452 683
1 8 2
238 637
1 7 2
253 563
1 12 2
146 335
1 13 2
133 490
1 12 2
19 149
1 13 2
713 736
1 13 2
409 655
1 4 2
325 790
1 12 2
546 667
1 15 2
15 259
1 12 2
223 385
1 4 2
372 741
1 14 2
301 615
1 5 2
146 285
1 5 2
60 632
1 11 2
133 488
1 16 2
379 451
1 8 2
225 793
1 9 2
321 416
1 12 2
501 624
1 11 2
330 466
1 11 2
121 370
1 7 2
28 117
1 10 2
706 752
1 9 2
338 403
1 19 2
123 409
1 15 2
194 623
1 20 2
261 504
1 15 2
641 702
1 16 2
100 287
1 10 2
144 565
1 3 2
96 420
1 12 2
328 627
1 9 2
393 783
1 14 2
15 531
1 10 2
322 472
1 7 2
7 667
1 6 2
239 333
1 17 2
51 253
1 14 2
430 515
1 14 2
157 534
1 15 2
316 502
1 13 2
509 656
1 15 2
194 730
1 19 2
253 767
1 12 2
341 778
1 13 2
372 485
1 17 2
162 795
1 9 2
317 329
1 8 2
21 680
1 11 2
20 208
1 8 2
219 627
1 20 2
62 504
1 7 2
2 729
1 12 2
454 472
1 12 2
114 392
1 8 2
4 617
1 15 2
295 497
1 18 2
341 641
1 14 2
475 660
1 20 2
607 695
1 14 2
234 681
1 9 2
403 475
1 12 2
457 482
1 12 2
48 715
1 13 2
158 346
1 20 2
35 585
1 17 2
481 603
1 6 2
155 279
1 10 2
191 364
1 13 2
251 771
1 15 2
730 776
1 16 2
42 751
1 10 2
707 789
1 16 2
76 394
1 4 2
118 458
1 13 2
139 488
1 13 2
507 529
1 8 2
557 759
1 7 2
343 432
1 6 2
69 747
1 15 2
194 300
1 7 2
450 477
1 8 2
698 749
1 7 2
145 305
1 12 2
97 732
1 7 2
534 733
1 9 2
87 410
1 12 2
177 385
1 9 2
616 754
1 15 2
569 641
1 9 2
394 729
1 8 2
435 601
1 6 2
50 226
1 11 2
468 657
1 17 2
518 641
1 17 2
198 257
1 10 2
62 445
1 11 2
348 518
1 6 2
127 484
1 9 2
404 657
1 5 2
93 737
1 20 2
394 715
1 15 2
83 759
1 7 2
193 589
1 3 2
165 735
1 14 2
329 747
1 8 2
319 718
1 9 2
607 653
1 17 2
264 607
1 7 2
197 334
1 5 2
56 753
1 14 2
559 784
1 7 2
277 441
1 5 2
274 555
1 14 2
89 141
1 7 2
388 742
1 14 2
70 109
1 6 2
166 754
1 12 2
120 310
1 12 2
13 783
1 7 2
376 764
1 7 2
161 761
1 18 2
157 481
1 12 2
279 489
1 15 2
596 633
1 6 2
21 777
1 16 2
502 786
1 13 2
206 482
1 12 2
75 321
1 12 2
119 712
1 12 2
777 796
1 14 2
264 708
1 12 2
339 638
1 11 2
302 515
1 13 2
40 90
1 8 2
125 327
1 15 2
24 33
1 15 2
66 562
1 2 2
73 344
1 10 2
34 309
1 18 2
330 626
1 8 2
18 314
1 18 2
531 651
1 14 2
268 715
1 6 2
26 232
1 4 2
574 735
1 13 2
200 623
1 16 2
602 615
1 7 2
338 588
1 12 2
245 530
1 8 2
605 743
1 10 2
372 497
1 12 2
173 454
1 9 2
677 767
1 8 2
239 560
1 16 2
38 796
1 10 2
0 236
1 7 2
12 768
1 5 2
137 280
1 5 2
189 326
1 10 2
301 414
1 9 2
200 664
1 19 2
604 763
1 5 2
145 355
1 18 2
256 669
1 16 2
184 509
1 7 2
211 409
1 10 2
44 706
1 10 2
474 531
1 10 2
115 525
1 11 2
477 794
1 12 2
352 569
1 7 2
629 697
1 19 2
259 671
1 7 2
528 737
1 16 2
43 685
1 6 2
11 668
1 4 2
665 743
1 9 2
33 717
1 13 2
119 407
1 17 2
45 708
1 10 2
264 644
1 13 2
22 348
1 17 2
182 406
1 18 2
251 489
1 12 2
249 512
1 4 2
176 613
1 9 2
288 580
1 13 2
53 90
1 10 2
51 276
1 5 2
468 719
1 15 2
191 453
1 17 2
53 117
1 12 2
246 765
1 14 2
162 240
1 18 2
221 782
1 12 2
362 381
1 12 2
154 765
1 12 2
190 402
1 8 2
144 710
1 10 2
168 428
1 8 2
376 523
1 6 2
168 505
1 10 2
233 253
1 9 2
611 711
1 5 2
372 418
1 12 2
660 735
1 6 2
155 611
1 3 2
266 474
1 20 2
304 349
1 12 2
264 799
1 9 2
279 620
1 12 2
632 667
1 13 2
83 517
1 15 2
120 268
1 9 2
341 756
1 10 2
169 484
1 13 2
439 759
1 17 2
350 638
1 12 2
31 567
1 8 2
54 444
1 10 2
120 645
1 14 2
4 80
1 10 2
195 247
1 10 2
407 670
1 9 2
170 681
1 8 2
217 320
1 15 2
673 782
1 16 2
43 789
1 10 2
493 541
1 20 2
120 485
1 11 2
567 668
1 19 2
107 604
1 4 2
269 694
1 6 2
9 705
1 4 2
411 670
1 7 2
9 726
1 15 2
596 636
1 14 2
528 623
1 14 2
93 579
1 17 2
221 253
1 7 2
8 264
1 15 2
43 736
1 14 2
283 343
1 10 2
319 447
1 13 2
91 688
1 11 2
303 522
1 13 2
312 626
1 9 2
92 162
1 4 2
343 594
1 10 2
718 771
1 14 2
394 537
1 10 2
68 715
1 6 2
60 749
1 9 2
154 467
1 14 2
304 401
1 11 2
98 532
1 9 2
141 696
1 5 2
49 710
1 9 2
13 217
1 12 2
89 380
1 12 2
81 778
1 8 2
196 624
1 14 2
609 779
1 16 2
647 691
1 11 2
299 693
1 7 2
254 331
1 13 2
786 799
1 3 2
124 262
1 3 2
617 650
1 9 2
46 387
1 7 2
437 522
1 15 2
194 546
1 16 2
24 759
1 9 2
127 685
1 8 2
121 559
1 19 2
180 250
1 7 2
143 746
1 11 2
71 673
1 8 2
539 636
1 10 2
358 670
1 18 2
287 531
1 9 2
267 660
1 20 2
394 489
1 4 2
408 748
1 10 2
327 353
1 6 2
83 171
1 14 2
512 747
1 10 2
601 647
1 9 2
246 732
1 14 2
98 335
1 19 2
198 547
1 13 2
82 471
1 11 2
159 454
1 12 2
25 660
1 5 2
14 718
1 16 2
443 744
1 12 2
224 532
1 8 2
374 695
1 11 2
51 246
1 8 2
363 686
1 12 2
253 632
1 12 2
129 769
1 10 2
444 572
1 17 2
51 126
1 7 2
398 600
1 8 2
167 799
1 10 2
87 350
1 15 2
522 528
1 14 2
490 667
1 17 2
358 540
1 12 2
77 609
1 14 2
221 495
1 10 2
562 775
1 7 2
174 310
1 8 2
19 87
1 12 2
544 602
1 13 2
521 757
1 10 2
298 597
1 10 2
220 656
1 6 2
129 192
1 11 2
371 455
1 9 2
51 611
1 11 2
366 708
1 8 2
702 726
1 7 2
551 721
1 5 2
6 177
1 16 2
641 780
1 8 2
215 281
1 17 2
430 593
1 3 2
594 797
1 11 2
127 504
1 7 2
265 721
1 8 2
133 665
1 9 2
436 782
1 9 2
69 715
1 10 2
112 361
1 12 2
299 716
1 5 2
37 793
1 9 2
442 607
1 10 2
269 455
1 4 2
513 760
1 6 2
559 743
1 4 2
277 416
1 16 2
53 74
1 14 2
255 412
1 6 2
542 564
1 8 2
480 634
1 17 2
643 749
1 6 2
167 658
1 19 2
593 616
1 7 2
77 505
1 9 2
127 711
1 13 2
388 534
1 7 2
210 656
1 13 2
114 688
1 11 2
346 551
1 17 2
107 706
1 12 2
631 725
1 6 2
575 658
1 7 2
395 430
1 9 2
483 636
1 14 2
20 579
1 7 2
289 443
1 8 2
504 653
1 5 2
274 526
1 20 2
660 779
1 10 2
225 226
1 10 2
152 753
1 15 2
82 583
1 12 2
380 695
1 8 2
24 613
1 11 2
184 735
1 15 2
341 713
1 8 2
265 278
1 11 2
234 430
1 16 2
481 764
1 10 2
149 447
1 3 2
44 86
1 7 2
2 5
1 6 2
310 322
1 12 2
43 343
1 14 2
240 759
1 6 2
509 566
1 8 2
46 128
1 11 2
481 526
1 11 2
530 547
1 7 2
133 772
1 9 2
191 555
1 10 2
40 516
1 14 2
109 245
1 15 2
764 779
1 10 2
22 686
1 12 2
530 562
1 12 2
270 453
1 4 2
216 568
1 12 2
415 675
1 11 2
166 410
1 10 2
343 798
1 14 2
80 81
1 7 2
212 546
1 4 2
677 703
1 17 2
24 667
1 20 2
105 259
1 16 2
258 618
1 15 2
46 150
1 12 2
154 200
1 7 2
160 166
1 12 2
197 525
1 6 2
456 649
1 14 2
152 324
1 10 2
510 730
1 11 2
33 249
1 12 2
356 489
1 17 2
199 377
1 9 2
491 747
1 15 2
140 771
1 9 2
520 794
1 8 2
477 543
1 9 2
699 781
1 14 2
162 529
1 7 2
325 456
1 4 2
535 758
1 14 2
161 604
1 13 2
30 669
1 2 2
344 436
1 8 2
211 602
1 7 2
46 628
1 16 2
643 738
1 14 2
655 725
1 15 2
162 191
1 2 2
494 750
1 15 2
183 747
1 11 2
35 179
1 7 2
132 654
1 9 2
382 683
1 13 2
196 567
1 11 2
302 512
1 13 2
77 191
1 8 2
252 308
1 17 2
221 377
1 6 2
190 422
1 15 2
301 571
1 7 2
149 223
1 11 2
362 760
1 9 2
710 789
1 4 2
539 753
1 13 2
447 663
1 15 2
183 515
1 3 2
444 772
1 10 2
205 685
1 13 2
208 738
1 3 2
125 787
1 10 2
599 685
1 10 2
144 457
1 10 2
396 455
1 11 2
105 701
1 5 2
624 772
1 4 2
323 550
1 11 2
105 274
1 13 2
247 586
1 4 2
241 510
1 16 2
83 602
1 8 2
176 718
1 11 2
103 350
1 13 2
97 488
1 9 2
328 478
1 11 2
217 522
1 15 2
66 131
1 9 2
759 797
1 15 2
22 736
1 16 2
46 571
1 15 2
248 695
1 5 2
299 395
1 11 2
249 605
1 12 2
324 532
1 10 2
13 673
1 8 2
425 738
1 7 2
94 201
1 5 2
298 364
1 14 2
352 485
1 10 2
177 459
1 12 2
160 540
1 11 2
255 636
1 15 2
191 706
1 6 2
271 299
1 19 2
183 335
1 15 2
33 200
1 14 2
412 608
1 11 2
433 565
1 8 2
514 799
1 10 2
269 700
1 4 2
429 735
1 12 2
294 562
1 11 2
449 556
1 8 2
262 362
1 14 2
42 111
1 4 2
135 613
1 16 2
158 180
1 12 2
174 620
1 15 2
247 264
1 20 2
507 602
1 16 2
346 377
1 20 2
472 661
1 11 2
203 761
1 8 2
400 701
1 8 2
18 357
1 4 2
291 696
1 11 2
423 700
1 5 2
427 710
1 17 2
591 643
1 4 2
323 539
1 18 2
350 579
1 6 2
483 746
1 14 2
191 402
1 6 2
265 505
1 13 2
354 651
1 8 2
292 738
1 8 2
160 337
1 14 2
218 352
1 5 2
411 662
1 5 2
127 568
1 8 2
323 361
1 7 2
10 306
1 11 2
180 202
1 13 2
42 197
1 9 2
219 295
1 9 2
57 573
1 9 2
171 784
1 11 2
177 330
1 8 2
301 313
1 14 2
531 655
1 14 2
150 654
1 7 2
391 764
1 10 2
388 503
1 11 2
40 364
1 6 2
242 757
1 14 2
259 560
1 6 2
400 582
1 12 2
371 607
1 9 2
495 600
1 7 2
307 683
1 17 2
324 660
1 4 2
143 420
1 12 2
470 481
1 15 2
316 681
1 5 2
333 404
1 20 2
394 504
1 11 2
550 674
1 6 2
95 437
1 13 2
55 320
1 6 2
57 718
1 12 2
133 623
1 9 2
303 544
1 5 2
179 474
1 9 2
346 689
1 17 2
81 585
1 14 2
251 751
1 12 2
24 338
1 9 2
108 644
1 8 2
581 591
1 11 2
71 403
1 14 2
79 490
1 9 2
144 768
1 7 2
697 785
1 10 2
19 678
1 8 2
306 556
1 20 2
347 379
1 12 2
251 303
1 20 2
481 507
1 13 2
403 430
1 6 2
161 587
1 7 2
328 710
1 9 2
346 698
1 2 2
345 500
1 8 2
357 637
1 10 2
575 725
1 19 2
123 327
1 14 2
76 455
1 11 2
77 680
1 10 2
33 454
1 10 2
26 286
1 9 2
532 537
1 7 2
190 564
1 8 2
65 718
1 14 2
19 508
1 9 2
448 620
1 16 2
133 607
1 10 2
61 284
1 14 2
30 627
1 14 2
53 532
1 13 2
18 158
1 15 2
144 472
1 11 2
111 538
1 7 2
346 365
1 12 2
174 327
1 12 2
193 467
1 14 2
361 370
1 12 2
98 509
1 4 2
60 177
1 14 2
569 751
1 16 2
24 647
1 4 2
84 239
1 13 2
605 647
1 8 2
34 484
1 12 2
197 248
1 9 2
384 550
1 6 2
238 699
1 6 2
337 775
1 14 2
281 362
1 8 2
14 507
1 10 2
286 359
1 9 2
340 748
1 17 2
107 627
1 7 2
476 779
1 6 2
278 735
1 16 2
287 512
1 6 2
215 360
1 11 2
11 341
1 5 2
30 229
1 12 2
577 633
1 9 2
187 681
1 14 2
257 799
1 10 2
512 644
1 14 2
261 570
1 18 2
301 784
1 17 2
126 485
1 6 2
380 781
1 12 2
459 736
1 9 2
683 717
1 4 2
143 170
1 7 2
160 734
1 10 2
556 769
1 12 2
327 570
1 15 2
250 430
1 10 2
480 614
1 17 2
162 641
1 14 2
43 561
1 13 2
325 472
1 10 2
474 697
1 4 2
95 122
1 9 2
111 735
1 7 2
18 222
1 7 2
368 492
1 16 2
169 651
1 9 2
202 572
1 10 2
151 695
1 13 2
226 651
1 12 2
708 773
1 3 2
86 322
1 13 2
172 760
1 12 2
218 601
1 7 2
361 646
1 9 2
364 497
1 19 2
426 618
1 11 2
292 407
1 18 2
4 489
1 11 2
412 668
1 10 2
367 669
1 7 2
323 699
1 7 2
72 706
1 6 2
151 673
1 8 2
371 537
1 9 2
84 481
1 12 2
423 715
1 11 2
119 359
1 20 2
602 604
1 7 2
76 664
1 8 2
438 631
1 4 2
56 458
1 16 2
76 180
1 10 2
55 431
1 18 2
412 795
1 8 2
6 152
1 16 2
240 350
1 8 2
36 577
1 6 2
10 57
1 10 2
682 697
1 4 2
214 614
1 9 2
524 579
1 6 2
440 633
1 6 2
294 360
1 17 2
350 455
1 8 2
74 491
1 10 2
109 710
1 5 2
186 373
1 11 2
454 547
1 3 2
219 516
1 6 2
328 634
1 18 2
82 485
1 13 2
143 188
1 12 2
576 776
1 7 2
106 142
1 11 2
218 468
1 6 2
141 539
1 4 2
422 581
1 11 2
273 479
1 18 2
257 482
1 15 2
509 571
1 9 2
40 266
1 3 2
575 774
1 10 2
433 666
1 15 2
324 562
1 10 2
218 431
1 11 2
251 328
1 15 2
0 409
1 11 2
44 602
1 11 2
35 49
1 11 2
174 199
1 6 2
288 645
1 13 2
546 708
1 6 2
491 519
1 10 2
318 523
1 13 2
400 453
1 5 2
185 389
1 5 2
151 760
1 12 2
203 236
1 8 2
404 647
1 4 2
161 790
1 17 2
335 681
1 13 2
330 623
1 11 2
162 503
1 15 2
59 796
1 20 2
183 784
1 16 2
22 558
1 16 2
133 489
1 9 2
586 702
1 7 2
334 518
1 6 2
9 134
1 18 2
139 618
1 14 2
711 713
1 5 2
215 701
1 10 2
746 747
1 9 2
521 772
1 14 2
74 361
1 10 2
78 313
1 9 2
85 799
1 4 2
273 282
1 11 2
65 349
1 14 2
406 490
1 4 2
505 568
1 7 2
199 201
1 20 2
607 784
1 9 2
32 745
1 10 2
174 605
1 5 2
101 642
1 15 2
532 782
1 16 2
547 657
1 11 2
401 736
1 7 2
246 791
1 10 2
194 770
1 14 2
120 168
1 12 2
286 706
1 19 2
188 410
1 8 2
42 698
1 14 2
188 220
1 16 2
627 712
1 11 2
59 252
1 11 2
198 417
1 15 2
13 661
1 13 2
368 608
1 15 2
117 509
1 15 2
150 692
1 11 2
61 275
1 12 2
595 612
1 13 2
169 451
1 5 2
570 589
1 17 2
327 616
1 16 2
94 692
1 8 2
357 358
1 14 2
168 602
1 5 2
630 696
1 4 2
436 503
1 11 2
451 559
1 17 2
140 480
1 7 2
154 781
1 9 2
210 603
1 3 2
235 568
1 15 2
62 288
1 12 2
155 203
1 16 2
493 794
1 6 2
66 613
1 6 2
25 612
1 10 2
31 708
