800 4800 2400
13 9 12 5 18 21 14 24 22 15 6 7 9 5 21 7 22 20 9 20 22 23 24 6 12 6 22 19 13 9 10 20 7 15 11 20 7 5 25 17 11 9 7 17 20 19 25 10 12 15 22 21 16 18 14 12 22 9 11 21 5 10 12 20 22 18 10 18 9 8 15 24 22 22 15 10 15 24 25 9 16 17 14 12 24 21 16 6 8 5 19 10 18 24 16 22 10 5 19 9 9 16 11 12 17 25 11 20 9 22 22 16 13 7 22 24 15 24 14 20 23 13 25 5 6 6 11 6 20 17 13 11 22 22 23 18 10 10 19 25 14 8 17 13 18 15 20 13 22 16 10 12 18 12 7 20 8 12 11 12 8 13 9 19 14 23 10 16 10 19 25 12 5 23 18 22 15 9 18 15 21 17 15 5 19 7 15 21 10 15 17 22 21 9 21 5 8 17 7 17 7 18 17 9 13 20 19 19 9 7 18 24 15 11 25 5 23 17 8 12 16 12 10 7 23 7 6 22 21 11 23 14 7 24 20 21 15 22 17 16 13 21 5 6 10 7 15 21 5 20 6 5 14 12 8 14 22 22 12 10 6 11 20 11 21 11 8 5 21 22 20 5 14 13 21 16 9 11 23 12 12 14 7 19 18 9 10 9 7 10 11 18 24 14 25 12 10 22 24 21 15 22 22 7 21 13 23 5 11 18 6 13 16 23 11 16 22 18 13 11 19 17 10 19 20 16 25 16 20 11 16 10 6 6 19 19 16 19 23 18 17 7 9 15 20 18 9 8 25 9 11 10 6 23 15 17 10 9 21 17 23 17 19 15 20 7 22 16 13 18 8 24 16 5 15 15 11 17 13 15 5 24 24 18 18 13 10 19 16 19 20 23 12 15 13 23 7 6 8 13 11 21 16 15 18 22 8 7 11 9 6 5 22 18 13 11 19 6 24 17 10 12 11 5 25 23 22 11 21 23 17 24 10 16 22 18 16 8 17 10 6 14 9 7 6 17 10 25 18 23 8 8 24 6 16 8 7 7 14 14 16 11 13 20 17 9 25 13 16 5 20 9 24 19 10 21 24 13 12 22 11 13 25 15 23 15 16 11 15 9 24 7 14 18 14 25 8 23 19 25 8 19 13 18 24 8 11 12 5 9 11 17 23 21 17 25 24 8 11 18 6 5 13 9 15 7 23 21 7 11 17 8 25 19 20 15 9 12 11 9 23 20 16 19 19 10 15 16 7 18 16 25 21 8 19 9 14 14 22 12 10 16 22 5 13 16 9 7 23 9 10 19 16 15 8 17 6 14 23 14 24 6 23 10 16 8 17 13 24 24 12 13 13 8 12 21 23 19 6 21 15 17 9 8 24 22 17 9 12 12 17 11 22 7 5 8 16 5 22 5 6 21 17 20 8 23 9 14 25 23 25 5 20 24 8 9 20 18 15 16 17 15 21 20 23 5 13 24 14 23 20 5 10 23 16 11 22 10 7 21 6 15 24 24 21 8 6 18 17 23 16 25 22 19 23 9 8 23 24 10 25 12 17 9 6 20 17 22 25 17 13 5 13 13 8 23 7 18 18 21 15 12 14 11 10 6 12 15 18 6 23 16 5 16 22 11 13 7 6 23 12 12 23 19 8 25 16 14 11 6 19 8 17 18 23 23 15 22 8 20 20 17 22 7 23 12 22 19 22 7 16 14 7 16 15 16 13 13 12 12 25 18 15 14 20 9 6 10 22 25 7 11 23 24 5 18 19 23 20 21 14 9 5 21 11 20 21 14 13 7 12 12 8 22 10 10 5 7 6 19
20 15 5 6 14 17 3 18 16 17 6 9 11 3 6 10 6 3 10 18 12 3 8 12 11 3 17 5 13 5 16 17 10 19 14 5 10 20 4 5 15 6 18 7 12 10 20 7 18 5 17 8 16 15 15 12 20 20 4 8 6 10 11 6 19 11 18 3 3 6 10 5 19 13 16 6 17 10 10 15 8 18 7 11 6 8 12 4 14 18 3 11 10 12 18 3 14 5 9 16 13 9 15 10 8 6 13 11 18 17 4 20 14 8 14 6 5 19 10 13 17 18 7 13 4 18 13 20 12 4 13 4 3 8 12 14 9 18 7 7 16 11 11 17 16 10 11 15 16 10 7 15 14 17 17 4 14 10 17 17 15 11 10 3 15 5 20 16 13 11 15 9 15 17 7 9 8 4 17 15 6 10 16 13 12 9 5 3 9 5 5 11 11 12 12 7 15 5 17 17 6 7 17 4 5 14 15 3 19 6 4 20 10 17 8 15 3 6 17 19 3 18 9 14 4 18 18 11 15 9 18 3 8 8 5 5 18 5 8 13 10 4 20 9 16 17 11 9 12 17 11 12 9 16 9 11 16 18 16 19 7 11 8 18 15 20 20 18 10 4 15 4 12 20 12 13 13 19 5 12 15 9 9 5 4 3 17 9 6 6 17 6 7 6 12 20 18 18 19 13 10 17 14 8 8 19 5 3 14 3 4 4 7 12 10 6 17 10 17 5 10 18 3 11 20 9 20 15 17 17 15 12 14 16 7 4 3 8 7 11 16 4 10 10 7 16 7 20 6 8 12 20 18 18 10 13 7 14 17 20 15 7 18 19 16 9 10 5 10 15 5 19 20 18 6 20 20 8 18 20 18 13 13 12 17 14 4 5 7 10 17 15 4 3 6 8 6 11 7 3 9 11 15 8 18 5 16 4 17 4 20 12 5 11 6 9 6 6 10 5 5 6 20 18 19 12 19 5 13 11 3 4 17 17 7 14 8 7 9 20 19 12 3 5 8 19 20 17 18 13 13 11 20 18 5 20 5 6 6 3 12 19 16 14 3 17 17 13 15 8 19 18 10 17 7 5 14 4 10 5 18 6 12 20 3 6 10 3 18 4 18 11 19 4 6 5 14 10 14 9 14 17 10 5 18 17 12 12 5 6 10 4 18 15 3 9 5 16 12 14 12 4 16 12 17 19 9 10 7 5 11 6 8 16 8 9 19 3 14 17 17 17 13 3 20 12 5 18 13 16 14 14 18 3 20 10 12 18 13 11 17 20 3 7 18 7 19 18 7 16 7 11 18 10 20 16 15 5 18 7 12 13 19 18 11 5 7 17 13 10 11 16 6 20 17 7 8 16 6 17 4 9 18 10 17 17 17 18 4 17 19 3 9 13 17 19 9 13 10 13 8 9 11 16 17 12 19 18 13 12 6 17 7 16 16 8 17 13 15 13 20 14 9 17 13 6 15 8 3 6 13 13 20 12 8 16 8 20 17 8 12 20 17 9 5 14 16 7 13 3 12 3 11 18 16 14 6 19 18 16 4 15 17 9 10 11 18 8 20 7 8 9 8 20 15 18 9 12 20 13 15 13 19 9 13 4 4 8 11 12 9 19 19 16 13 15 19 18 13 6 18 3 11 8 3 12 8 17 8 18 7 5 17 15 4 19 20 3 9 14 12 17 4 19 7 19 6 6 6 8 5 4 20 4 16 8 5 19 17 8 16 14 9 3 9 19 12 9 3 8 15 19 8 12 10 11 15 7 8 20 17 7 20 14 10 18 14 11 3 7 4 4 8 15 20 7 9 3 9 10
1 10 2
56 96
1 6 2
322 640
1 9 2
347 662
1 12 2
661 744
1 11 2
95 594
1 9 2
504 585
1 18 2
257 472
1 8 2
150 595
1 8 2
415 673
1 3 2
188 517
1 17 2
580 785
1 15 2
278 543
1 6 2
273 693
1 12 2
401 755
1 16 2
463 618
1 7 2
207 676
1 4 2
131 329
1 19 2
516 669
1 7 2
433 529
1 15 2
72 187
1 12 2
299 330
1 18 2
64 71
1 9 2
8 566
1 9 2
511 616
1 11 2
268 363
1 5 2
560 690
1 8 2
370 625
1 7 2
59 125
1 6 2
145 570
1 13 2
338 753
1 9 2
623 756
1 14 2
291 793
1 7 2
445 703
1 15 2
26 90
1 8 2
196 596
1 14 2
191 470
1 11 2
433 498
1 12 2
38 83
1 3 2
536 602
1 11 2
114 159
1 9 2
110 704
1 12 2
115 252
1 3 2
319 676
1 8 2
466 774
1 9 2
168 642
1 6 2
32 697
1 12 2
362 673
1 10 2
7 536
1 14 2
601 742
1 18 2
109 580
1 9 2
299 536
1 11 2
556 621
1 3 2
13 83
1 4 2
510 560
1 9 2
50 356
1 15 2
447 686
1 7 2
73 341
1 12 2
219 418
1 17 2
647 786
1 15 2
20 344
1 13 2
372 589
1 13 2
336 625
1 13 2
540 686
1 9 2
406 504
1 8 2
456 714
1 4 2
545 791
1 7 2
111 721
1 11 2
71 467
1 13 2
173 753
1 9 2
58 595
1 12 2
152 284
1 12 2
501 685
1 14 2
114 284
1 11 2
494 562
1 7 2
57 637
1 3 2
12 603
1 17 2
133 191
1 19 2
633 647
1 3 2
422 770
1 11 2
405 780
1 6 2
4 626
1 9 2
104 707
1 15 2
85 247
1 17 2
64 257
1 9 2
321 343
1 8 2
615 742
1 8 2
266 595
1 10 2
128 394
1 6 2
726 794
1 6 2
83 219
1 13 2
234 543
1 16 2
139 549
1 11 2
76 768
1 11 2
135 550
1 11 2
392 647
1 13 2
550 674
1 13 2
186 294
1 10 2
153 228
1 13 2
175 438
1 9 2
91 513
1 9 2
588 797
1 7 2
34 101
1 3 2
185 229
1 13 2
321 672
1 11 2
468 513
1 6 2
198 493
1 14 2
413 674
1 12 2
19 92
1 9 2
206 692
1 3 2
251 314
1 6 2
707 715
1 12 2
228 600
1 14 2
300 495
1 12 2
270 339
1 10 2
434 693
1 14 2
412 776
1 11 2
45 321
1 12 2
120 692
1 6 2
549 797
1 2 2
200 225
1 7 2
200 283
1 12 2
233 702
1 4 2
322 523
1 14 2
623 783
1 12 2
297 755
1 16 2
21 785
1 16 2
292 328
1 10 2
385 501
1 13 2
326 354
1 12 2
561 568
1 10 2
259 532
1 9 2
192 386
1 15 2
304 677
1 10 2
93 676
1 11 2
138 388
1 11 2
20 118
1 16 2
541 578
1 2 2
563 712
1 10 2
667 780
1 6 2
236 537
1 7 2
76 311
1 2 2
226 770
1 7 2
283 536
1 13 2
44 384
1 6 2
367 602
1 4 2
34 797
1 8 2
434 474
1 6 2
679 754
1 3 2
57 635
1 11 2
399 497
1 16 2
335 472
1 18 2
110 677
1 14 2
428 642
1 4 2
427 536
1 16 2
571 663
1 16 2
515 685
1 16 2
72 316
1 11 2
9 98
1 12 2
362 383
1 10 2
269 591
1 13 2
50 169
1 13 2
438 497
1 16 2
382 673
1 14 2
53 165
1 17 2
46 268
1 3 2
60 219
1 16 2
278 632
1 5 2
178 195
1 8 2
308 623
1 12 2
16 535
1 18 2
301 348
1 8 2
359 701
1 16 2
371 747
1 5 2
231 263
1 9 2
143 554
1 10 2
55 434
1 5 2
238 525
1 17 2
632 647
1 9 2
94 361
1 4 2
193 529
1 10 2
255 636
1 12 2
367 426
1 12 2
751 772
1 16 2
175 612
1 17 2
316 748
1 19 2
256 466
1 8 2
299 607
1 6 2
174 581
1 8 2
238 279
1 3 2
675 683
1 9 2
114 529
1 8 2
91 623
1 11 2
262 377
1 10 2
431 701
1 16 2
680 785
1 10 2
280 595
1 19 2
484 630
1 15 2
338 667
1 16 2
214 723
1 16 2
449 621
1 6 2
450 755
1 9 2
296 719
1 12 2
297 327
1 7 2
99 320
1 8 2
97 476
1 9 2
205 219
1 17 2
479 714
1 18 2
7 316
1 3 2
347 615
1 10 2
66 777
1 13 2
224 355
1 11 2
214 794
1 8 2
359 702
1 5 2
150 318
1 14 2
473 558
1 10 2
361 372
1 3 2
10 168
1 9 2
67 727
1 7 2
501 528
1 15 2
207 360
1 10 2
663 679
1 13 2
109 616
1 6 2
126 186
1 17 2
139 192
1 7 2
307 313
1 17 2
628 632
1 15 2
65 371
1 14 2
224 323
1 15 2
85 578
1 15 2
45 117
1 8 2
28 92
1 12 2
627 663
1 5 2
441 683
1 7 2
315 477
1 10 2
297 462
1 14 2
532 546
1 8 2
39 161
1 10 2
562 609
1 6 2
236 446
1 18 2
122 434
1 18 2
216 760
1 11 2
0 672
1 15 2
95 237
1 9 2
543 608
1 10 2
149 601
1 14 2
588 616
1 15 2
228 241
1 8 2
16 517
1 10 2
163 511
1 3 2
209 781
1 15 2
22 775
1 9 2
51 171
1 12 2
348 608
1 12 2
382 762
1 9 2
212 753
1 14 2
180 345
1 12 2
324 501
1 19 2
233 418
1 10 2
145 554
1 8 2
288 777
1 11 2
280 656
1 11 2
17 750
1 4 2
223 293
1 8 2
72 208
1 8 2
754 755
1 7 2
494 591
1 12 2
111 599
1 11 2
432 551
1 18 2
298 674
1 6 2
389 407
1 17 2
85 663
1 9 2
24 284
1 7 2
357 416
1 7 2
208 747
1 8 2
625 660
1 14 2
449 601
1 14 2
135 426
1 8 2
330 648
1 7 2
416 523
1 12 2
186 256
1 18 2
214 642
1 16 2
503 680
1 5 2
121 507
1 10 2
119 300
1 5 2
398 586
1 15 2
98 734
1 19 2
214 653
1 13 2
463 541
1 8 2
84 718
1 4 2
414 520
1 10 2
527 594
1 18 2
109 662
1 12 2
501 534
1 13 2
557 671
1 2 2
68 242
1 14 2
202 588
1 4 2
89 638
1 8 2
553 664
1 10 2
275 575
1 9 2
35 314
1 8 2
354 763
1 9 2
192 758
1 10 2
264 791
1 15 2
358 405
1 8 2
288 424
1 9 2
445 550
1 14 2
269 637
1 8 2
1 621
1 9 2
52 300
1 9 2
5 296
1 18 2
214 534
1 8 2
505 649
1 7 2
430 681
1 6 2
545 670
1 6 2
319 736
1 16 2
19 211
1 16 2
270 677
1 12 2
138 463
1 11 2
93 529
1 13 2
292 648
1 8 2
486 661
1 14 2
59 146
1 3 2
285 341
1 16 2
513 649
1 13 2
381 524
1 3 2
593 738
1 17 2
482 623
1 15 2
554 768
1 11 2
201 464
1 7 2
113 785
1 10 2
219 301
1 8 2
567 760
1 7 2
239 318
1 16 2
109 772
1 11 2
143 674
1 13 2
194 430
1 7 2
478 755
1 9 2
636 646
1 19 2
233 773
1 14 2
7 572
1 10 2
480 649
1 8 2
231 573
1 7 2
65 346
1 11 2
535 785
1 15 2
234 710
1 8 2
506 637
1 12 2
71 219
1 14 2
344 534
1 15 2
173 283
1 18 2
71 512
1 13 2
354 678
1 9 2
386 699
1 15 2
270 540
1 13 2
367 434
1 8 2
199 477
1 14 2
482 763
1 12 2
377 643
1 8 2
136 335
1 6 2
367 657
1 15 2
424 460
1 17 2
22 742
1 10 2
430 640
1 9 2
105 615
1 15 2
7 369
1 10 2
361 573
1 15 2
119 710
1 17 2
390 515
1 13 2
120 445
1 11 2
452 721
1 12 2
338 736
1 6 2
448 520
1 12 2
236 512
1 7 2
411 526
1 9 2
595 704
1 13 2
192 698
1 8 2
516 658
1 12 2
238 612
1 11 2
96 725
1 6 2
33 106
1 6 2
796 799
1 10 2
318 562
1 17 2
115 612
1 10 2
93 771
1 10 2
462 527
1 8 2
288 490
1 15 2
170 550
1 16 2
56 257
1 13 2
77 535
1 8 2
345 529
1 7 2
221 383
1 8 2
11 612
1 14 2
86 663
1 15 2
416 674
1 14 2
297 764
1 9 2
685 720
1 7 2
159 573
1 3 2
415 603
1 14 2
405 785
1 9 2
285 526
1 5 2
279 795
1 18 2
7 298
1 7 2
442 597
1 11 2
216 385
1 13 2
231 769
1 7 2
323 536
1 8 2
2 775
1 8 2
458 542
1 6 2
575 635
1 12 2
656 707
1 14 2
72 673
1 11 2
122 229
1 8 2
190 703
1 15 2
358 672
1 15 2
268 513
1 14 2
604 654
1 18 2
50 678
1 4 2
221 509
1 11 2
302 758
1 15 2
708 772
1 8 2
178 467
1 12 2
206 361
1 17 2
233 779
1 11 2
27 372
1 9 2
623 720
1 10 2
533 579
1 9 2
366 560
1 11 2
391 728
1 9 2
357 710
1 7 2
164 402
1 9 2
80 762
1 8 2
193 205
1 7 2
57 144
1 12 2
59 377
1 5 2
172 315
1 10 2
244 294
1 6 2
82 560
1 20 2
551 773
1 13 2
281 371
1 15 2
120 778
1 12 2
114 281
1 11 2
390 530
1 6 2
231 415
1 5 2
250 689
1 10 2
139 166
1 9 2
154 515
1 13 2
404 748
1 16 2
512 737
1 12 2
468 737
1 11 2
439 515
1 15 2
139 174
1 16 2
59 710
1 14 2
128 148
1 10 2
94 533
1 14 2
14 268
1 13 2
330 678
1 20 2
418 495
1 12 2
94 249
1 8 2
77 520
1 11 2
589 701
1 6 2
94 351
1 14 2
233 670
1 8 2
56 342
1 5 2
55 784
1 17 2
568 618
1 17 2
324 499
1 6 2
89 656
1 11 2
748 780
1 13 2
17 44
1 6 2
692 720
1 9 2
205 715
1 7 2
52 692
1 11 2
325 783
1 4 2
88 646
1 17 2
324 466
1 16 2
227 527
1 10 2
281 412
1 13 2
298 460
1 7 2
125 344
1 8 2
552 683
1 11 2
143 678
1 11 2
334 761
1 12 2
238 401
1 10 2
21 427
1 18 2
114 306
1 12 2
300 540
1 8 2
609 698
1 18 2
114 551
1 9 2
26 795
1 9 2
50 795
1 7 2
727 758
1 10 2
28 344
1 8 2
100 148
1 17 2
360 449
1 15 2
210 499
1 12 2
26 524
1 14 2
114 473
1 12 2
305 495
1 8 2
149 577
1 16 2
178 725
1 5 2
141 546
1 12 2
739 775
1 16 2
38 249
1 5 2
397 610
1 6 2
30 780
1 11 2
46 608
1 9 2
142 557
1 8 2
63 536
1 11 2
104 643
1 15 2
270 434
1 18 2
21 532
1 7 2
454 594
1 8 2
525 737
1 10 2
110 408
1 8 2
223 695
1 9 2
272 761
1 12 2
530 534
1 7 2
87 278
1 8 2
134 738
1 11 2
274 293
1 13 2
6 628
1 4 2
560 781
1 8 2
169 261
1 7 2
22 310
1 17 2
38 264
1 13 2
247 514
1 16 2
20 558
1 13 2
216 565
1 8 2
12 643
1 15 2
128 605
1 15 2
107 299
1 14 2
428 463
1 7 2
377 794
1 12 2
642 682
1 7 2
83 754
1 9 2
366 657
1 12 2
163 445
1 7 2
203 335
1 4 2
1 545
1 12 2
205 355
1 5 2
217 705
1 9 2
309 557
1 10 2
383 616
1 15 2
122 327
1 7 2
48 750
1 8 2
83 210
1 12 2
167 428
1 13 2
325 647
1 16 2
672 740
1 18 2
224 769
1 10 2
61 504
1 10 2
162 653
1 13 2
377 699
1 11 2
594 653
1 13 2
149 773
1 9 2
47 746
1 13 2
544 685
1 6 2
188 327
1 16 2
50 540
1 12 2
176 710
1 9 2
178 462
1 13 2
122 363
1 6 2
234 525
1 7 2
656 717
1 5 2
83 432
1 12 2
115 145
1 8 2
216 288
1 9 2
68 306
1 9 2
315 483
1 8 2
470 545
1 12 2
76 278
1 18 2
298 746
1 8 2
493 715
1 16 2
95 247
1 8 2
82 445
1 10 2
623 702
1 10 2
421 425
1 14 2
291 405
1 11 2
255 677
1 11 2
106 170
1 13 2
371 557
1 19 2
490 532
1 17 2
35 466
1 14 2
381 530
1 10 2
340 448
1 5 2
103 771
1 19 2
78 278
1 10 2
96 512
1 16 2
233 541
1 7 2
357 389
1 19 2
20 348
1 15 2
630 708
1 10 2
284 379
1 19 2
434 499
1 9 2
39 707
1 7 2
126 547
1 15 2
426 783
1 8 2
165 196
1 12 2
59 413
1 8 2
263 697
1 8 2
401 603
1 8 2
143 597
1 6 2
460 652
1 10 2
167 776
1 17 2
73 237
1 5 2
177 758
1 15 2
268 479
1 7 2
150 178
1 19 2
22 772
1 9 2
437 604
1 10 2
194 788
1 9 2
181 354
1 12 2
275 479
1 6 2
359 603
1 6 2
76 350
1 8 2
162 632
1 11 2
337 713
1 10 2
502 714
1 11 2
723 755
1 13 2
283 642
1 7 2
143 182
1 12 2
19 45
1 9 2
186 586
1 6 2
92 798
1 9 2
224 342
1 14 2
109 323
1 14 2
473 710
1 3 2
507 718
1 13 2
514 735
1 18 2
93 644
1 10 2
413 565
1 8 2
388 591
1 16 2
269 578
1 9 2
205 415
1 4 2
103 624
1 7 2
253 367
1 9 2
220 514
1 10 2
81 355
1 18 2
120 516
1 19 2
117 381
1 3 2
168 520
1 7 2
336 461
1 6 2
142 331
1 9 2
205 221
1 13 2
9 662
1 9 2
112 723
1 15 2
26 324
1 13 2
722 755
1 7 2
210 745
1 17 2
360 552
1 13 2
132 369
1 15 2
93 667
1 5 2
57 153
1 7 2
730 765
1 12 2
292 311
1 19 2
490 588
1 12 2
616 629
1 9 2
266 353
1 13 2
304 636
1 12 2
101 299
1 9 2
205 655
1 16 2
56 391
1 16 2
214 339
1 13 2
327 772
1 8 2
246 577
1 7 2
101 222
1 5 2
390 651
1 13 2
211 755
1 5 2
566 707
1 10 2
46 536
1 5 2
158 399
1 16 2
95 722
1 12 2
321 541
1 15 2
247 304
1 12 2
424 481
1 10 2
247 255
1 15 2
170 321
1 11 2
116 659
1 11 2
28 633
1 17 2
475 568
1 10 2
495 525
1 17 2
175 526
1 9 2
45 121
1 12 2
306 535
1 18 2
50 105
1 20 2
78 466
1 6 2
331 586
1 10 2
77 759
1 13 2
573 725
1 3 2
15 611
1 20 2
120 326
1 7 2
135 308
1 16 2
73 313
1 18 2
122 783
1 20 2
7 490
1 7 2
363 441
1 6 2
263 460
1 16 2
264 425
1 12 2
119 129
1 10 2
202 284
1 15 2
673 735
1 6 2
116 420
1 16 2
227 612
1 13 2
334 364
1 10 2
86 284
1 9 2
270 720
1 15 2
622 688
1 14 2
247 673
1 3 2
408 581
1 13 2
35 262
1 12 2
49 777
1 13 2
546 677
1 10 2
305 699
1 15 2
163 292
1 13 2
90 249
1 9 2
467 776
1 9 2
570 714
1 16 2
513 618
1 10 2
421 434
1 7 2
524 702
1 3 2
28 581
1 6 2
430 569
1 8 2
485 750
1 11 2
92 572
1 9 2
659 721
1 18 2
35 139
1 2 2
15 684
1 7 2
167 646
1 6 2
487 736
1 18 2
532 629
1 9 2
130 234
1 8 2
40 169
1 15 2
163 338
1 5 2
65 508
1 5 2
182 223
1 2 2
456 645
1 10 2
110 477
1 10 2
541 787
1 14 2
401 730
1 10 2
547 740
1 15 2
14 264
1 16 2
133 664
1 14 2
470 793
1 8 2
73 457
1 10 2
8 54
1 12 2
7 394
1 9 2
657 734
1 11 2
78 703
1 9 2
213 247
1 9 2
420 642
1 7 2
340 432
1 13 2
316 340
1 11 2
741 778
1 4 2
24 603
1 12 2
246 490
1 9 2
454 586
1 5 2
103 461
1 6 2
151 161
1 11 2
236 527
1 14 2
64 733
1 16 2
194 497
1 20 2
105 348
1 9 2
227 531
1 12 2
152 747
1 12 2
264 711
1 14 2
519 605
1 12 2
300 412
1 11 2
275 739
1 10 2
513 706
1 13 2
294 754
1 10 2
179 541
1 18 2
256 294
1 17 2
128 292
1 18 2
50 294
1 13 2
179 688
1 12 2
330 338
1 16 2
452 730
1 7 2
365 629
1 15 2
688 775
1 9 2
132 137
1 15 2
56 664
1 16 2
148 534
1 14 2
323 599
1 6 2
215 636
1 12 2
105 112
1 7 2
67 290
1 18 2
628 793
1 5 2
49 113
1 8 2
194 694
1 16 2
174 482
1 8 2
142 480
1 8 2
241 518
1 10 2
161 786
1 7 2
57 262
1 7 2
404 539
1 6 2
145 208
1 10 2
481 659
1 7 2
74 281
1 15 2
317 326
1 11 2
34 360
1 13 2
120 359
1 10 2
650 711
1 6 2
147 591
1 3 2
11 356
1 11 2
238 387
1 5 2
267 667
1 18 2
292 526
1 17 2
449 695
1 8 2
297 770
1 12 2
6 38
1 14 2
21 686
1 11 2
751 783
1 17 2
56 452
1 9 2
196 214
1 18 2
21 425
1 10 2
20 522
1 6 2
96 182
1 16 2
170 632
1 12 2
132 315
1 13 2
272 371
1 12 2
323 404
1 8 2
372 488
1 6 2
220 465
1 14 2
45 302
1 10 2
98 648
1 8 2
243 669
1 11 2
159 482
1 8 2
127 714
1 10 2
240 597
1 5 2
65 453
1 12 2
27 142
1 9 2
12 230
1 14 2
503 674
1 9 2
131 257
1 16 2
152 294
1 16 2
7 194
1 9 2
188 268
1 13 2
561 663
1 9 2
509 748
1 17 2
120 173
1 5 2
510 646
1 19 2
110 499
1 7 2
397 744
1 17 2
5 233
1 10 2
160 472
1 7 2
107 289
1 9 2
449 474
1 3 2
57 410
1 9 2
169 305
1 9 2
715 783
1 14 2
14 59
1 16 2
51 298
1 18 2
672 722
1 8 2
365 513
1 15 2
109 534
1 8 2
497 500
1 12 2
85 741
1 7 2
100 544
1 8 2
243 490
1 12 2
372 562
1 10 2
434 609
1 9 2
208 429
1 12 2
360 488
1 9 2
73 137
1 8 2
206 296
1 10 2
629 720
1 16 2
633 708
1 16 2
163 466
1 10 2
106 618
1 7 2
487 572
1 20 2
348 589
1 12 2
460 737
1 15 2
377 515
1 7 2
498 626
1 4 2
459 624
1 8 2
245 452
1 9 2
573 741
1 12 2
104 387
1 17 2
22 358
1 10 2
38 676
1 9 2
475 487
1 10 2
108 490
1 13 2
173 547
1 14 2
138 777
1 7 2
140 459
1 17 2
132 360
1 8 2
2 448
1 5 2
118 569
1 9 2
83 595
1 4 2
288 641
1 8 2
276 656
1 17 2
8 540
1 15 2
435 532
1 10 2
93 188
1 15 2
73 475
1 5 2
218 359
1 17 2
21 582
1 15 2
270 625
1 7 2
345 400
1 10 2
66 348
1 15 2
135 214
1 6 2
486 694
1 14 2
312 735
1 10 2
693 783
1 10 2
265 301
1 12 2
93 594
1 9 2
182 361
1 6 2
458 510
1 7 2
375 759
1 14 2
381 542
1 6 2
160 514
1 9 2
62 562
1 6 2
384 567
1 3 2
91 696
1 20 2
122 589
1 8 2
616 751
1 7 2
256 417
1 8 2
263 323
1 3 2
376 406
1 15 2
544 633
1 16 2
234 671
1 10 2
210 459
1 12 2
405 750
1 10 2
316 392
1 10 2
181 372
1 9 2
497 724
1 12 2
146 668
1 10 2
609 629
1 18 2
588 674
1 5 2
167 250
1 17 2
623 630
1 12 2
33 382
1 17 2
105 513
1 14 2
337 677
1 17 2
381 737
1 10 2
220 361
1 7 2
94 130
1 11 2
601 775
1 14 2
212 482
1 13 2
325 669
1 4 2
9 185
1 10 2
287 532
1 7 2
535 648
1 12 2
49 674
1 10 2
61 589
1 17 2
237 551
1 14 2
63 632
1 10 2
175 577
1 17 2
44 78
1 10 2
2 51
1 11 2
107 454
1 13 2
14 383
1 7 2
396 687
1 10 2
111 142
1 10 2
445 667
1 15 2
175 779
1 20 2
589 628
1 16 2
138 671
1 10 2
516 523
1 9 2
436 584
1 15 2
317 580
1 11 2
158 230
1 3 2
100 465
1 8 2
378 384
1 19 2
476 589
1 11 2
698 747
1 18 2
381 612
1 12 2
492 663
1 14 2
513 632
1 15 2
224 304
1 9 2
9 199
1 7 2
12 697
1 17 2
313 695
1 8 2
73 285
1 8 2
415 623
1 11 2
166 495
1 9 2
231 337
1 9 2
56 439
1 12 2
20 727
1 15 2
301 323
1 10 2
239 697
1 18 2
316 725
1 11 2
207 435
1 8 2
325 336
1 7 2
83 503
1 18 2
297 495
1 6 2
177 315
1 13 2
433 695
1 18 2
175 476
1 17 2
714 722
1 7 2
502 565
1 13 2
256 430
1 6 2
174 724
1 10 2
103 299
1 10 2
489 568
1 11 2
305 612
1 6 2
23 511
1 6 2
4 635
1 9 2
4 393
1 15 2
362 504
1 6 2
179 258
1 11 2
224 394
1 17 2
38 324
1 12 2
176 256
1 20 2
211 532
1 5 2
260 519
1 9 2
133 159
1 14 2
685 793
1 9 2
47 192
1 8 2
185 495
1 14 2
52 516
1 19 2
84 769
1 7 2
398 549
1 9 2
355 788
1 20 2
499 662
1 7 2
383 655
1 17 2
63 371
1 18 2
633 656
1 17 2
132 773
1 5 2
454 718
1 14 2
44 107
1 10 2
136 695
1 19 2
115 629
1 6 2
523 682
1 11 2
485 558
1 6 2
40 372
1 13 2
312 662
1 17 2
132 710
1 9 2
188 695
1 14 2
85 119
1 11 2
144 640
1 4 2
156 368
1 14 2
214 433
1 16 2
20 237
1 4 2
648 743
1 6 2
423 659
1 17 2
316 744
1 6 2
181 694
1 12 2
354 656
1 12 2
104 543
1 7 2
156 334
1 9 2
46 581
1 5 2
310 750
1 11 2
112 678
1 10 2
121 779
1 9 2
304 439
1 12 2
59 707
1 4 2
68 331
1 5 2
359 417
1 18 2
313 449
1 7 2
321 765
1 6 2
107 417
1 11 2
216 693
1 11 2
436 543
1 4 2
385 531
1 15 2
595 656
1 7 2
353 645
1 7 2
491 737
1 8 2
342 687
1 3 2
136 598
1 8 2
253 610
1 15 2
534 599
1 11 2
202 667
1 13 2
534 733
1 7 2
713 758
1 15 2
338 632
1 15 2
50 498
1 13 2
182 211
1 12 2
4 207
1 10 2
142 606
1 9 2
629 794
1 14 2
601 628
1 6 2
36 685
1 11 2
62 133
1 7 2
534 675
1 11 2
711 747
1 15 2
558 599
1 10 2
169 275
1 15 2
328 722
1 13 2
584 734
1 5 2
12 145
1 8 2
501 560
1 9 2
708 790
1 12 2
618 750
1 10 2
710 758
1 12 2
190 664
1 19 2
21 725
1 14 2
755 769
1 11 2
231 719
1 15 2
472 673
1 17 2
19 46
1 10 2
85 462
1 7 2
270 626
1 6 2
565 767
1 13 2
326 727
1 17 2
51 476
1 11 2
86 776
1 9 2
151 673
1 6 2
153 157
1 17 2
115 605
1 10 2
395 408
1 5 2
422 690
1 18 2
73 515
1 9 2
330 733
1 12 2
414 490
1 7 2
453 475
1 5 2
178 520
1 7 2
396 699
1 12 2
403 748
1 17 2
429 674
1 8 2
540 705
1 14 2
463 673
1 15 2
630 733
1 8 2
149 556
1 9 2
468 750
1 15 2
81 630
1 4 2
660 751
1 12 2
293 316
1 15 2
170 181
1 4 2
398 759
1 17 2
56 139
1 18 2
173 230
1 10 2
252 262
1 5 2
179 443
1 9 2
528 688
1 6 2
185 493
1 8 2
12 17
1 8 2
194 442
1 8 2
296 740
1 9 2
106 786
1 15 2
206 734
1 13 2
649 762
1 15 2
85 304
1 14 2
8 533
1 11 2
8 546
1 7 2
176 462
1 11 2
618 727
1 10 2
143 228
1 19 2
360 760
1 4 2
160 399
1 14 2
186 326
1 10 2
148 252
1 2 2
631 798
1 5 2
259 507
1 12 2
621 654
1 5 2
252 465
1 17 2
381 650
1 5 2
147 222
1 16 2
588 779
1 6 2
215 612
1 16 2
235 338
1 9 2
14 480
1 17 2
249 482
1 8 2
227 792
1 11 2
191 756
1 6 2
324 796
1 11 2
186 768
1 11 2
258 512
1 11 2
381 608
1 10 2
487 748
1 9 2
170 607
1 7 2
277 330
1 19 2
22 230
1 8 2
233 310
1 8 2
146 523
1 9 2
73 386
1 6 2
537 758
1 6 2
40 762
1 17 2
165 497
1 19 2
516 628
1 13 2
312 452
1 10 2
151 687
1 14 2
257 685
1 10 2
96 306
1 9 2
210 762
1 14 2
550 680
1 14 2
497 586
1 10 2
143 247
1 7 2
355 683
1 17 2
132 725
1 9 2
477 575
1 8 2
725 798
1 10 2
164 320
1 14 2
428 740
1 8 2
222 470
1 12 2
238 328
1 6 2
461 592
1 13 2
698 699
1 8 2
41 187
1 13 2
46 164
1 14 2
84 181
1 5 2
28 439
1 12 2
240 326
1 13 2
300 769
1 9 2
46 352
1 10 2
693 793
1 10 2
118 699
1 17 2
541 688
1 14 2
297 334
1 12 2
405 485
1 8 2
100 428
1 17 2
7 256
1 14 2
142 148
1 6 2
601 743
1 10 2
656 693
1 10 2
262 579
1 4 2
136 370
1 10 2
121 344
1 9 2
425 525
1 17 2
44 515
1 7 2
416 500
1 17 2
424 632
1 16 2
722 748
1 11 2
599 751
1 18 2
382 719
1 14 2
39 495
1 15 2
105 622
1 11 2
34 769
1 11 2
558 577
1 16 2
541 695
1 7 2
65 536
1 7 2
266 632
1 3 2
60 594
1 4 2
153 652
1 10 2
219 768
1 4 2
261 525
1 5 2
351 414
1 6 2
33 376
1 7 2
94 171
1 16 2
206 499
1 11 2
187 762
1 12 2
176 426
1 10 2
328 488
1 13 2
320 554
1 12 2
149 241
1 6 2
305 480
1 15 2
39 551
1 5 2
42 76
1 12 2
763 773
1 17 2
211 353
1 20 2
294 466
1 18 2
512 516
1 12 2
345 632
1 4 2
518 603
1 17 2
71 110
1 17 2
224 662
1 14 2
119 297
1 10 2
494 527
1 17 2
50 710
1 8 2
87 306
1 13 2
122 780
1 12 2
273 680
1 15 2
532 733
1 11 2
390 524
1 3 2
112 705
1 4 2
375 411
1 17 2
227 472
1 11 2
24 452
1 3 2
450 528
1 7 2
394 573
1 7 2
579 756
1 16 2
35 298
1 11 2
629 716
1 17 2
233 664
1 12 2
330 649
1 14 2
294 689
1 6 2
150 460
1 2 2
440 444
1 5 2
104 619
1 7 2
262 566
1 8 2
21 456
1 8 2
86 627
1 9 2
111 238
1 10 2
580 795
1 7 2
478 682
1 19 2
338 348
1 11 2
121 297
1 14 2
568 597
1 15 2
149 630
1 14 2
269 739
1 7 2
145 646
1 6 2
44 469
1 15 2
682 769
1 8 2
585 644
1 16 2
117 541
1 9 2
134 346
1 13 2
139 757
1 13 2
101 381
1 17 2
105 595
1 6 2
370 404
1 6 2
435 676
1 9 2
264 311
1 12 2
578 787
1 16 2
291 490
1 8 2
43 147
1 10 2
205 300
1 13 2
344 413
1 13 2
120 622
1 18 2
589 748
1 5 2
202 226
1 11 2
191 281
1 7 2
723 794
1 12 2
33 562
1 10 2
75 490
1 11 2
70 595
1 6 2
12 104
1 9 2
8 208
1 6 2
18 761
1 9 2
182 312
1 8 2
234 555
1 5 2
553 711
1 10 2
655 722
1 6 2
193 468
1 16 2
146 772
1 8 2
336 788
1 7 2
617 742
1 9 2
348 437
1 13 2
207 237
1 7 2
198 228
1 7 2
315 611
1 12 2
482 591
1 8 2
451 714
1 12 2
117 204
1 11 2
247 753
1 14 2
381 762
1 12 2
419 618
1 13 2
740 785
1 11 2
158 499
1 9 2
451 452
1 6 2
168 486
1 8 2
53 788
1 8 2
279 445
1 17 2
205 769
1 14 2
197 722
1 8 2
658 748
1 9 2
470 494
1 8 2
155 277
1 3 2
58 396
1 9 2
511 682
1 10 2
334 374
1 10 2
418 560
1 15 2
27 72
1 20 2
233 466
1 10 2
78 150
1 11 2
546 571
1 10 2
643 707
1 12 2
551 716
1 7 2
290 741
1 7 2
232 664
1 18 2
56 105
1 10 2
210 433
1 7 2
63 738
1 9 2
571 745
1 16 2
649 778
1 13 2
388 669
1 5 2
55 319
1 6 2
374 474
1 7 2
352 618
1 14 2
317 653
1 11 2
246 344
1 10 2
546 723
1 11 2
558 693
1 9 2
395 510
1 7 2
309 398
1 14 2
86 425
1 11 2
549 682
1 9 2
0 135
1 15 2
17 479
1 10 2
583 722
1 11 2
170 745
1 15 2
134 740
1 14 2
146 513
1 8 2
255 754
1 18 2
95 326
1 13 2
117 186
1 10 2
337 374
1 5 2
407 736
1 12 2
174 470
1 6 2
25 761
1 4 2
87 231
1 8 2
191 523
1 10 2
78 79
1 5 2
542 691
1 9 2
277 737
1 9 2
540 602
1 15 2
45 737
1 15 2
387 589
1 15 2
16 328
1 9 2
488 689
1 4 2
563 762
1 9 2
732 736
1 8 2
20 208
1 18 2
109 211
1 12 2
6 298
1 7 2
308 436
1 3 2
539 585
1 3 2
509 731
1 7 2
342 637
1 12 2
224 336
1 11 2
197 530
1 7 2
355 570
1 11 2
194 573
1 12 2
616 779
1 7 2
327 758
1 6 2
15 163
1 11 2
299 414
1 9 2
7 11
1 10 2
26 706
1 9 2
17 759
1 7 2
189 690
1 20 2
122 139
1 12 2
264 700
1 3 2
651 679
1 9 2
534 537
1 5 2
285 693
1 9 2
513 518
1 8 2
74 468
1 6 2
27 593
1 16 2
71 764
1 9 2
274 308
1 3 2
97 103
1 9 2
88 230
1 11 2
541 726
1 6 2
193 547
1 10 2
579 785
1 5 2
11 616
1 18 2
348 390
1 10 2
286 418
1 11 2
270 700
1 10 2
47 134
1 3 2
60 706
1 10 2
546 799
1 12 2
231 578
1 7 2
553 632
1 14 2
17 237
1 15 2
479 595
1 7 2
479 525
1 4 2
696 788
1 10 2
111 355
1 7 2
153 750
1 15 2
234 737
1 9 2
67 176
1 8 2
48 390
1 4 2
352 751
1 3 2
23 420
1 20 2
71 532
1 6 2
248 642
1 8 2
59 553
1 9 2
203 381
1 11 2
116 783
1 10 2
237 587
1 9 2
698 727
1 5 2
153 409
1 10 2
235 546
1 15 2
115 571
1 10 2
91 381
1 9 2
103 643
1 13 2
16 799
1 7 2
116 590
1 3 2
385 563
1 9 2
188 644
1 13 2
395 436
1 6 2
44 581
1 20 2
139 214
1 5 2
303 519
1 4 2
607 655
1 8 2
354 638
1 13 2
497 584
1 8 2
190 273
1 12 2
19 388
1 8 2
222 544
1 20 2
630 671
1 12 2
646 663
1 6 2
308 787
1 8 2
79 85
1 15 2
389 476
1 11 2
73 130
1 10 2
66 596
1 11 2
146 212
1 7 2
47 606
1 6 2
286 454
1 7 2
63 185
1 18 2
84 604
1 14 2
434 785
1 14 2
667 695
1 9 2
4 579
1 5 2
668 738
1 6 2
519 567
1 7 2
454 758
1 15 2
227 799
1 5 2
42 94
1 11 2
90 565
1 13 2
449 726
1 8 2
538 733
1 10 2
625 795
1 11 2
295 371
1 8 2
61 463
1 11 2
84 759
1 19 2
109 424
1 9 2
20 322
1 12 2
39 699
1 15 2
256 479
1 5 2
137 290
1 12 2
101 434
1 17 2
56 644
1 10 2
202 321
1 15 2
173 184
1 18 2
165 173
1 14 2
364 543
1 17 2
85 669
1 4 2
11 158
1 14 2
67 132
1 5 2
342 702
1 4 2
349 790
1 10 2
395 758
1 17 2
20 133
1 8 2
194 634
1 10 2
404 468
1 13 2
292 754
1 9 2
661 686
1 6 2
236 265
1 11 2
49 552
1 15 2
146 695
1 12 2
389 554
1 17 2
56 504
1 14 2
445 719
1 18 2
568 773
1 13 2
668 687
1 12 2
540 546
1 13 2
239 294
1 7 2
396 401
1 6 2
728 751
1 10 2
81 291
1 14 2
105 654
1 12 2
302 584
1 15 2
383 629
1 17 2
216 777
1 8 2
137 552
1 9 2
70 741
1 16 2
264 588
1 4 2
112 303
1 9 2
13 424
1 5 2
36 315
1 11 2
2 395
1 7 2
286 321
1 19 2
348 744
1 16 2
211 262
1 3 2
489 781
1 10 2
331 391
1 13 2
678 762
1 11 2
392 580
1 9 2
50 99
1 20 2
499 773
1 10 2
210 312
1 7 2
340 351
1 12 2
239 358
1 9 2
284 481
1 14 2
366 493
1 9 2
414 541
1 12 2
163 761
1 15 2
302 571
1 14 2
187 543
1 12 2
393 484
1 6 2
357 689
1 12 2
82 669
1 15 2
144 418
1 14 2
85 650
1 5 2
186 289
1 9 2
606 754
1 17 2
95 677
1 14 2
234 785
1 5 2
124 212
1 15 2
92 449
1 7 2
20 631
1 5 2
666 732
1 16 2
44 348
1 8 2
88 425
1 2 2
717 724
1 12 2
110 189
1 6 2
152 332
1 12 2
435 740
1 9 2
86 239
1 19 2
109 725
1 13 2
228 637
1 9 2
70 104
1 17 2
17 647
1 3 2
18 32
1 14 2
568 586
1 17 2
5 633
1 18 2
412 452
1 5 2
140 254
1 8 2
181 219
1 10 2
561 575
1 16 2
495 730
1 10 2
654 697
1 7 2
487 493
1 15 2
269 534
1 12 2
367 513
1 19 2
371 589
1 13 2
315 663
1 13 2
547 695
1 18 2
513 516
1 3 2
245 420
1 10 2
158 596
1 17 2
599 695
1 6 2
474 546
1 5 2
182 303
1 7 2
252 492
1 3 2
25 392
1 9 2
110 679
1 16 2
26 358
1 12 2
6 426
1 10 2
133 137
1 12 2
492 515
1 11 2
646 649
1 13 2
768 799
1 13 2
210 656
1 17 2
304 476
1 10 2
48 360
1 8 2
584 592
1 5 2
406 788
1 6 2
399 745
1 10 2
278 465
1 3 2
308 631
1 9 2
377 486
1 9 2
263 643
1 5 2
315 489
1 5 2
202 581
1 16 2
605 768
1 15 2
328 737
1 18 2
516 772
1 11 2
207 606
1 19 2
482 540
1 7 2
178 289
1 9 2
131 463
1 14 2
184 256
1 17 2
316 381
1 18 2
316 424
1 7 2
69 597
1 10 2
299 379
1 9 2
38 41
1 15 2
499 565
1 11 2
142 324
1 14 2
31 59
1 15 2
632 687
1 15 2
184 596
1 7 2
611 750
1 14 2
4 412
1 14 2
264 493
1 11 2
315 786
1 4 2
696 716
1 7 2
56 717
1 5 2
213 461
1 15 2
512 637
1 4 2
102 566
1 10 2
111 723
1 10 2
483 519
1 13 2
144 401
1 5 2
199 705
1 10 2
522 685
1 16 2
56 735
1 11 2
484 784
1 8 2
199 556
1 14 2
516 610
1 5 2
181 548
1 18 2
540 663
1 9 2
574 580
1 12 2
588 627
1 19 2
71 482
1 5 2
156 399
1 8 2
30 73
1 8 2
365 434
1 12 2
363 742
1 13 2
116 760
1 7 2
199 442
1 8 2
156 562
1 15 2
50 85
1 9 2
363 468
1 6 2
291 505
1 11 2
511 747
1 10 2
682 713
1 15 2
22 404
1 6 2
28 55
1 17 2
241 580
1 14 2
404 484
1 6 2
145 286
1 12 2
35 321
1 8 2
340 751
1 7 2
194 398
1 11 2
309 637
1 9 2
249 318
1 6 2
218 323
1 13 2
129 269
1 18 2
313 472
1 11 2
174 606
1 16 2
132 304
1 6 2
384 489
1 9 2
67 702
1 11 2
487 540
1 9 2
152 204
1 8 2
12 132
1 11 2
85 524
1 13 2
31 264
1 18 2
599 633
1 14 2
428 554
1 15 2
214 550
1 18 2
233 302
1 9 2
616 654
1 19 2
551 604
1 10 2
140 708
1 14 2
94 671
1 5 2
202 718
1 17 2
513 588
1 9 2
293 511
1 9 2
90 787
1 12 2
44 340
1 4 2
42 281
1 13 2
464 596
1 20 2
78 504
1 17 2
504 632
1 9 2
357 604
1 8 2
312 727
1 9 2
436 616
1 19 2
515 748
1 6 2
287 561
1 9 2
120 456
1 9 2
359 419
1 15 2
424 514
1 18 2
395 580
1 9 2
388 668
1 8 2
198 526
1 10 2
714 771
1 17 2
230 395
1 12 2
182 479
1 7 2
443 513
1 8 2
331 498
1 10 2
413 556
1 7 2
421 755
1 9 2
372 530
1 7 2
13 21
1 13 2
64 493
1 15 2
80 294
1 10 2
67 340
1 11 2
58 326
1 17 2
85 580
1 11 2
30 122
1 16 2
739 773
1 8 2
57 192
1 10 2
135 511
1 18 2
73 760
1 6 2
239 602
1 12 2
309 533
1 7 2
323 555
1 3 2
243 607
1 12 2
9 353
1 4 2
102 177
1 7 2
181 703
1 6 2
304 709
1 5 2
383 770
1 13 2
317 479
1 15 2
146 656
1 11 2
133 763
1 10 2
157 241
1 7 2
220 557
1 12 2
339 632
1 7 2
45 569
1 18 2
84 381
1 16 2
425 475
1 9 2
401 545
1 5 2
151 158
1 5 2
265 758
1 10 2
497 681
1 5 2
136 745
1 15 2
292 503
1 11 2
142 643
1 19 2
105 313
1 7 2
178 555
1 6 2
517 530
1 7 2
70 727
1 6 2
143 715
1 4 2
213 282
1 11 2
429 757
1 7 2
45 75
1 9 2
532 770
1 12 2
174 383
1 11 2
178 572
1 17 2
526 687
1 8 2
52 751
1 3 2
177 536
1 17 2
278 366
1 15 2
274 313
1 7 2
530 675
1 19 2
230 447
1 12 2
375 746
1 12 2
316 403
1 19 2
326 512
1 11 2
474 515
1 7 2
305 736
1 10 2
56 121
1 13 2
315 677
1 11 2
466 704
1 7 2
24 542
1 15 2
256 513
1 14 2
14 169
1 16 2
669 740
1 18 2
656 772
1 13 2
116 313
1 15 2
7 723
1 8 2
106 533
1 14 2
73 799
1 17 2
294 778
1 17 2
132 653
1 18 2
175 735
1 16 2
44 495
1 6 2
12 393
1 14 2
360 416
1 4 2
635 790
1 18 2
173 353
1 8 2
653 789
1 11 2
194 561
1 6 2
94 168
1 6 2
310 740
1 15 2
169 512
1 6 2
414 608
1 8 2
362 420
1 10 2
419 610
1 5 2
79 638
1 9 2
498 627
1 16 2
53 769
1 20 2
497 499
1 8 2
708 758
1 16 2
623 677
1 6 2
43 781
1 18 2
490 512
1 5 2
83 771
1 17 2
51 512
1 5 2
37 637
1 10 2
108 381
1 14 2
109 128
1 6 2
0 579
1 5 2
315 797
1 17 2
56 306
1 14 2
45 605
1 10 2
435 483
1 8 2
10 431
1 15 2
14 425
1 12 2
330 618
1 12 2
438 642
1 5 2
260 698
1 8 2
252 468
1 15 2
31 306
1 15 2
224 344
1 8 2
0 321
1 6 2
243 283
1 7 2
231 272
1 18 2
38 793
1 12 2
776 799
1 5 2
592 790
1 11 2
572 739
1 3 2
158 271
1 16 2
50 235
1 8 2
674 749
1 9 2
0 541
1 10 2
298 765
1 6 2
220 351
1 11 2
632 755
1 5 2
111 154
1 5 2
487 791
1 12 2
499 648
1 6 2
398 413
1 10 2
130 338
1 5 2
255 331
1 11 2
145 194
1 14 2
181 515
1 13 2
169 776
1 12 2
441 558
1 14 2
216 340
1 16 2
214 697
1 19 2
298 532
1 18 2
77 292
1 11 2
249 732
1 3 2
208 218
1 11 2
85 220
1 14 2
115 217
1 11 2
269 524
1 3 2
555 767
1 9 2
164 667
1 9 2
448 700
1 10 2
277 578
1 7 2
177 320
1 7 2
441 556
1 10 2
529 588
1 3 2
285 303
1 16 2
596 659
1 10 2
300 637
1 9 2
143 283
1 8 2
130 682
1 10 2
152 464
1 8 2
96 383
1 6 2
167 287
1 4 2
74 712
1 4 2
66 496
1 15 2
416 452
1 15 2
466 622
1 17 2
629 737
1 14 2
391 761
1 14 2
292 732
1 9 2
573 670
1 8 2
736 762
1 8 2
642 724
1 8 2
694 737
1 10 2
0 783
1 12 2
120 600
1 14 2
120 335
1 15 2
292 501
1 14 2
262 299
1 6 2
41 309
1 18 2
93 687
1 14 2
238 596
1 9 2
212 438
1 15 2
578 673
1 13 2
526 547
1 16 2
429 475
1 10 2
157 257
1 10 2
72 608
1 4 2
314 652
1 16 2
304 734
1 15 2
391 697
1 5 2
437 755
1 11 2
668 723
1 13 2
107 317
1 19 2
211 644
1 3 2
158 517
1 14 2
363 418
1 16 2
434 737
1 14 2
371 682
1 16 2
235 425
1 4 2
624 759
1 7 2
530 611
1 11 2
301 788
1 6 2
200 416
1 10 2
441 776
1 17 2
31 105
1 9 2
408 744
1 12 2
19 181
1 10 2
120 745
1 16 2
22 599
1 10 2
5 587
1 15 2
63 316
1 16 2
283 769
1 12 2
182 391
1 10 2
447 569
1 14 2
21 217
1 18 2
22 395
1 12 2
382 759
1 10 2
121 672
1 11 2
275 779
1 15 2
493 678
1 9 2
438 707
1 7 2
98 489
1 5 2
330 665
1 18 2
663 737
1 9 2
5 221
1 13 2
514 744
1 18 2
381 687
1 9 2
134 528
1 17 2
93 234
1 9 2
80 565
1 4 2
208 590
1 15 2
72 299
1 5 2
143 455
1 8 2
251 298
1 4 2
164 469
1 6 2
121 158
1 10 2
529 580
1 11 2
117 368
1 8 2
302 576
1 1 2
411 521
1 10 2
85 421
1 10 2
55 643
1 14 2
169 324
1 9 2
221 384
1 14 2
534 623
1 11 2
221 348
1 17 2
358 674
1 13 2
275 558
1 8 2
121 325
1 14 2
227 610
1 10 2
204 744
1 14 2
501 786
1 16 2
249 662
1 11 2
524 650
1 7 2
437 642
1 8 2
49 236
1 8 2
145 377
1 5 2
32 579
1 13 2
519 719
1 11 2
65 92
1 10 2
51 161
1 15 2
184 710
1 7 2
558 613
1 13 2
661 669
1 4 2
694 720
1 4 2
538 770
1 10 2
468 530
1 4 2
478 520
1 11 2
404 498
1 5 2
399 704
1 10 2
107 721
1 4 2
258 615
1 16 2
122 323
1 12 2
543 739
1 12 2
6 476
1 18 2
326 552
1 12 2
495 559
1 7 2
25 269
1 17 2
429 659
1 10 2
656 787
1 10 2
147 463
1 8 2
98 342
1 20 2
490 628
1 12 2
561 605
1 13 2
601 672
1 11 2
110 399
1 17 2
630 685
1 8 2
174 427
1 19 2
382 429
1 14 2
27 304
1 11 2
213 431
1 7 2
272 403
1 6 2
264 619
1 4 2
99 442
1 5 2
277 311
1 14 2
387 748
1 8 2
465 664
1 7 2
213 686
1 17 2
642 688
1 12 2
601 740
1 15 2
35 734
1 13 2
217 304
1 16 2
133 194
1 14 2
395 799
1 7 2
258 312
1 13 2
86 316
1 18 2
237 504
1 16 2
216 552
1 5 2
380 637
1 2 2
99 684
1 11 2
385 644
1 7 2
164 706
1 8 2
162 642
1 8 2
249 523
1 10 2
83 625
1 13 2
31 205
1 11 2
238 682
1 20 2
211 760
1 12 2
115 130
1 5 2
57 780
1 9 2
282 580
1 5 2
471 600
1 13 2
324 498
1 5 2
193 751
1 7 2
624 650
1 12 2
76 618
1 7 2
230 666
1 14 2
490 503
1 8 2
334 646
1 10 2
398 725
1 11 2
214 296
1 15 2
582 775
1 14 2
543 714
1 14 2
435 644
1 8 2
152 518
1 10 2
22 446
1 8 2
112 291
1 5 2
263 529
1 17 2
256 257
1 11 2
253 644
1 7 2
389 771
1 6 2
101 509
1 10 2
600 747
1 8 2
161 547
1 16 2
148 425
1 9 2
377 547
1 15 2
202 630
1 9 2
206 318
1 11 2
274 584
1 8 2
503 692
1 12 2
355 470
1 13 2
335 714
1 16 2
381 390
1 12 2
170 281
1 13 2
63 283
1 19 2
628 633
1 8 2
19 287
1 10 2
112 742
1 19 2
292 662
1 5 2
524 624
1 4 2
136 295
1 14 2
80 424
1 10 2
345 736
1 17 2
71 426
1 10 2
470 720
1 5 2
308 720
1 7 2
316 684
1 16 2
187 301
1 19 2
77 695
1 13 2
549 568
1 18 2
301 532
1 18 2
216 353
1 17 2
134 714
1 4 2
193 287
1 13 2
224 775
1 12 2
20 272
1 15 2
371 549
1 13 2
526 668
1 18 2
120 719
1 14 2
201 353
1 11 2
0 476
1 9 2
346 512
1 15 2
92 292
1 5 2
101 792
1 9 2
658 688
1 3 2
308 593
1 10 2
402 733
1 16 2
17 313
1 13 2
316 384
1 17 2
316 479
1 9 2
673 720
1 11 2
53 335
1 17 2
612 633
1 5 2
367 373
1 11 2
383 473
1 2 2
349 617
1 14 2
194 335
1 6 2
227 242
1 15 2
685 768
1 4 2
295 724
1 7 2
152 795
1 6 2
554 665
1 5 2
496 641
1 16 2
206 472
1 8 2
618 665
1 14 2
482 641
1 4 2
223 363
1 10 2
116 262
1 9 2
128 681
1 8 2
243 516
1 10 2
50 690
1 11 2
425 787
1 13 2
663 713
1 10 2
389 638
1 10 2
339 403
1 7 2
278 440
1 13 2
44 775
1 15 2
264 426
1 7 2
488 702
1 18 2
191 628
1 6 2
503 585
1 5 2
457 713
1 14 2
298 503
1 13 2
19 249
1 10 2
298 356
1 16 2
233 390
1 14 2
194 527
1 14 2
63 636
1 12 2
115 403
1 3 2
560 798
1 10 2
367 493
1 16 2
301 306
1 8 2
132 696
1 8 2
423 680
1 7 2
598 779
1 12 2
314 499
1 16 2
499 739
1 6 2
402 635
1 7 2
210 331
1 9 2
147 283
1 10 2
175 314
1 13 2
214 483
1 6 2
503 536
1 13 2
428 530
1 12 2
502 512
1 10 2
269 290
1 17 2
719 768
1 10 2
527 592
1 15 2
571 582
1 11 2
278 378
1 10 2
83 301
1 5 2
300 749
1 9 2
720 799
1 13 2
104 588
1 7 2
454 790
1 12 2
436 719
1 16 2
301 699
1 11 2
268 616
1 8 2
380 391
1 10 2
30 418
1 11 2
504 706
1 6 2
82 415
1 8 2
303 674
1 11 2
272 428
1 11 2
449 646
1 5 2
151 229
1 13 2
236 589
1 12 2
452 564
1 6 2
363 652
1 7 2
74 121
1 8 2
188 401
1 11 2
471 769
1 8 2
166 632
1 15 2
384 466
1 8 2
142 281
1 11 2
187 336
1 15 2
234 264
1 9 2
170 724
1 6 2
97 249
1 10 2
506 630
1 15 2
7 163
1 4 2
55 443
1 16 2
621 793
1 7 2
46 712
1 6 2
27 417
1 10 2
595 690
1 14 2
234 434
1 12 2
187 327
1 13 2
575 674
1 19 2
133 294
1 11 2
320 610
1 17 2
133 227
1 8 2
427 708
1 16 2
175 360
1 17 2
257 589
1 12 2
383 723
1 11 2
368 512
1 5 2
368 523
1 7 2
148 443
1 14 2
353 761
1 13 2
174 786
1 2 2
496 614
1 9 2
139 520
1 14 2
419 760
1 7 2
2 641
1 14 2
388 551
1 14 2
486 678
1 6 2
146 453
1 17 2
224 659
1 10 2
693 786
1 7 2
30 698
1 15 2
578 785
1 14 2
238 580
1 15 2
582 685
1 13 2
653 741
1 3 2
130 766
1 6 2
481 502
1 5 2
288 689
1 14 2
330 604
1 8 2
398 434
1 9 2
554 559
1 11 2
360 461
1 10 2
86 448
1 10 2
164 234
1 11 2
550 783
1 16 2
146 734
1 9 2
132 784
1 12 2
472 736
1 6 2
138 260
1 6 2
1 733
1 13 2
425 433
1 13 2
170 204
1 9 2
129 713
1 17 2
237 748
1 15 2
53 294
1 12 2
14 530
1 14 2
236 516
1 11 2
62 669
1 5 2
166 693
1 9 2
331 412
1 7 2
128 523
1 10 2
377 708
1 12 2
19 167
1 18 2
589 674
1 11 2
16 273
1 8 2
107 704
1 12 2
169 335
1 8 2
17 259
1 9 2
470 608
1 11 2
292 329
1 10 2
2 173
1 18 2
26 674
1 8 2
421 775
1 12 2
21 240
1 8 2
729 746
1 12 2
359 746
1 11 2
275 473
1 6 2
557 587
1 12 2
293 499
1 10 2
181 713
1 4 2
631 707
1 15 2
490 673
1 19 2
110 139
1 5 2
433 450
1 8 2
676 768
1 6 2
307 463
1 18 2
532 786
1 12 2
302 403
1 7 2
557 787
1 13 2
211 367
1 7 2
135 277
1 16 2
335 744
1 16 2
412 644
1 14 2
22 43
1 10 2
493 741
1 9 2
189 622
1 8 2
457 680
1 9 2
545 596
1 11 2
697 747
1 5 2
522 555
1 6 2
617 687
1 6 2
147 757
1 11 2
678 704
1 9 2
577 597
1 8 2
389 681
1 10 2
227 478
1 14 2
358 501
1 9 2
62 401
1 13 2
284 674
1 11 2
372 543
1 2 2
619 766
1 10 2
568 608
1 14 2
264 571
1 16 2
64 475
1 17 2
38 323
1 13 2
568 750
1 11 2
316 546
1 10 2
199 732
1 8 2
234 322
1 3 2
432 523
1 7 2
225 664
1 11 2
255 268
1 15 2
117 384
1 8 2
95 136
1 6 2
83 176
1 18 2
353 656
1 10 2
86 639
1 9 2
92 756
1 11 2
383 448
1 9 2
368 650
1 9 2
142 167
1 8 2
223 360
1 6 2
9 221
1 10 2
63 754
1 13 2
379 604
1 13 2
534 747
1 14 2
178 269
1 17 2
742 773
1 9 2
114 500
1 14 2
107 192
1 11 2
126 663
1 16 2
412 479
1 5 2
74 553
1 16 2
22 268
1 4 2
70 766
1 9 2
65 164
1 7 2
440 618
1 9 2
9 689
1 8 2
157 291
1 5 2
196 707
1 8 2
99 364
1 14 2
516 549
1 9 2
476 683
1 4 2
57 222
1 17 2
72 134
1 8 2
282 744
1 17 2
264 452
1 8 2
12 687
1 13 2
284 428
1 8 2
136 541
1 8 2
475 560
1 6 2
168 372
1 8 2
522 575
1 20 2
633 662
1 10 2
448 486
1 13 2
122 641
1 15 2
8 59
1 7 2
273 572
1 10 2
136 292
1 14 2
466 750
1 14 2
383 452
1 9 2
126 207
1 6 2
184 660
1 15 2
128 618
1 8 2
417 769
1 7 2
599 709
1 15 2
632 748
1 8 2
279 404
1 7 2
57 730
1 11 2
336 362
1 12 2
114 535
1 17 2
194 482
1 11 2
389 637
1 12 2
70 605
1 17 2
8 84
1 13 2
452 755
1 9 2
312 393
1 10 2
169 236
1 10 2
275 637
1 14 2
663 708
1 19 2
109 688
1 14 2
46 372
1 12 2
109 524
1 19 2
211 418
1 6 2
143 204
1 14 2
43 472
1 16 2
7 659
1 20 2
630 744
1 7 2
284 607
1 7 2
493 538
1 10 2
327 799
1 14 2
104 482
1 7 2
450 470
1 13 2
447 481
1 6 2
126 367
1 14 2
389 659
1 20 2
93 633
1 12 2
77 118
1 6 2
456 470
1 7 2
209 428
1 14 2
298 493
1 9 2
573 640
1 8 2
436 648
1 17 2
46 95
1 10 2
208 647
1 4 2
451 545
1 4 2
331 720
1 17 2
46 169
1 11 2
219 589
1 6 2
13 776
1 14 2
249 257
1 6 2
518 751
1 7 2
0 458
1 8 2
201 314
1 18 2
390 769
1 13 2
472 755
1 7 2
316 613
1 11 2
17 252
1 15 2
98 735
1 11 2
132 787
1 18 2
476 629
1 12 2
82 114
1 13 2
53 128
1 8 2
694 714
1 9 2
8 290
1 9 2
653 752
1 11 2
103 647
1 13 2
111 412
1 3 2
156 451
1 8 2
137 175
1 6 2
4 658
1 8 2
536 643
1 15 2
73 262
1 4 2
254 690
1 19 2
292 512
1 6 2
388 602
1 10 2
356 710
1 7 2
36 428
1 12 2
179 710
1 8 2
112 454
1 17 2
695 748
1 8 2
29 527
1 7 2
33 646
1 14 2
233 610
1 6 2
169 282
1 20 2
139 170
1 7 2
318 522
1 15 2
680 689
1 14 2
174 653
1 16 2
16 21
1 15 2
117 135
1 12 2
33 256
1 8 2
172 418
1 15 2
35 605
1 16 2
605 664
1 8 2
135 273
1 7 2
380 605
1 11 2
295 449
1 6 2
186 480
1 5 2
345 423
1 17 2
532 730
1 19 2
20 38
1 14 2
622 663
1 12 2
580 627
1 10 2
74 473
1 9 2
733 762
1 6 2
9 171
1 8 2
2 206
1 10 2
51 591
1 15 2
165 324
1 11 2
430 519
1 14 2
90 793
1 8 2
180 314
1 8 2
292 712
1 5 2
668 798
1 6 2
253 281
1 6 2
386 550
1 5 2
41 171
1 13 2
78 240
1 6 2
13 187
1 14 2
249 656
1 6 2
108 547
1 11 2
401 403
1 13 2
26 686
1 7 2
423 568
1 17 2
216 568
1 11 2
524 636
1 9 2
521 532
1 16 2
366 412
1 11 2
161 612
1 4 2
565 614
1 9 2
471 612
1 5 2
459 731
1 19 2
499 580
1 10 2
80 501
1 8 2
496 710
1 8 2
253 309
1 6 2
339 491
1 8 2
525 710
1 9 2
91 649
1 12 2
435 739
1 11 2
128 312
1 12 2
92 463
1 9 2
367 733
1 12 2
74 734
1 14 2
616 630
1 14 2
98 783
1 13 2
618 673
1 10 2
189 636
1 8 2
23 526
1 14 2
499 616
1 10 2
416 573
1 11 2
454 673
1 15 2
317 551
1 13 2
115 670
1 9 2
703 748
1 10 2
206 736
1 8 2
353 665
1 17 2
476 595
1 14 2
206 241
1 4 2
423 641
1 7 2
296 498
1 17 2
77 366
1 16 2
85 425
1 7 2
202 386
1 12 2
434 561
1 6 2
198 317
1 10 2
132 681
1 12 2
318 671
1 9 2
274 289
1 14 2
317 612
1 15 2
92 165
1 5 2
97 708
1 11 2
96 551
1 7 2
69 362
1 17 2
678 768
1 13 2
27 387
1 8 2
427 723
1 15 2
429 740
1 2 2
332 743
1 11 2
393 778
1 8 2
54 111
1 14 2
468 688
1 7 2
243 578
1 13 2
330 568
1 2 2
41 248
1 15 2
384 516
1 16 2
73 110
1 8 2
503 784
1 10 2
235 318
1 7 2
126 726
1 9 2
269 446
1 19 2
134 628
1 7 2
494 692
1 10 2
64 756
1 10 2
247 378
1 12 2
48 447
1 8 2
79 278
1 10 2
146 524
1 13 2
468 504
1 11 2
321 323
1 18 2
268 630
1 9 2
55 723
1 4 2
125 343
1 6 2
42 334
1 2 2
18 645
1 16 2
466 571
1 18 2
73 84
1 12 2
328 686
1 7 2
31 496
1 11 2
356 630
1 4 2
96 634
1 11 2
573 599
1 14 2
629 667
1 11 2
17 550
1 13 2
84 736
1 13 2
642 732
1 11 2
34 630
1 7 2
244 339
1 11 2
31 753
1 14 2
597 714
1 16 2
78 152
1 10 2
114 559
1 8 2
616 726
1 8 2
578 705
1 14 2
22 197
1 14 2
101 644
1 5 2
402 528
1 8 2
196 672
1 13 2
104 187
1 13 2
264 732
1 8 2
384 467
1 13 2
33 449
1 14 2
122 639
1 5 2
583 641
1 3 2
166 396
1 12 2
345 384
1 13 2
230 713
1 14 2
138 241
1 9 2
96 269
1 16 2
192 224
1 17 2
211 328
1 6 2
111 346
1 8 2
239 522
1 17 2
73 669
1 9 2
59 289
1 15 2
71 601
1 6 2
177 435
1 12 2
367 562
1 18 2
5 671
1 4 2
592 675
1 8 2
429 749
1 7 2
168 445
1 20 2
38 338
1 15 2
448 472
1 9 2
68 292
1 10 2
177 490
1 7 2
40 317
1 14 2
207 677
1 17 2
46 632
1 13 2
391 514
1 8 2
339 537
1 8 2
0 163
1 6 2
280 559
1 10 2
244 353
1 12 2
235 586
1 16 2
470 633
1 14 2
206 748
1 16 2
306 747
1 15 2
340 725
1 13 2
22 52
1 11 2
48 294
1 5 2
460 660
1 9 2
209 769
1 4 2
666 700
1 12 2
64 524
1 16 2
230 426
1 17 2
475 482
1 16 2
664 793
1 4 2
25 343
1 3 2
55 444
1 15 2
138 669
1 17 2
93 642
1 12 2
28 93
1 19 2
558 680
1 18 2
211 647
1 12 2
378 671
1 14 2
17 401
1 15 2
45 744
1 11 2
179 605
1 4 2
89 433
1 7 2
86 692
1 12 2
672 726
1 9 2
10 122
1 16 2
625 785
1 3 2
100 717
1 3 2
99 407
1 15 2
302 730
1 8 2
275 557
1 16 2
544 678
1 10 2
162 504
1 14 2
674 753
1 3 2
243 679
1 18 2
463 532
1 17 2
120 695
1 10 2
325 708
1 10 2
428 587
1 16 2
588 685
1 5 2
286 701
1 15 2
155 793
1 4 2
584 660
1 12 2
318 382
1 10 2
302 594
1 12 2
612 753
1 16 2
298 673
1 8 2
656 792
1 10 2
122 156
1 9 2
34 206
1 6 2
356 441
1 2 2
218 250
1 12 2
115 492
1 11 2
221 495
1 14 2
109 597
1 8 2
52 763
1 13 2
234 309
1 8 2
613 647
1 14 2
135 227
1 11 2
430 761
1 13 2
735 755
1 11 2
53 514
1 9 2
76 343
1 14 2
364 664
1 7 2
314 321
1 8 2
125 452
1 18 2
8 211
1 9 2
208 628
1 3 2
523 718
1 7 2
464 587
1 17 2
85 680
1 6 2
108 755
1 12 2
367 642
1 10 2
2 412
1 10 2
163 579
1 7 2
619 748
1 6 2
58 281
1 6 2
24 116
1 12 2
389 733
1 18 2
227 466
1 3 2
168 417
1 20 2
499 589
1 20 2
122 680
1 10 2
106 633
1 12 2
253 472
1 16 2
117 552
1 8 2
46 619
1 13 2
344 387
1 8 2
92 96
1 14 2
723 746
1 7 2
186 716
1 6 2
27 658
1 9 2
432 734
1 13 2
120 601
1 14 2
115 606
1 12 2
101 793
1 3 2
12 288
1 11 2
149 270
1 12 2
384 643
1 12 2
81 184
1 6 2
632 658
1 7 2
308 654
1 10 2
94 135
1 7 2
459 661
1 7 2
465 533
1 14 2
107 764
1 7 2
323 603
1 15 2
165 334
1 15 2
344 540
1 12 2
304 345
1 15 2
98 669
1 8 2
319 404
1 11 2
65 337
1 8 2
94 707
1 7 2
361 611
1 13 2
561 588
1 12 2
39 783
1 14 2
558 741
1 11 2
487 526
1 9 2
590 643
1 8 2
141 429
1 11 2
27 217
1 11 2
433 778
1 12 2
116 663
1 17 2
497 618
1 15 2
217 326
1 9 2
297 794
1 5 2
75 83
1 9 2
237 611
1 7 2
317 781
1 10 2
66 115
1 14 2
235 304
1 5 2
66 627
1 3 2
218 704
1 6 2
289 488
1 6 2
156 547
1 9 2
596 675
1 6 2
240 559
1 14 2
324 737
1 6 2
327 442
1 8 2
41 595
1 8 2
273 750
1 6 2
247 380
1 14 2
190 677
1 14 2
677 686
1 16 2
299 306
1 7 2
547 657
1 10 2
39 181
1 15 2
633 673
1 16 2
194 719
1 9 2
270 790
1 9 2
505 669
1 16 2
53 424
1 20 2
214 294
1 15 2
516 668
1 4 2
223 591
1 5 2
572 717
1 6 2
586 635
1 10 2
57 233
1 7 2
430 767
1 17 2
237 512
1 7 2
151 454
1 6 2
229 751
1 4 2
33 567
1 14 2
419 449
1 15 2
50 268
1 9 2
33 167
1 20 2
649 671
1 14 2
78 101
1 7 2
311 354
1 11 2
131 298
1 14 2
366 799
1 10 2
130 302
1 7 2
383 555
1 10 2
405 788
1 6 2
457 799
1 14 2
184 777
1 10 2
357 662
1 17 2
301 773
1 11 2
131 447
1 15 2
26 793
1 11 2
20 459
1 17 2
7 748
1 9 2
206 462
1 10 2
9 53
1 11 2
714 763
1 8 2
293 751
1 14 2
135 241
1 16 2
237 479
1 16 2
122 730
1 11 2
179 249
1 12 2
17 201
1 14 2
445 490
1 11 2
220 328
1 14 2
190 484
1 10 2
24 405
1 11 2
17 129
1 11 2
608 710
1 12 2
336 364
1 15 2
107 256
1 18 2
306 580
1 16 2
334 418
1 9 2
703 714
1 3 2
36 392
1 6 2
483 539
1 8 2
454 646
1 6 2
41 142
1 8 2
290 473
1 8 2
64 797
1 13 2
220 678
1 18 2
497 589
1 8 2
67 121
1 20 2
214 725
1 11 2
95 240
1 10 2
272 324
1 12 2
171 630
1 18 2
237 515
1 12 2
493 571
1 7 2
41 364
1 16 2
674 685
1 12 2
8 535
1 8 2
249 703
1 15 2
192 527
1 9 2
103 364
1 8 2
264 566
1 7 2
430 683
1 15 2
313 533
1 14 2
740 742
1 12 2
470 639
1 18 2
211 710
1 3 2
684 715
1 6 2
119 397
1 8 2
291 487
1 17 2
211 534
1 17 2
299 663
1 12 2
369 723
1 7 2
234 517
1 13 2
381 654
1 15 2
504 708
1 2 2
508 624
1 8 2
366 652
1 10 2
564 737
1 10 2
652 671
1 10 2
464 606
1 6 2
420 561
1 5 2
69 118
1 12 2
107 549
1 8 2
79 484
1 5 2
94 417
1 12 2
325 748
1 8 2
132 141
1 6 2
481 522
1 10 2
338 400
1 12 2
385 678
1 5 2
565 796
1 10 2
102 527
1 13 2
324 643
1 7 2
177 205
1 17 2
302 612
1 18 2
16 580
1 7 2
263 377
1 4 2
125 212
1 13 2
16 575
1 13 2
194 284
1 14 2
309 512
1 13 2
122 375
1 10 2
315 335
1 6 2
202 420
1 6 2
343 439
1 12 2
110 190
1 11 2
529 722
1 15 2
664 783
1 12 2
316 640
1 11 2
62 625
1 7 2
4 657
1 5 2
24 681
1 12 2
261 680
1 5 2
462 590
1 7 2
290 355
1 15 2
138 302
1 8 2
4 240
1 13 2
490 639
1 10 2
8 295
1 14 2
503 695
1 16 2
38 761
1 2 2
310 598
1 16 2
551 667
1 17 2
306 777
1 8 2
89 466
1 9 2
360 437
1 16 2
571 580
1 9 2
38 254
1 7 2
304 729
1 7 2
81 771
1 15 2
63 434
1 12 2
54 382
1 7 2
234 593
1 11 2
375 562
1 14 2
699 747
1 6 2
144 743
1 6 2
80 351
1 10 2
221 264
1 11 2
350 424
1 13 2
59 419
1 12 2
92 667
1 9 2
168 540
1 10 2
92 573
1 8 2
261 643
1 8 2
344 509
1 9 2
486 584
1 10 2
148 703
1 11 2
237 751
1 12 2
90 362
1 9 2
147 730
1 18 2
269 499
1 12 2
151 671
1 4 2
193 290
1 4 2
715 792
1 12 2
43 475
1 10 2
34 257
1 7 2
677 796
1 13 2
514 656
1 12 2
361 595
1 8 2
360 635
1 8 2
14 422
1 14 2
86 504
1 12 2
211 502
1 7 2
222 519
1 17 2
274 532
1 7 2
739 752
1 12 2
74 558
1 10 2
418 665
1 12 2
281 516
1 9 2
91 664
1 14 2
338 454
1 11 2
257 502
1 14 2
182 580
1 8 2
85 442
1 20 2
551 580
1 14 2
298 361
1 10 2
270 488
1 14 2
395 413
1 13 2
403 495
1 5 2
273 676
1 15 2
71 262
1 12 2
63 201
1 17 2
21 629
1 5 2
549 709
1 18 2
77 412
1 10 2
527 573
1 18 2
412 499
1 16 2
746 777
1 10 2
81 454
1 19 2
294 452
1 12 2
458 672
1 14 2
298 315
1 9 2
236 438
1 5 2
261 385
1 7 2
232 269
1 13 2
383 463
1 9 2
50 79
1 2 2
60 593
1 15 2
85 659
1 15 2
426 597
1 9 2
342 669
1 11 2
400 760
1 10 2
239 498
1 8 2
8 446
1 3 2
141 208
1 15 2
448 589
1 16 2
612 656
1 8 2
357 742
1 8 2
66 324
1 11 2
502 674
1 5 2
98 243
1 6 2
108 640
1 7 2
659 717
1 15 2
19 21
1 13 2
142 360
1 7 2
112 374
1 7 2
69 192
1 6 2
215 334
1 11 2
199 733
1 13 2
237 775
1 8 2
140 572
1 6 2
57 686
1 18 2
294 568
1 16 2
424 643
1 8 2
247 471
1 13 2
448 621
1 14 2
348 524
1 15 2
46 755
1 9 2
498 690
1 11 2
138 142
1 12 2
5 359
1 11 2
188 628
1 6 2
559 780
1 9 2
120 150
1 11 2
63 707
1 13 2
21 355
1 6 2
422 556
1 12 2
54 257
1 10 2
199 284
1 17 2
241 482
1 8 2
282 633
1 17 2
499 623
1 14 2
21 741
1 5 2
25 711
1 16 2
31 371
1 12 2
59 403
1 13 2
292 379
1 11 2
153 596
1 11 2
388 643
1 6 2
2 255
1 19 2
582 773
1 10 2
632 661
1 3 2
296 797
1 8 2
153 317
1 12 2
246 306
1 4 2
569 570
1 8 2
145 293
1 9 2
83 207
1 15 2
5 95
1 10 2
96 677
1 15 2
93 697
1 7 2
267 580
1 14 2
348 686
1 15 2
274 558
1 8 2
190 756
1 16 2
484 778
1 6 2
218 317
1 4 2
55 232
1 11 2
707 786
1 19 2
589 669
1 6 2
555 713
1 11 2
700 778
1 9 2
334 788
1 11 2
33 685
1 11 2
313 477
1 4 2
147 696
1 7 2
14 396
1 12 2
167 175
1 17 2
513 662
1 9 2
634 662
1 14 2
181 504
1 7 2
616 771
1 13 2
51 776
1 12 2
48 371
1 12 2
344 355
1 7 2
646 762
1 11 2
419 682
1 13 2
374 382
1 8 2
104 273
1 7 2
273 312
1 10 2
351 516
1 9 2
100 211
1 6 2
522 757
1 11 2
388 413
1 3 2
47 223
1 13 2
306 661
1 7 2
155 574
1 5 2
15 182
1 7 2
320 626
1 11 2
84 594
1 8 2
102 519
1 13 2
309 401
1 13 2
50 622
1 12 2
22 204
1 11 2
445 799
1 14 2
262 595
1 19 2
298 644
1 8 2
39 693
1 14 2
104 769
1 14 2
73 206
1 7 2
262 585
1 11 2
227 591
1 14 2
315 447
1 17 2
605 744
1 9 2
169 414
1 8 2
35 570
1 15 2
283 382
1 17 2
256 292
1 11 2
238 544
1 14 2
249 324
1 11 2
311 662
1 7 2
432 761
1 16 2
429 783
1 3 2
141 781
1 18 2
26 165
1 9 2
451 490
1 17 2
412 777
1 6 2
271 323
1 10 2
574 773
1 15 2
580 741
1 6 2
40 363
1 8 2
618 724
1 6 2
368 492
1 8 2
114 218
1 12 2
395 592
1 10 2
438 723
1 7 2
300 392
1 18 2
165 526
1 9 2
179 448
1 12 2
114 584
1 13 2
122 787
1 20 2
294 431
1 11 2
63 572
1 15 2
133 192
1 7 2
506 530
1 13 2
369 475
1 17 2
16 625
1 7 2
416 683
1 9 2
88 663
1 11 2
601 730
1 14 2
21 514
1 11 2
669 727
1 17 2
490 746
1 13 2
305 628
1 11 2
214 229
1 8 2
475 536
1 13 2
84 167
1 3 2
34 444
1 15 2
191 527
1 15 2
416 526
1 9 2
273 448
1 16 2
358 793
1 11 2
542 636
1 9 2
277 534
1 11 2
739 762
1 13 2
760 787
1 6 2
102 140
1 13 2
710 713
1 7 2
82 700
1 5 2
349 600
1 18 2
134 418
1 10 2
126 618
1 9 2
499 696
1 14 2
56 201
1 17 2
734 742
1 18 2
628 672
1 15 2
27 391
1 13 2
16 637
1 5 2
202 709
1 15 2
234 629
1 8 2
0 202
1 15 2
412 778
1 13 2
132 284
1 3 2
376 709
1 8 2
276 463
1 9 2
501 681
1 10 2
314 405
1 5 2
481 539
1 17 2
233 618
1 9 2
231 698
1 13 2
22 164
1 3 2
450 635
1 15 2
653 747
1 5 2
48 265
1 2 2
113 332
1 18 2
360 669
1 13 2
143 482
1 19 2
512 589
1 15 2
515 637
1 9 2
549 702
1 8 2
291 771
1 18 2
7 109
1 5 2
28 350
1 5 2
583 681
1 18 2
78 599
1 11 2
111 747
1 9 2
147 206
1 12 2
53 364
1 5 2
1 537
1 10 2
685 787
1 14 2
26 554
1 10 2
329 618
1 7 2
132 417
1 9 2
140 698
1 8 2
101 757
1 19 2
46 382
1 14 2
98 173
1 9 2
624 678
1 12 2
197 328
1 6 2
339 717
1 13 2
73 377
1 7 2
410 746
1 13 2
59 355
1 10 2
181 486
1 8 2
17 474
1 18 2
93 233
1 9 2
327 402
1 12 2
378 515
1 13 2
224 700
1 7 2
422 733
1 15 2
299 344
1 14 2
104 105
1 7 2
307 677
1 18 2
227 589
1 10 2
83 165
1 9 2
134 322
1 5 2
62 545
1 3 2
365 703
1 9 2
545 773
1 13 2
281 633
1 5 2
559 771
1 13 2
53 656
1 18 2
230 371
1 15 2
206 662
1 8 2
515 684
1 12 2
194 542
1 3 2
581 646
1 13 2
363 431
1 8 2
731 748
1 10 2
52 445
1 14 2
358 362
1 12 2
485 562
1 13 2
330 452
1 9 2
106 257
1 17 2
497 605
1 13 2
582 639
1 16 2
170 775
1 11 2
648 674
1 12 2
33 418
1 11 2
186 699
1 7 2
116 272
1 20 2
628 734
1 8 2
303 734
1 7 2
158 741
1 6 2
681 759
1 6 2
303 708
1 6 2
387 666
1 8 2
43 157
1 4 2
141 522
1 12 2
524 746
1 13 2
359 629
1 10 2
193 589
1 13 2
118 424
1 9 2
323 385
1 14 2
165 530
1 16 2
434 786
1 3 2
219 288
1 14 2
4 540
1 11 2
313 648
1 11 2
308 633
1 16 2
8 714
1 11 2
317 543
1 12 2
224 638
1 7 2
13 216
1 8 2
160 582
1 5 2
88 670
1 11 2
186 274
1 16 2
132 224
1 18 2
604 687
1 15 2
552 621
1 5 2
32 220
1 7 2
150 726
1 6 2
1 682
1 17 2
173 395
1 13 2
359 562
1 11 2
522 656
1 14 2
429 519
1 12 2
8 312
1 8 2
648 711
1 13 2
95 413
1 7 2
485 693
1 13 2
586 772
1 12 2
238 779
1 10 2
64 611
1 17 2
292 793
1 7 2
150 445
1 17 2
132 316
1 11 2
394 596
1 17 2
187 381
1 10 2
560 710
1 6 2
608 780
1 11 2
14 557
1 12 2
493 636
1 6 2
421 557
1 6 2
197 569
1 16 2
247 429
1 7 2
64 271
1 5 2
539 661
1 9 2
302 765
1 8 2
523 730
1 6 2
149 386
1 19 2
46 484
1 6 2
19 172
1 7 2
335 743
1 10 2
419 575
1 16 2
51 72
1 9 2
478 656
1 6 2
66 754
1 19 2
588 647
1 15 2
180 297
1 9 2
109 168
1 10 2
135 367
1 15 2
85 793
1 13 2
551 702
1 13 2
210 428
1 14 2
371 711
1 9 2
387 745
1 10 2
12 117
1 10 2
544 755
1 9 2
422 650
1 9 2
99 115
1 18 2
490 793
1 14 2
128 205
1 13 2
63 571
1 11 2
159 170
1 10 2
600 740
1 10 2
210 654
1 11 2
9 401
1 13 2
112 294
1 15 2
27 777
1 13 2
492 630
1 3 2
223 450
1 7 2
590 750
1 14 2
230 320
1 13 2
119 369
1 6 2
113 597
1 16 2
448 630
1 12 2
5 445
1 9 2
264 794
1 18 2
412 710
1 4 2
167 267
1 10 2
1 139
1 18 2
495 768
1 11 2
8 212
1 12 2
262 337
1 12 2
50 367
1 14 2
463 475
1 6 2
108 600
1 11 2
238 799
1 9 2
518 672
1 15 2
348 550
1 5 2
70 409
1 10 2
298 795
1 14 2
73 320
1 4 2
300 407
1 18 2
516 783
1 12 2
56 584
1 11 2
422 628
1 11 2
247 700
1 12 2
463 668
1 4 2
496 790
1 14 2
155 463
1 12 2
290 466
1 18 2
257 662
1 4 2
500 703
1 6 2
231 392
1 11 2
488 498
1 12 2
114 616
1 15 2
110 513
1 17 2
625 672
1 13 2
216 239
1 4 2
690 705
1 12 2
146 503
1 15 2
504 775
1 13 2
98 268
1 9 2
11 515
1 17 2
558 669
1 16 2
128 678
1 16 2
391 541
1 20 2
326 482
1 11 2
511 549
1 2 2
198 684
1 6 2
42 169
1 9 2
96 268
1 17 2
7 95
1 8 2
160 768
1 4 2
166 244
1 15 2
72 228
1 15 2
184 772
1 16 2
235 618
1 14 2
35 59
1 11 2
297 557
1 7 2
639 703
1 15 2
77 155
1 5 2
212 509
1 17 2
148 476
1 8 2
65 587
1 18 2
21 306
1 11 2
144 197
1 8 2
143 383
1 18 2
582 589
1 11 2
261 760
1 11 2
147 148
1 15 2
526 534
1 12 2
454 552
1 8 2
118 239
1 13 2
76 629
1 8 2
171 404
1 16 2
264 278
1 12 2
293 662
1 5 2
260 435
1 11 2
31 86
1 11 2
135 369
1 13 2
145 326
1 11 2
179 595
1 17 2
391 649
1 15 2
362 649
1 4 2
15 492
1 20 2
628 777
1 15 2
323 653
1 9 2
34 301
1 13 2
375 719
1 10 2
745 748
1 7 2
435 509
1 13 2
27 324
1 17 2
431 685
1 17 2
306 484
1 13 2
452 460
1 12 2
381 441
1 8 2
241 570
1 14 2
133 650
1 4 2
261 350
1 5 2
157 350
1 11 2
529 773
1 11 2
348 721
1 11 2
48 306
1 12 2
7 293
1 9 2
111 181
1 18 2
71 148
1 15 2
19 382
1 3 2
183 570
1 7 2
151 190
1 13 2
328 776
1 16 2
416 504
1 11 2
360 494
1 9 2
342 777
1 12 2
45 197
1 4 2
240 287
1 6 2
25 404
1 16 2
643 737
1 8 2
41 497
1 17 2
688 699
1 18 2
173 298
1 6 2
720 788
1 12 2
117 573
1 14 2
678 689
1 15 2
142 292
1 9 2
230 635
1 11 2
67 514
1 16 2
412 739
1 10 2
134 219
1 12 2
714 753
1 12 2
101 669
1 13 2
435 562
1 12 2
418 485
1 3 2
351 555
1 5 2
436 567
1 2 2
352 752
1 17 2
84 595
1 11 2
173 392
1 7 2
63 100
1 9 2
212 468
1 10 2
501 542
1 9 2
98 716
1 8 2
441 638
1 10 2
227 784
1 8 2
494 668
1 11 2
33 64
1 9 2
46 598
1 9 2
166 269
1 9 2
286 785
1 15 2
17 227
1 9 2
175 400
1 15 2
309 725
1 10 2
192 403
1 11 2
452 594
1 10 2
159 540
1 12 2
334 544
1 20 2
139 604
1 6 2
53 141
1 5 2
140 222
1 13 2
448 739
1 9 2
119 756
1 16 2
51 580
1 5 2
39 613
1 8 2
17 34
1 12 2
460 786
1 2 2
177 373
1 8 2
269 450
1 9 2
175 679
1 5 2
75 780
1 13 2
519 558
1 12 2
512 736
1 18 2
120 629
1 13 2
353 741
1 9 2
227 277
1 8 2
368 430
1 7 2
159 403
1 17 2
558 633
1 11 2
64 591
1 16 2
165 401
1 7 2
567 595
1 16 2
532 776
1 9 2
57 588
1 6 2
67 525
1 8 2
456 695
1 7 2
398 643
1 10 2
50 414
1 15 2
135 353
1 8 2
128 308
1 6 2
112 305
1 15 2
663 747
1 20 2
633 769
1 5 2
417 486
1 4 2
432 704
1 15 2
110 742
1 10 2
369 750
1 12 2
297 577
1 11 2
153 466
1 8 2
232 425
1 7 2
310 484
1 15 2
274 512
1 18 2
237 431
1 10 2
132 295
1 6 2
520 637
1 9 2
527 683
1 8 2
310 769
1 9 2
496 504
1 14 2
334 677
1 18 2
424 685
1 13 2
38 164
1 11 2
256 579
1 11 2
8 780
1 4 2
305 567
1 6 2
101 350
1 11 2
355 383
1 15 2
599 664
1 9 2
314 387
1 9 2
72 408
1 8 2
111 638
1 6 2
2 159
1 7 2
70 702
1 17 2
72 230
1 18 2
64 671
1 13 2
494 769
1 5 2
409 681
1 7 2
260 629
1 8 2
308 636
1 16 2
294 519
1 16 2
328 605
1 8 2
495 660
1 15 2
7 544
1 8 2
46 195
1 8 2
497 528
1 6 2
403 420
1 9 2
168 429
1 7 2
171 488
1 3 2
195 655
1 12 2
612 616
1 13 2
169 650
1 12 2
403 777
1 3 2
505 715
1 9 2
274 439
1 9 2
585 744
1 19 2
313 628
1 11 2
9 366
1 4 2
57 446
1 15 2
207 722
1 9 2
47 274
1 15 2
191 597
1 11 2
92 98
1 18 2
452 742
1 13 2
233 272
1 13 2
367 656
1 10 2
77 285
1 7 2
17 113
1 12 2
90 184
1 7 2
150 501
1 2 2
260 521
1 12 2
65 463
1 10 2
641 785
1 11 2
372 779
1 5 2
486 789
1 9 2
313 724
1 14 2
294 488
1 10 2
57 447
1 8 2
185 338
1 18 2
447 746
1 8 2
405 624
1 12 2
600 677
1 12 2
720 773
1 8 2
202 745
1 7 2
261 711
1 2 2
417 752
1 11 2
609 653
1 12 2
109 750
1 11 2
84 376
1 17 2
73 680
1 8 2
420 643
1 12 2
192 586
1 9 2
158 194
1 7 2
364 531
1 13 2
128 519
1 11 2
320 550
1 13 2
192 730
1 13 2
122 161
1 14 2
207 748
1 3 2
408 617
1 12 2
0 170
1 12 2
419 650
1 14 2
551 711
1 16 2
323 447
1 8 2
344 461
1 13 2
64 750
1 12 2
534 597
1 11 2
238 571
1 9 2
220 275
1 4 2
82 567
1 5 2
717 741
1 9 2
98 258
1 10 2
43 317
1 19 2
672 680
1 14 2
5 44
1 9 2
14 703
1 2 2
450 651
1 16 2
110 475
1 14 2
53 425
1 4 2
96 314
1 9 2
153 730
1 8 2
40 234
1 5 2
137 492
1 6 2
17 397
1 4 2
480 569
1 10 2
0 625
1 9 2
491 515
1 18 2
306 504
1 8 2
364 415
1 6 2
379 570
1 13 2
618 755
1 6 2
171 368
1 17 2
35 495
1 5 2
69 711
1 13 2
163 470
1 5 2
136 692
1 11 2
85 300
1 7 2
18 283
1 18 2
412 551
1 12 2
337 776
1 18 2
405 504
1 11 2
22 121
1 14 2
479 501
1 16 2
77 387
1 9 2
309 787
1 12 2
211 638
1 17 2
353 595
1 11 2
85 579
1 5 2
433 676
1 11 2
481 588
1 6 2
33 539
1 15 2
476 493
1 12 2
149 687
1 8 2
399 445
1 7 2
336 756
1 10 2
454 601
1 7 2
136 708
1 12 2
169 404
1 16 2
175 257
1 7 2
422 430
1 7 2
135 439
1 13 2
711 777
1 12 2
477 580
1 17 2
230 540
1 11 2
8 143
1 8 2
179 483
1 9 2
355 751
1 10 2
67 572
1 9 2
620 628
1 11 2
105 609
1 8 2
289 739
1 11 2
0 165
1 8 2
254 653
1 16 2
472 650
1 15 2
328 360
1 10 2
39 149
1 8 2
635 650
1 13 2
257 438
1 9 2
509 647
1 8 2
234 471
1 11 2
546 714
1 9 2
126 643
1 5 2
285 579
1 7 2
36 740
1 18 2
278 449
1 8 2
595 794
1 4 2
213 531
1 8 2
257 528
1 16 2
358 687
1 7 2
168 404
1 7 2
488 745
1 16 2
515 533
1 3 2
704 712
1 16 2
206 725
1 12 2
462 512
1 17 2
353 714
1 5 2
92 215
1 13 2
374 499
1 7 2
356 708
1 11 2
161 710
1 18 2
132 472
1 5 2
415 507
1 14 2
355 735
1 17 2
360 674
1 8 2
265 404
1 20 2
326 424
1 5 2
222 759
1 11 2
54 677
1 13 2
273 671
1 12 2
49 338
1 16 2
431 739
1 14 2
339 512
1 8 2
413 759
1 14 2
270 632
1 10 2
161 241
1 7 2
455 534
1 8 2
472 782
1 10 2
17 240
1 15 2
316 746
1 9 2
54 128
1 17 2
674 737
1 12 2
190 783
1 10 2
522 714
1 12 2
138 667
1 3 2
41 569
1 16 2
19 278
1 10 2
94 317
1 14 2
174 625
1 14 2
369 526
1 4 2
225 758
1 13 2
17 632
1 9 2
367 372
1 7 2
260 405
1 10 2
693 779
1 14 2
230 554
1 11 2
247 486
1 14 2
114 493
1 10 2
68 170
1 10 2
120 159
1 8 2
423 688
1 12 2
181 599
1 3 2
380 652
1 10 2
420 452
1 8 2
493 780
1 8 2
258 682
1 11 2
587 663
1 9 2
21 30
1 6 2
355 505
1 16 2
31 170
1 11 2
148 153
1 6 2
106 736
1 5 2
385 420
1 12 2
80 497
1 16 2
26 527
1 13 2
419 426
1 6 2
668 792
1 9 2
34 241
1 17 2
134 621
1 14 2
22 178
1 11 2
20 780
1 7 2
44 443
1 13 2
648 680
1 4 2
68 481
1 10 2
319 513
1 18 2
659 671
1 4 2
522 694
1 5 2
91 502
1 14 2
328 358
1 16 2
8 429
1 15 2
364 497
1 14 2
230 732
1 7 2
650 765
1 7 2
168 708
1 12 2
336 649
1 11 2
48 233
1 7 2
278 696
1 7 2
267 366
1 8 2
270 422
1 5 2
485 634
1 10 2
305 362
1 12 2
118 526
1 14 2
65 719
1 15 2
294 454
1 11 2
484 502
1 10 2
693 730
1 20 2
134 499
1 14 2
711 760
1 13 2
492 773
1 11 2
433 673
1 14 2
460 499
1 5 2
79 763
1 12 2
93 502
1 12 2
175 736
1 13 2
189 298
1 12 2
197 304
1 8 2
160 699
1 11 2
434 788
1 12 2
118 278
1 14 2
323 582
1 11 2
63 111
1 18 2
214 786
1 12 2
499 727
1 9 2
499 585
1 13 2
235 339
1 17 2
7 180
1 7 2
155 437
1 12 2
173 189
1 7 2
130 524
1 11 2
26 758
1 10 2
81 571
1 11 2
159 371
1 14 2
197 353
1 12 2
17 321
1 18 2
120 588
1 15 2
428 497
1 14 2
180 291
1 12 2
146 708
1 9 2
427 740
1 12 2
170 385
1 10 2
49 723
1 6 2
108 616
1 14 2
237 339
1 6 2
83 790
1 7 2
345 465
1 9 2
137 695
1 14 2
366 544
1 15 2
134 571
1 8 2
293 713
1 9 2
43 535
1 12 2
255 257
1 20 2
294 424
1 17 2
230 629
1 13 2
190 425
1 15 2
326 732
1 4 2
399 717
1 14 2
644 732
1 19 2
84 734
1 18 2
516 768
1 15 2
360 786
1 14 2
540 544
1 9 2
239 726
1 14 2
338 732
1 8 2
28 402
1 13 2
293 680
1 20 2
71 452
1 15 2
120 571
1 11 2
633 646
1 6 2
29 689
1 17 2
292 552
1 3 2
357 613
1 13 2
43 257
1 18 2
256 424
1 18 2
214 256
1 5 2
90 195
1 18 2
425 671
1 7 2
83 648
1 6 2
542 602
1 3 2
79 603
1 15 2
8 558
1 8 2
607 768
1 2 2
11 88
1 12 2
132 374
1 14 2
94 588
1 11 2
368 773
1 5 2
232 572
1 4 2
141 421
1 11 2
649 790
1 9 2
120 569
1 18 2
230 695
1 6 2
12 448
1 7 2
158 309
1 10 2
393 799
1 8 2
100 344
1 14 2
174 301
1 12 2
283 344
1 11 2
161 629
1 12 2
50 689
1 2 2
456 500
1 6 2
102 336
1 17 2
274 580
1 10 2
596 679
1 7 2
251 338
1 4 2
356 675
1 17 2
120 737
1 8 2
343 702
1 10 2
629 767
1 19 2
424 479
1 18 2
428 760
1 12 2
62 588
1 15 2
466 686
1 13 2
306 464
1 10 2
93 439
1 13 2
384 677
1 16 2
504 799
1 13 2
340 777
1 20 2
628 630
1 20 2
214 381
1 4 2
548 556
1 17 2
192 674
1 9 2
201 693
1 8 2
145 204
1 4 2
108 564
1 10 2
570 647
1 3 2
221 651
1 15 2
330 671
1 13 2
339 714
1 17 2
301 516
1 8 2
344 432
1 8 2
18 192
1 15 2
119 148
1 8 2
760 796
1 14 2
430 582
1 6 2
112 477
1 16 2
699 773
1 9 2
40 744
1 17 2
7 605
1 13 2
674 711
1 19 2
46 744
1 5 2
229 791
1 14 2
214 639
1 6 2
129 282
1 7 2
632 798
1 17 2
612 719
1 20 2
120 447
1 20 2
499 769
1 7 2
150 639
1 12 2
189 669
1 10 2
546 643
1 10 2
143 304
1 7 2
45 794
1 15 2
67 504
1 8 2
273 698
1 7 2
238 314
1 14 2
64 291
1 18 2
211 656
1 8 2
558 795
1 12 2
216 751
1 9 2
223 688
1 5 2
509 561
1 7 2
422 697
1 9 2
56 432
1 9 2
376 401
1 10 2
414 739
1 17 2
114 604
1 14 2
532 755
1 9 2
52 403
1 14 2
438 695
1 16 2
425 621
1 6 2
595 782
1 12 2
122 706
1 20 2
105 499
1 18 2
382 653
1 14 2
56 448
1 11 2
238 503
1 9 2
227 790
1 12 2
43 51
1 7 2
427 430
1 17 2
26 256
1 13 2
468 649
1 14 2
175 799
1 9 2
452 525
1 5 2
140 566
1 18 2
107 326
1 8 2
312 736
1 15 2
216 339
1 4 2
308 450
1 9 2
513 652
1 9 2
20 795
1 6 2
188 616
1 8 2
517 746
1 11 2
199 534
1 16 2
93 764
1 11 2
184 668
1 9 2
575 577
1 12 2
71 716
1 5 2
231 518
1 9 2
99 710
1 10 2
495 781
1 16 2
482 761
1 7 2
65 585
1 17 2
264 580
1 12 2
170 538
1 8 2
335 378
1 9 2
784 785
1 15 2
181 516
1 9 2
626 677
1 12 2
256 535
1 9 2
249 791
1 11 2
139 704
1 11 2
546 621
1 8 2
14 213
1 5 2
182 696
1 9 2
75 475
1 14 2
199 516
1 15 2
540 785
1 14 2
639 671
1 12 2
663 791
1 9 2
139 303
1 8 2
369 758
1 5 2
455 689
1 6 2
48 592
1 12 2
389 530
1 10 2
623 638
1 14 2
387 768
1 4 2
620 700
1 8 2
154 595
1 5 2
11 367
1 7 2
344 406
1 6 2
202 203
1 4 2
331 590
1 15 2
84 197
1 6 2
691 746
1 9 2
254 722
1 7 2
497 617
1 9 2
120 420
1 11 2
50 467
1 6 2
493 531
1 8 2
213 389
1 17 2
484 596
1 18 2
497 653
1 10 2
463 702
1 12 2
354 647
1 3 2
245 289
1 9 2
294 332
1 9 2
66 302
1 15 2
377 466
1 15 2
264 737
1 7 2
204 726
1 10 2
85 535
1 15 2
463 735
1 9 2
318 697
1 9 2
144 403
1 6 2
246 657
1 17 2
139 672
1 15 2
306 533
1 8 2
162 719
1 13 2
312 677
1 10 2
336 730
1 15 2
497 519
1 2 2
683 718
1 11 2
318 744
1 7 2
249 528
1 8 2
63 657
1 9 2
117 208
1 10 2
84 286
1 15 2
306 623
1 12 2
101 228
1 7 2
373 588
1 10 2
638 723
1 8 2
344 721
1 14 2
321 431
1 8 2
510 543
1 15 2
381 775
1 8 2
36 526
1 11 2
467 656
1 7 2
215 313
1 9 2
716 779
1 13 2
546 710
1 16 2
578 664
1 3 2
57 406
1 20 2
78 381
1 10 2
403 416
1 15 2
5 479
1 10 2
279 562
1 13 2
178 324
1 17 2
552 630
1 13 2
540 670
1 9 2
41 773
1 16 2
142 326
1 17 2
405 656
1 13 2
21 315
1 5 2
189 704
1 14 2
56 320
1 16 2
194 629
1 14 2
56 723
1 8 2
236 403
1 8 2
210 213
1 19 2
391 532
1 15 2
659 779
1 5 2
565 712
1 7 2
179 693
1 8 2
613 746
1 10 2
21 635
1 7 2
8 717
1 8 2
578 789
1 4 2
627 696
1 14 2
77 460
1 17 2
431 643
1 3 2
124 506
1 8 2
349 364
1 15 2
128 612
1 14 2
111 604
1 11 2
153 710
1 7 2
657 682
1 11 2
513 557
1 14 2
46 129
1 8 2
505 714
1 12 2
149 618
1 16 2
192 552
1 4 2
131 185
1 12 2
638 773
1 3 2
536 566
1 6 2
2 759
1 11 2
53 413
1 17 2
21 73
1 13 2
544 740
1 5 2
23 733
1 14 2
8 503
1 16 2
482 597
1 6 2
103 378
1 7 2
126 741
1 15 2
174 532
1 17 2
589 786
1 11 2
529 769
1 6 2
178 451
1 12 2
119 152
1 12 2
44 493
1 18 2
301 725
1 6 2
116 213
1 8 2
279 697
1 15 2
128 644
1 6 2
37 138
1 14 2
51 247
1 18 2
292 562
1 18 2
353 777
1 12 2
534 711
1 6 2
149 346
1 15 2
35 306
1 6 2
349 741
1 15 2
317 589
1 7 2
253 486
1 15 2
50 98
1 6 2
171 556
1 7 2
591 780
1 7 2
445 537
1 4 2
280 341
1 17 2
120 677
1 11 2
325 401
1 3 2
69 593
1 12 2
255 744
1 6 2
503 765
1 4 2
506 743
1 11 2
340 708
1 8 2
167 751
1 4 2
546 691
1 7 2
18 543
1 8 2
385 750
1 13 2
501 544
1 14 2
180 739
1 5 2
639 724
1 14 2
419 678
1 13 2
362 364
1 14 2
175 697
1 8 2
184 342
1 9 2
574 628
1 10 2
234 693
1 17 2
237 366
1 18 2
117 687
1 10 2
707 747
1 12 2
77 564
1 4 2
276 706
1 8 2
517 737
1 16 2
148 302
1 15 2
132 187
1 16 2
316 719
1 10 2
304 394
1 10 2
281 299
1 14 2
163 304
1 11 2
399 418
1 15 2
155 429
1 16 2
734 739
1 16 2
56 148
1 12 2
0 512
1 6 2
43 232
1 8 2
463 728
1 15 2
673 748
1 13 2
458 769
1 11 2
240 644
1 18 2
735 777
1 3 2
156 406
1 8 2
549 609
1 8 2
486 780
1 14 2
625 682
1 18 2
395 678
1 7 2
332 391
1 7 2
251 431
1 7 2
427 726
1 8 2
196 297
1 8 2
733 759
1 14 2
663 697
1 11 2
171 649
1 12 2
105 481
1 7 2
58 454
1 17 2
84 237
1 8 2
413 706
1 13 2
604 727
1 8 2
443 710
1 19 2
237 447
1 12 2
315 541
1 14 2
336 495
1 12 2
515 706
1 11 2
419 533
1 4 2
255 410
1 11 2
402 785
1 15 2
38 152
1 12 2
258 678
1 10 2
145 337
1 10 2
286 630
1 5 2
359 491
1 13 2
80 589
1 7 2
25 540
1 14 2
114 404
1 12 2
224 550
1 17 2
434 452
1 8 2
91 107
1 9 2
204 643
1 8 2
212 577
1 4 2
342 609
1 11 2
466 720
1 5 2
44 411
1 7 2
52 295
1 17 2
391 629
1 8 2
2 144
1 13 2
210 558
1 11 2
316 780
1 7 2
762 787
1 13 2
644 736
1 9 2
553 578
1 3 2
218 276
1 9 2
170 792
1 10 2
221 595
1 13 2
493 748
1 14 2
235 390
1 18 2
257 381
1 16 2
475 596
1 10 2
132 378
1 17 2
95 391
1 6 2
53 705
1 9 2
14 771
1 8 2
359 727
1 7 2
356 606
1 4 2
507 585
1 12 2
515 587
1 10 2
165 518
1 14 2
175 643
1 16 2
484 742
1 7 2
100 383
1 9 2
644 715
1 6 2
508 740
1 10 2
643 751
1 14 2
202 418
1 15 2
452 739
1 9 2
413 441
1 18 2
516 722
1 3 2
396 738
1 8 2
387 392
1 10 2
105 439
1 15 2
623 734
1 7 2
12 498
1 11 2
54 479
1 12 2
339 643
1 13 2
132 586
1 6 2
514 607
1 19 2
22 233
1 12 2
16 52
1 16 2
426 513
1 15 2
515 565
1 7 2
179 690
1 4 2
591 718
1 6 2
340 624
1 12 2
324 355
1 10 2
109 399
1 10 2
278 703
1 9 2
504 615
1 8 2
114 455
1 7 2
45 767
1 16 2
463 647
1 14 2
216 799
1 18 2
191 298
1 9 2
178 646
1 13 2
211 689
1 12 2
391 488
1 10 2
629 795
1 10 2
399 405
1 11 2
93 151
1 8 2
5 603
1 16 2
72 173
1 9 2
27 375
1 13 2
132 152
1 10 2
63 488
1 10 2
311 714
1 16 2
134 554
1 3 2
150 245
1 15 2
26 595
1 8 2
609 708
1 16 2
532 541
1 8 2
65 627
1 12 2
374 714
1 12 2
67 323
1 6 2
209 733
1 10 2
2 710
1 14 2
623 643
1 11 2
399 678
1 9 2
71 160
1 15 2
107 656
1 11 2
244 760
1 4 2
409 522
1 17 2
274 381
1 6 2
693 751
1 9 2
623 706
1 14 2
269 533
1 10 2
312 361
1 15 2
264 578
1 2 2
398 469
1 6 2
289 374
1 15 2
206 360
1 10 2
175 261
1 14 2
680 753
1 14 2
301 785
1 3 2
108 451
1 12 2
262 275
1 11 2
308 644
1 12 2
76 431
1 6 2
374 400
1 8 2
2 155
1 8 2
261 416
1 12 2
424 646
1 5 2
342 763
1 9 2
148 400
1 10 2
61 773
1 3 2
171 172
1 12 2
498 549
1 14 2
270 301
1 12 2
486 558
1 12 2
165 293
1 6 2
89 730
1 18 2
292 674
1 10 2
637 670
1 6 2
444 697
1 14 2
181 773
1 14 2
214 464
1 6 2
69 438
1 11 2
473 547
1 14 2
98 366
1 10 2
126 297
1 7 2
559 700
1 7 2
165 397
1 12 2
367 739
1 7 2
197 675
1 7 2
254 623
1 3 2
177 188
1 13 2
572 793
1 8 2
334 701
1 19 2
170 580
1 20 2
382 628
1 9 2
554 790
1 9 2
0 63
1 9 2
158 313
1 12 2
468 746
1 10 2
449 592
1 8 2
92 559
1 17 2
497 695
1 5 2
468 770
1 9 2
498 706
1 9 2
204 249
1 16 2
714 748
1 10 2
273 337
1 6 2
544 731
1 15 2
20 428
1 15 2
206 292
1 9 2
306 474
1 12 2
62 495
1 9 2
151 571
1 15 2
425 775
1 4 2
272 749
1 8 2
131 135
1 3 2
288 608
1 9 2
197 600
1 11 2
81 155
1 12 2
72 550
1 16 2
93 636
1 15 2
50 227
1 7 2
372 702
1 10 2
233 602
1 17 2
59 773
1 20 2
466 633
1 17 2
304 499
1 16 2
418 779
1 8 2
174 587
1 6 2
197 652
1 11 2
90 199
1 3 2
356 665
1 16 2
107 497
1 4 2
385 437
1 9 2
249 771
1 9 2
286 633
1 13 2
438 746
1 18 2
313 326
1 6 2
334 620
1 18 2
211 395
1 6 2
15 636
1 12 2
454 513
1 7 2
310 475
1 14 2
294 325
1 7 2
427 519
1 8 2
200 426
1 7 2
469 744
1 15 2
625 673
1 14 2
640 687
1 13 2
482 573
1 18 2
165 214
1 11 2
22 40
1 17 2
301 748
1 11 2
647 703
1 7 2
91 673
1 17 2
269 292
1 9 2
332 348
1 5 2
261 277
1 14 2
180 543
1 16 2
292 785
1 11 2
169 600
1 7 2
257 729
1 11 2
144 416
1 10 2
175 204
1 8 2
402 546
1 7 2
470 752
1 7 2
67 795
1 10 2
393 473
1 20 2
173 482
1 14 2
64 128
1 8 2
140 726
1 14 2
470 612
1 16 2
44 84
1 11 2
237 577
1 10 2
78 539
1 11 2
93 481
1 10 2
228 756
1 13 2
179 429
1 6 2
465 741
1 17 2
170 463
1 9 2
93 496
1 11 2
241 535
1 11 2
165 204
1 16 2
306 390
1 8 2
131 643
1 13 2
119 184
1 7 2
218 778
1 8 2
79 596
1 8 2
1 191
1 10 2
462 747
1 12 2
31 667
1 16 2
568 605
1 5 2
703 706
1 11 2
101 155
1 16 2
35 472
1 11 2
182 699
1 9 2
73 263
1 20 2
84 671
1 6 2
281 510
1 8 2
126 320
1 11 2
256 374
1 12 2
119 430
1 10 2
94 643
1 10 2
337 572
1 8 2
146 432
1 14 2
463 764
1 9 2
493 542
1 14 2
38 336
1 8 2
92 319
1 13 2
498 764
1 16 2
51 558
1 8 2
201 253
1 12 2
176 431
1 4 2
293 598
1 17 2
63 515
1 10 2
559 772
1 6 2
157 502
1 17 2
228 663
1 9 2
426 784
1 9 2
223 298
1 11 2
621 646
1 14 2
761 777
1 14 2
138 297
1 9 2
138 559
1 16 2
687 777
1 7 2
659 770
1 12 2
586 779
1 10 2
592 778
1 15 2
155 512
1 10 2
240 269
1 14 2
104 338
1 6 2
196 610
1 5 2
86 282
1 8 2
260 447
1 13 2
119 201
1 10 2
165 285
1 11 2
325 334
1 3 2
432 453
1 11 2
20 293
1 2 2
508 528
1 14 2
377 495
1 5 2
174 712
1 7 2
731 785
1 7 2
345 507
1 7 2
119 457
1 8 2
530 780
1 16 2
63 490
1 14 2
50 776
1 5 2
251 413
1 6 2
322 375
1 8 2
517 632
1 10 2
477 739
1 7 2
106 419
1 16 2
192 722
1 8 2
390 781
1 8 2
54 186
1 11 2
67 404
1 10 2
38 657
1 13 2
388 578
1 9 2
156 628
1 6 2
87 334
1 11 2
726 761
1 10 2
186 401
1 16 2
348 419
1 13 2
337 543
1 16 2
401 735
1 10 2
354 708
1 9 2
136 401
1 11 2
543 606
1 10 2
48 582
1 19 2
551 605
1 7 2
352 582
1 5 2
81 705
1 11 2
211 481
1 13 2
86 589
1 10 2
492 747
1 4 2
36 273
1 13 2
343 777
1 11 2
472 767
1 9 2
265 599
1 6 2
383 531
1 16 2
107 173
1 9 2
594 708
1 11 2
304 547
1 10 2
110 522
1 8 2
491 793
1 13 2
109 547
1 6 2
331 436
1 16 2
623 719
1 7 2
63 676
1 5 2
126 757
1 15 2
298 317
1 9 2
632 716
1 15 2
405 737
1 17 2
192 484
1 6 2
317 789
1 13 2
298 556
1 10 2
142 340
1 5 2
18 573
1 13 2
383 412
1 18 2
46 428
1 9 2
249 421
1 16 2
247 278
1 5 2
272 655
1 6 2
378 627
1 5 2
250 733
1 14 2
572 688
1 8 2
425 752
1 14 2
144 257
1 6 2
169 705
1 11 2
90 345
1 12 2
202 473
1 15 2
120 337
1 8 2
15 512
1 10 2
224 421
1 7 2
116 727
1 13 2
340 748
1 13 2
433 540
1 11 2
64 159
1 7 2
660 672
1 12 2
730 775
1 10 2
103 268
1 11 2
540 587
1 12 2
190 730
1 18 2
170 699
1 11 2
44 550
1 4 2
322 790
1 10 2
107 315
1 5 2
553 702
1 7 2
417 786
1 10 2
607 760
1 10 2
24 629
1 6 2
183 390
1 15 2
92 760
1 15 2
235 274
1 12 2
8 255
1 8 2
41 228
1 7 2
81 706
1 13 2
164 482
1 11 2
346 551
1 6 2
54 137
1 9 2
381 675
1 7 2
368 542
1 13 2
181 224
1 14 2
205 264
1 20 2
78 382
1 3 2
200 253
1 12 2
43 699
1 12 2
22 459
1 14 2
235 739
1 7 2
252 385
1 8 2
80 638
1 15 2
364 425
1 18 2
558 625
1 16 2
8 625
1 9 2
246 733
1 10 2
610 689
1 16 2
476 549
1 7 2
163 536
1 7 2
399 403
1 5 2
399 507
1 8 2
335 529
1 11 2
482 679
1 6 2
370 383
1 6 2
136 238
1 16 2
369 769
1 9 2
340 393
1 10 2
522 699
1 14 2
299 799
1 8 2
51 626
1 18 2
115 588
1 12 2
436 463
1 16 2
227 497
1 6 2
400 702
1 14 2
44 274
1 13 2
424 754
1 12 2
416 571
1 10 2
147 268
1 7 2
595 774
1 6 2
102 638
1 11 2
438 778
1 10 2
62 552
1 7 2
342 668
1 3 2
285 797
1 5 2
252 451
1 17 2
278 405
1 17 2
299 688
1 10 2
180 784
1 19 2
16 499
1 14 2
513 667
1 7 2
261 454
1 6 2
584 704
1 15 2
104 466
1 10 2
249 727
1 20 2
46 115
1 17 2
117 434
1 12 2
571 739
1 17 2
612 744
1 10 2
511 519
1 16 2
416 532
1 9 2
366 408
1 13 2
278 315
1 13 2
550 737
1 5 2
166 780
1 8 2
179 753
1 12 2
45 493
1 9 2
2 187
1 12 2
132 361
1 9 2
582 657
1 6 2
76 168
1 19 2
449 515
1 14 2
210 768
1 11 2
120 579
1 15 2
364 695
1 5 2
757 767
1 16 2
98 725
1 18 2
71 360
1 11 2
329 476
1 17 2
463 671
1 12 2
206 775
1 8 2
246 638
1 14 2
298 436
1 14 2
416 777
1 7 2
387 665
1 8 2
46 417
1 8 2
50 717
1 13 2
17 554
1 11 2
552 711
1 8 2
585 783
1 12 2
71 441
1 17 2
604 605
1 7 2
306 508
1 6 2
318 720
1 5 2
349 459
1 9 2
320 692
1 15 2
234 695
1 10 2
283 535
1 5 2
23 698
1 14 2
328 768
1 9 2
189 345
1 12 2
182 241
1 10 2
244 663
1 8 2
228 500
1 12 2
184 463
1 11 2
541 561
1 17 2
678 783
1 11 2
184 622
1 11 2
464 637
1 9 2
514 780
1 5 2
280 795
1 10 2
14 522
1 8 2
654 702
1 18 2
647 662
1 10 2
355 761
1 12 2
169 361
1 8 2
296 799
1 6 2
151 252
1 11 2
257 787
1 16 2
135 431
1 15 2
554 734
1 19 2
746 769
1 11 2
304 787
1 14 2
630 707
1 15 2
358 744
1 12 2
364 387
1 15 2
72 304
1 10 2
119 143
1 15 2
268 304
1 6 2
49 706
1 7 2
48 189
1 12 2
249 359
1 12 2
237 486
1 4 2
112 410
1 8 2
435 791
1 7 2
275 478
1 7 2
87 353
1 11 2
17 149
1 9 2
218 568
1 12 2
313 467
1 14 2
64 369
1 17 2
552 680
1 12 2
498 668
1 13 2
105 318
