800 4800 2400
8 18 5 14 16 6 15 11 19 6 25 20 25 8 14 5 20 21 20 23 9 7 6 12 15 16 14 16 24 20 23 24 12 5 10 7 7 5 14 21 13 22 18 6 14 12 21 8 5 14 9 22 5 16 23 18 5 22 13 13 15 10 9 13 9 23 10 16 5 5 14 5 12 7 17 20 16 20 10 21 23 25 22 11 11 14 10 7 14 15 12 10 21 21 18 10 22 6 12 17 6 11 6 23 9 15 19 23 20 11 19 19 10 11 12 18 24 18 15 7 16 13 20 16 14 7 11 21 21 21 10 8 8 5 22 24 19 20 9 17 16 22 6 12 6 21 21 19 10 11 14 22 18 24 22 17 23 8 24 6 8 14 25 5 23 25 24 17 13 10 15 16 9 24 22 14 23 22 17 9 10 14 12 20 9 14 25 15 8 13 11 16 16 16 8 12 13 13 9 17 7 14 19 25 15 19 20 5 22 15 23 16 13 7 15 22 24 17 17 5 15 14 21 12 16 17 20 5 14 13 18 24 23 23 24 21 17 10 5 19 6 13 16 5 11 18 24 11 19 17 7 6 10 22 13 13 9 5 17 11 21 24 13 11 25 5 5 22 23 16 11 14 6 20 9 6 9 22 18 22 15 17 21 21 10 9 5 11 18 17 25 9 16 16 9 21 11 11 13 13 16 5 11 15 7 6 17 17 15 13 6 8 16 22 21 8 9 19 19 11 20 12 14 6 7 11 13 23 16 12 19 7 18 22 18 12 8 13 9 21 12 24 22 5 22 16 9 20 13 11 10 12 17 11 20 17 7 9 21 8 9 14 10 10 14 9 15 12 7 7 13 12 18 9 10 20 20 16 5 18 8 11 25 17 22 10 22 15 19 12 13 11 11 11 15 7 7 12 21 16 15 5 25 18 23 14 16 20 6 14 6 14 16 18 19 13 15 22 5 11 12 19 24 23 14 20 20 16 11 21 16 12 13 22 25 8 25 16 23 24 5 22 15 15 21 6 24 24 16 5 10 13 17 24 24 20 16 6 23 11 10 21 15 19 14 17 14 19 22 9 23 10 16 25 13 19 23 12 19 10 23 20 8 13 15 13 7 25 23 17 7 14 17 14 24 11 20 18 15 11 8 20 14 7 24 11 15 19 6 11 14 13 24 21 19 19 20 19 20 8 21 22 21 25 25 8 23 15 24 16 13 7 21 9 13 9 25 18 13 5 5 17 23 16 15 7 20 25 23 8 23 19 10 25 18 9 15 18 24 9 25 21 20 14 16 13 5 17 6 9 23 14 21 14 20 23 24 18 7 11 18 7 24 12 13 14 12 21 23 13 24 8 8 7 15 9 25 17 6 9 9 15 13 16 19 10 6 11 24 23 11 17 10 12 17 18 6 10 19 17 14 11 14 8 8 21 12 13 6 16 10 9 14 20 8 20 23 14 19 7 11 5 7 25 17 14 15 22 13 17 24 12 25 21 24 12 24 5 12 21 25 15 5 7 19 6 8 16 22 22 22 11 24 18 17 6 8 21 17 22 10 13 24 20 5 19 7 19 9 22 20 9 10 19 23 24 13 11 21 6 17 14 17 12 11 17 23 11 15 9 10 8 14 15 25 20 12 20 20 19 24 11 16 19 23 7 23 21 23 24 15 9 19 10 16 18 24 20 19 22 21 16 13 11 17 7 20 5 22 18 13 19 5 5 9 18 17 14 5 7 25 22 10 19 10 18 15 18 24 16 18 11 22 17 8 14 16 16 25 15 15 6 6 12 9 16 12 10 12 12 5 12 16 22 15 9 12 6 14 13
7 5 16 9 6 20 3 16 17 12 18 18 18 8 11 7 4 4 17 17 3 6 19 20 10 6 17 16 11 19 3 6 4 7 9 20 12 14 12 19 4 11 19 3 20 5 18 12 16 10 14 4 9 13 17 10 11 17 11 9 11 9 16 3 18 14 11 18 11 17 10 3 4 14 14 14 5 16 16 14 3 18 18 9 12 18 12 10 17 11 11 7 11 10 10 15 19 11 11 11 18 15 14 18 13 19 11 3 14 6 3 15 16 15 20 20 19 5 9 7 13 19 13 9 11 4 14 4 15 10 7 7 14 15 10 11 5 3 4 15 6 15 7 8 19 13 20 5 13 19 8 7 16 16 12 5 10 15 16 20 9 4 7 11 3 9 3 11 4 8 18 16 20 19 3 6 19 4 10 18 7 3 15 4 16 11 3 20 14 3 4 7 13 4 8 6 16 18 3 17 15 13 20 16 11 17 5 20 16 9 4 10 11 3 18 11 16 5 16 15 19 4 19 20 6 3 13 19 19 14 4 13 10 20 13 7 18 10 12 11 13 16 3 9 4 7 17 16 6 15 3 13 13 13 20 17 10 14 3 12 5 17 6 16 15 11 19 7 15 16 18 9 18 15 10 9 19 4 17 18 3 18 20 10 10 20 8 16 13 19 19 8 14 13 9 6 8 17 3 13 13 13 14 5 15 3 3 5 14 11 13 3 20 6 15 14 18 16 4 6 3 10 17 12 19 5 8 7 7 12 4 7 5 5 12 12 13 15 4 13 8 17 14 4 11 16 19 9 4 17 9 17 3 4 19 17 15 16 6 7 6 10 3 12 11 17 13 17 15 18 10 17 14 11 19 8 6 14 11 12 11 9 10 4 16 3 17 3 7 12 6 16 16 4 15 12 5 13 15 10 17 5 18 7 7 14 18 14 17 3 16 17 3 15 16 7 12 14 7 19 10 15 19 13 3 4 19 14 19 8 9 16 10 13 17 17 7 14 7 8 19 10 15 13 7 3 3 17 10 10 19 14 11 5 15 17 9 8 19 13 12 12 20 9 13 16 9 3 19 3 17 12 16 9 10 10 14 14 8 7 13 14 8 10 4 20 20 7 15 14 19 10 14 13 18 10 3 8 5 14 17 15 15 10 10 12 16 3 14 14 19 4 20 4 14 13 13 9 7 4 7 19 18 9 8 12 11 12 4 10 11 18 16 7 12 12 14 16 7 4 13 17 4 20 13 7 19 17 8 19 11 19 3 11 9 8 17 13 3 6 15 9 16 20 8 14 12 17 12 11 10 20 20 5 19 19 14 5 10 16 20 11 7 12 8 3 10 18 8 8 15 15 11 5 3 15 3 13 18 3 20 13 16 19 17 17 18 11 5 18 15 4 5 20 14 17 13 17 19 15 18 7 5 10 8 14 13 4 19 7 17 12 3 11 17 7 13 12 8 8 14 16 4 7 4 3 12 15 20 16 11 6 12 6 15 13 17 11 9 11 9 6 4 7 19 11 17 12 3 8 19 3 16 9 20 16 16 16 19 3 8 19 16 18 13 6 13 12 12 4 8 16 15 18 11 12 4 15 15 15 10 15 7 13 18 4 8 6 7 15 13 12 6 10 14 8 18 6 5 3 19 17 13 13 10 10 4 18 8 5 11 16 14 17 11 5 7 9 19 20 12 12 16 19 19 9 10 12 14 19 18 18 5 19 3 16 17 18 19 10 19 5 7 3 4 14 18 16 12 8 16 19 9 15 19 5 15 18 17 12 11 10 6 5 7 13 12 18 16 9 14 15 11 9 16 20 5 4 14 5
1 14 2
116 236
1 7 2
118 750
1 18 2
174 246
1 12 2
295 456
1 8 2
3 556
1 12 2
146 448
1 12 2
65 779
1 6 2
378 467
1 4 2
612 743
1 15 2
261 288
1 9 2
372 506
1 6 2
502 710
1 8 2
369 550
1 18 2
267 582
1 9 2
312 646
1 10 2
722 755
1 14 2
308 402
1 8 2
87 268
1 12 2
430 670
1 10 2
502 587
1 19 2
107 166
1 12 2
93 667
1 6 2
172 289
1 9 2
167 424
1 13 2
260 604
1 13 2
215 289
1 13 2
660 798
1 5 2
657 749
1 14 2
167 682
1 19 2
153 422
1 13 2
10 632
1 10 2
255 587
1 6 2
220 692
1 14 2
230 268
1 13 2
134 191
1 20 2
10 107
1 14 2
192 553
1 6 2
55 250
1 19 2
290 458
1 7 2
543 605
1 15 2
615 682
1 15 2
327 763
1 12 2
60 588
1 11 2
228 575
1 20 2
264 729
1 12 2
136 765
1 12 2
279 785
1 12 2
226 281
1 11 2
210 671
1 16 2
41 134
1 16 2
518 588
1 8 2
171 189
1 13 2
452 572
1 7 2
159 423
1 7 2
4 182
1 11 2
150 724
1 12 2
49 386
1 17 2
438 748
1 6 2
59 221
1 12 2
11 218
1 15 2
57 715
1 15 2
518 669
1 9 2
413 563
1 16 2
108 246
1 10 2
295 791
1 10 2
404 583
1 13 2
177 735
1 9 2
55 220
1 9 2
187 292
1 12 2
387 522
1 7 2
371 527
1 8 2
202 287
1 3 2
160 338
1 4 2
159 161
1 8 2
306 483
1 8 2
16 180
1 12 2
108 249
1 14 2
320 496
1 14 2
39 202
1 10 2
166 621
1 8 2
174 380
1 17 2
145 768
1 7 2
7 312
1 13 2
727 732
1 10 2
175 638
1 3 2
50 600
1 17 2
145 261
1 9 2
224 306
1 7 2
205 754
1 9 2
245 303
1 13 2
517 633
1 10 2
202 622
1 10 2
59 283
1 12 2
191 748
1 11 2
455 713
1 16 2
17 739
1 15 2
382 723
1 17 2
65 116
1 9 2
361 541
1 7 2
648 713
1 9 2
595 768
1 14 2
547 646
1 11 2
456 737
1 10 2
44 677
1 12 2
107 400
1 5 2
658 697
1 14 2
117 636
1 7 2
342 578
1 8 2
116 408
1 11 2
83 523
1 10 2
34 231
1 8 2
298 755
1 3 2
600 605
1 9 2
107 610
1 12 2
582 637
1 13 2
105 494
1 20 2
290 768
1 8 2
206 495
1 8 2
344 482
1 11 2
460 487
1 10 2
76 117
1 15 2
236 608
1 10 2
230 619
1 10 2
155 249
1 12 2
638 683
1 9 2
66 314
1 12 2
278 664
1 8 2
197 541
1 17 2
92 576
1 9 2
105 619
1 3 2
244 323
1 13 2
618 625
1 13 2
139 727
1 19 2
186 521
1 7 2
465 535
1 4 2
26 368
1 11 2
339 361
1 4 2
9 209
1 14 2
268 507
1 11 2
151 271
1 11 2
355 554
1 9 2
518 791
1 16 2
524 744
1 11 2
313 502
1 9 2
123 785
1 16 2
75 116
1 18 2
283 447
1 9 2
204 225
1 11 2
108 377
1 14 2
289 488
1 8 2
247 770
1 19 2
233 560
1 8 2
321 611
1 4 2
747 777
1 7 2
15 268
1 13 2
11 18
1 7 2
15 669
1 16 2
577 778
1 8 2
309 756
1 8 2
177 490
1 8 2
143 685
1 11 2
193 283
1 7 2
63 493
1 12 2
334 388
1 7 2
6 298
1 7 2
126 306
1 11 2
687 722
1 11 2
98 268
1 11 2
158 296
1 6 2
298 510
1 7 2
281 613
1 11 2
287 728
1 16 2
108 582
1 12 2
93 224
1 12 2
538 706
1 13 2
30 678
1 8 2
320 335
1 16 2
625 636
1 12 2
321 434
1 16 2
162 615
1 15 2
264 741
1 15 2
122 386
1 14 2
475 726
1 14 2
498 596
1 10 2
187 515
1 8 2
188 679
1 19 2
158 736
1 14 2
249 341
1 7 2
310 327
1 15 2
516 572
1 5 2
218 781
1 12 2
141 794
1 10 2
337 718
1 15 2
81 755
1 10 2
249 306
1 16 2
165 685
1 15 2
216 732
1 8 2
40 307
1 9 2
236 366
1 5 2
143 586
1 12 2
192 698
1 20 2
162 382
1 9 2
709 761
1 6 2
419 730
1 15 2
386 481
1 11 2
620 694
1 12 2
136 690
1 9 2
198 548
1 13 2
267 497
1 12 2
11 529
1 7 2
85 181
1 11 2
90 504
1 6 2
4 555
1 2 2
52 754
1 18 2
203 481
1 9 2
347 505
1 11 2
170 260
1 15 2
334 672
1 8 2
442 742
1 9 2
24 202
1 17 2
233 267
1 8 2
12 641
1 11 2
499 656
1 18 2
156 660
1 9 2
681 690
1 15 2
436 497
1 7 2
294 517
1 8 2
140 150
1 8 2
107 675
1 20 2
436 453
1 7 2
352 428
1 12 2
170 233
1 12 2
111 413
1 14 2
57 755
1 4 2
181 315
1 7 2
215 356
1 4 2
613 624
1 11 2
643 721
1 9 2
224 345
1 7 2
637 796
1 9 2
376 583
1 17 2
108 402
1 18 2
436 468
1 11 2
379 702
1 11 2
496 601
1 11 2
170 727
1 12 2
436 703
1 2 2
519 753
1 16 2
136 341
1 8 2
247 574
1 8 2
557 704
1 7 2
249 499
1 6 2
236 490
1 15 2
261 551
1 16 2
609 727
1 11 2
99 110
1 14 2
590 734
1 18 2
210 267
1 3 2
385 686
1 7 2
443 646
1 7 2
151 188
1 10 2
93 361
1 15 2
638 654
1 7 2
72 387
1 17 2
333 575
1 10 2
254 546
1 16 2
295 706
1 9 2
8 389
1 9 2
292 777
1 8 2
248 381
1 8 2
215 365
1 6 2
138 644
1 12 2
41 405
1 12 2
186 451
1 10 2
344 716
1 14 2
65 379
1 9 2
8 411
1 8 2
89 345
1 20 2
434 439
1 13 2
312 333
1 7 2
34 139
1 11 2
320 406
1 8 2
744 789
1 18 2
234 548
1 16 2
154 476
1 14 2
206 561
1 14 2
423 580
1 15 2
522 670
1 13 2
271 714
1 18 2
234 433
1 11 2
147 674
1 9 2
307 442
1 10 2
140 489
1 10 2
485 748
1 5 2
72 284
1 9 2
92 349
1 8 2
544 629
1 8 2
296 767
1 3 2
420 593
1 3 2
265 353
1 11 2
1 318
1 9 2
308 334
1 16 2
29 654
1 12 2
430 521
1 14 2
55 116
1 9 2
296 522
1 17 2
347 608
1 4 2
187 657
1 11 2
212 728
1 14 2
174 205
1 9 2
285 488
1 9 2
541 661
1 10 2
423 600
1 13 2
496 562
1 10 2
245 730
1 4 2
45 733
1 8 2
373 518
1 13 2
574 717
1 10 2
245 437
1 13 2
40 652
1 4 2
52 60
1 20 2
446 590
1 13 2
615 727
1 10 2
57 464
1 18 2
10 561
1 17 2
154 333
1 12 2
412 679
1 17 2
96 454
1 10 2
168 339
1 12 2
277 303
1 5 2
280 346
1 9 2
154 353
1 13 2
618 664
1 12 2
453 464
1 20 2
153 436
1 8 2
160 588
1 8 2
70 242
1 5 2
335 707
1 6 2
66 85
1 8 2
93 688
1 16 2
320 524
1 10 2
96 259
1 7 2
431 792
1 16 2
461 488
1 14 2
54 332
1 15 2
79 277
1 12 2
49 176
1 7 2
506 511
1 8 2
168 705
1 11 2
107 530
1 14 2
12 792
1 11 2
208 411
1 6 2
393 757
1 5 2
266 767
1 18 2
31 404
1 10 2
536 762
1 13 2
334 423
1 8 2
353 507
1 12 2
92 123
1 10 2
99 529
1 6 2
168 322
1 8 2
93 104
1 11 2
387 653
1 19 2
166 404
1 2 2
47 568
1 6 2
109 312
1 8 2
242 416
1 16 2
604 695
1 16 2
342 548
1 17 2
433 656
1 13 2
139 558
1 14 2
564 714
1 18 2
103 487
1 4 2
297 346
1 6 2
478 592
1 7 2
223 228
1 14 2
177 718
1 12 2
105 736
1 4 2
420 754
1 10 2
182 635
1 10 2
678 785
1 14 2
442 524
1 6 2
374 629
1 16 2
116 763
1 12 2
400 726
1 9 2
279 607
1 6 2
419 637
1 10 2
608 630
1 14 2
399 422
1 18 2
158 609
1 11 2
218 546
1 6 2
124 538
1 5 2
409 795
1 14 2
567 672
1 17 2
267 550
1 6 2
195 563
1 4 2
87 302
1 10 2
139 756
1 11 2
135 392
1 5 2
218 545
1 17 2
29 714
1 11 2
79 645
1 18 2
81 103
1 10 2
86 760
1 14 2
110 339
1 11 2
183 312
1 9 2
460 558
1 4 2
321 450
1 9 2
550 743
1 6 2
136 711
1 13 2
147 635
1 18 2
480 768
1 14 2
99 728
1 5 2
86 254
1 11 2
80 197
1 11 2
493 647
1 10 2
226 632
1 9 2
546 651
1 10 2
613 740
1 11 2
149 729
1 10 2
141 799
1 14 2
429 497
1 12 2
115 635
1 4 2
133 544
1 9 2
373 575
1 6 2
319 443
1 18 2
404 548
1 19 2
65 173
1 7 2
701 750
1 20 2
30 760
1 6 2
613 730
1 5 2
189 626
1 9 2
189 673
1 9 2
150 332
1 17 2
404 682
1 4 2
188 626
1 12 2
164 221
1 20 2
186 453
1 13 2
405 494
1 15 2
41 202
1 11 2
176 397
1 5 2
125 614
1 12 2
8 673
1 10 2
498 507
1 3 2
112 359
1 12 2
638 751
1 17 2
10 226
1 10 2
202 491
1 8 2
199 361
1 12 2
248 690
1 18 2
528 548
1 16 2
210 732
1 8 2
332 381
1 20 2
382 714
1 12 2
502 656
1 9 2
749 786
1 10 2
383 777
1 15 2
92 93
1 11 2
214 461
1 18 2
588 736
1 7 2
149 383
1 8 2
4 322
1 6 2
114 506
1 8 2
353 497
1 7 2
421 599
1 5 2
409 592
1 10 2
509 647
1 7 2
86 463
1 11 2
320 614
1 16 2
382 407
1 12 2
57 792
1 10 2
8 620
1 10 2
414 589
1 14 2
210 379
1 12 2
511 682
1 12 2
46 211
1 10 2
397 793
1 9 2
383 394
1 8 2
490 542
1 12 2
241 436
1 8 2
142 173
1 20 2
422 504
1 11 2
609 798
1 9 2
167 585
1 7 2
112 770
1 8 2
41 479
1 13 2
18 746
1 12 2
258 318
1 8 2
727 795
1 9 2
297 384
1 10 2
535 650
1 10 2
176 244
1 12 2
661 768
1 13 2
604 685
1 15 2
41 737
1 9 2
57 721
1 8 2
196 773
1 14 2
30 765
1 13 2
70 736
1 8 2
315 636
1 9 2
8 712
1 10 2
352 551
1 5 2
149 789
1 3 2
36 198
1 2 2
418 486
1 8 2
150 611
1 7 2
171 586
1 14 2
30 355
1 15 2
17 444
1 6 2
132 248
1 13 2
264 394
1 10 2
541 777
1 12 2
230 719
1 8 2
24 730
1 6 2
374 661
1 15 2
268 685
1 15 2
669 693
1 13 2
174 293
1 10 2
25 611
1 7 2
206 346
1 6 2
120 256
1 10 2
383 644
1 7 2
19 540
1 11 2
590 697
1 16 2
128 793
1 4 2
4 5
1 11 2
118 587
1 8 2
639 668
1 14 2
18 295
1 15 2
473 557
1 18 2
636 778
1 9 2
674 722
1 18 2
342 596
1 9 2
611 769
1 13 2
513 693
1 6 2
306 525
1 13 2
19 352
1 11 2
186 190
1 13 2
42 677
1 6 2
139 600
1 8 2
113 537
1 17 2
698 729
1 10 2
126 548
1 9 2
84 398
1 6 2
67 91
1 14 2
314 562
1 9 2
337 685
1 6 2
1 62
1 15 2
423 516
1 6 2
702 774
1 8 2
105 171
1 9 2
199 228
1 15 2
732 761
1 7 2
479 705
1 15 2
232 717
1 15 2
19 245
1 3 2
48 681
1 7 2
143 556
1 7 2
538 712
1 18 2
434 548
1 5 2
94 243
1 14 2
619 728
1 3 2
95 752
1 15 2
398 550
1 9 2
500 550
1 10 2
443 562
1 13 2
202 561
1 8 2
170 474
1 12 2
473 586
1 3 2
15 130
1 5 2
67 482
1 10 2
335 793
1 18 2
10 588
1 9 2
284 398
1 14 2
186 242
1 11 2
155 551
1 11 2
320 394
1 11 2
79 556
1 19 2
654 682
1 7 2
97 793
1 16 2
517 660
1 10 2
708 763
1 5 2
90 244
1 12 2
344 734
1 15 2
154 693
1 12 2
352 659
1 7 2
499 734
1 14 2
41 167
1 12 2
96 204
1 10 2
611 674
1 12 2
129 597
1 9 2
190 314
1 16 2
516 694
1 5 2
219 245
1 9 2
517 586
1 8 2
703 755
1 6 2
493 789
1 11 2
300 514
1 19 2
173 547
1 14 2
267 687
1 14 2
174 554
1 17 2
436 513
1 8 2
465 645
1 14 2
317 625
1 14 2
446 564
1 6 2
222 418
1 15 2
80 515
1 14 2
452 643
1 7 2
199 621
1 11 2
510 739
1 16 2
553 633
1 10 2
111 161
1 15 2
481 575
1 12 2
222 544
1 8 2
79 764
1 11 2
268 602
1 14 2
8 772
1 7 2
114 573
1 20 2
652 736
1 6 2
56 715
1 16 2
706 717
1 9 2
126 668
1 15 2
8 176
1 11 2
197 333
1 10 2
149 177
1 20 2
382 547
1 13 2
674 726
1 8 2
82 315
1 10 2
45 520
1 4 2
621 754
1 10 2
115 541
1 6 2
443 499
1 7 2
191 326
1 13 2
242 695
1 7 2
259 352
1 8 2
148 513
1 6 2
251 557
1 14 2
281 341
1 19 2
382 521
1 10 2
101 439
1 9 2
296 313
1 5 2
611 628
1 12 2
646 729
1 11 2
249 687
1 6 2
508 551
1 9 2
492 730
1 14 2
470 735
1 15 2
146 282
1 5 2
26 350
1 19 2
382 570
1 14 2
344 481
1 11 2
441 462
1 4 2
385 459
1 4 2
374 688
1 8 2
67 124
1 18 2
166 422
1 15 2
248 724
1 14 2
236 669
1 16 2
65 260
1 11 2
223 706
1 17 2
154 724
1 19 2
494 706
1 9 2
267 612
1 6 2
13 74
1 10 2
414 443
1 10 2
76 372
1 10 2
429 786
1 5 2
531 637
1 7 2
311 414
1 8 2
312 742
1 15 2
268 426
1 10 2
269 755
1 8 2
261 331
1 5 2
320 758
1 10 2
254 625
1 16 2
643 737
1 10 2
465 773
1 6 2
259 361
1 6 2
368 723
1 10 2
49 235
1 12 2
268 390
1 3 2
305 495
1 5 2
742 771
1 2 2
686 725
1 8 2
388 716
1 6 2
115 213
1 11 2
670 730
1 16 2
618 714
1 11 2
342 563
1 6 2
401 463
1 11 2
40 441
1 8 2
531 726
1 19 2
473 588
1 7 2
0 152
1 9 2
463 750
1 6 2
99 676
1 14 2
55 761
1 11 2
204 313
1 7 2
386 606
1 14 2
81 269
1 11 2
82 491
1 8 2
214 563
1 4 2
69 785
1 14 2
492 542
1 6 2
394 460
1 15 2
388 480
1 5 2
143 784
1 14 2
580 625
1 18 2
342 582
1 9 2
270 739
1 11 2
177 646
1 5 2
353 493
1 9 2
140 741
1 13 2
570 769
1 20 2
31 652
1 17 2
375 720
1 5 2
133 770
1 8 2
396 726
1 12 2
217 521
1 3 2
531 607
1 19 2
158 422
1 14 2
562 739
1 19 2
153 341
1 12 2
183 249
1 6 2
195 361
1 8 2
393 461
1 8 2
109 687
1 6 2
149 701
1 10 2
66 446
1 6 2
192 469
1 7 2
337 394
1 17 2
522 523
1 14 2
523 773
1 13 2
206 717
1 8 2
326 614
1 6 2
78 150
1 14 2
115 174
1 18 2
65 186
1 15 2
231 611
1 8 2
58 785
1 20 2
547 560
1 9 2
348 685
1 7 2
201 409
1 17 2
135 426
1 12 2
314 779
1 4 2
84 600
1 8 2
119 154
1 12 2
249 313
1 9 2
512 600
1 16 2
446 659
1 16 2
165 347
1 6 2
145 418
1 9 2
716 740
1 12 2
407 744
1 4 2
138 420
1 11 2
526 791
1 11 2
430 604
1 16 2
253 404
1 2 2
50 56
1 15 2
137 572
1 17 2
11 768
1 11 2
342 573
1 6 2
392 432
1 19 2
528 726
1 10 2
168 235
1 6 2
193 666
1 11 2
199 330
1 8 2
471 633
1 13 2
433 618
1 6 2
197 538
1 13 2
140 576
1 11 2
217 562
1 18 2
51 672
1 9 2
253 479
1 4 2
149 360
1 16 2
156 354
1 16 2
339 480
1 7 2
298 506
1 5 2
62 742
1 13 2
506 654
1 13 2
191 793
1 14 2
205 461
1 10 2
247 438
1 8 2
287 719
1 7 2
262 779
1 19 2
103 173
1 11 2
222 443
1 14 2
413 668
1 7 2
287 611
1 13 2
375 685
1 6 2
212 397
1 13 2
327 722
1 15 2
494 767
1 10 2
481 766
1 7 2
171 419
1 11 2
507 611
1 13 2
41 537
1 20 2
512 536
1 8 2
159 216
1 6 2
288 595
1 16 2
277 520
1 18 2
135 404
1 18 2
344 439
1 14 2
151 354
1 4 2
13 351
1 11 2
454 783
1 7 2
68 268
1 9 2
377 705
1 11 2
75 466
1 18 2
314 778
1 5 2
405 555
1 6 2
136 665
1 16 2
92 521
1 7 2
285 604
1 4 2
271 684
1 10 2
646 683
1 10 2
268 610
1 8 2
545 588
1 15 2
232 659
1 7 2
681 779
1 8 2
101 202
1 4 2
389 593
1 5 2
605 716
1 6 2
112 303
1 15 2
46 417
1 10 2
172 203
1 12 2
154 674
1 18 2
135 653
1 8 2
346 670
1 3 2
101 378
1 9 2
47 438
1 8 2
88 543
1 8 2
241 597
1 10 2
148 576
1 12 2
153 366
1 14 2
155 488
1 6 2
217 686
1 3 2
479 624
1 6 2
218 256
1 16 2
609 717
1 15 2
42 246
1 10 2
330 667
1 5 2
301 649
1 17 2
116 386
1 12 2
263 402
1 7 2
231 457
1 10 2
18 390
1 11 2
489 635
1 8 2
65 408
1 8 2
412 448
1 6 2
61 464
1 10 2
615 741
1 13 2
165 432
1 7 2
399 477
1 13 2
11 683
1 8 2
345 594
1 18 2
173 689
1 15 2
186 379
1 14 2
92 145
1 8 2
159 542
1 7 2
551 709
1 5 2
364 559
1 7 2
180 551
1 4 2
191 343
1 7 2
479 604
1 8 2
243 523
1 6 2
552 779
1 10 2
388 538
1 7 2
85 511
1 19 2
504 656
1 14 2
514 532
1 9 2
119 760
1 11 2
447 451
1 19 2
162 423
1 6 2
445 517
1 14 2
399 423
1 11 2
143 446
1 7 2
346 496
1 18 2
57 643
1 9 2
155 409
1 17 2
417 608
1 8 2
79 754
1 9 2
96 479
1 12 2
94 354
1 7 2
605 770
1 15 2
30 554
1 11 2
145 209
1 8 2
308 387
1 13 2
295 496
1 9 2
268 353
1 3 2
142 583
1 13 2
465 588
1 12 2
147 649
1 10 2
374 548
1 2 2
323 593
1 10 2
153 471
1 17 2
523 669
1 12 2
576 712
1 16 2
344 521
1 9 2
248 405
1 14 2
222 659
1 10 2
85 206
1 12 2
201 246
1 6 2
213 372
1 8 2
385 425
1 12 2
42 128
1 20 2
402 447
1 10 2
459 636
1 6 2
194 388
1 12 2
491 647
1 7 2
379 391
1 11 2
264 297
1 11 2
115 515
1 16 2
154 183
1 7 2
281 419
1 14 2
80 383
1 10 2
493 732
1 13 2
348 652
1 17 2
426 528
1 14 2
672 741
1 12 2
3 165
1 12 2
105 134
1 14 2
333 737
1 13 2
260 403
1 9 2
498 705
1 10 2
141 329
1 9 2
85 702
1 10 2
10 733
1 8 2
602 734
1 5 2
701 771
1 15 2
317 523
1 12 2
348 682
1 5 2
412 592
1 7 2
269 583
1 15 2
203 618
1 13 2
560 563
1 17 2
720 727
1 12 2
344 427
1 3 2
581 631
1 9 2
42 571
1 11 2
28 168
1 14 2
107 580
1 4 2
150 747
1 11 2
204 333
1 9 2
369 524
1 13 2
441 755
1 8 2
34 723
1 14 2
80 615
1 13 2
611 728
1 13 2
183 719
1 7 2
469 496
1 10 2
225 300
1 11 2
297 453
1 6 2
188 744
1 17 2
425 453
1 7 2
285 507
1 15 2
216 334
1 13 2
171 476
1 5 2
193 725
1 12 2
307 468
1 5 2
66 459
1 6 2
224 259
1 11 2
453 743
1 17 2
625 654
1 6 2
159 407
1 11 2
262 668
1 9 2
160 523
1 5 2
503 757
1 2 2
33 284
1 5 2
597 759
1 8 2
493 644
1 9 2
269 594
1 12 2
17 744
1 9 2
112 694
1 13 2
425 546
1 19 2
162 422
1 8 2
417 549
1 20 2
434 473
1 15 2
751 760
1 5 2
53 338
1 11 2
190 473
1 9 2
28 311
1 18 2
79 536
1 10 2
477 698
1 3 2
651 752
1 5 2
411 795
1 10 2
72 550
1 6 2
451 796
1 9 2
155 269
1 12 2
106 507
1 13 2
80 452
1 16 2
203 478
1 10 2
18 228
1 8 2
565 567
1 15 2
29 458
1 18 2
454 548
1 6 2
6 349
1 12 2
212 656
1 7 2
619 697
1 8 2
145 338
1 6 2
89 613
1 19 2
162 438
1 4 2
266 585
1 6 2
29 227
1 7 2
630 678
1 13 2
141 202
1 5 2
651 796
1 9 2
203 250
1 9 2
93 362
1 13 2
475 572
1 6 2
130 406
1 10 2
195 689
1 5 2
29 657
1 7 2
272 313
1 13 2
106 111
1 8 2
272 447
1 4 2
88 227
1 8 2
53 632
1 13 2
438 556
1 10 2
146 799
1 4 2
7 623
1 19 2
231 526
1 6 2
21 749
1 13 2
176 430
1 8 2
6 564
1 16 2
206 402
1 14 2
398 723
1 3 2
415 790
1 7 2
307 471
1 7 2
152 525
1 12 2
54 498
1 8 2
364 372
1 9 2
484 773
1 11 2
720 742
1 14 2
268 514
1 8 2
718 764
1 15 2
488 580
1 15 2
151 763
1 10 2
217 741
1 9 2
4 427
1 18 2
384 695
1 11 2
546 702
1 12 2
255 729
1 9 2
4 744
1 16 2
51 176
1 6 2
263 466
1 7 2
270 611
1 5 2
7 789
1 7 2
442 464
1 9 2
560 581
1 10 2
300 765
1 3 2
369 686
1 16 2
31 514
1 17 2
165 295
1 16 2
94 446
1 11 2
261 721
1 10 2
7 141
1 13 2
461 770
1 15 2
17 679
1 6 2
167 535
1 9 2
661 773
1 15 2
473 744
1 14 2
501 633
1 9 2
373 487
1 9 2
10 531
1 14 2
39 288
1 12 2
433 601
1 5 2
265 278
1 8 2
312 637
1 15 2
158 202
1 9 2
290 569
1 7 2
252 765
1 18 2
28 261
1 19 2
177 524
1 13 2
494 632
1 12 2
46 292
1 13 2
204 660
1 13 2
295 735
1 10 2
111 424
1 12 2
181 480
1 9 2
106 483
1 4 2
393 686
1 10 2
55 427
1 19 2
327 643
1 8 2
709 746
1 9 2
311 404
1 12 2
442 689
1 16 2
433 748
1 10 2
149 669
1 8 2
34 376
1 16 2
653 726
1 17 2
561 576
1 14 2
714 741
1 13 2
231 594
1 12 2
384 387
1 15 2
65 414
1 2 2
401 490
1 13 2
147 718
1 10 2
704 720
1 6 2
330 395
1 13 2
493 714
1 8 2
262 794
1 8 2
207 672
1 15 2
210 516
1 6 2
721 769
1 4 2
101 710
1 16 2
128 135
1 4 2
311 349
1 17 2
526 670
1 16 2
572 726
1 11 2
149 650
1 11 2
292 633
1 10 2
281 756
1 16 2
12 638
1 17 2
51 386
1 4 2
662 798
1 7 2
578 618
1 7 2
393 577
1 5 2
581 700
1 11 2
273 713
1 17 2
468 695
1 7 2
245 380
1 13 2
295 673
1 11 2
193 687
1 16 2
18 553
1 16 2
137 494
1 10 2
136 564
1 11 2
364 501
1 13 2
216 300
1 10 2
127 201
1 10 2
560 612
1 10 2
106 308
1 8 2
209 224
1 8 2
169 426
1 13 2
575 722
1 7 2
136 784
1 10 2
352 773
1 17 2
375 494
1 8 2
242 757
1 15 2
19 507
1 7 2
233 266
1 9 2
116 624
1 8 2
330 431
1 6 2
235 699
1 17 2
470 669
1 18 2
173 575
1 12 2
147 278
1 9 2
337 732
1 17 2
82 107
1 10 2
204 388
1 10 2
57 742
1 11 2
320 585
1 7 2
361 712
1 4 2
72 688
1 15 2
147 668
1 4 2
132 451
1 12 2
673 683
1 19 2
231 382
1 10 2
25 529
1 6 2
241 622
1 12 2
154 502
1 12 2
269 277
1 17 2
19 609
1 9 2
284 679
1 10 2
24 115
1 10 2
253 626
1 13 2
145 481
1 18 2
433 488
1 13 2
455 677
1 8 2
542 745
1 5 2
374 397
1 3 2
0 316
1 11 2
345 426
1 5 2
614 747
1 18 2
283 290
1 14 2
470 744
1 9 2
154 373
1 10 2
7 526
1 5 2
359 794
1 18 2
384 643
1 11 2
258 354
1 7 2
48 588
1 16 2
158 723
1 10 2
364 475
1 6 2
507 699
1 12 2
379 653
1 5 2
125 780
1 6 2
58 703
1 12 2
738 755
1 8 2
223 514
1 13 2
231 620
1 8 2
23 383
1 13 2
279 649
1 16 2
81 117
1 13 2
407 517
1 12 2
652 789
1 6 2
549 597
1 7 2
585 712
1 15 2
314 698
1 9 2
509 518
1 13 2
264 370
1 10 2
280 475
1 8 2
124 214
1 8 2
194 384
1 10 2
195 572
1 8 2
16 623
1 10 2
488 796
1 11 2
170 507
1 8 2
322 452
1 11 2
162 419
1 14 2
264 779
1 8 2
359 653
1 13 2
1 625
1 12 2
67 417
1 19 2
164 434
1 9 2
61 398
1 12 2
489 693
1 6 2
304 615
1 16 2
156 737
1 7 2
361 367
1 12 2
85 438
1 14 2
433 719
1 8 2
346 653
1 10 2
95 729
1 5 2
334 356
1 12 2
288 388
1 5 2
392 579
1 6 2
353 757
1 7 2
579 785
1 18 2
528 761
1 8 2
195 489
1 12 2
54 181
1 6 2
123 630
1 2 2
257 710
1 7 2
401 650
1 10 2
50 473
1 9 2
189 330
1 12 2
560 627
1 4 2
182 490
1 7 2
111 599
1 10 2
264 362
1 16 2
347 404
1 7 2
66 567
1 4 2
754 771
1 15 2
421 550
1 12 2
17 67
1 4 2
326 709
1 11 2
383 615
1 7 2
385 492
1 12 2
215 622
1 7 2
38 510
1 4 2
471 586
1 7 2
755 771
1 12 2
121 135
1 7 2
35 344
1 6 2
175 579
1 5 2
196 704
1 13 2
211 526
1 9 2
532 627
1 12 2
53 496
1 4 2
85 508
1 6 2
71 358
1 13 2
118 576
1 14 2
496 522
1 7 2
196 510
1 20 2
203 523
1 20 2
402 768
1 9 2
155 175
1 9 2
18 63
1 11 2
258 615
1 18 2
92 660
1 12 2
327 713
1 6 2
469 498
1 10 2
41 584
1 10 2
121 425
1 6 2
8 36
1 8 2
91 358
1 10 2
307 773
1 10 2
6 557
1 19 2
382 386
1 6 2
114 637
1 11 2
546 601
1 8 2
560 568
1 14 2
158 564
1 14 2
74 588
1 9 2
421 571
1 17 2
376 760
1 9 2
404 469
1 18 2
176 384
1 16 2
386 647
1 15 2
96 518
1 13 2
1 253
1 8 2
8 325
1 5 2
713 781
1 7 2
544 681
1 5 2
351 431
1 19 2
30 487
1 12 2
289 376
1 13 2
19 713
1 7 2
191 658
1 16 2
524 732
1 3 2
657 788
1 7 2
49 530
1 15 2
137 689
1 9 2
84 668
1 6 2
194 744
1 16 2
455 476
1 9 2
83 444
1 7 2
102 737
1 11 2
489 618
1 10 2
41 419
1 9 2
560 578
1 15 2
249 778
1 11 2
403 475
1 9 2
192 300
1 2 2
188 378
1 5 2
389 655
1 4 2
511 666
1 3 2
9 90
1 18 2
127 547
1 16 2
222 488
1 17 2
454 635
1 7 2
89 499
1 10 2
93 271
1 16 2
165 635
1 11 2
245 478
1 14 2
253 690
1 10 2
216 276
1 14 2
199 423
1 8 2
322 777
1 6 2
182 247
1 4 2
247 733
1 9 2
528 754
1 2 2
219 676
1 12 2
347 383
1 11 2
98 162
1 4 2
359 742
1 15 2
79 669
1 11 2
96 389
1 9 2
507 716
1 9 2
157 793
1 11 2
270 672
1 12 2
714 796
1 14 2
4 504
1 7 2
218 743
1 11 2
18 387
1 10 2
17 189
1 4 2
64 212
1 15 2
136 728
1 12 2
488 543
1 10 2
216 252
1 13 2
377 521
1 11 2
222 400
1 16 2
215 282
1 14 2
489 706
1 8 2
149 152
1 13 2
55 561
1 16 2
375 470
1 12 2
425 515
1 8 2
278 415
1 15 2
577 760
1 18 2
153 232
1 17 2
570 736
1 13 2
561 580
1 4 2
221 747
1 5 2
53 132
1 8 2
337 412
1 19 2
423 473
1 18 2
433 660
1 9 2
116 555
1 6 2
14 579
1 2 2
266 566
1 5 2
184 406
1 8 2
779 794
1 14 2
203 730
1 8 2
6 409
1 5 2
133 191
1 12 2
485 547
1 16 2
103 320
1 7 2
296 377
1 11 2
127 204
1 5 2
172 405
1 11 2
594 793
1 7 2
48 341
1 12 2
6 358
1 6 2
84 799
1 9 2
300 307
1 18 2
203 513
1 16 2
16 596
1 4 2
3 324
1 11 2
31 762
1 8 2
49 777
1 7 2
609 641
1 8 2
112 426
1 4 2
189 194
1 14 2
384 507
1 13 2
67 208
1 8 2
4 485
1 9 2
85 763
1 6 2
78 308
1 20 2
173 504
1 10 2
348 407
1 10 2
264 291
1 11 2
233 348
1 10 2
10 612
1 10 2
255 737
1 10 2
363 650
1 13 2
67 268
1 11 2
224 354
1 9 2
84 433
1 9 2
152 464
1 7 2
134 219
1 8 2
485 785
1 13 2
572 580
1 9 2
14 413
1 2 2
272 331
1 12 2
476 667
1 8 2
532 549
1 13 2
177 334
1 11 2
695 704
1 8 2
126 514
1 14 2
122 740
1 9 2
145 610
1 12 2
587 722
1 6 2
302 538
1 11 2
478 678
1 9 2
766 773
1 10 2
698 712
1 8 2
638 764
1 9 2
215 259
1 8 2
404 490
1 9 2
61 208
1 7 2
317 338
1 17 2
668 682
1 6 2
167 315
1 7 2
235 310
1 15 2
558 765
1 5 2
198 430
1 4 2
50 651
1 13 2
345 404
1 15 2
438 546
1 11 2
212 268
1 18 2
438 724
1 5 2
428 788
1 13 2
233 332
1 7 2
78 372
1 6 2
280 319
1 2 2
68 316
1 17 2
246 339
1 13 2
154 597
1 13 2
295 755
1 7 2
41 457
1 10 2
111 632
1 16 2
65 690
1 11 2
96 779
1 17 2
339 652
1 10 2
413 442
1 6 2
517 711
1 4 2
60 200
1 12 2
55 514
1 12 2
446 571
1 19 2
162 470
1 16 2
137 694
1 4 2
781 786
1 13 2
411 494
1 9 2
211 217
1 13 2
174 355
1 12 2
585 706
1 16 2
384 668
1 11 2
297 547
1 12 2
76 647
1 11 2
115 744
1 7 2
421 710
1 9 2
182 763
1 8 2
532 676
1 5 2
66 646
1 11 2
306 517
1 16 2
117 264
1 4 2
549 645
1 12 2
341 602
1 18 2
609 778
1 15 2
406 714
1 6 2
315 383
1 9 2
372 708
1 18 2
458 575
1 12 2
254 608
1 15 2
210 735
1 14 2
518 719
1 15 2
512 664
1 8 2
317 586
1 6 2
159 376
1 7 2
23 171
1 5 2
50 424
1 9 2
296 751
1 7 2
72 214
1 13 2
260 413
1 11 2
77 178
1 13 2
75 746
1 10 2
515 614
1 8 2
63 403
1 17 2
476 609
1 11 2
621 660
1 15 2
289 473
1 19 2
480 487
1 4 2
309 549
1 12 2
477 660
1 15 2
80 226
1 15 2
541 760
1 9 2
289 645
1 7 2
442 585
1 17 2
203 698
1 6 2
26 613
1 7 2
115 319
1 14 2
146 444
1 7 2
83 452
1 8 2
79 795
1 15 2
177 478
1 7 2
90 191
1 15 2
147 761
1 17 2
210 772
1 6 2
307 395
1 9 2
382 581
1 14 2
216 394
1 16 2
232 793
1 9 2
239 298
1 11 2
25 673
1 13 2
510 736
1 8 2
685 716
1 6 2
377 599
1 7 2
258 459
1 7 2
144 532
1 7 2
411 775
1 20 2
12 186
1 9 2
74 448
1 9 2
214 744
1 10 2
517 629
1 11 2
248 413
1 9 2
6 465
1 7 2
77 365
1 13 2
317 520
1 8 2
343 453
1 8 2
608 711
1 14 2
498 524
1 5 2
47 416
1 5 2
52 239
1 11 2
352 517
1 4 2
486 789
1 6 2
543 731
1 11 2
376 756
1 13 2
217 513
1 5 2
125 345
1 8 2
626 700
1 11 2
481 708
1 6 2
391 491
1 8 2
53 400
1 12 2
226 334
1 12 2
195 643
1 12 2
117 749
1 14 2
293 760
1 11 2
416 532
1 9 2
180 739
1 9 2
399 465
1 16 2
532 739
1 10 2
212 376
1 5 2
229 762
1 6 2
326 381
1 7 2
138 507
1 10 2
177 353
1 14 2
25 547
1 17 2
79 162
1 19 2
268 524
1 13 2
504 769
1 12 2
458 556
1 8 2
522 559
1 9 2
64 588
1 12 2
553 798
1 16 2
226 313
1 6 2
199 535
1 4 2
242 275
1 11 2
141 370
1 14 2
258 454
1 9 2
328 366
1 7 2
144 458
1 8 2
62 283
1 16 2
447 463
1 13 2
210 708
1 13 2
221 768
1 4 2
207 622
1 15 2
1 382
1 9 2
132 650
1 10 2
20 558
1 11 2
696 728
1 4 2
343 777
1 4 2
195 198
1 12 2
417 792
1 9 2
316 575
1 7 2
253 606
1 16 2
596 685
1 4 2
98 593
1 3 2
13 263
1 5 2
337 367
1 12 2
458 573
1 10 2
99 258
1 10 2
321 570
1 7 2
96 324
1 5 2
157 594
1 8 2
594 757
1 12 2
300 669
1 11 2
116 349
1 8 2
543 637
1 12 2
695 757
1 13 2
478 518
1 18 2
135 441
1 13 2
76 210
1 9 2
576 624
1 12 2
94 260
1 11 2
248 614
1 12 2
1 77
1 8 2
276 683
1 12 2
57 744
1 12 2
167 727
1 11 2
309 694
1 13 2
103 619
1 6 2
198 214
1 7 2
105 799
1 11 2
58 96
1 9 2
230 585
1 6 2
179 355
1 8 2
185 192
1 6 2
21 106
1 7 2
194 557
1 15 2
281 560
1 9 2
245 573
1 6 2
555 611
1 15 2
625 659
1 8 2
328 646
1 7 2
511 601
1 8 2
80 356
1 5 2
255 315
1 6 2
551 745
1 5 2
651 704
1 10 2
173 252
1 10 2
123 421
1 16 2
388 695
1 9 2
184 234
1 12 2
231 544
1 12 2
209 669
1 2 2
301 435
1 6 2
394 555
1 7 2
94 710
1 8 2
557 602
1 7 2
64 137
1 11 2
557 667
1 11 2
40 80
1 14 2
269 576
1 13 2
458 646
1 5 2
345 396
1 8 2
145 256
1 14 2
75 690
1 18 2
261 267
1 15 2
441 520
1 12 2
176 298
1 10 2
58 156
1 9 2
192 430
1 17 2
434 718
1 12 2
171 772
1 8 2
111 692
1 13 2
146 230
1 5 2
287 721
1 9 2
154 374
1 9 2
231 380
1 18 2
264 572
1 14 2
222 376
1 15 2
41 635
1 9 2
225 775
1 6 2
195 220
1 10 2
143 404
1 10 2
239 242
1 4 2
61 138
1 10 2
258 484
1 11 2
158 771
1 12 2
233 322
1 6 2
118 479
1 9 2
364 614
1 6 2
322 367
1 8 2
167 477
1 6 2
316 769
1 18 2
290 520
1 13 2
307 470
1 3 2
101 395
1 8 2
595 670
1 7 2
94 357
1 17 2
51 694
1 5 2
123 368
1 7 2
307 391
1 10 2
210 771
1 13 2
79 278
1 3 2
640 699
1 6 2
642 693
1 3 2
161 238
1 3 2
356 435
1 14 2
215 732
1 5 2
285 483
1 12 2
756 761
1 4 2
90 276
1 4 2
309 616
1 5 2
131 412
1 11 2
329 446
1 11 2
534 748
1 10 2
292 619
1 20 2
203 231
1 3 2
435 634
1 19 2
290 726
1 10 2
183 364
1 7 2
72 466
1 10 2
248 377
1 15 2
452 560
1 19 2
542 778
1 11 2
354 492
1 13 2
290 646
1 13 2
16 763
1 15 2
417 751
1 8 2
377 506
1 7 2
475 631
1 10 2
95 560
1 5 2
190 351
1 13 2
123 215
1 10 2
236 674
1 12 2
239 763
1 10 2
554 629
1 13 2
80 529
1 6 2
38 340
1 14 2
146 414
1 11 2
422 648
1 5 2
459 651
1 12 2
397 436
1 17 2
233 522
1 11 2
547 607
1 13 2
107 167
1 8 2
490 575
1 13 2
176 629
1 19 2
560 720
1 14 2
12 139
1 8 2
184 461
1 5 2
126 185
1 5 2
6 250
1 15 2
306 760
1 5 2
360 750
1 13 2
136 417
1 7 2
413 607
1 16 2
267 339
1 20 2
523 760
1 16 2
375 778
1 17 2
558 761
1 6 2
9 375
1 14 2
239 690
1 12 2
400 748
1 11 2
370 748
1 9 2
175 732
1 6 2
138 556
1 15 2
281 473
1 9 2
371 413
1 9 2
381 426
1 15 2
230 512
1 14 2
398 561
1 16 2
347 672
1 11 2
332 649
1 11 2
313 573
1 10 2
574 799
1 14 2
80 735
1 13 2
42 690
1 4 2
437 699
1 10 2
589 727
1 6 2
420 527
1 15 2
16 386
1 15 2
137 164
1 13 2
81 121
1 5 2
2 53
1 12 2
279 629
1 7 2
202 631
1 13 2
27 386
1 3 2
213 385
1 8 2
55 451
1 14 2
290 442
1 11 2
687 776
1 6 2
37 572
1 9 2
154 721
1 2 2
87 639
1 6 2
22 522
1 19 2
135 165
1 8 2
137 680
1 7 2
340 571
1 16 2
521 625
1 9 2
358 362
1 9 2
129 419
1 15 2
379 558
1 9 2
320 655
1 16 2
407 570
1 17 2
689 778
1 11 2
230 475
1 10 2
434 612
1 8 2
72 205
1 13 2
136 320
1 6 2
403 486
1 10 2
237 528
1 8 2
201 322
1 9 2
211 430
1 17 2
404 513
1 15 2
65 737
1 15 2
152 487
1 18 2
128 487
1 15 2
28 478
1 4 2
132 565
1 5 2
505 585
1 5 2
63 630
1 15 2
79 542
1 5 2
759 777
1 12 2
174 794
1 19 2
268 504
1 14 2
203 556
1 6 2
6 764
1 12 2
260 619
1 15 2
202 439
1 8 2
187 405
1 9 2
134 237
1 8 2
374 751
1 9 2
63 546
1 10 2
306 603
1 5 2
20 585
1 6 2
377 471
1 18 2
660 727
1 16 2
434 687
1 6 2
35 330
1 10 2
129 775
1 8 2
78 137
1 9 2
295 697
1 11 2
29 105
1 8 2
119 279
1 7 2
505 741
1 5 2
161 297
1 19 2
468 487
1 10 2
84 480
1 9 2
166 666
1 8 2
635 710
1 15 2
512 723
1 11 2
208 730
1 9 2
206 415
1 10 2
177 381
1 9 2
113 625
1 8 2
555 669
1 11 2
241 724
1 15 2
448 536
1 6 2
666 673
1 11 2
229 672
1 15 2
216 615
1 13 2
25 528
1 13 2
134 167
1 13 2
42 151
1 10 2
284 547
1 9 2
361 693
1 7 2
185 370
1 14 2
575 773
1 5 2
498 628
1 11 2
407 794
1 6 2
280 787
1 13 2
514 518
1 15 2
127 433
1 4 2
508 563
1 6 2
123 385
1 16 2
174 313
1 18 2
295 473
1 8 2
247 719
1 12 2
70 582
1 13 2
282 517
1 11 2
12 613
1 12 2
427 633
1 8 2
110 499
1 10 2
476 691
1 15 2
439 744
1 11 2
493 587
1 19 2
19 512
1 3 2
241 606
1 16 2
208 522
1 8 2
405 775
1 12 2
31 185
1 17 2
295 608
1 11 2
376 462
1 7 2
156 343
1 9 2
193 661
1 8 2
314 733
1 19 2
488 596
1 9 2
199 387
1 11 2
77 307
1 9 2
465 708
1 9 2
153 725
1 10 2
32 134
1 18 2
231 582
1 6 2
64 777
1 10 2
576 697
1 4 2
351 599
1 9 2
394 674
1 16 2
576 635
1 16 2
376 504
1 10 2
590 671
1 4 2
63 606
1 13 2
664 739
1 20 2
186 232
1 7 2
614 671
1 13 2
19 171
1 10 2
468 610
1 9 2
106 196
1 13 2
572 755
1 3 2
69 584
1 12 2
229 341
1 7 2
47 110
1 12 2
253 280
1 10 2
46 228
1 8 2
104 358
1 10 2
106 741
1 10 2
175 718
1 7 2
41 132
1 12 2
156 437
1 7 2
515 759
1 16 2
75 654
1 13 2
594 682
1 12 2
8 463
1 8 2
706 759
1 8 2
171 788
1 5 2
464 731
1 11 2
186 381
1 8 2
44 456
1 9 2
330 645
1 7 2
371 437
1 8 2
244 644
1 10 2
152 603
1 16 2
81 751
1 15 2
653 689
1 18 2
166 575
1 5 2
284 466
1 16 2
51 333
1 8 2
152 348
1 13 2
570 705
1 9 2
452 785
1 12 2
561 792
1 10 2
329 512
1 17 2
239 553
1 18 2
30 504
1 10 2
121 206
1 8 2
195 206
1 7 2
355 743
1 16 2
10 376
1 9 2
247 562
1 5 2
412 634
1 11 2
289 407
1 11 2
333 796
1 14 2
206 444
1 19 2
231 558
1 4 2
326 356
1 16 2
376 706
1 17 2
28 513
1 13 2
107 611
1 9 2
338 417
1 9 2
597 701
1 2 2
410 593
1 8 2
553 790
1 10 2
201 635
1 10 2
249 741
1 2 2
48 256
1 15 2
80 282
1 12 2
670 780
1 6 2
291 406
1 5 2
316 335
1 10 2
135 754
1 15 2
79 746
1 15 2
421 748
1 12 2
342 603
1 5 2
35 345
1 9 2
44 705
1 3 2
64 410
1 17 2
433 706
1 7 2
144 386
1 9 2
518 671
1 4 2
555 710
1 6 2
60 247
1 15 2
42 107
1 12 2
271 652
1 20 2
103 402
1 13 2
611 679
1 10 2
360 436
1 3 2
104 745
1 10 2
245 649
1 16 2
103 659
1 9 2
293 622
1 14 2
706 767
1 11 2
379 507
1 6 2
86 442
1 10 2
223 679
1 15 2
205 342
1 8 2
487 675
1 7 2
459 719
1 5 2
195 788
1 5 2
159 383
1 9 2
88 618
1 10 2
550 796
1 10 2
184 453
1 12 2
518 611
1 14 2
174 574
1 17 2
522 582
1 8 2
229 377
1 12 2
128 355
1 7 2
33 384
1 10 2
284 682
1 9 2
511 751
1 7 2
25 335
1 15 2
12 288
1 11 2
164 585
1 14 2
382 603
1 5 2
680 786
1 19 2
116 512
1 10 2
426 466
1 18 2
575 609
1 5 2
0 603
1 11 2
74 664
1 6 2
573 710
1 3 2
2 552
1 6 2
389 585
1 11 2
528 789
1 10 2
278 280
1 4 2
101 380
1 14 2
221 560
1 6 2
22 354
1 9 2
3 288
1 11 2
367 441
1 13 2
295 557
1 15 2
151 727
1 12 2
281 333
1 13 2
1 417
1 15 2
10 117
1 13 2
453 661
1 11 2
269 577
1 12 2
239 407
1 9 2
601 735
1 6 2
171 393
1 12 2
154 443
1 10 2
415 698
1 16 2
234 737
1 7 2
410 609
1 16 2
732 778
1 4 2
486 491
1 16 2
103 532
1 18 2
165 273
1 12 2
245 580
1 15 2
468 677
1 13 2
232 465
1 11 2
527 561
1 4 2
86 373
1 7 2
11 365
1 12 2
96 448
1 7 2
105 483
1 16 2
429 609
1 8 2
196 557
1 4 2
91 549
1 8 2
562 607
1 10 2
493 501
1 16 2
481 706
1 18 2
480 609
1 17 2
523 718
1 5 2
703 710
1 6 2
372 486
1 11 2
361 772
1 9 2
249 629
1 11 2
30 701
1 11 2
334 514
1 2 2
531 663
1 13 2
40 203
1 15 2
537 650
1 13 2
18 719
1 7 2
530 589
1 11 2
75 667
1 14 2
517 740
1 10 2
112 575
1 12 2
185 720
1 8 2
29 640
1 3 2
285 508
1 5 2
274 400
1 10 2
70 283
1 10 2
513 786
1 6 2
48 546
1 9 2
595 706
1 9 2
62 216
1 4 2
212 549
1 13 2
601 654
1 5 2
640 798
1 5 2
214 599
1 15 2
173 205
1 10 2
30 285
1 15 2
379 643
1 7 2
775 780
1 9 2
452 646
1 12 2
548 637
1 12 2
279 456
1 3 2
593 634
1 8 2
190 618
1 13 2
421 718
1 3 2
48 91
1 15 2
106 454
1 17 2
429 760
1 11 2
431 668
1 8 2
120 303
1 7 2
196 292
1 11 2
571 706
1 11 2
209 461
1 10 2
376 563
1 18 2
587 660
1 11 2
458 483
1 6 2
319 366
1 17 2
129 327
1 10 2
46 584
1 14 2
235 496
1 12 2
175 636
1 6 2
11 48
1 18 2
553 653
1 6 2
284 649
1 10 2
49 96
1 13 2
233 456
1 14 2
222 375
1 15 2
17 354
1 6 2
722 762
1 18 2
468 523
1 5 2
628 646
1 18 2
153 494
1 12 2
625 767
1 14 2
669 755
1 11 2
312 625
1 19 2
327 453
1 10 2
128 621
1 2 2
163 357
1 5 2
42 102
1 14 2
290 303
1 7 2
335 646
1 4 2
109 460
1 16 2
320 547
1 7 2
89 511
1 6 2
55 119
1 6 2
86 192
1 13 2
96 597
1 13 2
674 728
1 16 2
108 672
1 5 2
511 552
1 12 2
487 799
1 10 2
221 354
1 9 2
12 395
1 17 2
92 582
1 10 2
66 609
1 6 2
356 690
1 7 2
693 784
1 15 2
372 523
1 11 2
521 571
1 10 2
314 602
1 6 2
72 637
1 11 2
106 312
1 13 2
93 744
1 20 2
536 575
1 5 2
44 533
1 13 2
473 483
1 15 2
426 793
1 15 2
127 174
1 8 2
486 695
1 14 2
99 720
1 13 2
29 248
1 16 2
30 562
1 9 2
595 739
1 19 2
261 446
1 17 2
51 542
1 8 2
268 781
1 5 2
114 762
1 15 2
115 162
1 13 2
618 732
1 17 2
158 468
1 9 2
387 527
1 11 2
317 437
1 5 2
221 503
1 11 2
186 505
1 11 2
38 92
1 12 2
214 433
1 12 2
518 597
1 4 2
649 753
1 8 2
87 313
1 17 2
470 609
1 12 2
53 748
1 14 2
174 403
1 8 2
83 577
1 8 2
269 589
1 19 2
234 261
1 3 2
52 626
1 6 2
61 292
1 12 2
214 267
1 14 2
162 667
1 10 2
473 764
1 6 2
3 321
1 13 2
749 793
1 17 2
234 561
1 16 2
736 738
1 10 2
80 241
1 10 2
82 658
1 15 2
39 669
1 15 2
65 407
1 20 2
609 643
1 17 2
153 706
1 8 2
523 662
1 15 2
417 740
1 5 2
227 245
1 8 2
448 530
1 8 2
181 527
1 11 2
273 780
1 6 2
337 511
1 12 2
209 548
1 4 2
66 435
1 5 2
284 405
1 13 2
542 792
1 10 2
417 424
1 8 2
234 410
1 11 2
347 529
1 8 2
72 167
1 15 2
404 715
1 6 2
91 730
1 5 2
159 352
1 11 2
147 280
1 14 2
51 248
1 7 2
370 622
1 17 2
560 625
1 10 2
749 785
1 19 2
135 166
1 10 2
161 653
1 6 2
201 460
1 9 2
210 680
1 7 2
4 697
1 6 2
363 785
1 9 2
255 317
1 12 2
318 580
1 7 2
291 375
1 9 2
126 347
1 13 2
334 689
1 16 2
625 706
1 9 2
208 612
1 9 2
107 482
1 13 2
146 749
1 13 2
729 741
1 17 2
116 481
1 11 2
130 547
1 16 2
77 186
1 11 2
115 557
1 17 2
96 438
1 12 2
412 423
1 17 2
496 553
1 9 2
448 644
1 11 2
217 618
1 8 2
369 470
1 11 2
236 318
1 8 2
443 632
1 6 2
600 792
1 13 2
458 674
1 15 2
41 698
1 3 2
301 474
1 11 2
185 513
1 9 2
678 766
1 15 2
339 522
1 15 2
16 672
1 14 2
295 463
1 13 2
468 756
1 16 2
233 520
1 3 2
198 503
1 14 2
4 656
1 8 2
61 235
1 7 2
331 444
1 10 2
103 348
1 8 2
54 486
1 14 2
28 792
1 10 2
260 563
1 13 2
235 619
1 10 2
679 704
1 12 2
235 452
1 12 2
526 573
1 14 2
217 542
1 10 2
588 716
1 13 2
728 769
1 15 2
42 203
1 9 2
9 402
1 19 2
290 470
1 10 2
120 537
1 13 2
128 604
1 11 2
565 772
1 15 2
92 670
1 16 2
659 748
1 9 2
186 628
1 15 2
496 572
1 15 2
659 739
1 7 2
455 639
1 12 2
210 766
1 15 2
230 590
1 6 2
319 498
1 15 2
458 718
1 8 2
475 495
1 12 2
54 798
1 14 2
224 524
1 5 2
620 784
1 11 2
214 226
1 13 2
468 614
1 6 2
108 401
1 9 2
147 742
1 4 2
564 598
1 4 2
36 361
1 4 2
247 545
1 11 2
601 659
1 19 2
233 768
1 10 2
204 649
1 13 2
608 794
1 7 2
510 632
1 12 2
7 524
1 8 2
152 255
1 10 2
573 659
1 7 2
17 418
1 7 2
255 769
1 9 2
451 737
1 13 2
146 507
1 10 2
90 433
1 15 2
151 604
1 13 2
24 494
1 6 2
131 629
1 17 2
333 656
1 15 2
145 587
1 10 2
24 230
1 8 2
279 490
1 3 2
361 753
1 18 2
151 542
1 7 2
208 238
1 9 2
534 746
1 4 2
369 645
1 13 2
41 557
1 15 2
501 689
1 15 2
382 564
1 14 2
372 590
1 4 2
369 424
1 11 2
39 448
1 13 2
232 700
1 10 2
59 461
1 7 2
405 620
1 10 2
178 619
1 8 2
196 352
1 15 2
81 597
1 10 2
400 770
1 17 2
29 439
1 9 2
222 579
1 15 2
146 746
1 5 2
242 642
1 15 2
687 768
1 14 2
417 723
1 13 2
147 205
1 11 2
154 409
1 10 2
181 317
1 20 2
186 547
1 17 2
41 231
1 3 2
323 623
1 4 2
782 794
1 7 2
647 781
1 18 2
636 729
1 13 2
220 458
1 5 2
170 200
1 10 2
99 765
1 18 2
183 524
1 10 2
152 345
1 14 2
10 123
1 5 2
338 583
1 13 2
27 158
1 11 2
128 400
1 14 2
18 222
1 8 2
84 245
1 7 2
128 227
1 11 2
293 746
1 9 2
38 719
1 11 2
697 760
1 14 2
79 522
1 10 2
350 643
1 13 2
267 403
1 11 2
229 441
1 9 2
294 528
1 14 2
494 611
1 9 2
74 645
1 19 2
65 162
1 10 2
478 775
1 14 2
202 761
1 12 2
18 517
1 14 2
141 690
1 7 2
196 601
1 20 2
264 487
1 6 2
197 370
1 17 2
461 768
1 10 2
491 737
1 10 2
128 573
1 14 2
248 386
1 20 2
28 81
1 8 2
300 424
1 11 2
185 532
1 12 2
128 258
1 10 2
171 225
1 15 2
467 575
1 13 2
77 463
1 5 2
182 630
1 8 2
517 627
1 12 2
594 772
1 11 2
141 584
1 6 2
271 658
1 8 2
145 188
1 12 2
337 548
1 14 2
492 720
1 9 2
8 621
1 5 2
247 459
1 16 2
41 210
1 13 2
8 127
1 17 2
54 177
1 13 2
18 755
1 14 2
122 222
1 15 2
55 654
1 13 2
60 636
1 12 2
300 470
1 10 2
481 543
1 12 2
103 601
1 9 2
481 655
1 17 2
146 382
1 15 2
417 496
1 5 2
59 270
1 9 2
217 708
1 7 2
641 682
1 8 2
172 761
1 6 2
340 583
1 11 2
434 621
1 17 2
158 174
1 9 2
96 112
1 17 2
41 695
1 8 2
193 601
1 11 2
208 484
1 13 2
234 510
1 11 2
14 689
1 5 2
230 310
1 12 2
543 653
1 6 2
585 648
1 10 2
307 564
1 12 2
183 580
1 10 2
41 697
1 14 2
96 379
1 7 2
189 241
1 17 2
154 528
1 7 2
94 624
1 17 2
215 261
1 10 2
45 129
1 15 2
75 453
1 9 2
254 517
1 12 2
106 426
1 16 2
307 547
1 5 2
411 691
1 8 2
133 660
1 10 2
341 535
1 11 2
625 779
1 13 2
404 412
1 16 2
546 636
1 13 2
249 677
1 12 2
233 534
1 16 2
679 793
1 8 2
245 381
1 7 2
327 566
1 16 2
177 625
1 7 2
227 261
1 14 2
152 558
1 7 2
90 345
1 12 2
57 430
1 9 2
268 469
1 14 2
554 558
1 11 2
150 151
1 17 2
513 590
1 9 2
232 605
1 15 2
253 738
1 9 2
101 478
1 13 2
27 654
1 8 2
235 256
1 12 2
705 718
1 9 2
127 415
1 6 2
287 348
1 10 2
70 421
1 18 2
116 575
1 9 2
548 733
1 11 2
26 235
1 15 2
39 444
1 6 2
299 309
1 10 2
377 383
1 4 2
592 771
1 17 2
513 694
1 10 2
215 796
1 9 2
244 295
1 7 2
32 225
1 8 2
89 187
1 12 2
246 485
1 9 2
498 749
1 11 2
17 667
1 13 2
6 588
1 17 2
134 253
1 14 2
150 487
1 13 2
463 732
1 11 2
475 713
1 18 2
81 146
1 9 2
94 775
1 8 2
492 585
1 10 2
79 783
1 9 2
151 287
1 8 2
120 464
1 3 2
296 797
1 9 2
405 735
1 20 2
643 660
1 7 2
507 610
1 13 2
39 426
1 11 2
271 476
1 5 2
510 709
1 12 2
183 614
1 11 2
551 673
1 7 2
285 515
1 15 2
313 339
1 5 2
45 190
1 6 2
288 500
1 14 2
53 186
1 12 2
220 277
1 11 2
16 123
1 16 2
176 183
1 9 2
275 382
1 13 2
74 103
1 6 2
484 569
1 15 2
355 652
1 16 2
30 481
1 16 2
39 793
1 16 2
162 687
1 14 2
406 558
1 12 2
403 496
1 14 2
216 224
1 9 2
358 771
1 6 2
271 791
1 8 2
16 692
1 10 2
93 530
1 9 2
400 773
1 13 2
218 423
1 15 2
186 735
1 7 2
627 775
1 15 2
258 643
1 11 2
10 95
1 5 2
104 420
1 9 2
141 688
1 4 2
25 97
1 8 2
116 356
1 13 2
414 746
1 18 2
80 636
1 6 2
304 683
1 12 2
224 339
1 20 2
454 729
1 7 2
66 537
1 10 2
204 475
1 8 2
34 421
1 20 2
65 536
1 9 2
455 721
1 9 2
454 531
1 7 2
287 744
1 17 2
453 561
1 11 2
151 432
1 8 2
360 386
1 18 2
79 596
1 12 2
153 794
1 15 2
16 268
1 7 2
109 614
1 11 2
81 552
1 9 2
318 645
1 10 2
376 506
1 14 2
267 615
1 15 2
402 421
1 7 2
90 785
1 5 2
325 579
1 9 2
82 552
1 8 2
124 785
1 11 2
16 464
1 8 2
124 289
1 11 2
140 501
1 10 2
215 584
1 6 2
577 600
1 6 2
245 745
1 6 2
472 559
1 9 2
213 268
1 17 2
174 253
1 6 2
746 790
1 12 2
205 245
1 13 2
475 737
1 11 2
466 772
1 5 2
498 569
1 8 2
589 667
1 19 2
80 778
1 11 2
229 458
1 18 2
141 656
1 19 2
156 166
1 10 2
694 733
1 9 2
431 532
1 16 2
232 273
1 13 2
151 543
1 15 2
267 737
1 17 2
344 682
1 14 2
249 729
1 12 2
279 667
1 19 2
382 650
1 7 2
6 613
1 15 2
30 407
1 15 2
320 653
1 11 2
293 354
1 11 2
79 224
1 12 2
318 407
1 13 2
76 82
1 9 2
307 627
1 15 2
42 542
1 14 2
224 672
1 8 2
42 392
1 10 2
67 355
1 10 2
520 671
1 13 2
543 550
1 12 2
364 650
1 11 2
117 318
1 10 2
106 502
1 13 2
564 682
1 9 2
0 135
1 7 2
483 780
1 8 2
174 666
1 12 2
325 382
1 12 2
166 556
1 7 2
525 604
1 11 2
128 345
1 10 2
63 248
1 15 2
668 687
1 6 2
541 691
1 19 2
103 165
1 4 2
0 703
1 5 2
47 502
1 8 2
296 478
1 10 2
404 721
1 12 2
14 453
1 12 2
268 437
1 11 2
332 414
1 18 2
513 523
1 18 2
550 714
1 18 2
423 447
1 13 2
455 635
1 9 2
355 387
1 10 2
23 679
1 19 2
264 609
1 11 2
67 110
1 9 2
44 205
1 7 2
225 353
1 5 2
113 168
1 10 2
382 630
1 5 2
493 535
1 12 2
398 601
1 10 2
164 349
1 11 2
202 399
1 12 2
165 655
1 15 2
504 690
1 11 2
206 452
1 13 2
283 638
1 19 2
162 446
1 14 2
186 730
1 11 2
145 483
1 14 2
327 567
1 10 2
182 441
1 8 2
4 484
1 6 2
101 212
1 8 2
385 551
1 9 2
371 515
1 8 2
222 555
1 11 2
77 498
1 17 2
253 608
1 5 2
1 401
1 8 2
142 558
1 6 2
370 771
1 6 2
413 639
1 11 2
234 602
1 6 2
119 638
1 10 2
96 796
1 16 2
176 772
1 10 2
85 693
1 6 2
335 799
1 6 2
213 687
1 8 2
525 726
1 12 2
387 572
1 7 2
60 185
1 12 2
329 434
1 6 2
98 627
1 17 2
81 282
1 11 2
83 264
1 7 2
287 394
1 12 2
372 407
1 14 2
154 537
1 11 2
330 399
1 8 2
264 657
1 11 2
192 317
1 6 2
555 756
1 11 2
10 350
1 16 2
330 650
1 11 2
715 776
1 20 2
12 210
1 12 2
453 585
1 13 2
10 563
1 9 2
172 793
1 8 2
447 606
1 10 2
215 499
1 8 2
471 718
1 7 2
168 170
1 12 2
226 554
1 18 2
96 480
1 10 2
527 755
1 9 2
259 746
1 8 2
319 520
1 10 2
3 318
1 10 2
127 779
1 13 2
437 694
1 18 2
28 441
1 17 2
46 439
1 10 2
45 384
1 3 2
97 284
1 14 2
42 528
1 6 2
705 795
1 10 2
218 412
1 10 2
8 632
1 6 2
631 765
1 8 2
148 386
1 8 2
474 580
1 11 2
467 492
1 4 2
311 335
1 14 2
152 422
1 20 2
512 524
1 16 2
222 470
1 14 2
111 417
1 9 2
683 789
1 4 2
132 364
1 14 2
136 339
1 4 2
21 796
1 15 2
165 770
1 19 2
216 728
1 13 2
344 465
1 14 2
54 700
1 18 2
327 439
1 9 2
193 220
1 14 2
421 468
1 8 2
230 389
1 17 2
547 690
1 13 2
81 220
1 16 2
141 728
1 20 2
166 234
1 12 2
515 557
1 6 2
243 330
1 7 2
232 663
1 11 2
556 659
1 19 2
82 652
1 13 2
317 330
1 5 2
2 117
1 15 2
344 574
1 8 2
268 666
1 10 2
83 454
1 6 2
69 151
1 11 2
187 342
1 8 2
75 276
1 10 2
217 242
1 6 2
537 623
1 9 2
205 483
1 7 2
437 583
1 15 2
202 672
1 14 2
111 156
1 9 2
345 611
1 6 2
8 266
1 9 2
309 354
1 19 2
154 203
1 7 2
4 390
1 7 2
492 505
1 6 2
254 703
1 6 2
198 734
1 19 2
548 590
1 7 2
415 734
1 14 2
77 283
1 18 2
141 453
1 8 2
615 696
1 11 2
273 527
1 10 2
444 757
1 10 2
714 762
1 12 2
295 619
1 10 2
7 422
1 8 2
600 746
1 14 2
156 492
1 8 2
277 711
1 10 2
209 664
1 13 2
375 732
1 7 2
44 798
1 12 2
93 383
1 8 2
116 457
1 8 2
211 474
1 10 2
318 337
1 8 2
187 506
1 6 2
240 690
1 10 2
126 162
1 11 2
465 763
1 15 2
93 141
1 10 2
358 451
1 11 2
215 221
1 6 2
161 651
1 15 2
225 436
1 14 2
147 417
1 11 2
289 388
1 12 2
456 480
1 9 2
388 502
1 15 2
444 659
1 11 2
40 103
1 5 2
53 368
1 15 2
537 576
1 12 2
342 744
1 9 2
60 673
1 9 2
17 707
1 12 2
28 791
1 9 2
386 658
1 10 2
462 465
1 8 2
178 716
1 10 2
151 681
1 8 2
392 638
1 7 2
516 545
1 8 2
112 183
1 10 2
423 499
1 9 2
108 175
1 12 2
589 643
1 11 2
421 557
1 6 2
291 667
1 14 2
278 494
1 13 2
455 618
1 5 2
300 503
1 14 2
158 452
1 4 2
73 393
1 10 2
91 729
1 7 2
584 646
1 7 2
30 257
1 10 2
570 626
1 15 2
246 678
1 9 2
137 607
1 11 2
389 736
1 6 2
399 552
1 7 2
307 783
1 15 2
339 455
1 19 2
404 487
1 11 2
155 751
1 11 2
498 740
1 9 2
724 754
1 4 2
184 721
1 6 2
291 465
1 8 2
470 709
1 12 2
108 751
1 17 2
141 714
1 10 2
387 664
1 9 2
111 511
1 10 2
212 320
1 6 2
140 774
1 14 2
103 281
1 17 2
638 714
1 8 2
178 405
1 10 2
223 333
1 3 2
90 369
1 14 2
334 570
1 9 2
158 600
1 11 2
245 312
1 17 2
80 526
1 10 2
14 145
1 8 2
49 269
1 10 2
720 762
1 11 2
114 672
1 8 2
256 572
1 13 2
177 557
1 10 2
755 766
1 17 2
461 608
1 16 2
494 718
1 9 2
452 779
1 12 2
278 562
1 16 2
314 512
1 11 2
28 658
1 5 2
252 627
1 16 2
434 638
1 10 2
50 654
1 12 2
268 769
1 16 2
183 609
1 6 2
225 237
1 19 2
19 436
1 14 2
609 765
1 3 2
5 302
1 16 2
404 793
1 17 2
526 570
1 12 2
145 366
1 11 2
345 587
1 20 2
729 768
1 14 2
232 673
1 9 2
324 608
1 8 2
319 723
1 12 2
455 614
1 12 2
154 201
1 18 2
656 768
1 17 2
576 739
1 14 2
65 199
1 4 2
101 316
1 8 2
4 185
1 16 2
107 717
1 6 2
466 651
1 11 2
210 584
1 8 2
342 479
1 13 2
75 106
1 14 2
609 755
1 10 2
32 51
1 4 2
449 491
1 13 2
423 794
1 7 2
442 485
1 17 2
80 134
1 11 2
470 703
1 10 2
17 59
1 12 2
647 713
1 7 2
53 495
1 13 2
580 668
1 5 2
742 764
1 16 2
233 793
1 10 2
411 425
1 11 2
18 24
1 11 2
114 643
1 11 2
11 312
1 10 2
314 411
1 16 2
520 694
1 12 2
234 322
1 12 2
27 93
1 14 2
202 513
1 13 2
106 633
1 16 2
516 728
1 7 2
205 471
1 16 2
575 698
1 9 2
187 236
1 16 2
434 537
1 11 2
27 727
1 7 2
331 522
1 13 2
521 644
1 9 2
77 791
1 15 2
165 218
1 9 2
13 82
1 5 2
294 783
1 14 2
28 120
1 19 2
31 636
1 8 2
499 765
1 11 2
192 738
1 9 2
712 776
1 8 2
351 574
1 7 2
365 425
1 15 2
107 388
1 9 2
360 654
1 13 2
242 682
1 7 2
406 538
1 13 2
515 659
1 8 2
342 642
1 11 2
90 695
1 7 2
178 791
1 8 2
534 744
1 14 2
261 755
1 11 2
429 485
1 13 2
678 694
1 17 2
480 682
1 9 2
87 166
1 4 2
195 479
1 7 2
4 789
1 12 2
518 554
1 5 2
35 269
1 14 2
18 429
1 19 2
542 682
1 18 2
548 609
1 11 2
318 406
1 5 2
499 703
1 9 2
126 426
1 13 2
248 295
1 12 2
580 659
1 20 2
402 434
1 9 2
229 383
1 14 2
644 694
1 10 2
236 306
1 9 2
448 564
1 12 2
218 444
1 17 2
625 720
1 7 2
549 690
1 9 2
3 604
1 14 2
122 683
1 18 2
232 636
1 13 2
414 737
1 9 2
244 693
1 13 2
283 517
1 9 2
317 370
1 7 2
367 406
1 16 2
342 669
1 14 2
96 749
1 8 2
45 152
1 13 2
326 473
1 7 2
77 460
1 14 2
308 654
1 14 2
216 225
1 11 2
441 701
1 12 2
424 504
1 5 2
418 507
1 17 2
54 793
1 7 2
8 743
1 19 2
609 652
1 5 2
256 620
1 15 2
206 542
1 14 2
473 619
1 11 2
146 406
1 14 2
25 453
1 8 2
58 673
1 6 2
195 775
1 7 2
308 477
1 15 2
546 739
1 8 2
328 409
1 14 2
203 427
1 11 2
225 372
1 5 2
541 725
1 14 2
558 741
1 15 2
41 183
1 12 2
27 283
1 10 2
109 694
1 14 2
92 137
1 12 2
140 625
1 9 2
45 137
1 14 2
572 751
1 15 2
515 588
1 17 2
590 635
1 10 2
544 577
1 17 2
146 528
1 4 2
35 712
1 14 2
347 444
1 10 2
49 75
1 6 2
292 617
1 17 2
19 668
1 14 2
46 507
1 6 2
49 58
1 12 2
205 611
1 11 2
398 696
1 3 2
198 699
1 10 2
24 497
1 7 2
309 667
1 11 2
347 456
1 6 2
212 703
1 19 2
480 553
1 6 2
534 771
1 5 2
605 730
1 16 2
79 670
1 9 2
1 326
1 11 2
700 767
1 6 2
52 683
1 9 2
55 303
1 4 2
364 616
1 12 2
529 587
1 10 2
507 544
1 10 2
536 600
1 14 2
277 554
1 7 2
466 601
1 5 2
474 733
1 17 2
501 760
1 8 2
152 579
1 5 2
43 416
1 18 2
636 672
1 14 2
162 178
1 19 2
473 682
1 9 2
312 452
1 12 2
27 277
1 9 2
176 350
1 18 2
333 402
1 9 2
724 774
1 5 2
238 543
1 7 2
371 611
1 8 2
300 602
1 16 2
670 698
1 6 2
104 236
1 9 2
82 397
1 10 2
184 652
1 9 2
90 737
1 12 2
536 757
1 13 2
512 730
1 7 2
171 742
1 5 2
119 289
1 3 2
688 784
1 13 2
466 714
1 16 2
93 548
1 8 2
248 640
1 7 2
137 745
1 11 2
280 344
1 10 2
529 577
1 14 2
186 387
1 8 2
326 379
1 10 2
363 447
1 6 2
0 507
1 13 2
416 588
1 10 2
103 126
1 10 2
13 81
1 7 2
39 503
1 9 2
312 541
1 3 2
284 519
1 11 2
94 355
1 9 2
25 629
1 16 2
516 526
1 5 2
443 691
1 8 2
532 634
1 10 2
289 577
1 11 2
496 700
1 11 2
506 669
1 5 2
224 616
1 13 2
289 625
1 15 2
231 515
1 9 2
245 792
1 8 2
98 281
1 12 2
156 622
1 13 2
99 670
1 5 2
459 613
1 18 2
81 679
1 20 2
473 536
1 15 2
155 590
1 15 2
208 347
1 15 2
339 407
1 12 2
526 780
1 18 2
423 768
1 7 2
167 390
1 9 2
491 516
1 7 2
258 791
1 5 2
40 586
1 6 2
272 407
1 10 2
183 798
1 6 2
377 754
1 10 2
381 512
1 19 2
135 778
1 16 2
454 551
1 2 2
435 665
1 7 2
66 334
1 10 2
183 701
1 11 2
398 466
1 12 2
89 268
1 16 2
173 532
1 9 2
387 673
1 14 2
31 293
1 7 2
113 328
1 10 2
49 746
1 10 2
731 736
1 10 2
57 109
1 6 2
133 137
1 11 2
567 770
1 7 2
303 750
1 10 2
201 522
1 7 2
221 493
1 10 2
511 609
1 12 2
176 543
1 12 2
318 332
1 9 2
603 741
1 13 2
638 659
1 15 2
129 737
1 6 2
503 683
1 19 2
422 728
1 12 2
38 526
1 10 2
147 601
1 8 2
116 369
1 8 2
493 734
1 12 2
203 229
1 10 2
4 674
1 13 2
527 656
1 12 2
81 703
1 8 2
248 325
1 9 2
21 736
1 7 2
568 669
1 7 2
190 567
1 8 2
527 556
1 13 2
6 609
1 7 2
87 513
1 17 2
134 173
1 11 2
258 421
1 13 2
230 235
1 16 2
282 550
1 11 2
41 72
1 11 2
717 734
1 11 2
82 348
1 6 2
45 701
1 15 2
145 739
1 8 2
427 622
1 8 2
347 787
1 11 2
164 348
1 16 2
295 453
1 18 2
216 679
1 7 2
244 345
1 17 2
79 526
1 16 2
384 793
1 8 2
345 510
1 10 2
255 481
1 11 2
427 507
1 8 2
739 784
1 3 2
630 665
1 13 2
135 637
1 7 2
321 345
1 16 2
75 560
1 16 2
273 550
1 8 2
445 729
1 10 2
499 558
1 6 2
379 519
1 15 2
153 719
1 9 2
332 462
1 8 2
44 775
1 4 2
182 600
1 11 2
341 485
1 19 2
504 714
1 13 2
236 679
1 8 2
298 738
1 15 2
81 139
1 17 2
342 512
1 12 2
292 384
1 16 2
92 468
1 6 2
245 624
1 5 2
53 642
1 10 2
255 718
1 9 2
131 512
1 12 2
120 679
1 12 2
92 567
1 15 2
278 714
1 10 2
49 635
1 5 2
27 408
1 14 2
51 554
1 4 2
21 442
1 6 2
541 600
1 7 2
653 676
1 12 2
40 158
1 6 2
243 572
1 18 2
57 81
1 9 2
741 779
1 8 2
41 360
1 9 2
233 688
1 7 2
384 440
1 8 2
227 536
1 6 2
351 583
1 11 2
584 720
1 6 2
73 206
1 8 2
248 362
1 15 2
162 734
1 10 2
625 632
1 9 2
122 143
1 13 2
376 618
1 12 2
226 597
1 4 2
196 440
1 7 2
592 737
1 9 2
140 773
1 16 2
12 737
1 8 2
396 724
1 12 2
82 611
1 10 2
38 717
1 12 2
388 413
1 16 2
46 670
1 9 2
139 730
1 3 2
299 684
1 8 2
1 563
1 11 2
216 389
1 16 2
103 518
1 7 2
356 740
1 4 2
49 539
1 2 2
251 662
1 4 2
329 380
1 18 2
156 261
1 12 2
528 620
1 11 2
577 744
1 17 2
141 590
1 7 2
126 619
1 10 2
446 743
1 9 2
46 237
1 5 2
508 685
1 17 2
434 514
1 19 2
165 724
1 13 2
1 17
1 15 2
403 672
1 7 2
349 792
1 10 2
564 749
1 14 2
383 487
1 10 2
55 123
1 9 2
216 350
1 15 2
532 572
1 11 2
18 646
1 9 2
29 783
1 6 2
490 718
1 7 2
358 368
1 12 2
282 307
1 8 2
304 404
1 15 2
116 518
1 17 2
488 520
1 10 2
16 280
1 5 2
64 366
1 12 2
366 404
1 8 2
148 375
1 19 2
386 487
1 10 2
596 784
1 18 2
141 706
1 7 2
24 109
1 12 2
46 140
1 18 2
504 668
1 6 2
716 788
1 14 2
202 386
1 5 2
498 535
1 9 2
167 220
1 12 2
668 701
1 15 2
117 582
1 11 2
18 303
1 6 2
214 256
1 10 2
463 506
1 5 2
195 259
1 6 2
237 456
1 10 2
127 424
1 12 2
124 728
1 7 2
59 170
1 19 2
528 582
1 11 2
366 429
1 5 2
409 639
1 11 2
646 670
1 11 2
65 212
1 10 2
140 635
1 9 2
40 226
1 11 2
385 402
1 10 2
26 429
1 10 2
89 618
1 11 2
204 384
1 9 2
122 538
1 17 2
30 740
1 9 2
148 154
1 9 2
336 590
1 4 2
310 556
1 8 2
123 632
1 12 2
690 767
1 7 2
2 19
1 15 2
429 521
1 7 2
258 762
1 13 2
327 619
1 9 2
181 673
1 15 2
290 317
1 13 2
633 719
1 10 2
427 705
1 12 2
183 217
1 14 2
164 497
1 19 2
12 761
1 13 2
447 498
1 14 2
140 162
1 9 2
25 484
1 11 2
400 518
1 5 2
225 408
1 12 2
320 332
1 14 2
289 327
1 6 2
27 160
1 10 2
397 670
1 9 2
493 577
1 12 2
264 477
1 4 2
362 671
1 9 2
305 473
1 16 2
54 444
1 17 2
512 520
1 13 2
447 502
1 12 2
122 702
1 7 2
52 468
1 16 2
30 683
1 11 2
582 658
1 12 2
110 388
1 8 2
633 709
1 14 2
167 476
1 12 2
232 394
1 17 2
588 748
1 14 2
683 746
1 13 2
25 553
1 8 2
75 291
1 8 2
187 713
1 10 2
64 523
1 16 2
216 717
1 9 2
706 731
1 3 2
91 569
1 11 2
28 130
1 13 2
1 226
1 8 2
258 627
1 10 2
74 644
1 10 2
552 608
1 11 2
92 220
1 7 2
344 445
1 18 2
166 656
1 8 2
294 398
1 10 2
560 569
1 17 2
494 647
1 12 2
152 746
1 9 2
534 567
1 12 2
537 693
1 10 2
208 297
1 10 2
557 773
1 13 2
29 751
1 16 2
496 760
1 4 2
5 175
1 12 2
292 715
1 12 2
54 345
1 9 2
670 784
1 8 2
295 359
1 12 2
543 609
1 12 2
273 352
1 10 2
74 211
1 18 2
436 727
1 15 2
541 660
1 11 2
277 713
1 17 2
165 698
1 8 2
44 564
1 6 2
586 775
1 11 2
307 514
1 12 2
156 209
1 11 2
576 783
1 8 2
4 394
1 5 2
15 67
1 8 2
39 725
1 4 2
88 774
1 8 2
600 679
1 10 2
309 433
1 8 2
152 329
1 3 2
707 747
1 12 2
88 588
1 5 2
50 627
1 11 2
610 726
1 11 2
134 201
1 5 2
118 754
1 12 2
12 509
1 11 2
173 671
1 12 2
89 668
1 7 2
20 230
1 11 2
151 254
1 17 2
39 576
1 10 2
161 235
1 8 2
330 586
1 14 2
407 718
1 17 2
683 695
1 4 2
586 591
1 14 2
465 590
1 11 2
454 703
1 8 2
595 718
1 4 2
360 612
1 15 2
136 590
1 5 2
288 699
1 8 2
211 785
1 13 2
208 705
1 12 2
414 537
1 10 2
174 640
1 11 2
11 649
1 9 2
160 441
1 18 2
135 279
1 15 2
10 685
1 5 2
531 543
1 16 2
134 174
1 7 2
0 206
1 17 2
177 542
1 6 2
367 477
1 12 2
26 447
1 16 2
30 717
1 14 2
82 633
1 8 2
39 244
1 14 2
186 236
1 9 2
346 504
1 17 2
547 719
1 12 2
202 693
1 8 2
342 357
1 11 2
11 502
1 7 2
448 703
1 16 2
111 695
1 17 2
215 542
1 15 2
273 333
1 13 2
216 377
1 10 2
167 567
1 11 2
190 736
1 5 2
555 637
1 8 2
171 750
1 8 2
136 791
1 5 2
32 704
1 17 2
17 19
1 17 2
650 715
1 10 2
438 651
1 18 2
488 654
1 19 2
290 689
1 4 2
353 745
1 5 2
118 294
1 12 2
405 729
1 10 2
528 612
1 4 2
606 701
1 8 2
280 713
1 11 2
158 696
1 7 2
121 556
1 10 2
210 743
1 8 2
81 163
1 5 2
71 638
1 6 2
364 381
1 6 2
109 181
1 17 2
417 575
1 5 2
205 238
1 9 2
85 489
1 13 2
551 751
1 12 2
170 216
1 15 2
334 446
1 13 2
174 193
1 13 2
99 417
1 10 2
465 777
1 4 2
415 781
1 17 2
458 726
1 18 2
166 279
1 14 2
201 652
1 10 2
355 399
1 18 2
203 468
1 7 2
372 479
1 4 2
335 357
1 9 2
224 400
1 8 2
336 670
1 8 2
254 448
1 10 2
496 646
1 17 2
79 760
1 8 2
225 585
1 11 2
171 295
1 10 2
232 621
1 9 2
174 336
1 8 2
354 612
1 16 2
127 458
1 4 2
390 531
1 7 2
232 243
1 18 2
542 560
1 10 2
384 721
1 7 2
88 563
1 5 2
307 568
1 4 2
462 641
1 9 2
292 452
1 13 2
488 597
1 20 2
135 439
1 13 2
464 672
1 19 2
154 523
1 9 2
456 777
1 15 2
572 668
1 3 2
606 671
1 9 2
517 620
1 8 2
116 665
1 11 2
367 720
1 16 2
320 453
1 10 2
230 442
1 13 2
107 293
1 8 2
228 498
1 10 2
671 706
1 6 2
456 688
1 10 2
58 282
1 5 2
32 109
1 8 2
576 639
1 14 2
313 717
1 10 2
442 687
1 11 2
44 532
1 6 2
86 611
1 10 2
93 367
1 12 2
76 386
1 7 2
248 316
1 4 2
486 648
1 9 2
330 474
1 13 2
618 715
1 12 2
28 405
1 17 2
222 447
1 14 2
11 128
1 12 2
563 695
1 16 2
313 417
1 15 2
596 649
1 4 2
132 189
1 11 2
326 588
1 14 2
379 438
1 6 2
178 291
1 13 2
554 587
1 13 2
582 585
1 9 2
569 647
1 14 2
558 722
1 14 2
242 264
1 5 2
86 302
1 18 2
588 729
1 8 2
112 388
1 11 2
270 778
1 11 2
532 730
1 15 2
1 588
1 14 2
67 402
1 10 2
374 695
1 5 2
383 531
1 14 2
41 717
1 17 2
342 636
1 17 2
608 746
1 13 2
6 65
1 15 2
501 647
1 7 2
708 789
1 14 2
89 652
1 13 2
230 461
1 6 2
143 187
1 16 2
116 635
1 18 2
590 748
1 10 2
322 354
1 13 2
434 534
1 9 2
493 719
1 11 2
214 235
1 17 2
234 587
1 10 2
204 507
1 8 2
26 307
1 11 2
434 610
1 14 2
429 516
1 8 2
21 694
1 9 2
39 316
1 3 2
508 704
1 15 2
12 738
1 4 2
363 391
1 16 2
518 636
1 7 2
681 794
1 12 2
155 429
1 5 2
33 320
1 20 2
216 434
1 7 2
566 728
1 17 2
344 748
1 10 2
278 442
1 8 2
714 758
1 11 2
358 544
1 9 2
67 89
1 7 2
126 332
1 13 2
214 446
1 16 2
467 656
1 17 2
80 476
1 15 2
137 608
1 5 2
169 201
1 18 2
526 576
1 7 2
724 782
1 18 2
107 233
1 4 2
241 482
1 3 2
395 607
1 10 2
1 307
1 18 2
79 494
1 9 2
145 743
1 11 2
209 793
1 12 2
269 575
1 15 2
215 763
1 18 2
561 590
1 9 2
168 248
1 8 2
549 550
1 10 2
111 394
1 15 2
421 590
1 9 2
141 743
1 13 2
258 653
1 12 2
182 553
1 4 2
477 624
1 5 2
20 474
1 5 2
746 758
1 15 2
54 517
1 6 2
105 630
1 14 2
306 447
1 9 2
693 750
1 8 2
587 591
1 11 2
635 645
1 18 2
476 528
1 17 2
232 398
1 13 2
96 352
1 12 2
25 417
1 11 2
530 647
1 14 2
344 497
1 9 2
245 506
1 13 2
154 171
1 10 2
271 551
1 12 2
521 722
1 10 2
19 721
1 20 2
720 760
1 12 2
416 670
1 10 2
59 127
1 3 2
21 692
1 11 2
476 712
1 16 2
107 698
1 11 2
386 585
1 9 2
594 649
1 17 2
375 524
1 15 2
521 574
1 8 2
426 617
1 7 2
681 775
1 17 2
116 670
1 12 2
65 442
1 7 2
180 413
1 10 2
19 321
1 5 2
399 663
1 14 2
146 520
1 9 2
215 302
1 18 2
444 660
1 18 2
208 728
1 12 2
99 108
1 10 2
186 762
1 14 2
507 761
1 13 2
307 542
1 18 2
177 528
1 11 2
443 638
1 12 2
537 562
1 8 2
562 754
1 10 2
387 732
1 10 2
392 429
1 15 2
81 217
1 15 2
268 375
1 8 2
347 428
1 11 2
667 717
1 12 2
171 417
1 14 2
536 777
1 19 2
504 553
1 14 2
444 481
1 8 2
278 474
1 12 2
141 466
1 10 2
195 668
1 15 2
134 715
1 9 2
297 683
1 12 2
96 214
1 8 2
77 91
1 18 2
382 706
1 12 2
455 749
1 8 2
89 462
1 10 2
186 237
1 15 2
473 603
1 10 2
253 789
1 13 2
430 480
1 13 2
46 633
1 12 2
129 399
1 15 2
650 685
1 8 2
74 302
1 7 2
108 709
1 7 2
225 743
1 11 2
39 556
1 10 2
317 798
1 5 2
503 734
1 7 2
326 742
1 3 2
471 482
1 14 2
253 693
1 5 2
229 349
1 5 2
70 469
1 3 2
353 566
1 17 2
164 404
1 14 2
137 532
1 13 2
232 601
1 8 2
379 589
1 10 2
103 583
1 12 2
403 507
1 4 2
286 620
1 11 2
352 715
1 9 2
199 289
1 11 2
406 719
1 17 2
79 487
1 17 2
183 434
1 10 2
431 793
1 8 2
242 409
1 13 2
185 558
1 10 2
126 164
1 8 2
107 568
1 14 2
140 512
1 5 2
119 798
1 10 2
223 587
1 7 2
306 771
1 6 2
56 145
1 6 2
435 577
1 12 2
135 431
1 14 2
205 429
1 14 2
588 611
1 9 2
72 772
1 15 2
421 695
1 11 2
210 477
1 13 2
464 560
1 8 2
390 551
1 14 2
186 785
1 17 2
714 718
1 20 2
233 714
1 6 2
321 584
1 12 2
206 383
1 10 2
216 294
1 10 2
333 648
1 7 2
719 764
1 9 2
497 713
1 20 2
382 536
1 17 2
548 772
1 8 2
246 759
1 17 2
173 268
1 8 2
416 794
1 9 2
246 360
1 10 2
77 493
1 6 2
293 691
1 8 2
195 649
1 12 2
246 466
1 4 2
241 545
1 7 2
479 537
1 10 2
393 608
1 4 2
370 675
1 10 2
181 507
1 11 2
135 196
1 7 2
299 713
1 15 2
446 767
1 8 2
55 259
1 10 2
139 242
1 16 2
57 417
1 10 2
394 516
1 13 2
364 660
1 10 2
77 645
1 10 2
67 347
1 9 2
173 500
1 16 2
635 706
1 11 2
353 650
1 13 2
264 730
1 5 2
374 415
1 15 2
690 761
1 12 2
12 229
1 15 2
295 441
1 17 2
147 436
1 14 2
564 652
1 12 2
278 318
1 18 2
279 736
1 6 2
414 539
1 17 2
129 695
1 10 2
468 499
1 15 2
115 650
1 19 2
158 660
1 8 2
185 209
1 3 2
349 408
1 14 2
609 732
1 11 2
165 252
1 4 2
60 752
1 7 2
51 616
1 9 2
226 464
1 12 2
174 798
1 14 2
233 537
1 12 2
218 669
1 5 2
22 167
1 17 2
177 232
1 12 2
273 372
1 9 2
204 597
1 8 2
127 247
1 14 2
206 687
1 7 2
440 441
1 19 2
158 652
1 8 2
132 669
1 11 2
90 422
1 11 2
327 348
1 7 2
513 624
1 9 2
419 694
1 15 2
614 660
1 16 2
608 683
1 5 2
325 499
1 7 2
0 332
1 14 2
186 269
1 7 2
69 135
1 13 2
332 542
1 3 2
284 759
1 10 2
108 563
1 12 2
54 416
1 8 2
40 205
1 12 2
162 788
1 10 2
178 211
1 5 2
274 464
1 8 2
15 547
1 19 2
447 528
1 7 2
83 308
1 6 2
286 376
1 12 2
491 760
1 13 2
110 330
1 5 2
6 545
1 5 2
187 338
1 9 2
353 513
1 13 2
413 679
1 19 2
290 668
1 7 2
289 707
1 7 2
347 359
1 10 2
72 128
1 12 2
79 155
1 6 2
353 415
1 17 2
231 679
1 17 2
277 458
1 3 2
219 493
1 17 2
129 166
1 14 2
399 660
1 18 2
81 727
1 14 2
514 689
1 18 2
162 574
1 10 2
468 697
1 4 2
316 485
1 11 2
147 307
1 11 2
436 610
1 8 2
143 372
1 6 2
613 789
1 11 2
351 668
1 12 2
189 778
1 7 2
157 330
1 15 2
444 518
1 9 2
63 751
1 12 2
174 601
1 4 2
44 606
1 19 2
10 441
1 9 2
191 667
1 11 2
488 534
1 9 2
150 705
1 12 2
288 314
1 15 2
282 748
1 10 2
580 779
1 14 2
448 524
1 7 2
178 586
1 17 2
670 760
1 13 2
129 249
1 6 2
114 602
1 6 2
227 669
1 4 2
221 272
1 13 2
409 760
1 16 2
488 727
1 7 2
182 573
1 10 2
231 631
1 18 2
210 261
1 17 2
246 342
1 11 2
466 669
1 7 2
126 442
1 8 2
57 623
1 8 2
580 627
1 15 2
51 513
1 16 2
429 726
1 13 2
79 352
1 14 2
307 341
1 9 2
44 383
1 7 2
492 630
1 16 2
215 423
1 15 2
327 693
1 8 2
602 693
1 5 2
367 703
1 12 2
629 739
1 7 2
85 185
1 7 2
185 491
1 8 2
683 697
1 15 2
203 603
1 12 2
206 497
1 9 2
134 471
1 7 2
100 433
1 16 2
16 65
1 8 2
120 502
1 18 2
135 582
1 11 2
577 687
1 9 2
263 518
1 7 2
339 675
1 10 2
96 263
1 18 2
54 582
1 7 2
78 597
1 16 2
575 670
1 12 2
382 671
1 9 2
79 789
1 11 2
575 757
1 8 2
293 364
1 6 2
5 664
1 14 2
117 134
1 10 2
528 552
1 8 2
148 719
1 10 2
106 191
1 7 2
523 747
1 11 2
579 736
1 7 2
336 718
1 14 2
520 719
1 9 2
288 730
1 15 2
226 636
1 16 2
79 724
1 8 2
7 577
1 18 2
153 279
1 11 2
261 309
1 13 2
57 306
1 18 2
81 233
1 13 2
4 439
1 14 2
115 166
1 14 2
242 643
1 14 2
306 768
1 8 2
11 559
1 17 2
186 260
1 8 2
55 796
1 15 2
386 727
1 11 2
23 453
1 12 2
267 661
1 8 2
508 596
1 18 2
342 609
1 17 2
233 677
1 11 2
383 719
1 6 2
304 735
1 7 2
312 367
1 4 2
48 411
1 16 2
28 522
1 13 2
258 314
1 10 2
322 689
1 7 2
391 529
1 10 2
230 678
1 17 2
107 141
1 17 2
65 156
1 4 2
32 316
1 8 2
283 284
1 6 2
102 683
1 12 2
8 515
1 12 2
269 587
1 18 2
10 282
1 13 2
636 773
1 10 2
574 777
1 8 2
59 155
1 11 2
388 597
1 5 2
278 545
1 15 2
173 248
1 8 2
589 615
1 9 2
129 340
1 3 2
716 753
1 13 2
433 448
1 16 2
261 507
1 7 2
478 579
1 8 2
496 599
1 14 2
713 760
1 9 2
80 172
1 4 2
338 579
1 14 2
12 722
1 15 2
80 574
1 18 2
268 528
1 4 2
144 303
1 2 2
100 634
1 13 2
386 492
1 10 2
340 647
1 9 2
16 299
1 4 2
60 163
1 15 2
31 205
1 16 2
455 536
1 14 2
376 425
1 14 2
183 226
1 7 2
259 638
1 10 2
203 707
1 10 2
186 709
1 4 2
272 511
1 19 2
231 458
1 8 2
185 394
1 7 2
443 789
1 9 2
314 385
1 9 2
527 644
1 6 2
25 263
1 7 2
118 254
1 8 2
247 763
1 5 2
35 427
1 7 2
693 754
1 18 2
107 542
1 9 2
429 586
1 10 2
412 685
1 15 2
414 728
1 12 2
107 556
1 16 2
19 333
1 5 2
391 789
1 10 2
77 502
1 14 2
75 208
1 15 2
216 749
1 9 2
601 603
1 12 2
379 478
1 12 2
280 433
1 8 2
241 437
1 8 2
437 750
1 8 2
355 681
1 10 2
39 565
1 13 2
209 558
1 8 2
0 314
1 6 2
743 776
1 5 2
493 617
1 17 2
151 176
1 18 2
216 656
1 14 2
128 746
1 15 2
110 473
1 11 2
575 585
1 8 2
242 411
1 5 2
373 658
1 10 2
154 579
1 19 2
51 165
1 8 2
515 721
1 6 2
688 756
1 14 2
461 496
1 13 2
82 492
1 9 2
512 795
1 8 2
444 731
1 9 2
302 653
1 14 2
193 524
1 10 2
280 718
1 9 2
138 234
1 9 2
198 488
1 13 2
544 656
1 11 2
573 740
1 12 2
167 283
1 11 2
93 443
1 11 2
24 333
1 5 2
559 622
1 8 2
404 691
1 11 2
403 463
1 3 2
616 710
1 8 2
80 549
1 4 2
204 396
1 6 2
187 710
1 7 2
375 500
1 8 2
226 691
1 16 2
689 718
1 10 2
209 738
1 9 2
221 517
1 5 2
345 699
1 6 2
535 597
1 14 2
339 554
1 10 2
83 650
1 14 2
123 560
1 14 2
554 608
1 4 2
72 336
1 11 2
80 474
1 15 2
526 683
1 5 2
184 211
1 15 2
379 728
1 14 2
652 661
1 10 2
177 648
1 17 2
402 698
1 9 2
483 638
1 14 2
476 693
1 14 2
116 700
1 9 2
673 796
1 11 2
507 741
1 10 2
3 260
1 8 2
306 601
1 5 2
179 370
1 11 2
24 177
1 10 2
386 696
1 14 2
46 414
1 7 2
429 631
1 3 2
40 240
1 19 2
596 694
1 9 2
522 621
1 7 2
600 773
1 5 2
198 322
1 11 2
210 309
1 5 2
130 538
1 9 2
435 476
1 13 2
280 494
1 13 2
158 541
1 8 2
505 738
1 7 2
424 750
1 12 2
38 679
1 12 2
372 414
1 4 2
58 369
1 5 2
455 752
1 12 2
197 656
1 5 2
181 642
1 13 2
282 597
1 11 2
562 741
1 7 2
270 777
1 5 2
340 505
1 6 2
32 637
1 18 2
473 520
1 6 2
40 464
1 10 2
111 741
1 9 2
136 394
1 16 2
333 417
1 16 2
226 736
1 12 2
661 772
1 10 2
105 475
1 13 2
339 732
1 4 2
247 357
1 9 2
364 763
1 9 2
232 357
1 5 2
72 586
1 14 2
402 667
1 13 2
320 746
1 10 2
140 580
1 9 2
596 634
1 7 2
478 630
1 4 2
361 457
1 14 2
17 746
1 10 2
399 738
1 6 2
227 732
1 10 2
633 637
1 11 2
143 480
1 11 2
341 589
1 11 2
51 204
1 10 2
580 741
1 17 2
436 518
1 8 2
150 300
1 16 2
554 714
1 8 2
680 693
1 4 2
195 628
1 4 2
359 565
1 12 2
355 717
1 10 2
75 530
1 12 2
475 723
1 9 2
429 783
1 11 2
306 515
1 17 2
174 512
1 8 2
582 753
1 15 2
339 429
1 16 2
205 582
1 7 2
20 481
1 15 2
208 433
1 5 2
356 437
1 17 2
233 720
1 9 2
475 584
1 12 2
232 280
1 20 2
65 487
1 11 2
757 793
1 10 2
67 619
1 14 2
106 210
1 10 2
717 750
1 12 2
423 510
1 10 2
239 366
1 7 2
55 365
1 15 2
42 162
1 7 2
121 734
1 13 2
421 587
1 10 2
543 763
1 9 2
630 694
1 12 2
171 468
1 7 2
526 540
1 10 2
382 631
1 7 2
219 433
1 13 2
12 645
1 15 2
558 577
1 11 2
366 683
1 10 2
697 720
1 10 2
205 491
1 7 2
293 789
1 10 2
258 649
1 10 2
527 715
1 9 2
131 487
1 3 2
471 581
1 12 2
3 433
1 6 2
280 617
1 6 2
331 347
1 12 2
155 314
1 7 2
450 541
1 13 2
382 464
1 7 2
34 269
1 6 2
346 744
1 7 2
18 450
1 12 2
655 714
1 8 2
133 153
1 11 2
153 651
1 10 2
111 409
1 20 2
203 778
1 9 2
180 588
1 18 2
643 690
1 16 2
164 425
1 12 2
14 268
1 15 2
202 570
1 10 2
638 722
1 13 2
12 483
1 8 2
437 594
1 5 2
477 499
1 15 2
174 718
1 11 2
42 567
1 8 2
300 462
1 3 2
157 605
1 7 2
102 480
1 8 2
417 666
1 7 2
594 716
1 7 2
518 628
1 11 2
246 791
1 15 2
551 650
1 11 2
26 268
1 8 2
138 520
1 4 2
170 301
1 9 2
81 666
1 20 2
608 672
1 9 2
189 546
1 6 2
139 346
1 8 2
657 778
1 2 2
5 163
1 17 2
643 653
1 8 2
263 767
1 15 2
74 447
1 16 2
480 572
1 9 2
353 793
1 3 2
184 639
1 13 2
245 677
1 7 2
222 490
1 17 2
232 342
1 12 2
303 438
1 19 2
453 523
1 8 2
98 334
1 12 2
150 480
1 4 2
40 125
1 13 2
53 327
1 15 2
245 558
1 12 2
25 46
1 18 2
81 793
1 10 2
17 415
1 13 2
122 738
1 9 2
295 707
1 19 2
608 650
1 19 2
558 660
1 3 2
568 605
1 14 2
12 597
1 18 2
636 726
1 5 2
124 733
1 9 2
330 415
1 7 2
238 736
1 6 2
95 567
1 12 2
182 558
1 8 2
81 378
1 13 2
147 496
1 13 2
218 590
1 12 2
477 643
1 16 2
398 694
1 8 2
79 555
1 5 2
53 369
1 10 2
454 704
1 5 2
40 252
1 15 2
295 461
1 16 2
147 582
1 10 2
557 603
1 6 2
612 614
1 15 2
231 388
1 3 2
13 188
1 16 2
344 429
1 5 2
26 180
1 6 2
61 281
1 11 2
580 685
1 3 2
33 583
1 18 2
12 39
1 8 2
209 722
1 8 2
270 690
1 4 2
201 418
1 17 2
277 438
1 6 2
71 127
1 8 2
384 745
1 7 2
26 622
1 8 2
511 722
1 17 2
156 232
1 10 2
193 218
1 6 2
240 618
1 6 2
175 584
1 8 2
18 294
1 4 2
43 390
1 9 2
701 767
1 10 2
295 337
1 11 2
121 208
1 17 2
80 253
1 15 2
108 656
1 13 2
103 430
1 10 2
358 648
1 18 2
141 173
1 12 2
109 487
1 11 2
344 411
1 20 2
231 660
1 14 2
542 577
1 8 2
137 743
1 15 2
127 358
1 10 2
131 434
1 5 2
125 199
1 10 2
261 509
1 16 2
342 423
1 10 2
62 524
1 12 2
25 429
1 6 2
394 707
1 7 2
411 703
1 7 2
170 329
1 8 2
307 534
1 10 2
134 367
1 4 2
9 645
1 14 2
537 548
1 11 2
282 708
1 15 2
520 562
1 14 2
344 770
1 8 2
521 666
1 8 2
139 584
1 5 2
35 409
1 18 2
128 524
1 6 2
73 456
1 15 2
496 724
1 11 2
162 367
1 14 2
288 470
1 16 2
433 575
1 13 2
140 636
1 12 2
653 702
1 13 2
348 523
1 8 2
551 630
1 11 2
176 563
1 12 2
128 629
1 6 2
471 776
1 18 2
107 134
1 13 2
394 548
1 18 2
203 417
1 10 2
425 622
1 9 2
349 575
1 13 2
558 780
1 11 2
421 529
1 12 2
165 223
1 9 2
413 510
1 7 2
78 224
1 12 2
405 672
1 17 2
156 267
1 9 2
236 601
1 12 2
434 696
1 17 2
521 570
1 10 2
206 214
1 18 2
524 679
1 11 2
193 732
1 14 2
75 587
1 8 2
678 783
1 5 2
583 681
1 6 2
463 500
1 17 2
107 609
1 8 2
194 609
1 6 2
125 226
1 14 2
99 327
1 14 2
17 111
1 13 2
199 327
1 7 2
238 706
1 9 2
13 714
1 11 2
247 582
1 8 2
421 538
1 12 2
63 724
1 16 2
222 277
1 14 2
693 698
1 15 2
590 749
1 13 2
348 714
1 12 2
99 515
1 3 2
71 322
1 9 2
180 694
1 7 2
427 658
1 16 2
28 467
1 19 2
570 672
1 11 2
146 416
1 7 2
311 561
1 15 2
669 763
1 15 2
313 425
1 14 2
524 734
1 10 2
31 319
1 6 2
259 430
1 4 2
182 764
1 19 2
162 164
1 12 2
99 354
1 9 2
567 601
1 4 2
86 631
1 3 2
148 519
1 7 2
450 465
1 9 2
615 632
1 10 2
187 516
1 17 2
570 647
1 12 2
67 177
1 7 2
423 616
1 10 2
129 651
1 7 2
104 330
1 5 2
483 495
1 13 2
203 573
1 14 2
295 501
1 11 2
303 732
1 15 2
264 465
1 18 2
402 575
1 20 2
216 553
1 5 2
281 686
1 9 2
45 763
1 10 2
6 29
1 10 2
180 344
1 13 2
405 714
1 11 2
678 687
1 15 2
127 137
1 8 2
138 429
1 12 2
580 615
1 5 2
401 551
1 13 2
178 726
1 13 2
258 570
1 19 2
10 453
1 12 2
306 698
1 4 2
275 462
1 12 2
134 611
1 8 2
230 681
1 13 2
682 705
1 10 2
326 727
1 10 2
161 737
1 13 2
26 760
1 8 2
428 685
1 8 2
321 426
1 10 2
151 788
1 10 2
155 619
1 7 2
155 621
1 6 2
403 549
1 17 2
277 609
1 16 2
108 342
1 9 2
117 345
1 6 2
281 555
1 2 2
133 691
1 11 2
488 585
1 11 2
175 748
1 7 2
715 774
1 5 2
440 543
1 12 2
46 741
1 8 2
115 415
1 7 2
263 755
1 10 2
17 573
1 12 2
309 553
1 8 2
356 470
1 8 2
185 529
1 5 2
579 742
1 13 2
416 652
1 18 2
151 778
1 16 2
279 653
1 9 2
236 620
1 8 2
72 567
1 15 2
514 654
1 17 2
572 609
1 5 2
91 485
1 12 2
281 683
1 7 2
708 716
1 11 2
155 723
1 8 2
29 605
1 8 2
103 754
1 9 2
376 703
1 5 2
149 477
1 7 2
389 502
1 4 2
416 568
1 13 2
403 518
1 16 2
164 333
1 5 2
287 791
1 15 2
273 480
1 10 2
149 689
1 15 2
515 724
1 15 2
176 554
1 11 2
174 491
1 12 2
218 516
1 14 2
467 761
1 13 2
466 760
1 10 2
156 259
1 14 2
217 344
1 7 2
206 688
1 7 2
609 675
1 13 2
432 436
1 12 2
261 742
1 11 2
31 655
1 12 2
135 510
1 16 2
54 574
1 12 2
177 794
1 10 2
472 734
1 12 2
355 522
1 9 2
183 196
1 15 2
330 384
1 11 2
334 732
1 5 2
172 757
1 3 2
2 190
1 7 2
328 329
1 11 2
44 215
1 6 2
200 496
1 6 2
598 618
1 12 2
422 432
1 10 2
465 755
1 6 2
303 559
1 3 2
48 602
1 16 2
342 668
1 12 2
167 376
1 11 2
59 582
1 7 2
315 638
1 11 2
122 722
1 11 2
248 269
1 10 2
171 383
1 15 2
407 572
1 11 2
162 459
1 13 2
186 348
1 4 2
419 595
1 15 2
313 562
1 10 2
220 320
1 10 2
49 358
1 19 2
173 246
1 6 2
112 218
1 12 2
344 355
1 17 2
248 487
1 11 2
576 791
1 7 2
213 429
1 12 2
648 682
1 14 2
283 719
1 16 2
164 737
1 14 2
554 689
1 6 2
499 722
1 6 2
49 579
1 9 2
208 784
1 10 2
392 761
1 8 2
432 744
1 10 2
51 791
1 14 2
320 342
1 11 2
386 493
1 11 2
19 63
1 12 2
736 757
1 14 2
618 669
1 6 2
60 190
1 10 2
168 683
1 7 2
60 602
1 9 2
139 484
1 20 2
382 652
1 6 2
460 667
1 10 2
60 318
1 6 2
237 412
1 15 2
529 547
1 12 2
615 749
1 5 2
483 784
1 11 2
177 584
1 12 2
94 633
1 13 2
497 574
1 12 2
38 231
1 3 2
73 130
1 14 2
366 660
1 14 2
647 673
1 13 2
108 463
1 17 2
174 422
1 12 2
58 446
1 10 2
44 723
1 9 2
358 658
1 10 2
10 688
1 9 2
108 196
1 9 2
543 741
1 18 2
135 682
1 14 2
120 596
1 9 2
85 193
1 14 2
475 513
1 13 2
383 572
1 6 2
36 755
1 9 2
8 510
1 5 2
657 732
1 15 2
103 278
1 11 2
306 426
1 17 2
92 453
1 6 2
46 790
1 10 2
208 397
1 14 2
192 290
1 17 2
454 461
1 10 2
344 370
1 17 2
438 446
1 5 2
150 680
1 8 2
530 649
1 15 2
475 793
1 8 2
26 700
1 10 2
259 558
1 5 2
52 205
1 11 2
146 204
1 16 2
572 575
1 11 2
85 344
1 10 2
330 556
1 18 2
694 714
1 5 2
579 655
1 16 2
106 135
1 12 2
210 221
1 3 2
109 665
1 11 2
267 322
1 5 2
149 704
1 8 2
527 712
1 6 2
187 450
1 9 2
370 413
1 8 2
329 687
1 7 2
94 428
1 8 2
708 799
1 8 2
102 438
1 15 2
618 726
1 5 2
397 612
1 17 2
51 327
1 12 2
122 437
1 12 2
411 670
1 15 2
317 772
1 14 2
28 769
1 15 2
728 763
1 13 2
512 573
1 14 2
253 514
1 8 2
100 547
1 12 2
687 763
1 6 2
293 787
1 10 2
241 659
1 15 2
377 524
1 8 2
208 305
1 18 2
659 714
1 6 2
106 368
1 12 2
25 441
1 14 2
421 726
1 8 2
65 663
1 18 2
487 706
1 13 2
245 739
1 7 2
101 307
1 17 2
17 439
1 11 2
361 522
1 5 2
338 502
1 7 2
466 681
1 16 2
80 737
1 11 2
400 496
1 11 2
267 757
1 9 2
30 688
1 15 2
314 689
1 9 2
448 506
1 8 2
27 348
1 17 2
183 736
1 18 2
81 433
1 15 2
51 283
1 12 2
557 683
1 10 2
193 678
1 3 2
86 194
1 16 2
75 232
1 8 2
372 420
1 7 2
0 127
1 2 2
540 710
1 10 2
86 736
1 6 2
63 721
1 10 2
152 328
1 11 2
404 658
1 8 2
424 678
1 10 2
399 664
1 10 2
165 709
1 8 2
348 413
1 15 2
454 673
1 9 2
88 515
1 14 2
25 402
1 9 2
582 612
1 4 2
149 549
1 13 2
233 777
1 16 2
186 206
1 12 2
1 92
1 14 2
24 290
1 15 2
749 760
1 9 2
62 772
1 8 2
293 299
1 16 2
11 154
1 19 2
536 772
1 6 2
247 411
1 10 2
442 562
1 9 2
553 759
1 6 2
276 465
1 6 2
194 541
1 16 2
233 740
1 12 2
155 635
1 12 2
4 145
1 11 2
433 474
1 13 2
295 497
1 17 2
246 417
1 19 2
582 672
1 12 2
300 561
1 12 2
32 487
1 7 2
368 739
1 6 2
647 684
1 11 2
81 143
1 15 2
154 740
1 8 2
91 562
1 12 2
518 763
1 8 2
76 789
1 14 2
203 345
1 7 2
230 381
1 8 2
27 105
1 10 2
89 546
1 19 2
487 582
1 7 2
686 740
1 13 2
292 609
1 5 2
66 326
1 18 2
233 706
1 9 2
4 140
1 7 2
73 279
1 13 2
253 352
1 6 2
223 757
1 14 2
330 386
1 11 2
299 724
1 13 2
496 515
1 13 2
19 780
1 7 2
43 740
1 13 2
520 554
1 11 2
26 176
1 15 2
57 635
1 10 2
178 614
1 4 2
237 624
1 15 2
404 755
1 12 2
472 588
1 16 2
186 664
1 18 2
233 447
1 9 2
167 527
1 9 2
18 124
1 3 2
72 449
1 7 2
186 747
1 7 2
17 315
1 19 2
596 729
1 6 2
442 783
1 14 2
492 548
1 10 2
318 377
1 10 2
165 360
1 14 2
344 507
1 17 2
116 235
1 5 2
225 581
1 12 2
411 729
1 8 2
8 788
1 11 2
149 553
1 8 2
254 597
1 16 2
288 778
1 15 2
458 517
1 7 2
179 379
1 5 2
397 786
1 8 2
99 661
1 17 2
203 376
1 7 2
108 179
1 12 2
23 28
1 17 2
134 729
1 4 2
325 545
1 20 2
10 382
1 9 2
11 262
1 8 2
127 509
1 12 2
205 507
1 5 2
228 787
1 14 2
155 660
1 12 2
41 242
1 12 2
487 538
1 9 2
268 363
1 8 2
437 498
1 6 2
49 419
1 4 2
175 311
1 13 2
239 546
1 14 2
183 206
1 18 2
341 438
