500 3000 2500
23 17 14 10 14 19 25 7 21 9 23 20 12 5 24 10 10 20 15 24 11 12 12 24 13 5 14 17 15 19 6 10 23 7 21 18 6 7 10 5 19 5 8 17 15 8 19 9 17 16 10 13 14 7 5 11 13 13 6 24 23 24 12 9 21 18 13 6 8 23 10 11 8 24 6 20 24 17 18 19 22 8 6 12 7 13 5 8 7 9 15 11 7 9 17 11 12 11 13 11 16 19 15 14 13 20 19 8 9 15 22 13 5 20 24 24 11 10 13 16 16 6 10 19 19 7 23 6 19 12 17 8 24 7 7 12 13 10 11 21 6 10 13 11 16 15 23 19 8 14 16 20 9 10 22 9 8 17 14 13 6 11 9 15 23 22 16 12 15 18 8 5 16 17 8 15 13 22 17 20 21 25 23 12 22 23 8 21 10 25 24 22 11 6 5 13 7 13 21 7 13 25 10 9 10 15 16 10 6 20 18 16 10 21 16 23 10 6 14 25 22 5 23 15 12 10 7 12 8 21 18 6 10 9 20 13 25 19 9 16 12 11 20 8 17 12 23 24 21 14 16 8 5 18 14 24 23 6 11 6 7 12 24 12 13 22 9 11 8 7 12 9 25 17 18 5 7 25 25 20 13 20 18 20 11 24 13 16 10 15 10 18 16 16 18 9 14 22 12 6 20 13 21 13 24 14 25 6 14 7 9 18 13 19 7 14 9 5 11 20 13 21 7 22 13 5 24 7 9 13 15 10 10 7 12 5 16 19 25 10 21 10 6 20 19 17 10 21 16 19 12 25 24 25 19 9 13 13 19 7 10 25 11 11 14 9 22 13 14 15 8 15 16 23 20 8 9 17 13 14 6 7 13 23 12 8 25 12 21 15 18 22 16 17 15 21 11 13 17 17 19 8 19 12 11 12 8 5 20 17 20 16 13 20 19 24 23 6 17 24 14 22 13 13 12 15 12 7 18 5 5 22 14 22 17 14 7 5 18 6 17 22 13 25 21 25 12 23 11 10 11 24 6 13 22 7 19 25 23 20 5 12 7 13 19 15 18 18 21 16 25 7 20 8 7 8 19 13 24 19 14 14 11 17 17 13 7 24 22 24 15 8 6 17 6 12 8 20 15 19
11 9 18 4 13 13 9 8 14 4 10 12 12 16 10 12 10 11 5 5 6 4 10 9 9 7 3 18 15 20 6 11 13 13 5 8 16 3 11 5 11 4 11 3 3 10 12 18 20 9 18 17 10 18 18 20 18 16 8 8 3 19 20 4 17 3 11 7 7 7 3 16 19 3 12 11 5 12 15 7 6 7 7 9 3 7 14 12 4 5 20 3 13 18 12 13 8 9 20 15 13 12 19 6 8 8 9 6 12 19 10 17 15 7 12 13 6 12 14 5 3 6 16 6 20 8 13 18 9 16 5 19 19 10 18 17 14 6 16 5 7 10 11 5 20 3 5 13 17 13 12 12 16 12 4 11 15 4 16 3 10 19 18 9 14 3 14 16 19 10 18 14 6 14 7 17 17 18 9 15 13 15 13 3 10 14 18 6 19 12 7 5 14 17 19 16 3 19 11 11 8 11 20 13 7 20 14 15 7 7 16 14 13 5 6 13 18 13 16 19 4 18 18 8 9 13 9 12 15 12 20 4 13 18 12 13 11 14 12 13 11 18 8 13 19 3 19 5 16 12 11 7 14 12 8 12 3 12 17 18 14 17 11 4 5 20 10 5 3 16 3 15 12 4 8 12 19 19 13 3 18 18 20 17 8 18 4 4 20 18 10 3 6 17 4 13 3 17 4 18 9 6 12 18 5 19 20 9 3 8 19 8 16 15 8 10 20 17 10 8 4 6 20 10 3 11 7 8 20 16 5 13 20 19 17 18 18 9 9 5 4 20 10 17 12 19 11 15 19 13 18 15 17 20 6 20 11 3 5 11 8 17 5 9 16 13 14 20 18 18 11 6 10 4 7 15 3 17 20 13 9 20 13 16 13 11 10 8 11 14 5 13 10 6 7 15 6 18 14 15 15 15 18 16 20 13 8 13 12 3 5 19 6 13 9 6 13 14 5 17 4 20 11 3 12 5 16 5 6 18 8 15 4 14 14 18 8 10 4 4 12 5 19 4 7 18 15 10 19 12 12 4 20 6 14 7 9 8 11 11 14 3 20 11 15 6 7 10 5 19 14 10 15 16 16 4 10 17 11 18 10 12 8 8 3 3 14 20 18 8 5 6 15 14 19 12 4 9 8 12
1 4 2
135 213
1 10 2
158 258
1 14 2
211 497
1 4 2
131 309
1 14 2
184 247
1 15 2
95 132
1 6 2
162 248
1 14 2
180 318
1 13 2
25 174
1 13 2
126 281
1 11 2
123 473
1 9 2
328 427
1 11 2
176 364
1 7 2
170 380
1 9 2
110 183
1 12 2
229 263
1 13 2
41 68
1 10 2
213 329
1 10 2
94 477
1 4 2
144 148
1 11 2
209 260
1 2 2
136 269
1 6 2
167 246
1 5 2
208 300
1 3 2
184 221
1 10 2
385 418
1 11 2
28 222
1 12 2
274 289
1 11 2
162 177
1 15 2
180 252
1 9 2
106 278
1 6 2
11 204
1 6 2
158 304
1 8 2
40 355
1 4 2
207 421
1 15 2
91 343
1 7 2
116 179
1 13 2
412 449
1 9 2
252 359
1 13 2
162 273
1 8 2
225 475
1 6 2
190 210
1 10 2
128 314
1 8 2
76 443
1 11 2
75 101
1 15 2
48 405
1 10 2
91 286
1 14 2
129 370
1 9 2
276 464
1 10 2
60 152
1 8 2
142 156
1 8 2
66 209
1 7 2
100 238
1 6 2
236 400
1 9 2
203 468
1 11 2
69 429
1 9 2
353 457
1 5 2
32 251
1 13 2
21 377
1 10 2
249 446
1 7 2
111 463
1 5 2
215 426
1 6 2
92 216
1 4 2
209 244
1 11 2
77 154
1 9 2
236 252
1 14 2
105 370
1 7 2
21 384
1 8 2
21 313
1 12 2
80 157
1 4 2
343 415
1 10 2
241 484
1 6 2
6 325
1 11 2
25 213
1 7 2
184 315
1 12 2
147 192
1 4 2
5 150
1 11 2
81 308
1 14 2
253 308
1 8 2
58 264
1 6 2
12 175
1 7 2
74 469
1 9 2
355 390
1 7 2
166 335
1 12 2
166 357
1 7 2
203 309
1 10 2
83 346
1 8 2
65 417
1 13 2
132 141
1 13 2
196 301
1 10 2
19 160
1 13 2
249 460
1 11 2
402 462
1 6 2
174 375
1 8 2
45 93
1 13 2
85 297
1 11 2
314 498
1 15 2
382 467
1 3 2
263 418
1 13 2
384 475
1 13 2
205 274
1 8 2
44 55
1 7 2
125 332
1 15 2
406 499
1 9 2
385 396
1 8 2
202 229
1 3 2
438 450
1 4 2
184 362
1 9 2
341 422
1 11 2
262 307
1 7 2
389 424
1 8 2
142 427
1 15 2
149 262
1 4 2
203 480
1 11 2
321 330
1 8 2
173 198
1 15 2
118 269
1 10 2
290 484
1 8 2
385 498
1 14 2
27 461
1 9 2
388 490
1 8 2
60 88
1 14 2
216 447
1 14 2
188 190
1 3 2
19 262
1 7 2
249 398
1 11 2
351 424
1 10 2
473 479
1 9 2
67 82
1 7 2
14 429
1 9 2
271 362
1 3 2
311 465
1 2 2
96 110
1 2 2
440 495
1 3 2
463 474
1 14 2
195 197
1 6 2
44 347
1 3 2
444 474
1 3 2
46 336
1 2 2
149 428
1 7 2
9 163
1 4 2
233 325
1 13 2
217 438
1 14 2
389 440
1 6 2
104 445
1 3 2
63 127
1 2 2
136 378
1 15 2
416 417
1 3 2
69 241
1 5 2
30 206
1 11 2
8 174
1 7 2
87 171
1 6 2
26 124
1 8 2
111 191
1 3 2
189 267
1 4 2
306 455
1 2 2
335 380
1 12 2
29 68
1 7 2
133 358
1 15 2
390 419
1 10 2
424 457
1 14 2
36 159
1 12 2
196 292
1 7 2
64 171
1 4 2
95 107
1 2 2
66 406
1 3 2
206 242
1 11 2
98 300
1 15 2
319 470
1 15 2
429 480
1 13 2
260 361
1 4 2
444 458
1 15 2
237 429
1 9 2
405 437
1 15 2
171 211
1 6 2
237 493
1 11 2
275 334
1 3 2
142 432
1 7 2
380 444
1 12 2
205 496
1 12 2
326 437
1 2 2
211 419
1 15 2
49 136
1 13 2
345 486
1 4 2
165 241
1 2 2
85 253
1 13 2
155 210
1 14 2
132 198
1 12 2
187 267
1 10 2
325 430
1 12 2
108 234
1 12 2
120 394
1 4 2
70 404
1 13 2
41 409
1 11 2
157 373
1 5 2
130 203
1 8 2
47 310
1 14 2
399 484
1 3 2
402 448
1 13 2
87 362
1 5 2
218 498
1 10 2
180 477
1 15 2
396 413
1 4 2
120 151
1 12 2
142 231
1 15 2
109 126
1 6 2
169 339
1 12 2
419 488
1 14 2
183 307
1 12 2
352 429
1 6 2
81 417
1 3 2
223 285
1 4 2
56 177
1 5 2
193 465
1 15 2
246 405
1 6 2
147 215
1 11 2
73 132
1 4 2
348 368
1 13 2
183 244
1 7 2
57 414
1 11 2
126 134
1 2 2
201 278
1 12 2
319 455
1 6 2
7 491
1 5 2
384 498
1 10 2
435 476
1 9 2
12 456
1 12 2
200 442
1 15 2
323 382
1 10 2
134 164
1 7 2
189 194
1 14 2
210 468
1 12 2
143 355
1 14 2
120 308
1 5 2
168 395
1 7 2
220 235
1 6 2
81 128
1 14 2
25 215
1 15 2
374 433
1 15 2
218 496
1 2 2
325 411
1 14 2
33 424
1 5 2
81 203
1 10 2
407 429
1 8 2
165 389
1 7 2
402 490
1 14 2
59 74
1 7 2
281 476
1 8 2
119 456
1 8 2
3 206
1 7 2
161 191
1 3 2
146 458
1 7 2
12 430
1 13 2
227 417
1 9 2
113 135
1 10 2
51 102
1 3 2
136 209
1 12 2
53 430
1 2 2
274 329
1 10 2
400 469
1 3 2
125 310
1 6 2
209 262
1 11 2
251 449
1 12 2
29 124
1 15 2
189 273
1 11 2
239 286
1 5 2
123 330
1 4 2
208 375
1 13 2
5 169
1 14 2
288 387
1 11 2
183 304
1 4 2
43 252
1 14 2
267 442
1 10 2
313 415
1 5 2
195 463
1 7 2
89 380
1 6 2
174 446
1 9 2
245 284
1 8 2
391 450
1 5 2
116 154
1 4 2
46 257
1 12 2
173 306
1 8 2
389 393
1 4 2
465 475
1 10 2
333 469
1 3 2
406 412
1 3 2
33 39
1 10 2
113 466
1 14 2
101 476
1 7 2
97 185
1 13 2
89 447
1 2 2
208 412
1 7 2
320 491
1 11 2
150 232
1 10 2
46 466
1 4 2
158 390
1 2 2
278 399
1 3 2
212 320
1 8 2
92 125
1 14 2
268 498
1 2 2
210 217
1 11 2
144 403
1 6 2
65 229
1 5 2
105 399
1 3 2
104 209
1 2 2
112 224
1 13 2
14 131
1 4 2
205 282
1 2 2
228 393
1 11 2
388 482
1 4 2
143 436
1 13 2
307 387
1 14 2
75 201
1 14 2
325 414
1 12 2
209 231
1 2 2
4 394
1 8 2
220 230
1 2 2
172 240
1 4 2
239 463
1 7 2
187 429
1 13 2
150 275
1 9 2
366 379
1 13 2
249 465
1 12 2
98 271
1 9 2
178 468
1 13 2
159 314
1 10 2
252 316
1 10 2
100 277
1 15 2
53 120
1 11 2
189 309
1 2 2
79 352
1 11 2
362 421
1 14 2
20 37
1 3 2
259 451
1 2 2
228 395
1 15 2
254 304
1 11 2
12 30
1 11 2
73 494
1 6 2
47 468
1 10 2
336 456
1 3 2
175 403
1 14 2
22 241
1 8 2
35 494
1 11 2
402 494
1 9 2
95 465
1 13 2
25 164
1 15 2
110 380
1 12 2
322 369
1 5 2
189 460
1 7 2
331 424
1 15 2
179 249
1 14 2
169 192
1 4 2
92 283
1 10 2
66 82
1 10 2
37 381
1 11 2
91 95
1 4 2
299 421
1 10 2
104 107
1 4 2
202 296
1 4 2
237 308
1 11 2
94 185
1 5 2
39 372
1 3 2
25 70
1 8 2
416 470
1 4 2
128 289
1 4 2
317 435
1 11 2
21 317
1 2 2
6 81
1 2 2
46 470
1 3 2
19 279
1 10 2
475 480
1 6 2
79 476
1 5 2
263 469
1 14 2
385 493
1 6 2
158 339
1 3 2
121 272
1 7 2
248 467
1 10 2
260 483
1 5 2
26 251
1 14 2
315 444
1 15 2
42 202
1 15 2
2 280
1 7 2
24 415
1 5 2
427 481
1 7 2
254 275
1 13 2
287 421
1 2 2
231 239
1 4 2
340 476
1 10 2
289 413
1 12 2
58 238
1 4 2
170 402
1 15 2
194 450
1 5 2
79 215
1 7 2
375 461
1 3 2
80 182
1 11 2
39 494
1 13 2
175 473
1 14 2
314 389
1 13 2
102 211
1 11 2
343 420
1 3 2
161 255
1 7 2
17 21
1 4 2
234 339
1 14 2
307 409
1 9 2
85 220
1 11 2
147 167
1 11 2
188 318
1 12 2
248 285
1 9 2
12 373
1 8 2
239 277
1 6 2
275 333
1 8 2
2 125
1 5 2
12 147
1 5 2
183 461
1 12 2
370 448
1 14 2
306 315
1 7 2
82 134
1 6 2
141 440
1 3 2
60 138
1 8 2
203 392
1 6 2
325 360
1 5 2
53 234
1 3 2
42 343
1 7 2
212 350
1 14 2
268 352
1 6 2
453 472
1 4 2
34 120
1 8 2
52 141
1 11 2
278 388
1 14 2
267 393
1 9 2
167 204
1 4 2
173 432
1 5 2
29 276
1 4 2
18 216
1 12 2
51 328
1 5 2
35 206
1 13 2
203 330
1 3 2
54 129
1 6 2
233 444
1 3 2
318 460
1 14 2
428 443
1 8 2
212 322
1 5 2
90 139
1 15 2
440 485
1 6 2
137 213
1 2 2
433 482
1 6 2
458 483
1 14 2
88 477
1 8 2
22 197
1 4 2
118 176
1 2 2
121 156
1 8 2
104 113
1 5 2
174 237
1 4 2
257 425
1 9 2
46 232
1 10 2
267 281
1 2 2
52 123
1 14 2
282 441
1 7 2
79 220
1 2 2
90 388
1 11 2
192 465
1 12 2
351 489
1 15 2
243 283
1 11 2
237 495
1 4 2
232 272
1 10 2
313 340
1 3 2
163 205
1 11 2
262 316
1 14 2
260 443
1 6 2
393 460
1 3 2
351 462
1 12 2
182 346
1 11 2
80 236
1 5 2
274 328
1 9 2
63 178
1 14 2
93 117
1 10 2
8 259
1 7 2
47 369
1 5 2
124 283
1 3 2
1 382
1 11 2
174 185
1 11 2
46 377
1 4 2
109 225
1 10 2
31 461
1 12 2
392 405
1 14 2
65 186
1 10 2
22 420
1 4 2
209 311
1 5 2
342 481
1 10 2
75 206
1 6 2
49 325
1 6 2
187 348
1 5 2
342 449
1 2 2
293 422
1 10 2
117 146
1 13 2
191 428
1 10 2
171 384
1 7 2
288 396
1 15 2
242 358
1 7 2
23 416
1 7 2
283 388
1 15 2
220 450
1 8 2
215 283
1 11 2
204 377
1 7 2
347 458
1 8 2
144 268
1 9 2
206 325
1 4 2
11 73
1 13 2
399 411
1 8 2
443 484
1 14 2
123 158
1 2 2
14 304
1 15 2
165 377
1 3 2
243 344
1 7 2
149 292
1 13 2
311 470
1 7 2
82 349
1 15 2
134 321
1 7 2
428 456
1 14 2
62 149
1 5 2
119 324
1 14 2
80 158
1 8 2
366 393
1 2 2
175 304
1 8 2
359 455
1 13 2
321 420
1 13 2
205 239
1 13 2
15 253
1 5 2
485 494
1 10 2
315 376
1 6 2
326 435
1 4 2
146 446
1 7 2
13 443
1 7 2
409 479
1 5 2
133 151
1 9 2
136 493
1 13 2
112 212
1 8 2
127 252
1 2 2
181 201
1 7 2
454 482
1 6 2
152 495
1 8 2
95 206
1 10 2
225 411
1 14 2
192 287
1 10 2
136 330
1 8 2
401 472
1 8 2
85 335
1 13 2
76 166
1 9 2
32 236
1 8 2
161 181
1 8 2
19 444
1 8 2
326 388
1 6 2
115 326
1 4 2
161 493
1 11 2
314 341
1 15 2
120 356
1 7 2
47 215
1 9 2
178 390
1 10 2
71 314
1 3 2
216 309
1 10 2
50 141
1 12 2
85 429
1 15 2
303 395
1 6 2
99 463
1 11 2
189 262
1 14 2
385 494
1 11 2
262 335
1 9 2
217 236
1 8 2
362 447
1 2 2
75 352
1 13 2
66 194
1 5 2
302 393
1 3 2
23 203
1 2 2
254 423
1 12 2
311 340
1 13 2
38 490
1 4 2
410 498
1 15 2
151 326
1 14 2
207 436
1 9 2
179 222
1 4 2
159 418
1 14 2
244 344
1 12 2
42 294
1 6 2
113 419
1 11 2
66 191
1 13 2
116 191
1 10 2
164 277
1 11 2
162 282
1 2 2
267 494
1 5 2
370 489
1 6 2
10 460
1 12 2
0 431
1 3 2
258 447
1 13 2
0 77
1 5 2
277 472
1 14 2
21 206
1 8 2
343 348
1 5 2
101 432
1 14 2
45 254
1 15 2
46 302
1 8 2
16 317
1 7 2
101 145
1 9 2
55 297
1 5 2
161 307
1 5 2
168 171
1 9 2
278 312
1 10 2
95 338
1 6 2
170 444
1 5 2
222 432
1 10 2
272 298
1 10 2
166 448
1 10 2
178 497
1 10 2
159 407
1 9 2
413 479
1 5 2
235 325
1 4 2
110 329
1 9 2
16 207
1 4 2
79 360
1 11 2
232 268
1 2 2
95 256
1 3 2
190 219
1 8 2
9 32
1 15 2
188 444
1 15 2
200 455
1 3 2
211 399
1 2 2
136 442
1 8 2
50 135
1 9 2
30 371
1 4 2
51 408
1 4 2
198 336
1 5 2
177 475
1 14 2
91 339
1 13 2
449 470
1 10 2
111 349
1 8 2
109 360
1 5 2
113 403
1 11 2
293 320
1 14 2
26 76
1 7 2
43 467
1 5 2
83 386
1 3 2
97 299
1 15 2
166 372
1 14 2
100 144
1 15 2
243 288
1 8 2
194 381
1 14 2
305 385
1 8 2
25 269
1 11 2
210 418
1 8 2
423 457
1 5 2
74 347
1 4 2
429 453
1 7 2
288 409
1 4 2
190 230
1 15 2
216 234
1 7 2
73 495
1 10 2
266 314
1 14 2
165 461
1 6 2
109 324
1 11 2
208 341
1 12 2
65 491
1 6 2
77 304
1 12 2
88 192
1 11 2
84 450
1 14 2
3 349
1 15 2
34 304
1 5 2
36 438
1 5 2
205 256
1 14 2
63 372
1 7 2
267 326
1 5 2
319 450
1 12 2
2 369
1 8 2
311 409
1 15 2
182 375
1 13 2
51 442
1 12 2
153 488
1 14 2
325 368
1 8 2
328 423
1 3 2
161 203
1 14 2
222 244
1 15 2
106 178
1 13 2
108 126
1 2 2
212 265
1 12 2
152 472
1 12 2
28 367
1 8 2
215 320
1 5 2
246 334
1 6 2
72 461
1 9 2
104 238
1 15 2
151 446
1 6 2
215 467
1 6 2
9 424
1 12 2
222 264
1 9 2
61 340
1 15 2
148 214
1 4 2
33 388
1 14 2
198 223
1 14 2
274 452
1 7 2
89 155
1 12 2
335 486
1 6 2
60 439
1 4 2
237 361
1 10 2
66 475
1 9 2
56 225
1 4 2
46 316
1 12 2
191 400
1 13 2
262 484
1 9 2
134 199
1 12 2
88 267
1 3 2
9 88
1 14 2
52 416
1 8 2
61 75
1 14 2
175 392
1 2 2
47 348
1 8 2
337 387
1 13 2
292 476
1 8 2
91 405
1 4 2
206 323
1 10 2
353 435
1 13 2
26 246
1 2 2
273 292
1 10 2
127 201
1 2 2
78 87
1 12 2
196 473
1 6 2
366 436
1 3 2
188 468
1 6 2
52 154
1 8 2
128 195
1 5 2
58 119
1 6 2
8 167
1 13 2
77 275
1 8 2
19 401
1 4 2
117 387
1 11 2
62 188
1 10 2
177 328
1 7 2
127 492
1 15 2
382 449
1 14 2
209 418
1 10 2
20 74
1 13 2
234 456
1 15 2
437 484
1 12 2
49 397
1 14 2
31 218
1 14 2
271 325
1 4 2
84 185
1 4 2
326 381
1 6 2
156 167
1 14 2
9 180
1 13 2
314 425
1 4 2
128 391
1 5 2
127 349
1 12 2
17 202
1 5 2
168 376
1 6 2
28 300
1 14 2
71 377
1 15 2
20 451
1 14 2
208 483
1 11 2
63 119
1 5 2
104 370
1 4 2
350 385
1 12 2
31 413
1 8 2
308 457
1 3 2
14 85
1 14 2
100 332
1 7 2
70 498
1 12 2
179 305
1 3 2
328 381
1 11 2
269 387
1 3 2
196 245
1 10 2
199 212
1 3 2
387 475
1 14 2
164 251
1 3 2
128 363
1 7 2
48 294
1 12 2
153 175
1 15 2
342 472
1 2 2
168 258
1 6 2
58 304
1 6 2
40 264
1 7 2
286 493
1 11 2
118 402
1 5 2
23 153
1 11 2
93 328
1 9 2
72 268
1 5 2
9 479
1 3 2
319 381
1 10 2
63 393
1 13 2
11 368
1 3 2
263 493
1 7 2
310 401
1 2 2
111 343
1 2 2
75 269
1 14 2
326 401
1 6 2
372 385
1 3 2
263 293
1 14 2
0 423
1 12 2
253 374
1 6 2
301 467
1 11 2
10 464
1 2 2
196 272
1 14 2
4 43
1 2 2
312 483
1 3 2
70 350
1 14 2
249 253
1 7 2
27 178
1 11 2
93 249
1 8 2
20 335
1 3 2
275 352
1 10 2
232 337
1 2 2
123 442
1 12 2
197 245
1 13 2
124 237
1 7 2
131 237
1 15 2
303 465
1 5 2
23 361
1 9 2
120 198
1 5 2
91 93
1 4 2
197 484
1 9 2
72 74
1 8 2
108 420
1 9 2
260 306
1 14 2
22 465
1 14 2
66 162
1 7 2
265 415
1 13 2
148 454
1 5 2
142 289
1 5 2
295 444
1 15 2
242 368
1 5 2
197 468
1 4 2
256 351
1 5 2
93 386
1 3 2
154 344
1 4 2
194 429
1 11 2
309 333
1 13 2
59 261
1 12 2
279 454
1 13 2
136 411
1 12 2
275 408
1 13 2
81 336
1 5 2
203 368
1 10 2
317 432
1 3 2
16 131
1 5 2
143 462
1 11 2
428 463
1 14 2
256 414
1 15 2
53 434
1 8 2
276 394
1 4 2
60 86
1 14 2
131 271
1 8 2
111 498
1 6 2
253 495
1 6 2
225 464
1 8 2
291 323
1 5 2
231 376
1 13 2
5 158
1 4 2
131 471
1 6 2
197 482
1 6 2
59 265
1 3 2
98 472
1 13 2
0 123
1 12 2
185 338
1 11 2
317 470
1 4 2
63 405
1 4 2
58 163
1 5 2
193 243
1 2 2
353 382
1 3 2
48 404
1 4 2
161 395
1 6 2
8 56
1 2 2
108 289
1 12 2
426 442
1 4 2
66 338
1 9 2
102 338
1 12 2
37 477
1 4 2
93 412
1 5 2
339 459
1 4 2
17 95
1 15 2
248 259
1 3 2
60 431
1 9 2
165 197
1 13 2
180 409
1 6 2
100 321
1 12 2
214 232
1 5 2
54 246
1 2 2
165 332
1 8 2
18 322
1 11 2
196 372
1 9 2
143 422
1 3 2
177 235
1 8 2
18 325
1 9 2
351 458
1 7 2
2 81
1 11 2
119 383
1 3 2
59 183
1 12 2
3 467
1 7 2
167 283
1 15 2
232 309
1 13 2
170 178
1 3 2
102 482
1 10 2
266 463
1 13 2
308 337
1 2 2
48 387
1 4 2
111 474
1 12 2
114 187
1 3 2
29 440
1 9 2
64 264
1 8 2
32 109
1 11 2
32 284
1 6 2
343 381
1 6 2
59 372
1 11 2
337 359
1 8 2
93 317
1 15 2
141 456
1 4 2
13 49
1 11 2
69 387
1 12 2
329 451
1 12 2
133 393
1 14 2
317 365
1 13 2
331 372
1 5 2
17 180
1 8 2
49 82
1 11 2
327 478
1 5 2
44 133
1 10 2
202 459
1 14 2
141 395
1 10 2
292 495
1 8 2
63 225
1 2 2
267 369
1 12 2
251 276
1 3 2
382 488
1 6 2
68 285
1 6 2
303 378
1 15 2
362 408
1 15 2
344 383
1 10 2
198 208
1 2 2
280 300
1 9 2
233 339
1 4 2
49 363
1 7 2
131 334
1 9 2
246 372
1 14 2
204 366
1 6 2
288 373
1 3 2
145 439
1 13 2
107 414
1 14 2
101 430
1 8 2
304 342
1 2 2
100 489
1 10 2
281 478
1 12 2
30 477
1 7 2
166 453
1 8 2
179 491
1 6 2
145 441
1 14 2
206 391
1 12 2
173 445
1 9 2
145 447
1 12 2
35 37
1 13 2
174 297
1 3 2
40 301
1 2 2
332 378
1 3 2
28 479
1 6 2
156 312
1 13 2
77 212
1 6 2
261 363
1 6 2
302 323
1 4 2
5 248
1 11 2
167 427
1 15 2
223 498
1 2 2
62 495
1 11 2
321 459
1 9 2
203 304
1 8 2
320 430
1 11 2
119 408
1 2 2
400 484
1 2 2
318 495
1 12 2
127 255
1 3 2
118 436
1 15 2
405 481
1 15 2
194 384
1 14 2
53 373
1 5 2
50 395
1 3 2
163 406
1 8 2
124 132
1 10 2
121 225
1 13 2
160 210
1 14 2
58 288
1 6 2
291 402
1 6 2
75 278
1 3 2
117 208
1 8 2
70 182
1 8 2
125 130
1 13 2
153 295
1 12 2
284 491
1 11 2
195 230
1 12 2
127 168
1 11 2
109 327
1 15 2
173 393
1 3 2
296 497
1 7 2
156 491
1 4 2
131 412
1 5 2
84 476
1 13 2
21 439
1 7 2
140 154
1 13 2
2 128
1 3 2
85 311
1 2 2
93 133
1 10 2
34 247
1 15 2
233 347
1 5 2
368 383
1 4 2
27 82
1 15 2
338 372
1 4 2
76 261
1 9 2
85 455
1 9 2
23 329
1 13 2
22 254
1 11 2
237 311
1 13 2
89 453
1 6 2
327 388
1 7 2
3 245
1 5 2
423 483
1 4 2
330 464
1 8 2
476 485
1 14 2
216 450
1 8 2
255 362
1 8 2
30 200
1 2 2
265 377
1 14 2
82 293
1 11 2
59 400
1 3 2
0 128
1 13 2
23 385
1 15 2
152 421
1 4 2
63 499
1 3 2
2 455
1 11 2
105 449
1 7 2
291 495
1 12 2
280 494
1 8 2
152 248
1 2 2
219 351
1 7 2
260 396
1 5 2
27 212
1 7 2
33 359
1 7 2
324 380
1 10 2
327 338
1 5 2
312 319
1 6 2
185 467
1 3 2
205 394
1 14 2
268 321
1 7 2
60 404
1 15 2
312 449
1 2 2
142 470
1 3 2
121 213
1 12 2
22 54
1 9 2
51 67
1 7 2
88 103
1 2 2
46 59
1 15 2
116 156
1 2 2
30 317
1 7 2
282 340
1 14 2
119 182
1 8 2
204 249
1 11 2
244 245
1 3 2
60 65
1 15 2
61 225
1 3 2
18 123
1 15 2
21 371
1 8 2
250 460
1 5 2
122 287
1 15 2
63 371
1 15 2
114 229
1 4 2
208 243
1 8 2
14 476
1 13 2
84 290
1 13 2
222 497
1 15 2
164 225
1 9 2
236 460
1 6 2
190 246
1 12 2
417 476
1 5 2
13 379
1 4 2
94 115
1 13 2
133 451
1 9 2
325 331
1 9 2
301 427
1 3 2
10 215
1 4 2
118 167
1 15 2
32 127
1 15 2
96 280
1 12 2
268 420
1 5 2
52 432
1 9 2
164 378
1 8 2
271 447
1 5 2
297 453
1 6 2
245 372
1 4 2
97 477
1 6 2
282 320
1 12 2
72 462
1 2 2
83 240
1 8 2
340 371
1 15 2
282 391
1 10 2
200 274
1 5 2
66 197
1 8 2
33 218
1 4 2
14 449
1 13 2
195 451
1 11 2
187 323
1 3 2
240 311
1 12 2
113 470
1 2 2
70 321
1 8 2
64 226
1 12 2
217 259
1 12 2
391 448
1 14 2
114 190
1 9 2
147 332
1 9 2
100 397
1 2 2
393 408
1 9 2
312 370
1 5 2
279 340
1 12 2
210 491
1 12 2
174 309
1 12 2
124 301
1 14 2
35 213
1 9 2
108 379
1 11 2
86 193
1 11 2
97 462
1 13 2
289 479
1 6 2
87 434
1 10 2
86 194
1 3 2
63 319
1 5 2
105 353
1 7 2
66 122
1 9 2
328 385
1 3 2
83 309
1 11 2
42 371
1 12 2
119 249
1 3 2
224 383
1 4 2
310 389
1 8 2
314 444
1 3 2
189 225
1 5 2
365 497
1 5 2
162 384
1 11 2
152 458
1 7 2
18 203
1 15 2
115 267
1 2 2
99 161
1 15 2
198 345
1 3 2
47 262
1 11 2
115 314
1 15 2
95 325
1 15 2
295 394
1 2 2
80 465
1 12 2
339 469
1 10 2
202 479
1 7 2
328 487
1 7 2
288 487
1 13 2
179 270
1 12 2
346 479
1 8 2
389 403
1 7 2
112 469
1 4 2
35 89
1 14 2
317 366
1 2 2
121 335
1 3 2
33 416
1 13 2
378 416
1 7 2
12 168
1 5 2
159 178
1 15 2
164 197
1 15 2
127 297
1 7 2
269 385
1 15 2
273 422
1 12 2
279 293
1 10 2
257 424
1 8 2
86 110
1 3 2
219 446
1 13 2
155 472
1 11 2
397 418
1 4 2
196 480
1 10 2
210 321
1 8 2
200 314
1 2 2
134 386
1 7 2
140 353
1 6 2
312 464
1 5 2
51 351
1 4 2
381 495
1 3 2
96 162
1 5 2
140 355
1 14 2
271 317
1 3 2
71 185
1 10 2
214 372
1 3 2
23 452
1 13 2
118 132
1 14 2
18 105
1 6 2
86 456
1 6 2
250 396
1 11 2
104 122
1 14 2
83 161
1 3 2
65 485
1 7 2
191 356
1 10 2
205 235
1 11 2
113 296
1 9 2
289 429
1 8 2
16 303
1 3 2
131 272
1 7 2
1 464
1 11 2
88 480
1 13 2
25 26
1 5 2
147 491
1 5 2
14 373
1 3 2
217 475
1 4 2
198 494
1 14 2
153 370
1 9 2
85 417
1 5 2
194 351
1 3 2
277 499
1 10 2
34 300
1 15 2
213 302
1 9 2
309 406
1 4 2
32 153
1 4 2
29 151
1 2 2
355 400
1 4 2
214 367
1 12 2
60 188
1 12 2
280 404
1 8 2
186 247
1 15 2
306 388
1 2 2
99 106
1 11 2
14 446
1 8 2
325 486
1 10 2
324 480
1 13 2
153 229
1 8 2
273 474
1 5 2
60 205
1 7 2
237 419
1 4 2
73 115
1 6 2
6 199
1 15 2
0 270
1 11 2
272 274
1 15 2
87 311
1 7 2
5 214
1 5 2
99 268
1 6 2
127 459
1 15 2
196 210
1 11 2
177 220
1 11 2
335 445
1 6 2
76 165
1 15 2
12 427
1 13 2
159 455
1 14 2
122 271
1 8 2
70 307
1 12 2
16 205
1 11 2
283 411
1 8 2
200 460
1 11 2
76 96
1 9 2
324 432
1 12 2
255 486
1 3 2
128 172
1 10 2
105 140
1 5 2
278 470
1 8 2
224 276
1 12 2
127 494
1 11 2
231 318
1 3 2
4 26
1 4 2
181 373
1 8 2
195 232
1 11 2
66 398
1 5 2
403 453
1 9 2
46 123
1 2 2
48 285
1 13 2
140 455
1 4 2
322 439
1 4 2
70 367
1 14 2
123 205
1 5 2
133 311
1 11 2
65 351
1 9 2
379 401
1 14 2
362 363
1 8 2
374 379
1 7 2
198 254
1 10 2
77 193
1 5 2
399 406
1 14 2
124 286
1 12 2
188 267
1 11 2
77 94
1 5 2
198 410
1 11 2
230 244
1 5 2
284 307
1 2 2
238 323
1 2 2
129 358
1 7 2
64 150
1 15 2
414 472
1 9 2
237 277
1 12 2
47 157
1 6 2
6 176
1 15 2
51 221
1 14 2
5 446
1 4 2
43 280
1 10 2
50 365
1 15 2
219 282
1 3 2
29 65
1 6 2
148 366
1 14 2
25 358
1 6 2
62 393
1 7 2
388 487
1 6 2
196 231
1 7 2
116 372
1 3 2
34 132
1 10 2
140 272
1 10 2
27 399
1 8 2
358 445
1 13 2
278 325
1 12 2
19 151
1 5 2
122 284
1 2 2
227 369
1 8 2
310 328
1 5 2
255 376
1 6 2
346 383
1 10 2
209 440
1 15 2
95 184
1 4 2
144 434
1 7 2
57 464
1 10 2
354 477
1 11 2
356 467
1 11 2
182 353
1 7 2
42 414
1 10 2
249 463
1 8 2
288 479
1 8 2
203 398
1 14 2
261 322
1 7 2
424 499
1 12 2
122 492
1 11 2
52 348
1 2 2
174 365
1 15 2
428 488
1 13 2
137 345
1 10 2
213 424
1 14 2
2 268
1 5 2
49 408
1 8 2
61 93
1 13 2
240 431
1 15 2
398 438
1 2 2
241 460
1 15 2
17 354
1 2 2
367 424
1 5 2
294 483
1 13 2
243 460
1 7 2
298 333
1 7 2
101 153
1 5 2
469 490
1 3 2
298 486
1 3 2
97 147
1 8 2
210 228
1 15 2
366 392
1 4 2
227 287
1 9 2
42 230
1 13 2
302 307
1 7 2
35 95
1 10 2
31 335
1 7 2
246 495
1 5 2
66 383
1 3 2
162 189
1 6 2
226 408
1 7 2
27 447
1 3 2
91 298
1 4 2
7 478
1 10 2
10 129
1 3 2
29 443
1 5 2
336 394
1 2 2
390 452
1 9 2
86 349
1 13 2
42 105
1 8 2
9 262
1 8 2
42 295
1 12 2
25 468
1 3 2
4 222
1 14 2
76 361
1 3 2
381 460
1 9 2
142 348
1 11 2
53 290
1 4 2
422 474
1 2 2
161 417
1 13 2
143 149
1 7 2
111 266
1 14 2
146 340
1 11 2
201 415
1 8 2
339 434
1 8 2
472 499
1 10 2
156 241
1 5 2
223 288
1 12 2
249 374
1 15 2
209 263
1 4 2
42 446
1 12 2
46 440
1 9 2
250 268
1 9 2
113 385
1 5 2
397 464
1 15 2
34 265
1 4 2
53 135
1 8 2
1 373
1 2 2
47 54
1 6 2
438 498
1 13 2
311 418
1 14 2
176 214
1 14 2
13 162
1 15 2
57 365
1 12 2
36 143
1 4 2
226 305
1 15 2
50 335
1 11 2
58 437
1 11 2
53 116
1 5 2
232 246
1 13 2
170 385
1 10 2
278 320
1 7 2
102 382
1 5 2
162 491
1 9 2
181 386
1 9 2
79 188
1 4 2
371 406
1 2 2
234 260
1 2 2
330 489
1 11 2
41 439
1 8 2
88 187
1 11 2
253 446
1 9 2
163 476
1 4 2
357 495
1 3 2
110 461
1 5 2
395 477
1 14 2
97 250
1 2 2
33 55
1 5 2
174 486
1 3 2
219 426
1 8 2
216 223
1 6 2
433 445
1 11 2
111 221
1 3 2
37 320
1 2 2
64 203
1 4 2
209 312
1 6 2
22 445
1 6 2
102 111
1 7 2
205 424
1 7 2
125 236
1 9 2
279 327
1 3 2
178 192
1 10 2
63 71
1 3 2
180 411
1 13 2
63 487
1 6 2
15 210
1 8 2
115 120
1 14 2
73 216
1 13 2
58 431
1 9 2
3 466
1 9 2
159 205
1 7 2
85 372
1 12 2
7 370
1 11 2
125 262
1 11 2
188 276
1 11 2
44 184
1 15 2
8 197
1 5 2
85 370
1 9 2
175 290
1 8 2
151 213
1 12 2
83 451
1 11 2
96 432
1 6 2
187 441
1 2 2
72 198
1 13 2
122 138
1 12 2
233 280
1 5 2
9 114
1 4 2
247 288
1 12 2
76 341
1 15 2
138 485
1 8 2
17 222
1 5 2
13 372
1 3 2
21 413
1 12 2
61 190
1 4 2
83 348
1 5 2
234 256
1 15 2
57 434
1 12 2
201 240
1 4 2
289 403
1 15 2
325 351
1 15 2
448 461
1 3 2
245 317
1 10 2
65 96
1 14 2
434 497
1 14 2
55 87
1 13 2
108 217
1 2 2
7 218
1 11 2
146 364
1 6 2
141 264
1 14 2
24 440
1 13 2
8 231
1 12 2
414 457
1 2 2
51 110
1 15 2
114 438
1 3 2
10 100
1 14 2
125 220
1 2 2
299 414
1 7 2
70 419
1 4 2
92 255
1 7 2
98 426
1 4 2
181 369
1 5 2
239 469
1 9 2
341 429
1 3 2
14 270
1 5 2
64 195
1 10 2
67 436
1 12 2
79 427
1 4 2
145 238
1 4 2
11 128
1 2 2
348 409
1 7 2
196 341
1 11 2
45 231
1 2 2
404 445
1 3 2
325 337
1 2 2
47 290
1 15 2
166 487
1 3 2
221 480
1 5 2
202 450
1 2 2
289 492
1 6 2
152 178
1 6 2
6 49
1 10 2
184 219
1 8 2
135 345
1 5 2
125 280
1 11 2
11 12
1 2 2
23 180
1 10 2
134 239
1 12 2
387 439
1 6 2
240 439
1 12 2
280 488
1 2 2
133 445
1 2 2
170 301
1 3 2
301 343
1 7 2
30 328
1 12 2
61 314
1 10 2
452 483
1 15 2
101 384
1 10 2
246 264
1 12 2
274 319
1 5 2
402 468
1 5 2
36 267
1 4 2
70 275
1 14 2
8 152
1 5 2
349 445
1 8 2
140 220
1 6 2
216 284
1 9 2
131 294
1 5 2
31 491
1 8 2
46 93
1 4 2
265 288
1 9 2
129 269
1 8 2
33 370
1 13 2
126 301
1 15 2
268 273
1 7 2
194 420
1 5 2
274 333
1 15 2
292 464
1 10 2
153 420
1 2 2
195 212
1 4 2
291 331
1 5 2
153 308
1 2 2
240 429
1 6 2
32 285
1 10 2
326 408
1 14 2
86 244
1 5 2
65 195
1 9 2
137 143
1 10 2
252 275
1 11 2
140 415
1 10 2
360 450
1 9 2
6 32
1 4 2
89 414
1 8 2
41 58
1 7 2
319 471
1 8 2
61 122
1 6 2
115 319
1 12 2
217 434
1 4 2
249 467
1 10 2
50 156
1 3 2
21 72
1 7 2
301 413
1 12 2
5 180
1 3 2
48 437
1 5 2
79 147
1 12 2
249 448
1 13 2
431 463
1 3 2
30 104
1 5 2
73 408
1 9 2
49 219
1 6 2
456 498
1 14 2
155 468
1 14 2
90 91
1 13 2
50 303
1 3 2
90 259
1 8 2
122 369
1 15 2
192 446
1 6 2
4 193
1 15 2
157 348
1 6 2
137 442
1 11 2
278 401
1 8 2
222 387
1 15 2
233 381
1 4 2
38 136
1 10 2
238 356
1 3 2
212 217
1 8 2
353 398
1 9 2
14 114
1 14 2
80 109
1 12 2
91 113
1 11 2
203 321
1 15 2
26 368
1 6 2
50 279
1 13 2
306 365
1 11 2
313 412
1 5 2
133 282
1 4 2
189 448
1 3 2
344 444
1 11 2
127 437
1 11 2
234 314
1 13 2
56 221
1 4 2
159 419
1 3 2
32 432
1 9 2
8 155
1 3 2
104 216
1 5 2
121 287
1 4 2
8 321
1 2 2
242 367
1 6 2
9 493
1 8 2
375 442
1 7 2
158 489
1 11 2
91 409
1 15 2
65 152
1 11 2
193 382
1 9 2
56 463
1 2 2
10 112
1 15 2
338 476
1 4 2
5 325
1 5 2
24 242
1 6 2
13 26
1 5 2
230 297
1 12 2
127 128
1 5 2
227 492
1 2 2
25 266
1 14 2
97 351
1 8 2
110 378
1 13 2
75 404
1 10 2
292 423
1 13 2
63 268
1 8 2
108 366
1 4 2
308 381
1 11 2
41 297
1 11 2
152 468
1 11 2
342 421
1 6 2
120 467
1 15 2
77 78
1 15 2
9 385
1 10 2
248 375
1 14 2
100 256
1 6 2
305 318
1 9 2
26 206
1 7 2
164 464
1 15 2
28 461
1 14 2
81 363
1 2 2
206 372
1 2 2
183 200
1 4 2
295 299
1 2 2
98 331
1 9 2
63 465
1 9 2
229 436
1 15 2
24 139
1 6 2
97 449
1 10 2
296 448
1 14 2
27 448
1 5 2
284 366
1 4 2
178 230
1 5 2
191 203
1 7 2
148 271
1 4 2
294 454
1 9 2
36 132
1 15 2
91 425
1 10 2
57 402
1 6 2
415 488
1 5 2
117 201
1 10 2
18 176
1 3 2
277 425
1 11 2
234 460
1 7 2
192 349
1 12 2
35 72
1 12 2
344 445
1 9 2
235 365
1 5 2
286 406
1 8 2
117 232
1 5 2
185 446
1 13 2
53 211
1 5 2
35 322
1 4 2
196 420
1 4 2
355 441
1 15 2
320 347
1 14 2
341 344
1 10 2
15 365
1 2 2
60 166
1 12 2
203 461
1 4 2
223 380
1 9 2
69 167
1 7 2
241 375
1 3 2
242 491
1 8 2
207 222
1 6 2
13 225
1 5 2
132 422
1 3 2
393 469
1 5 2
44 143
1 7 2
49 424
1 5 2
239 407
1 4 2
439 446
1 7 2
93 359
1 5 2
444 461
1 4 2
128 244
1 6 2
145 202
1 13 2
91 308
1 8 2
87 246
1 6 2
194 467
1 3 2
6 376
1 13 2
137 440
1 15 2
50 89
1 9 2
110 267
1 9 2
199 395
1 14 2
249 450
1 9 2
131 205
1 11 2
7 373
1 9 2
1 416
1 8 2
151 284
1 6 2
379 388
1 12 2
113 238
1 11 2
448 489
1 9 2
359 371
1 15 2
216 287
1 12 2
60 461
1 12 2
121 324
1 6 2
30 480
1 8 2
75 461
1 14 2
466 486
1 2 2
9 139
1 13 2
34 227
1 10 2
441 475
1 12 2
56 479
1 2 2
48 162
1 2 2
14 218
1 15 2
201 231
1 3 2
114 153
1 11 2
202 458
1 6 2
68 349
1 13 2
338 473
1 6 2
118 438
1 12 2
283 453
1 2 2
98 432
1 14 2
78 453
1 9 2
256 456
1 6 2
19 225
1 3 2
36 284
1 11 2
62 247
1 15 2
413 455
1 7 2
286 432
1 14 2
152 324
1 8 2
200 283
1 2 2
207 467
1 7 2
213 421
1 12 2
213 465
1 6 2
90 100
1 14 2
133 196
1 7 2
21 273
1 8 2
53 148
1 6 2
413 436
1 10 2
338 443
1 2 2
351 442
1 5 2
142 423
1 9 2
111 244
1 15 2
170 361
1 5 2
109 451
1 13 2
132 431
1 3 2
253 327
1 15 2
328 345
1 2 2
14 322
1 4 2
154 314
1 7 2
144 188
1 5 2
168 210
1 14 2
95 434
1 8 2
104 131
1 3 2
248 428
1 11 2
93 484
1 7 2
344 419
1 11 2
114 285
1 14 2
183 232
1 9 2
155 327
1 3 2
309 460
1 9 2
463 473
1 6 2
82 170
1 13 2
249 386
1 6 2
49 464
1 5 2
71 352
1 8 2
129 229
1 14 2
370 394
1 14 2
196 240
1 12 2
10 109
1 4 2
183 481
1 5 2
110 127
1 12 2
77 384
1 13 2
62 424
1 13 2
146 172
1 9 2
368 396
1 10 2
170 189
1 14 2
170 220
1 6 2
48 304
1 12 2
109 188
1 3 2
131 493
1 9 2
218 278
1 3 2
196 448
1 15 2
80 213
1 15 2
195 447
1 8 2
83 178
1 8 2
37 265
1 7 2
350 474
1 4 2
355 481
1 2 2
173 223
1 7 2
42 193
1 2 2
70 476
1 14 2
112 334
1 11 2
169 285
1 13 2
389 451
1 4 2
192 265
1 10 2
93 257
1 6 2
181 211
1 4 2
374 420
1 7 2
188 300
1 7 2
96 340
1 15 2
138 299
1 11 2
88 139
1 10 2
9 169
1 11 2
350 357
1 2 2
427 492
1 14 2
117 404
1 2 2
98 482
1 13 2
360 457
1 11 2
66 156
1 11 2
356 489
1 13 2
127 341
1 14 2
357 484
1 12 2
279 390
1 13 2
158 185
1 9 2
68 346
1 7 2
42 224
1 14 2
198 381
1 3 2
47 152
1 14 2
101 165
1 2 2
46 260
1 12 2
132 332
1 4 2
299 306
1 10 2
299 445
1 2 2
236 421
1 14 2
5 331
1 11 2
202 332
1 11 2
391 397
1 12 2
279 414
1 3 2
409 414
1 13 2
76 424
1 4 2
207 447
1 12 2
96 347
1 2 2
130 401
1 13 2
67 277
1 4 2
66 399
1 9 2
45 139
1 6 2
165 324
1 2 2
271 286
1 8 2
373 433
1 2 2
203 427
1 3 2
171 199
1 6 2
347 356
1 14 2
90 457
1 9 2
206 424
1 12 2
65 430
1 14 2
117 213
1 14 2
230 489
1 3 2
126 474
1 15 2
257 336
1 2 2
244 293
1 11 2
232 331
1 13 2
122 490
1 11 2
58 449
1 7 2
163 246
1 15 2
61 451
1 11 2
91 365
1 6 2
137 496
1 4 2
74 210
1 9 2
246 472
1 9 2
119 266
1 2 2
20 378
1 13 2
174 364
1 7 2
58 76
1 2 2
486 491
1 2 2
179 406
1 10 2
10 224
1 12 2
276 306
1 10 2
15 494
1 12 2
195 443
1 13 2
92 448
1 8 2
13 302
1 4 2
170 255
1 6 2
31 263
1 3 2
41 43
1 4 2
29 341
1 10 2
260 390
1 2 2
3 108
1 6 2
157 431
1 12 2
3 128
1 12 2
310 364
1 6 2
278 366
1 8 2
364 456
1 12 2
197 282
1 7 2
196 253
1 13 2
80 428
1 6 2
392 431
1 13 2
19 301
1 10 2
85 119
1 4 2
216 362
1 9 2
59 441
1 11 2
248 345
1 7 2
86 195
1 5 2
350 351
1 10 2
160 249
1 7 2
178 302
1 12 2
419 469
1 7 2
119 166
1 4 2
128 423
1 7 2
191 464
1 10 2
157 487
1 11 2
194 363
1 6 2
144 330
1 2 2
8 243
1 4 2
32 431
1 12 2
34 166
1 13 2
19 404
1 5 2
185 486
1 6 2
132 448
1 8 2
127 413
1 7 2
129 173
1 6 2
327 461
1 4 2
69 327
1 7 2
36 477
1 7 2
303 459
1 4 2
234 243
1 3 2
64 233
1 7 2
187 334
1 11 2
237 265
1 10 2
309 338
1 13 2
293 457
1 13 2
0 284
1 8 2
258 332
1 13 2
47 428
1 9 2
143 221
1 5 2
49 59
1 10 2
36 127
1 8 2
68 276
1 5 2
221 459
1 5 2
132 280
1 6 2
338 482
1 7 2
13 285
1 5 2
274 377
1 5 2
80 248
1 8 2
4 146
1 5 2
87 261
1 11 2
298 438
1 15 2
17 351
1 15 2
90 455
1 15 2
15 154
1 3 2
348 463
1 10 2
15 344
1 2 2
301 356
1 14 2
199 459
1 11 2
394 411
1 9 2
295 298
1 2 2
229 236
1 7 2
301 487
1 10 2
27 97
1 4 2
251 360
1 6 2
148 341
1 10 2
103 159
1 3 2
9 197
1 14 2
18 33
1 8 2
10 426
1 14 2
74 174
1 3 2
70 306
1 7 2
132 356
1 11 2
226 475
1 4 2
159 472
1 15 2
29 212
1 5 2
249 426
1 8 2
334 477
1 13 2
349 433
1 15 2
13 20
1 13 2
307 447
1 7 2
250 263
1 3 2
234 351
1 15 2
389 495
1 11 2
306 378
1 2 2
76 79
1 10 2
119 449
1 2 2
274 346
1 4 2
156 174
1 4 2
473 480
1 14 2
101 275
1 8 2
281 488
1 15 2
113 192
1 10 2
314 481
1 5 2
423 432
1 6 2
300 459
1 8 2
24 441
1 3 2
79 187
1 6 2
278 496
1 2 2
342 417
1 12 2
146 147
1 13 2
127 322
1 12 2
392 427
1 7 2
153 482
1 7 2
250 466
1 3 2
327 410
1 8 2
5 321
1 3 2
420 484
1 8 2
225 257
1 10 2
47 370
1 8 2
154 310
1 10 2
276 284
1 5 2
25 238
1 5 2
280 454
1 15 2
372 466
1 12 2
332 358
1 9 2
76 373
1 9 2
295 412
1 6 2
90 258
1 15 2
32 83
1 10 2
114 313
1 9 2
69 129
1 10 2
28 414
1 4 2
8 418
1 11 2
212 248
1 6 2
155 204
1 7 2
265 316
1 14 2
36 220
1 5 2
0 305
1 14 2
49 475
1 13 2
318 400
1 15 2
213 266
1 5 2
206 257
1 10 2
18 413
1 13 2
96 160
1 14 2
315 435
1 3 2
81 380
1 15 2
277 433
1 4 2
322 428
1 3 2
68 235
1 3 2
123 377
1 8 2
129 211
1 3 2
218 484
1 7 2
335 470
1 9 2
123 395
1 14 2
0 400
1 3 2
58 123
1 13 2
481 483
1 5 2
237 306
1 3 2
249 284
1 6 2
102 254
1 5 2
11 490
1 11 2
58 313
1 5 2
95 249
1 15 2
149 197
1 2 2
284 454
1 12 2
23 339
1 11 2
206 387
1 5 2
91 212
1 7 2
146 450
1 11 2
193 275
1 9 2
175 476
1 5 2
163 297
1 4 2
355 407
1 4 2
51 189
1 9 2
112 460
1 13 2
221 410
1 4 2
42 323
1 13 2
34 361
1 11 2
339 438
1 10 2
29 363
1 2 2
362 403
1 10 2
224 402
1 8 2
70 356
1 4 2
29 126
1 11 2
87 494
1 12 2
243 369
1 8 2
108 430
1 14 2
217 444
1 9 2
171 335
1 3 2
268 282
1 15 2
141 221
1 11 2
116 258
1 8 2
348 491
1 14 2
196 282
1 12 2
189 456
1 9 2
298 453
1 2 2
240 307
1 12 2
338 430
1 3 2
398 428
1 14 2
334 389
1 8 2
442 455
1 3 2
36 109
1 12 2
318 466
1 14 2
139 392
1 5 2
367 445
1 4 2
111 451
1 14 2
258 399
1 7 2
37 163
1 11 2
25 398
1 3 2
304 395
1 11 2
19 388
1 11 2
181 197
1 12 2
194 327
1 9 2
102 117
1 7 2
92 278
1 4 2
144 272
1 8 2
80 454
1 8 2
6 333
1 2 2
92 413
1 15 2
246 257
1 15 2
106 188
1 9 2
0 95
1 7 2
202 266
1 3 2
34 290
1 8 2
126 496
1 4 2
48 239
1 6 2
223 415
1 8 2
243 490
1 3 2
295 417
1 14 2
118 485
1 11 2
304 417
1 3 2
219 313
1 4 2
36 205
1 12 2
196 405
1 12 2
83 391
1 10 2
154 215
1 14 2
394 453
1 4 2
223 449
1 4 2
133 354
1 14 2
33 81
1 9 2
391 456
1 8 2
36 271
1 10 2
182 295
1 12 2
326 460
1 7 2
90 376
1 15 2
123 394
1 13 2
353 423
1 11 2
115 126
1 8 2
268 474
1 11 2
101 481
1 2 2
100 496
1 15 2
350 361
1 10 2
97 367
1 5 2
275 491
1 2 2
36 56
1 3 2
20 385
1 2 2
130 424
1 12 2
87 245
1 2 2
169 207
1 13 2
10 58
1 8 2
7 217
1 2 2
333 495
1 2 2
43 471
1 12 2
25 111
1 14 2
288 343
1 7 2
165 484
1 15 2
103 495
1 15 2
306 422
1 4 2
182 437
1 14 2
136 343
1 15 2
22 41
1 5 2
180 326
1 6 2
140 470
1 5 2
185 395
1 12 2
1 440
1 2 2
92 272
1 8 2
7 422
1 7 2
97 254
1 14 2
138 266
1 14 2
67 274
1 12 2
226 319
1 11 2
140 166
1 13 2
279 337
1 3 2
198 260
1 12 2
154 261
1 10 2
25 414
1 3 2
336 405
1 9 2
11 412
1 15 2
77 477
1 9 2
94 421
1 15 2
23 472
1 7 2
248 498
1 10 2
112 258
1 5 2
165 474
1 5 2
223 336
1 12 2
105 327
1 5 2
345 392
1 14 2
70 480
1 15 2
129 410
1 10 2
248 454
1 7 2
366 435
1 14 2
95 189
1 5 2
5 371
1 11 2
254 271
1 8 2
80 398
1 9 2
276 278
1 5 2
47 346
1 4 2
70 334
1 8 2
137 271
1 3 2
96 182
1 14 2
27 67
1 10 2
158 469
1 7 2
68 348
1 14 2
64 466
1 8 2
335 479
1 2 2
102 171
1 12 2
92 443
1 7 2
312 322
1 14 2
260 276
1 2 2
2 277
1 9 2
346 396
1 13 2
16 348
1 4 2
66 285
1 6 2
49 274
1 14 2
52 439
1 9 2
119 364
1 3 2
379 393
1 9 2
261 309
1 3 2
62 166
1 7 2
31 289
1 2 2
104 444
1 10 2
64 162
1 2 2
6 300
1 10 2
180 489
1 9 2
224 336
1 8 2
307 428
1 7 2
17 485
1 6 2
388 416
1 6 2
414 455
1 11 2
174 202
1 9 2
130 371
1 3 2
62 456
1 12 2
347 405
1 4 2
90 434
1 9 2
189 404
1 3 2
173 477
1 4 2
333 458
1 9 2
99 291
1 4 2
233 256
1 2 2
398 405
1 7 2
46 288
1 5 2
100 481
1 9 2
212 398
1 7 2
259 331
1 9 2
41 371
1 10 2
46 256
1 11 2
322 323
1 10 2
130 390
1 3 2
83 401
1 6 2
140 194
1 10 2
376 428
1 11 2
258 363
1 5 2
88 222
1 2 2
4 389
1 14 2
137 388
1 10 2
119 365
1 7 2
230 338
1 8 2
113 123
1 9 2
395 429
1 7 2
58 196
1 14 2
60 309
1 7 2
127 453
1 8 2
213 441
1 3 2
164 254
1 14 2
131 267
1 5 2
266 407
1 12 2
460 491
1 5 2
76 322
1 11 2
56 331
1 12 2
188 262
1 9 2
75 429
1 10 2
76 362
1 8 2
70 223
1 2 2
317 421
1 9 2
26 375
1 4 2
59 406
1 15 2
182 415
1 13 2
127 483
1 15 2
11 111
1 5 2
206 366
1 3 2
187 498
1 11 2
6 450
1 6 2
43 251
1 2 2
296 344
1 14 2
412 417
1 11 2
8 460
1 3 2
319 400
1 7 2
10 22
1 4 2
178 488
1 12 2
349 411
1 7 2
256 494
1 2 2
194 382
1 5 2
16 195
1 5 2
88 257
1 9 2
223 416
1 9 2
32 404
1 9 2
73 334
1 12 2
160 193
1 14 2
491 496
1 4 2
177 333
1 15 2
81 88
1 6 2
230 498
1 9 2
452 463
1 11 2
104 361
1 13 2
38 447
1 8 2
319 355
1 12 2
269 335
1 11 2
26 459
1 14 2
414 452
1 6 2
355 360
1 15 2
110 448
1 5 2
202 362
1 12 2
38 305
1 11 2
29 320
1 7 2
250 452
1 8 2
211 463
1 8 2
117 122
1 3 2
163 371
1 5 2
407 410
1 13 2
317 369
1 9 2
72 92
1 8 2
425 472
1 13 2
290 483
1 10 2
352 371
1 4 2
161 388
1 4 2
2 80
1 10 2
32 328
1 15 2
366 416
1 3 2
135 419
1 10 2
50 196
1 4 2
300 412
1 10 2
27 31
1 8 2
73 434
1 14 2
265 284
1 8 2
161 380
1 7 2
85 364
1 9 2
208 356
1 11 2
185 284
1 15 2
109 190
1 7 2
211 318
1 11 2
148 218
1 13 2
60 285
1 2 2
254 457
1 15 2
232 479
1 2 2
114 381
1 11 2
37 456
1 6 2
307 468
1 6 2
60 105
1 5 2
101 161
1 10 2
160 324
1 6 2
117 478
1 4 2
13 473
1 10 2
30 103
1 7 2
38 437
1 2 2
207 317
1 9 2
19 100
1 15 2
251 448
1 13 2
81 90
1 8 2
103 351
1 3 2
205 477
1 3 2
396 484
1 14 2
195 295
1 9 2
281 320
1 3 2
264 405
1 13 2
14 232
1 11 2
144 163
1 3 2
199 387
1 3 2
27 238
1 14 2
321 452
1 6 2
45 326
1 6 2
78 442
1 6 2
372 494
1 10 2
242 399
1 2 2
79 491
1 12 2
25 359
1 2 2
165 229
1 2 2
185 389
1 10 2
278 371
1 5 2
274 371
1 11 2
49 74
1 8 2
55 259
1 6 2
23 405
1 14 2
73 164
1 14 2
32 465
1 11 2
437 455
1 14 2
413 465
1 13 2
355 401
1 4 2
362 438
1 14 2
62 465
1 12 2
160 199
1 4 2
187 381
1 5 2
7 251
1 5 2
125 404
1 8 2
288 344
1 13 2
59 256
1 10 2
65 207
1 8 2
50 205
1 4 2
5 64
1 10 2
142 349
1 12 2
279 328
1 11 2
305 471
1 8 2
43 303
1 6 2
72 369
1 7 2
175 299
1 10 2
206 301
1 10 2
79 462
1 9 2
280 393
1 12 2
239 388
1 12 2
9 469
1 10 2
43 70
1 6 2
12 289
1 9 2
240 484
1 2 2
421 424
1 6 2
173 347
1 6 2
71 420
1 7 2
286 425
1 12 2
184 188
1 10 2
127 187
1 11 2
63 79
1 11 2
172 213
1 7 2
19 254
1 4 2
277 327
1 4 2
197 480
1 7 2
402 438
1 10 2
205 342
1 9 2
201 424
1 3 2
326 445
1 13 2
14 147
1 14 2
188 494
1 11 2
441 445
1 10 2
493 496
1 12 2
109 129
1 4 2
106 426
1 8 2
167 215
1 14 2
191 252
1 4 2
246 465
1 9 2
83 480
1 15 2
141 416
1 12 2
115 206
1 2 2
95 405
1 2 2
41 290
1 7 2
331 425
1 13 2
381 474
1 2 2
0 300
1 11 2
309 331
1 2 2
148 155
1 3 2
255 408
1 4 2
40 47
1 10 2
124 439
1 2 2
67 313
1 9 2
20 452
1 6 2
47 136
1 7 2
329 411
1 13 2
156 275
1 13 2
245 472
1 7 2
164 224
1 3 2
228 381
1 15 2
59 258
1 10 2
188 486
1 11 2
180 309
1 11 2
157 221
1 13 2
222 377
1 5 2
79 417
1 2 2
314 445
1 13 2
169 464
1 14 2
32 258
1 7 2
68 418
1 6 2
166 421
1 7 2
338 342
1 3 2
349 371
1 8 2
117 393
1 15 2
251 485
1 15 2
266 448
1 14 2
47 202
1 14 2
35 203
1 8 2
41 187
1 4 2
133 495
1 5 2
29 136
1 13 2
152 228
1 13 2
95 198
1 6 2
134 373
1 10 2
125 244
1 14 2
187 241
1 8 2
327 450
1 8 2
25 279
1 13 2
225 402
1 13 2
29 414
1 9 2
181 494
1 13 2
52 148
1 2 2
153 163
1 15 2
141 462
1 13 2
107 379
1 5 2
55 103
1 7 2
69 229
1 5 2
19 87
1 6 2
345 459
1 3 2
172 225
1 6 2
163 279
1 5 2
392 484
1 15 2
143 284
1 4 2
42 486
1 4 2
205 289
1 11 2
91 186
1 6 2
141 497
1 9 2
172 423
1 3 2
195 336
1 11 2
308 492
1 12 2
162 232
1 13 2
104 292
1 12 2
123 279
1 11 2
194 195
1 15 2
319 412
1 6 2
51 150
1 15 2
217 318
1 3 2
165 224
1 3 2
406 494
1 2 2
138 343
1 5 2
185 464
1 14 2
29 260
1 7 2
13 16
1 10 2
90 300
1 3 2
104 118
1 3 2
43 406
1 4 2
61 146
1 6 2
2 92
1 2 2
49 218
1 4 2
180 327
1 8 2
45 227
1 5 2
84 283
1 10 2
264 474
1 2 2
45 357
1 15 2
22 414
1 9 2
312 366
1 2 2
284 448
1 11 2
303 346
1 2 2
258 265
1 4 2
35 378
1 8 2
100 426
1 15 2
90 420
1 4 2
194 206
1 7 2
158 311
1 13 2
70 266
1 4 2
446 479
1 7 2
192 492
1 13 2
265 303
1 10 2
180 291
1 7 2
63 399
1 2 2
73 486
1 10 2
221 349
1 10 2
304 414
1 10 2
139 384
1 10 2
246 350
1 9 2
52 405
1 13 2
69 326
1 4 2
426 486
1 4 2
40 271
1 8 2
94 397
1 11 2
2 187
1 2 2
100 235
1 12 2
423 464
1 11 2
446 484
1 9 2
247 280
1 9 2
72 331
1 14 2
83 486
1 15 2
4 52
1 3 2
157 277
1 15 2
268 469
1 2 2
244 316
1 6 2
126 163
1 7 2
61 77
1 13 2
195 289
1 7 2
90 310
1 5 2
177 284
1 12 2
69 159
1 15 2
241 495
1 6 2
104 200
1 10 2
24 417
1 7 2
291 372
1 8 2
75 301
1 7 2
358 424
1 15 2
173 312
1 5 2
215 319
1 13 2
253 463
1 3 2
371 385
1 12 2
226 394
1 12 2
433 461
1 7 2
152 354
1 8 2
163 467
1 4 2
297 447
1 15 2
2 447
1 13 2
23 139
1 15 2
148 476
1 11 2
17 297
1 3 2
93 481
1 10 2
171 234
1 15 2
279 283
1 5 2
239 471
1 14 2
229 384
1 8 2
51 434
1 15 2
312 479
1 7 2
323 494
1 7 2
185 262
1 11 2
77 438
1 7 2
123 232
1 15 2
55 395
1 8 2
279 312
1 4 2
277 289
1 4 2
73 92
1 13 2
36 69
1 14 2
49 107
1 9 2
109 169
1 15 2
186 379
1 4 2
50 445
1 9 2
87 394
1 3 2
48 289
1 12 2
135 269
1 9 2
14 229
1 13 2
53 426
1 5 2
75 174
1 5 2
201 431
1 14 2
2 269
1 6 2
222 472
1 6 2
149 324
1 10 2
172 427
1 12 2
128 350
1 7 2
109 383
1 14 2
265 430
1 15 2
54 338
1 7 2
125 386
1 4 2
10 454
1 6 2
44 141
1 13 2
219 436
1 12 2
67 349
1 7 2
408 481
1 12 2
121 331
1 10 2
145 229
1 10 2
397 486
1 8 2
133 143
1 2 2
95 289
1 3 2
136 268
1 10 2
103 297
1 8 2
150 399
1 12 2
1 146
1 5 2
170 172
1 13 2
88 494
1 13 2
161 317
1 9 2
113 194
1 6 2
56 351
1 9 2
214 440
1 4 2
190 290
1 6 2
78 357
1 13 2
193 216
1 2 2
443 472
1 8 2
349 465
1 7 2
37 226
1 7 2
221 317
1 10 2
303 326
1 7 2
22 224
1 11 2
6 23
1 9 2
480 487
1 14 2
236 365
1 12 2
1 385
1 7 2
158 263
1 14 2
14 382
1 6 2
156 202
1 4 2
54 124
1 11 2
190 343
1 5 2
284 424
1 15 2
115 161
1 9 2
402 451
1 11 2
132 302
1 8 2
232 472
1 4 2
43 380
1 6 2
401 465
1 3 2
147 412
1 6 2
306 495
1 15 2
174 384
1 4 2
2 431
1 13 2
289 291
1 3 2
102 345
1 9 2
70 284
1 8 2
144 254
1 5 2
173 394
1 2 2
339 455
1 13 2
52 326
1 14 2
106 435
1 12 2
265 479
1 15 2
101 460
1 3 2
86 266
1 9 2
136 443
1 3 2
9 311
1 8 2
112 311
1 3 2
51 175
1 6 2
248 382
1 12 2
422 433
1 10 2
132 266
1 13 2
168 224
1 3 2
68 331
1 14 2
109 223
1 15 2
142 202
1 9 2
232 360
1 15 2
244 412
1 10 2
239 325
1 7 2
158 332
1 12 2
410 441
1 8 2
94 336
1 9 2
256 425
1 2 2
235 462
1 7 2
13 343
1 7 2
324 474
1 10 2
57 390
1 8 2
338 477
1 5 2
133 158
1 3 2
116 397
1 9 2
16 360
1 10 2
81 104
1 12 2
231 347
1 7 2
209 421
1 6 2
18 306
1 5 2
330 479
1 5 2
247 349
1 3 2
81 383
1 12 2
240 323
1 4 2
235 386
1 3 2
91 142
1 12 2
180 407
1 8 2
81 265
1 7 2
489 499
1 11 2
241 350
1 9 2
173 229
1 11 2
250 374
1 4 2
16 469
1 12 2
87 277
1 11 2
47 232
1 10 2
183 257
1 8 2
248 360
1 5 2
38 256
1 2 2
100 376
1 11 2
232 370
1 8 2
327 347
1 14 2
170 345
1 5 2
126 161
1 7 2
100 149
1 8 2
91 274
1 13 2
159 322
1 10 2
315 355
1 12 2
115 308
1 7 2
104 236
1 13 2
252 329
1 5 2
318 449
1 12 2
401 474
1 3 2
292 329
1 13 2
29 130
1 12 2
228 479
1 6 2
23 169
1 13 2
164 475
1 7 2
177 401
1 14 2
36 57
1 10 2
4 370
1 12 2
289 485
1 14 2
19 452
1 3 2
36 317
1 4 2
457 476
1 12 2
138 398
1 12 2
137 190
1 12 2
205 409
1 8 2
150 316
1 4 2
31 274
1 4 2
62 251
1 5 2
88 293
1 10 2
287 300
1 4 2
171 182
1 14 2
62 389
1 9 2
455 488
1 9 2
292 306
1 11 2
206 273
1 7 2
194 443
1 3 2
177 195
1 8 2
87 117
1 14 2
286 366
1 2 2
4 465
1 10 2
242 364
1 2 2
44 440
1 2 2
29 161
1 7 2
53 293
1 8 2
260 314
1 9 2
64 475
1 4 2
134 377
1 7 2
71 126
1 11 2
290 309
1 7 2
31 236
1 5 2
0 37
1 6 2
329 487
1 8 2
32 369
1 9 2
371 449
1 6 2
273 281
1 8 2
83 481
1 15 2
18 159
1 6 2
3 481
1 10 2
129 278
1 4 2
146 296
1 4 2
159 210
1 9 2
17 275
1 10 2
25 302
1 4 2
383 477
1 2 2
134 416
1 13 2
422 484
1 12 2
205 272
1 5 2
278 313
1 3 2
236 392
1 13 2
28 172
1 13 2
379 471
1 15 2
67 341
1 2 2
21 290
1 9 2
77 288
1 2 2
77 445
1 14 2
225 458
1 13 2
441 494
1 13 2
174 284
1 15 2
293 433
1 8 2
142 263
1 6 2
35 314
1 11 2
219 463
1 12 2
430 499
1 4 2
213 275
1 14 2
131 432
1 3 2
448 497
1 13 2
21 431
1 11 2
221 426
1 9 2
157 390
1 6 2
23 410
1 2 2
173 467
1 13 2
318 338
1 12 2
265 321
1 11 2
179 486
1 11 2
47 177
1 13 2
30 306
1 9 2
66 347
1 12 2
179 482
1 7 2
19 244
1 4 2
91 239
1 11 2
79 285
1 5 2
37 263
1 12 2
372 429
1 8 2
48 255
1 7 2
93 228
1 13 2
353 407
1 7 2
9 123
1 14 2
146 182
1 4 2
194 376
1 10 2
117 268
1 3 2
254 331
1 15 2
3 394
1 10 2
268 426
1 2 2
198 205
1 12 2
164 199
1 10 2
334 425
1 7 2
184 212
1 8 2
253 475
1 3 2
301 442
1 2 2
44 443
1 7 2
106 310
1 15 2
137 311
1 11 2
109 397
1 15 2
45 101
1 6 2
46 296
1 13 2
322 450
1 10 2
94 396
1 10 2
86 213
1 10 2
370 436
1 5 2
186 407
1 11 2
55 117
1 14 2
64 349
1 13 2
126 427
1 3 2
135 377
1 15 2
163 309
1 2 2
71 276
1 14 2
398 427
1 5 2
126 460
1 15 2
89 128
1 8 2
15 292
1 3 2
194 487
1 7 2
420 496
1 12 2
267 445
1 5 2
48 214
1 5 2
220 456
1 9 2
84 161
1 4 2
28 163
1 8 2
176 212
1 12 2
194 229
1 6 2
14 273
1 5 2
24 185
1 15 2
316 358
1 9 2
6 468
1 11 2
21 442
1 14 2
137 152
1 7 2
361 400
1 7 2
99 367
1 2 2
87 391
1 8 2
17 127
1 6 2
259 284
1 12 2
123 493
1 13 2
19 256
1 3 2
402 436
1 15 2
50 55
1 3 2
416 436
1 2 2
216 262
1 4 2
86 411
1 5 2
410 465
1 5 2
108 168
1 9 2
188 413
1 10 2
275 374
1 5 2
15 173
1 5 2
152 498
1 15 2
10 28
1 10 2
369 488
1 6 2
71 493
1 13 2
16 338
1 3 2
48 258
1 7 2
96 476
1 13 2
71 146
1 11 2
386 494
1 4 2
361 368
1 11 2
69 447
1 4 2
62 457
1 11 2
196 488
1 10 2
193 459
1 10 2
220 276
1 3 2
417 495
1 12 2
0 311
1 8 2
299 403
1 11 2
329 459
1 3 2
98 391
1 10 2
92 467
1 2 2
74 92
1 4 2
120 253
1 15 2
44 108
1 12 2
172 384
1 14 2
172 410
1 2 2
53 486
1 8 2
116 342
1 14 2
97 223
1 2 2
323 361
1 3 2
230 393
1 14 2
349 361
1 10 2
238 284
1 13 2
52 237
1 7 2
122 183
1 13 2
214 304
1 14 2
146 197
1 13 2
127 466
1 15 2
281 312
1 14 2
206 321
1 4 2
40 160
1 5 2
160 458
1 11 2
46 83
1 10 2
184 270
1 8 2
46 300
1 9 2
295 496
1 5 2
302 447
1 6 2
5 354
1 3 2
408 492
1 10 2
87 206
1 3 2
374 377
1 7 2
5 100
1 2 2
6 283
1 12 2
30 393
1 13 2
45 470
1 15 2
201 350
1 3 2
11 460
1 9 2
43 226
1 11 2
195 356
1 14 2
135 276
1 10 2
233 257
1 6 2
138 293
1 10 2
90 190
1 10 2
0 477
1 4 2
62 386
1 10 2
163 221
1 8 2
87 138
1 7 2
240 343
1 15 2
17 486
1 5 2
36 208
1 15 2
4 95
1 11 2
123 366
