500 3000 2500
21 16 18 10 13 24 19 14 21 13 16 19 8 20 12 18 21 13 22 23 19 5 5 11 15 12 6 10 15 25 8 20 10 14 15 14 6 10 16 14 16 10 23 21 23 20 13 11 12 7 13 5 24 10 6 9 15 5 14 8 9 11 20 25 10 18 19 14 13 22 21 14 6 17 22 25 21 12 24 8 12 21 21 16 13 19 21 5 9 6 19 5 5 16 18 9 11 7 15 11 14 7 19 9 17 9 24 17 21 8 14 9 11 22 25 13 9 12 19 13 16 12 17 12 24 12 6 17 5 10 14 6 9 6 22 13 12 10 9 12 13 24 8 5 21 21 19 13 8 23 12 7 6 13 20 13 16 12 22 11 15 13 12 18 23 25 18 13 8 16 10 13 9 15 6 17 15 12 21 25 16 24 25 19 14 19 11 22 23 22 9 19 21 14 19 22 15 23 22 9 18 18 14 16 10 25 20 7 11 11 5 17 9 10 21 10 9 7 14 10 17 19 6 23 22 9 24 19 12 5 8 22 23 20 23 16 24 6 12 7 11 23 11 15 9 12 17 17 25 23 25 10 10 20 22 7 6 10 6 17 19 19 13 21 6 15 12 21 24 11 24 10 5 13 5 11 21 15 5 10 20 10 23 9 17 21 24 6 18 17 17 21 17 10 21 23 16 13 21 11 8 5 25 16 24 7 21 5 9 14 11 18 7 14 25 16 18 18 16 14 18 25 22 23 13 12 22 16 10 18 24 9 21 21 17 10 16 8 8 17 5 21 12 19 25 21 11 20 9 18 8 5 22 22 23 17 11 11 12 14 25 8 23 8 15 10 11 6 18 11 5 9 9 15 14 19 6 24 8 24 11 10 10 25 5 17 21 13 25 10 11 24 12 6 10 15 19 22 25 16 20 23 12 17 24 15 15 23 20 16 12 10 23 24 10 9 19 9 19 5 17 15 19 8 19 10 19 16 25 18 17 20 20 14 16 5 15 9 8 16 19 25 9 8 10 8 6 10 6 11 6 5 9 9 14 24 5 6 9 14 8 19 9 21 18 7 6 25 13 9 23 13 16 22 9 18 8 12 19 12 18 8 18 8 9 9 10 16 19 18 19 21 8 13 21 9 22 23 11 14
16 6 17 17 8 10 18 9 5 8 5 11 8 6 16 5 15 3 6 17 3 8 17 9 8 20 14 19 11 5 15 6 16 5 13 20 7 9 3 11 4 14 5 9 17 10 6 4 9 7 14 5 15 4 11 9 15 4 7 7 18 10 14 4 4 17 12 17 11 20 8 15 14 13 16 8 7 13 5 10 12 8 12 3 9 12 5 3 19 10 12 19 15 13 15 11 3 3 13 20 3 19 3 7 8 7 5 18 10 9 16 19 5 5 16 8 18 11 11 14 6 5 17 16 9 12 5 5 14 20 9 15 15 3 13 13 9 10 14 10 12 10 18 10 14 15 7 6 14 18 11 5 17 6 18 17 15 20 16 4 4 3 14 4 12 16 4 6 9 11 16 10 12 4 10 5 9 10 19 10 13 3 14 7 5 17 6 12 3 5 7 10 5 11 9 15 9 5 18 9 17 7 10 7 15 12 19 16 6 6 11 5 12 6 16 16 9 17 5 16 9 5 5 16 4 16 16 18 4 12 9 6 11 17 5 15 6 9 6 12 9 5 15 3 10 18 18 6 15 14 11 5 11 14 7 5 16 5 12 5 9 13 12 9 12 8 15 6 17 9 4 12 4 5 12 10 16 14 16 3 8 11 4 6 20 9 13 11 13 9 16 8 14 12 19 4 17 4 15 12 15 6 5 5 12 17 16 9 8 5 3 20 4 17 19 18 5 19 5 10 11 20 5 16 17 8 19 8 6 12 13 9 4 9 15 9 16 17 16 7 14 19 8 8 8 11 20 7 14 18 8 5 13 19 18 12 4 3 6 13 19 11 14 7 12 15 10 8 6 9 11 7 3 9 5 3 13 7 20 16 19 4 10 9 19 5 20 4 8 15 19 13 5 17 3 15 10 16 14 15 19 16 12 18 9 14 14 9 3 13 10 10 13 6 6 18 6 16 11 8 20 20 20 5 7 5 11 9 12 12 15 15 19 19 3 6 4 6 4 3 20 9 12 7 12 6 5 9 13 6 15 7 20 15 12 20 4 20 7 19 9 12 12 7 9 16 7 6 8 5 7 17 16 17 20 9 11 9 12 12 16 11 16 19 11 13 13 7 5 19 16 5 13 20 6 10 4 17 19 14
1 8 2
246 417
1 4 2
292 319
1 6 2
22 335
1 4 2
42 458
1 8 2
174 358
1 6 2
39 351
1 11 2
233 243
1 12 2
16 345
1 15 2
104 330
1 9 2
215 387
1 10 2
82 491
1 8 2
16 432
1 13 2
47 60
1 11 2
296 317
1 13 2
88 219
1 12 2
396 424
1 5 2
245 359
1 11 2
73 278
1 11 2
25 112
1 9 2
102 389
1 5 2
62 84
1 2 2
7 45
1 9 2
240 429
1 9 2
39 293
1 8 2
285 303
1 4 2
116 128
1 11 2
246 344
1 10 2
307 345
1 3 2
335 440
1 11 2
192 443
1 14 2
186 469
1 15 2
252 442
1 3 2
91 379
1 12 2
13 441
1 6 2
198 372
1 13 2
128 234
1 11 2
82 302
1 6 2
129 350
1 13 2
218 383
1 4 2
331 498
1 15 2
233 432
1 8 2
212 257
1 7 2
115 134
1 12 2
12 449
1 2 2
274 374
1 11 2
356 443
1 15 2
99 195
1 3 2
239 302
1 8 2
66 369
1 8 2
188 275
1 15 2
395 479
1 2 2
400 405
1 14 2
69 451
1 13 2
54 409
1 12 2
220 498
1 2 2
241 394
1 5 2
79 480
1 9 2
222 378
1 4 2
170 436
1 11 2
54 466
1 9 2
118 322
1 7 2
268 381
1 6 2
236 441
1 7 2
94 280
1 14 2
0 158
1 9 2
151 250
1 13 2
120 309
1 5 2
273 449
1 13 2
42 223
1 15 2
85 215
1 4 2
117 269
1 6 2
251 403
1 11 2
190 207
1 11 2
300 476
1 9 2
163 302
1 3 2
66 470
1 13 2
300 459
1 12 2
272 305
1 9 2
201 370
1 3 2
168 349
1 14 2
312 336
1 8 2
59 376
1 10 2
57 398
1 11 2
187 265
1 10 2
345 464
1 14 2
162 434
1 9 2
85 250
1 10 2
345 438
1 15 2
78 400
1 6 2
8 340
1 5 2
170 480
1 6 2
60 475
1 7 2
23 403
1 15 2
83 375
1 9 2
68 335
1 6 2
328 438
1 6 2
17 88
1 9 2
191 471
1 10 2
197 406
1 6 2
227 250
1 11 2
244 484
1 5 2
118 390
1 13 2
307 404
1 6 2
179 357
1 9 2
20 202
1 4 2
179 351
1 15 2
145 340
1 2 2
75 184
1 12 2
92 281
1 11 2
81 86
1 10 2
145 156
1 14 2
30 215
1 11 2
341 342
1 10 2
433 489
1 7 2
224 495
1 2 2
28 96
1 4 2
298 425
1 5 2
5 110
1 13 2
307 323
1 4 2
187 454
1 13 2
126 479
1 3 2
129 240
1 10 2
79 164
1 14 2
114 330
1 11 2
119 165
1 11 2
16 440
1 10 2
231 305
1 7 2
32 366
1 3 2
204 394
1 8 2
159 287
1 6 2
256 323
1 4 2
143 430
1 2 2
87 271
1 5 2
291 439
1 10 2
414 462
1 7 2
0 19
1 2 2
352 362
1 4 2
411 440
1 4 2
155 212
1 6 2
133 427
1 14 2
159 264
1 3 2
113 386
1 5 2
89 444
1 6 2
123 289
1 12 2
268 470
1 12 2
71 126
1 7 2
142 326
1 9 2
390 444
1 14 2
165 300
1 12 2
321 452
1 8 2
366 425
1 5 2
50 156
1 4 2
81 430
1 6 2
87 204
1 13 2
118 348
1 2 2
68 225
1 15 2
100 438
1 12 2
238 476
1 5 2
125 243
1 4 2
233 425
1 6 2
10 119
1 9 2
273 346
1 13 2
26 285
1 7 2
90 417
1 15 2
56 496
1 15 2
96 333
1 6 2
11 294
1 2 2
194 413
1 7 2
301 481
1 10 2
81 457
1 3 2
73 341
1 5 2
46 476
1 6 2
72 196
1 11 2
181 384
1 3 2
40 378
1 10 2
120 161
1 12 2
150 268
1 9 2
198 202
1 8 2
105 152
1 2 2
106 480
1 12 2
137 290
1 8 2
86 337
1 11 2
169 263
1 6 2
24 268
1 11 2
0 446
1 15 2
398 443
1 12 2
96 472
1 10 2
183 308
1 9 2
87 473
1 6 2
100 260
1 3 2
318 385
1 15 2
217 378
1 3 2
60 153
1 5 2
210 439
1 4 2
226 282
1 2 2
138 494
1 8 2
317 445
1 7 2
338 365
1 10 2
53 252
1 11 2
115 130
1 8 2
1 248
1 2 2
79 414
1 13 2
64 103
1 14 2
86 357
1 3 2
421 462
1 9 2
178 244
1 7 2
127 192
1 7 2
263 313
1 6 2
59 476
1 5 2
39 144
1 8 2
83 201
1 9 2
62 141
1 4 2
12 353
1 8 2
66 393
1 10 2
32 199
1 14 2
151 327
1 6 2
221 483
1 2 2
454 471
1 8 2
375 400
1 8 2
196 239
1 15 2
185 478
1 8 2
156 311
1 3 2
362 380
1 4 2
167 359
1 15 2
139 441
1 8 2
324 494
1 3 2
118 187
1 13 2
153 157
1 14 2
74 208
1 2 2
166 398
1 8 2
191 275
1 2 2
202 459
1 10 2
162 396
1 10 2
73 291
1 10 2
192 295
1 14 2
235 400
1 15 2
259 373
1 11 2
89 292
1 6 2
215 441
1 3 2
86 333
1 5 2
251 391
1 6 2
479 490
1 2 2
51 174
1 8 2
307 430
1 15 2
113 210
1 13 2
61 455
1 15 2
83 469
1 12 2
132 253
1 11 2
4 100
1 7 2
83 291
1 12 2
45 445
1 8 2
54 375
1 13 2
157 449
1 8 2
54 198
1 8 2
243 367
1 5 2
1 289
1 11 2
289 453
1 15 2
173 411
1 6 2
241 332
1 11 2
202 255
1 12 2
47 367
1 9 2
135 140
1 7 2
131 399
1 5 2
106 406
1 14 2
128 449
1 10 2
180 329
1 9 2
396 471
1 12 2
72 266
1 8 2
27 401
1 15 2
64 343
1 11 2
21 88
1 4 2
180 474
1 9 2
117 288
1 11 2
305 422
1 2 2
128 145
1 12 2
9 345
1 4 2
225 382
1 15 2
50 244
1 13 2
308 432
1 15 2
305 361
1 3 2
237 428
1 8 2
127 178
1 3 2
133 295
1 2 2
253 430
1 10 2
169 371
1 3 2
255 464
1 14 2
72 220
1 4 2
128 135
1 6 2
21 304
1 13 2
85 140
1 8 2
139 285
1 7 2
272 448
1 15 2
38 451
1 15 2
201 307
1 13 2
88 287
1 7 2
8 439
1 9 2
158 418
1 14 2
128 172
1 9 2
300 416
1 2 2
184 343
1 6 2
376 484
1 9 2
205 471
1 13 2
475 488
1 9 2
54 353
1 4 2
481 495
1 3 2
349 368
1 5 2
79 99
1 14 2
137 437
1 4 2
106 346
1 10 2
10 483
1 10 2
352 388
1 11 2
234 351
1 2 2
63 402
1 2 2
141 322
1 7 2
221 340
1 7 2
267 327
1 8 2
59 245
1 9 2
163 440
1 3 2
54 370
1 4 2
88 295
1 3 2
154 499
1 12 2
170 415
1 6 2
37 273
1 8 2
112 129
1 8 2
170 473
1 12 2
38 246
1 8 2
363 495
1 9 2
6 243
1 14 2
166 215
1 10 2
337 371
1 4 2
120 440
1 13 2
75 495
1 3 2
193 457
1 2 2
6 191
1 10 2
447 478
1 8 2
184 481
1 12 2
179 450
1 5 2
282 462
1 14 2
191 296
1 13 2
163 378
1 12 2
108 334
1 13 2
394 426
1 6 2
74 136
1 3 2
62 154
1 14 2
13 292
1 5 2
85 276
1 14 2
211 264
1 4 2
97 311
1 5 2
278 489
1 13 2
456 475
1 3 2
209 461
1 6 2
57 489
1 12 2
159 394
1 15 2
242 314
1 15 2
43 100
1 9 2
272 351
1 15 2
57 193
1 11 2
285 408
1 3 2
65 391
1 14 2
129 371
1 8 2
32 283
1 10 2
113 330
1 15 2
18 21
1 13 2
228 429
1 7 2
101 269
1 5 2
306 384
1 12 2
53 411
1 2 2
422 472
1 14 2
24 237
1 9 2
101 274
1 15 2
317 375
1 4 2
417 442
1 10 2
252 411
1 8 2
92 189
1 5 2
87 498
1 3 2
69 400
1 3 2
297 413
1 11 2
321 358
1 9 2
2 485
1 4 2
408 441
1 11 2
87 89
1 4 2
231 341
1 5 2
165 383
1 13 2
242 278
1 4 2
215 221
1 10 2
367 413
1 10 2
21 332
1 12 2
369 392
1 14 2
100 208
1 13 2
315 349
1 9 2
93 206
1 9 2
307 493
1 9 2
447 466
1 11 2
61 288
1 7 2
103 354
1 6 2
40 390
1 14 2
360 425
1 13 2
337 350
1 11 2
114 443
1 3 2
172 248
1 2 2
166 493
1 3 2
17 426
1 2 2
205 313
1 2 2
327 481
1 14 2
107 131
1 14 2
83 289
1 9 2
40 279
1 11 2
140 146
1 6 2
73 425
1 4 2
81 328
1 7 2
140 490
1 7 2
123 282
1 14 2
226 305
1 15 2
366 464
1 15 2
120 325
1 5 2
148 263
1 10 2
187 414
1 5 2
19 183
1 4 2
144 257
1 5 2
177 347
1 8 2
34 82
1 10 2
59 412
1 6 2
292 383
1 9 2
65 371
1 5 2
226 495
1 8 2
234 396
1 14 2
325 360
1 5 2
234 260
1 3 2
119 133
1 8 2
387 406
1 5 2
17 430
1 3 2
61 211
1 14 2
38 474
1 2 2
182 216
1 11 2
20 255
1 9 2
378 498
1 5 2
21 37
1 5 2
174 425
1 3 2
76 253
1 14 2
44 86
1 13 2
19 263
1 12 2
118 368
1 7 2
42 220
1 3 2
243 459
1 7 2
144 172
1 15 2
115 315
1 15 2
179 398
1 3 2
66 422
1 4 2
327 445
1 4 2
108 252
1 8 2
199 245
1 9 2
104 233
1 12 2
39 423
1 10 2
45 358
1 7 2
42 191
1 4 2
405 448
1 3 2
73 382
1 15 2
204 322
1 13 2
320 382
1 14 2
191 358
1 6 2
93 466
1 4 2
170 401
1 8 2
109 461
1 8 2
201 359
1 11 2
22 69
1 9 2
204 439
1 11 2
136 486
1 2 2
119 284
1 7 2
39 484
1 8 2
40 81
1 6 2
1 475
1 2 2
82 154
1 15 2
134 422
1 7 2
46 453
1 4 2
86 400
1 11 2
408 417
1 3 2
150 480
1 8 2
280 401
1 5 2
56 243
1 10 2
63 452
1 10 2
14 235
1 13 2
160 238
1 6 2
30 387
1 14 2
169 287
1 14 2
31 496
1 6 2
490 498
1 11 2
26 59
1 6 2
104 331
1 12 2
372 465
1 3 2
435 486
1 15 2
64 311
1 11 2
166 324
1 13 2
185 348
1 9 2
60 288
1 12 2
14 279
1 13 2
153 416
1 10 2
432 491
1 7 2
88 280
1 4 2
350 473
1 6 2
30 266
1 12 2
80 367
1 9 2
9 468
1 14 2
65 433
1 2 2
253 306
1 14 2
266 470
1 13 2
348 443
1 12 2
98 299
1 2 2
124 399
1 13 2
81 281
1 12 2
188 213
1 3 2
11 446
1 15 2
312 392
1 6 2
277 412
1 8 2
127 333
1 7 2
265 426
1 9 2
141 199
1 9 2
54 396
1 2 2
39 149
1 9 2
326 331
1 12 2
25 425
1 4 2
35 148
1 8 2
270 303
1 4 2
52 354
1 14 2
138 396
1 11 2
327 483
1 8 2
301 419
1 13 2
12 336
1 6 2
13 110
1 15 2
326 327
1 7 2
188 310
1 8 2
282 383
1 9 2
88 426
1 14 2
164 344
1 3 2
334 494
1 15 2
49 248
1 6 2
185 239
1 3 2
99 428
1 13 2
175 255
1 5 2
193 205
1 2 2
229 378
1 9 2
132 392
1 3 2
317 421
1 4 2
75 355
1 2 2
340 485
1 11 2
108 257
1 11 2
256 340
1 8 2
35 73
1 8 2
0 356
1 15 2
88 227
1 3 2
219 269
1 7 2
54 380
1 9 2
120 485
1 9 2
163 195
1 10 2
165 222
1 6 2
401 420
1 2 2
288 351
1 12 2
316 456
1 11 2
100 416
1 14 2
268 411
1 12 2
96 384
1 5 2
319 410
1 14 2
226 477
1 9 2
174 350
1 4 2
89 150
1 13 2
47 411
1 9 2
224 425
1 8 2
276 359
1 9 2
83 191
1 5 2
4 418
1 15 2
83 231
1 15 2
479 495
1 9 2
230 274
1 8 2
318 337
1 3 2
266 355
1 9 2
26 454
1 14 2
277 295
1 3 2
284 374
1 7 2
159 165
1 10 2
176 267
1 9 2
35 61
1 14 2
120 368
1 8 2
135 354
1 6 2
101 112
1 7 2
313 490
1 13 2
18 315
1 14 2
68 337
1 11 2
63 263
1 10 2
155 238
1 13 2
392 395
1 11 2
54 234
1 10 2
187 307
1 11 2
262 317
1 9 2
106 474
1 5 2
79 402
1 12 2
108 317
1 14 2
258 445
1 7 2
180 403
1 14 2
96 272
1 10 2
7 37
1 8 2
448 462
1 13 2
245 469
1 2 2
229 336
1 9 2
187 250
1 3 2
386 484
1 9 2
179 446
1 7 2
284 360
1 10 2
158 366
1 2 2
6 62
1 8 2
72 101
1 3 2
217 393
1 2 2
109 228
1 4 2
120 494
1 8 2
264 288
1 11 2
49 127
1 3 2
230 327
1 10 2
302 328
1 8 2
148 276
1 9 2
293 338
1 11 2
367 427
1 8 2
264 416
1 9 2
68 234
1 5 2
277 409
1 5 2
235 421
1 7 2
5 56
1 2 2
55 394
1 11 2
243 465
1 4 2
37 186
1 12 2
309 498
1 8 2
253 301
1 14 2
2 107
1 9 2
169 404
1 3 2
77 462
1 3 2
85 330
1 8 2
62 389
1 14 2
249 387
1 3 2
53 280
1 7 2
84 463
1 14 2
25 129
1 7 2
286 469
1 13 2
88 261
1 3 2
130 399
1 3 2
191 482
1 3 2
249 393
1 11 2
200 447
1 10 2
270 338
1 14 2
39 334
1 5 2
101 354
1 11 2
123 369
1 2 2
208 244
1 2 2
43 414
1 14 2
114 258
1 2 2
106 427
1 5 2
151 448
1 6 2
37 299
1 6 2
381 479
1 11 2
159 390
1 10 2
376 434
1 13 2
394 409
1 12 2
73 241
1 6 2
8 285
1 6 2
49 445
1 2 2
203 249
1 9 2
74 349
1 10 2
0 242
1 15 2
34 380
1 2 2
194 344
1 8 2
85 429
1 8 2
10 399
1 13 2
65 230
1 8 2
212 351
1 4 2
131 157
1 13 2
327 420
1 10 2
410 417
1 4 2
97 451
1 12 2
114 355
1 13 2
325 484
1 2 2
104 352
1 15 2
328 380
1 15 2
243 301
1 3 2
10 145
1 14 2
223 301
1 3 2
11 497
1 4 2
260 398
1 11 2
66 270
1 9 2
120 366
1 5 2
226 381
1 4 2
49 137
1 4 2
55 436
1 5 2
331 369
1 2 2
195 380
1 8 2
108 123
1 8 2
117 333
1 8 2
100 138
1 4 2
133 251
1 7 2
74 240
1 4 2
4 179
1 14 2
199 383
1 15 2
41 471
1 13 2
335 341
1 8 2
12 444
1 4 2
86 150
1 3 2
9 161
1 11 2
97 394
1 12 2
383 422
1 10 2
231 244
1 3 2
130 333
1 2 2
247 330
1 6 2
240 458
1 13 2
71 336
1 10 2
56 242
1 8 2
260 299
1 2 2
68 472
1 8 2
0 254
1 15 2
38 224
1 14 2
414 492
1 8 2
88 133
1 11 2
47 386
1 6 2
131 455
1 7 2
301 349
1 14 2
391 497
1 4 2
4 403
1 5 2
66 116
1 12 2
132 459
1 12 2
153 473
1 9 2
121 295
1 6 2
48 373
1 13 2
49 176
1 3 2
323 356
1 4 2
138 419
1 7 2
19 309
1 11 2
135 453
1 5 2
199 266
1 12 2
375 387
1 8 2
73 319
1 13 2
209 327
1 15 2
173 263
1 2 2
119 164
1 7 2
67 170
1 7 2
129 345
1 13 2
241 292
1 4 2
123 389
1 14 2
21 90
1 9 2
20 440
1 15 2
46 298
1 5 2
50 467
1 9 2
159 407
1 6 2
258 422
1 5 2
71 315
1 10 2
222 430
1 10 2
267 415
1 13 2
96 424
1 7 2
77 267
1 5 2
200 401
1 14 2
313 401
1 8 2
147 272
1 11 2
56 69
1 10 2
321 440
1 13 2
88 97
1 2 2
31 331
1 11 2
140 221
1 7 2
147 481
1 8 2
372 386
1 7 2
36 408
1 5 2
343 385
1 5 2
43 307
1 5 2
127 368
1 4 2
239 492
1 12 2
78 362
1 9 2
134 157
1 6 2
423 482
1 12 2
349 410
1 6 2
327 357
1 4 2
201 336
1 4 2
402 477
1 9 2
142 225
1 9 2
56 318
1 5 2
345 483
1 6 2
118 259
1 2 2
28 409
1 10 2
9 383
1 3 2
266 322
1 3 2
74 409
1 3 2
218 337
1 6 2
219 318
1 12 2
10 309
1 4 2
126 452
1 9 2
71 433
1 8 2
148 352
1 13 2
101 224
1 5 2
138 163
1 3 2
236 375
1 9 2
3 430
1 11 2
262 432
1 3 2
10 416
1 13 2
21 265
1 9 2
241 497
1 4 2
76 498
1 6 2
219 481
1 2 2
116 177
1 9 2
19 483
1 2 2
122 189
1 15 2
4 468
1 5 2
167 412
1 13 2
302 478
1 5 2
197 269
1 2 2
233 415
1 13 2
181 247
1 9 2
7 405
1 9 2
101 246
1 4 2
110 234
1 7 2
259 276
1 12 2
110 168
1 10 2
455 465
1 11 2
21 387
1 12 2
207 354
1 10 2
35 422
1 6 2
54 249
1 2 2
174 187
1 2 2
111 224
1 10 2
304 461
1 6 2
151 170
1 8 2
317 496
1 15 2
388 429
1 9 2
235 394
1 12 2
200 388
1 6 2
402 476
1 9 2
50 248
1 4 2
30 346
1 4 2
62 177
1 10 2
47 441
1 11 2
86 125
1 4 2
48 217
1 12 2
456 498
1 8 2
130 470
1 14 2
53 198
1 14 2
67 154
1 12 2
171 284
1 14 2
184 291
1 2 2
223 467
1 6 2
256 442
1 5 2
10 333
1 12 2
1 400
1 11 2
71 344
1 3 2
13 346
1 2 2
201 206
1 12 2
99 415
1 15 2
303 450
1 9 2
213 311
1 14 2
39 303
1 4 2
429 496
1 2 2
74 427
1 4 2
55 154
1 3 2
57 407
1 3 2
227 381
1 15 2
1 394
1 15 2
185 187
1 13 2
310 483
1 15 2
100 202
1 4 2
54 326
1 2 2
73 206
1 9 2
38 230
1 4 2
52 168
1 9 2
105 171
1 3 2
238 421
1 10 2
47 340
1 6 2
259 391
1 4 2
108 140
1 10 2
51 257
1 4 2
256 260
1 10 2
381 496
1 6 2
276 349
1 8 2
86 211
1 8 2
171 300
1 6 2
279 302
1 12 2
192 482
1 4 2
90 495
1 7 2
27 71
1 8 2
32 485
1 6 2
110 116
1 5 2
49 116
1 14 2
283 370
1 15 2
399 428
1 14 2
131 326
1 5 2
99 395
1 15 2
125 216
1 3 2
78 242
1 11 2
247 472
1 8 2
205 413
1 14 2
5 184
1 13 2
346 479
1 8 2
142 366
1 10 2
337 449
1 4 2
210 352
1 12 2
324 370
1 8 2
322 468
1 5 2
309 391
1 10 2
94 136
1 12 2
266 469
1 3 2
65 131
1 2 2
90 470
1 6 2
192 291
1 4 2
86 288
1 2 2
2 65
1 3 2
67 379
1 5 2
92 256
1 8 2
273 466
1 10 2
242 497
1 4 2
110 149
1 13 2
181 353
1 5 2
146 214
1 13 2
4 383
1 4 2
6 78
1 12 2
260 395
1 10 2
93 175
1 7 2
102 303
1 15 2
1 109
1 4 2
209 229
1 4 2
11 83
1 7 2
50 266
1 2 2
238 243
1 14 2
220 236
1 6 2
92 352
1 6 2
218 325
1 9 2
217 298
1 6 2
64 380
1 5 2
153 165
1 15 2
103 462
1 15 2
46 209
1 12 2
276 358
1 5 2
112 297
1 7 2
388 435
1 15 2
17 68
1 13 2
450 492
1 8 2
194 218
1 6 2
127 340
1 6 2
108 481
1 8 2
224 352
1 12 2
159 365
1 8 2
34 338
1 5 2
152 318
1 10 2
223 353
1 12 2
253 300
1 11 2
233 492
1 3 2
421 468
1 2 2
277 433
1 6 2
104 238
1 9 2
179 300
1 15 2
63 393
1 3 2
85 119
1 13 2
347 375
1 13 2
427 478
1 15 2
7 163
1 4 2
27 45
1 11 2
53 470
1 8 2
1 349
1 11 2
154 227
1 13 2
14 215
1 12 2
245 277
1 8 2
108 350
1 3 2
120 459
1 15 2
393 496
1 2 2
120 172
1 11 2
355 372
1 12 2
92 114
1 7 2
261 457
1 6 2
147 174
1 6 2
156 376
1 13 2
288 438
1 10 2
252 387
1 14 2
0 188
1 5 2
214 227
1 6 2
170 293
1 2 2
113 215
1 13 2
77 123
1 10 2
254 461
1 15 2
384 447
1 7 2
185 251
1 14 2
163 473
1 3 2
393 403
1 15 2
355 439
1 9 2
24 68
1 14 2
380 408
1 8 2
106 478
1 8 2
6 252
1 4 2
82 394
1 13 2
360 432
1 2 2
50 104
1 15 2
96 284
1 15 2
15 435
1 4 2
192 473
1 14 2
262 282
1 13 2
176 296
1 7 2
124 347
1 11 2
51 104
1 11 2
150 238
1 8 2
49 52
1 3 2
275 432
1 10 2
378 478
1 11 2
415 453
1 15 2
136 180
1 2 2
18 212
1 12 2
228 275
1 8 2
70 451
1 13 2
114 123
1 11 2
243 336
1 10 2
90 307
1 2 2
81 376
1 10 2
242 382
1 13 2
414 483
1 9 2
31 360
1 3 2
170 318
1 12 2
237 371
1 3 2
240 439
1 15 2
182 273
1 5 2
427 457
1 8 2
52 95
1 6 2
169 406
1 10 2
227 259
1 15 2
259 312
1 7 2
0 429
1 6 2
192 336
1 15 2
91 490
1 12 2
201 230
1 14 2
25 357
1 4 2
196 206
1 2 2
233 359
1 12 2
201 255
1 14 2
27 293
1 13 2
214 278
1 9 2
8 137
1 12 2
301 305
1 8 2
288 424
1 9 2
5 66
1 15 2
49 344
1 2 2
168 180
1 6 2
83 388
1 6 2
66 407
1 9 2
33 184
1 3 2
57 385
1 7 2
371 428
1 6 2
50 496
1 7 2
289 424
1 3 2
95 209
1 5 2
180 443
1 2 2
307 354
1 3 2
355 427
1 3 2
101 190
1 5 2
26 327
1 8 2
35 149
1 12 2
286 479
1 14 2
54 64
1 13 2
54 365
1 2 2
108 499
1 8 2
1 163
1 15 2
141 144
1 7 2
353 431
1 13 2
48 321
1 2 2
263 483
1 14 2
24 189
1 10 2
193 410
1 11 2
271 320
1 14 2
180 315
1 12 2
110 361
1 3 2
62 182
1 10 2
117 309
1 14 2
252 336
1 12 2
307 314
1 8 2
188 227
1 6 2
466 499
1 4 2
75 240
1 15 2
81 427
1 3 2
26 399
1 11 2
290 491
1 6 2
167 330
1 5 2
66 96
1 15 2
111 389
1 12 2
186 270
1 4 2
248 485
1 3 2
48 465
1 12 2
297 482
1 11 2
98 494
1 14 2
48 149
1 7 2
419 442
1 2 2
44 401
1 12 2
13 266
1 6 2
58 314
1 8 2
197 253
1 7 2
119 187
1 7 2
329 436
1 15 2
389 411
1 4 2
320 416
1 9 2
76 250
1 10 2
88 101
1 14 2
251 315
1 4 2
175 321
1 6 2
247 370
1 12 2
49 198
1 2 2
225 249
1 2 2
340 359
1 13 2
49 376
1 2 2
162 321
1 2 2
138 408
1 5 2
87 448
1 14 2
209 486
1 12 2
211 431
1 5 2
81 146
1 12 2
141 482
1 14 2
364 488
1 12 2
202 337
1 4 2
159 461
1 9 2
28 489
1 7 2
161 428
1 4 2
197 451
1 4 2
193 499
1 14 2
19 423
1 9 2
90 483
1 14 2
132 426
1 5 2
324 374
1 7 2
97 106
1 13 2
98 397
1 2 2
418 439
1 4 2
11 30
1 9 2
154 235
1 14 2
34 389
1 4 2
294 303
1 4 2
383 428
1 11 2
38 334
1 13 2
196 477
1 6 2
167 240
1 8 2
18 289
1 6 2
17 295
1 5 2
15 258
1 2 2
19 189
1 6 2
298 403
1 7 2
324 435
1 3 2
12 88
1 4 2
72 380
1 13 2
11 486
1 10 2
28 79
1 5 2
56 394
1 5 2
49 272
1 5 2
196 242
1 12 2
425 468
1 9 2
87 419
1 15 2
184 234
1 4 2
137 483
1 5 2
346 439
1 15 2
269 437
1 14 2
2 130
1 12 2
195 214
1 12 2
219 312
1 15 2
146 196
1 4 2
362 490
1 2 2
49 327
1 15 2
305 394
1 3 2
35 409
1 2 2
1 322
1 14 2
4 498
1 9 2
357 386
1 5 2
227 299
1 12 2
103 396
1 12 2
4 22
1 6 2
354 447
1 11 2
21 54
1 11 2
227 464
1 14 2
119 455
1 5 2
34 129
1 11 2
372 481
1 14 2
36 410
1 4 2
169 292
1 9 2
143 150
1 4 2
248 491
1 2 2
311 448
1 5 2
326 346
1 15 2
66 461
1 10 2
5 151
1 11 2
83 213
1 12 2
233 435
1 3 2
238 383
1 6 2
57 298
1 9 2
111 258
1 12 2
147 325
1 5 2
46 432
1 3 2
166 300
1 5 2
174 178
1 13 2
418 488
1 8 2
309 477
1 6 2
11 173
1 8 2
92 375
1 10 2
111 452
1 5 2
149 252
1 14 2
200 392
1 10 2
373 444
1 5 2
320 337
1 11 2
116 443
1 8 2
343 354
1 7 2
192 302
1 2 2
196 306
1 6 2
443 457
1 3 2
177 449
1 12 2
55 316
1 7 2
194 492
1 4 2
80 406
1 14 2
341 384
1 12 2
161 263
1 14 2
22 62
1 7 2
61 92
1 7 2
58 168
1 13 2
369 425
1 14 2
173 432
1 5 2
402 427
1 5 2
303 454
1 11 2
165 293
1 12 2
28 325
1 9 2
3 306
1 9 2
306 450
1 12 2
334 352
1 3 2
293 480
1 6 2
15 105
1 10 2
157 485
1 2 2
45 50
1 12 2
12 435
1 3 2
148 351
1 13 2
277 376
1 4 2
73 455
1 9 2
17 494
1 5 2
46 104
1 8 2
306 421
1 11 2
144 427
1 13 2
383 442
1 12 2
104 144
1 12 2
47 125
1 9 2
16 137
1 2 2
69 444
1 8 2
209 212
1 7 2
187 303
1 9 2
371 499
1 4 2
134 354
1 14 2
39 204
1 5 2
322 434
1 10 2
373 445
1 12 2
66 319
1 5 2
32 143
1 9 2
81 158
1 6 2
16 412
1 9 2
332 442
1 7 2
344 402
1 8 2
150 447
1 5 2
70 474
1 8 2
48 424
1 11 2
241 365
1 4 2
389 445
1 11 2
300 341
1 5 2
351 438
1 6 2
124 287
1 3 2
77 300
1 15 2
22 316
1 10 2
88 421
1 15 2
215 297
1 11 2
56 67
1 13 2
59 238
1 12 2
253 472
1 5 2
242 332
1 10 2
16 426
1 14 2
73 250
1 11 2
328 428
1 6 2
337 347
1 11 2
70 148
1 6 2
82 431
1 9 2
91 117
1 5 2
429 431
1 11 2
327 404
1 11 2
97 221
1 10 2
102 408
1 6 2
92 490
1 11 2
123 381
1 4 2
145 193
1 11 2
297 377
1 12 2
55 320
1 8 2
79 312
1 7 2
26 451
1 2 2
144 446
1 11 2
149 465
1 5 2
236 320
1 10 2
35 489
1 8 2
449 495
1 13 2
371 490
1 12 2
195 223
1 6 2
263 317
1 8 2
209 269
1 8 2
37 478
1 2 2
90 175
1 12 2
67 328
1 13 2
250 414
1 4 2
208 431
1 12 2
29 415
1 6 2
42 392
1 5 2
284 438
1 7 2
272 274
1 9 2
78 263
1 4 2
106 356
1 8 2
8 337
1 10 2
53 356
1 6 2
124 459
1 12 2
14 107
1 4 2
252 339
1 5 2
147 395
1 11 2
10 412
1 13 2
27 232
1 7 2
46 356
1 14 2
303 374
1 14 2
243 322
1 6 2
210 388
1 12 2
156 448
1 4 2
79 173
1 4 2
60 214
1 2 2
15 446
1 9 2
372 498
1 3 2
91 325
1 3 2
397 422
1 8 2
3 43
1 3 2
194 498
1 14 2
183 232
1 6 2
3 358
1 13 2
118 317
1 6 2
222 367
1 3 2
209 415
1 4 2
181 451
1 5 2
337 372
1 10 2
273 279
1 13 2
24 260
1 10 2
28 165
1 2 2
180 309
1 13 2
85 118
1 14 2
27 383
1 2 2
247 429
1 6 2
316 476
1 13 2
287 496
1 4 2
107 423
1 7 2
143 230
1 14 2
202 487
1 4 2
140 189
1 4 2
258 341
1 2 2
94 293
1 8 2
190 236
1 9 2
67 135
1 9 2
122 209
1 10 2
263 445
1 13 2
31 65
1 3 2
276 434
1 11 2
136 457
1 9 2
262 487
1 5 2
77 242
1 5 2
165 212
1 3 2
65 74
1 12 2
312 429
1 9 2
89 93
1 11 2
141 480
1 4 2
62 346
1 8 2
110 197
1 9 2
194 356
1 10 2
57 220
1 8 2
27 332
1 10 2
258 315
1 13 2
288 420
1 2 2
14 322
1 4 2
285 486
1 6 2
53 71
1 13 2
20 439
1 4 2
341 376
1 5 2
259 325
1 12 2
100 452
1 3 2
184 391
1 5 2
195 349
1 8 2
10 447
1 2 2
150 315
1 5 2
156 280
1 7 2
198 330
1 5 2
360 434
1 5 2
76 399
1 5 2
153 185
1 14 2
298 445
1 5 2
135 305
1 15 2
316 361
1 13 2
174 194
1 6 2
388 430
1 3 2
318 479
1 14 2
20 469
1 14 2
59 126
1 5 2
238 336
1 7 2
305 442
1 2 2
331 490
1 7 2
300 457
1 10 2
253 334
1 14 2
332 427
1 4 2
69 494
1 15 2
128 404
1 5 2
217 348
1 10 2
208 321
1 3 2
264 347
1 9 2
62 67
1 6 2
30 398
1 5 2
85 130
1 8 2
48 458
1 15 2
126 327
1 4 2
92 280
1 13 2
131 293
1 4 2
37 162
1 15 2
133 379
1 2 2
330 384
1 15 2
242 493
1 8 2
423 490
1 15 2
234 271
1 5 2
165 347
1 12 2
429 482
1 6 2
119 422
1 6 2
37 424
1 12 2
142 148
1 9 2
307 494
1 4 2
175 432
1 11 2
96 442
1 13 2
487 497
1 9 2
98 466
1 6 2
58 254
1 6 2
122 180
1 8 2
241 473
1 14 2
23 126
1 4 2
332 369
1 8 2
146 338
1 15 2
100 143
1 2 2
362 480
1 2 2
179 337
1 2 2
29 423
1 12 2
119 312
1 3 2
233 329
1 14 2
229 452
1 3 2
143 469
1 13 2
260 363
1 6 2
397 409
1 5 2
184 190
1 10 2
189 306
1 3 2
135 374
1 2 2
109 218
1 10 2
359 467
1 11 2
358 479
1 9 2
183 325
1 2 2
103 137
1 11 2
184 283
1 15 2
326 449
1 5 2
67 360
1 3 2
110 196
1 2 2
300 471
1 4 2
35 272
1 6 2
127 487
1 3 2
73 275
1 6 2
158 314
1 15 2
444 477
1 11 2
137 379
1 12 2
143 239
1 2 2
169 351
1 3 2
188 337
1 2 2
128 223
1 12 2
138 452
1 2 2
133 291
1 8 2
274 312
1 10 2
79 163
1 12 2
185 494
1 15 2
174 381
1 6 2
43 415
1 12 2
46 224
1 12 2
13 472
1 13 2
38 340
1 13 2
62 264
1 7 2
327 433
1 10 2
193 300
1 8 2
161 327
1 3 2
415 457
1 15 2
162 284
1 10 2
9 413
1 9 2
392 394
1 11 2
87 433
1 3 2
297 453
1 2 2
179 196
1 10 2
200 232
1 11 2
192 415
1 7 2
26 290
1 14 2
84 169
1 13 2
23 232
1 3 2
188 285
1 8 2
356 487
1 10 2
299 490
1 3 2
266 293
1 2 2
34 486
1 14 2
30 289
1 6 2
302 495
1 4 2
65 401
1 13 2
29 326
1 7 2
4 479
1 4 2
218 237
1 2 2
104 157
1 14 2
76 298
1 8 2
121 370
1 2 2
117 499
1 12 2
71 186
1 9 2
117 486
1 2 2
96 417
1 14 2
332 396
1 9 2
307 485
1 6 2
325 472
1 4 2
387 401
1 7 2
17 453
1 3 2
219 493
1 3 2
79 112
1 8 2
102 235
1 9 2
16 332
1 11 2
109 232
1 12 2
227 457
1 5 2
399 470
1 4 2
185 210
1 13 2
75 404
1 13 2
266 477
1 7 2
134 400
1 15 2
160 456
1 3 2
143 247
1 11 2
117 185
1 10 2
91 344
1 10 2
39 119
1 10 2
47 80
1 15 2
73 388
1 2 2
255 450
1 8 2
178 291
1 15 2
31 105
1 5 2
323 332
1 9 2
118 268
1 10 2
329 486
1 9 2
73 450
1 5 2
243 284
1 15 2
25 136
1 4 2
288 488
1 7 2
67 372
1 11 2
84 191
1 15 2
89 391
1 11 2
190 441
1 13 2
37 321
1 11 2
17 491
1 11 2
110 372
1 11 2
55 250
1 6 2
169 309
1 7 2
342 493
1 7 2
97 306
1 9 2
184 433
1 8 2
107 390
1 7 2
117 119
1 3 2
220 491
1 9 2
255 443
1 12 2
372 420
1 15 2
192 205
1 5 2
95 218
1 12 2
61 467
1 4 2
218 469
1 3 2
54 426
1 5 2
33 387
1 11 2
289 440
1 6 2
21 61
1 8 2
90 296
1 12 2
84 323
1 6 2
123 254
1 2 2
330 362
1 5 2
307 357
1 13 2
53 248
1 13 2
208 319
1 4 2
379 380
1 14 2
285 286
1 9 2
74 423
1 8 2
164 249
1 7 2
7 492
1 10 2
148 326
1 14 2
32 133
1 6 2
160 319
1 10 2
432 490
1 4 2
196 499
1 4 2
70 461
1 2 2
62 393
1 7 2
320 493
1 3 2
158 407
1 4 2
51 381
1 10 2
108 195
1 8 2
73 248
1 15 2
121 313
1 12 2
66 207
1 8 2
289 332
1 15 2
155 428
1 2 2
183 499
1 13 2
244 263
1 3 2
18 272
1 14 2
245 480
1 9 2
207 479
1 8 2
21 136
1 5 2
17 248
1 11 2
94 109
1 15 2
239 344
1 11 2
35 396
1 11 2
210 319
1 3 2
94 361
1 14 2
154 422
1 14 2
190 479
1 13 2
173 218
1 7 2
63 187
1 2 2
143 439
1 3 2
407 466
1 14 2
188 384
1 10 2
69 364
1 7 2
303 347
1 8 2
97 493
1 11 2
47 100
1 12 2
103 484
1 3 2
299 348
1 6 2
180 272
1 11 2
278 380
1 7 2
127 229
1 9 2
263 283
1 11 2
277 428
1 4 2
150 296
1 3 2
184 434
1 9 2
4 96
1 15 2
347 402
1 7 2
322 408
1 11 2
49 75
1 10 2
134 139
1 4 2
114 238
1 8 2
38 55
1 3 2
169 230
1 15 2
217 357
1 8 2
163 396
1 13 2
133 221
1 11 2
129 313
1 15 2
2 178
1 11 2
339 396
1 9 2
105 179
1 3 2
123 338
1 8 2
38 495
1 6 2
459 479
1 2 2
40 45
1 9 2
60 97
1 2 2
329 425
1 9 2
158 207
1 14 2
186 299
1 8 2
75 440
1 6 2
224 372
1 4 2
220 371
1 5 2
41 401
1 9 2
16 132
1 2 2
115 353
1 10 2
82 382
1 9 2
299 447
1 3 2
354 443
1 14 2
96 338
1 13 2
128 405
1 6 2
155 273
1 7 2
19 180
1 5 2
4 301
1 5 2
33 328
1 6 2
114 433
1 15 2
101 347
1 4 2
144 448
1 9 2
30 282
1 11 2
184 224
1 14 2
105 121
1 2 2
127 263
1 10 2
157 275
1 9 2
264 377
1 6 2
35 62
1 10 2
135 287
1 13 2
297 388
1 7 2
100 415
1 8 2
98 306
1 8 2
9 353
1 10 2
207 461
1 7 2
2 433
1 12 2
376 463
1 4 2
268 273
1 3 2
1 165
1 11 2
324 389
1 4 2
199 310
1 14 2
297 478
1 9 2
156 388
1 10 2
26 35
1 2 2
369 408
1 8 2
293 410
1 9 2
241 441
1 10 2
14 15
1 9 2
79 233
1 13 2
91 346
1 8 2
419 448
1 13 2
389 452
1 3 2
138 486
1 13 2
1 166
1 15 2
187 272
1 5 2
90 136
1 12 2
327 497
1 5 2
298 389
1 5 2
41 187
1 3 2
477 490
1 4 2
57 397
1 13 2
60 102
1 15 2
252 256
1 10 2
53 326
1 7 2
232 448
1 15 2
171 368
1 14 2
122 330
1 5 2
139 425
1 4 2
277 342
1 13 2
235 468
1 9 2
187 377
1 6 2
17 173
1 4 2
133 460
1 14 2
1 234
1 8 2
311 469
1 2 2
196 321
1 7 2
87 164
1 7 2
92 234
1 5 2
55 271
1 10 2
283 298
1 9 2
144 204
1 15 2
361 434
1 4 2
253 396
1 3 2
181 211
1 13 2
3 329
1 12 2
355 419
1 2 2
215 434
1 15 2
250 276
1 14 2
7 497
1 2 2
316 321
1 13 2
158 391
1 6 2
220 233
1 5 2
137 481
1 14 2
302 358
1 9 2
297 389
1 6 2
54 131
1 10 2
288 301
1 4 2
153 156
1 3 2
146 364
1 6 2
39 46
1 11 2
6 157
1 12 2
1 58
1 3 2
10 218
1 13 2
132 230
1 10 2
349 431
1 5 2
261 490
1 12 2
209 340
1 11 2
199 396
1 8 2
380 433
1 9 2
0 418
1 14 2
217 438
1 4 2
307 326
1 2 2
12 399
1 2 2
238 394
1 15 2
6 477
1 2 2
103 116
1 6 2
42 233
1 12 2
93 373
1 5 2
187 397
1 6 2
340 417
1 12 2
0 14
1 13 2
58 468
1 15 2
174 496
1 6 2
231 414
1 2 2
181 471
1 3 2
52 431
1 5 2
247 289
1 13 2
245 332
1 9 2
112 268
1 12 2
20 321
1 5 2
214 320
1 12 2
88 225
1 6 2
88 497
1 13 2
77 295
1 10 2
99 213
1 10 2
150 361
1 9 2
164 294
1 6 2
8 110
1 8 2
394 449
1 7 2
58 462
1 3 2
58 113
1 11 2
36 431
1 14 2
69 77
1 10 2
0 335
1 8 2
133 146
1 13 2
33 279
1 14 2
64 155
1 11 2
17 322
1 14 2
135 328
1 3 2
119 142
1 5 2
84 288
1 7 2
309 388
1 9 2
392 479
1 6 2
84 220
1 12 2
398 429
1 9 2
185 355
1 9 2
194 476
1 13 2
105 322
1 5 2
305 377
1 8 2
66 217
1 12 2
35 83
1 4 2
120 202
1 13 2
264 286
1 13 2
214 359
1 4 2
399 444
1 7 2
205 474
1 6 2
60 430
1 6 2
249 497
1 7 2
37 405
1 15 2
115 263
1 11 2
149 320
1 2 2
172 402
1 15 2
63 156
1 14 2
235 245
1 11 2
21 73
1 4 2
29 136
1 11 2
105 216
1 14 2
412 489
1 2 2
27 148
1 13 2
202 416
1 13 2
191 349
1 8 2
266 444
1 14 2
180 196
1 9 2
242 297
1 8 2
22 254
1 3 2
89 268
1 10 2
128 469
1 4 2
387 429
1 9 2
43 164
1 12 2
298 357
1 12 2
79 97
1 5 2
204 410
1 12 2
397 402
1 13 2
69 264
1 9 2
56 167
1 4 2
174 476
1 3 2
216 326
1 3 2
434 492
1 13 2
224 478
1 11 2
328 482
1 3 2
168 249
1 10 2
97 254
1 3 2
209 481
1 3 2
8 410
1 7 2
213 452
1 7 2
474 475
1 8 2
251 400
1 6 2
212 250
1 5 2
175 181
1 8 2
369 498
1 15 2
297 321
1 5 2
124 349
1 2 2
23 391
1 5 2
13 272
1 3 2
195 388
1 14 2
198 237
1 15 2
298 303
1 6 2
1 407
1 2 2
306 408
1 15 2
130 374
1 4 2
306 481
1 10 2
432 451
1 6 2
47 485
1 7 2
201 489
1 14 2
405 467
1 7 2
112 156
1 11 2
108 479
1 8 2
271 407
1 6 2
260 355
1 9 2
261 294
1 15 2
260 431
1 6 2
378 497
1 2 2
258 457
1 15 2
121 368
1 15 2
125 249
1 2 2
112 403
1 14 2
77 148
1 12 2
213 308
1 13 2
372 487
1 10 2
33 475
1 11 2
154 413
1 5 2
221 303
1 6 2
215 344
1 4 2
236 452
1 11 2
36 210
1 3 2
82 143
1 7 2
170 381
1 6 2
185 221
1 14 2
98 246
1 15 2
81 188
1 5 2
331 339
1 5 2
327 401
1 4 2
441 477
1 5 2
98 167
1 10 2
240 395
1 9 2
104 415
1 2 2
41 183
1 10 2
45 463
1 4 2
403 415
1 10 2
171 421
1 10 2
308 413
1 3 2
150 359
1 7 2
104 416
1 13 2
166 319
1 3 2
41 157
1 11 2
245 316
1 12 2
95 388
1 2 2
46 373
1 11 2
211 258
1 2 2
167 243
1 4 2
199 207
1 15 2
142 302
1 12 2
424 445
1 8 2
433 474
1 4 2
61 219
1 2 2
231 371
1 11 2
154 206
1 14 2
64 248
1 9 2
272 412
1 6 2
309 483
1 6 2
431 444
1 13 2
336 464
1 4 2
94 362
1 13 2
72 153
1 11 2
412 491
1 5 2
108 164
1 9 2
95 257
1 10 2
82 395
1 14 2
17 43
1 13 2
131 373
1 14 2
43 458
1 13 2
77 314
1 12 2
142 402
1 5 2
435 467
1 6 2
14 46
1 9 2
151 263
1 2 2
164 447
1 6 2
143 423
1 5 2
336 340
1 14 2
20 205
1 7 2
37 161
1 12 2
257 350
1 6 2
350 450
1 8 2
136 282
1 7 2
92 454
1 14 2
11 232
1 12 2
139 424
1 12 2
381 407
1 15 2
84 94
1 15 2
338 398
1 4 2
372 461
1 8 2
81 269
1 7 2
129 328
1 12 2
295 397
1 6 2
2 293
1 3 2
107 140
1 13 2
295 303
1 14 2
106 203
1 11 2
63 468
1 11 2
164 386
1 14 2
226 394
1 7 2
145 273
1 14 2
20 143
1 11 2
260 301
1 2 2
328 422
1 13 2
396 441
1 14 2
138 210
1 9 2
65 157
1 7 2
7 177
1 5 2
287 325
1 11 2
20 307
1 12 2
159 337
1 14 2
235 493
1 8 2
27 480
1 8 2
308 328
1 9 2
395 445
1 15 2
66 309
1 11 2
64 305
1 13 2
143 166
1 15 2
217 441
1 8 2
56 343
1 9 2
126 425
1 3 2
223 362
1 9 2
65 80
1 7 2
64 486
1 8 2
55 157
1 9 2
40 160
1 8 2
73 78
1 10 2
77 238
1 13 2
175 223
1 3 2
177 497
1 9 2
314 319
1 12 2
37 292
1 14 2
345 428
1 7 2
312 404
1 2 2
32 473
1 14 2
317 402
1 8 2
166 491
1 11 2
126 302
1 15 2
135 168
1 13 2
240 402
1 7 2
299 463
1 2 2
110 131
1 14 2
95 322
1 2 2
28 323
1 11 2
267 314
1 4 2
247 297
1 2 2
150 153
1 2 2
150 448
1 11 2
6 166
1 6 2
172 313
1 5 2
220 433
1 4 2
361 475
1 12 2
136 200
1 11 2
258 440
1 3 2
258 275
1 10 2
21 422
1 15 2
100 141
1 8 2
77 177
1 6 2
274 478
1 8 2
133 179
1 8 2
362 492
1 9 2
129 196
1 3 2
52 472
1 7 2
113 156
1 14 2
142 392
1 8 2
67 226
1 4 2
224 322
1 14 2
314 394
1 5 2
132 237
1 6 2
16 495
1 15 2
100 229
1 3 2
24 75
1 9 2
38 468
1 7 2
253 349
1 15 2
246 356
1 8 2
61 207
1 4 2
247 374
1 15 2
80 342
1 15 2
382 399
1 14 2
167 265
1 10 2
344 454
1 3 2
56 281
1 10 2
220 424
1 3 2
433 485
1 5 2
280 326
1 4 2
218 399
1 11 2
303 471
1 4 2
194 453
1 11 2
277 406
1 12 2
172 318
1 5 2
12 155
1 4 2
137 391
1 14 2
322 360
1 7 2
255 319
1 14 2
169 304
1 14 2
342 499
1 10 2
307 451
1 8 2
341 392
1 7 2
335 389
1 9 2
218 340
1 3 2
230 446
1 6 2
347 399
1 9 2
429 441
1 5 2
29 137
1 11 2
264 278
1 8 2
200 265
1 3 2
129 331
1 7 2
243 337
1 3 2
302 406
1 13 2
207 263
1 7 2
152 164
1 3 2
81 390
1 12 2
265 271
1 6 2
83 352
1 5 2
89 278
1 2 2
185 281
1 5 2
60 68
1 6 2
185 436
1 5 2
177 181
1 15 2
20 115
1 2 2
118 447
1 6 2
192 287
1 8 2
254 376
1 7 2
329 350
1 3 2
108 162
1 3 2
76 248
1 11 2
33 355
1 9 2
4 211
1 7 2
175 348
1 3 2
304 425
1 6 2
371 479
1 3 2
43 423
1 3 2
338 346
1 11 2
6 27
1 12 2
142 424
1 14 2
202 242
1 3 2
150 408
1 3 2
82 283
1 7 2
89 462
1 12 2
246 355
1 5 2
144 211
1 5 2
181 461
1 10 2
75 382
1 10 2
85 131
1 14 2
57 203
1 13 2
311 477
1 3 2
317 354
1 2 2
257 299
1 4 2
97 212
1 8 2
280 409
1 11 2
45 384
1 6 2
146 226
1 11 2
66 484
1 13 2
28 183
1 8 2
147 347
1 12 2
301 474
1 4 2
381 409
1 4 2
251 430
1 14 2
180 246
1 13 2
181 374
1 13 2
84 261
1 9 2
293 349
1 14 2
80 264
1 5 2
300 498
1 5 2
187 188
1 11 2
290 313
1 9 2
79 407
1 3 2
72 102
1 13 2
40 460
1 5 2
218 293
1 10 2
324 485
1 6 2
96 465
1 10 2
73 185
1 14 2
386 472
1 7 2
407 433
1 2 2
130 229
1 6 2
226 455
1 9 2
22 51
1 2 2
6 205
1 6 2
35 207
1 10 2
252 353
1 13 2
86 325
1 11 2
316 442
1 6 2
6 406
1 7 2
273 370
1 7 2
97 110
1 9 2
109 344
1 14 2
474 481
1 3 2
332 383
1 14 2
28 159
1 12 2
129 138
1 14 2
169 316
1 11 2
39 498
1 14 2
251 433
1 11 2
264 466
1 8 2
69 196
1 9 2
255 404
1 2 2
88 222
1 5 2
138 191
1 4 2
173 291
1 2 2
214 496
1 9 2
422 483
1 6 2
129 372
1 8 2
3 347
1 8 2
407 447
1 5 2
212 374
1 12 2
144 380
1 7 2
56 395
1 2 2
61 194
1 7 2
263 462
1 6 2
22 331
1 13 2
281 331
1 12 2
320 436
1 2 2
430 462
1 11 2
19 441
1 7 2
69 455
1 11 2
164 397
1 11 2
71 379
1 10 2
143 391
1 5 2
163 492
1 14 2
226 251
1 11 2
163 169
1 15 2
205 314
1 10 2
298 376
1 10 2
122 204
1 5 2
188 194
1 9 2
202 390
1 14 2
21 198
1 13 2
175 208
1 8 2
295 405
1 7 2
205 338
1 4 2
22 193
1 9 2
7 463
1 6 2
11 177
1 4 2
262 441
1 5 2
98 457
1 8 2
52 277
1 8 2
427 452
1 11 2
452 490
1 3 2
152 377
1 13 2
192 262
1 5 2
136 425
1 8 2
229 253
1 14 2
267 392
1 9 2
21 123
1 9 2
333 385
1 12 2
80 174
1 7 2
2 222
1 15 2
308 482
1 15 2
144 171
1 12 2
206 498
1 15 2
279 425
1 4 2
151 362
1 8 2
247 296
1 8 2
1 67
1 8 2
197 304
1 2 2
183 217
1 3 2
140 274
1 12 2
421 490
1 2 2
111 269
1 14 2
115 402
1 10 2
131 288
1 12 2
66 279
1 13 2
48 432
1 15 2
8 430
1 2 2
21 128
1 10 2
98 482
1 10 2
226 325
1 11 2
299 415
1 12 2
80 269
1 3 2
116 399
1 10 2
60 130
1 9 2
106 467
1 9 2
70 207
1 7 2
12 111
1 10 2
297 483
1 11 2
29 405
1 2 2
257 376
1 9 2
261 425
1 5 2
171 342
1 12 2
66 184
1 13 2
153 462
1 7 2
33 258
1 14 2
121 389
1 2 2
154 337
1 7 2
110 409
1 3 2
16 455
1 2 2
268 335
1 14 2
136 463
1 9 2
346 355
1 14 2
56 145
1 14 2
377 433
1 8 2
227 285
1 13 2
424 462
1 12 2
180 245
1 4 2
17 189
1 3 2
142 176
1 5 2
323 438
1 9 2
75 287
1 11 2
105 375
1 7 2
86 201
1 12 2
44 297
1 6 2
2 269
1 5 2
205 345
1 3 2
137 498
1 13 2
438 478
1 9 2
63 289
1 4 2
4 330
1 13 2
265 484
1 7 2
70 431
1 9 2
80 489
1 5 2
364 421
1 3 2
11 15
1 5 2
286 445
1 2 2
160 434
1 6 2
165 224
1 15 2
24 226
1 6 2
241 319
1 2 2
323 453
1 8 2
258 387
1 12 2
176 276
1 12 2
276 380
1 7 2
377 442
1 14 2
249 298
1 10 2
52 346
1 4 2
126 376
1 5 2
381 397
1 8 2
46 352
1 4 2
9 234
1 14 2
48 459
1 5 2
458 493
1 9 2
90 160
1 12 2
186 426
1 8 2
13 474
1 3 2
253 287
1 6 2
13 412
1 6 2
62 287
1 9 2
187 245
1 5 2
259 367
1 4 2
103 333
1 15 2
347 365
1 13 2
393 440
1 10 2
91 340
1 9 2
312 407
1 4 2
109 260
1 7 2
191 459
1 8 2
229 303
1 6 2
96 207
1 5 2
31 344
1 5 2
31 320
1 14 2
163 284
1 11 2
41 414
1 15 2
176 359
1 3 2
41 215
1 6 2
250 313
1 12 2
161 292
1 10 2
136 235
1 3 2
230 281
1 15 2
107 144
1 14 2
138 324
1 5 2
261 495
1 3 2
292 442
1 11 2
103 348
1 11 2
96 446
1 3 2
12 52
1 14 2
1 256
1 14 2
113 284
1 5 2
151 354
1 11 2
121 481
1 10 2
104 160
1 12 2
160 440
1 6 2
64 488
1 3 2
279 367
1 5 2
151 188
1 7 2
196 487
1 8 2
56 140
1 4 2
206 387
1 2 2
454 463
1 15 2
48 164
1 10 2
225 347
1 9 2
35 222
1 13 2
374 406
1 5 2
0 130
1 4 2
50 391
1 5 2
225 247
1 9 2
73 245
1 12 2
20 121
1 6 2
34 470
1 8 2
265 349
1 14 2
365 415
1 15 2
121 282
1 15 2
78 136
1 3 2
80 153
1 12 2
179 379
1 9 2
71 400
1 4 2
15 328
1 14 2
214 431
1 11 2
78 426
1 12 2
15 260
1 2 2
125 262
1 8 2
205 261
1 9 2
40 421
1 8 2
245 399
1 6 2
196 379
1 14 2
39 127
1 11 2
112 458
1 10 2
369 370
1 13 2
332 424
1 10 2
9 20
1 5 2
39 284
1 14 2
298 495
1 12 2
163 410
1 11 2
167 357
1 13 2
101 422
1 9 2
25 247
1 8 2
225 470
1 2 2
27 46
1 15 2
3 159
1 5 2
332 392
1 15 2
102 347
1 3 2
133 359
1 12 2
387 471
1 9 2
80 378
1 13 2
186 293
1 9 2
19 359
1 13 2
285 316
1 10 2
86 104
1 8 2
13 188
1 13 2
146 460
1 14 2
11 218
1 6 2
170 470
1 15 2
4 194
1 12 2
258 367
1 14 2
77 203
1 7 2
265 376
1 3 2
27 88
1 2 2
176 243
1 4 2
186 430
1 4 2
195 257
1 6 2
129 284
1 15 2
401 407
1 6 2
202 364
1 4 2
230 324
1 11 2
213 314
1 11 2
115 456
1 3 2
342 411
1 2 2
100 267
1 11 2
92 331
1 14 2
36 361
1 15 2
18 455
1 3 2
221 259
1 12 2
109 160
1 7 2
156 397
1 14 2
7 387
1 6 2
233 341
1 14 2
451 475
1 6 2
252 271
1 7 2
455 466
1 2 2
181 194
1 12 2
166 435
1 15 2
293 483
1 13 2
108 357
1 8 2
179 324
1 7 2
77 380
1 6 2
198 327
1 4 2
286 441
1 9 2
32 294
1 8 2
279 435
1 6 2
26 429
1 6 2
369 396
1 14 2
135 477
1 11 2
169 477
1 5 2
150 206
1 5 2
160 452
1 8 2
226 278
1 9 2
223 254
1 13 2
82 343
1 5 2
204 260
1 13 2
110 152
1 4 2
33 97
1 13 2
50 447
1 3 2
72 265
1 8 2
237 450
1 9 2
31 290
1 13 2
316 422
1 12 2
12 356
1 10 2
34 77
1 11 2
35 365
1 12 2
15 121
1 5 2
422 464
1 4 2
106 345
1 15 2
189 419
1 5 2
14 142
1 4 2
162 416
1 8 2
64 286
1 13 2
267 479
1 15 2
270 378
1 8 2
237 422
1 2 2
330 345
1 6 2
29 267
1 4 2
203 268
1 5 2
261 332
1 11 2
80 322
1 15 2
247 481
1 3 2
88 242
1 8 2
27 208
1 14 2
395 467
1 7 2
118 392
1 10 2
278 319
1 11 2
111 486
1 15 2
139 368
1 15 2
379 422
1 5 2
64 150
1 2 2
186 439
1 8 2
347 451
1 3 2
128 448
1 15 2
157 393
1 10 2
104 242
1 11 2
86 105
1 9 2
14 40
1 4 2
431 436
1 11 2
84 286
1 7 2
222 416
1 15 2
148 211
1 15 2
283 462
1 8 2
144 335
1 13 2
28 30
1 11 2
418 494
1 13 2
97 190
1 9 2
45 279
1 11 2
15 95
1 11 2
267 298
1 13 2
42 310
1 2 2
128 149
1 12 2
13 492
1 14 2
109 465
1 4 2
41 316
1 9 2
95 154
1 2 2
178 420
1 7 2
206 332
1 15 2
181 277
1 10 2
7 451
1 8 2
114 195
1 15 2
33 401
1 9 2
109 401
1 3 2
32 310
1 9 2
82 119
1 14 2
5 270
1 13 2
251 360
1 4 2
24 404
1 13 2
139 455
1 10 2
28 120
1 3 2
249 363
1 8 2
29 169
1 4 2
25 54
1 8 2
230 466
1 13 2
241 480
1 3 2
43 89
1 13 2
148 230
1 2 2
347 480
1 14 2
99 169
1 10 2
217 244
1 6 2
255 302
1 6 2
31 372
1 5 2
349 360
1 14 2
175 494
1 9 2
313 351
1 6 2
56 124
1 5 2
143 490
1 4 2
23 251
1 14 2
79 437
1 4 2
211 289
1 11 2
63 110
1 13 2
150 460
1 9 2
156 334
1 14 2
275 485
1 4 2
152 205
1 5 2
309 481
1 11 2
30 194
1 9 2
154 167
1 11 2
25 70
1 5 2
68 79
1 15 2
94 366
1 13 2
217 245
1 10 2
186 192
1 3 2
353 360
1 9 2
81 332
1 11 2
151 376
1 2 2
211 442
1 13 2
130 413
1 10 2
133 455
1 13 2
205 333
1 3 2
132 369
1 9 2
152 246
1 5 2
348 407
1 2 2
206 382
1 8 2
349 499
1 6 2
111 247
1 3 2
41 477
1 10 2
29 324
1 4 2
115 186
1 13 2
85 314
1 13 2
117 318
1 3 2
244 319
1 10 2
15 57
1 7 2
193 324
1 15 2
243 331
1 2 2
219 418
1 3 2
80 122
1 3 2
284 355
1 5 2
251 286
1 3 2
259 341
1 10 2
289 483
1 2 2
309 411
1 3 2
89 486
1 15 2
59 489
1 4 2
234 242
1 14 2
79 161
1 9 2
11 285
1 12 2
185 351
1 3 2
52 479
1 5 2
364 401
1 5 2
17 400
1 7 2
54 200
1 3 2
216 466
1 3 2
316 378
1 6 2
53 360
1 10 2
22 118
1 7 2
104 322
1 4 2
131 260
1 12 2
373 486
1 11 2
21 72
1 4 2
253 322
1 11 2
91 120
1 11 2
39 62
1 6 2
133 235
1 8 2
227 257
1 10 2
5 138
1 4 2
161 213
1 12 2
144 433
1 7 2
82 92
1 12 2
1 417
1 15 2
84 139
1 9 2
38 482
1 7 2
218 474
1 10 2
182 415
1 9 2
256 398
1 3 2
149 296
1 2 2
113 227
1 10 2
53 455
1 9 2
42 249
1 10 2
203 334
1 6 2
186 266
1 14 2
35 406
1 5 2
277 317
1 3 2
295 424
1 10 2
334 394
1 11 2
187 327
1 15 2
206 371
1 14 2
36 79
1 14 2
305 355
1 6 2
118 357
1 14 2
166 305
1 8 2
106 414
1 7 2
102 335
1 10 2
204 344
1 7 2
3 401
1 7 2
135 233
1 14 2
202 216
1 11 2
256 258
1 3 2
85 470
1 15 2
146 416
1 11 2
324 487
1 3 2
94 368
1 5 2
19 254
1 4 2
134 368
1 2 2
67 248
1 9 2
257 360
1 9 2
11 430
1 11 2
393 479
1 9 2
309 382
1 10 2
53 278
1 5 2
178 414
1 13 2
404 428
1 6 2
10 162
1 9 2
282 351
1 9 2
185 296
1 14 2
174 353
1 15 2
96 358
1 11 2
10 194
1 8 2
102 151
1 13 2
96 473
1 3 2
51 495
1 6 2
246 340
1 9 2
63 423
1 12 2
169 330
1 6 2
181 261
1 11 2
247 281
1 11 2
8 321
1 9 2
243 456
1 4 2
188 362
1 5 2
3 451
1 13 2
98 228
1 14 2
54 119
1 12 2
60 424
1 13 2
107 301
1 15 2
130 372
1 9 2
121 436
1 15 2
229 439
1 10 2
106 468
1 6 2
56 106
1 9 2
122 314
1 8 2
49 488
1 7 2
286 468
1 13 2
395 416
1 3 2
418 492
1 10 2
25 288
1 5 2
46 443
1 4 2
49 369
1 3 2
59 430
1 9 2
325 430
1 13 2
4 339
1 8 2
51 146
1 10 2
457 480
1 15 2
2 496
1 3 2
68 494
1 15 2
10 225
1 11 2
350 404
1 3 2
84 475
1 12 2
398 448
1 15 2
17 218
1 15 2
113 382
1 3 2
169 365
1 9 2
50 76
1 2 2
141 191
1 6 2
55 437
1 3 2
144 436
1 9 2
380 422
1 11 2
49 82
1 9 2
191 196
1 13 2
380 482
1 9 2
106 249
1 2 2
11 316
1 6 2
157 453
1 5 2
35 206
1 5 2
5 102
1 11 2
66 160
1 6 2
278 327
1 15 2
77 441
1 6 2
145 429
1 10 2
44 96
1 8 2
119 420
1 6 2
358 491
1 4 2
97 374
1 3 2
51 290
1 10 2
331 493
1 8 2
13 491
1 10 2
184 299
1 12 2
24 194
1 5 2
203 413
1 13 2
160 446
1 12 2
136 440
1 15 2
271 360
1 10 2
60 422
1 4 2
185 498
1 14 2
6 427
1 4 2
16 170
1 12 2
209 382
1 5 2
373 471
1 14 2
150 260
1 15 2
123 471
1 8 2
69 283
1 9 2
447 458
1 5 2
260 473
1 8 2
190 360
1 11 2
146 294
1 15 2
6 480
1 15 2
19 312
1 3 2
43 273
1 13 2
171 247
1 13 2
7 20
1 11 2
20 75
1 7 2
242 283
1 15 2
142 414
1 5 2
258 311
1 14 2
50 350
1 6 2
18 185
1 6 2
405 482
1 12 2
16 486
1 5 2
250 377
1 5 2
102 458
1 4 2
139 364
1 6 2
5 312
1 11 2
215 411
1 11 2
87 367
1 13 2
326 393
1 10 2
334 337
1 7 2
316 467
1 3 2
31 75
1 2 2
78 137
1 2 2
342 373
1 8 2
74 275
1 7 2
96 350
1 13 2
18 28
1 11 2
166 311
1 10 2
39 41
1 12 2
50 375
1 13 2
97 240
1 8 2
57 237
1 15 2
18 50
1 9 2
110 300
1 11 2
63 239
1 14 2
12 240
1 8 2
156 171
1 13 2
135 322
1 2 2
123 237
1 14 2
397 436
1 11 2
330 459
1 7 2
52 448
1 12 2
212 238
1 14 2
116 176
1 5 2
121 242
1 14 2
11 421
1 14 2
427 445
1 11 2
106 201
1 2 2
350 408
1 4 2
336 362
1 13 2
300 445
1 15 2
126 186
1 7 2
462 482
1 8 2
342 484
1 8 2
61 335
1 8 2
4 463
1 9 2
58 304
1 8 2
200 284
1 14 2
187 357
1 11 2
379 433
1 15 2
85 461
1 10 2
31 83
1 11 2
102 375
1 11 2
136 412
1 4 2
363 409
1 11 2
91 393
1 10 2
85 156
1 8 2
220 451
1 9 2
320 409
1 15 2
412 429
1 13 2
309 380
1 12 2
75 170
1 13 2
104 252
1 9 2
133 494
1 15 2
168 185
1 3 2
219 227
1 12 2
293 436
1 8 2
326 425
1 4 2
172 334
1 10 2
338 402
1 4 2
176 385
1 11 2
43 67
1 8 2
114 472
1 9 2
235 303
1 5 2
13 400
1 2 2
5 299
1 6 2
158 450
1 14 2
262 364
1 2 2
18 306
1 2 2
320 433
1 3 2
249 331
1 14 2
312 344
1 4 2
167 495
1 10 2
119 157
1 12 2
149 495
1 12 2
12 19
1 11 2
25 43
1 8 2
380 478
1 7 2
30 72
1 12 2
196 298
1 2 2
331 481
1 8 2
204 257
1 14 2
306 379
1 13 2
203 223
1 12 2
404 464
1 15 2
145 456
1 15 2
218 453
1 14 2
69 289
1 13 2
170 384
1 12 2
118 492
1 6 2
87 292
1 2 2
326 483
1 7 2
27 331
1 2 2
15 244
1 11 2
256 435
1 15 2
221 455
1 10 2
320 463
1 15 2
304 312
1 14 2
8 310
1 8 2
149 493
1 4 2
23 80
1 9 2
150 231
1 3 2
292 308
1 5 2
219 350
1 7 2
11 52
1 12 2
268 415
1 4 2
142 431
1 6 2
170 367
1 2 2
4 88
1 10 2
281 322
1 7 2
456 482
1 7 2
145 430
1 9 2
66 373
1 13 2
201 417
1 15 2
221 338
1 6 2
176 248
1 15 2
244 356
1 3 2
485 492
1 13 2
312 399
1 9 2
68 186
1 11 2
274 413
1 14 2
404 463
1 3 2
75 325
1 9 2
91 155
1 3 2
141 261
1 4 2
318 320
1 3 2
8 206
1 2 2
64 278
1 10 2
289 460
1 9 2
82 179
1 12 2
277 468
1 5 2
54 406
1 5 2
148 402
1 15 2
51 242
1 13 2
167 378
1 15 2
10 97
1 9 2
180 332
1 11 2
299 427
1 9 2
169 290
1 2 2
116 388
1 10 2
90 204
1 15 2
276 377
1 6 2
63 448
1 14 2
100 320
1 9 2
33 315
1 6 2
92 471
1 15 2
162 422
1 8 2
281 486
1 10 2
113 355
1 4 2
382 411
1 15 2
199 352
1 3 2
214 247
1 12 2
117 302
1 15 2
69 97
1 6 2
158 210
1 2 2
117 397
1 15 2
111 132
1 12 2
80 224
1 2 2
7 419
1 8 2
226 482
1 3 2
13 354
1 8 2
6 318
1 6 2
119 303
1 14 2
8 279
1 6 2
344 425
1 7 2
40 452
1 15 2
91 240
1 3 2
55 450
1 13 2
179 380
1 6 2
342 355
1 6 2
305 453
1 9 2
41 485
1 6 2
175 234
1 11 2
9 147
1 15 2
66 452
1 8 2
147 441
1 5 2
111 266
1 11 2
307 455
1 9 2
185 472
1 13 2
9 137
1 9 2
134 473
1 13 2
6 92
1 3 2
126 326
1 8 2
209 364
1 8 2
161 332
1 15 2
70 386
1 8 2
2 88
1 15 2
7 154
1 11 2
339 363
1 11 2
1 225
1 2 2
77 195
1 5 2
335 346
1 3 2
228 318
1 6 2
330 474
1 9 2
163 255
1 8 2
76 382
1 13 2
50 408
1 12 2
124 429
1 7 2
227 377
1 9 2
204 244
1 4 2
133 338
1 4 2
114 254
1 11 2
98 371
1 9 2
166 303
1 2 2
2 105
1 13 2
381 394
1 10 2
82 436
1 7 2
224 487
1 4 2
372 405
1 9 2
53 404
1 3 2
348 459
1 14 2
399 482
1 15 2
13 393
1 11 2
226 398
1 3 2
0 139
1 13 2
243 340
1 8 2
163 240
1 15 2
327 485
1 9 2
196 498
1 8 2
231 298
1 10 2
300 358
1 15 2
93 185
1 9 2
164 312
1 2 2
40 220
1 7 2
219 434
1 13 2
107 421
1 9 2
49 384
1 5 2
173 231
1 4 2
38 292
1 5 2
57 115
1 4 2
235 474
1 3 2
198 240
1 11 2
195 270
1 15 2
267 335
1 9 2
344 456
1 10 2
15 82
1 14 2
221 318
1 2 2
211 232
1 15 2
95 325
