500 3000 2500
12 17 16 24 8 13 12 9 16 7 8 21 19 12 10 18 17 19 22 21 13 14 24 23 17 22 8 10 15 23 13 25 21 9 13 7 11 17 21 23 20 9 10 20 22 22 7 6 9 8 11 5 9 20 22 19 8 25 10 24 14 23 25 25 13 20 11 9 8 9 25 24 18 13 7 11 11 18 20 12 10 22 17 20 24 8 14 15 5 7 13 7 20 6 19 12 11 14 7 9 13 10 8 7 10 13 7 16 11 13 15 10 6 16 8 25 6 24 10 12 11 21 11 6 15 18 7 15 24 10 17 6 24 21 25 21 9 20 16 11 18 6 6 23 20 13 7 8 22 25 19 5 22 22 14 21 17 12 8 23 14 23 17 22 23 16 22 17 8 16 15 25 22 21 13 16 20 13 10 13 16 22 13 17 12 25 14 22 18 23 15 22 18 5 18 9 24 19 16 8 18 17 24 21 19 15 24 19 9 22 25 24 20 17 16 11 18 21 21 10 25 25 15 8 6 20 25 15 8 6 16 14 17 6 12 20 17 9 16 23 9 10 5 10 10 20 11 19 17 15 9 8 12 21 7 6 22 7 11 7 25 5 5 13 5 15 11 19 25 14 6 24 10 7 10 7 6 17 24 24 15 7 5 20 6 8 22 21 21 19 17 23 9 6 14 23 6 15 8 10 16 6 11 17 15 5 25 18 23 14 5 17 13 15 15 23 16 5 8 16 22 14 17 24 22 24 21 23 17 18 14 22 17 7 24 13 8 6 16 8 18 16 23 14 18 5 15 24 14 22 6 8 23 23 9 7 16 5 8 16 13 7 24 24 11 9 12 17 12 17 6 17 18 17 11 5 14 10 16 10 13 14 15 8 18 22 9 18 6 23 17 8 6 25 11 13 25 15 18 11 13 21 16 24 13 6 23 22 12 20 5 8 12 12 5 11 16 22 11 16 8 13 14 9 20 25 23 14 11 7 15 16 17 21 5 25 11 18 8 13 23 5 19 23 10 14 12 17 9 7 16 17 14 8 12 11 24 16 16 14 5 6 13 17 17 5 5 25 10 18 23 13 6 24 22 10 6 11 20 7 19 22 7 24 25 16 19 11 20 20 21 13 24 5 7 13 25 14 21 24
4 8 11 17 14 18 12 19 17 4 13 5 3 12 11 14 6 3 4 11 6 13 11 10 18 17 20 4 15 6 4 14 5 3 17 19 12 14 14 20 7 12 19 14 9 14 7 18 15 4 15 10 13 17 5 11 14 10 3 5 19 4 14 17 12 20 13 10 7 7 11 13 9 16 4 8 6 4 13 3 20 16 13 7 15 12 5 18 5 7 14 12 10 16 6 12 8 5 18 17 11 19 15 20 19 10 9 3 13 17 19 8 7 17 15 12 11 5 14 5 14 13 3 19 7 11 9 19 10 18 18 20 8 10 4 13 10 18 14 12 12 12 14 5 19 19 9 18 6 12 20 6 13 3 8 20 8 4 5 5 3 7 20 4 11 8 10 10 6 6 20 13 7 9 20 10 16 18 11 6 7 10 11 13 16 19 8 10 14 11 10 19 10 5 14 6 19 15 10 18 16 5 15 18 7 10 13 3 11 20 6 11 19 5 9 8 16 5 5 5 15 20 14 15 8 8 18 19 17 5 5 16 10 15 20 15 4 20 10 3 15 11 17 6 11 14 14 18 11 7 11 11 12 12 8 11 14 17 19 9 15 3 15 14 7 18 20 12 11 4 7 12 12 20 7 13 16 3 16 17 15 16 13 14 19 9 16 9 17 14 7 10 6 11 7 5 16 8 20 16 12 15 4 9 5 7 9 14 13 6 15 14 15 10 18 8 20 8 8 5 5 15 9 15 6 7 10 18 7 14 20 3 15 11 13 17 11 14 17 9 3 20 18 3 15 14 14 16 6 6 19 10 6 5 5 14 12 4 20 16 18 5 18 10 4 16 16 14 12 6 5 20 7 12 10 12 13 9 16 19 8 16 9 4 19 11 15 5 10 17 6 4 6 11 19 10 17 13 5 17 3 15 13 19 12 12 16 14 10 15 3 8 3 10 13 15 19 14 18 13 6 3 18 6 15 11 4 5 19 17 17 15 19 17 14 17 8 9 20 19 12 17 8 9 20 11 8 16 12 3 14 3 10 9 9 14 8 5 20 4 12 10 16 20 4 12 11 19 15 17 15 16 7 3 7 10 3 9 16 20 17 15 13 13 13 19 3 13 10 17 8 19 14 4 18 20 20 20 17 17
1 7 2
79 163
1 9 2
246 340
1 10 2
116 361
1 5 2
56 258
1 5 2
47 487
1 4 2
213 353
1 2 2
98 443
1 10 2
326 355
1 8 2
135 347
1 3 2
11 104
1 12 2
104 336
1 9 2
172 404
1 8 2
441 481
1 11 2
230 339
1 2 2
86 251
1 5 2
109 157
1 11 2
193 332
1 12 2
238 440
1 10 2
288 362
1 12 2
45 259
1 14 2
201 420
1 5 2
17 428
1 6 2
140 358
1 7 2
255 445
1 7 2
201 269
1 2 2
192 272
1 6 2
2 252
1 11 2
58 315
1 8 2
99 492
1 5 2
300 458
1 7 2
141 279
1 12 2
163 192
1 15 2
205 349
1 15 2
176 370
1 10 2
315 445
1 15 2
214 452
1 5 2
49 493
1 15 2
274 342
1 12 2
139 361
1 6 2
229 480
1 8 2
133 254
1 15 2
130 308
1 3 2
125 227
1 14 2
171 409
1 7 2
410 451
1 5 2
126 224
1 8 2
212 240
1 15 2
62 369
1 5 2
371 455
1 14 2
115 479
1 14 2
237 280
1 5 2
364 400
1 8 2
111 132
1 9 2
106 215
1 6 2
182 386
1 8 2
237 403
1 3 2
163 208
1 6 2
28 411
1 9 2
215 221
1 3 2
304 383
1 5 2
263 318
1 9 2
165 253
1 6 2
380 446
1 3 2
320 402
1 3 2
98 223
1 2 2
185 212
1 7 2
162 331
1 3 2
252 479
1 11 2
252 311
1 15 2
239 487
1 11 2
261 499
1 9 2
112 212
1 8 2
0 484
1 14 2
219 408
1 11 2
120 296
1 7 2
171 372
1 10 2
240 415
1 3 2
385 434
1 11 2
281 289
1 8 2
15 72
1 8 2
20 424
1 2 2
366 419
1 9 2
37 323
1 9 2
262 475
1 3 2
186 235
1 5 2
109 369
1 6 2
92 239
1 4 2
92 477
1 7 2
191 467
1 15 2
142 280
1 9 2
189 257
1 12 2
63 471
1 10 2
67 201
1 6 2
352 454
1 10 2
215 422
1 13 2
274 372
1 5 2
16 357
1 13 2
61 413
1 4 2
86 203
1 9 2
355 485
1 14 2
96 446
1 8 2
266 461
1 9 2
240 301
1 6 2
198 475
1 13 2
185 271
1 5 2
100 333
1 9 2
151 243
1 4 2
23 41
1 8 2
470 497
1 3 2
131 269
1 3 2
13 89
1 14 2
8 123
1 10 2
282 475
1 2 2
96 249
1 5 2
102 180
1 7 2
185 495
1 11 2
258 420
1 10 2
15 488
1 13 2
4 215
1 3 2
77 161
1 8 2
225 273
1 15 2
56 383
1 3 2
61 233
1 11 2
72 341
1 5 2
122 248
1 14 2
80 451
1 14 2
43 316
1 12 2
210 220
1 8 2
192 478
1 6 2
56 114
1 5 2
16 200
1 9 2
185 396
1 2 2
9 143
1 7 2
34 267
1 12 2
343 420
1 14 2
397 448
1 4 2
57 295
1 5 2
463 480
1 4 2
9 148
1 13 2
44 291
1 10 2
59 190
1 14 2
85 101
1 6 2
45 73
1 9 2
90 483
1 4 2
26 350
1 9 2
78 485
1 6 2
151 152
1 9 2
91 225
1 11 2
69 495
1 12 2
66 476
1 6 2
203 326
1 3 2
36 385
1 13 2
44 357
1 8 2
223 250
1 15 2
437 452
1 13 2
37 379
1 14 2
19 228
1 13 2
34 456
1 14 2
413 446
1 7 2
157 431
1 8 2
251 495
1 3 2
173 305
1 10 2
163 323
1 6 2
77 115
1 9 2
26 466
1 11 2
118 286
1 11 2
135 481
1 7 2
148 174
1 2 2
137 457
1 4 2
200 498
1 8 2
191 438
1 4 2
197 337
1 13 2
96 282
1 11 2
151 247
1 15 2
4 203
1 2 2
139 151
1 12 2
166 361
1 6 2
80 157
1 2 2
292 405
1 8 2
47 435
1 8 2
22 182
1 9 2
283 458
1 5 2
29 233
1 15 2
73 152
1 15 2
200 353
1 10 2
156 307
1 2 2
169 175
1 14 2
56 238
1 10 2
189 374
1 15 2
124 385
1 7 2
80 217
1 9 2
8 145
1 11 2
300 331
1 11 2
112 255
1 12 2
145 426
1 3 2
233 440
1 5 2
156 235
1 14 2
173 310
1 14 2
447 478
1 9 2
54 134
1 10 2
98 172
1 15 2
182 323
1 12 2
89 242
1 13 2
100 146
1 11 2
94 465
1 11 2
166 423
1 10 2
259 270
1 8 2
125 425
1 2 2
330 403
1 3 2
54 469
1 15 2
116 249
1 8 2
219 254
1 12 2
46 283
1 3 2
307 339
1 12 2
254 411
1 10 2
28 320
1 14 2
26 369
1 14 2
180 220
1 12 2
297 311
1 12 2
7 91
1 2 2
243 474
1 6 2
85 257
1 6 2
213 244
1 3 2
425 489
1 13 2
24 458
1 13 2
1 268
1 13 2
107 257
1 2 2
98 347
1 4 2
14 349
1 6 2
148 286
1 7 2
264 326
1 7 2
179 291
1 4 2
206 274
1 5 2
24 376
1 7 2
22 194
1 14 2
161 492
1 7 2
159 406
1 11 2
292 443
1 2 2
37 260
1 4 2
153 455
1 7 2
391 467
1 6 2
144 265
1 8 2
126 457
1 8 2
134 278
1 7 2
46 252
1 13 2
26 287
1 6 2
19 343
1 11 2
362 420
1 2 2
170 266
1 7 2
216 292
1 15 2
91 377
1 14 2
422 436
1 7 2
263 317
1 10 2
286 499
1 15 2
379 491
1 12 2
291 350
1 8 2
141 176
1 11 2
238 475
1 8 2
8 204
1 5 2
233 368
1 4 2
357 499
1 2 2
72 497
1 10 2
275 279
1 9 2
229 327
1 12 2
2 496
1 15 2
326 381
1 12 2
161 383
1 7 2
161 328
1 6 2
105 294
1 5 2
221 336
1 10 2
136 198
1 4 2
65 294
1 3 2
412 467
1 3 2
112 484
1 13 2
241 412
1 3 2
36 208
1 9 2
270 333
1 3 2
141 466
1 11 2
382 499
1 10 2
406 448
1 15 2
68 423
1 4 2
84 211
1 13 2
403 487
1 6 2
44 110
1 9 2
31 127
1 7 2
282 423
1 4 2
184 494
1 3 2
209 258
1 5 2
192 237
1 2 2
405 477
1 2 2
236 413
1 10 2
335 432
1 3 2
33 408
1 13 2
48 187
1 5 2
398 454
1 11 2
127 479
1 8 2
13 168
1 9 2
363 400
1 9 2
66 297
1 12 2
124 139
1 9 2
70 461
1 2 2
128 401
1 5 2
216 228
1 3 2
40 228
1 4 2
383 441
1 8 2
5 241
1 5 2
160 373
1 13 2
11 22
1 9 2
126 349
1 10 2
408 428
1 8 2
9 147
1 10 2
103 236
1 6 2
139 394
1 7 2
114 431
1 14 2
98 154
1 12 2
152 491
1 8 2
98 393
1 7 2
346 455
1 6 2
39 171
1 15 2
144 315
1 3 2
182 288
1 7 2
223 274
1 6 2
106 321
1 9 2
96 479
1 3 2
59 379
1 8 2
131 402
1 3 2
117 152
1 9 2
92 135
1 10 2
210 346
1 4 2
62 164
1 6 2
189 372
1 10 2
152 368
1 2 2
190 202
1 2 2
266 457
1 12 2
211 294
1 3 2
208 295
1 5 2
312 374
1 7 2
377 403
1 13 2
10 162
1 2 2
153 439
1 14 2
177 360
1 2 2
210 399
1 6 2
355 373
1 12 2
97 425
1 2 2
14 499
1 5 2
263 456
1 5 2
246 263
1 12 2
219 481
1 6 2
289 359
1 11 2
58 154
1 8 2
91 345
1 5 2
153 207
1 4 2
34 237
1 9 2
105 295
1 9 2
0 272
1 10 2
94 193
1 10 2
269 396
1 7 2
19 246
1 4 2
373 480
1 13 2
243 258
1 4 2
274 434
1 9 2
277 401
1 8 2
174 304
1 10 2
175 399
1 6 2
236 343
1 5 2
361 426
1 4 2
78 451
1 14 2
41 237
1 10 2
164 401
1 10 2
208 374
1 2 2
100 364
1 13 2
7 172
1 6 2
102 480
1 10 2
299 448
1 11 2
52 244
1 13 2
146 354
1 8 2
380 389
1 3 2
193 296
1 9 2
100 470
1 12 2
239 438
1 8 2
13 186
1 3 2
35 473
1 13 2
232 259
1 5 2
312 317
1 15 2
207 246
1 9 2
339 382
1 11 2
19 154
1 9 2
1 62
1 9 2
336 442
1 7 2
238 294
1 6 2
350 388
1 8 2
202 330
1 8 2
1 297
1 2 2
432 484
1 13 2
334 480
1 6 2
388 484
1 13 2
7 338
1 4 2
0 313
1 2 2
164 437
1 14 2
5 58
1 7 2
454 498
1 7 2
7 362
1 13 2
403 413
1 6 2
33 446
1 6 2
121 237
1 12 2
125 173
1 9 2
268 430
1 8 2
117 469
1 13 2
101 261
1 13 2
256 470
1 13 2
357 382
1 8 2
334 426
1 7 2
287 399
1 12 2
122 211
1 14 2
122 179
1 12 2
325 339
1 12 2
201 455
1 2 2
78 137
1 12 2
360 469
1 14 2
393 437
1 6 2
23 31
1 5 2
243 283
1 3 2
72 458
1 13 2
234 268
1 2 2
158 167
1 12 2
10 374
1 2 2
204 259
1 2 2
123 176
1 14 2
374 444
1 11 2
23 315
1 12 2
126 288
1 3 2
215 482
1 12 2
304 356
1 5 2
105 337
1 9 2
134 293
1 9 2
101 255
1 11 2
233 497
1 14 2
101 257
1 6 2
36 424
1 10 2
247 343
1 15 2
192 278
1 6 2
81 180
1 10 2
125 261
1 12 2
350 455
1 10 2
59 335
1 15 2
14 190
1 7 2
64 201
1 10 2
170 386
1 7 2
73 226
1 8 2
246 495
1 14 2
260 340
1 10 2
256 279
1 12 2
194 346
1 6 2
208 417
1 10 2
288 484
1 3 2
19 369
1 7 2
181 299
1 3 2
344 377
1 6 2
283 342
1 6 2
229 340
1 9 2
57 123
1 3 2
53 449
1 9 2
8 111
1 14 2
32 386
1 5 2
195 322
1 3 2
253 320
1 11 2
53 66
1 8 2
253 442
1 4 2
226 439
1 11 2
148 470
1 4 2
124 326
1 2 2
278 362
1 3 2
50 134
1 2 2
45 413
1 8 2
89 201
1 5 2
15 80
1 2 2
159 373
1 5 2
38 408
1 6 2
52 412
1 4 2
9 219
1 4 2
248 310
1 14 2
101 468
1 10 2
244 458
1 13 2
53 290
1 15 2
43 416
1 12 2
27 494
1 7 2
65 351
1 12 2
337 397
1 5 2
300 418
1 3 2
60 206
1 9 2
288 323
1 13 2
306 368
1 2 2
131 342
1 2 2
40 74
1 11 2
120 285
1 15 2
279 355
1 12 2
137 410
1 6 2
145 324
1 8 2
49 208
1 2 2
332 344
1 14 2
2 277
1 14 2
226 438
1 8 2
421 464
1 6 2
98 112
1 7 2
6 10
1 6 2
51 380
1 9 2
248 418
1 7 2
77 455
1 14 2
123 376
1 3 2
185 459
1 14 2
57 456
1 5 2
20 217
1 4 2
1 194
1 6 2
23 168
1 15 2
221 325
1 4 2
268 358
1 2 2
473 475
1 14 2
65 178
1 13 2
16 445
1 14 2
187 429
1 14 2
3 176
1 14 2
282 368
1 9 2
255 480
1 2 2
73 197
1 7 2
112 448
1 15 2
105 389
1 12 2
291 437
1 12 2
409 415
1 8 2
155 235
1 3 2
257 431
1 15 2
12 203
1 3 2
145 214
1 10 2
167 184
1 2 2
247 318
1 11 2
10 275
1 14 2
61 445
1 5 2
32 317
1 9 2
53 99
1 11 2
22 464
1 2 2
200 459
1 15 2
174 288
1 11 2
55 250
1 13 2
242 438
1 14 2
16 204
1 5 2
109 468
1 6 2
0 316
1 14 2
225 359
1 6 2
247 411
1 3 2
96 397
1 2 2
200 244
1 12 2
65 126
1 14 2
23 299
1 15 2
148 274
1 9 2
291 373
1 3 2
17 213
1 8 2
255 269
1 2 2
115 348
1 12 2
27 239
1 5 2
32 66
1 8 2
22 412
1 9 2
256 332
1 6 2
55 292
1 4 2
309 485
1 4 2
147 250
1 10 2
26 145
1 3 2
331 412
1 5 2
244 298
1 15 2
274 426
1 3 2
47 295
1 15 2
159 355
1 4 2
192 418
1 2 2
81 197
1 14 2
5 269
1 12 2
55 208
1 9 2
107 434
1 6 2
13 256
1 14 2
76 429
1 14 2
170 355
1 3 2
234 455
1 14 2
385 399
1 3 2
126 194
1 11 2
29 158
1 15 2
483 488
1 11 2
330 419
1 11 2
321 492
1 7 2
146 339
1 14 2
189 424
1 13 2
82 214
1 8 2
4 385
1 4 2
9 399
1 5 2
310 381
1 15 2
342 470
1 11 2
287 372
1 11 2
0 291
1 12 2
395 472
1 2 2
229 255
1 9 2
417 448
1 6 2
91 226
1 5 2
112 215
1 5 2
143 188
1 3 2
52 439
1 11 2
245 279
1 14 2
314 334
1 5 2
37 191
1 2 2
116 299
1 7 2
236 293
1 4 2
231 403
1 5 2
42 48
1 3 2
130 290
1 12 2
299 328
1 7 2
72 463
1 8 2
188 334
1 6 2
322 396
1 11 2
51 304
1 11 2
108 440
1 2 2
54 339
1 14 2
82 210
1 9 2
277 461
1 7 2
109 382
1 4 2
7 236
1 10 2
69 142
1 3 2
90 154
1 11 2
282 300
1 6 2
446 448
1 6 2
282 350
1 7 2
121 454
1 12 2
28 334
1 5 2
211 365
1 7 2
10 81
1 6 2
66 167
1 2 2
154 276
1 11 2
1 225
1 14 2
107 384
1 4 2
230 357
1 8 2
14 41
1 10 2
315 359
1 15 2
129 443
1 8 2
226 235
1 9 2
57 414
1 4 2
258 435
1 10 2
316 342
1 6 2
105 270
1 15 2
28 300
1 14 2
28 420
1 2 2
159 284
1 13 2
90 256
1 2 2
208 380
1 2 2
33 364
1 5 2
40 405
1 2 2
17 202
1 2 2
346 438
1 13 2
48 342
1 10 2
182 422
1 9 2
143 230
1 8 2
191 367
1 14 2
124 225
1 3 2
247 493
1 12 2
197 402
1 13 2
67 96
1 11 2
466 476
1 4 2
84 154
1 2 2
233 432
1 12 2
48 279
1 15 2
32 344
1 12 2
311 473
1 7 2
20 298
1 10 2
14 146
1 4 2
177 345
1 8 2
109 436
1 4 2
41 134
1 4 2
132 434
1 11 2
118 383
1 14 2
358 424
1 9 2
36 418
1 4 2
298 334
1 12 2
302 366
1 12 2
378 403
1 11 2
5 240
1 15 2
253 486
1 11 2
249 482
1 7 2
126 480
1 11 2
348 381
1 10 2
111 226
1 13 2
54 226
1 7 2
266 466
1 5 2
97 335
1 9 2
86 163
1 4 2
169 317
1 15 2
4 475
1 2 2
29 375
1 12 2
308 315
1 8 2
251 311
1 10 2
58 277
1 7 2
358 440
1 15 2
200 205
1 2 2
45 253
1 13 2
54 200
1 7 2
407 478
1 9 2
23 283
1 14 2
125 335
1 3 2
89 333
1 12 2
217 443
1 4 2
365 481
1 2 2
123 430
1 7 2
84 259
1 2 2
26 46
1 12 2
12 50
1 2 2
0 487
1 2 2
97 479
1 15 2
138 240
1 2 2
245 471
1 8 2
159 489
1 6 2
124 377
1 7 2
384 448
1 11 2
201 227
1 5 2
319 373
1 5 2
53 124
1 10 2
317 493
1 13 2
163 490
1 10 2
265 291
1 13 2
245 436
1 13 2
95 289
1 8 2
67 374
1 5 2
395 461
1 9 2
208 420
1 14 2
75 204
1 6 2
173 226
1 8 2
391 419
1 12 2
29 470
1 5 2
416 446
1 13 2
8 85
1 6 2
174 309
1 3 2
211 453
1 6 2
38 48
1 15 2
102 315
1 15 2
377 465
1 14 2
255 271
1 7 2
1 34
1 14 2
497 498
1 5 2
61 181
1 11 2
31 190
1 13 2
262 278
1 3 2
170 243
1 8 2
70 383
1 8 2
96 331
1 6 2
30 367
1 6 2
259 445
1 9 2
156 338
1 6 2
260 305
1 2 2
130 452
1 8 2
450 488
1 11 2
283 309
1 12 2
334 443
1 7 2
26 447
1 9 2
195 443
1 12 2
140 484
1 5 2
55 313
1 14 2
71 355
1 3 2
126 452
1 11 2
239 309
1 8 2
248 422
1 6 2
194 210
1 12 2
235 427
1 2 2
131 178
1 11 2
391 491
1 5 2
227 383
1 2 2
385 464
1 9 2
263 372
1 14 2
199 270
1 13 2
253 312
1 8 2
6 194
1 5 2
80 92
1 13 2
204 277
1 6 2
289 375
1 5 2
61 144
1 2 2
297 466
1 14 2
68 257
1 2 2
195 236
1 13 2
327 462
1 14 2
86 308
1 3 2
169 204
1 12 2
147 206
1 6 2
363 373
1 12 2
12 16
1 15 2
461 481
1 8 2
82 211
1 3 2
7 398
1 10 2
76 170
1 14 2
40 171
1 10 2
152 231
1 15 2
323 407
1 14 2
81 117
1 9 2
129 476
1 3 2
223 355
1 2 2
139 295
1 6 2
375 466
1 11 2
134 161
1 3 2
177 296
1 14 2
296 304
1 9 2
256 296
1 3 2
73 135
1 6 2
169 257
1 11 2
67 466
1 13 2
129 146
1 3 2
325 428
1 3 2
428 482
1 11 2
210 429
1 6 2
8 74
1 9 2
122 184
1 2 2
57 286
1 7 2
224 354
1 6 2
279 322
1 5 2
365 389
1 15 2
11 350
1 10 2
48 282
1 3 2
12 181
1 5 2
19 333
1 4 2
137 438
1 13 2
163 272
1 14 2
19 80
1 4 2
114 203
1 5 2
57 203
1 9 2
352 420
1 10 2
84 414
1 15 2
268 407
1 4 2
450 451
1 7 2
132 379
1 4 2
65 447
1 3 2
251 464
1 2 2
338 429
1 6 2
75 274
1 6 2
422 489
1 10 2
57 285
1 12 2
46 292
1 4 2
139 404
1 4 2
403 468
1 4 2
265 420
1 9 2
267 372
1 8 2
73 161
1 7 2
104 116
1 7 2
110 330
1 15 2
205 300
1 4 2
76 410
1 15 2
83 360
1 2 2
86 140
1 7 2
332 471
1 13 2
178 230
1 11 2
70 242
1 7 2
88 293
1 7 2
216 252
1 11 2
413 470
1 4 2
179 289
1 11 2
340 398
1 8 2
287 485
1 6 2
102 361
1 13 2
99 331
1 5 2
141 180
1 5 2
165 392
1 11 2
8 266
1 7 2
51 105
1 10 2
87 416
1 3 2
86 446
1 4 2
137 181
1 8 2
10 429
1 15 2
224 365
1 2 2
52 436
1 9 2
90 192
1 2 2
10 234
1 8 2
129 135
1 11 2
313 427
1 11 2
96 261
1 7 2
248 482
1 13 2
244 271
1 13 2
318 408
1 5 2
103 497
1 13 2
320 471
1 9 2
251 450
1 12 2
278 472
1 7 2
243 484
1 7 2
0 414
1 7 2
65 130
1 14 2
325 445
1 8 2
165 455
1 8 2
27 355
1 8 2
224 261
1 5 2
125 422
1 6 2
256 401
1 15 2
24 90
1 7 2
262 441
1 8 2
71 277
1 11 2
16 66
1 5 2
213 252
1 4 2
163 314
1 7 2
239 423
1 7 2
159 229
1 2 2
305 320
1 14 2
349 477
1 10 2
51 121
1 13 2
70 203
1 3 2
274 448
1 12 2
40 456
1 10 2
421 446
1 11 2
165 207
1 9 2
287 346
1 11 2
79 397
1 6 2
342 384
1 14 2
181 321
1 11 2
395 495
1 2 2
41 304
1 10 2
57 477
1 2 2
208 250
1 8 2
88 460
1 5 2
102 226
1 6 2
187 312
1 13 2
37 321
1 7 2
330 339
1 6 2
304 418
1 13 2
115 451
1 12 2
32 416
1 7 2
152 402
1 12 2
30 383
1 14 2
31 135
1 8 2
155 163
1 10 2
116 223
1 11 2
2 193
1 9 2
96 198
1 10 2
375 441
1 13 2
482 496
1 12 2
205 419
1 7 2
18 291
1 8 2
275 284
1 6 2
426 451
1 9 2
228 357
1 5 2
96 240
1 12 2
219 411
1 8 2
169 342
1 9 2
197 200
1 15 2
340 354
1 13 2
75 313
1 9 2
418 460
1 13 2
128 484
1 7 2
45 254
1 3 2
185 394
1 14 2
94 207
1 6 2
74 455
1 10 2
150 389
1 13 2
158 496
1 7 2
221 286
1 10 2
379 461
1 4 2
315 383
1 5 2
116 411
1 14 2
136 385
1 15 2
235 271
1 13 2
269 285
1 8 2
141 292
1 12 2
113 381
1 9 2
289 350
1 2 2
43 261
1 2 2
142 269
1 3 2
255 466
1 15 2
12 182
1 14 2
272 288
1 7 2
27 428
1 8 2
236 416
1 8 2
39 77
1 9 2
61 352
1 12 2
100 477
1 14 2
73 329
1 8 2
36 72
1 3 2
167 182
1 13 2
97 298
1 15 2
303 413
1 8 2
138 304
1 6 2
284 417
1 15 2
216 486
1 6 2
68 346
1 14 2
153 449
1 9 2
59 411
1 14 2
402 415
1 7 2
162 432
1 14 2
190 490
1 14 2
134 152
1 5 2
229 436
1 2 2
104 317
1 13 2
51 487
1 12 2
87 145
1 4 2
16 165
1 13 2
358 460
1 2 2
125 400
1 5 2
58 188
1 15 2
385 410
1 4 2
397 443
1 4 2
131 352
1 4 2
198 440
1 3 2
280 388
1 8 2
30 135
1 7 2
29 87
1 5 2
258 413
1 3 2
186 415
1 12 2
193 417
1 5 2
88 106
1 13 2
225 247
1 8 2
260 328
1 12 2
217 310
1 15 2
115 237
1 14 2
60 220
1 5 2
46 171
1 14 2
16 211
1 7 2
306 309
1 11 2
130 269
1 7 2
86 239
1 7 2
19 142
1 4 2
346 485
1 6 2
358 470
1 9 2
159 267
1 12 2
360 462
1 6 2
144 171
1 5 2
31 168
1 13 2
430 496
1 13 2
148 268
1 14 2
21 334
1 10 2
74 466
1 4 2
405 481
1 14 2
19 287
1 6 2
381 424
1 11 2
64 225
1 11 2
197 367
1 10 2
101 248
1 3 2
169 483
1 13 2
273 464
1 12 2
284 482
1 3 2
78 222
1 4 2
316 389
1 10 2
187 328
1 15 2
104 284
1 8 2
12 20
1 3 2
31 150
1 11 2
65 363
1 10 2
263 312
1 11 2
217 301
1 3 2
290 300
1 3 2
58 440
1 11 2
247 479
1 10 2
284 439
1 10 2
55 202
1 11 2
108 348
1 9 2
9 71
1 13 2
99 225
1 11 2
107 176
1 5 2
27 142
1 6 2
330 352
1 4 2
69 74
1 11 2
323 384
1 11 2
89 469
1 4 2
132 187
1 15 2
270 272
1 9 2
40 173
1 6 2
150 200
1 8 2
415 461
1 3 2
30 290
1 3 2
37 402
1 2 2
137 342
1 10 2
201 289
1 3 2
50 357
1 11 2
235 309
1 10 2
296 346
1 3 2
276 332
1 12 2
130 479
1 5 2
30 59
1 4 2
170 207
1 2 2
80 307
1 15 2
157 426
1 11 2
89 488
1 5 2
305 475
1 14 2
366 494
1 9 2
316 438
1 10 2
193 200
1 13 2
4 414
1 6 2
176 355
1 14 2
68 350
1 9 2
399 425
1 12 2
254 357
1 6 2
379 426
1 8 2
140 187
1 8 2
256 281
1 6 2
122 203
1 5 2
122 347
1 3 2
341 446
1 11 2
240 262
1 9 2
193 310
1 6 2
184 269
1 11 2
155 388
1 14 2
185 403
1 11 2
161 419
1 8 2
219 337
1 3 2
234 435
1 5 2
123 402
1 13 2
4 244
1 15 2
142 356
1 3 2
117 120
1 9 2
88 132
1 11 2
330 344
1 11 2
114 223
1 3 2
45 287
1 15 2
68 85
1 6 2
310 328
1 14 2
67 396
1 10 2
80 453
1 12 2
356 474
1 4 2
88 387
1 2 2
329 450
1 5 2
421 463
1 15 2
25 351
1 11 2
218 427
1 8 2
145 374
1 8 2
73 367
1 8 2
70 299
1 9 2
139 144
1 6 2
215 216
1 10 2
389 460
1 10 2
126 261
1 3 2
78 270
1 2 2
94 349
1 4 2
129 342
1 12 2
168 212
1 5 2
63 266
1 8 2
143 239
1 12 2
84 471
1 12 2
280 436
1 12 2
266 292
1 10 2
211 246
1 15 2
88 178
1 2 2
229 497
1 15 2
167 370
1 2 2
285 440
1 8 2
145 329
1 5 2
118 436
1 12 2
75 172
1 4 2
122 258
1 8 2
57 417
1 4 2
120 490
1 5 2
34 246
1 5 2
105 364
1 3 2
180 287
1 11 2
196 299
1 4 2
113 393
1 4 2
223 300
1 9 2
218 285
1 9 2
5 204
1 11 2
354 395
1 3 2
153 295
1 3 2
322 489
1 13 2
187 393
1 10 2
73 268
1 2 2
83 434
1 4 2
268 470
1 14 2
11 357
1 14 2
300 389
1 3 2
347 369
1 12 2
36 45
1 7 2
234 495
1 13 2
391 476
1 4 2
245 281
1 15 2
44 424
1 11 2
0 248
1 2 2
367 457
1 10 2
192 431
1 15 2
133 402
1 9 2
42 155
1 7 2
7 371
1 8 2
0 323
1 5 2
46 54
1 15 2
79 160
1 13 2
111 403
1 2 2
366 375
1 9 2
271 286
1 3 2
76 484
1 8 2
281 478
1 12 2
4 493
1 3 2
249 423
1 11 2
253 449
1 11 2
194 280
1 8 2
9 350
1 4 2
33 315
1 3 2
129 397
1 2 2
227 232
1 13 2
37 156
1 12 2
117 350
1 12 2
149 248
1 11 2
22 136
1 4 2
100 405
1 15 2
252 484
1 3 2
102 414
1 14 2
127 486
1 11 2
12 416
1 7 2
126 198
1 13 2
48 263
1 2 2
177 440
1 2 2
118 270
1 6 2
158 237
1 10 2
74 482
1 7 2
388 443
1 8 2
0 257
1 14 2
128 397
1 6 2
38 44
1 5 2
110 303
1 10 2
103 211
1 9 2
69 361
1 4 2
21 51
1 2 2
84 350
1 13 2
27 289
1 2 2
48 356
1 7 2
244 454
1 2 2
183 344
1 4 2
248 287
1 9 2
187 445
1 13 2
82 165
1 5 2
23 295
1 14 2
43 355
1 3 2
231 318
1 9 2
24 440
1 13 2
197 248
1 6 2
185 419
1 6 2
79 448
1 12 2
34 279
1 15 2
395 478
1 4 2
241 493
1 15 2
285 473
1 4 2
197 357
1 5 2
265 461
1 9 2
250 406
1 7 2
392 402
1 9 2
12 304
1 12 2
17 451
1 10 2
353 485
1 14 2
246 434
1 2 2
40 490
1 13 2
343 450
1 2 2
346 433
1 13 2
253 303
1 6 2
293 343
1 7 2
143 379
1 2 2
2 260
1 7 2
190 196
1 15 2
32 326
1 14 2
61 190
1 5 2
21 88
1 5 2
304 456
1 8 2
88 116
1 2 2
299 411
1 11 2
127 432
1 14 2
33 314
1 8 2
1 295
1 6 2
56 277
1 3 2
35 410
1 10 2
252 450
1 10 2
166 435
1 3 2
64 220
1 3 2
176 447
1 5 2
95 196
1 7 2
63 324
1 12 2
185 437
1 15 2
31 200
1 7 2
350 471
1 3 2
168 398
1 11 2
209 342
1 6 2
111 465
1 14 2
6 92
1 13 2
28 351
1 13 2
254 361
1 12 2
221 289
1 13 2
301 334
1 11 2
90 101
1 13 2
162 368
1 4 2
82 265
1 15 2
294 403
1 4 2
239 279
1 4 2
32 491
1 14 2
417 499
1 10 2
333 465
1 11 2
111 325
1 10 2
238 459
1 10 2
6 347
1 11 2
31 249
1 10 2
68 446
1 12 2
10 130
1 15 2
151 277
1 12 2
88 253
1 5 2
90 160
1 5 2
110 476
1 10 2
199 456
1 2 2
318 490
1 3 2
64 105
1 3 2
303 371
1 13 2
327 468
1 14 2
53 266
1 13 2
54 327
1 13 2
291 301
1 9 2
135 189
1 9 2
1 137
1 3 2
20 125
1 11 2
99 215
1 15 2
178 249
1 2 2
111 310
1 4 2
441 447
1 15 2
235 487
1 3 2
282 420
1 15 2
13 218
1 4 2
4 293
1 12 2
32 95
1 12 2
269 369
1 15 2
6 77
1 2 2
209 363
1 2 2
265 287
1 14 2
31 291
1 13 2
326 436
1 9 2
102 438
1 14 2
41 485
1 11 2
141 241
1 11 2
82 222
1 6 2
151 378
1 14 2
114 424
1 8 2
334 491
1 6 2
141 280
1 2 2
310 337
1 5 2
35 151
1 8 2
355 417
1 5 2
28 273
1 11 2
125 132
1 6 2
103 446
1 14 2
363 459
1 4 2
170 320
1 7 2
330 393
1 3 2
93 496
1 6 2
185 280
1 14 2
294 385
1 7 2
202 225
1 10 2
138 161
1 14 2
327 404
1 9 2
311 466
1 15 2
402 487
1 11 2
96 137
1 10 2
183 369
1 15 2
31 175
1 6 2
230 346
1 14 2
59 441
1 8 2
8 462
1 11 2
160 185
1 4 2
282 426
1 12 2
289 356
1 12 2
21 293
1 2 2
181 490
1 3 2
7 238
1 13 2
67 348
1 8 2
220 249
1 10 2
100 130
1 11 2
75 145
1 10 2
39 391
1 4 2
412 463
1 9 2
24 129
1 11 2
112 237
1 14 2
167 432
1 13 2
71 352
1 9 2
141 483
1 13 2
40 143
1 15 2
356 423
1 7 2
8 108
1 5 2
154 406
1 7 2
233 370
1 7 2
251 442
1 12 2
142 229
1 2 2
239 485
1 2 2
21 442
1 10 2
65 303
1 2 2
12 114
1 2 2
55 150
1 3 2
267 416
1 13 2
18 416
1 6 2
163 478
1 15 2
34 235
1 9 2
230 388
1 3 2
395 474
1 2 2
145 318
1 15 2
249 367
1 6 2
44 313
1 13 2
311 488
1 14 2
113 432
1 4 2
54 234
1 7 2
213 239
1 2 2
303 317
1 6 2
71 447
1 14 2
44 497
1 15 2
140 334
1 4 2
22 479
1 10 2
326 343
1 15 2
175 342
1 8 2
224 420
1 10 2
18 255
1 9 2
319 400
1 8 2
199 423
1 11 2
24 93
1 14 2
190 466
1 15 2
310 396
1 3 2
152 178
1 5 2
20 86
1 11 2
13 273
1 4 2
458 498
1 12 2
79 344
1 6 2
139 376
1 9 2
92 479
1 12 2
26 54
1 9 2
136 246
1 4 2
71 278
1 12 2
400 461
1 5 2
397 454
1 13 2
73 421
1 3 2
189 357
1 9 2
24 97
1 14 2
272 299
1 13 2
100 361
1 2 2
2 425
1 8 2
54 254
1 15 2
323 403
1 2 2
167 439
1 12 2
264 431
1 13 2
126 131
1 3 2
42 124
1 12 2
25 491
1 10 2
58 318
1 7 2
320 396
1 14 2
14 63
1 12 2
183 393
1 6 2
66 109
1 13 2
199 391
1 5 2
181 413
1 14 2
33 37
1 4 2
214 215
1 14 2
83 330
1 10 2
374 422
1 10 2
162 261
1 12 2
23 397
1 10 2
104 342
1 12 2
124 270
1 10 2
302 402
1 8 2
318 326
1 8 2
138 373
1 11 2
186 366
1 12 2
157 381
1 3 2
72 149
1 2 2
14 361
1 12 2
321 382
1 11 2
263 337
1 6 2
200 351
1 5 2
174 330
1 5 2
111 377
1 4 2
66 245
1 6 2
55 482
1 13 2
151 291
1 9 2
248 465
1 11 2
232 319
1 2 2
222 308
1 2 2
171 385
1 4 2
63 426
1 4 2
185 388
1 9 2
76 85
1 12 2
309 326
1 12 2
134 272
1 14 2
282 313
1 2 2
171 256
1 4 2
248 437
1 15 2
119 299
1 8 2
192 300
1 4 2
318 433
1 8 2
84 388
1 6 2
11 415
1 9 2
289 444
1 15 2
223 457
1 8 2
240 407
1 7 2
234 488
1 3 2
295 336
1 13 2
464 487
1 3 2
11 414
1 15 2
406 421
1 11 2
40 62
1 8 2
64 92
1 11 2
265 444
1 15 2
204 462
1 14 2
184 323
1 10 2
259 390
1 7 2
307 376
1 9 2
21 117
1 4 2
76 430
1 5 2
189 356
1 5 2
93 128
1 13 2
92 118
1 9 2
262 435
1 5 2
337 380
1 13 2
260 383
1 5 2
16 327
1 3 2
65 99
1 4 2
101 442
1 3 2
66 464
1 15 2
182 266
1 5 2
267 365
1 15 2
371 420
1 3 2
373 392
1 15 2
434 458
1 9 2
47 471
1 2 2
37 488
1 8 2
139 438
1 13 2
199 482
1 12 2
9 367
1 12 2
349 404
1 6 2
197 411
1 11 2
15 253
1 9 2
280 489
1 12 2
329 384
1 8 2
306 458
1 14 2
88 96
1 9 2
191 329
1 11 2
278 305
1 12 2
160 378
1 14 2
39 319
1 8 2
84 498
1 10 2
71 246
1 7 2
63 83
1 4 2
230 284
1 9 2
12 121
1 13 2
219 484
1 10 2
258 352
1 7 2
58 208
1 5 2
144 427
1 8 2
156 387
1 15 2
371 393
1 12 2
107 474
1 6 2
48 287
1 6 2
424 442
1 11 2
248 333
1 3 2
237 250
1 8 2
142 470
1 11 2
102 129
1 5 2
83 204
1 13 2
36 70
1 8 2
175 205
1 12 2
277 340
1 10 2
414 499
1 12 2
100 255
1 6 2
71 420
1 2 2
229 455
1 12 2
337 485
1 7 2
56 467
1 15 2
166 268
1 7 2
152 427
1 4 2
200 279
1 15 2
71 240
1 10 2
29 53
1 14 2
442 490
1 14 2
36 369
1 6 2
363 451
1 2 2
15 223
1 8 2
198 359
1 8 2
53 146
1 2 2
184 232
1 7 2
195 335
1 6 2
366 466
1 4 2
351 359
1 3 2
247 254
1 11 2
213 422
1 9 2
196 201
1 7 2
152 488
1 2 2
120 299
1 6 2
177 416
1 11 2
30 192
1 9 2
359 499
1 7 2
5 217
1 10 2
5 150
1 11 2
167 288
1 7 2
224 432
1 8 2
312 479
1 3 2
71 367
1 14 2
328 412
1 5 2
473 479
1 3 2
168 419
1 6 2
417 482
1 3 2
14 184
1 3 2
76 115
1 13 2
29 490
1 14 2
360 370
1 5 2
29 383
1 12 2
12 222
1 2 2
95 378
1 11 2
25 464
1 2 2
253 465
1 4 2
332 345
1 12 2
287 354
1 4 2
30 360
1 7 2
220 275
1 4 2
334 374
1 4 2
258 479
1 5 2
90 352
1 7 2
417 449
1 12 2
40 297
1 14 2
207 284
1 5 2
155 228
1 9 2
187 474
1 8 2
358 400
1 12 2
350 486
1 5 2
8 44
1 13 2
431 433
1 7 2
369 471
1 6 2
26 38
1 7 2
386 499
1 12 2
82 377
1 4 2
266 269
1 14 2
350 381
1 13 2
17 156
1 15 2
98 189
1 12 2
76 395
1 15 2
159 214
1 2 2
346 367
1 7 2
171 215
1 3 2
142 254
1 6 2
76 307
1 8 2
339 462
1 14 2
71 307
1 2 2
128 412
1 4 2
288 302
1 7 2
33 350
1 11 2
113 483
1 5 2
156 250
1 10 2
383 444
1 11 2
10 446
1 10 2
262 401
1 15 2
313 492
1 6 2
269 350
1 8 2
111 270
1 11 2
237 441
1 12 2
257 348
1 4 2
1 414
1 10 2
13 181
1 2 2
29 493
1 6 2
6 375
1 10 2
93 104
1 4 2
49 485
1 3 2
2 151
1 5 2
13 153
1 14 2
214 241
1 5 2
86 166
1 9 2
132 418
1 13 2
108 498
1 8 2
113 138
1 10 2
214 477
1 15 2
28 182
1 4 2
11 38
1 12 2
53 160
1 5 2
129 149
1 7 2
387 397
1 8 2
273 359
1 3 2
42 294
1 7 2
235 392
1 9 2
256 406
1 5 2
348 443
1 3 2
200 395
1 15 2
117 398
1 10 2
336 360
1 12 2
302 331
1 2 2
363 446
1 10 2
78 254
1 2 2
158 327
1 14 2
369 397
1 4 2
40 344
1 14 2
250 483
1 15 2
28 263
1 4 2
429 466
1 9 2
394 438
1 5 2
150 295
1 8 2
37 429
1 5 2
18 48
1 5 2
99 421
1 13 2
140 184
1 13 2
13 68
1 13 2
164 429
1 5 2
294 464
1 2 2
121 215
1 15 2
137 287
1 13 2
169 333
1 10 2
227 429
1 8 2
172 471
1 4 2
167 464
1 2 2
340 411
1 14 2
24 489
1 7 2
194 311
1 8 2
16 409
1 9 2
80 219
1 9 2
301 435
1 10 2
21 428
1 3 2
46 200
1 6 2
28 208
1 4 2
211 327
1 12 2
44 292
1 11 2
122 356
1 11 2
276 310
1 12 2
64 179
1 14 2
79 320
1 3 2
0 51
1 5 2
255 336
1 6 2
19 58
1 4 2
380 383
1 7 2
321 400
1 12 2
198 419
1 12 2
248 364
1 15 2
181 283
1 11 2
47 307
1 5 2
231 251
1 2 2
120 243
1 11 2
152 480
1 4 2
17 244
1 9 2
271 360
1 3 2
138 247
1 2 2
171 236
1 3 2
136 218
1 14 2
15 298
1 7 2
136 147
1 2 2
100 178
1 5 2
71 271
1 14 2
1 398
1 4 2
175 394
1 15 2
203 409
1 5 2
176 211
1 15 2
28 168
1 14 2
85 207
1 12 2
60 343
1 14 2
331 468
1 2 2
15 383
1 7 2
387 415
1 12 2
22 211
1 6 2
75 488
1 7 2
144 271
1 9 2
130 282
1 15 2
164 325
1 15 2
45 127
1 10 2
249 355
1 15 2
154 310
1 2 2
369 372
1 3 2
282 393
1 7 2
135 260
1 8 2
200 382
1 7 2
108 448
1 10 2
63 199
1 12 2
137 301
1 10 2
144 161
1 14 2
77 413
1 12 2
52 217
1 13 2
7 328
1 6 2
104 186
1 2 2
199 475
1 11 2
77 312
1 3 2
285 407
1 8 2
4 212
1 6 2
138 288
1 15 2
195 381
1 6 2
157 344
1 5 2
218 401
1 13 2
147 230
1 3 2
75 396
1 6 2
434 447
1 13 2
24 67
1 8 2
451 462
1 9 2
2 409
1 4 2
178 304
1 6 2
333 415
1 10 2
125 474
1 7 2
92 319
1 5 2
173 213
1 4 2
177 461
1 6 2
55 175
1 10 2
46 304
1 14 2
229 251
1 11 2
119 148
1 8 2
436 469
1 5 2
160 267
1 11 2
495 499
1 13 2
23 420
1 7 2
38 477
1 2 2
245 422
1 7 2
108 325
1 10 2
15 150
1 4 2
19 340
1 9 2
70 229
1 6 2
369 468
1 3 2
222 431
1 15 2
56 452
1 15 2
24 352
1 6 2
233 359
1 10 2
314 401
1 14 2
275 340
1 15 2
319 324
1 9 2
109 203
1 12 2
185 406
1 8 2
266 294
1 10 2
199 365
1 2 2
356 453
1 11 2
469 499
1 12 2
60 121
1 9 2
65 346
1 8 2
28 390
1 8 2
210 419
1 15 2
161 410
1 7 2
8 291
1 11 2
13 387
1 10 2
224 469
1 15 2
117 130
1 13 2
258 338
1 2 2
175 377
1 12 2
100 208
1 12 2
399 454
1 9 2
95 182
1 3 2
384 461
1 14 2
89 275
1 9 2
77 345
1 10 2
162 305
1 10 2
84 200
1 12 2
256 350
1 6 2
133 360
1 7 2
124 298
1 5 2
60 352
1 4 2
74 209
1 14 2
54 363
1 9 2
355 479
1 12 2
33 73
1 6 2
241 452
1 2 2
29 79
1 7 2
14 50
1 8 2
199 437
1 12 2
67 357
1 9 2
154 427
1 13 2
50 391
1 12 2
92 112
1 9 2
265 474
1 10 2
37 61
1 14 2
97 334
1 15 2
341 488
1 12 2
108 442
1 3 2
155 359
1 6 2
282 312
1 6 2
52 269
1 8 2
147 236
1 8 2
30 72
1 14 2
222 291
1 11 2
339 449
1 9 2
355 402
1 4 2
117 432
1 9 2
104 473
1 12 2
38 466
1 3 2
311 369
1 15 2
289 410
1 11 2
224 227
1 15 2
188 214
1 11 2
218 331
1 6 2
158 172
1 12 2
84 217
1 2 2
193 244
1 3 2
201 271
1 6 2
6 327
1 12 2
20 442
1 5 2
149 222
1 15 2
389 443
1 7 2
215 414
1 12 2
271 464
1 5 2
249 459
1 15 2
270 413
1 10 2
353 470
1 11 2
134 444
1 10 2
227 462
1 10 2
4 489
1 14 2
224 497
1 3 2
91 185
1 11 2
103 461
1 10 2
288 472
1 7 2
267 373
1 12 2
138 282
1 13 2
13 205
1 10 2
50 172
1 6 2
103 160
1 10 2
216 301
1 15 2
169 336
1 11 2
250 310
1 15 2
66 362
1 3 2
391 481
1 13 2
343 413
1 12 2
24 100
1 9 2
58 134
1 14 2
298 360
1 2 2
247 432
1 11 2
31 380
1 7 2
228 265
1 8 2
168 283
1 9 2
104 415
1 2 2
229 448
1 8 2
191 422
1 4 2
180 332
1 3 2
119 369
1 9 2
356 498
1 8 2
172 442
1 11 2
8 491
1 4 2
273 308
1 7 2
66 190
1 15 2
371 491
1 4 2
296 493
1 2 2
176 445
1 5 2
20 387
1 8 2
85 398
1 2 2
206 387
1 15 2
262 477
1 13 2
29 80
1 10 2
14 150
1 2 2
24 242
1 8 2
122 401
1 11 2
325 365
1 3 2
70 435
1 7 2
141 462
1 9 2
396 491
1 8 2
119 150
1 9 2
24 447
1 10 2
65 430
1 14 2
81 96
1 10 2
200 360
1 8 2
182 349
1 11 2
29 415
1 8 2
41 251
1 5 2
44 366
1 7 2
66 175
1 11 2
170 390
1 11 2
234 255
1 9 2
422 439
1 7 2
262 392
1 9 2
261 301
1 10 2
247 290
1 11 2
316 378
1 3 2
113 309
1 15 2
339 421
1 3 2
332 468
1 10 2
326 332
1 4 2
123 424
1 11 2
236 415
1 11 2
241 423
1 11 2
80 389
1 14 2
59 375
1 13 2
32 219
1 11 2
64 455
1 9 2
96 263
1 8 2
422 432
1 6 2
138 286
1 2 2
24 49
1 10 2
332 448
1 7 2
14 45
1 2 2
85 349
1 13 2
10 468
1 15 2
30 156
1 12 2
112 248
1 13 2
174 317
1 9 2
92 306
1 11 2
56 490
1 6 2
120 494
1 13 2
6 324
1 15 2
124 248
1 15 2
204 436
1 2 2
88 384
1 9 2
309 324
1 10 2
95 475
1 15 2
192 218
1 11 2
152 475
1 9 2
11 30
1 14 2
27 92
1 10 2
272 435
1 3 2
273 363
1 2 2
266 482
1 12 2
141 450
1 7 2
207 282
1 2 2
435 470
1 2 2
3 218
1 6 2
213 454
1 13 2
79 166
1 8 2
195 453
1 3 2
16 358
1 11 2
331 367
1 8 2
237 392
1 10 2
181 307
1 12 2
60 178
1 9 2
27 293
1 4 2
63 349
1 4 2
180 278
1 4 2
266 316
1 15 2
275 408
1 14 2
36 199
1 13 2
400 431
1 7 2
96 412
1 2 2
115 308
1 2 2
332 499
1 14 2
73 419
1 14 2
91 415
1 2 2
404 445
1 8 2
18 314
1 4 2
257 331
1 6 2
93 328
1 2 2
75 314
1 13 2
423 430
1 11 2
162 449
1 13 2
236 401
1 4 2
253 415
1 4 2
93 482
1 14 2
32 487
1 10 2
82 456
1 15 2
33 137
1 14 2
120 286
1 6 2
7 295
1 2 2
170 233
1 11 2
26 264
1 6 2
323 437
1 6 2
14 22
1 15 2
236 327
1 6 2
208 316
1 4 2
211 212
1 5 2
299 422
1 13 2
77 398
1 14 2
106 273
1 10 2
212 325
1 5 2
89 303
1 5 2
66 200
1 9 2
275 427
1 3 2
169 237
1 3 2
257 370
1 4 2
198 424
1 9 2
19 229
1 10 2
312 429
1 11 2
163 364
1 8 2
42 71
1 9 2
351 425
1 8 2
290 338
1 3 2
106 142
1 14 2
320 384
1 14 2
22 307
1 3 2
188 251
1 10 2
51 410
1 13 2
255 369
1 5 2
100 452
1 7 2
392 487
1 9 2
287 391
1 11 2
94 219
1 2 2
302 490
1 4 2
1 237
1 12 2
258 368
1 6 2
14 18
1 5 2
218 359
1 13 2
87 401
1 3 2
22 484
1 12 2
297 325
1 10 2
116 220
1 6 2
67 203
1 12 2
163 330
1 5 2
222 317
1 11 2
10 321
1 14 2
45 458
1 3 2
27 457
1 13 2
57 236
1 4 2
53 324
1 15 2
228 426
1 9 2
40 155
1 7 2
145 331
1 2 2
58 300
1 14 2
122 466
1 3 2
394 484
1 14 2
289 370
1 12 2
45 237
1 14 2
55 193
1 14 2
143 269
1 10 2
242 283
1 10 2
192 460
1 8 2
14 393
1 6 2
67 493
1 5 2
465 481
1 3 2
328 419
1 8 2
321 364
1 2 2
191 322
1 8 2
41 288
1 7 2
100 181
1 5 2
236 393
1 15 2
33 155
1 15 2
217 319
1 9 2
79 369
1 2 2
44 298
1 11 2
158 351
1 2 2
140 363
1 7 2
44 449
1 14 2
222 417
1 6 2
180 313
1 12 2
273 276
1 9 2
358 371
1 6 2
115 176
1 2 2
96 141
1 14 2
64 461
1 9 2
117 197
1 15 2
408 477
1 6 2
63 307
1 3 2
330 388
1 7 2
441 449
1 6 2
200 282
1 8 2
79 91
1 2 2
57 90
1 6 2
4 303
1 11 2
186 410
1 9 2
447 473
1 11 2
302 311
1 12 2
153 425
1 4 2
3 453
1 9 2
85 400
1 5 2
79 181
1 8 2
107 221
1 5 2
189 448
1 2 2
382 458
1 11 2
108 156
1 2 2
61 155
1 9 2
59 66
1 10 2
451 495
1 13 2
431 463
1 5 2
100 383
1 4 2
192 264
1 13 2
63 132
1 14 2
147 314
1 13 2
80 344
1 9 2
126 248
1 13 2
119 415
1 3 2
188 398
1 5 2
160 202
1 4 2
126 341
1 14 2
106 121
1 4 2
261 409
1 14 2
7 70
1 15 2
247 267
1 6 2
192 487
1 10 2
78 411
1 2 2
25 104
1 14 2
57 475
1 14 2
128 161
1 12 2
232 433
1 5 2
2 195
1 11 2
380 405
1 11 2
64 238
1 8 2
433 445
1 2 2
285 313
1 12 2
374 453
1 3 2
13 115
1 5 2
339 370
1 7 2
15 23
1 14 2
92 275
1 7 2
77 135
1 2 2
111 294
1 5 2
381 465
1 8 2
57 200
1 15 2
216 400
1 2 2
144 314
1 10 2
169 284
1 5 2
49 96
1 2 2
72 368
1 13 2
102 212
1 13 2
211 301
1 5 2
15 55
1 6 2
126 240
1 13 2
29 393
1 15 2
404 490
1 13 2
228 375
1 14 2
166 206
1 10 2
252 262
1 12 2
475 496
1 11 2
26 216
1 6 2
142 485
1 6 2
242 292
1 6 2
241 278
1 10 2
213 326
1 12 2
165 276
1 10 2
205 446
1 7 2
213 457
1 2 2
304 448
1 4 2
280 495
1 2 2
149 497
1 14 2
406 444
1 5 2
259 388
1 9 2
143 353
1 8 2
180 347
1 9 2
23 121
1 11 2
444 459
1 5 2
305 466
1 5 2
77 107
1 5 2
99 175
1 10 2
13 436
1 4 2
82 320
1 11 2
58 205
1 11 2
1 409
1 13 2
82 117
1 8 2
180 212
1 15 2
134 378
1 12 2
40 215
1 5 2
315 491
1 5 2
103 439
1 4 2
57 143
1 13 2
25 52
1 12 2
28 180
1 11 2
407 413
1 14 2
75 273
1 15 2
27 366
1 8 2
119 257
1 3 2
477 495
1 4 2
112 356
1 11 2
392 404
1 4 2
304 389
1 5 2
87 242
1 4 2
16 481
1 7 2
397 413
1 5 2
73 104
1 6 2
82 242
1 2 2
40 224
1 4 2
51 94
1 9 2
83 227
1 7 2
139 286
1 14 2
234 312
1 5 2
170 307
1 3 2
248 309
1 11 2
110 116
1 6 2
122 320
1 9 2
22 106
1 3 2
45 65
1 2 2
441 463
1 14 2
306 390
1 4 2
160 191
1 10 2
200 432
1 11 2
274 396
1 13 2
113 208
1 7 2
11 452
1 7 2
51 78
1 15 2
194 208
1 5 2
37 45
1 15 2
231 339
1 10 2
101 352
1 4 2
97 469
1 8 2
207 370
1 8 2
278 383
1 12 2
84 419
1 14 2
341 401
1 5 2
34 41
1 4 2
234 285
1 15 2
27 311
1 11 2
119 318
1 14 2
109 133
1 13 2
71 495
1 14 2
4 22
1 4 2
187 194
1 9 2
67 144
1 12 2
253 259
1 8 2
164 441
1 5 2
165 248
1 6 2
28 248
1 6 2
27 278
1 11 2
136 227
1 2 2
389 428
1 6 2
143 277
1 15 2
263 430
1 11 2
352 461
1 11 2
294 303
1 12 2
44 405
1 2 2
72 488
1 5 2
26 334
1 10 2
99 278
1 4 2
99 241
1 11 2
195 222
1 3 2
240 246
1 14 2
126 426
1 2 2
163 407
1 3 2
108 252
1 2 2
306 352
1 14 2
16 452
1 2 2
202 442
1 12 2
329 375
1 5 2
174 469
1 6 2
272 471
1 2 2
166 436
1 5 2
166 408
1 4 2
140 266
1 10 2
85 333
1 6 2
290 366
1 13 2
79 175
1 12 2
22 44
1 12 2
116 392
1 7 2
100 299
1 7 2
127 301
1 2 2
237 423
1 15 2
6 225
1 15 2
233 486
1 3 2
311 437
1 6 2
483 494
1 5 2
14 199
1 15 2
309 418
1 12 2
187 208
1 12 2
231 453
1 14 2
74 429
1 15 2
21 437
1 15 2
120 381
1 8 2
132 328
1 3 2
59 244
1 7 2
154 198
1 5 2
3 432
1 13 2
75 97
1 14 2
168 179
1 7 2
88 240
1 5 2
11 36
1 12 2
386 396
1 2 2
1 403
1 6 2
138 158
1 12 2
180 367
1 10 2
162 440
1 2 2
166 417
1 15 2
378 460
1 9 2
122 280
1 13 2
68 345
1 14 2
248 341
1 13 2
124 383
1 9 2
82 275
1 11 2
93 329
1 13 2
2 477
1 6 2
44 239
1 4 2
156 255
1 2 2
151 372
1 6 2
275 454
1 8 2
47 236
1 6 2
0 243
1 6 2
40 167
1 14 2
236 422
1 2 2
27 321
1 9 2
11 39
1 15 2
83 425
1 5 2
82 286
1 7 2
120 231
1 8 2
218 482
1 4 2
140 264
1 2 2
45 355
1 7 2
324 455
1 3 2
270 364
1 14 2
237 453
1 5 2
109 458
1 12 2
401 474
1 5 2
291 375
1 2 2
134 329
1 6 2
260 428
1 7 2
240 354
1 9 2
272 462
1 4 2
368 418
1 2 2
211 377
1 5 2
56 119
1 13 2
10 19
1 13 2
152 349
1 9 2
94 142
1 12 2
47 383
1 8 2
290 371
1 15 2
96 149
1 3 2
136 181
1 3 2
70 473
1 12 2
143 417
1 15 2
9 42
1 3 2
164 455
1 3 2
126 498
1 13 2
166 197
1 15 2
189 210
1 10 2
39 499
1 8 2
48 153
1 15 2
229 288
1 10 2
364 467
1 2 2
244 463
1 14 2
8 407
1 7 2
434 440
1 5 2
44 392
1 14 2
100 362
1 4 2
44 439
1 7 2
226 243
1 13 2
309 457
1 6 2
72 160
1 12 2
89 266
1 14 2
32 107
1 3 2
37 142
1 3 2
40 277
1 8 2
370 382
1 11 2
45 457
1 4 2
421 441
1 4 2
224 408
1 6 2
104 167
1 7 2
262 276
1 5 2
241 297
1 9 2
39 40
1 7 2
329 387
1 11 2
115 454
1 15 2
109 400
1 14 2
314 453
1 8 2
154 492
1 4 2
309 481
1 2 2
236 273
1 7 2
306 434
1 12 2
221 303
1 6 2
37 341
1 14 2
175 386
1 7 2
64 211
1 7 2
120 250
1 6 2
87 158
1 10 2
107 462
1 14 2
8 192
1 10 2
183 429
1 2 2
116 120
1 7 2
20 164
1 8 2
97 107
1 10 2
117 384
1 11 2
273 376
1 10 2
75 164
1 11 2
319 341
1 3 2
116 132
1 6 2
55 285
1 10 2
201 437
1 13 2
157 221
1 15 2
23 193
1 4 2
7 483
1 9 2
241 247
1 6 2
14 237
1 14 2
79 104
1 9 2
307 484
1 12 2
16 92
1 12 2
22 101
1 13 2
56 131
1 8 2
181 369
1 10 2
368 462
1 13 2
294 415
1 6 2
147 382
1 8 2
424 434
1 13 2
23 75
1 14 2
304 408
1 15 2
82 156
1 10 2
12 73
1 2 2
81 257
1 10 2
106 461
1 12 2
209 481
1 7 2
11 380
1 6 2
258 491
1 9 2
317 374
1 7 2
137 262
1 2 2
100 449
1 6 2
339 341
1 4 2
310 379
1 10 2
14 430
1 9 2
50 294
1 14 2
352 364
1 13 2
46 254
1 10 2
250 319
1 4 2
396 487
1 15 2
61 217
1 10 2
61 179
1 7 2
260 380
1 3 2
222 238
1 2 2
89 151
1 3 2
52 301
1 8 2
223 350
1 12 2
164 294
1 2 2
426 473
1 14 2
187 321
1 6 2
442 461
1 14 2
107 328
1 8 2
100 386
1 8 2
153 162
1 14 2
209 485
1 12 2
306 400
1 7 2
228 413
1 4 2
53 162
1 11 2
61 490
1 6 2
61 454
1 13 2
448 458
1 7 2
68 104
1 12 2
277 457
1 5 2
218 291
1 12 2
143 452
1 15 2
175 473
1 4 2
188 408
1 9 2
455 468
1 4 2
13 337
1 7 2
32 156
1 10 2
227 263
1 7 2
32 106
1 9 2
121 403
1 12 2
29 239
1 2 2
72 165
1 14 2
177 467
1 6 2
178 213
1 6 2
119 409
1 3 2
101 379
1 15 2
34 370
1 6 2
10 474
1 4 2
10 281
1 7 2
426 470
1 15 2
425 443
1 7 2
121 233
1 13 2
87 166
1 8 2
104 265
1 15 2
179 332
1 2 2
178 228
1 4 2
174 256
1 5 2
124 140
1 4 2
101 169
1 4 2
73 87
1 10 2
121 460
1 8 2
145 377
1 13 2
15 395
1 3 2
171 258
1 8 2
228 444
1 3 2
293 322
1 3 2
163 181
1 14 2
167 254
1 2 2
332 386
1 11 2
242 428
1 5 2
305 401
1 13 2
83 261
1 6 2
191 255
1 10 2
272 444
1 3 2
70 143
1 3 2
19 318
1 5 2
112 382
1 6 2
188 455
1 9 2
61 281
1 11 2
124 313
1 15 2
133 351
1 2 2
139 187
1 7 2
64 328
1 7 2
45 318
1 6 2
18 453
1 10 2
161 460
1 8 2
276 444
1 14 2
177 316
1 9 2
131 447
1 9 2
318 443
1 3 2
39 489
1 15 2
115 374
1 14 2
133 233
1 11 2
195 256
1 7 2
156 485
1 2 2
380 413
1 7 2
34 249
1 13 2
19 51
1 7 2
186 472
1 2 2
191 399
1 3 2
98 349
1 10 2
204 218
1 5 2
50 123
1 10 2
149 482
1 10 2
55 236
1 3 2
119 243
1 10 2
239 425
1 14 2
331 448
1 6 2
150 228
1 13 2
157 413
1 10 2
165 254
1 6 2
223 370
1 10 2
238 291
1 10 2
248 335
1 15 2
129 304
1 2 2
34 176
1 6 2
47 99
1 3 2
49 357
1 7 2
13 346
1 12 2
49 409
1 6 2
69 343
1 9 2
17 306
1 6 2
62 69
1 8 2
46 419
1 7 2
134 473
1 13 2
140 467
1 15 2
20 405
1 9 2
83 436
1 4 2
94 345
1 9 2
87 213
1 15 2
4 114
1 13 2
320 331
1 9 2
132 387
1 9 2
84 323
1 4 2
349 387
1 14 2
242 401
1 15 2
59 193
1 2 2
147 392
1 14 2
173 318
1 6 2
259 279
1 13 2
4 80
1 15 2
274 455
1 14 2
209 420
1 4 2
13 464
1 13 2
204 224
1 13 2
322 418
1 14 2
20 119
1 12 2
321 471
1 8 2
29 364
1 12 2
191 291
1 13 2
1 363
1 3 2
11 461
1 3 2
114 421
1 14 2
271 420
1 14 2
72 79
1 13 2
19 303
1 3 2
89 225
1 3 2
101 456
1 11 2
149 413
1 13 2
375 422
1 7 2
235 396
1 7 2
16 172
1 8 2
22 100
1 2 2
47 321
1 15 2
37 385
1 11 2
38 160
1 15 2
14 93
1 3 2
23 363
1 14 2
41 236
1 3 2
85 419
1 9 2
322 481
1 12 2
15 165
1 4 2
351 446
1 8 2
64 250
1 10 2
12 288
1 11 2
174 474
1 2 2
47 304
1 3 2
194 338
1 6 2
196 399
1 12 2
265 342
1 11 2
2 414
1 14 2
55 417
1 5 2
222 321
1 15 2
12 472
1 11 2
483 491
1 12 2
134 306
1 3 2
20 360
1 15 2
353 484
1 2 2
213 240
1 15 2
119 345
1 10 2
151 463
1 11 2
11 33
1 3 2
104 245
1 6 2
346 347
1 5 2
48 295
1 12 2
135 312
1 4 2
454 488
1 9 2
30 391
1 8 2
47 302
1 5 2
7 438
1 4 2
59 157
1 12 2
406 497
1 5 2
186 476
1 13 2
250 274
1 13 2
324 434
1 8 2
376 463
1 12 2
33 83
1 14 2
91 384
1 14 2
120 214
1 2 2
49 184
1 5 2
84 366
1 2 2
131 473
1 10 2
80 255
1 11 2
45 231
1 12 2
127 251
1 12 2
55 326
1 4 2
183 384
1 14 2
118 271
1 13 2
168 346
1 9 2
12 369
1 6 2
107 379
1 5 2
331 410
1 6 2
387 403
1 4 2
326 353
1 5 2
15 489
1 4 2
164 458
1 3 2
87 116
1 2 2
24 82
1 11 2
4 150
1 14 2
50 84
1 8 2
142 410
1 3 2
173 449
1 9 2
26 368
1 5 2
210 353
1 6 2
287 450
1 9 2
59 427
1 12 2
19 311
1 11 2
369 498
1 14 2
89 97
1 12 2
340 494
1 6 2
104 257
1 4 2
201 392
1 12 2
92 193
1 9 2
246 292
1 5 2
470 496
1 3 2
158 189
1 13 2
171 382
1 10 2
111 431
1 4 2
29 161
1 13 2
23 98
1 3 2
336 368
1 15 2
223 273
1 7 2
259 302
1 5 2
105 487
1 4 2
270 282
1 10 2
96 386
1 4 2
166 360
1 7 2
272 282
1 3 2
282 332
1 12 2
258 312
1 14 2
213 350
1 7 2
484 497
1 5 2
101 163
1 10 2
1 3
1 13 2
246 277
1 11 2
89 259
1 9 2
89 380
1 15 2
142 380
1 9 2
37 149
1 7 2
107 190
1 12 2
331 395
1 2 2
159 484
1 7 2
175 361
1 8 2
437 462
1 5 2
310 432
1 7 2
405 467
1 14 2
18 81
1 15 2
209 369
1 10 2
212 372
1 7 2
46 466
1 15 2
282 381
1 6 2
212 297
1 10 2
114 210
1 11 2
315 317
1 9 2
243 252
1 10 2
201 231
1 8 2
162 336
1 7 2
303 457
1 14 2
25 281
1 5 2
18 295
1 8 2
86 89
1 7 2
104 210
1 12 2
181 206
1 4 2
203 212
1 15 2
347 462
1 12 2
61 360
1 4 2
296 413
1 15 2
148 235
1 12 2
36 233
1 15 2
218 409
1 11 2
116 268
1 4 2
454 483
1 13 2
275 426
1 10 2
34 482
1 14 2
14 195
1 7 2
98 321
1 5 2
190 442
1 3 2
117 136
1 6 2
2 167
1 5 2
2 9
1 5 2
55 138
1 5 2
22 54
1 11 2
95 322
1 8 2
120 333
1 5 2
259 393
1 14 2
7 143
1 4 2
134 367
1 12 2
288 470
1 14 2
286 371
1 7 2
100 224
1 5 2
165 322
1 5 2
151 337
1 11 2
372 381
1 14 2
93 227
1 2 2
26 405
1 8 2
108 175
1 2 2
179 355
1 4 2
47 477
1 4 2
437 464
1 2 2
191 338
1 12 2
297 378
1 11 2
111 323
1 10 2
166 405
1 12 2
12 499
1 10 2
119 171
1 7 2
135 224
1 6 2
30 324
1 8 2
189 495
1 4 2
253 262
1 4 2
71 123
1 4 2
76 400
1 13 2
97 302
1 9 2
24 461
1 14 2
68 306
1 6 2
39 137
1 13 2
119 176
1 10 2
460 461
1 11 2
231 421
1 10 2
157 176
1 14 2
352 434
1 11 2
189 429
1 3 2
152 289
1 5 2
35 286
1 15 2
454 460
1 4 2
372 394
1 6 2
219 288
1 3 2
400 427
1 8 2
246 418
1 15 2
423 467
1 3 2
175 493
1 3 2
154 249
1 5 2
96 208
1 6 2
422 479
1 5 2
8 380
1 8 2
360 488
1 5 2
140 285
1 4 2
102 123
1 2 2
53 443
1 6 2
110 276
1 12 2
45 179
1 9 2
227 468
1 7 2
218 270
1 6 2
58 79
1 9 2
83 106
1 11 2
176 319
1 6 2
17 204
1 6 2
23 173
1 15 2
89 470
1 9 2
51 117
1 3 2
18 436
1 3 2
128 289
1 5 2
39 93
1 11 2
390 484
1 6 2
46 168
1 4 2
29 42
1 2 2
48 92
1 4 2
31 116
1 14 2
81 224
1 2 2
31 40
1 10 2
32 477
1 7 2
215 309
1 2 2
92 404
1 6 2
12 254
1 8 2
57 67
1 11 2
79 301
1 3 2
361 463
1 2 2
125 137
1 11 2
118 201
1 2 2
462 476
1 10 2
123 124
1 6 2
163 248
1 3 2
217 441
1 9 2
276 352
1 7 2
161 488
1 6 2
66 312
1 7 2
13 494
1 5 2
227 354
1 9 2
40 488
1 9 2
367 410
1 11 2
82 239
1 6 2
21 335
1 14 2
62 476
1 9 2
235 432
1 6 2
149 464
1 9 2
195 311
1 2 2
187 225
1 6 2
101 428
1 13 2
342 355
1 12 2
34 72
1 11 2
187 352
1 8 2
107 291
1 13 2
144 410
1 6 2
363 430
1 2 2
91 437
1 15 2
408 434
1 12 2
274 385
1 12 2
158 234
1 7 2
229 428
1 13 2
367 386
1 11 2
149 394
1 10 2
168 232
1 12 2
213 404
1 7 2
247 305
1 2 2
126 301
1 5 2
88 435
1 3 2
22 174
1 11 2
453 484
1 9 2
153 168
1 14 2
344 424
1 8 2
227 297
1 11 2
107 182
1 12 2
362 415
1 10 2
31 395
1 14 2
316 345
1 6 2
145 213
1 14 2
124 228
1 13 2
44 460
1 10 2
23 404
1 14 2
40 298
1 11 2
395 451
1 13 2
404 422
1 12 2
60 170
1 2 2
354 470
1 13 2
105 431
1 15 2
330 434
1 12 2
220 424
1 14 2
209 490
1 2 2
143 184
1 2 2
246 455
1 7 2
321 349
1 8 2
288 324
1 11 2
0 476
1 11 2
334 357
1 4 2
85 143
1 4 2
256 423
1 9 2
116 488
1 14 2
116 365
1 12 2
44 139
1 14 2
96 449
1 3 2
186 335
1 13 2
352 495
1 13 2
300 486
1 12 2
183 363
1 2 2
248 456
1 4 2
243 491
1 9 2
25 322
1 2 2
243 468
1 11 2
63 312
1 15 2
155 493
1 12 2
399 411
1 8 2
67 464
1 8 2
6 145
1 13 2
339 362
1 14 2
198 416
1 3 2
159 407
1 13 2
360 422
1 9 2
262 343
1 2 2
222 360
1 3 2
89 172
1 9 2
45 302
1 12 2
258 281
1 14 2
436 471
1 13 2
10 256
1 15 2
38 418
1 15 2
32 155
1 10 2
50 354
1 7 2
240 480
1 7 2
65 216
1 3 2
209 277
1 3 2
38 84
1 13 2
145 231
1 10 2
28 250
1 14 2
210 306
1 7 2
98 480
1 10 2
149 447
1 7 2
53 233
1 7 2
94 218
1 3 2
5 156
1 2 2
19 401
1 6 2
55 147
1 7 2
171 343
1 8 2
27 335
1 5 2
233 300
1 13 2
64 101
1 6 2
92 141
1 5 2
102 189
1 13 2
95 307
1 10 2
152 411
1 15 2
122 193
1 3 2
74 228
1 13 2
59 482
1 3 2
316 492
1 9 2
138 294
1 7 2
300 426
1 7 2
322 465
1 9 2
143 359
1 12 2
57 152
1 8 2
132 259
1 9 2
348 357
1 13 2
77 454
1 10 2
52 224
1 14 2
87 379
1 8 2
277 367
1 9 2
155 336
1 9 2
144 192
1 7 2
203 446
1 14 2
68 212
1 3 2
20 400
1 3 2
409 412
1 14 2
17 315
1 14 2
152 486
1 12 2
322 371
1 10 2
147 427
1 10 2
78 350
1 5 2
313 478
1 12 2
10 298
1 5 2
107 365
1 5 2
46 72
1 7 2
79 182
