500 3000 2500
7 10 19 7 9 9 13 15 12 11 20 19 13 11 20 10 10 9 6 16 22 19 22 24 23 15 13 6 16 16 6 23 19 11 22 12 21 16 10 23 25 5 5 13 21 25 14 17 25 9 22 15 5 17 15 22 19 16 20 8 24 25 7 10 21 25 23 8 12 14 16 18 11 5 19 13 23 23 19 7 14 16 11 18 6 15 15 8 19 13 17 19 16 11 14 8 19 13 14 9 13 7 10 5 25 22 19 16 13 23 24 5 11 19 10 18 10 6 21 5 14 18 15 23 14 15 6 15 20 10 11 10 21 22 17 19 10 7 23 12 12 12 6 6 9 14 25 22 11 10 16 18 10 6 17 21 19 12 12 12 9 6 16 14 14 21 22 16 10 10 12 16 17 19 20 23 7 23 16 5 21 24 10 23 18 23 17 22 11 6 12 8 15 19 22 11 10 13 18 21 6 5 21 14 25 21 6 12 9 16 23 8 24 18 15 10 13 21 8 8 12 25 20 24 20 8 25 10 11 10 5 8 5 7 8 20 18 24 25 10 5 20 12 5 11 7 8 12 17 8 8 14 14 19 19 12 14 10 24 7 7 19 5 12 8 10 9 5 8 9 5 11 14 20 18 9 13 7 23 22 23 25 20 11 15 8 18 17 21 22 23 19 5 24 5 14 21 5 15 10 12 18 9 16 9 13 20 7 9 17 21 15 19 21 24 15 13 19 16 12 19 7 15 20 8 24 18 15 5 19 8 21 8 23 10 22 24 17 8 5 15 23 5 24 22 20 8 7 10 6 14 25 17 13 16 22 13 8 22 18 9 17 13 23 6 18 14 22 5 9 17 13 9 23 14 16 15 24 19 20 19 16 16 14 18 8 22 6 9 7 13 8 10 8 6 16 5 15 10 17 15 22 24 14 25 13 22 23 11 23 16 8 24 7 18 13 10 10 5 13 21 7 6 22 11 7 16 10 16 20 9 25 7 18 11 20 12 15 22 15 20 24 22 9 15 5 19 23 6 9 9 21 19 13 15 5 9 25 18 12 11 24 5 17 19 11 23 17 24 22 22 6 19 23 11 20 14 18 14 8 15 13 23 14 25 24 11 18 19 10 5 5 19 19 18 16 21 21 24 18
12 6 7 13 7 3 19 16 6 19 9 11 8 19 7 4 13 11 18 9 15 20 10 13 10 7 8 16 20 4 12 9 20 11 18 13 16 15 9 5 20 18 14 12 11 12 9 17 4 3 4 8 7 11 5 18 8 8 13 5 18 8 3 9 13 3 12 14 7 16 6 7 15 11 11 15 17 19 18 8 18 16 13 19 16 19 13 19 4 3 12 7 6 12 15 3 18 7 9 20 17 10 15 18 7 17 12 5 11 12 6 19 14 17 20 3 4 4 18 10 16 17 16 9 14 7 17 4 7 13 4 11 9 20 13 17 3 16 19 15 8 19 5 14 19 19 9 13 10 20 13 20 3 10 20 4 6 18 5 18 20 5 18 3 18 11 3 9 17 16 11 13 16 13 15 16 19 17 12 6 18 12 14 16 18 6 10 16 8 18 6 19 18 9 9 10 7 17 11 20 5 11 15 11 11 20 3 8 14 3 9 5 20 13 19 9 8 5 14 8 7 12 14 16 19 10 12 12 18 8 10 9 10 10 12 8 15 17 13 15 18 5 4 17 8 18 8 18 14 19 14 12 17 4 4 20 14 16 3 4 8 15 12 20 4 8 18 11 13 8 16 3 8 17 7 11 18 5 12 7 3 14 9 18 7 10 16 14 15 4 18 7 15 11 5 13 8 18 17 9 8 18 8 12 17 15 17 16 7 4 11 10 12 18 18 20 9 10 7 9 8 5 6 7 17 8 7 6 18 12 9 18 11 10 10 6 15 4 14 6 6 10 16 4 17 14 3 18 8 3 4 20 15 15 3 17 16 13 3 18 20 13 15 4 6 14 10 5 5 12 11 11 7 10 13 11 5 17 19 20 12 4 20 14 19 5 3 13 20 15 10 16 8 19 18 20 8 6 18 4 5 4 6 9 9 18 14 7 20 3 7 11 13 7 3 4 9 6 19 9 14 18 10 6 20 16 14 4 17 10 20 13 17 8 12 16 13 6 7 16 17 19 10 3 10 20 5 11 11 10 5 17 11 16 10 12 15 20 11 3 6 9 7 9 20 5 17 17 16 13 11 19 3 17 11 13 8 13 15 7 4 15 19 18 9 7 4 7 13 17 5 11 7 20 11 8 15 17 16 8
1 5 2
229 321
1 14 2
78 285
1 5 2
228 253
1 10 2
259 350
1 12 2
65 355
1 2 2
134 144
1 4 2
373 464
1 10 2
50 388
1 6 2
282 313
1 9 2
204 439
1 3 2
53 117
1 15 2
77 313
1 15 2
26 35
1 9 2
274 433
1 10 2
51 270
1 12 2
38 401
1 15 2
284 341
1 13 2
219 446
1 2 2
234 370
1 11 2
223 374
1 13 2
211 376
1 4 2
165 436
1 5 2
201 324
1 10 2
13 476
1 5 2
32 428
1 6 2
44 209
1 6 2
397 483
1 2 2
337 434
1 10 2
346 395
1 5 2
4 485
1 12 2
452 480
1 15 2
101 444
1 14 2
402 484
1 7 2
12 137
1 6 2
110 489
1 5 2
96 173
1 6 2
290 441
1 12 2
148 252
1 13 2
79 450
1 14 2
94 458
1 7 2
338 380
1 5 2
129 286
1 10 2
9 362
1 8 2
181 184
1 14 2
131 341
1 11 2
364 488
1 15 2
208 215
1 6 2
141 494
1 9 2
292 347
1 8 2
243 366
1 4 2
148 244
1 12 2
285 390
1 15 2
184 405
1 11 2
62 494
1 4 2
55 82
1 9 2
165 423
1 2 2
68 99
1 6 2
297 340
1 8 2
31 174
1 11 2
183 311
1 6 2
166 364
1 4 2
204 269
1 12 2
168 338
1 15 2
44 253
1 12 2
458 470
1 14 2
274 328
1 12 2
335 382
1 13 2
236 498
1 7 2
257 361
1 3 2
433 466
1 3 2
124 377
1 10 2
323 367
1 2 2
418 441
1 7 2
352 472
1 15 2
86 325
1 9 2
209 401
1 6 2
227 382
1 4 2
177 401
1 5 2
157 464
1 4 2
301 333
1 10 2
175 467
1 15 2
169 199
1 11 2
357 398
1 7 2
69 337
1 15 2
326 395
1 13 2
304 345
1 12 2
328 361
1 4 2
25 464
1 11 2
124 285
1 14 2
103 362
1 8 2
122 278
1 2 2
90 316
1 11 2
168 351
1 3 2
229 406
1 7 2
66 260
1 11 2
15 332
1 3 2
148 197
1 9 2
359 413
1 7 2
270 398
1 7 2
327 460
1 12 2
298 362
1 14 2
29 53
1 6 2
365 412
1 4 2
391 394
1 6 2
128 142
1 9 2
75 244
1 7 2
151 403
1 13 2
177 376
1 7 2
250 497
1 9 2
197 480
1 5 2
57 373
1 12 2
198 351
1 6 2
65 407
1 5 2
128 361
1 9 2
56 71
1 13 2
85 273
1 5 2
86 312
1 8 2
296 449
1 6 2
117 453
1 5 2
111 435
1 15 2
416 429
1 2 2
72 488
1 13 2
45 88
1 5 2
4 54
1 11 2
4 462
1 9 2
299 322
1 4 2
7 347
1 6 2
94 421
1 15 2
80 330
1 9 2
219 449
1 10 2
362 484
1 5 2
153 291
1 10 2
226 297
1 9 2
70 277
1 6 2
32 164
1 8 2
292 353
1 7 2
176 334
1 8 2
179 269
1 6 2
2 62
1 7 2
159 497
1 5 2
202 216
1 8 2
60 358
1 10 2
49 74
1 5 2
25 428
1 13 2
12 379
1 3 2
62 162
1 3 2
111 417
1 6 2
30 360
1 6 2
28 464
1 11 2
228 473
1 5 2
21 167
1 3 2
23 157
1 12 2
169 381
1 5 2
217 486
1 14 2
100 464
1 2 2
245 347
1 11 2
43 93
1 5 2
247 260
1 9 2
271 462
1 3 2
182 361
1 5 2
80 286
1 11 2
90 442
1 15 2
24 467
1 11 2
74 345
1 9 2
271 340
1 10 2
116 187
1 9 2
432 458
1 11 2
58 412
1 14 2
291 454
1 2 2
1 480
1 11 2
97 269
1 9 2
35 286
1 6 2
70 173
1 13 2
292 493
1 12 2
85 129
1 15 2
94 350
1 9 2
158 349
1 7 2
38 149
1 13 2
30 241
1 6 2
294 445
1 8 2
333 454
1 3 2
265 406
1 4 2
39 151
1 5 2
125 470
1 7 2
303 398
1 11 2
426 434
1 11 2
348 419
1 9 2
256 428
1 3 2
253 449
1 3 2
207 340
1 11 2
199 490
1 10 2
73 404
1 5 2
25 369
1 12 2
175 424
1 8 2
238 496
1 13 2
29 54
1 7 2
36 370
1 15 2
110 156
1 6 2
102 168
1 3 2
18 61
1 4 2
189 327
1 15 2
64 493
1 7 2
282 300
1 7 2
48 375
1 13 2
247 456
1 12 2
179 231
1 4 2
348 379
1 4 2
147 205
1 3 2
14 439
1 3 2
66 270
1 11 2
169 361
1 11 2
482 486
1 15 2
150 440
1 9 2
191 444
1 13 2
156 340
1 13 2
353 397
1 6 2
54 331
1 10 2
154 160
1 9 2
41 318
1 2 2
434 445
1 8 2
38 484
1 15 2
226 400
1 15 2
122 279
1 11 2
430 469
1 8 2
206 257
1 6 2
181 343
1 6 2
238 405
1 14 2
6 94
1 10 2
21 341
1 2 2
146 201
1 12 2
81 99
1 13 2
26 260
1 12 2
8 285
1 9 2
105 157
1 14 2
34 434
1 9 2
186 481
1 6 2
369 374
1 3 2
146 384
1 2 2
220 313
1 11 2
374 413
1 4 2
84 360
1 2 2
140 499
1 13 2
52 211
1 9 2
164 409
1 6 2
91 101
1 3 2
252 254
1 10 2
108 406
1 5 2
93 126
1 4 2
142 156
1 14 2
71 303
1 2 2
388 413
1 9 2
140 389
1 2 2
100 360
1 13 2
138 365
1 8 2
155 215
1 12 2
471 473
1 6 2
68 368
1 6 2
195 439
1 11 2
23 396
1 2 2
171 381
1 2 2
130 471
1 3 2
232 249
1 10 2
205 319
1 5 2
397 424
1 4 2
28 415
1 15 2
192 357
1 7 2
389 428
1 10 2
206 492
1 12 2
58 352
1 2 2
219 317
1 15 2
129 269
1 3 2
163 253
1 11 2
342 411
1 6 2
83 430
1 5 2
218 288
1 9 2
36 110
1 7 2
141 228
1 5 2
186 459
1 10 2
119 142
1 2 2
46 115
1 12 2
198 343
1 2 2
186 237
1 3 2
3 382
1 2 2
42 388
1 10 2
7 302
1 10 2
432 492
1 2 2
17 314
1 2 2
97 192
1 12 2
370 437
1 3 2
71 356
1 8 2
25 153
1 2 2
12 276
1 8 2
83 266
1 3 2
219 334
1 11 2
84 217
1 10 2
139 299
1 6 2
3 408
1 10 2
201 482
1 2 2
21 440
1 3 2
75 177
1 14 2
292 482
1 15 2
33 352
1 4 2
11 259
1 4 2
154 361
1 9 2
136 435
1 3 2
186 349
1 14 2
145 475
1 7 2
274 397
1 12 2
258 363
1 6 2
90 278
1 9 2
83 427
1 7 2
165 216
1 9 2
285 288
1 3 2
0 365
1 13 2
321 437
1 13 2
126 489
1 11 2
275 314
1 6 2
316 375
1 2 2
218 286
1 4 2
181 315
1 15 2
233 311
1 12 2
190 310
1 15 2
373 386
1 6 2
115 214
1 3 2
361 473
1 4 2
344 378
1 11 2
420 441
1 8 2
88 444
1 5 2
373 422
1 11 2
121 387
1 13 2
363 436
1 2 2
307 485
1 7 2
416 460
1 4 2
20 366
1 3 2
226 289
1 7 2
59 205
1 7 2
279 298
1 7 2
249 387
1 13 2
194 491
1 6 2
341 353
1 4 2
373 388
1 11 2
50 276
1 12 2
374 410
1 2 2
45 243
1 2 2
224 323
1 4 2
174 232
1 12 2
112 290
1 15 2
9 456
1 6 2
30 150
1 13 2
369 493
1 14 2
211 476
1 6 2
35 261
1 12 2
101 218
1 11 2
153 297
1 2 2
21 435
1 2 2
45 285
1 2 2
83 222
1 9 2
158 386
1 12 2
80 325
1 4 2
170 396
1 11 2
34 218
1 13 2
143 191
1 7 2
257 401
1 12 2
84 376
1 7 2
13 83
1 8 2
416 446
1 13 2
109 285
1 3 2
367 412
1 4 2
447 479
1 2 2
187 204
1 5 2
22 403
1 9 2
239 493
1 6 2
27 474
1 5 2
75 122
1 6 2
171 373
1 8 2
213 320
1 15 2
19 208
1 14 2
52 261
1 3 2
78 409
1 13 2
260 338
1 2 2
400 469
1 12 2
15 111
1 11 2
214 367
1 7 2
73 416
1 15 2
36 249
1 12 2
82 305
1 8 2
256 340
1 9 2
143 455
1 2 2
262 433
1 3 2
439 472
1 7 2
376 381
1 2 2
255 340
1 3 2
35 132
1 9 2
424 438
1 5 2
40 445
1 12 2
393 435
1 12 2
274 330
1 5 2
91 115
1 4 2
236 463
1 5 2
1 265
1 11 2
334 419
1 14 2
97 176
1 7 2
24 388
1 14 2
46 59
1 6 2
107 122
1 12 2
214 463
1 2 2
24 207
1 14 2
77 341
1 10 2
347 365
1 8 2
84 294
1 4 2
11 125
1 14 2
202 421
1 4 2
174 271
1 5 2
431 491
1 7 2
41 248
1 9 2
323 497
1 2 2
73 291
1 6 2
345 388
1 3 2
110 151
1 4 2
219 416
1 14 2
5 337
1 7 2
177 413
1 14 2
140 231
1 8 2
44 89
1 6 2
243 303
1 11 2
421 489
1 9 2
315 409
1 14 2
284 448
1 12 2
95 156
1 12 2
219 385
1 3 2
341 493
1 7 2
37 260
1 15 2
61 390
1 9 2
162 495
1 4 2
226 337
1 4 2
106 471
1 5 2
86 209
1 4 2
141 305
1 15 2
98 165
1 3 2
120 216
1 11 2
194 464
1 11 2
364 412
1 2 2
246 394
1 9 2
78 118
1 8 2
381 387
1 6 2
442 489
1 4 2
106 218
1 4 2
221 403
1 15 2
351 458
1 13 2
326 347
1 6 2
45 142
1 11 2
252 349
1 14 2
42 407
1 9 2
19 425
1 9 2
280 477
1 9 2
52 73
1 7 2
127 258
1 15 2
35 390
1 3 2
57 253
1 12 2
139 182
1 8 2
111 203
1 13 2
45 418
1 15 2
47 435
1 3 2
22 49
1 13 2
230 407
1 2 2
212 369
1 2 2
101 228
1 5 2
9 289
1 3 2
132 274
1 15 2
303 475
1 9 2
129 385
1 7 2
30 310
1 13 2
5 209
1 8 2
177 459
1 4 2
107 171
1 4 2
52 249
1 7 2
140 376
1 9 2
369 420
1 10 2
304 407
1 8 2
143 146
1 9 2
273 378
1 11 2
394 490
1 14 2
99 275
1 12 2
24 444
1 11 2
24 418
1 3 2
340 481
1 8 2
347 475
1 9 2
114 205
1 7 2
143 281
1 8 2
239 404
1 12 2
59 439
1 4 2
134 299
1 2 2
87 107
1 2 2
338 433
1 13 2
116 388
1 14 2
243 416
1 10 2
86 476
1 6 2
85 97
1 6 2
237 332
1 4 2
144 321
1 15 2
281 333
1 8 2
294 488
1 13 2
260 440
1 9 2
27 32
1 2 2
233 432
1 11 2
46 408
1 9 2
60 403
1 2 2
34 369
1 12 2
5 367
1 14 2
184 335
1 13 2
93 128
1 13 2
230 473
1 15 2
261 312
1 7 2
158 380
1 11 2
31 187
1 3 2
260 359
1 13 2
86 190
1 8 2
249 376
1 8 2
244 277
1 13 2
135 308
1 3 2
121 190
1 6 2
67 418
1 9 2
77 305
1 8 2
424 481
1 7 2
402 491
1 14 2
111 198
1 14 2
77 189
1 15 2
70 323
1 11 2
87 496
1 2 2
71 364
1 7 2
81 286
1 8 2
295 331
1 2 2
208 225
1 3 2
301 385
1 3 2
120 388
1 5 2
402 446
1 11 2
67 337
1 12 2
95 185
1 10 2
172 450
1 14 2
221 231
1 6 2
108 484
1 4 2
49 324
1 3 2
290 336
1 2 2
171 300
1 9 2
13 451
1 7 2
73 424
1 9 2
162 333
1 15 2
188 329
1 6 2
202 294
1 13 2
123 345
1 3 2
199 488
1 8 2
18 326
1 10 2
248 256
1 7 2
23 215
1 5 2
125 174
1 3 2
11 67
1 14 2
245 423
1 3 2
275 285
1 6 2
54 200
1 13 2
38 415
1 11 2
31 427
1 5 2
75 407
1 15 2
34 237
1 6 2
65 338
1 13 2
134 485
1 7 2
88 212
1 11 2
178 226
1 10 2
395 449
1 3 2
179 181
1 15 2
214 398
1 6 2
320 448
1 11 2
358 474
1 15 2
10 409
1 11 2
103 319
1 10 2
268 372
1 2 2
131 393
1 7 2
112 197
1 9 2
17 344
1 11 2
253 329
1 8 2
232 454
1 9 2
96 458
1 4 2
302 368
1 6 2
175 460
1 3 2
238 366
1 3 2
142 175
1 10 2
82 275
1 13 2
43 422
1 3 2
267 326
1 5 2
195 210
1 14 2
160 422
1 14 2
365 414
1 7 2
158 214
1 14 2
151 273
1 12 2
169 250
1 15 2
351 404
1 8 2
207 370
1 2 2
377 396
1 9 2
33 259
1 11 2
211 259
1 4 2
384 396
1 6 2
292 443
1 11 2
170 375
1 5 2
62 149
1 4 2
66 276
1 13 2
92 96
1 10 2
355 498
1 12 2
34 203
1 11 2
39 445
1 3 2
68 380
1 4 2
264 431
1 2 2
43 174
1 7 2
264 457
1 6 2
192 340
1 6 2
160 415
1 12 2
45 409
1 13 2
20 230
1 10 2
221 455
1 10 2
47 355
1 13 2
127 248
1 6 2
278 361
1 6 2
419 490
1 2 2
305 432
1 10 2
177 442
1 6 2
91 296
1 9 2
176 223
1 4 2
14 317
1 6 2
247 261
1 6 2
96 188
1 8 2
188 326
1 4 2
76 450
1 5 2
337 347
1 2 2
150 473
1 3 2
128 164
1 14 2
37 146
1 6 2
302 400
1 7 2
336 355
1 5 2
176 291
1 15 2
176 362
1 5 2
256 344
1 15 2
207 306
1 10 2
153 175
1 10 2
22 323
1 4 2
73 460
1 8 2
301 460
1 15 2
216 368
1 11 2
123 238
1 8 2
303 304
1 3 2
59 108
1 6 2
165 378
1 7 2
66 448
1 4 2
182 464
1 10 2
107 467
1 10 2
66 198
1 2 2
158 245
1 11 2
34 494
1 3 2
263 416
1 5 2
173 452
1 14 2
65 214
1 4 2
11 340
1 3 2
175 364
1 11 2
134 491
1 11 2
0 355
1 3 2
109 144
1 6 2
354 423
1 2 2
173 378
1 15 2
151 384
1 7 2
5 26
1 14 2
109 286
1 13 2
311 406
1 10 2
457 460
1 13 2
58 481
1 8 2
118 306
1 14 2
360 418
1 12 2
93 393
1 2 2
88 438
1 3 2
2 44
1 5 2
14 121
1 7 2
93 424
1 8 2
216 496
1 8 2
361 493
1 11 2
84 386
1 5 2
366 467
1 13 2
90 123
1 9 2
157 229
1 10 2
179 320
1 4 2
83 99
1 3 2
201 328
1 14 2
24 266
1 8 2
191 365
1 10 2
237 447
1 10 2
116 222
1 14 2
181 433
1 11 2
316 393
1 13 2
150 405
1 8 2
117 218
1 4 2
33 40
1 5 2
122 286
1 13 2
40 70
1 3 2
406 496
1 14 2
112 252
1 9 2
242 461
1 13 2
21 367
1 7 2
231 332
1 9 2
303 436
1 6 2
85 147
1 14 2
15 464
1 5 2
221 384
1 3 2
147 363
1 13 2
165 297
1 4 2
232 330
1 12 2
20 250
1 7 2
223 391
1 9 2
64 471
1 13 2
165 332
1 6 2
233 469
1 6 2
148 325
1 13 2
358 449
1 12 2
26 422
1 14 2
164 260
1 10 2
145 314
1 5 2
15 274
1 9 2
27 393
1 15 2
32 177
1 2 2
121 474
1 14 2
298 342
1 11 2
454 476
1 12 2
14 291
1 13 2
16 405
1 4 2
139 380
1 6 2
289 458
1 11 2
52 376
1 2 2
281 433
1 12 2
97 347
1 2 2
56 494
1 10 2
335 392
1 3 2
234 436
1 12 2
26 231
1 8 2
100 243
1 9 2
6 478
1 13 2
115 119
1 11 2
114 445
1 12 2
72 402
1 4 2
54 239
1 8 2
9 310
1 5 2
418 465
1 4 2
368 402
1 8 2
157 437
1 2 2
127 438
1 3 2
395 457
1 13 2
12 494
1 8 2
278 353
1 2 2
182 264
1 11 2
348 396
1 4 2
350 433
1 11 2
162 445
1 5 2
61 68
1 2 2
26 424
1 12 2
329 478
1 5 2
451 455
1 10 2
207 404
1 15 2
199 443
1 5 2
12 228
1 5 2
16 165
1 13 2
367 399
1 13 2
193 251
1 12 2
180 400
1 8 2
203 435
1 4 2
35 267
1 10 2
391 392
1 15 2
220 414
1 8 2
19 261
1 15 2
301 324
1 11 2
238 450
1 2 2
201 426
1 8 2
106 162
1 8 2
215 485
1 13 2
72 165
1 7 2
358 434
1 15 2
324 482
1 4 2
178 263
1 14 2
297 407
1 8 2
368 441
1 5 2
16 288
1 6 2
225 493
1 10 2
87 207
1 6 2
107 341
1 10 2
30 76
1 3 2
174 280
1 14 2
226 403
1 10 2
202 429
1 10 2
211 212
1 10 2
166 408
1 12 2
50 73
1 6 2
61 388
1 13 2
15 31
1 11 2
75 217
1 8 2
132 364
1 11 2
127 247
1 10 2
349 369
1 10 2
270 341
1 10 2
2 472
1 2 2
281 490
1 13 2
2 139
1 8 2
136 387
1 11 2
43 487
1 3 2
11 242
1 8 2
289 385
1 3 2
437 450
1 14 2
142 366
1 4 2
146 230
1 9 2
14 386
1 10 2
21 233
1 2 2
408 484
1 8 2
108 203
1 14 2
149 405
1 8 2
28 379
1 7 2
199 466
1 12 2
226 275
1 6 2
201 327
1 14 2
33 215
1 6 2
74 287
1 8 2
401 441
1 2 2
60 262
1 11 2
381 451
1 15 2
27 488
1 6 2
308 460
1 11 2
158 321
1 3 2
243 383
1 2 2
95 335
1 7 2
52 58
1 3 2
105 343
1 10 2
1 84
1 12 2
141 159
1 13 2
281 384
1 8 2
85 340
1 8 2
339 465
1 4 2
214 217
1 7 2
59 291
1 2 2
269 314
1 10 2
67 263
1 6 2
41 336
1 14 2
65 261
1 11 2
35 420
1 7 2
415 480
1 8 2
185 343
1 9 2
373 421
1 10 2
13 126
1 9 2
412 440
1 2 2
274 480
1 8 2
25 131
1 6 2
108 185
1 15 2
144 195
1 7 2
246 468
1 10 2
255 433
1 2 2
341 437
1 2 2
261 462
1 13 2
436 494
1 12 2
97 313
1 5 2
97 441
1 8 2
230 462
1 5 2
147 180
1 14 2
67 122
1 8 2
403 418
1 3 2
128 375
1 13 2
97 174
1 12 2
172 380
1 7 2
15 187
1 7 2
122 344
1 7 2
202 370
1 10 2
75 405
1 12 2
245 451
1 8 2
86 194
1 11 2
87 147
1 11 2
176 382
1 6 2
272 432
1 2 2
80 408
1 4 2
329 440
1 3 2
53 134
1 9 2
383 484
1 15 2
147 382
1 10 2
194 482
1 12 2
65 420
1 9 2
175 300
1 2 2
316 364
1 11 2
292 369
1 14 2
22 432
1 13 2
281 414
1 8 2
78 442
1 11 2
37 163
1 7 2
198 363
1 7 2
290 344
1 10 2
27 456
1 6 2
245 440
1 4 2
4 170
1 8 2
331 354
1 6 2
0 486
1 13 2
61 156
1 10 2
17 466
1 9 2
50 115
1 12 2
17 332
1 13 2
107 488
1 3 2
112 312
1 4 2
318 383
1 5 2
75 231
1 15 2
143 190
1 13 2
303 450
1 13 2
60 449
1 6 2
34 364
1 8 2
352 413
1 12 2
177 487
1 9 2
0 209
1 9 2
29 220
1 3 2
87 346
1 6 2
156 341
1 11 2
396 406
1 14 2
220 428
1 9 2
158 213
1 12 2
38 406
1 15 2
117 437
1 5 2
210 336
1 14 2
70 343
1 5 2
74 319
1 15 2
236 372
1 12 2
79 112
1 9 2
169 252
1 2 2
25 398
1 12 2
219 243
1 11 2
191 339
1 7 2
94 452
1 7 2
191 195
1 8 2
109 143
1 15 2
236 238
1 13 2
49 345
1 5 2
12 394
1 8 2
66 275
1 7 2
482 487
1 3 2
339 404
1 3 2
101 140
1 9 2
67 251
1 6 2
64 83
1 3 2
47 407
1 9 2
231 458
1 8 2
125 416
1 5 2
3 461
1 8 2
250 331
1 12 2
147 359
1 12 2
4 355
1 14 2
7 186
1 6 2
273 447
1 5 2
92 366
1 14 2
10 287
1 2 2
305 341
1 12 2
331 359
1 12 2
235 323
1 5 2
10 137
1 6 2
269 451
1 6 2
28 109
1 12 2
164 436
1 5 2
61 182
1 14 2
93 216
1 3 2
257 398
1 4 2
133 483
1 15 2
410 471
1 10 2
274 422
1 10 2
74 299
1 14 2
141 330
1 11 2
306 352
1 15 2
56 437
1 13 2
388 457
1 7 2
151 255
1 11 2
323 423
1 5 2
370 487
1 14 2
115 280
1 4 2
128 226
1 3 2
20 83
1 11 2
268 272
1 11 2
77 457
1 5 2
315 491
1 3 2
187 326
1 9 2
211 465
1 13 2
196 292
1 3 2
281 444
1 11 2
349 390
1 11 2
74 491
1 6 2
219 471
1 5 2
215 452
1 15 2
407 424
1 10 2
109 240
1 8 2
103 232
1 13 2
105 382
1 2 2
197 295
1 13 2
368 392
1 5 2
237 391
1 8 2
87 302
1 12 2
467 489
1 4 2
71 181
1 2 2
205 352
1 4 2
219 280
1 10 2
87 125
1 3 2
296 395
1 14 2
164 392
1 9 2
190 460
1 14 2
334 415
1 14 2
326 382
1 3 2
37 401
1 2 2
216 467
1 11 2
41 454
1 2 2
188 442
1 12 2
91 113
1 11 2
337 465
1 4 2
41 92
1 5 2
247 303
1 7 2
66 185
1 7 2
12 21
1 10 2
118 313
1 6 2
115 330
1 5 2
112 183
1 15 2
66 398
1 4 2
238 266
1 7 2
103 493
1 10 2
36 127
1 10 2
284 498
1 12 2
463 474
1 6 2
91 193
1 2 2
201 350
1 9 2
287 416
1 3 2
135 154
1 6 2
198 285
1 10 2
73 119
1 4 2
259 270
1 4 2
132 206
1 8 2
50 79
1 7 2
40 152
1 2 2
426 468
1 10 2
309 366
1 15 2
236 264
1 6 2
312 483
1 13 2
178 486
1 15 2
472 492
1 10 2
65 260
1 12 2
51 291
1 6 2
7 87
1 14 2
93 413
1 13 2
92 207
1 10 2
39 356
1 4 2
192 253
1 2 2
68 113
1 11 2
161 493
1 8 2
168 350
1 15 2
28 134
1 11 2
45 130
1 8 2
313 425
1 4 2
436 499
1 2 2
6 461
1 9 2
140 269
1 7 2
360 391
1 14 2
241 275
1 13 2
355 470
1 9 2
250 405
1 8 2
2 63
1 11 2
52 443
1 12 2
143 217
1 15 2
184 342
1 12 2
166 458
1 13 2
110 140
1 13 2
233 307
1 11 2
158 300
1 10 2
243 280
1 6 2
21 171
1 13 2
135 194
1 3 2
53 100
1 6 2
47 393
1 10 2
34 156
1 14 2
168 188
1 8 2
116 284
1 10 2
132 316
1 4 2
137 202
1 10 2
109 218
1 11 2
66 449
1 4 2
193 476
1 11 2
369 406
1 5 2
87 310
1 9 2
37 55
1 11 2
67 440
1 4 2
111 496
1 4 2
326 456
1 15 2
160 333
1 15 2
24 265
1 8 2
133 155
1 15 2
98 116
1 10 2
169 292
1 11 2
117 255
1 2 2
357 496
1 11 2
31 214
1 7 2
231 472
1 6 2
233 491
1 10 2
28 116
1 6 2
43 225
1 5 2
69 258
1 9 2
27 76
1 8 2
93 193
1 10 2
162 418
1 14 2
75 262
1 6 2
113 294
1 15 2
25 39
1 6 2
80 464
1 10 2
312 416
1 8 2
213 486
1 4 2
44 496
1 4 2
413 479
1 6 2
188 259
1 9 2
230 411
1 5 2
137 273
1 15 2
20 240
1 12 2
33 343
1 3 2
114 172
1 7 2
58 61
1 2 2
155 461
1 14 2
208 409
1 5 2
41 73
1 9 2
3 267
1 2 2
288 407
1 12 2
14 81
1 2 2
84 267
1 15 2
268 282
1 6 2
205 416
1 15 2
86 480
1 5 2
242 370
1 10 2
248 471
1 11 2
78 331
1 4 2
284 435
1 5 2
392 496
1 12 2
250 326
1 10 2
320 479
1 15 2
88 437
1 6 2
175 327
1 7 2
29 158
1 11 2
144 298
1 11 2
190 230
1 14 2
255 365
1 11 2
52 481
1 8 2
269 493
1 7 2
3 346
1 9 2
427 440
1 3 2
47 247
1 15 2
80 478
1 9 2
348 476
1 8 2
2 496
1 7 2
98 170
1 11 2
6 224
1 5 2
13 304
1 5 2
338 445
1 4 2
111 473
1 6 2
458 468
1 12 2
379 473
1 4 2
84 390
1 11 2
40 240
1 5 2
50 51
1 12 2
146 440
1 9 2
109 329
1 13 2
14 299
1 15 2
256 270
1 9 2
94 434
1 6 2
164 415
1 4 2
324 354
1 9 2
256 453
1 4 2
62 121
1 14 2
168 390
1 8 2
351 438
1 2 2
19 350
1 8 2
16 465
1 5 2
7 221
1 12 2
67 161
1 2 2
159 436
1 2 2
239 333
1 6 2
77 333
1 9 2
190 398
1 11 2
17 359
1 14 2
1 299
1 7 2
226 252
1 14 2
112 370
1 5 2
77 167
1 6 2
164 357
1 14 2
238 344
1 10 2
371 391
1 5 2
219 329
1 15 2
25 137
1 3 2
249 353
1 10 2
52 294
1 6 2
158 309
1 8 2
277 283
1 6 2
239 482
1 7 2
112 353
1 14 2
27 298
1 13 2
182 442
1 14 2
146 396
1 5 2
238 244
1 7 2
213 436
1 4 2
86 119
1 9 2
143 230
1 15 2
374 377
1 13 2
131 326
1 9 2
415 447
1 9 2
199 483
1 4 2
74 114
1 3 2
288 462
1 15 2
132 184
1 7 2
347 367
1 10 2
27 305
1 2 2
268 306
1 6 2
110 293
1 12 2
32 349
1 11 2
49 172
1 8 2
144 257
1 3 2
0 356
1 2 2
113 334
1 12 2
47 392
1 10 2
168 273
1 3 2
285 315
1 13 2
233 427
1 2 2
215 463
1 4 2
124 425
1 2 2
171 350
1 3 2
391 410
1 3 2
243 344
1 12 2
73 324
1 2 2
30 85
1 9 2
367 441
1 7 2
424 491
1 3 2
13 494
1 6 2
187 443
1 7 2
22 132
1 8 2
259 405
1 5 2
253 256
1 4 2
86 382
1 6 2
17 446
1 13 2
137 497
1 15 2
152 176
1 8 2
351 449
1 5 2
359 401
1 4 2
288 460
1 10 2
290 343
1 13 2
73 372
1 6 2
89 359
1 4 2
336 344
1 11 2
403 493
1 11 2
61 401
1 9 2
273 284
1 14 2
398 452
1 9 2
88 122
1 8 2
44 193
1 6 2
72 360
1 15 2
123 233
1 8 2
79 256
1 7 2
65 431
1 8 2
315 350
1 12 2
84 193
1 5 2
116 192
1 3 2
163 425
1 15 2
238 268
1 11 2
317 440
1 2 2
225 490
1 13 2
79 269
1 7 2
71 437
1 5 2
238 395
1 3 2
159 202
1 5 2
198 402
1 5 2
105 187
1 12 2
148 191
1 14 2
249 336
1 15 2
80 302
1 3 2
0 44
1 14 2
378 460
1 2 2
215 453
1 15 2
323 428
1 2 2
405 467
1 2 2
106 307
1 12 2
249 422
1 12 2
191 466
1 9 2
96 187
1 5 2
324 498
1 13 2
64 275
1 2 2
178 218
1 11 2
65 289
1 8 2
257 264
1 11 2
65 291
1 15 2
58 204
1 2 2
60 220
1 14 2
32 80
1 10 2
171 172
1 11 2
35 321
1 13 2
190 237
1 5 2
129 206
1 2 2
156 390
1 12 2
116 472
1 8 2
216 390
1 13 2
382 499
1 15 2
50 293
1 9 2
269 394
1 2 2
394 443
1 2 2
39 271
1 2 2
260 373
1 4 2
4 412
1 11 2
245 311
1 5 2
384 442
1 6 2
129 432
1 4 2
69 166
1 13 2
53 77
1 4 2
20 176
1 14 2
198 273
1 2 2
268 382
1 2 2
128 358
1 10 2
27 160
1 13 2
464 469
1 5 2
95 285
1 12 2
213 389
1 2 2
209 418
1 12 2
295 343
1 2 2
124 258
1 5 2
328 434
1 8 2
132 295
1 5 2
372 453
1 8 2
279 304
1 3 2
120 276
1 11 2
147 412
1 8 2
68 304
1 13 2
126 425
1 3 2
218 421
1 8 2
94 337
1 12 2
20 334
1 7 2
284 414
1 10 2
403 476
1 14 2
254 495
1 3 2
71 431
1 8 2
38 378
1 7 2
153 443
1 3 2
206 229
1 7 2
202 459
1 2 2
166 412
1 11 2
319 342
1 6 2
76 486
1 10 2
203 399
1 5 2
191 406
1 4 2
11 462
1 5 2
63 68
1 15 2
322 324
1 10 2
166 238
1 8 2
189 476
1 7 2
31 51
1 9 2
121 327
1 9 2
148 233
1 8 2
55 346
1 7 2
252 281
1 14 2
400 418
1 7 2
273 448
1 8 2
435 445
1 2 2
26 366
1 2 2
96 316
1 9 2
178 393
1 8 2
93 466
1 7 2
132 415
1 14 2
332 494
1 9 2
352 420
1 5 2
363 470
1 8 2
122 360
1 9 2
194 483
1 2 2
178 450
1 13 2
89 278
1 10 2
262 316
1 8 2
146 242
1 6 2
337 401
1 8 2
63 120
1 3 2
24 451
1 10 2
114 238
1 11 2
193 271
1 7 2
79 448
1 2 2
50 226
1 4 2
36 259
1 2 2
298 420
1 9 2
53 256
1 6 2
22 371
1 13 2
114 165
1 13 2
29 275
1 8 2
91 435
1 15 2
92 292
1 9 2
92 267
1 2 2
81 224
1 15 2
146 188
1 7 2
220 473
1 11 2
87 402
1 9 2
92 101
1 4 2
16 254
1 7 2
31 314
1 3 2
18 282
1 7 2
59 267
1 4 2
102 177
1 2 2
331 381
1 11 2
3 343
1 13 2
448 479
1 10 2
189 257
1 3 2
39 140
1 10 2
60 102
1 10 2
201 242
1 4 2
395 470
1 9 2
275 448
1 2 2
140 205
1 7 2
20 180
1 15 2
320 372
1 9 2
37 175
1 15 2
264 380
1 10 2
30 65
1 10 2
80 123
1 8 2
101 282
1 10 2
190 316
1 15 2
300 376
1 3 2
162 174
1 8 2
44 54
1 7 2
275 391
1 10 2
278 374
1 9 2
186 251
1 7 2
443 478
1 2 2
61 467
1 7 2
244 324
1 12 2
58 431
1 3 2
215 301
1 6 2
65 276
1 15 2
121 494
1 12 2
214 299
1 15 2
301 489
1 8 2
56 235
1 10 2
75 355
1 15 2
209 381
1 15 2
247 379
1 11 2
201 302
1 4 2
199 487
1 3 2
190 205
1 11 2
86 309
1 8 2
416 441
1 15 2
35 168
1 9 2
39 463
1 9 2
123 284
1 10 2
53 118
1 8 2
450 486
1 8 2
238 275
1 15 2
262 336
1 12 2
208 426
1 5 2
153 325
1 9 2
202 436
1 8 2
292 371
1 4 2
424 496
1 4 2
205 441
1 12 2
43 79
1 6 2
88 344
1 2 2
177 306
1 8 2
364 389
1 9 2
175 275
1 6 2
148 462
1 5 2
7 16
1 10 2
84 273
1 15 2
98 315
1 11 2
360 451
1 8 2
65 364
1 13 2
320 439
1 5 2
83 361
1 12 2
64 179
1 4 2
106 438
1 4 2
123 167
1 15 2
470 481
1 12 2
215 483
1 12 2
302 365
1 2 2
184 239
1 9 2
20 135
1 6 2
34 429
1 12 2
8 73
1 13 2
334 405
1 9 2
223 364
1 14 2
173 497
1 13 2
285 489
1 9 2
2 84
1 3 2
37 418
1 8 2
397 471
1 2 2
81 336
1 3 2
6 383
1 3 2
208 468
1 15 2
13 324
1 15 2
103 291
1 15 2
118 419
1 9 2
225 284
1 4 2
51 125
1 11 2
15 210
1 14 2
131 270
1 12 2
178 285
1 7 2
1 432
1 13 2
51 475
1 14 2
260 304
1 15 2
1 124
1 10 2
62 229
1 2 2
160 323
1 5 2
149 208
1 6 2
102 314
1 10 2
358 372
1 7 2
277 413
1 14 2
298 312
1 9 2
45 280
1 15 2
166 498
1 5 2
62 356
1 13 2
59 236
1 2 2
282 386
1 11 2
82 293
1 8 2
203 395
1 9 2
78 228
1 12 2
355 359
1 4 2
361 373
1 15 2
94 105
1 14 2
80 463
1 3 2
120 157
1 6 2
382 480
1 11 2
3 76
1 10 2
236 302
1 3 2
185 389
1 12 2
327 350
1 6 2
154 177
1 3 2
116 247
1 11 2
2 89
1 7 2
216 226
1 2 2
218 432
1 4 2
22 47
1 9 2
74 249
1 13 2
359 409
1 3 2
56 152
1 7 2
198 365
1 11 2
101 124
1 3 2
31 472
1 2 2
264 268
1 10 2
339 354
1 7 2
392 458
1 3 2
22 347
1 11 2
50 136
1 12 2
2 447
1 6 2
205 451
1 6 2
122 283
1 13 2
19 119
1 15 2
419 442
1 13 2
378 383
1 2 2
115 470
1 8 2
374 408
1 11 2
320 494
1 5 2
101 342
1 13 2
229 291
1 11 2
234 434
1 7 2
262 318
1 10 2
311 389
1 11 2
98 440
1 14 2
126 198
1 15 2
140 287
1 3 2
81 123
1 14 2
348 413
1 4 2
299 453
1 5 2
295 425
1 5 2
208 492
1 5 2
133 463
1 10 2
339 359
1 15 2
109 431
1 7 2
331 409
1 10 2
55 463
1 2 2
99 470
1 14 2
57 310
1 9 2
135 269
1 12 2
252 360
1 8 2
35 333
1 5 2
89 117
1 10 2
289 360
1 15 2
448 456
1 10 2
243 279
1 3 2
157 297
1 11 2
131 280
1 9 2
177 423
1 7 2
321 446
1 5 2
22 440
1 5 2
28 107
1 3 2
62 77
1 6 2
101 471
1 15 2
389 393
1 7 2
8 259
1 5 2
85 354
1 13 2
269 313
1 3 2
2 484
1 7 2
118 309
1 15 2
98 326
1 9 2
169 216
1 13 2
330 365
1 15 2
195 258
1 14 2
250 350
1 9 2
259 454
1 13 2
456 494
1 9 2
63 182
1 10 2
71 424
1 4 2
212 383
1 6 2
81 156
1 9 2
272 378
1 15 2
68 199
1 9 2
230 469
1 13 2
260 291
1 9 2
252 370
1 4 2
124 261
1 3 2
110 265
1 14 2
379 383
1 14 2
283 358
1 9 2
118 239
1 11 2
236 381
1 12 2
174 454
1 7 2
457 483
1 9 2
181 258
1 3 2
23 31
1 14 2
457 499
1 12 2
413 429
1 10 2
64 468
1 15 2
172 261
1 7 2
64 352
1 5 2
147 248
1 11 2
64 418
1 15 2
103 318
1 7 2
7 230
1 15 2
31 119
1 6 2
97 288
1 6 2
34 474
1 2 2
136 297
1 8 2
417 444
1 13 2
153 261
1 9 2
391 396
1 9 2
154 404
1 12 2
58 214
1 11 2
24 491
1 7 2
66 236
1 8 2
421 461
1 6 2
281 327
1 15 2
47 57
1 11 2
71 118
1 12 2
5 370
1 10 2
62 152
1 2 2
4 323
1 13 2
163 174
1 8 2
0 379
1 9 2
191 416
1 2 2
14 58
1 4 2
140 429
1 10 2
202 318
1 5 2
151 354
1 13 2
130 418
1 4 2
187 287
1 9 2
393 424
1 3 2
34 363
1 2 2
20 226
1 8 2
191 223
1 15 2
257 279
1 15 2
221 499
1 14 2
181 332
1 2 2
160 444
1 8 2
16 272
1 7 2
352 483
1 5 2
120 491
1 5 2
142 350
1 7 2
143 443
1 4 2
223 304
1 15 2
6 139
1 2 2
151 316
1 2 2
106 351
1 13 2
22 314
1 3 2
194 349
1 7 2
339 460
1 8 2
266 396
1 10 2
400 426
1 3 2
239 357
1 5 2
101 121
1 13 2
122 304
1 10 2
248 415
1 2 2
117 389
1 10 2
36 476
1 4 2
132 336
1 11 2
342 474
1 14 2
324 405
1 12 2
288 493
1 8 2
29 297
1 12 2
185 439
1 6 2
126 364
1 2 2
422 459
1 7 2
214 393
1 2 2
290 294
1 2 2
143 182
1 7 2
152 167
1 9 2
150 264
1 14 2
406 477
1 12 2
409 412
1 14 2
437 471
1 8 2
259 491
1 2 2
63 478
1 14 2
165 404
1 4 2
338 449
1 5 2
28 370
1 10 2
468 488
1 6 2
179 300
1 4 2
219 270
1 12 2
172 483
1 4 2
40 491
1 4 2
197 237
1 13 2
64 310
1 6 2
0 224
1 2 2
68 146
1 11 2
369 499
1 5 2
198 299
1 4 2
33 309
1 13 2
213 341
1 3 2
167 383
1 5 2
320 393
1 10 2
122 201
1 4 2
297 482
1 3 2
227 388
1 13 2
310 432
1 2 2
27 405
1 14 2
191 497
1 3 2
34 173
1 8 2
22 58
1 14 2
17 345
1 12 2
304 341
1 14 2
301 402
1 6 2
17 407
1 5 2
150 397
1 5 2
205 456
1 15 2
425 477
1 9 2
13 162
1 14 2
90 428
1 8 2
178 264
1 14 2
23 483
1 7 2
81 438
1 6 2
324 449
1 12 2
124 192
1 12 2
273 346
1 5 2
148 176
1 11 2
217 239
1 3 2
262 413
1 12 2
100 106
1 4 2
152 217
1 3 2
96 443
1 10 2
480 491
1 5 2
201 483
1 15 2
167 466
1 7 2
108 169
1 5 2
286 402
1 2 2
208 313
1 10 2
140 177
1 8 2
23 125
1 13 2
36 131
1 4 2
137 337
1 12 2
188 483
1 6 2
200 437
1 7 2
83 277
1 14 2
90 128
1 11 2
78 347
1 13 2
253 355
1 8 2
130 236
1 3 2
282 375
1 8 2
196 488
1 10 2
124 190
1 15 2
138 150
1 10 2
52 270
1 13 2
386 414
1 8 2
13 337
1 6 2
78 399
1 13 2
483 493
1 11 2
235 290
1 3 2
149 496
1 10 2
51 352
1 5 2
28 307
1 13 2
301 407
1 7 2
169 298
1 12 2
187 225
1 7 2
229 257
1 13 2
278 399
1 2 2
95 463
1 7 2
116 387
1 3 2
248 269
1 10 2
357 494
1 7 2
6 438
1 3 2
93 496
1 6 2
192 196
1 14 2
181 279
1 5 2
228 314
1 2 2
298 411
1 7 2
256 400
1 3 2
175 278
1 11 2
65 116
1 2 2
270 461
1 2 2
97 342
1 14 2
137 203
1 5 2
12 217
1 13 2
231 260
1 11 2
325 405
1 13 2
165 306
1 9 2
81 383
1 3 2
104 268
1 9 2
300 332
1 6 2
239 386
1 13 2
303 422
1 13 2
163 419
1 7 2
206 289
1 6 2
4 386
1 14 2
28 37
1 3 2
59 475
1 15 2
97 241
1 8 2
2 228
1 13 2
16 242
1 5 2
214 300
1 9 2
405 461
1 12 2
179 378
1 6 2
378 395
1 15 2
35 365
1 6 2
228 326
1 9 2
30 450
1 5 2
309 473
1 4 2
44 312
1 5 2
97 249
1 8 2
120 377
1 14 2
23 407
1 2 2
123 156
1 4 2
76 160
1 3 2
196 352
1 10 2
188 437
1 3 2
85 435
1 2 2
138 362
1 5 2
128 194
1 14 2
191 458
1 4 2
79 493
1 10 2
310 486
1 9 2
292 304
1 13 2
121 135
1 8 2
223 351
1 9 2
306 323
1 8 2
113 389
1 15 2
36 205
1 3 2
74 494
1 15 2
203 415
1 7 2
285 301
1 13 2
121 132
1 13 2
81 352
1 7 2
66 141
1 12 2
113 209
1 13 2
220 498
1 7 2
5 86
1 6 2
0 357
1 11 2
449 466
1 11 2
282 486
1 5 2
207 498
1 2 2
334 344
1 2 2
37 394
1 7 2
68 153
1 9 2
297 435
1 9 2
179 411
1 10 2
90 425
1 15 2
313 483
1 12 2
1 282
1 12 2
137 152
1 3 2
315 345
1 10 2
376 447
1 11 2
323 420
1 11 2
188 400
1 7 2
178 293
1 5 2
188 319
1 3 2
69 438
1 6 2
110 484
1 9 2
189 325
1 6 2
64 151
1 7 2
279 336
1 5 2
186 343
1 12 2
394 474
1 15 2
72 105
1 9 2
31 268
1 10 2
217 464
1 3 2
162 385
1 3 2
419 429
1 12 2
216 356
1 4 2
164 471
1 12 2
99 284
1 12 2
185 390
1 7 2
149 383
1 3 2
167 452
1 13 2
138 377
1 3 2
391 459
1 10 2
115 221
1 15 2
24 262
1 2 2
348 371
1 2 2
26 316
1 7 2
322 423
1 4 2
113 352
1 4 2
55 132
1 8 2
204 412
1 9 2
127 382
1 10 2
145 406
1 6 2
407 447
1 11 2
278 385
1 3 2
227 335
1 13 2
16 102
1 4 2
146 216
1 11 2
132 291
1 13 2
80 186
1 11 2
154 418
1 5 2
72 166
1 15 2
319 334
1 10 2
323 415
1 10 2
139 491
1 4 2
18 203
1 2 2
120 331
1 3 2
79 309
1 3 2
123 376
1 12 2
353 497
1 12 2
120 226
1 11 2
305 371
1 9 2
156 263
1 9 2
147 439
1 7 2
71 360
1 4 2
376 437
1 7 2
15 372
1 13 2
299 434
1 6 2
325 334
1 15 2
42 466
1 15 2
218 228
1 13 2
299 352
1 13 2
48 200
1 9 2
163 283
1 11 2
278 352
1 5 2
383 395
1 8 2
23 283
1 14 2
199 238
1 3 2
393 492
1 10 2
57 139
1 6 2
82 311
1 15 2
207 215
1 12 2
410 493
1 7 2
94 476
1 11 2
217 451
1 7 2
146 389
1 5 2
261 381
1 5 2
277 288
1 15 2
8 223
1 5 2
220 241
1 3 2
212 263
1 11 2
160 361
1 7 2
76 211
1 13 2
92 302
1 3 2
93 282
1 13 2
238 435
1 8 2
104 292
1 12 2
114 199
1 15 2
97 259
1 9 2
8 14
1 3 2
2 305
1 11 2
374 487
1 11 2
63 438
1 14 2
283 398
1 9 2
7 11
1 10 2
189 497
1 7 2
54 348
1 9 2
331 382
1 13 2
35 459
1 7 2
60 147
1 6 2
87 314
1 11 2
1 241
1 14 2
170 472
1 9 2
247 285
1 8 2
81 333
1 8 2
55 219
1 6 2
3 465
1 6 2
166 446
1 13 2
356 372
1 3 2
306 473
1 5 2
134 182
1 10 2
342 488
1 6 2
76 219
1 7 2
18 354
1 11 2
222 476
1 9 2
116 208
1 4 2
26 292
1 7 2
110 386
1 7 2
289 294
1 4 2
9 50
1 9 2
107 363
1 8 2
290 485
1 13 2
397 443
1 8 2
352 400
1 8 2
7 391
1 7 2
68 248
1 6 2
8 343
1 7 2
307 395
1 12 2
165 348
1 11 2
99 203
1 13 2
72 139
1 10 2
49 473
1 14 2
202 284
1 6 2
102 117
1 12 2
218 323
1 10 2
41 42
1 7 2
105 319
1 14 2
294 382
1 5 2
407 446
1 8 2
272 325
1 6 2
229 401
1 4 2
143 454
1 3 2
19 217
1 14 2
441 454
1 11 2
46 172
1 9 2
30 288
1 2 2
173 468
1 10 2
234 305
1 4 2
353 364
1 2 2
234 351
1 5 2
38 335
1 5 2
0 403
1 8 2
287 409
1 6 2
197 344
1 4 2
335 473
1 3 2
36 438
1 11 2
62 357
1 2 2
297 448
1 14 2
315 331
1 5 2
126 248
1 3 2
45 98
1 4 2
113 299
1 10 2
37 164
1 2 2
351 453
1 2 2
264 266
1 13 2
338 439
1 12 2
398 444
1 12 2
161 263
1 7 2
39 74
1 7 2
326 414
1 9 2
387 401
1 9 2
141 421
1 10 2
206 440
1 12 2
37 420
1 11 2
19 51
1 9 2
23 349
1 14 2
364 395
1 12 2
460 487
1 3 2
80 426
1 3 2
8 104
1 8 2
359 488
1 8 2
264 461
1 4 2
44 150
1 13 2
410 419
1 7 2
320 390
1 14 2
286 342
1 14 2
353 399
1 5 2
18 494
1 12 2
83 160
1 5 2
138 389
1 11 2
163 389
1 8 2
104 159
1 4 2
232 371
1 8 2
153 430
1 8 2
26 248
1 10 2
325 398
1 6 2
185 365
1 11 2
112 245
1 2 2
242 492
1 3 2
23 78
1 10 2
47 178
1 8 2
206 460
1 5 2
23 231
1 6 2
29 438
1 6 2
168 429
1 12 2
152 175
1 15 2
72 363
1 6 2
50 180
1 8 2
18 481
1 10 2
44 448
1 2 2
165 276
1 6 2
103 155
1 10 2
374 485
1 12 2
293 475
1 7 2
85 323
1 5 2
161 422
1 5 2
21 320
1 5 2
420 476
1 4 2
200 483
1 6 2
204 418
1 3 2
316 479
1 10 2
156 237
1 15 2
11 164
1 9 2
4 389
1 15 2
130 216
1 7 2
124 213
1 13 2
15 193
1 9 2
431 460
1 13 2
428 470
1 10 2
364 468
1 12 2
17 260
1 2 2
41 259
1 3 2
495 496
1 12 2
351 368
1 14 2
215 410
1 11 2
295 298
1 8 2
112 434
1 12 2
101 290
1 10 2
191 491
1 9 2
4 408
1 2 2
87 183
1 13 2
223 421
1 15 2
61 321
1 15 2
60 181
1 6 2
69 130
1 15 2
109 279
1 14 2
8 209
1 11 2
99 230
1 6 2
174 386
1 10 2
233 374
1 13 2
17 408
1 14 2
119 496
1 6 2
217 496
1 3 2
22 44
1 11 2
328 448
1 3 2
156 366
1 6 2
209 464
1 6 2
136 452
1 15 2
334 395
1 13 2
109 178
1 15 2
199 446
1 10 2
163 286
1 12 2
225 385
1 14 2
5 210
1 5 2
52 213
1 8 2
65 483
1 4 2
91 417
1 2 2
80 394
1 8 2
179 275
1 13 2
382 461
1 5 2
103 295
1 12 2
158 402
1 10 2
196 254
1 10 2
58 173
1 9 2
140 305
1 9 2
35 228
1 10 2
306 474
1 2 2
11 255
1 15 2
82 228
1 5 2
69 316
1 10 2
36 346
1 4 2
33 83
1 8 2
126 282
1 9 2
38 91
1 5 2
63 302
1 2 2
210 373
1 4 2
379 480
1 14 2
243 258
1 2 2
55 282
1 12 2
152 221
1 11 2
154 288
1 12 2
190 297
1 5 2
239 290
1 9 2
236 438
1 13 2
47 63
1 5 2
93 345
1 13 2
65 186
1 15 2
30 496
1 8 2
268 450
1 12 2
139 401
1 5 2
190 373
1 11 2
296 457
1 13 2
132 449
1 9 2
219 263
1 4 2
359 389
1 13 2
183 425
1 7 2
21 97
1 5 2
53 171
1 14 2
384 397
1 14 2
189 397
1 9 2
401 445
1 14 2
94 475
1 4 2
320 330
1 12 2
37 106
1 6 2
305 326
1 4 2
53 475
1 10 2
263 346
1 11 2
355 477
1 11 2
196 230
1 14 2
50 464
1 10 2
350 489
1 14 2
162 236
1 4 2
311 458
1 15 2
245 386
1 3 2
414 488
1 6 2
166 416
1 12 2
205 347
1 12 2
21 413
1 13 2
132 155
1 10 2
238 315
1 6 2
249 269
1 6 2
59 146
1 6 2
309 381
1 4 2
131 246
1 7 2
0 130
1 13 2
204 278
1 10 2
274 355
1 8 2
334 464
1 3 2
52 391
1 14 2
228 328
1 6 2
192 466
1 13 2
268 419
1 11 2
344 351
1 7 2
237 258
1 6 2
35 163
1 15 2
78 120
1 9 2
182 225
1 7 2
77 234
1 4 2
2 492
1 10 2
386 393
1 12 2
308 430
1 10 2
248 493
1 12 2
407 452
1 12 2
106 226
1 13 2
10 254
1 15 2
13 21
1 7 2
33 375
1 14 2
143 169
1 5 2
0 22
1 5 2
336 358
1 5 2
157 348
1 14 2
23 29
1 6 2
301 422
1 9 2
100 101
1 3 2
163 462
1 3 2
255 260
1 12 2
271 371
1 4 2
54 395
1 14 2
123 131
1 13 2
168 375
1 14 2
117 163
1 15 2
258 341
1 2 2
151 191
1 4 2
24 487
1 10 2
246 309
1 10 2
84 156
1 12 2
464 491
1 14 2
273 279
1 6 2
9 472
1 12 2
37 486
1 13 2
109 275
1 13 2
167 467
1 14 2
239 426
1 8 2
34 206
1 7 2
224 494
1 9 2
120 321
1 14 2
33 246
1 10 2
208 326
1 12 2
33 442
1 4 2
181 262
1 8 2
71 73
1 15 2
222 365
1 4 2
250 452
1 9 2
191 216
1 6 2
28 76
1 10 2
120 426
1 3 2
47 427
1 8 2
323 483
1 8 2
416 427
1 4 2
458 466
1 12 2
226 476
1 6 2
39 490
1 3 2
38 103
1 15 2
51 496
1 10 2
421 487
1 6 2
128 372
1 9 2
21 172
1 4 2
310 355
1 12 2
42 110
1 6 2
230 486
1 12 2
45 261
1 9 2
61 480
1 7 2
113 196
1 7 2
342 413
1 10 2
231 461
1 9 2
46 305
1 15 2
188 303
1 8 2
301 372
1 5 2
327 347
1 3 2
230 267
1 7 2
145 350
1 15 2
325 336
1 6 2
77 382
1 7 2
142 271
1 11 2
168 457
1 11 2
66 317
1 6 2
37 406
1 3 2
202 445
1 4 2
126 421
1 6 2
180 323
1 8 2
149 413
1 6 2
136 199
1 11 2
348 489
1 8 2
337 421
1 14 2
71 91
1 4 2
212 471
1 14 2
171 459
1 5 2
40 141
1 11 2
362 390
1 15 2
78 341
1 12 2
398 413
1 3 2
358 490
1 12 2
111 313
1 12 2
87 122
1 8 2
0 335
1 10 2
3 78
1 7 2
120 174
1 4 2
112 344
1 10 2
363 453
1 2 2
97 434
1 7 2
336 481
1 13 2
67 480
1 8 2
268 356
1 8 2
220 465
1 5 2
286 486
1 15 2
263 427
1 5 2
270 315
1 2 2
142 234
1 6 2
20 101
1 9 2
249 266
1 7 2
123 204
1 9 2
299 346
1 2 2
280 356
1 7 2
118 208
1 7 2
332 427
1 11 2
179 215
1 14 2
210 337
1 6 2
307 312
1 13 2
152 190
1 11 2
11 199
1 3 2
326 484
1 7 2
420 428
1 14 2
213 353
1 6 2
136 246
1 4 2
445 476
1 15 2
24 206
1 9 2
201 255
1 3 2
84 423
1 11 2
396 426
1 9 2
180 317
1 4 2
354 382
1 8 2
121 300
1 15 2
121 194
1 9 2
76 131
1 6 2
340 489
1 15 2
353 377
1 13 2
334 495
1 14 2
95 260
1 3 2
117 259
1 14 2
145 413
1 11 2
337 377
1 9 2
90 411
1 13 2
50 402
1 8 2
67 205
1 8 2
309 314
1 10 2
21 100
1 3 2
123 158
1 3 2
165 370
1 7 2
62 136
1 12 2
154 497
1 15 2
249 277
1 8 2
87 166
1 13 2
393 442
1 3 2
127 252
1 6 2
256 392
1 15 2
66 240
1 2 2
182 274
1 15 2
210 471
1 8 2
436 442
1 5 2
113 264
1 3 2
104 200
1 13 2
142 392
1 2 2
129 312
1 13 2
414 493
1 15 2
127 293
1 14 2
11 322
1 11 2
9 342
1 3 2
361 434
1 3 2
46 381
1 2 2
128 251
1 3 2
277 439
1 6 2
288 461
1 2 2
136 440
1 8 2
126 215
1 15 2
115 194
1 10 2
232 380
1 2 2
292 346
1 2 2
86 135
1 6 2
27 384
1 6 2
134 448
1 7 2
225 380
1 10 2
91 460
1 3 2
8 411
1 10 2
434 440
1 13 2
176 227
1 7 2
152 470
1 9 2
145 194
1 10 2
123 378
1 13 2
49 481
1 12 2
21 87
1 12 2
287 436
1 10 2
174 310
1 10 2
356 363
1 14 2
196 357
1 6 2
69 456
1 13 2
122 271
1 11 2
129 373
1 15 2
75 450
1 8 2
7 298
1 10 2
112 147
1 15 2
197 306
1 4 2
174 208
1 9 2
333 385
1 15 2
156 420
1 8 2
385 409
1 6 2
259 377
1 13 2
4 353
1 4 2
234 486
1 10 2
295 492
1 8 2
174 489
1 15 2
279 340
1 10 2
334 408
1 8 2
227 411
1 2 2
150 341
1 11 2
192 332
1 10 2
23 439
1 11 2
52 280
1 8 2
267 408
1 12 2
384 462
1 9 2
405 472
1 4 2
140 331
1 4 2
368 471
1 12 2
1 168
1 14 2
21 239
1 6 2
275 437
1 3 2
67 492
1 8 2
186 280
1 13 2
153 235
1 4 2
118 170
1 6 2
37 250
1 5 2
442 468
1 14 2
324 434
1 14 2
329 353
1 4 2
28 160
1 5 2
280 369
1 12 2
261 470
1 9 2
26 476
1 2 2
406 430
1 7 2
197 249
1 13 2
22 108
1 4 2
103 166
1 6 2
110 192
1 12 2
53 471
1 15 2
191 452
1 12 2
243 478
1 8 2
60 219
1 3 2
250 321
1 10 2
226 304
1 13 2
362 464
1 3 2
115 465
1 14 2
55 153
1 13 2
302 384
1 2 2
50 227
1 9 2
249 381
1 13 2
16 252
1 6 2
102 278
1 12 2
146 240
1 3 2
81 476
1 9 2
115 195
1 9 2
242 425
1 2 2
121 365
1 2 2
150 354
1 4 2
67 219
1 13 2
232 479
1 8 2
232 473
1 7 2
163 397
1 4 2
11 219
1 5 2
354 426
1 12 2
180 215
1 2 2
48 370
1 9 2
74 454
1 6 2
18 325
1 14 2
134 313
1 6 2
478 499
1 2 2
12 275
1 7 2
317 441
1 11 2
99 224
1 13 2
256 259
1 15 2
338 362
1 11 2
51 154
1 7 2
44 467
1 7 2
154 434
1 11 2
127 297
1 9 2
70 321
1 7 2
494 495
1 13 2
410 439
1 9 2
54 429
1 3 2
240 432
1 12 2
6 197
1 14 2
226 445
1 8 2
339 400
1 2 2
257 332
1 4 2
93 261
1 14 2
219 271
1 4 2
216 277
1 11 2
340 368
1 2 2
224 469
1 10 2
299 471
1 12 2
313 433
1 5 2
168 342
1 9 2
154 346
1 11 2
403 428
1 15 2
271 390
1 6 2
65 353
1 2 2
229 442
1 12 2
111 416
1 8 2
55 366
1 2 2
132 214
1 8 2
202 298
1 9 2
133 193
1 2 2
140 349
1 12 2
27 158
1 11 2
127 145
1 8 2
125 278
1 13 2
370 425
1 7 2
139 218
1 10 2
322 410
1 12 2
70 102
1 7 2
282 287
1 8 2
134 138
1 4 2
229 469
1 3 2
446 467
1 14 2
17 82
1 11 2
33 467
1 9 2
308 488
1 14 2
435 451
1 12 2
3 39
1 10 2
85 116
1 12 2
161 467
1 5 2
46 325
1 6 2
288 412
1 6 2
64 454
1 7 2
223 318
1 15 2
164 226
1 3 2
67 354
1 15 2
79 475
1 14 2
159 475
1 4 2
126 221
1 14 2
57 218
1 7 2
372 474
1 5 2
40 92
1 13 2
213 324
1 14 2
309 403
1 8 2
296 455
1 5 2
333 455
1 3 2
40 425
1 8 2
141 210
1 15 2
147 434
1 10 2
25 217
1 11 2
115 183
1 4 2
5 321
1 3 2
231 358
1 4 2
190 290
1 4 2
114 415
1 13 2
451 469
1 12 2
220 429
1 2 2
156 403
1 14 2
325 499
1 2 2
327 459
1 8 2
197 210
1 14 2
24 222
1 4 2
382 408
1 3 2
146 368
1 4 2
325 327
1 6 2
59 413
1 9 2
235 470
1 3 2
107 151
1 6 2
128 498
1 6 2
178 406
1 15 2
59 345
1 2 2
369 412
1 15 2
77 150
1 11 2
156 442
1 14 2
113 426
1 3 2
240 394
1 8 2
317 370
1 8 2
250 339
1 3 2
309 359
1 4 2
260 418
1 4 2
269 429
1 5 2
307 333
1 10 2
201 285
1 10 2
155 307
1 10 2
37 200
1 7 2
247 349
1 9 2
28 59
1 7 2
242 299
1 7 2
21 322
1 7 2
253 314
1 11 2
182 410
1 10 2
120 370
1 5 2
20 375
1 2 2
466 485
1 9 2
136 334
1 8 2
124 470
1 11 2
357 384
1 14 2
7 200
1 5 2
186 446
1 15 2
236 334
1 14 2
89 187
1 3 2
393 441
1 8 2
65 391
1 9 2
214 283
1 13 2
144 394
1 4 2
129 157
1 13 2
372 466
1 11 2
367 453
1 8 2
155 218
1 2 2
187 358
1 2 2
74 341
1 4 2
381 457
1 7 2
215 455
1 6 2
189 466
1 5 2
182 306
1 12 2
273 442
1 6 2
274 473
1 10 2
65 429
1 13 2
302 356
1 8 2
383 487
1 6 2
88 170
1 3 2
129 478
1 13 2
354 397
1 8 2
96 367
1 8 2
334 338
1 8 2
78 98
1 10 2
175 240
1 7 2
107 370
1 6 2
84 415
1 9 2
133 389
1 13 2
15 130
1 9 2
187 189
1 14 2
415 436
1 15 2
422 488
1 11 2
285 453
1 11 2
184 379
1 4 2
40 369
1 14 2
35 187
1 12 2
347 390
1 10 2
11 339
1 6 2
71 204
1 11 2
280 420
1 11 2
59 238
1 9 2
85 486
1 11 2
88 214
1 13 2
329 409
1 6 2
90 315
1 15 2
193 314
1 14 2
91 244
1 14 2
232 275
1 10 2
129 353
1 3 2
208 459
1 5 2
106 168
1 15 2
194 197
1 9 2
153 164
1 15 2
163 204
1 13 2
392 488
1 5 2
424 426
1 11 2
149 235
1 15 2
80 371
1 6 2
259 354
1 2 2
245 253
1 11 2
357 483
1 15 2
24 45
1 5 2
224 276
1 15 2
88 319
1 12 2
247 496
1 12 2
163 411
1 15 2
62 334
1 15 2
120 228
1 3 2
281 394
1 15 2
109 148
1 2 2
408 480
1 6 2
14 240
1 9 2
216 232
1 7 2
73 186
1 9 2
149 335
1 15 2
185 316
1 7 2
176 253
1 13 2
21 347
1 8 2
91 443
1 4 2
214 460
1 5 2
154 168
1 9 2
126 309
1 13 2
199 297
1 4 2
156 350
1 12 2
50 241
1 2 2
90 126
1 3 2
81 373
1 15 2
36 300
1 4 2
348 445
1 10 2
393 490
1 13 2
412 479
1 15 2
265 280
1 4 2
229 430
1 15 2
137 442
1 13 2
47 267
1 2 2
30 278
1 2 2
19 133
1 2 2
274 379
1 5 2
174 352
1 13 2
30 282
1 15 2
204 325
1 6 2
124 413
1 2 2
218 436
1 7 2
179 488
1 13 2
137 189
1 10 2
7 78
1 15 2
188 264
1 6 2
139 359
1 4 2
81 147
1 3 2
12 338
1 9 2
341 476
1 6 2
312 490
1 8 2
5 320
1 4 2
43 259
1 8 2
26 484
1 2 2
136 275
1 2 2
148 182
1 8 2
153 471
1 7 2
404 474
1 10 2
110 437
1 3 2
267 390
1 6 2
21 228
1 9 2
178 266
1 4 2
117 394
1 2 2
276 474
1 5 2
3 223
1 11 2
154 240
1 11 2
94 485
1 12 2
223 338
1 15 2
399 439
1 12 2
14 315
1 3 2
9 102
1 11 2
22 365
1 8 2
137 216
1 6 2
19 159
1 4 2
107 477
1 8 2
102 119
1 3 2
69 491
1 3 2
132 146
1 4 2
149 440
1 13 2
74 76
1 11 2
82 94
1 4 2
174 477
1 5 2
23 466
1 10 2
136 211
1 6 2
68 427
1 8 2
166 292
1 15 2
186 434
1 5 2
14 359
1 10 2
231 246
1 12 2
19 459
1 7 2
101 323
1 15 2
114 122
1 9 2
107 201
1 2 2
209 383
1 7 2
186 307
1 5 2
30 95
1 12 2
329 392
1 5 2
192 293
1 2 2
161 310
1 5 2
253 289
1 14 2
191 454
1 10 2
88 187
1 5 2
95 152
1 9 2
60 156
1 12 2
109 465
1 8 2
423 430
1 15 2
336 347
1 12 2
158 403
1 9 2
67 80
1 3 2
290 497
1 6 2
315 469
1 15 2
147 251
1 8 2
153 442
1 3 2
131 399
1 11 2
153 256
1 15 2
197 341
1 8 2
345 479
1 11 2
196 311
1 8 2
80 439
1 12 2
263 361
1 5 2
139 318
1 7 2
25 412
1 14 2
150 459
1 12 2
410 438
1 3 2
121 400
1 12 2
25 439
1 14 2
272 479
1 10 2
406 412
1 11 2
122 177
1 4 2
125 161
1 13 2
379 392
1 4 2
209 431
1 12 2
67 159
1 10 2
152 462
1 3 2
232 439
1 13 2
63 279
1 9 2
425 489
1 10 2
437 474
1 7 2
476 492
1 5 2
76 385
1 3 2
260 311
1 7 2
122 161
1 14 2
121 136
1 14 2
120 420
1 11 2
257 473
1 5 2
19 144
1 13 2
32 135
1 13 2
211 418
1 13 2
144 371
1 8 2
344 453
1 15 2
14 169
1 8 2
272 490
1 14 2
402 498
1 5 2
130 345
1 10 2
170 385
1 13 2
6 399
1 7 2
252 441
1 9 2
74 101
1 8 2
126 197
1 4 2
125 306
1 11 2
92 386
1 6 2
171 495
1 7 2
64 351
1 13 2
28 414
1 11 2
4 5
1 3 2
442 445
1 14 2
283 353
1 2 2
346 420
1 5 2
259 442
1 11 2
27 182
1 11 2
67 474
1 3 2
8 141
1 2 2
162 335
1 6 2
111 164
1 8 2
133 329
1 14 2
69 134
1 13 2
330 477
1 9 2
389 489
1 14 2
211 235
1 10 2
174 399
1 10 2
120 281
1 15 2
50 481
1 9 2
41 185
1 7 2
347 452
1 9 2
195 444
1 8 2
120 483
1 9 2
36 217
1 12 2
244 466
1 6 2
46 127
1 4 2
65 66
1 8 2
325 355
1 3 2
76 492
1 10 2
224 457
1 13 2
195 477
1 10 2
44 239
1 4 2
262 384
1 8 2
50 77
1 10 2
148 214
1 3 2
295 349
1 13 2
179 444
1 3 2
13 275
1 12 2
9 270
1 6 2
9 343
1 13 2
79 87
1 13 2
30 437
1 14 2
115 489
1 14 2
160 321
1 5 2
107 399
1 10 2
184 327
1 4 2
322 396
1 2 2
87 282
1 9 2
395 455
1 7 2
143 452
1 11 2
47 354
1 10 2
175 242
1 3 2
229 233
1 15 2
284 370
1 2 2
288 388
1 12 2
343 422
1 8 2
88 219
1 6 2
213 396
1 10 2
150 270
1 4 2
7 331
1 4 2
242 262
1 3 2
151 367
1 7 2
73 128
1 14 2
20 100
1 8 2
406 492
1 3 2
255 427
1 5 2
373 389
1 2 2
123 361
1 3 2
111 364
1 11 2
49 462
1 8 2
91 223
1 13 2
287 379
1 10 2
109 345
1 10 2
142 199
1 12 2
242 429
1 2 2
102 390
1 9 2
18 31
1 10 2
59 484
1 9 2
89 132
1 5 2
308 424
1 12 2
179 191
1 6 2
68 454
1 2 2
220 244
1 5 2
106 279
1 3 2
309 389
1 2 2
308 386
1 5 2
226 396
1 10 2
197 456
1 4 2
32 444
1 4 2
221 408
1 6 2
312 454
1 7 2
282 383
1 14 2
402 425
1 6 2
247 301
1 13 2
347 412
1 9 2
421 496
1 7 2
203 412
1 11 2
168 333
1 2 2
198 474
1 4 2
176 262
1 4 2
85 215
1 10 2
49 469
1 15 2
254 315
1 5 2
33 53
1 5 2
265 437
1 12 2
91 346
1 11 2
123 254
1 15 2
207 331
1 8 2
205 242
1 14 2
339 374
1 9 2
38 279
1 3 2
89 246
1 11 2
144 300
1 3 2
70 416
1 3 2
166 183
1 13 2
21 316
1 13 2
332 381
1 7 2
251 317
1 14 2
317 449
1 2 2
254 284
1 12 2
116 435
1 12 2
77 271
1 8 2
170 278
1 3 2
259 410
1 6 2
136 284
1 11 2
51 397
1 12 2
419 444
1 5 2
90 491
1 3 2
53 81
1 7 2
58 475
1 7 2
71 277
1 3 2
214 362
1 3 2
64 317
1 5 2
23 429
1 10 2
113 208
1 12 2
45 265
1 7 2
117 487
1 13 2
190 391
1 14 2
76 132
1 13 2
222 417
1 6 2
119 258
1 3 2
181 401
1 14 2
126 401
1 11 2
143 243
1 15 2
15 453
1 11 2
84 320
1 13 2
28 62
1 9 2
302 463
1 3 2
143 403
1 4 2
110 206
1 15 2
5 432
1 15 2
270 381
1 15 2
401 467
1 14 2
155 201
1 6 2
20 50
1 5 2
196 407
1 11 2
57 292
1 10 2
0 111
1 8 2
17 65
1 9 2
26 496
1 12 2
166 281
