500 3000 2500
5 24 23 19 6 24 5 7 8 19 17 14 25 5 9 11 21 10 10 24 20 8 20 23 8 23 24 15 14 10 17 5 5 16 22 8 17 20 17 23 21 5 19 12 17 5 17 10 21 5 19 23 23 20 15 15 15 22 8 13 12 5 6 19 6 22 14 14 14 19 22 24 22 5 12 17 12 15 23 18 5 22 6 14 22 6 16 22 25 8 13 15 10 25 13 19 18 15 7 7 17 8 14 17 7 20 8 6 5 9 7 22 12 5 13 6 6 22 22 14 8 18 18 11 6 21 24 22 24 14 12 13 19 10 19 6 25 10 8 6 25 9 18 15 6 23 13 25 8 21 11 6 9 17 22 20 7 16 10 10 10 23 25 22 20 19 11 7 15 15 17 13 23 5 19 9 11 9 18 19 12 6 6 19 9 12 22 9 10 7 11 14 24 24 10 11 25 20 10 6 19 24 23 14 17 5 11 8 25 11 18 18 6 25 11 16 13 9 23 10 20 15 11 10 19 5 6 15 25 20 9 8 23 13 17 24 23 8 17 25 19 6 16 15 7 18 8 10 25 19 18 14 16 24 7 25 12 14 23 9 6 13 16 15 10 20 14 7 8 25 6 16 18 5 15 15 25 24 24 22 18 12 8 18 6 17 25 16 25 6 22 19 13 22 19 6 18 23 16 13 9 24 17 24 16 25 13 7 9 21 15 10 23 7 22 7 14 16 13 14 18 25 13 18 20 10 8 24 22 5 20 7 24 7 7 21 21 22 20 17 24 6 6 6 23 12 22 18 22 21 16 20 15 12 11 20 9 17 21 23 15 6 24 15 5 8 5 6 23 7 23 22 14 24 25 14 10 9 6 11 25 8 7 22 5 25 10 19 22 21 21 25 13 22 11 23 5 22 23 6 8 15 6 12 8 9 10 7 16 21 13 24 22 8 16 18 8 11 20 14 9 11 13 12 6 20 7 9 18 20 22 8 16 16 8 11 8 16 15 8 8 11 6 11 18 5 16 6 12 23 16 9 5 21 8 24 25 16 13 13 15 7 20 7 5 21 6 13 19 24 14 18 9 25 18 23 16 15 13 15 25 5 22 7 8 17 21 8 13 12 21 24 22 19 24 16 6 6 16 14
13 10 5 20 16 20 7 10 11 15 11 17 5 3 5 20 3 6 9 11 18 18 12 7 3 14 3 13 3 12 8 10 4 10 14 7 14 5 16 8 20 16 13 6 19 13 9 3 4 20 8 10 10 20 16 10 18 15 4 14 13 18 14 5 15 12 13 18 18 5 10 8 20 14 19 17 12 20 7 20 11 14 10 12 20 19 5 15 19 9 10 7 12 16 7 7 13 16 15 16 9 17 9 7 3 6 12 14 15 5 17 16 14 19 20 3 3 14 16 5 12 17 10 13 10 20 7 16 9 18 11 19 11 14 14 3 19 13 18 10 19 7 12 7 16 10 8 20 19 10 9 12 8 14 7 17 17 6 15 4 5 4 3 12 14 7 13 17 17 6 11 11 17 6 12 12 13 5 9 6 5 7 17 10 10 14 18 10 7 12 7 6 14 8 5 12 13 19 9 15 4 18 11 4 9 14 19 12 18 12 11 6 10 16 7 3 13 8 15 8 16 3 14 17 14 12 19 17 5 5 6 19 10 6 14 6 19 7 10 19 14 8 7 17 18 6 18 4 14 6 9 3 17 20 16 9 16 10 9 11 12 18 10 20 16 7 12 20 18 10 18 19 16 6 11 14 7 14 6 4 13 19 4 10 9 11 15 9 8 11 17 19 16 13 19 6 18 9 3 3 5 5 18 17 13 18 18 9 3 9 4 11 14 7 11 4 20 6 13 4 13 16 9 6 14 3 18 8 17 18 6 20 6 8 14 14 17 6 5 11 3 17 20 16 20 12 19 9 5 14 17 19 4 4 6 6 3 12 7 11 14 12 6 5 13 4 8 17 7 19 5 14 11 16 6 19 14 17 12 4 5 19 17 9 16 6 7 19 12 20 15 17 13 19 5 17 13 18 5 8 15 17 11 4 3 10 19 16 10 15 19 20 19 20 4 9 11 19 5 6 13 10 15 3 8 8 18 5 3 4 12 5 17 3 11 18 11 12 14 5 10 6 3 15 5 4 3 20 16 10 17 17 11 8 17 15 14 12 4 7 8 3 9 9 19 10 19 20 19 7 17 11 4 16 19 11 12 17 12 16 16 6 10 4 14 19 17 18 5 10 13 15 11 6 4 15 7 16 16 16
1 13 2
78 85
1 10 2
447 463
1 7 2
146 179
1 8 2
153 403
1 13 2
195 340
1 8 2
134 354
1 4 2
11 401
1 6 2
367 491
1 11 2
61 431
1 7 2
198 267
1 13 2
71 85
1 7 2
260 409
1 10 2
126 417
1 5 2
30 292
1 3 2
76 496
1 5 2
86 140
1 5 2
12 287
1 15 2
467 474
1 10 2
366 367
1 9 2
95 269
1 14 2
43 228
1 6 2
129 164
1 6 2
200 214
1 9 2
106 349
1 6 2
45 476
1 3 2
130 273
1 12 2
174 179
1 11 2
337 435
1 11 2
251 284
1 15 2
18 122
1 8 2
210 256
1 13 2
275 382
1 6 2
4 226
1 8 2
18 83
1 11 2
22 93
1 8 2
202 356
1 14 2
140 463
1 3 2
234 473
1 3 2
92 316
1 14 2
143 385
1 11 2
367 430
1 3 2
104 489
1 12 2
67 71
1 5 2
360 392
1 10 2
14 27
1 10 2
304 496
1 4 2
85 414
1 11 2
161 169
1 5 2
241 440
1 5 2
186 396
1 4 2
299 456
1 13 2
170 362
1 7 2
128 315
1 7 2
220 364
1 13 2
10 348
1 15 2
300 355
1 4 2
235 264
1 3 2
0 379
1 8 2
150 433
1 2 2
12 395
1 10 2
25 181
1 13 2
298 397
1 4 2
356 383
1 6 2
415 424
1 13 2
4 418
1 5 2
69 338
1 4 2
315 404
1 13 2
45 374
1 3 2
10 328
1 4 2
109 336
1 15 2
214 392
1 11 2
168 339
1 13 2
156 298
1 7 2
21 461
1 12 2
1 186
1 11 2
346 492
1 14 2
294 388
1 13 2
122 171
1 4 2
64 375
1 9 2
134 278
1 6 2
9 195
1 11 2
255 363
1 13 2
21 23
1 3 2
306 380
1 2 2
147 221
1 11 2
209 210
1 13 2
30 245
1 6 2
88 102
1 4 2
152 272
1 11 2
129 189
1 7 2
99 206
1 9 2
118 126
1 10 2
125 286
1 5 2
13 232
1 12 2
49 93
1 2 2
338 359
1 6 2
39 499
1 10 2
58 286
1 8 2
183 499
1 2 2
217 491
1 5 2
68 209
1 2 2
316 475
1 4 2
101 162
1 12 2
397 427
1 8 2
275 373
1 2 2
120 336
1 8 2
435 487
1 14 2
126 263
1 2 2
304 415
1 6 2
163 439
1 3 2
280 487
1 13 2
12 24
1 4 2
217 310
1 4 2
58 101
1 13 2
160 492
1 8 2
378 448
1 15 2
188 423
1 7 2
392 480
1 13 2
158 352
1 4 2
98 212
1 4 2
368 453
1 15 2
241 489
1 9 2
49 401
1 7 2
9 127
1 5 2
173 456
1 15 2
84 491
1 11 2
138 176
1 13 2
67 437
1 3 2
141 215
1 11 2
273 302
1 13 2
289 461
1 7 2
91 247
1 15 2
350 388
1 9 2
9 498
1 8 2
157 210
1 14 2
322 365
1 9 2
311 488
1 13 2
25 308
1 15 2
21 165
1 14 2
229 490
1 12 2
163 492
1 15 2
242 324
1 10 2
110 356
1 4 2
289 292
1 3 2
118 163
1 11 2
12 345
1 13 2
1 473
1 8 2
181 402
1 15 2
210 259
1 13 2
39 200
1 6 2
183 258
1 8 2
161 272
1 4 2
426 468
1 12 2
267 311
1 8 2
108 209
1 14 2
223 386
1 5 2
21 123
1 12 2
10 18
1 10 2
338 426
1 8 2
73 214
1 15 2
88 458
1 9 2
288 400
1 12 2
193 363
1 9 2
138 160
1 15 2
170 271
1 4 2
155 327
1 11 2
61 466
1 12 2
27 408
1 3 2
99 476
1 15 2
124 198
1 10 2
212 416
1 6 2
92 334
1 12 2
386 443
1 3 2
42 148
1 3 2
28 207
1 3 2
138 496
1 12 2
458 467
1 5 2
116 194
1 12 2
365 496
1 9 2
401 467
1 9 2
233 378
1 14 2
0 220
1 14 2
140 242
1 10 2
180 290
1 4 2
145 151
1 4 2
15 465
1 15 2
100 374
1 11 2
367 468
1 14 2
93 165
1 11 2
42 114
1 3 2
417 482
1 11 2
57 272
1 5 2
22 335
1 8 2
314 475
1 13 2
102 498
1 6 2
54 439
1 6 2
177 450
1 8 2
113 450
1 3 2
262 309
1 10 2
214 254
1 3 2
62 192
1 15 2
82 305
1 15 2
106 291
1 15 2
212 417
1 9 2
179 186
1 13 2
455 483
1 7 2
407 430
1 9 2
74 128
1 3 2
100 324
1 4 2
1 83
1 13 2
113 474
1 7 2
326 492
1 6 2
128 313
1 10 2
364 447
1 15 2
65 216
1 5 2
72 491
1 5 2
369 387
1 10 2
37 166
1 5 2
284 293
1 13 2
55 251
1 6 2
400 420
1 15 2
263 429
1 3 2
47 258
1 15 2
51 295
1 14 2
165 252
1 9 2
371 494
1 3 2
99 398
1 6 2
133 301
1 3 2
120 193
1 8 2
116 333
1 10 2
164 473
1 5 2
292 379
1 10 2
173 445
1 15 2
121 133
1 14 2
480 482
1 2 2
16 71
1 2 2
196 415
1 7 2
219 485
1 4 2
206 422
1 15 2
136 400
1 8 2
65 353
1 9 2
111 246
1 7 2
28 155
1 14 2
5 487
1 13 2
124 154
1 13 2
57 82
1 7 2
0 417
1 12 2
33 205
1 7 2
92 237
1 15 2
2 462
1 15 2
190 290
1 9 2
229 310
1 12 2
190 295
1 6 2
276 291
1 7 2
207 377
1 13 2
141 393
1 5 2
156 379
1 14 2
228 231
1 6 2
27 374
1 6 2
98 196
1 12 2
87 221
1 2 2
324 390
1 14 2
314 474
1 10 2
77 446
1 2 2
152 470
1 12 2
162 164
1 9 2
11 98
1 2 2
33 143
1 12 2
335 490
1 9 2
165 357
1 10 2
181 192
1 13 2
337 360
1 10 2
98 316
1 3 2
170 285
1 14 2
186 418
1 12 2
367 447
1 5 2
52 160
1 5 2
116 121
1 13 2
272 466
1 5 2
232 426
1 7 2
24 94
1 9 2
187 216
1 13 2
279 374
1 8 2
134 352
1 15 2
217 412
1 3 2
235 249
1 4 2
119 162
1 9 2
288 447
1 12 2
97 480
1 14 2
399 487
1 7 2
13 367
1 3 2
235 453
1 3 2
70 313
1 14 2
101 230
1 14 2
15 79
1 13 2
118 212
1 3 2
155 323
1 14 2
96 420
1 8 2
47 430
1 10 2
55 90
1 4 2
303 480
1 4 2
94 307
1 3 2
347 406
1 7 2
52 168
1 3 2
241 298
1 11 2
307 464
1 9 2
402 433
1 8 2
119 160
1 15 2
153 296
1 8 2
209 410
1 5 2
192 445
1 4 2
351 375
1 6 2
50 442
1 3 2
35 424
1 3 2
28 42
1 4 2
84 397
1 2 2
181 389
1 11 2
64 78
1 10 2
45 280
1 2 2
28 171
1 10 2
119 272
1 4 2
102 408
1 14 2
352 431
1 7 2
282 344
1 5 2
116 426
1 13 2
42 465
1 11 2
354 373
1 4 2
93 488
1 2 2
60 364
1 10 2
141 232
1 2 2
56 337
1 8 2
216 277
1 5 2
280 294
1 8 2
161 412
1 14 2
216 408
1 3 2
395 403
1 9 2
227 290
1 3 2
139 477
1 6 2
61 90
1 5 2
83 321
1 5 2
146 215
1 5 2
163 412
1 15 2
97 202
1 13 2
87 352
1 9 2
18 146
1 3 2
178 282
1 13 2
228 278
1 12 2
89 317
1 10 2
187 252
1 15 2
294 398
1 6 2
75 283
1 2 2
173 214
1 13 2
146 243
1 12 2
151 462
1 13 2
134 332
1 4 2
30 76
1 6 2
54 239
1 6 2
32 40
1 11 2
361 396
1 12 2
281 408
1 11 2
75 216
1 7 2
126 294
1 13 2
223 444
1 11 2
284 480
1 3 2
63 100
1 3 2
127 362
1 7 2
327 381
1 2 2
294 329
1 14 2
147 406
1 11 2
222 292
1 6 2
320 365
1 2 2
5 54
1 7 2
53 409
1 10 2
40 65
1 12 2
70 199
1 13 2
70 347
1 2 2
136 257
1 14 2
72 88
1 10 2
166 380
1 2 2
72 123
1 3 2
188 324
1 3 2
126 137
1 14 2
193 386
1 7 2
116 228
1 3 2
234 256
1 4 2
97 264
1 8 2
255 456
1 15 2
242 390
1 9 2
39 92
1 5 2
84 417
1 2 2
266 268
1 10 2
299 477
1 11 2
131 176
1 8 2
289 483
1 13 2
417 480
1 3 2
361 496
1 4 2
90 383
1 2 2
141 279
1 2 2
275 369
1 12 2
313 497
1 8 2
128 359
1 13 2
30 362
1 15 2
154 266
1 12 2
77 351
1 14 2
247 361
1 15 2
167 306
1 10 2
51 188
1 13 2
191 415
1 2 2
246 473
1 6 2
56 297
1 12 2
79 360
1 2 2
101 364
1 6 2
180 299
1 2 2
112 497
1 9 2
148 228
1 7 2
281 473
1 13 2
134 255
1 10 2
196 287
1 12 2
95 345
1 5 2
68 433
1 14 2
266 353
1 9 2
178 342
1 9 2
134 369
1 15 2
25 224
1 5 2
263 436
1 14 2
0 188
1 9 2
158 498
1 14 2
183 269
1 3 2
25 50
1 12 2
244 298
1 4 2
180 305
1 10 2
31 45
1 15 2
429 495
1 14 2
50 282
1 4 2
366 484
1 15 2
316 406
1 4 2
237 311
1 5 2
196 469
1 8 2
28 277
1 4 2
177 249
1 14 2
1 21
1 8 2
201 202
1 8 2
277 326
1 9 2
141 348
1 11 2
23 107
1 10 2
124 135
1 12 2
267 339
1 15 2
58 253
1 7 2
265 426
1 12 2
333 392
1 4 2
102 149
1 9 2
238 397
1 7 2
104 325
1 3 2
251 405
1 4 2
168 374
1 4 2
407 424
1 9 2
7 96
1 10 2
122 127
1 8 2
436 493
1 11 2
89 332
1 14 2
227 445
1 4 2
203 353
1 14 2
198 329
1 4 2
92 400
1 4 2
58 342
1 3 2
208 290
1 5 2
120 215
1 9 2
44 208
1 11 2
98 405
1 5 2
112 453
1 7 2
270 311
1 6 2
365 462
1 12 2
311 328
1 13 2
160 474
1 8 2
32 469
1 12 2
212 472
1 15 2
43 451
1 9 2
110 278
1 3 2
268 273
1 6 2
414 441
1 5 2
193 392
1 14 2
222 253
1 2 2
291 426
1 12 2
151 494
1 6 2
20 427
1 13 2
126 342
1 2 2
261 390
1 10 2
186 257
1 7 2
37 89
1 15 2
161 400
1 10 2
76 206
1 14 2
79 111
1 8 2
66 129
1 9 2
4 231
1 4 2
70 470
1 5 2
216 233
1 15 2
88 227
1 11 2
20 496
1 10 2
95 134
1 11 2
111 487
1 5 2
73 238
1 6 2
32 33
1 2 2
79 447
1 12 2
68 264
1 10 2
155 494
1 7 2
20 123
1 4 2
74 348
1 6 2
91 286
1 8 2
251 453
1 7 2
388 456
1 12 2
21 484
1 14 2
260 266
1 13 2
18 283
1 14 2
435 439
1 10 2
102 355
1 6 2
246 283
1 11 2
84 200
1 9 2
356 477
1 13 2
16 153
1 9 2
190 437
1 6 2
4 123
1 5 2
389 457
1 11 2
73 266
1 2 2
318 384
1 3 2
311 467
1 10 2
289 343
1 8 2
228 234
1 3 2
153 290
1 8 2
274 451
1 12 2
389 472
1 4 2
77 430
1 13 2
25 263
1 5 2
144 459
1 15 2
36 325
1 12 2
47 98
1 15 2
8 69
1 10 2
70 277
1 7 2
111 253
1 4 2
288 495
1 2 2
65 290
1 15 2
134 382
1 3 2
118 143
1 12 2
32 460
1 4 2
156 255
1 11 2
345 397
1 9 2
66 492
1 7 2
368 468
1 13 2
121 398
1 3 2
22 301
1 3 2
272 437
1 4 2
101 363
1 2 2
270 376
1 9 2
49 131
1 3 2
244 310
1 7 2
25 180
1 10 2
89 258
1 14 2
193 370
1 6 2
235 483
1 6 2
31 81
1 6 2
325 383
1 5 2
104 368
1 4 2
316 386
1 12 2
96 124
1 2 2
124 227
1 4 2
250 454
1 4 2
120 483
1 14 2
173 300
1 8 2
313 341
1 14 2
451 468
1 7 2
143 321
1 8 2
113 430
1 3 2
228 480
1 10 2
65 351
1 8 2
39 228
1 8 2
230 446
1 5 2
336 499
1 10 2
79 451
1 10 2
173 464
1 8 2
55 128
1 9 2
64 303
1 12 2
37 75
1 12 2
155 472
1 3 2
139 338
1 14 2
238 396
1 11 2
358 361
1 15 2
255 263
1 4 2
108 497
1 10 2
59 194
1 6 2
32 432
1 2 2
291 497
1 10 2
65 66
1 6 2
209 471
1 8 2
71 325
1 3 2
351 467
1 9 2
374 438
1 12 2
248 397
1 13 2
123 235
1 2 2
217 325
1 14 2
169 453
1 12 2
5 301
1 10 2
392 476
1 12 2
16 389
1 13 2
161 329
1 2 2
27 169
1 13 2
99 444
1 13 2
303 350
1 3 2
204 369
1 6 2
27 383
1 4 2
104 458
1 11 2
328 456
1 8 2
148 276
1 9 2
39 115
1 13 2
119 254
1 6 2
230 430
1 3 2
80 360
1 12 2
131 136
1 15 2
228 299
1 13 2
320 483
1 12 2
74 344
1 5 2
76 363
1 7 2
336 344
1 15 2
84 88
1 14 2
27 436
1 15 2
9 90
1 3 2
50 406
1 12 2
220 373
1 6 2
370 388
1 7 2
114 403
1 8 2
136 311
1 4 2
369 406
1 14 2
307 427
1 13 2
177 232
1 5 2
174 210
1 6 2
140 180
1 13 2
191 419
1 10 2
182 480
1 3 2
305 362
1 15 2
157 474
1 7 2
76 326
1 5 2
156 487
1 13 2
121 346
1 13 2
285 303
1 4 2
311 397
1 7 2
17 129
1 13 2
320 329
1 13 2
2 168
1 13 2
133 243
1 14 2
221 238
1 7 2
277 290
1 4 2
131 394
1 6 2
78 388
1 10 2
93 482
1 5 2
281 325
1 4 2
255 476
1 12 2
35 473
1 6 2
227 341
1 12 2
205 280
1 3 2
279 397
1 3 2
75 201
1 14 2
169 260
1 8 2
393 424
1 8 2
369 432
1 11 2
255 294
1 8 2
137 496
1 13 2
2 385
1 9 2
332 406
1 12 2
107 181
1 12 2
290 423
1 11 2
110 251
1 5 2
11 316
1 3 2
14 84
1 12 2
33 35
1 5 2
392 412
1 11 2
171 441
1 3 2
253 266
1 7 2
0 411
1 8 2
147 486
1 5 2
67 282
1 13 2
98 243
1 3 2
107 282
1 14 2
58 227
1 2 2
159 328
1 11 2
310 450
1 5 2
35 163
1 6 2
37 331
1 6 2
114 194
1 9 2
163 499
1 14 2
332 446
1 11 2
421 493
1 13 2
3 180
1 5 2
65 94
1 9 2
165 320
1 8 2
95 104
1 15 2
63 174
1 7 2
345 392
1 9 2
78 248
1 14 2
30 437
1 11 2
267 495
1 5 2
84 291
1 3 2
261 492
1 14 2
165 202
1 14 2
375 475
1 12 2
128 156
1 14 2
129 240
1 7 2
45 160
1 15 2
117 309
1 11 2
125 412
1 2 2
259 298
1 11 2
50 140
1 14 2
96 182
1 14 2
271 299
1 8 2
134 239
1 3 2
285 372
1 7 2
156 306
1 11 2
130 164
1 14 2
433 473
1 2 2
189 451
1 7 2
190 482
1 5 2
364 374
1 12 2
353 367
1 14 2
124 250
1 3 2
86 179
1 14 2
144 239
1 15 2
2 250
1 7 2
327 395
1 11 2
197 218
1 15 2
14 429
1 7 2
331 395
1 15 2
252 469
1 6 2
58 461
1 14 2
313 492
1 14 2
42 269
1 11 2
209 493
1 5 2
38 287
1 10 2
104 476
1 8 2
79 226
1 6 2
187 342
1 5 2
119 318
1 12 2
217 472
1 12 2
275 447
1 5 2
52 295
1 4 2
338 418
1 3 2
141 162
1 7 2
5 10
1 14 2
274 411
1 8 2
338 442
1 5 2
33 169
1 6 2
59 385
1 10 2
245 358
1 6 2
71 164
1 3 2
146 316
1 2 2
226 261
1 8 2
158 346
1 15 2
232 404
1 4 2
150 242
1 2 2
143 233
1 13 2
444 457
1 13 2
212 356
1 11 2
127 130
1 6 2
323 488
1 10 2
96 190
1 14 2
146 411
1 7 2
142 377
1 12 2
230 495
1 13 2
248 404
1 9 2
72 330
1 4 2
194 413
1 8 2
316 451
1 12 2
297 405
1 2 2
97 318
1 6 2
333 494
1 12 2
470 499
1 4 2
93 238
1 9 2
148 385
1 11 2
6 468
1 15 2
153 282
1 15 2
225 290
1 2 2
36 386
1 2 2
216 351
1 14 2
313 387
1 4 2
304 378
1 15 2
126 267
1 8 2
105 312
1 8 2
117 249
1 6 2
0 187
1 2 2
108 311
1 2 2
295 403
1 14 2
234 453
1 12 2
7 264
1 11 2
105 467
1 6 2
16 290
1 3 2
152 271
1 3 2
216 362
1 5 2
209 441
1 5 2
114 444
1 12 2
163 325
1 4 2
29 48
1 4 2
201 280
1 7 2
9 385
1 13 2
95 441
1 2 2
171 264
1 9 2
86 284
1 14 2
170 499
1 4 2
71 97
1 7 2
112 177
1 12 2
114 340
1 2 2
71 370
1 5 2
266 457
1 9 2
130 152
1 8 2
16 206
1 9 2
258 406
1 8 2
45 131
1 14 2
38 89
1 7 2
40 74
1 7 2
89 334
1 14 2
99 404
1 9 2
2 438
1 7 2
89 109
1 6 2
99 340
1 14 2
77 277
1 2 2
132 193
1 2 2
12 69
1 12 2
81 197
1 4 2
220 312
1 5 2
75 263
1 2 2
8 280
1 10 2
174 326
1 14 2
90 206
1 12 2
198 210
1 8 2
293 316
1 4 2
147 235
1 13 2
190 345
1 6 2
202 385
1 8 2
70 234
1 15 2
145 228
1 4 2
126 265
1 12 2
159 404
1 2 2
165 385
1 11 2
164 213
1 3 2
161 328
1 3 2
195 316
1 9 2
74 495
1 10 2
186 334
1 9 2
160 379
1 11 2
264 326
1 2 2
397 453
1 3 2
95 489
1 3 2
98 292
1 6 2
334 396
1 14 2
116 134
1 13 2
356 407
1 4 2
174 424
1 4 2
184 488
1 9 2
97 161
1 2 2
283 420
1 13 2
169 206
1 6 2
106 125
1 14 2
362 426
1 6 2
168 195
1 5 2
122 299
1 13 2
108 138
1 5 2
265 362
1 11 2
68 458
1 5 2
84 180
1 7 2
288 491
1 5 2
65 196
1 7 2
206 369
1 10 2
97 376
1 11 2
261 403
1 7 2
220 264
1 3 2
218 300
1 12 2
412 453
1 6 2
147 176
1 15 2
0 158
1 8 2
129 283
1 5 2
50 381
1 14 2
186 292
1 4 2
336 343
1 14 2
40 185
1 9 2
94 149
1 7 2
242 268
1 6 2
285 397
1 7 2
373 428
1 8 2
240 279
1 13 2
211 338
1 9 2
52 475
1 11 2
72 175
1 3 2
109 142
1 14 2
72 412
1 6 2
96 461
1 13 2
94 276
1 8 2
247 330
1 12 2
125 462
1 7 2
397 434
1 12 2
6 105
1 9 2
237 457
1 7 2
155 279
1 9 2
201 485
1 3 2
55 377
1 12 2
129 290
1 13 2
117 453
1 6 2
49 335
1 12 2
241 476
1 4 2
133 366
1 11 2
39 248
1 5 2
21 361
1 13 2
183 373
1 3 2
294 407
1 12 2
51 244
1 7 2
120 149
1 6 2
170 365
1 3 2
76 109
1 14 2
225 358
1 8 2
121 249
1 8 2
10 293
1 10 2
259 288
1 4 2
31 302
1 3 2
116 305
1 5 2
323 359
1 8 2
57 309
1 6 2
116 490
1 8 2
20 24
1 3 2
32 39
1 12 2
105 146
1 4 2
18 317
1 2 2
4 253
1 4 2
283 389
1 14 2
40 461
1 10 2
312 499
1 9 2
94 249
1 9 2
118 225
1 10 2
113 411
1 2 2
237 310
1 11 2
154 349
1 2 2
89 439
1 6 2
12 173
1 7 2
54 412
1 8 2
28 402
1 8 2
225 233
1 13 2
105 217
1 11 2
60 462
1 9 2
67 222
1 10 2
92 452
1 8 2
25 42
1 10 2
65 251
1 12 2
50 337
1 15 2
26 225
1 11 2
17 330
1 7 2
16 267
1 15 2
34 465
1 3 2
261 458
1 6 2
218 364
1 8 2
31 68
1 6 2
256 488
1 10 2
171 349
1 10 2
38 233
1 3 2
249 353
1 6 2
275 388
1 6 2
107 167
1 6 2
293 340
1 8 2
142 459
1 8 2
32 382
1 5 2
273 436
1 12 2
76 125
1 7 2
108 319
1 6 2
244 444
1 9 2
340 384
1 6 2
177 496
1 5 2
127 246
1 10 2
144 423
1 9 2
9 53
1 15 2
108 279
1 14 2
406 499
1 14 2
1 251
1 3 2
298 347
1 5 2
312 330
1 2 2
63 74
1 14 2
203 219
1 11 2
93 380
1 7 2
328 419
1 3 2
37 492
1 5 2
146 212
1 5 2
46 328
1 3 2
84 215
1 14 2
259 277
1 6 2
254 452
1 6 2
390 497
1 13 2
165 207
1 11 2
96 311
1 14 2
173 211
1 9 2
19 215
1 8 2
80 424
1 3 2
222 380
1 4 2
309 394
1 2 2
257 312
1 6 2
108 320
1 6 2
26 452
1 2 2
66 287
1 12 2
26 299
1 6 2
380 416
1 7 2
129 257
1 8 2
124 436
1 6 2
342 462
1 2 2
23 91
1 15 2
140 428
1 10 2
258 355
1 7 2
43 187
1 14 2
103 128
1 6 2
76 253
1 9 2
379 493
1 9 2
65 394
1 3 2
114 229
1 5 2
133 265
1 4 2
416 421
1 8 2
153 157
1 5 2
216 275
1 14 2
2 481
1 6 2
39 98
1 14 2
310 375
1 12 2
253 396
1 4 2
7 49
1 11 2
28 342
1 6 2
254 360
1 9 2
121 186
1 7 2
290 405
1 9 2
413 470
1 13 2
27 433
1 5 2
45 229
1 13 2
11 172
1 2 2
144 160
1 2 2
184 297
1 4 2
72 77
1 12 2
123 203
1 10 2
13 154
1 10 2
378 441
1 9 2
188 379
1 13 2
402 489
1 2 2
353 449
1 8 2
213 217
1 12 2
23 185
1 4 2
89 90
1 10 2
198 459
1 8 2
296 318
1 3 2
58 75
1 14 2
184 304
1 12 2
22 426
1 7 2
303 428
1 11 2
15 497
1 3 2
233 445
1 15 2
119 194
1 2 2
42 80
1 5 2
148 267
1 13 2
86 278
1 11 2
162 411
1 4 2
43 120
1 3 2
63 329
1 6 2
70 304
1 7 2
192 346
1 12 2
26 118
1 10 2
15 60
1 2 2
93 477
1 13 2
271 320
1 4 2
230 399
1 8 2
184 196
1 7 2
207 291
1 3 2
254 368
1 14 2
406 436
1 4 2
181 482
1 3 2
194 471
1 15 2
260 376
1 11 2
310 471
1 10 2
186 319
1 12 2
359 395
1 13 2
16 320
1 9 2
103 363
1 9 2
174 200
1 5 2
427 486
1 3 2
228 413
1 11 2
153 235
1 15 2
48 79
1 7 2
188 422
1 15 2
31 172
1 13 2
385 392
1 13 2
92 360
1 15 2
7 415
1 6 2
308 442
1 3 2
152 222
1 11 2
385 472
1 4 2
282 472
1 14 2
222 386
1 11 2
90 323
1 9 2
71 374
1 12 2
362 433
1 13 2
26 90
1 8 2
95 166
1 9 2
25 193
1 3 2
326 402
1 13 2
187 496
1 14 2
28 185
1 9 2
216 328
1 7 2
353 401
1 13 2
16 357
1 3 2
95 268
1 4 2
65 387
1 2 2
317 482
1 10 2
36 244
1 15 2
115 132
1 4 2
41 72
1 15 2
45 69
1 10 2
343 462
1 3 2
118 414
1 11 2
220 417
1 8 2
278 390
1 4 2
28 380
1 2 2
70 449
1 15 2
47 356
1 11 2
155 215
1 8 2
55 177
1 11 2
58 235
1 12 2
260 328
1 15 2
15 312
1 9 2
52 243
1 4 2
108 286
1 5 2
14 347
1 9 2
157 266
1 7 2
80 188
1 12 2
29 443
1 15 2
149 323
1 12 2
419 426
1 3 2
71 204
1 5 2
80 415
1 6 2
298 338
1 13 2
27 324
1 8 2
134 137
1 6 2
27 417
1 5 2
22 53
1 12 2
143 365
1 9 2
373 376
1 2 2
437 439
1 8 2
176 384
1 11 2
61 85
1 15 2
359 369
1 11 2
274 357
1 11 2
268 398
1 13 2
126 245
1 2 2
133 491
1 11 2
279 318
1 8 2
147 295
1 15 2
457 494
1 3 2
414 485
1 15 2
83 327
1 2 2
165 275
1 7 2
119 132
1 6 2
51 90
1 10 2
204 497
1 2 2
270 400
1 10 2
36 379
1 3 2
30 203
1 14 2
19 266
1 12 2
3 354
1 12 2
28 385
1 9 2
300 426
1 2 2
354 370
1 13 2
185 467
1 6 2
70 214
1 5 2
25 423
1 4 2
249 478
1 2 2
144 446
1 3 2
16 436
1 6 2
55 212
1 9 2
92 418
1 11 2
151 205
1 15 2
118 191
1 9 2
112 243
1 14 2
304 432
1 4 2
416 458
1 5 2
145 309
1 10 2
11 95
1 2 2
271 354
1 9 2
34 443
1 7 2
118 398
1 5 2
83 459
1 6 2
471 490
1 15 2
202 224
1 11 2
152 497
1 12 2
396 406
1 12 2
18 66
1 12 2
93 494
1 7 2
227 418
1 5 2
403 481
1 3 2
28 160
1 7 2
417 470
1 4 2
136 209
1 2 2
349 394
1 2 2
184 464
1 2 2
279 388
1 10 2
73 292
1 2 2
111 309
1 9 2
160 377
1 11 2
277 498
1 6 2
291 356
1 10 2
329 398
1 8 2
52 231
1 11 2
234 454
1 3 2
241 487
1 14 2
64 265
1 14 2
311 471
1 12 2
167 341
1 6 2
11 231
1 10 2
72 114
1 12 2
180 188
1 2 2
302 452
1 4 2
104 305
1 12 2
51 98
1 15 2
157 411
1 13 2
85 463
1 9 2
361 363
1 8 2
190 484
1 9 2
43 176
1 10 2
112 132
1 10 2
7 237
1 3 2
43 118
1 8 2
166 419
1 14 2
181 211
1 13 2
40 61
1 5 2
41 333
1 14 2
219 331
1 12 2
128 180
1 14 2
435 483
1 7 2
60 389
1 13 2
31 55
1 9 2
31 116
1 13 2
199 492
1 4 2
129 204
1 13 2
133 394
1 8 2
56 435
1 11 2
402 438
1 3 2
67 483
1 7 2
15 398
1 3 2
176 229
1 9 2
129 244
1 11 2
284 487
1 7 2
38 239
1 14 2
445 456
1 2 2
96 346
1 5 2
160 258
1 12 2
241 470
1 9 2
2 102
1 5 2
35 206
1 8 2
46 75
1 14 2
259 478
1 5 2
257 365
1 9 2
103 397
1 12 2
135 428
1 11 2
479 491
1 13 2
172 398
1 14 2
106 448
1 13 2
85 93
1 13 2
415 443
1 7 2
212 426
1 7 2
133 488
1 9 2
146 329
1 10 2
158 412
1 6 2
145 424
1 14 2
68 169
1 3 2
0 258
1 6 2
58 262
1 12 2
233 347
1 11 2
222 296
1 14 2
291 350
1 15 2
96 131
1 4 2
53 325
1 4 2
135 203
1 9 2
87 314
1 6 2
166 347
1 11 2
38 216
1 12 2
331 396
1 2 2
236 265
1 11 2
16 444
1 7 2
104 345
1 4 2
89 357
1 3 2
222 308
1 14 2
231 394
1 10 2
240 488
1 3 2
103 273
1 7 2
49 54
1 8 2
104 267
1 4 2
441 498
1 3 2
274 278
1 8 2
410 458
1 4 2
37 294
1 6 2
21 303
1 13 2
393 488
1 15 2
432 499
1 6 2
187 370
1 8 2
204 443
1 9 2
189 304
1 5 2
63 276
1 14 2
184 486
1 7 2
53 410
1 4 2
163 435
1 12 2
48 107
1 12 2
350 363
1 4 2
212 368
1 15 2
54 331
1 8 2
262 264
1 9 2
117 178
1 4 2
394 422
1 7 2
245 337
1 15 2
406 485
1 5 2
0 173
1 4 2
227 432
1 12 2
202 362
1 14 2
29 350
1 10 2
345 393
1 11 2
175 372
1 3 2
63 323
1 7 2
21 109
1 3 2
126 465
1 6 2
426 465
1 11 2
121 456
1 3 2
231 273
1 10 2
383 384
1 5 2
97 469
1 8 2
188 205
1 6 2
213 362
1 11 2
30 311
1 4 2
234 447
1 12 2
60 246
1 7 2
370 409
1 7 2
9 333
1 14 2
210 416
1 6 2
281 301
1 5 2
110 146
1 3 2
278 435
1 4 2
10 358
1 5 2
195 282
1 9 2
196 254
1 11 2
11 58
1 6 2
124 191
1 10 2
12 481
1 8 2
207 274
1 4 2
48 224
1 11 2
282 296
1 10 2
16 97
1 11 2
82 415
1 8 2
95 397
1 15 2
161 284
1 10 2
26 424
1 13 2
92 226
1 2 2
39 223
1 13 2
39 408
1 13 2
16 250
1 10 2
141 246
1 7 2
299 499
1 10 2
49 408
1 3 2
144 343
1 14 2
149 474
1 5 2
7 86
1 8 2
165 262
1 3 2
0 304
1 12 2
22 143
1 6 2
306 434
1 14 2
281 336
1 11 2
143 344
1 11 2
364 483
1 4 2
96 202
1 9 2
173 454
1 3 2
190 480
1 9 2
34 150
1 14 2
327 393
1 4 2
174 267
1 2 2
109 368
1 11 2
78 483
1 4 2
72 238
1 6 2
93 449
1 10 2
21 68
1 6 2
345 401
1 13 2
106 108
1 13 2
122 146
1 13 2
5 336
1 8 2
77 253
1 14 2
11 146
1 10 2
373 454
1 9 2
166 389
1 13 2
116 312
1 3 2
110 156
1 7 2
46 179
1 10 2
139 181
1 9 2
158 161
1 2 2
215 349
1 15 2
30 303
1 12 2
223 289
1 8 2
192 463
1 7 2
50 440
1 13 2
125 427
1 9 2
154 448
1 2 2
50 127
1 2 2
181 463
1 15 2
197 459
1 4 2
171 278
1 15 2
121 489
1 2 2
379 429
1 2 2
392 468
1 3 2
240 376
1 11 2
300 478
1 4 2
162 290
1 4 2
473 476
1 10 2
89 149
1 2 2
63 466
1 7 2
107 313
1 3 2
343 348
1 15 2
55 304
1 4 2
384 473
1 14 2
335 357
1 8 2
176 252
1 12 2
79 315
1 3 2
175 496
1 6 2
299 453
1 3 2
226 407
1 10 2
136 407
1 5 2
52 237
1 7 2
48 114
1 2 2
185 491
1 2 2
151 164
1 10 2
130 317
1 10 2
191 469
1 13 2
109 423
1 6 2
151 461
1 15 2
44 376
1 6 2
102 241
1 5 2
191 425
1 7 2
455 478
1 14 2
477 478
1 10 2
353 408
1 6 2
113 194
1 12 2
224 473
1 12 2
203 453
1 12 2
193 315
1 13 2
206 259
1 7 2
150 217
1 8 2
69 464
1 7 2
36 112
1 5 2
47 309
1 8 2
487 498
1 6 2
243 254
1 5 2
218 384
1 8 2
36 124
1 4 2
123 356
1 5 2
176 192
1 12 2
28 115
1 8 2
44 91
1 3 2
330 388
1 13 2
388 425
1 3 2
9 364
1 7 2
230 310
1 4 2
178 260
1 9 2
230 325
1 10 2
143 345
1 14 2
309 362
1 3 2
18 142
1 2 2
3 288
1 13 2
152 216
1 8 2
175 453
1 4 2
156 459
1 2 2
187 429
1 11 2
53 62
1 7 2
221 436
1 7 2
258 260
1 10 2
12 21
1 15 2
142 196
1 12 2
182 474
1 11 2
53 175
1 7 2
103 479
1 9 2
76 407
1 2 2
27 447
1 14 2
296 467
1 11 2
81 467
1 2 2
248 401
1 15 2
20 203
1 9 2
8 366
1 8 2
132 170
1 3 2
3 222
1 13 2
33 106
1 4 2
57 447
1 13 2
210 364
1 4 2
74 425
1 13 2
204 351
1 9 2
9 280
1 10 2
166 352
1 15 2
40 238
1 7 2
119 443
1 12 2
369 414
1 5 2
190 327
1 8 2
369 386
1 12 2
260 365
1 11 2
59 439
1 8 2
32 395
1 10 2
300 340
1 11 2
26 344
1 14 2
140 197
1 14 2
351 456
1 7 2
197 450
1 7 2
140 177
1 3 2
282 415
1 2 2
69 200
1 8 2
87 358
1 15 2
345 382
1 3 2
403 429
1 9 2
397 490
1 11 2
14 411
1 5 2
114 312
1 3 2
228 318
1 10 2
128 169
1 6 2
84 435
1 4 2
16 481
1 13 2
67 315
1 4 2
354 376
1 5 2
85 356
1 7 2
243 395
1 10 2
167 372
1 2 2
88 135
1 14 2
20 222
1 9 2
239 302
1 11 2
147 343
1 14 2
35 331
1 15 2
266 388
1 8 2
129 230
1 2 2
122 197
1 2 2
452 473
1 4 2
138 495
1 13 2
149 312
1 2 2
19 469
1 13 2
253 436
1 3 2
0 473
1 2 2
184 498
1 9 2
3 175
1 11 2
29 169
1 9 2
245 458
1 7 2
232 399
1 8 2
104 337
1 12 2
11 202
1 13 2
54 100
1 3 2
33 357
1 11 2
204 476
1 15 2
75 121
1 12 2
340 467
1 11 2
145 191
1 3 2
183 190
1 6 2
254 301
1 9 2
336 357
1 13 2
18 377
1 7 2
106 497
1 8 2
387 391
1 5 2
311 362
1 8 2
22 187
1 2 2
145 408
1 12 2
29 255
1 11 2
0 138
1 3 2
82 88
1 2 2
192 223
1 14 2
258 466
1 2 2
98 422
1 14 2
195 216
1 13 2
137 491
1 14 2
424 474
1 2 2
442 458
1 15 2
136 186
1 7 2
348 414
1 6 2
277 417
1 12 2
295 454
1 4 2
447 476
1 2 2
218 336
1 13 2
226 335
1 15 2
229 320
1 4 2
34 477
1 5 2
56 118
1 4 2
132 425
1 5 2
205 455
1 6 2
53 302
1 6 2
244 486
1 14 2
54 199
1 11 2
200 297
1 15 2
77 466
1 5 2
6 407
1 2 2
75 310
1 15 2
130 402
1 5 2
65 355
1 4 2
380 403
1 2 2
167 471
1 5 2
286 306
1 11 2
153 203
1 8 2
368 412
1 13 2
240 489
1 7 2
312 316
1 4 2
297 315
1 14 2
179 481
1 3 2
120 390
1 7 2
158 304
1 10 2
112 230
1 9 2
182 271
1 10 2
196 461
1 11 2
284 423
1 9 2
273 336
1 11 2
119 188
1 15 2
165 363
1 10 2
453 487
1 10 2
409 480
1 10 2
212 490
1 4 2
266 278
1 6 2
44 254
1 6 2
89 379
1 8 2
95 382
1 4 2
194 387
1 15 2
233 423
1 9 2
240 293
1 11 2
127 493
1 13 2
120 142
1 11 2
251 268
1 2 2
39 306
1 9 2
41 81
1 4 2
218 467
1 14 2
274 395
1 3 2
309 475
1 10 2
177 388
1 15 2
121 128
1 10 2
31 445
1 13 2
177 405
1 11 2
159 294
1 5 2
193 375
1 9 2
76 194
1 2 2
5 181
1 3 2
359 423
1 4 2
273 313
1 14 2
42 63
1 12 2
140 374
1 10 2
87 446
1 11 2
294 420
1 5 2
155 318
1 10 2
101 431
1 10 2
7 442
1 14 2
195 425
1 10 2
102 231
1 8 2
359 361
1 14 2
106 127
1 7 2
488 489
1 5 2
14 442
1 7 2
186 330
1 3 2
23 342
1 15 2
183 471
1 7 2
33 221
1 5 2
84 372
1 5 2
139 451
1 8 2
46 360
1 2 2
289 295
1 9 2
293 433
1 2 2
199 424
1 6 2
99 331
1 15 2
172 419
1 6 2
181 331
1 6 2
166 226
1 11 2
191 390
1 5 2
13 169
1 12 2
473 485
1 10 2
11 267
1 12 2
234 354
1 11 2
286 452
1 7 2
416 482
1 8 2
190 411
1 2 2
352 391
1 6 2
424 482
1 6 2
79 231
1 7 2
286 465
1 15 2
123 372
1 4 2
192 286
1 13 2
215 269
1 4 2
200 488
1 11 2
124 158
1 12 2
125 160
1 13 2
261 437
1 10 2
32 479
1 10 2
46 357
1 2 2
112 265
1 4 2
323 393
1 2 2
81 427
1 12 2
260 462
1 7 2
7 424
1 2 2
113 131
1 5 2
212 396
1 15 2
162 370
1 4 2
385 413
1 3 2
47 397
1 15 2
242 410
1 14 2
343 431
1 3 2
138 426
1 3 2
370 428
1 12 2
409 491
1 3 2
276 381
1 4 2
286 349
1 15 2
90 289
1 3 2
60 162
1 2 2
273 396
1 13 2
219 421
1 13 2
72 210
1 13 2
197 464
1 11 2
256 396
1 8 2
211 398
1 15 2
429 462
1 12 2
196 229
1 6 2
349 425
1 13 2
246 324
1 5 2
98 481
1 12 2
294 301
1 2 2
137 246
1 4 2
250 395
1 3 2
45 375
1 11 2
149 288
1 5 2
31 199
1 7 2
83 386
1 13 2
188 383
1 12 2
35 115
1 8 2
64 232
1 12 2
26 213
1 14 2
84 205
1 13 2
21 383
1 9 2
131 478
1 13 2
406 464
1 15 2
270 335
1 13 2
126 312
1 11 2
3 392
1 9 2
313 416
1 5 2
70 310
1 2 2
195 311
1 4 2
113 233
1 4 2
324 400
1 3 2
83 465
1 10 2
9 464
1 5 2
37 491
1 9 2
113 277
1 2 2
67 185
1 14 2
20 264
1 7 2
140 198
1 4 2
55 488
1 12 2
167 299
1 10 2
64 71
1 8 2
218 272
1 5 2
97 269
1 5 2
172 400
1 11 2
154 240
1 8 2
80 362
1 7 2
30 85
1 13 2
18 468
1 12 2
18 378
1 2 2
369 498
1 2 2
95 310
1 11 2
13 310
1 4 2
222 429
1 13 2
73 421
1 2 2
72 110
1 4 2
243 377
1 5 2
177 452
1 8 2
245 406
1 14 2
157 387
1 13 2
372 416
1 8 2
162 395
1 6 2
191 389
1 11 2
63 360
1 2 2
124 262
1 14 2
165 457
1 3 2
279 323
1 8 2
52 313
1 13 2
84 274
1 6 2
4 441
1 12 2
100 334
1 5 2
27 407
1 12 2
273 353
1 4 2
395 399
1 13 2
113 252
1 2 2
88 145
1 9 2
153 204
1 15 2
58 406
1 12 2
460 498
1 5 2
46 385
1 14 2
58 274
1 8 2
224 248
1 3 2
59 303
1 2 2
75 91
1 13 2
488 494
1 9 2
54 444
1 6 2
290 367
1 8 2
32 124
1 15 2
179 272
1 14 2
266 346
1 8 2
47 203
1 13 2
257 477
1 14 2
87 384
1 8 2
51 52
1 13 2
425 470
1 3 2
0 470
1 2 2
34 170
1 8 2
70 426
1 10 2
15 55
1 14 2
2 495
1 5 2
156 328
1 4 2
138 260
1 10 2
321 396
1 12 2
81 293
1 10 2
42 358
1 2 2
187 482
1 11 2
167 260
1 4 2
117 442
1 10 2
0 27
1 3 2
59 297
1 13 2
480 498
1 10 2
79 328
1 3 2
344 378
1 4 2
59 69
1 11 2
69 406
1 3 2
261 397
1 3 2
161 460
1 11 2
227 467
1 14 2
137 338
1 14 2
225 256
1 5 2
382 409
1 15 2
97 399
1 9 2
173 296
1 3 2
190 403
1 5 2
273 485
1 4 2
61 111
1 6 2
383 487
1 5 2
82 325
1 2 2
223 228
1 3 2
85 160
1 9 2
28 474
1 6 2
417 495
1 3 2
295 474
1 3 2
95 338
1 7 2
426 449
1 6 2
85 441
1 14 2
160 293
1 11 2
24 438
1 9 2
192 455
1 4 2
212 286
1 8 2
48 385
1 13 2
215 312
1 3 2
82 128
1 11 2
263 352
1 4 2
107 404
1 3 2
467 494
1 11 2
373 421
1 2 2
155 416
1 15 2
72 419
1 14 2
135 383
1 7 2
258 451
1 2 2
49 208
1 11 2
340 364
1 8 2
339 408
1 8 2
68 487
1 3 2
128 253
1 9 2
111 428
1 5 2
283 472
1 12 2
223 249
1 15 2
35 239
1 3 2
256 297
1 6 2
235 351
1 8 2
242 427
1 9 2
158 398
1 3 2
277 403
1 13 2
54 479
1 11 2
241 451
1 15 2
378 449
1 12 2
100 433
1 3 2
286 344
1 9 2
122 300
1 9 2
96 437
1 14 2
205 337
1 15 2
34 435
1 15 2
404 417
1 2 2
66 401
1 10 2
270 320
1 6 2
439 447
1 9 2
75 225
1 15 2
349 429
1 13 2
117 284
1 3 2
337 377
1 15 2
377 499
1 2 2
83 302
1 7 2
348 443
1 14 2
39 303
1 6 2
91 362
1 10 2
113 183
1 2 2
36 127
1 3 2
273 380
1 9 2
236 281
1 3 2
8 126
1 10 2
6 173
1 5 2
8 312
1 15 2
96 155
1 13 2
352 407
1 10 2
23 460
1 11 2
191 234
1 8 2
206 339
1 2 2
445 488
1 4 2
363 463
1 12 2
272 350
1 4 2
213 303
1 2 2
335 338
1 2 2
115 479
1 10 2
141 407
1 8 2
176 444
1 9 2
248 429
1 12 2
153 337
1 4 2
210 321
1 3 2
193 421
1 4 2
196 374
1 11 2
31 231
1 12 2
94 282
1 14 2
337 415
1 3 2
253 426
1 7 2
81 431
1 5 2
91 255
1 5 2
136 411
1 11 2
226 455
1 7 2
12 448
1 7 2
27 261
1 11 2
25 229
1 11 2
170 491
1 9 2
162 432
1 6 2
207 371
1 13 2
4 401
1 14 2
129 446
1 6 2
25 61
1 3 2
338 394
1 5 2
241 416
1 5 2
194 228
1 14 2
187 392
1 12 2
13 370
1 13 2
0 69
1 6 2
11 60
1 10 2
450 478
1 14 2
92 265
1 7 2
43 418
1 6 2
40 275
1 13 2
102 126
1 11 2
103 396
1 10 2
170 223
1 14 2
141 437
1 3 2
158 269
1 8 2
305 306
1 5 2
18 313
1 11 2
12 437
1 15 2
49 348
1 8 2
263 482
1 12 2
30 349
1 2 2
148 483
1 10 2
166 305
1 7 2
102 464
1 9 2
107 309
1 10 2
48 426
1 14 2
234 467
1 14 2
72 214
1 5 2
369 473
1 8 2
285 481
1 10 2
90 361
1 6 2
0 459
1 14 2
137 432
1 15 2
91 442
1 8 2
37 193
1 2 2
64 218
1 13 2
346 468
1 4 2
79 330
1 8 2
182 279
1 10 2
370 446
1 3 2
51 318
1 6 2
2 107
1 8 2
235 314
1 15 2
30 290
1 9 2
185 272
1 8 2
142 451
1 3 2
19 112
1 3 2
231 303
1 12 2
277 337
1 6 2
401 496
1 9 2
189 394
1 10 2
157 255
1 15 2
342 478
1 12 2
72 363
1 13 2
185 289
1 5 2
5 429
1 5 2
311 492
1 15 2
137 314
1 7 2
290 371
1 12 2
147 281
1 10 2
170 464
1 5 2
90 93
1 6 2
129 406
1 14 2
157 405
1 8 2
320 450
1 4 2
97 187
1 7 2
40 495
1 10 2
155 175
1 3 2
21 91
1 3 2
261 340
1 11 2
65 359
1 7 2
3 193
1 3 2
27 468
1 3 2
188 495
1 10 2
62 309
1 8 2
66 269
1 13 2
201 298
1 10 2
193 327
1 12 2
156 183
1 4 2
74 83
1 7 2
297 378
1 12 2
85 265
1 11 2
96 499
1 8 2
231 281
1 10 2
82 174
1 4 2
117 387
1 6 2
205 379
1 7 2
188 447
1 10 2
361 445
1 12 2
52 416
1 8 2
1 216
1 14 2
123 231
1 2 2
271 284
1 13 2
138 237
1 6 2
172 383
1 3 2
126 478
1 11 2
46 358
1 6 2
56 474
1 6 2
315 345
1 8 2
92 353
1 5 2
246 357
1 4 2
114 283
1 4 2
5 228
1 8 2
47 172
1 11 2
224 396
1 5 2
24 273
1 15 2
209 442
1 15 2
30 324
1 8 2
384 499
1 3 2
46 223
1 15 2
21 195
1 8 2
144 448
1 10 2
235 242
1 2 2
303 499
1 13 2
82 387
1 14 2
368 480
1 15 2
84 173
1 8 2
318 399
1 3 2
194 370
1 3 2
251 269
1 5 2
73 407
1 11 2
331 338
1 11 2
338 494
1 9 2
11 440
1 10 2
183 389
1 4 2
55 294
1 9 2
298 328
1 5 2
115 189
1 15 2
139 302
1 11 2
96 197
1 15 2
214 395
1 4 2
347 358
1 5 2
90 124
1 9 2
73 220
1 14 2
202 308
1 10 2
378 423
1 10 2
350 405
1 9 2
7 255
1 14 2
178 326
1 10 2
175 491
1 5 2
72 142
1 9 2
8 379
1 8 2
402 429
1 10 2
75 140
1 5 2
1 367
1 2 2
71 395
1 2 2
232 268
1 13 2
178 281
1 14 2
105 199
1 14 2
138 367
1 6 2
284 286
1 3 2
117 460
1 12 2
315 493
1 10 2
6 328
1 11 2
113 268
1 14 2
30 445
1 4 2
278 436
1 3 2
148 382
1 6 2
468 494
1 10 2
28 210
1 8 2
345 487
1 12 2
188 424
1 5 2
185 386
1 10 2
34 205
1 12 2
180 330
1 10 2
187 308
1 5 2
189 216
1 15 2
140 259
1 12 2
93 173
1 10 2
266 340
1 13 2
248 319
1 14 2
99 298
1 12 2
19 77
1 7 2
100 401
1 10 2
209 244
1 3 2
225 375
1 10 2
416 479
1 2 2
362 452
1 15 2
108 159
1 14 2
98 334
1 8 2
64 490
1 11 2
1 419
1 9 2
138 301
1 7 2
121 278
1 4 2
88 395
1 7 2
112 160
1 12 2
96 134
1 2 2
38 187
1 8 2
282 290
1 6 2
61 300
1 5 2
81 332
1 6 2
135 169
1 8 2
64 97
1 6 2
128 289
1 4 2
45 209
1 2 2
280 457
1 7 2
4 403
1 13 2
135 335
1 14 2
188 311
1 12 2
189 481
1 10 2
56 357
1 4 2
259 485
1 6 2
190 356
1 12 2
380 482
1 3 2
85 280
1 5 2
51 425
1 14 2
156 172
1 14 2
438 495
1 6 2
279 490
1 10 2
11 260
1 12 2
163 319
1 3 2
50 152
1 8 2
134 464
1 8 2
94 360
1 4 2
173 407
1 14 2
140 317
1 8 2
208 367
1 3 2
233 471
1 11 2
242 448
1 3 2
281 414
1 13 2
2 156
1 13 2
224 463
1 14 2
214 403
1 9 2
175 382
1 4 2
272 290
1 4 2
244 399
1 12 2
289 402
1 6 2
129 385
1 11 2
8 59
1 9 2
432 481
1 12 2
172 309
1 5 2
116 398
1 11 2
30 244
1 7 2
426 427
1 5 2
201 482
1 10 2
47 53
1 4 2
102 272
1 7 2
240 497
1 14 2
87 167
1 11 2
115 360
1 9 2
326 361
1 15 2
286 321
1 11 2
243 388
1 12 2
24 54
1 9 2
181 276
1 4 2
67 403
1 14 2
8 71
1 8 2
8 100
1 10 2
57 322
1 14 2
167 190
1 11 2
19 86
1 3 2
343 489
1 7 2
10 204
1 3 2
459 496
1 14 2
51 310
1 6 2
77 423
1 2 2
203 410
1 11 2
124 351
1 9 2
226 293
1 5 2
208 414
1 14 2
129 439
1 12 2
151 496
1 2 2
310 320
1 14 2
328 339
1 3 2
379 381
1 5 2
101 384
1 8 2
15 141
1 12 2
1 215
1 8 2
72 80
1 8 2
187 307
1 3 2
30 427
1 6 2
85 387
1 2 2
246 298
1 6 2
87 470
1 4 2
93 405
1 13 2
394 444
1 4 2
315 496
1 7 2
54 388
1 10 2
349 488
1 11 2
144 276
1 9 2
15 112
1 9 2
239 343
1 9 2
231 312
1 7 2
35 274
1 5 2
18 189
1 4 2
143 354
1 2 2
232 471
1 12 2
170 410
1 14 2
34 79
1 2 2
170 412
1 2 2
9 268
1 5 2
15 231
1 2 2
245 383
1 2 2
138 383
1 6 2
28 476
1 4 2
82 253
1 12 2
84 245
1 10 2
419 494
1 13 2
30 109
1 11 2
44 308
1 4 2
406 470
1 11 2
149 369
1 11 2
207 465
1 14 2
216 285
1 10 2
386 469
1 10 2
91 251
1 3 2
184 211
1 14 2
277 373
1 6 2
35 82
1 11 2
122 303
1 6 2
374 383
1 5 2
210 380
1 14 2
279 392
1 4 2
79 400
1 6 2
1 381
1 9 2
146 446
1 14 2
11 32
1 12 2
8 492
1 10 2
32 56
1 12 2
206 386
1 5 2
265 478
1 7 2
385 427
1 7 2
114 180
1 15 2
199 450
1 12 2
456 463
1 6 2
125 447
1 5 2
391 463
1 13 2
392 398
1 7 2
135 427
1 3 2
137 333
1 13 2
43 170
1 7 2
217 328
1 15 2
352 384
1 7 2
100 486
1 4 2
75 117
1 9 2
56 120
1 13 2
383 496
1 10 2
13 395
1 9 2
343 442
1 8 2
90 315
1 9 2
206 474
1 2 2
32 298
1 10 2
104 160
1 7 2
126 282
1 2 2
0 116
1 11 2
271 293
1 15 2
121 391
1 6 2
160 388
1 6 2
284 348
1 7 2
37 305
1 12 2
109 268
1 15 2
247 424
1 11 2
37 383
1 5 2
197 283
1 14 2
210 238
1 9 2
78 226
1 12 2
200 483
1 11 2
96 436
1 10 2
243 308
1 10 2
184 495
1 12 2
232 326
1 12 2
337 357
1 11 2
106 239
1 11 2
141 368
1 15 2
202 366
1 4 2
141 260
1 15 2
328 499
1 4 2
87 341
1 9 2
7 112
1 4 2
39 63
1 5 2
212 236
1 4 2
151 419
1 13 2
369 410
1 6 2
230 293
1 12 2
69 285
1 6 2
177 256
1 7 2
431 497
1 2 2
147 150
1 4 2
163 340
1 6 2
96 175
1 5 2
43 450
1 15 2
236 259
1 2 2
419 499
1 10 2
226 257
1 6 2
202 336
1 4 2
305 468
1 11 2
84 258
1 6 2
77 131
1 11 2
37 325
1 2 2
22 115
1 7 2
72 268
1 11 2
171 249
1 8 2
24 242
1 3 2
129 179
1 15 2
252 420
1 7 2
71 217
1 2 2
157 381
1 10 2
72 464
1 2 2
27 255
1 5 2
215 229
1 14 2
68 328
1 3 2
332 393
1 8 2
42 104
1 2 2
88 419
1 12 2
395 462
1 15 2
4 214
1 12 2
34 214
1 11 2
132 157
1 12 2
309 336
1 15 2
119 207
1 9 2
269 432
1 9 2
184 279
1 3 2
31 362
1 3 2
189 300
1 12 2
84 138
1 12 2
93 227
1 7 2
13 496
1 11 2
338 464
1 12 2
61 346
1 6 2
156 486
1 10 2
230 422
1 14 2
294 370
1 7 2
71 79
1 5 2
181 266
1 6 2
89 218
1 5 2
395 457
1 3 2
66 443
1 12 2
191 319
1 5 2
38 256
1 15 2
305 313
1 6 2
43 109
1 12 2
1 346
1 11 2
385 449
1 11 2
121 201
1 7 2
7 178
1 6 2
248 356
1 13 2
352 444
1 2 2
108 225
1 13 2
20 64
1 10 2
31 185
1 14 2
133 497
1 10 2
167 216
1 2 2
22 178
1 11 2
185 369
1 10 2
73 482
1 9 2
64 149
1 11 2
1 221
1 13 2
50 177
1 9 2
169 395
1 11 2
13 144
1 15 2
236 365
1 14 2
140 223
1 10 2
343 386
1 12 2
240 407
1 13 2
127 248
1 8 2
419 447
1 5 2
354 377
1 5 2
231 387
1 4 2
180 261
1 2 2
131 232
1 3 2
226 302
1 3 2
50 77
1 5 2
89 383
1 9 2
25 197
1 7 2
335 389
1 6 2
231 324
1 13 2
96 169
1 12 2
64 233
1 15 2
166 321
1 11 2
35 200
1 15 2
150 365
1 8 2
443 491
1 4 2
169 364
1 6 2
247 427
1 13 2
251 477
1 9 2
169 459
1 14 2
382 383
1 7 2
7 432
1 13 2
121 157
1 3 2
115 288
1 15 2
312 478
1 11 2
20 415
1 6 2
102 393
1 14 2
348 442
1 10 2
195 230
1 3 2
90 422
1 3 2
151 456
1 7 2
2 202
1 13 2
231 275
1 15 2
184 443
1 3 2
134 356
1 2 2
158 230
1 14 2
197 371
1 14 2
77 211
1 2 2
141 468
1 8 2
53 228
1 13 2
221 390
1 15 2
71 188
1 12 2
22 72
1 13 2
71 304
1 4 2
383 388
1 3 2
95 466
1 13 2
9 477
1 14 2
230 405
1 14 2
342 390
1 10 2
176 325
1 12 2
134 187
1 7 2
267 289
1 7 2
105 432
1 5 2
222 277
1 2 2
179 440
1 13 2
242 497
1 11 2
289 403
1 11 2
44 158
1 3 2
139 324
1 4 2
128 209
1 8 2
113 292
1 11 2
188 496
1 5 2
67 442
1 5 2
256 278
1 11 2
18 203
1 5 2
43 477
1 10 2
194 199
1 6 2
319 359
1 3 2
9 194
1 10 2
80 221
1 8 2
372 474
1 12 2
22 471
1 5 2
346 419
1 3 2
249 400
1 14 2
364 451
1 8 2
213 432
1 2 2
136 271
1 13 2
230 457
1 10 2
73 320
1 2 2
350 492
1 5 2
1 441
1 14 2
68 486
1 9 2
160 271
1 7 2
47 441
1 6 2
61 477
1 9 2
160 269
1 3 2
124 495
1 12 2
89 448
1 5 2
26 496
1 8 2
218 254
1 14 2
263 463
1 8 2
291 454
1 3 2
171 354
1 6 2
28 358
1 9 2
6 385
1 13 2
333 353
1 7 2
355 416
1 14 2
52 344
1 2 2
195 322
1 6 2
109 215
1 9 2
109 117
1 13 2
12 320
1 15 2
115 398
1 12 2
133 219
1 10 2
118 152
1 13 2
95 158
1 3 2
133 455
1 12 2
182 239
1 7 2
45 289
1 5 2
138 351
1 15 2
211 395
1 13 2
100 197
1 6 2
207 451
1 14 2
33 184
1 8 2
10 459
1 5 2
257 274
1 2 2
11 161
1 6 2
39 204
1 12 2
365 412
1 3 2
333 419
1 13 2
60 142
1 3 2
351 365
1 12 2
0 50
1 7 2
390 424
1 10 2
61 157
1 3 2
137 211
1 4 2
63 321
1 11 2
182 311
1 11 2
45 447
1 12 2
240 261
1 8 2
65 460
1 4 2
302 369
1 8 2
19 265
1 9 2
48 213
1 7 2
81 405
1 8 2
43 423
1 9 2
179 344
1 8 2
17 69
1 12 2
281 448
1 4 2
84 410
1 3 2
435 485
1 12 2
252 284
1 3 2
20 259
1 13 2
213 320
1 4 2
242 361
1 15 2
21 158
1 11 2
410 488
1 9 2
290 475
1 9 2
69 87
1 11 2
253 263
1 6 2
236 285
1 10 2
11 123
1 10 2
155 483
1 12 2
0 317
1 4 2
99 169
1 14 2
262 357
1 12 2
12 38
1 6 2
92 194
1 4 2
179 189
1 13 2
140 293
1 14 2
34 95
1 11 2
356 469
1 11 2
149 397
1 15 2
110 309
1 14 2
102 158
1 10 2
462 486
1 2 2
387 393
1 11 2
19 44
1 14 2
121 273
1 12 2
113 326
1 15 2
148 293
1 11 2
150 224
1 6 2
28 442
1 5 2
48 106
1 13 2
198 215
1 14 2
301 409
1 2 2
197 460
1 12 2
47 214
1 10 2
76 404
1 4 2
7 157
1 8 2
38 270
1 4 2
112 461
1 7 2
213 366
1 13 2
363 494
1 2 2
166 218
1 13 2
170 471
1 8 2
124 474
1 4 2
142 436
1 11 2
22 38
1 15 2
251 433
1 9 2
148 213
1 9 2
233 354
1 12 2
8 424
1 14 2
184 205
1 12 2
39 379
1 4 2
290 369
1 5 2
338 366
1 7 2
129 426
1 14 2
160 241
1 10 2
194 243
1 2 2
46 136
1 6 2
9 430
1 5 2
259 369
1 8 2
59 335
1 10 2
317 346
1 3 2
426 439
1 7 2
76 131
1 8 2
69 323
1 5 2
135 221
1 3 2
310 374
1 14 2
172 229
1 10 2
78 120
1 10 2
75 169
1 4 2
225 410
1 2 2
372 428
1 11 2
22 423
1 14 2
11 229
1 8 2
87 458
1 9 2
42 206
1 3 2
268 366
1 11 2
282 457
1 8 2
180 222
1 15 2
209 485
1 10 2
251 328
1 4 2
380 456
1 4 2
241 497
1 15 2
393 489
1 14 2
249 429
1 7 2
95 282
1 2 2
298 434
1 5 2
159 353
1 9 2
43 232
1 10 2
276 419
1 5 2
50 294
1 6 2
193 377
1 11 2
194 378
1 11 2
52 240
1 4 2
35 407
1 7 2
125 167
1 3 2
168 411
1 7 2
133 434
1 8 2
99 287
1 11 2
66 459
1 2 2
391 416
1 5 2
133 151
1 4 2
52 132
1 3 2
306 444
1 2 2
315 447
1 10 2
32 205
1 3 2
270 478
1 13 2
114 311
1 11 2
139 464
1 8 2
314 493
1 5 2
49 338
1 9 2
144 212
1 8 2
172 374
1 5 2
223 250
1 15 2
462 464
1 11 2
64 186
1 5 2
163 474
1 7 2
103 251
1 13 2
252 332
1 15 2
115 323
1 4 2
201 408
1 3 2
346 495
1 7 2
248 277
1 15 2
98 413
1 2 2
35 377
1 15 2
303 323
1 7 2
194 207
1 4 2
342 368
1 3 2
53 94
1 14 2
30 330
1 12 2
84 159
1 6 2
289 471
1 2 2
95 454
1 4 2
16 37
1 9 2
299 353
1 12 2
380 498
1 8 2
58 89
1 6 2
92 490
1 10 2
111 199
1 6 2
147 485
1 3 2
471 492
1 10 2
29 340
1 10 2
87 90
1 4 2
186 478
1 2 2
16 90
1 11 2
263 458
1 15 2
54 335
1 10 2
109 473
1 10 2
140 152
1 11 2
312 455
1 14 2
216 238
1 15 2
423 426
1 10 2
343 415
1 6 2
213 316
1 13 2
170 267
1 11 2
223 284
1 12 2
52 143
1 15 2
141 174
1 15 2
118 430
1 13 2
45 459
1 11 2
80 346
1 12 2
65 220
1 2 2
346 442
1 15 2
111 439
1 6 2
395 486
1 4 2
424 475
1 12 2
223 325
1 5 2
337 484
1 7 2
24 479
1 3 2
10 343
1 14 2
312 448
1 9 2
108 290
1 9 2
314 374
1 12 2
216 326
1 8 2
345 364
1 5 2
168 298
1 10 2
389 475
1 13 2
110 150
1 6 2
89 436
1 12 2
350 438
1 8 2
327 487
1 13 2
389 460
1 11 2
69 436
1 4 2
108 455
1 5 2
120 240
1 9 2
38 486
1 2 2
40 48
1 5 2
120 312
1 7 2
266 324
1 7 2
217 459
1 6 2
218 497
1 8 2
5 435
1 5 2
109 455
1 3 2
453 466
1 10 2
139 166
1 11 2
383 425
1 12 2
7 449
1 4 2
332 428
1 7 2
137 474
1 11 2
149 426
1 3 2
43 292
1 15 2
212 498
1 12 2
273 382
1 14 2
203 427
1 13 2
119 205
1 9 2
282 421
1 11 2
8 468
1 6 2
195 321
1 10 2
238 470
1 13 2
219 492
1 13 2
63 350
1 2 2
58 189
1 13 2
160 470
1 6 2
52 495
1 9 2
248 270
1 2 2
8 167
1 8 2
2 4
1 10 2
131 188
1 5 2
4 330
1 13 2
202 297
1 6 2
316 350
1 2 2
157 360
1 3 2
14 388
1 11 2
168 217
1 6 2
255 284
1 14 2
204 343
1 13 2
14 33
1 5 2
322 386
1 15 2
339 416
1 12 2
429 450
1 10 2
197 278
1 5 2
19 234
1 4 2
27 286
1 4 2
150 199
1 6 2
28 58
1 4 2
300 396
1 11 2
384 413
1 9 2
163 212
1 6 2
255 371
1 2 2
240 456
1 4 2
134 367
1 7 2
121 207
1 8 2
24 178
1 8 2
109 189
1 8 2
76 221
1 10 2
61 396
1 10 2
38 112
1 13 2
14 453
1 9 2
149 201
1 15 2
50 359
1 13 2
228 305
1 8 2
90 125
1 2 2
170 188
1 10 2
98 148
1 10 2
16 34
1 3 2
156 408
1 11 2
73 443
1 4 2
209 489
1 3 2
77 282
1 3 2
30 41
1 8 2
134 144
1 13 2
264 474
1 8 2
28 238
1 6 2
97 140
1 10 2
129 167
1 5 2
71 469
1 5 2
383 409
1 12 2
55 275
1 13 2
369 425
1 7 2
7 370
1 12 2
203 498
1 15 2
276 480
1 15 2
396 421
1 14 2
341 472
1 4 2
122 307
1 12 2
243 427
1 2 2
109 230
1 3 2
175 324
1 5 2
341 473
1 14 2
245 387
1 3 2
65 269
1 9 2
5 41
1 5 2
337 414
1 6 2
301 484
1 12 2
22 271
1 12 2
43 219
1 7 2
13 335
1 12 2
168 331
1 14 2
141 245
1 10 2
95 125
1 2 2
330 389
1 8 2
15 420
1 15 2
110 476
1 7 2
232 295
1 3 2
120 465
1 9 2
9 319
1 10 2
106 237
1 14 2
420 480
1 11 2
10 453
1 11 2
253 400
1 14 2
105 191
1 7 2
117 403
1 3 2
66 176
1 7 2
43 406
1 10 2
307 456
1 2 2
68 297
1 14 2
24 340
1 4 2
114 354
1 5 2
388 454
1 5 2
20 252
1 10 2
396 439
1 13 2
309 442
1 5 2
372 390
1 12 2
57 224
1 3 2
283 471
1 8 2
50 364
1 2 2
221 339
1 6 2
27 157
1 8 2
348 477
1 10 2
362 364
1 14 2
309 455
1 13 2
23 247
1 6 2
138 491
1 10 2
295 492
1 4 2
344 401
1 2 2
141 192
1 3 2
133 302
1 2 2
51 104
1 11 2
360 473
1 6 2
122 414
1 11 2
46 55
1 8 2
335 441
1 3 2
106 430
1 6 2
118 382
1 6 2
103 242
1 8 2
448 461
1 5 2
46 167
1 9 2
268 327
1 11 2
119 276
1 6 2
107 199
1 15 2
365 449
1 9 2
15 401
1 14 2
89 476
1 11 2
251 352
1 6 2
409 434
1 7 2
443 460
1 11 2
48 222
1 4 2
30 239
1 2 2
287 449
1 6 2
318 394
1 6 2
199 305
1 6 2
187 447
1 6 2
218 485
1 13 2
99 342
1 8 2
39 428
1 11 2
130 400
1 7 2
44 495
1 10 2
98 365
1 5 2
367 442
1 7 2
160 294
1 13 2
139 253
1 14 2
162 353
1 4 2
203 415
1 2 2
151 156
1 15 2
322 366
1 9 2
91 421
1 14 2
39 458
1 11 2
348 383
1 7 2
7 244
1 3 2
97 185
1 14 2
22 122
1 15 2
283 466
1 3 2
78 320
1 15 2
50 180
1 5 2
31 493
1 13 2
32 365
1 13 2
35 109
1 3 2
5 478
1 6 2
29 167
1 10 2
322 345
1 15 2
150 461
1 5 2
130 431
1 15 2
226 279
1 10 2
81 485
1 7 2
219 417
1 12 2
0 95
1 15 2
455 458
1 14 2
184 448
1 4 2
160 175
1 6 2
363 367
1 11 2
195 335
1 2 2
12 347
1 10 2
162 298
1 5 2
85 237
1 14 2
210 282
1 14 2
121 224
1 8 2
377 439
1 13 2
316 481
1 7 2
35 401
1 3 2
416 472
1 11 2
316 345
1 6 2
275 393
1 4 2
4 132
1 6 2
381 498
1 13 2
70 431
1 8 2
195 315
1 5 2
119 408
1 7 2
82 132
1 10 2
45 221
1 8 2
277 355
1 3 2
289 409
1 7 2
120 373
1 2 2
159 357
1 14 2
348 467
1 15 2
5 469
1 12 2
293 493
1 5 2
194 427
1 3 2
421 437
1 4 2
184 451
1 13 2
7 182
1 13 2
113 166
1 8 2
164 348
1 9 2
71 336
1 7 2
205 219
1 7 2
267 466
1 8 2
403 431
1 8 2
140 465
1 15 2
386 414
1 7 2
365 414
1 5 2
430 499
1 8 2
170 447
1 12 2
4 150
1 7 2
419 449
1 3 2
143 325
1 2 2
327 348
1 7 2
404 428
1 15 2
71 482
1 9 2
275 441
1 10 2
188 492
1 10 2
28 190
1 5 2
48 413
1 15 2
19 243
1 12 2
388 442
1 8 2
142 190
1 9 2
349 433
1 14 2
92 443
1 6 2
128 480
1 4 2
201 356
1 4 2
358 364
1 7 2
206 491
1 9 2
340 363
1 3 2
15 241
1 9 2
143 236
1 15 2
121 143
1 11 2
14 392
1 12 2
61 156
1 10 2
137 181
1 12 2
228 266
1 5 2
311 314
1 8 2
17 134
1 11 2
472 485
1 2 2
274 344
1 9 2
263 485
1 5 2
465 495
1 3 2
5 369
1 4 2
160 485
1 14 2
204 337
1 12 2
55 121
