500 3000 2500
6 24 9 12 21 10 19 23 22 6 14 7 18 16 24 22 23 23 8 11 16 24 10 25 10 5 10 19 11 15 10 7 19 23 25 8 20 10 21 10 25 23 6 24 7 14 5 22 25 8 18 8 21 8 11 24 16 21 21 14 8 5 14 13 6 7 7 10 23 14 18 25 23 19 9 12 12 22 19 17 23 21 8 21 5 21 10 8 23 21 17 7 23 21 17 6 14 15 6 25 22 7 10 7 5 12 15 24 5 5 11 14 7 9 23 15 7 16 16 16 7 24 14 17 15 14 20 10 17 21 21 22 11 7 22 14 5 25 18 6 21 9 19 25 24 8 24 14 18 25 6 25 24 18 10 25 5 6 15 11 19 17 6 21 13 11 11 19 13 13 6 8 6 17 12 20 5 24 16 14 20 8 14 12 10 14 24 11 11 16 24 22 19 25 11 20 6 6 20 18 8 23 24 23 11 5 22 11 7 24 14 22 7 22 19 12 7 22 7 18 7 17 11 17 15 11 6 8 12 25 16 12 15 10 14 22 24 13 23 19 17 17 7 8 15 9 14 22 6 14 9 13 25 19 6 8 21 23 22 22 20 6 7 19 25 20 9 18 23 9 23 23 5 5 14 13 11 18 11 9 16 5 5 25 18 8 24 20 17 7 24 21 8 15 17 12 10 16 18 18 20 23 9 18 8 10 23 20 5 11 12 13 12 11 15 17 19 17 5 11 25 13 23 22 6 18 18 24 7 17 21 10 22 5 13 24 14 21 18 17 8 6 14 7 5 9 6 13 8 13 21 24 22 17 6 25 14 17 17 18 14 7 25 14 17 8 8 23 24 14 20 8 18 19 6 5 7 20 19 24 9 6 21 11 16 18 13 6 11 11 17 15 21 5 17 22 18 11 16 25 17 22 18 9 8 5 23 5 10 17 22 23 13 7 7 12 5 8 15 18 25 17 22 25 15 22 10 23 5 16 16 23 22 11 19 8 11 7 19 19 15 22 20 25 6 15 22 21 13 9 10 11 19 11 24 24 25 23 8 19 14 5 13 9 6 13 13 5 9 23 23 13 10 15 8 22 20 18 11 18 21 9 16 17 20 13 9 13 15 19 10 15 23 20 16 6 18 20 16 7
15 20 20 7 10 9 15 13 19 6 11 3 10 20 19 19 16 15 9 9 14 7 13 12 3 3 7 20 9 17 20 14 4 6 13 9 17 10 15 15 7 11 12 14 5 13 8 18 11 7 19 18 7 3 8 17 18 16 7 5 13 9 18 17 12 20 9 8 12 8 14 19 10 10 4 4 7 17 5 9 19 8 18 11 20 15 5 11 9 14 11 20 7 15 7 9 9 11 15 18 13 7 8 16 8 18 10 8 13 10 3 12 7 11 5 13 16 16 4 13 18 9 11 14 11 5 5 5 20 17 6 16 13 3 10 17 13 7 6 14 14 5 13 14 6 5 12 16 5 11 7 7 6 10 7 12 20 3 5 3 8 8 12 13 5 4 14 8 20 10 9 10 14 16 20 3 20 13 11 5 5 9 10 4 16 15 11 7 14 10 8 20 5 14 4 11 4 15 8 7 13 9 10 8 19 10 7 7 14 19 4 20 18 3 3 11 19 14 4 17 3 13 9 9 13 17 7 13 17 13 5 20 10 19 3 14 7 10 7 11 15 5 12 11 13 19 5 8 18 20 7 18 12 20 20 5 18 20 7 5 17 11 4 6 20 3 5 17 16 15 15 14 20 6 10 4 15 12 10 5 6 14 10 18 18 3 13 11 12 17 16 4 5 18 4 8 7 4 12 6 5 3 5 15 13 3 9 12 8 12 12 17 16 5 9 19 11 6 4 4 10 5 15 9 3 7 5 19 4 3 18 20 5 16 11 16 9 6 10 18 12 20 19 6 18 10 10 13 3 16 13 12 19 14 8 15 7 11 12 13 14 10 18 18 14 10 12 3 18 15 17 11 20 15 6 4 12 17 10 7 19 6 18 18 17 9 13 11 13 5 12 10 16 20 16 5 8 11 9 12 11 17 3 20 11 20 9 14 13 18 5 17 13 3 4 8 3 10 4 18 7 8 20 20 10 18 12 5 17 7 14 11 17 18 3 11 18 18 19 18 11 8 17 19 3 8 5 10 12 11 7 17 8 14 8 17 17 8 13 16 15 16 16 16 4 5 3 6 3 14 15 9 3 17 17 15 10 15 10 10 18 13 16 14 16 14 5 19 9 10 17 7 16 17 4 13 4 17 20 19
1 2 2
20 262
1 2 2
361 478
1 14 2
133 492
1 10 2
236 271
1 10 2
364 384
1 12 2
201 496
1 2 2
78 385
1 12 2
116 228
1 6 2
74 373
1 2 2
285 414
1 12 2
169 344
1 5 2
283 322
1 3 2
49 84
1 11 2
277 447
1 10 2
42 64
1 4 2
117 359
1 3 2
113 413
1 4 2
1 453
1 3 2
189 385
1 6 2
186 369
1 9 2
235 323
1 10 2
120 221
1 13 2
15 481
1 6 2
141 469
1 6 2
280 292
1 4 2
74 434
1 13 2
279 418
1 13 2
318 355
1 2 2
196 254
1 5 2
168 389
1 8 2
281 288
1 3 2
229 430
1 2 2
218 491
1 4 2
66 390
1 10 2
164 207
1 2 2
20 58
1 2 2
67 103
1 6 2
27 383
1 14 2
187 271
1 9 2
182 195
1 10 2
195 294
1 6 2
464 472
1 14 2
112 307
1 10 2
133 490
1 7 2
309 434
1 5 2
380 397
1 3 2
210 475
1 11 2
61 193
1 10 2
7 371
1 7 2
64 84
1 6 2
136 191
1 8 2
188 319
1 4 2
50 440
1 12 2
292 460
1 3 2
90 137
1 7 2
8 370
1 15 2
252 479
1 14 2
27 256
1 2 2
69 242
1 10 2
48 302
1 6 2
7 474
1 14 2
200 398
1 13 2
369 465
1 10 2
281 287
1 5 2
368 381
1 7 2
164 356
1 3 2
90 278
1 10 2
98 434
1 15 2
342 370
1 15 2
375 432
1 12 2
339 484
1 11 2
56 455
1 4 2
1 266
1 7 2
294 411
1 3 2
114 150
1 9 2
70 387
1 14 2
21 337
1 6 2
70 152
1 5 2
207 285
1 3 2
132 373
1 12 2
28 282
1 9 2
167 227
1 12 2
65 343
1 6 2
127 133
1 6 2
1 398
1 10 2
58 271
1 7 2
55 380
1 11 2
409 475
1 5 2
114 315
1 11 2
388 396
1 8 2
21 90
1 8 2
119 376
1 7 2
69 172
1 11 2
287 487
1 8 2
184 230
1 10 2
86 94
1 5 2
156 279
1 14 2
29 63
1 14 2
404 469
1 8 2
17 216
1 8 2
367 421
1 12 2
193 305
1 14 2
28 372
1 15 2
167 341
1 6 2
39 406
1 3 2
289 450
1 4 2
56 264
1 13 2
168 227
1 15 2
236 367
1 15 2
203 245
1 8 2
110 440
1 4 2
248 465
1 2 2
127 433
1 10 2
88 334
1 10 2
245 266
1 2 2
189 445
1 13 2
132 306
1 9 2
14 296
1 4 2
197 203
1 3 2
123 212
1 7 2
86 430
1 5 2
120 495
1 10 2
445 490
1 6 2
227 263
1 13 2
43 484
1 9 2
275 290
1 6 2
160 458
1 3 2
205 450
1 8 2
190 386
1 13 2
449 458
1 7 2
255 298
1 9 2
332 441
1 8 2
264 299
1 7 2
81 183
1 2 2
198 305
1 13 2
16 469
1 7 2
29 328
1 4 2
6 296
1 12 2
75 304
1 5 2
34 253
1 5 2
187 365
1 9 2
86 470
1 12 2
150 390
1 14 2
196 301
1 14 2
343 456
1 11 2
315 468
1 3 2
308 416
1 2 2
356 400
1 9 2
116 216
1 3 2
166 197
1 2 2
0 59
1 3 2
197 202
1 13 2
391 499
1 14 2
28 315
1 4 2
11 370
1 15 2
63 477
1 11 2
340 414
1 12 2
275 333
1 15 2
413 418
1 5 2
395 441
1 12 2
33 40
1 10 2
198 312
1 2 2
34 39
1 13 2
249 469
1 14 2
83 496
1 3 2
154 278
1 15 2
263 439
1 4 2
22 273
1 2 2
392 435
1 12 2
277 388
1 12 2
68 88
1 6 2
108 270
1 12 2
428 454
1 15 2
343 455
1 6 2
228 380
1 14 2
91 385
1 5 2
239 460
1 5 2
253 432
1 4 2
166 490
1 5 2
269 432
1 14 2
138 414
1 4 2
40 110
1 13 2
116 189
1 14 2
90 230
1 2 2
136 447
1 10 2
194 497
1 4 2
291 382
1 9 2
342 393
1 14 2
125 492
1 15 2
33 344
1 7 2
167 304
1 13 2
258 262
1 2 2
116 486
1 2 2
67 284
1 13 2
390 447
1 12 2
67 191
1 11 2
157 458
1 14 2
149 235
1 9 2
85 287
1 9 2
46 271
1 7 2
457 482
1 8 2
212 430
1 14 2
21 332
1 12 2
379 398
1 6 2
8 315
1 10 2
39 167
1 8 2
1 159
1 4 2
2 477
1 14 2
75 209
1 11 2
350 356
1 6 2
191 301
1 7 2
65 182
1 2 2
210 284
1 4 2
105 373
1 6 2
130 330
1 12 2
240 495
1 15 2
97 121
1 4 2
203 288
1 3 2
51 204
1 2 2
252 396
1 3 2
222 373
1 8 2
476 490
1 7 2
171 198
1 5 2
183 330
1 5 2
170 460
1 2 2
72 249
1 8 2
104 272
1 2 2
192 307
1 8 2
141 236
1 15 2
390 412
1 5 2
157 191
1 7 2
282 376
1 11 2
79 496
1 5 2
90 384
1 15 2
39 80
1 13 2
64 413
1 10 2
146 481
1 11 2
96 464
1 10 2
195 358
1 4 2
338 467
1 10 2
285 395
1 8 2
342 392
1 11 2
369 446
1 3 2
34 169
1 10 2
36 290
1 8 2
299 387
1 14 2
292 457
1 14 2
10 31
1 12 2
86 319
1 4 2
58 76
1 8 2
431 494
1 8 2
29 86
1 14 2
77 335
1 9 2
76 364
1 3 2
441 465
1 15 2
115 382
1 11 2
365 487
1 11 2
205 361
1 4 2
247 386
1 6 2
61 452
1 3 2
222 234
1 5 2
60 280
1 15 2
183 396
1 13 2
221 285
1 3 2
222 381
1 10 2
240 251
1 9 2
292 448
1 9 2
23 485
1 15 2
127 354
1 15 2
14 409
1 2 2
168 416
1 2 2
151 294
1 12 2
41 244
1 12 2
411 427
1 12 2
194 335
1 5 2
8 193
1 9 2
25 152
1 6 2
264 451
1 12 2
102 277
1 10 2
238 331
1 5 2
269 375
1 5 2
185 298
1 10 2
123 126
1 3 2
94 164
1 2 2
277 429
1 8 2
178 215
1 10 2
80 91
1 3 2
61 146
1 11 2
226 357
1 12 2
229 325
1 14 2
195 354
1 14 2
117 366
1 10 2
413 454
1 12 2
106 397
1 5 2
218 381
1 11 2
94 343
1 8 2
333 357
1 4 2
57 365
1 7 2
33 464
1 5 2
222 391
1 10 2
366 490
1 10 2
322 390
1 2 2
81 466
1 15 2
18 20
1 9 2
225 235
1 9 2
16 52
1 15 2
206 419
1 5 2
157 385
1 2 2
236 487
1 13 2
428 484
1 11 2
7 92
1 3 2
89 335
1 2 2
109 235
1 2 2
20 160
1 9 2
361 375
1 11 2
290 464
1 9 2
320 361
1 8 2
23 239
1 11 2
61 213
1 14 2
70 432
1 10 2
19 481
1 11 2
181 260
1 9 2
233 359
1 15 2
46 69
1 2 2
157 474
1 13 2
16 201
1 7 2
139 169
1 12 2
51 413
1 3 2
106 274
1 5 2
387 462
1 11 2
89 230
1 5 2
251 331
1 8 2
137 193
1 11 2
29 343
1 6 2
306 485
1 14 2
62 157
1 12 2
45 261
1 7 2
138 181
1 15 2
287 298
1 15 2
114 177
1 4 2
157 360
1 12 2
112 469
1 12 2
93 411
1 8 2
51 225
1 11 2
63 129
1 9 2
215 286
1 5 2
163 202
1 13 2
119 175
1 4 2
76 450
1 15 2
447 486
1 12 2
127 155
1 9 2
52 426
1 14 2
12 409
1 2 2
82 112
1 13 2
21 361
1 2 2
346 497
1 7 2
435 486
1 8 2
4 249
1 15 2
70 224
1 7 2
243 418
1 11 2
149 223
1 7 2
65 126
1 14 2
47 359
1 2 2
217 473
1 13 2
150 204
1 5 2
29 138
1 5 2
269 410
1 4 2
73 262
1 11 2
72 342
1 9 2
31 188
1 4 2
181 395
1 14 2
181 268
1 7 2
52 438
1 10 2
42 54
1 7 2
327 434
1 4 2
130 256
1 12 2
20 439
1 11 2
58 317
1 7 2
367 382
1 8 2
145 294
1 2 2
6 231
1 3 2
104 134
1 14 2
208 352
1 4 2
125 345
1 11 2
75 249
1 8 2
298 464
1 3 2
197 267
1 6 2
36 280
1 12 2
37 182
1 6 2
157 165
1 3 2
109 467
1 15 2
152 190
1 11 2
139 416
1 8 2
129 313
1 13 2
109 188
1 11 2
25 49
1 6 2
3 339
1 5 2
87 331
1 10 2
156 333
1 13 2
169 292
1 3 2
163 388
1 3 2
167 249
1 3 2
418 499
1 3 2
286 344
1 10 2
22 432
1 7 2
94 116
1 10 2
39 287
1 6 2
289 424
1 4 2
58 323
1 3 2
21 425
1 3 2
49 468
1 8 2
54 64
1 6 2
290 493
1 14 2
371 476
1 8 2
164 307
1 5 2
238 444
1 6 2
152 402
1 13 2
149 154
1 8 2
0 95
1 2 2
185 475
1 4 2
242 454
1 6 2
155 482
1 3 2
146 429
1 11 2
286 342
1 6 2
43 308
1 4 2
266 383
1 13 2
301 488
1 11 2
30 222
1 9 2
169 301
1 4 2
127 406
1 11 2
270 431
1 3 2
282 491
1 2 2
80 277
1 10 2
274 294
1 7 2
301 347
1 15 2
142 447
1 10 2
383 426
1 8 2
165 292
1 10 2
95 416
1 7 2
99 258
1 3 2
163 299
1 11 2
409 459
1 15 2
355 485
1 11 2
251 325
1 7 2
93 152
1 6 2
190 430
1 8 2
18 427
1 6 2
73 418
1 14 2
259 280
1 7 2
33 441
1 7 2
9 188
1 12 2
89 286
1 2 2
468 469
1 7 2
134 283
1 7 2
299 455
1 9 2
142 198
1 11 2
159 423
1 2 2
232 404
1 15 2
72 186
1 14 2
169 247
1 11 2
152 305
1 12 2
263 419
1 3 2
68 335
1 9 2
161 201
1 7 2
54 355
1 2 2
122 142
1 11 2
142 343
1 7 2
195 286
1 7 2
137 478
1 12 2
122 168
1 14 2
63 452
1 2 2
204 480
1 13 2
389 471
1 6 2
23 87
1 11 2
68 496
1 3 2
12 234
1 4 2
46 370
1 12 2
115 200
1 2 2
194 289
1 9 2
275 368
1 4 2
210 459
1 6 2
196 493
1 7 2
276 353
1 8 2
292 399
1 4 2
464 479
1 14 2
30 197
1 3 2
174 369
1 13 2
473 493
1 6 2
4 121
1 13 2
240 396
1 5 2
180 246
1 6 2
152 342
1 6 2
219 384
1 13 2
212 436
1 13 2
80 183
1 9 2
90 200
1 11 2
120 353
1 8 2
328 367
1 15 2
355 417
1 2 2
86 313
1 3 2
182 385
1 9 2
95 134
1 2 2
199 356
1 2 2
10 464
1 8 2
59 91
1 2 2
107 436
1 7 2
262 310
1 6 2
72 252
1 7 2
224 273
1 12 2
3 233
1 6 2
59 282
1 15 2
143 499
1 8 2
11 16
1 12 2
74 395
1 14 2
107 460
1 9 2
55 107
1 9 2
174 320
1 5 2
125 349
1 10 2
137 364
1 11 2
253 499
1 4 2
50 59
1 13 2
162 357
1 5 2
93 264
1 7 2
201 380
1 10 2
21 346
1 12 2
163 270
1 13 2
138 209
1 12 2
26 69
1 15 2
166 204
1 4 2
263 499
1 8 2
27 481
1 8 2
2 250
1 9 2
335 373
1 2 2
266 453
1 12 2
33 214
1 6 2
245 255
1 5 2
127 208
1 8 2
138 418
1 10 2
440 485
1 6 2
233 421
1 4 2
128 420
1 14 2
30 223
1 12 2
373 474
1 15 2
155 426
1 15 2
39 47
1 9 2
33 311
1 15 2
15 128
1 15 2
1 446
1 10 2
294 448
1 4 2
39 382
1 8 2
359 436
1 11 2
107 286
1 5 2
50 55
1 9 2
378 395
1 12 2
14 220
1 2 2
91 120
1 3 2
154 209
1 12 2
13 489
1 7 2
261 425
1 13 2
361 439
1 9 2
332 442
1 5 2
284 311
1 3 2
180 183
1 11 2
255 487
1 11 2
142 180
1 13 2
55 157
1 6 2
215 260
1 9 2
24 301
1 9 2
63 132
1 6 2
33 288
1 13 2
105 364
1 2 2
356 448
1 13 2
234 384
1 6 2
181 251
1 10 2
285 298
1 15 2
313 342
1 11 2
180 386
1 6 2
97 383
1 11 2
30 49
1 4 2
305 429
1 6 2
115 168
1 8 2
2 98
1 5 2
132 418
1 7 2
113 415
1 3 2
84 472
1 10 2
399 489
1 12 2
99 171
1 6 2
234 458
1 2 2
458 459
1 15 2
226 456
1 5 2
400 439
1 11 2
69 373
1 10 2
118 179
1 5 2
95 244
1 6 2
214 318
1 9 2
332 444
1 14 2
57 342
1 8 2
244 347
1 4 2
89 151
1 4 2
71 169
1 11 2
169 469
1 10 2
246 326
1 15 2
28 439
1 11 2
182 416
1 6 2
215 368
1 8 2
16 310
1 15 2
3 37
1 11 2
50 313
1 3 2
75 456
1 12 2
201 218
1 10 2
347 370
1 5 2
201 266
1 5 2
221 356
1 6 2
71 443
1 10 2
113 265
1 2 2
310 373
1 8 2
254 478
1 11 2
108 464
1 2 2
116 461
1 12 2
264 343
1 15 2
297 300
1 11 2
177 442
1 9 2
98 310
1 11 2
15 61
1 4 2
28 489
1 12 2
191 281
1 6 2
172 285
1 5 2
310 463
1 8 2
132 162
1 3 2
14 222
1 12 2
59 219
1 4 2
331 362
1 2 2
320 378
1 9 2
262 377
1 4 2
231 370
1 10 2
91 183
1 11 2
0 355
1 8 2
284 490
1 15 2
179 198
1 9 2
85 391
1 15 2
75 152
1 10 2
167 385
1 8 2
2 302
1 10 2
267 342
1 11 2
68 451
1 6 2
184 402
1 12 2
137 301
1 2 2
2 354
1 4 2
453 483
1 8 2
306 479
1 6 2
259 383
1 12 2
4 114
1 2 2
428 464
1 3 2
356 412
1 11 2
173 485
1 4 2
133 173
1 12 2
31 337
1 8 2
380 468
1 11 2
100 203
1 6 2
1 457
1 7 2
100 119
1 3 2
41 429
1 11 2
357 416
1 7 2
63 146
1 5 2
111 486
1 13 2
83 336
1 7 2
423 477
1 14 2
121 421
1 7 2
328 355
1 4 2
242 369
1 6 2
209 356
1 3 2
419 420
1 2 2
193 324
1 15 2
147 192
1 14 2
67 413
1 14 2
88 238
1 14 2
118 447
1 4 2
42 330
1 2 2
126 444
1 5 2
63 264
1 5 2
364 497
1 10 2
44 304
1 10 2
142 169
1 6 2
286 338
1 6 2
153 429
1 13 2
109 253
1 5 2
192 197
1 13 2
159 469
1 5 2
38 418
1 8 2
0 471
1 6 2
103 226
1 7 2
248 341
1 8 2
55 197
1 10 2
54 228
1 13 2
59 480
1 7 2
223 227
1 11 2
86 360
1 2 2
86 394
1 2 2
262 367
1 2 2
107 497
1 15 2
87 267
1 8 2
227 231
1 6 2
207 402
1 2 2
8 19
1 11 2
171 478
1 10 2
198 448
1 11 2
95 331
1 8 2
252 402
1 14 2
304 363
1 12 2
257 340
1 11 2
49 356
1 9 2
113 336
1 12 2
127 387
1 14 2
248 363
1 11 2
401 428
1 13 2
26 281
1 15 2
57 427
1 14 2
189 461
1 11 2
158 324
1 6 2
123 438
1 11 2
54 73
1 8 2
60 474
1 11 2
98 139
1 3 2
34 97
1 7 2
385 441
1 15 2
257 491
1 5 2
24 404
1 7 2
73 362
1 11 2
266 401
1 2 2
37 389
1 13 2
94 174
1 12 2
326 367
1 11 2
23 166
1 15 2
221 357
1 2 2
96 378
1 12 2
54 156
1 11 2
204 214
1 9 2
319 401
1 2 2
243 386
1 13 2
64 316
1 9 2
251 285
1 11 2
264 401
1 5 2
152 204
1 8 2
308 387
1 15 2
10 74
1 10 2
265 392
1 15 2
299 471
1 3 2
72 171
1 3 2
152 176
1 8 2
150 262
1 9 2
158 297
1 2 2
235 281
1 6 2
69 146
1 13 2
175 277
1 9 2
42 263
1 6 2
251 299
1 11 2
313 397
1 9 2
269 318
1 5 2
146 314
1 14 2
91 439
1 3 2
408 415
1 8 2
119 158
1 6 2
407 415
1 13 2
20 94
1 10 2
150 305
1 8 2
309 488
1 9 2
15 486
1 5 2
80 179
1 6 2
14 289
1 11 2
206 458
1 10 2
50 362
1 13 2
482 487
1 12 2
19 426
1 14 2
188 467
1 2 2
157 168
1 14 2
459 474
1 11 2
266 439
1 6 2
268 469
1 8 2
129 272
1 15 2
28 321
1 6 2
9 262
1 8 2
53 105
1 7 2
146 235
1 7 2
82 489
1 14 2
234 412
1 11 2
204 485
1 2 2
60 465
1 15 2
227 312
1 12 2
119 184
1 8 2
68 176
1 3 2
309 413
1 10 2
91 413
1 10 2
106 258
1 12 2
171 226
1 15 2
141 446
1 10 2
390 478
1 4 2
173 205
1 15 2
393 465
1 14 2
49 394
1 9 2
46 487
1 2 2
43 61
1 2 2
54 310
1 3 2
121 304
1 2 2
321 345
1 8 2
73 174
1 7 2
178 255
1 5 2
154 287
1 12 2
277 366
1 13 2
103 197
1 8 2
4 334
1 12 2
18 128
1 8 2
201 382
1 7 2
471 492
1 8 2
337 452
1 15 2
161 460
1 5 2
3 14
1 7 2
19 228
1 10 2
136 319
1 11 2
186 281
1 10 2
348 437
1 14 2
37 118
1 2 2
198 472
1 13 2
6 488
1 2 2
54 286
1 11 2
51 343
1 15 2
14 21
1 10 2
61 272
1 6 2
2 450
1 4 2
348 494
1 5 2
224 292
1 13 2
35 390
1 7 2
88 291
1 4 2
130 285
1 10 2
15 163
1 3 2
204 440
1 9 2
112 204
1 13 2
341 466
1 3 2
179 192
1 7 2
46 473
1 2 2
267 343
1 5 2
123 331
1 8 2
96 188
1 2 2
55 412
1 15 2
82 377
1 3 2
247 473
1 14 2
214 290
1 14 2
44 492
1 3 2
66 124
1 14 2
311 332
1 14 2
83 232
1 13 2
250 251
1 8 2
19 471
1 9 2
255 303
1 11 2
114 453
1 15 2
350 434
1 5 2
24 172
1 14 2
95 360
1 13 2
137 256
1 11 2
52 194
1 6 2
118 384
1 4 2
242 461
1 8 2
64 233
1 4 2
233 472
1 8 2
33 54
1 15 2
156 385
1 11 2
237 390
1 11 2
95 464
1 8 2
121 264
1 3 2
24 215
1 6 2
186 407
1 12 2
153 335
1 5 2
62 403
1 12 2
127 230
1 6 2
81 193
1 10 2
27 155
1 3 2
348 381
1 6 2
136 423
1 8 2
98 476
1 2 2
28 418
1 14 2
300 344
1 11 2
169 443
1 10 2
269 366
1 13 2
221 269
1 9 2
321 396
1 15 2
124 493
1 3 2
116 323
1 2 2
390 473
1 12 2
52 480
1 6 2
89 221
1 9 2
48 223
1 15 2
152 496
1 6 2
55 331
1 5 2
20 477
1 12 2
4 52
1 8 2
105 325
1 4 2
103 235
1 4 2
125 274
1 12 2
99 218
1 3 2
131 322
1 5 2
61 129
1 10 2
218 463
1 12 2
156 242
1 7 2
186 420
1 3 2
18 240
1 3 2
33 470
1 8 2
185 365
1 9 2
173 496
1 4 2
435 481
1 8 2
33 320
1 2 2
75 417
1 8 2
104 413
1 13 2
25 81
1 2 2
354 389
1 11 2
277 289
1 14 2
242 409
1 11 2
300 321
1 13 2
11 42
1 15 2
118 308
1 10 2
463 483
1 2 2
241 373
1 9 2
385 471
1 11 2
76 194
1 8 2
293 400
1 6 2
376 474
1 12 2
364 398
1 11 2
211 231
1 8 2
87 282
1 12 2
186 221
1 14 2
77 472
1 8 2
34 262
1 13 2
65 415
1 7 2
134 474
1 8 2
387 433
1 8 2
14 279
1 5 2
54 449
1 5 2
130 342
1 6 2
240 292
1 6 2
315 405
1 8 2
198 478
1 15 2
19 326
1 3 2
35 51
1 12 2
133 269
1 11 2
34 113
1 8 2
369 405
1 11 2
422 485
1 9 2
286 478
1 15 2
154 406
1 2 2
189 286
1 14 2
14 84
1 2 2
195 287
1 11 2
368 446
1 14 2
153 219
1 10 2
74 368
1 5 2
269 325
1 3 2
419 432
1 12 2
190 246
1 3 2
25 257
1 5 2
242 460
1 8 2
326 451
1 2 2
103 378
1 7 2
132 455
1 11 2
27 177
1 14 2
215 338
1 11 2
94 214
1 3 2
102 461
1 10 2
291 409
1 2 2
53 66
1 12 2
211 428
1 3 2
150 189
1 11 2
187 405
1 7 2
91 147
1 5 2
123 343
1 8 2
268 270
1 14 2
132 354
1 5 2
312 392
1 5 2
317 326
1 7 2
169 275
1 4 2
95 204
1 14 2
369 420
1 6 2
72 494
1 15 2
470 498
1 2 2
293 382
1 14 2
247 495
1 14 2
78 352
1 2 2
368 447
1 3 2
206 438
1 8 2
287 484
1 12 2
81 318
1 4 2
109 221
1 3 2
18 68
1 14 2
96 147
1 14 2
0 228
1 5 2
30 54
1 10 2
163 290
1 8 2
118 153
1 13 2
16 190
1 3 2
218 220
1 5 2
199 305
1 5 2
29 33
1 8 2
56 446
1 15 2
42 408
1 12 2
8 149
1 5 2
79 194
1 5 2
66 146
1 4 2
46 365
1 12 2
162 377
1 9 2
151 480
1 6 2
110 364
1 13 2
133 409
1 10 2
189 295
1 7 2
216 464
1 2 2
403 437
1 4 2
47 85
1 3 2
333 423
1 3 2
28 443
1 10 2
11 376
1 10 2
345 466
1 9 2
131 398
1 12 2
207 497
1 11 2
26 438
1 8 2
205 244
1 13 2
94 327
1 5 2
134 220
1 8 2
291 364
1 14 2
113 248
1 2 2
293 454
1 7 2
66 274
1 8 2
192 314
1 2 2
83 100
1 6 2
127 443
1 9 2
202 244
1 4 2
11 406
1 5 2
425 437
1 5 2
113 446
1 13 2
189 416
1 15 2
306 349
1 14 2
213 269
1 8 2
424 461
1 13 2
261 361
1 15 2
47 487
1 8 2
109 288
1 4 2
129 375
1 2 2
162 486
1 3 2
372 495
1 11 2
76 294
1 3 2
285 339
1 3 2
447 448
1 15 2
276 406
1 6 2
174 474
1 9 2
90 289
1 3 2
321 371
1 5 2
36 187
1 6 2
115 458
1 2 2
27 372
1 8 2
258 288
1 6 2
302 486
1 13 2
124 353
1 10 2
293 440
1 14 2
25 332
1 8 2
10 119
1 5 2
158 296
1 6 2
12 363
1 12 2
66 205
1 6 2
436 473
1 9 2
208 431
1 15 2
53 459
1 14 2
278 293
1 6 2
451 464
1 13 2
9 336
1 5 2
379 444
1 6 2
101 360
1 14 2
116 408
1 5 2
405 435
1 2 2
362 395
1 2 2
177 309
1 15 2
338 464
1 8 2
217 450
1 12 2
84 94
1 6 2
218 378
1 7 2
224 412
1 7 2
13 474
1 13 2
46 404
1 6 2
168 306
1 12 2
190 490
1 3 2
28 271
1 9 2
400 430
1 7 2
80 170
1 4 2
263 396
1 11 2
277 457
1 9 2
350 423
1 3 2
295 351
1 13 2
22 171
1 5 2
156 470
1 9 2
156 411
1 2 2
206 490
1 5 2
310 369
1 10 2
429 460
1 12 2
228 271
1 12 2
147 203
1 9 2
291 368
1 10 2
126 149
1 8 2
203 210
1 7 2
14 189
1 5 2
226 328
1 9 2
162 231
1 11 2
101 218
1 9 2
38 333
1 13 2
82 359
1 5 2
65 115
1 2 2
325 421
1 3 2
111 373
1 5 2
153 443
1 2 2
37 487
1 12 2
227 412
1 15 2
146 439
1 2 2
77 423
1 4 2
63 308
1 7 2
35 343
1 3 2
171 277
1 5 2
62 359
1 6 2
319 359
1 13 2
268 301
1 14 2
107 289
1 15 2
328 363
1 4 2
186 285
1 9 2
55 373
1 12 2
54 493
1 10 2
103 382
1 5 2
15 362
1 7 2
27 394
1 8 2
144 251
1 2 2
369 383
1 12 2
104 220
1 8 2
25 340
1 3 2
162 211
1 4 2
95 417
1 15 2
220 295
1 9 2
76 180
1 9 2
271 446
1 12 2
392 429
1 2 2
50 165
1 7 2
5 472
1 14 2
178 452
1 12 2
64 365
1 5 2
125 458
1 6 2
153 457
1 14 2
2 138
1 15 2
348 362
1 11 2
249 340
1 6 2
120 299
1 5 2
198 224
1 14 2
382 473
1 7 2
251 386
1 2 2
388 446
1 5 2
426 477
1 9 2
223 329
1 5 2
406 452
1 4 2
265 474
1 2 2
389 473
1 6 2
57 496
1 8 2
186 212
1 4 2
2 394
1 11 2
259 359
1 4 2
149 386
1 2 2
245 308
1 2 2
63 341
1 15 2
292 300
1 13 2
244 289
1 7 2
12 346
1 2 2
54 95
1 4 2
156 384
1 7 2
9 265
1 14 2
105 391
1 10 2
36 325
1 6 2
259 382
1 12 2
21 55
1 6 2
315 462
1 9 2
66 73
1 3 2
402 426
1 4 2
256 285
1 5 2
105 194
1 12 2
59 312
1 15 2
268 364
1 14 2
253 391
1 2 2
154 233
1 3 2
270 272
1 12 2
364 387
1 7 2
129 175
1 14 2
268 445
1 11 2
217 452
1 15 2
186 485
1 11 2
142 422
1 4 2
318 458
1 2 2
343 379
1 15 2
198 458
1 13 2
113 412
1 10 2
64 186
1 13 2
11 38
1 8 2
97 159
1 4 2
38 349
1 5 2
86 496
1 10 2
142 145
1 10 2
193 202
1 8 2
16 337
1 13 2
32 497
1 4 2
55 468
1 9 2
311 371
1 4 2
46 463
1 11 2
258 357
1 4 2
237 252
1 3 2
158 275
1 4 2
26 94
1 11 2
266 297
1 3 2
75 339
1 8 2
57 167
1 11 2
107 184
1 11 2
6 412
1 9 2
296 357
1 7 2
56 407
1 4 2
226 453
1 3 2
103 280
1 3 2
165 217
1 10 2
137 184
1 8 2
15 262
1 2 2
11 48
1 6 2
153 192
1 6 2
371 453
1 6 2
130 367
1 10 2
299 435
1 15 2
70 308
1 6 2
90 296
1 2 2
161 179
1 7 2
53 194
1 10 2
52 230
1 2 2
219 257
1 14 2
199 472
1 5 2
41 369
1 4 2
84 86
1 10 2
128 310
1 6 2
16 323
1 15 2
338 356
1 8 2
299 375
1 2 2
39 455
1 12 2
184 442
1 6 2
197 424
1 9 2
27 348
1 13 2
295 296
1 4 2
313 474
1 14 2
127 322
1 6 2
168 432
1 15 2
296 386
1 9 2
126 484
1 7 2
419 447
1 7 2
260 417
1 6 2
491 498
1 11 2
170 244
1 13 2
99 334
1 8 2
39 398
1 6 2
156 178
1 4 2
70 493
1 15 2
373 385
1 3 2
123 472
1 4 2
234 338
1 13 2
296 340
1 9 2
99 236
1 5 2
124 411
1 15 2
199 274
1 9 2
429 457
1 11 2
273 354
1 8 2
0 389
1 12 2
403 422
1 12 2
131 287
1 11 2
87 322
1 13 2
316 389
1 4 2
47 361
1 14 2
190 444
1 13 2
329 452
1 14 2
48 270
1 3 2
180 453
1 12 2
156 485
1 6 2
167 312
1 12 2
96 415
1 13 2
34 168
1 9 2
75 435
1 5 2
147 284
1 10 2
77 168
1 9 2
154 411
1 13 2
116 241
1 9 2
1 81
1 3 2
20 372
1 8 2
269 380
1 14 2
133 396
1 6 2
372 494
1 5 2
68 152
1 11 2
122 177
1 8 2
373 399
1 13 2
173 339
1 7 2
8 140
1 12 2
77 320
1 12 2
99 486
1 13 2
187 339
1 14 2
270 440
1 5 2
321 358
1 6 2
289 301
1 12 2
251 377
1 4 2
6 480
1 8 2
181 317
1 14 2
72 119
1 8 2
52 404
1 13 2
40 459
1 13 2
347 470
1 15 2
214 230
1 7 2
36 69
1 4 2
39 322
1 4 2
82 383
1 3 2
155 232
1 4 2
219 446
1 2 2
74 443
1 5 2
246 247
1 8 2
91 103
1 2 2
289 433
1 7 2
118 388
1 4 2
53 100
1 7 2
136 252
1 2 2
78 399
1 12 2
64 379
1 9 2
0 423
1 3 2
352 385
1 3 2
6 100
1 2 2
55 229
1 3 2
154 457
1 2 2
98 185
1 15 2
21 397
1 10 2
170 381
1 3 2
81 189
1 14 2
24 132
1 10 2
73 318
1 13 2
38 170
1 4 2
124 265
1 15 2
400 408
1 8 2
107 185
1 8 2
26 454
1 5 2
116 378
1 10 2
106 150
1 6 2
51 64
1 14 2
194 393
1 12 2
210 401
1 14 2
141 263
1 3 2
55 329
1 2 2
58 226
1 11 2
319 404
1 10 2
280 336
1 12 2
66 387
1 8 2
204 454
1 14 2
160 499
1 2 2
17 290
1 13 2
399 404
1 8 2
314 476
1 4 2
332 430
1 13 2
315 368
1 9 2
97 206
1 6 2
105 247
1 14 2
35 434
1 6 2
3 243
1 11 2
81 148
1 10 2
2 52
1 3 2
239 270
1 2 2
73 267
1 8 2
128 252
1 4 2
299 390
1 15 2
48 448
1 14 2
94 134
1 9 2
294 353
1 7 2
204 234
1 9 2
314 479
1 8 2
160 425
1 6 2
355 443
1 3 2
110 327
1 14 2
37 130
1 10 2
67 419
1 14 2
146 232
1 14 2
207 305
1 14 2
0 448
1 10 2
104 282
1 5 2
209 488
1 15 2
380 398
1 4 2
25 86
1 8 2
26 422
1 15 2
98 446
1 3 2
264 442
1 7 2
283 432
1 6 2
339 451
1 14 2
261 303
1 5 2
87 384
1 6 2
136 187
1 3 2
105 384
1 10 2
109 407
1 15 2
148 296
1 12 2
199 383
1 7 2
62 445
1 5 2
82 351
1 5 2
9 481
1 7 2
24 337
1 10 2
38 187
1 4 2
32 128
1 13 2
186 211
1 14 2
153 338
1 14 2
237 361
1 8 2
361 486
1 11 2
225 444
1 10 2
353 496
1 4 2
389 420
1 13 2
131 339
1 4 2
118 437
1 5 2
224 419
1 8 2
86 422
1 6 2
96 255
1 15 2
209 272
1 8 2
28 196
1 15 2
228 281
1 4 2
58 196
1 7 2
184 361
1 13 2
245 393
1 7 2
281 442
1 15 2
332 388
1 4 2
53 449
1 8 2
198 371
1 10 2
279 320
1 2 2
138 340
1 7 2
224 456
1 13 2
465 466
1 4 2
173 436
1 9 2
145 244
1 15 2
177 444
1 14 2
101 232
1 14 2
189 243
1 5 2
65 469
1 11 2
66 481
1 13 2
106 147
1 11 2
104 446
1 9 2
41 263
1 6 2
49 50
1 13 2
53 499
1 6 2
18 19
1 2 2
198 445
1 11 2
196 229
1 3 2
303 373
1 2 2
243 332
1 15 2
421 457
1 7 2
95 492
1 11 2
11 91
1 11 2
43 95
1 15 2
149 342
1 15 2
316 322
1 15 2
468 487
1 7 2
41 420
1 14 2
4 84
1 5 2
24 217
1 8 2
13 355
1 15 2
240 440
1 5 2
146 337
1 3 2
18 172
1 14 2
167 498
1 6 2
128 367
1 13 2
8 405
1 14 2
47 428
1 6 2
100 392
1 10 2
202 415
1 11 2
383 399
1 5 2
5 390
1 3 2
107 218
1 12 2
493 496
1 14 2
237 413
1 15 2
59 229
1 12 2
370 423
1 12 2
21 207
1 13 2
19 357
1 5 2
206 233
1 8 2
284 492
1 11 2
318 374
1 14 2
55 153
1 15 2
69 432
1 2 2
143 472
1 9 2
332 347
1 9 2
78 235
1 13 2
424 457
1 11 2
210 292
1 14 2
139 240
1 2 2
36 494
1 9 2
114 169
1 15 2
238 256
1 14 2
109 331
1 11 2
385 437
1 11 2
115 159
1 9 2
247 351
1 12 2
385 460
1 9 2
176 333
1 3 2
389 436
1 7 2
185 288
1 11 2
125 150
1 2 2
88 195
1 14 2
321 372
1 8 2
188 295
1 10 2
42 451
1 8 2
18 113
1 9 2
142 341
1 2 2
155 314
1 11 2
251 384
1 14 2
213 449
1 3 2
256 497
1 7 2
59 144
1 9 2
158 215
1 3 2
124 174
1 9 2
196 409
1 10 2
139 371
1 11 2
387 407
1 14 2
7 353
1 5 2
375 457
1 11 2
53 282
1 7 2
136 166
1 4 2
177 178
1 15 2
140 441
1 8 2
52 421
1 3 2
409 449
1 14 2
52 207
1 15 2
175 323
1 6 2
111 319
1 2 2
201 227
1 2 2
284 448
1 14 2
397 413
1 2 2
224 321
1 7 2
40 487
1 11 2
166 459
1 9 2
111 333
1 9 2
145 257
1 6 2
235 261
1 11 2
10 422
1 2 2
147 434
1 3 2
42 191
1 2 2
63 201
1 8 2
164 435
1 13 2
207 405
1 8 2
68 244
1 8 2
156 214
1 6 2
3 49
1 14 2
170 299
1 10 2
43 97
1 15 2
122 339
1 9 2
343 478
1 5 2
31 58
1 13 2
44 159
1 4 2
142 380
1 12 2
172 371
1 7 2
454 471
1 9 2
128 319
1 2 2
168 316
1 10 2
165 444
1 11 2
111 278
1 9 2
19 144
1 4 2
76 241
1 11 2
89 131
1 3 2
166 456
1 13 2
131 424
1 5 2
189 218
1 7 2
68 462
1 2 2
343 345
1 14 2
367 490
1 3 2
61 382
1 7 2
129 483
1 4 2
72 429
1 4 2
56 166
1 12 2
214 409
1 8 2
7 437
1 11 2
106 460
1 5 2
137 233
1 5 2
83 146
1 10 2
96 355
1 8 2
58 84
1 6 2
31 318
1 5 2
183 359
1 6 2
89 352
1 13 2
408 440
1 15 2
263 395
1 11 2
15 90
1 4 2
1 68
1 14 2
169 206
1 9 2
226 367
1 5 2
21 338
1 3 2
120 305
1 9 2
38 356
1 6 2
197 251
1 4 2
90 412
1 4 2
10 499
1 14 2
58 292
1 13 2
201 476
1 9 2
75 82
1 7 2
139 337
1 3 2
2 120
1 9 2
111 398
1 5 2
409 426
1 10 2
350 491
1 7 2
34 286
1 7 2
179 315
1 2 2
422 468
1 12 2
117 305
1 8 2
129 156
1 6 2
156 393
1 4 2
215 278
1 12 2
101 404
1 9 2
41 333
1 3 2
150 209
1 6 2
402 408
1 13 2
13 19
1 14 2
124 188
1 10 2
132 389
1 9 2
148 423
1 8 2
99 286
1 2 2
159 239
1 11 2
432 451
1 14 2
364 429
1 7 2
413 450
1 6 2
40 480
1 6 2
108 283
1 11 2
94 404
1 7 2
220 278
1 13 2
1 379
1 2 2
183 288
1 10 2
66 225
1 15 2
165 489
1 14 2
47 420
1 13 2
223 337
1 10 2
83 147
1 4 2
103 350
1 4 2
243 322
1 15 2
0 231
1 6 2
271 488
1 7 2
230 358
1 3 2
132 287
1 3 2
46 497
1 8 2
67 331
1 7 2
54 382
1 8 2
56 206
1 7 2
354 496
1 2 2
96 461
1 5 2
34 111
1 13 2
0 58
1 9 2
221 454
1 8 2
352 491
1 13 2
71 459
1 10 2
120 142
1 11 2
179 241
1 10 2
155 439
1 3 2
155 400
1 7 2
195 455
1 11 2
168 237
1 7 2
86 291
1 5 2
311 369
1 7 2
188 452
1 7 2
109 437
1 3 2
19 138
1 14 2
54 112
1 4 2
291 292
1 7 2
20 176
1 13 2
154 193
1 3 2
68 295
1 6 2
188 322
1 10 2
237 349
1 10 2
104 224
1 12 2
67 497
1 10 2
126 348
1 15 2
52 336
1 4 2
195 399
1 11 2
183 495
1 15 2
381 384
1 11 2
309 470
1 7 2
236 253
1 12 2
37 98
1 4 2
25 245
1 7 2
281 414
1 3 2
64 120
1 10 2
276 486
1 13 2
165 313
1 12 2
283 372
1 5 2
223 405
1 4 2
212 291
1 14 2
303 403
1 5 2
12 37
1 3 2
152 210
1 10 2
199 287
1 12 2
47 236
1 9 2
113 479
1 2 2
10 124
1 7 2
80 494
1 10 2
424 433
1 10 2
212 345
1 6 2
379 458
1 10 2
21 430
1 14 2
133 275
1 12 2
444 492
1 6 2
26 258
1 10 2
6 386
1 2 2
22 300
1 14 2
13 350
1 2 2
114 289
1 4 2
367 473
1 13 2
14 416
1 15 2
271 490
1 3 2
47 217
1 4 2
240 499
1 10 2
70 483
1 5 2
283 315
1 3 2
69 224
1 12 2
63 150
1 15 2
64 206
1 6 2
241 318
1 11 2
220 273
1 15 2
332 380
1 5 2
2 151
1 5 2
187 204
1 6 2
365 430
1 5 2
215 264
1 8 2
79 323
1 11 2
352 440
1 2 2
76 458
1 3 2
319 363
1 14 2
77 414
1 8 2
45 164
1 10 2
3 451
1 9 2
11 344
1 10 2
272 332
1 15 2
4 318
1 2 2
18 437
1 15 2
38 241
1 7 2
44 359
1 9 2
438 453
1 15 2
129 338
1 2 2
321 383
1 7 2
60 499
1 4 2
357 399
1 7 2
144 226
1 10 2
33 303
1 3 2
89 109
1 4 2
31 440
1 9 2
85 307
1 12 2
397 455
1 14 2
8 156
1 4 2
26 274
1 8 2
73 275
1 8 2
176 336
1 12 2
284 446
1 12 2
60 202
1 10 2
197 279
1 8 2
99 462
1 10 2
93 210
1 7 2
129 153
1 11 2
399 435
1 5 2
212 237
1 9 2
242 303
1 7 2
148 461
1 11 2
236 279
1 13 2
258 472
1 11 2
379 428
1 10 2
239 243
1 15 2
66 228
1 10 2
132 378
1 11 2
85 230
1 3 2
297 493
1 4 2
230 419
1 4 2
213 236
1 11 2
234 325
1 7 2
10 326
1 12 2
259 459
1 4 2
228 376
1 11 2
276 466
1 11 2
57 303
1 12 2
445 470
1 4 2
240 287
1 7 2
146 256
1 2 2
312 470
1 6 2
214 323
1 3 2
15 419
1 11 2
109 148
1 2 2
113 293
1 10 2
448 458
1 5 2
408 447
1 8 2
24 222
1 7 2
247 432
1 5 2
8 266
1 2 2
296 308
1 8 2
53 120
1 6 2
87 261
1 11 2
215 352
1 13 2
201 256
1 7 2
27 319
1 2 2
89 250
1 14 2
198 380
1 13 2
131 401
1 6 2
113 191
1 10 2
12 476
1 9 2
40 222
1 15 2
22 341
1 15 2
390 459
1 8 2
19 277
1 14 2
182 227
1 3 2
224 309
1 11 2
184 466
1 10 2
30 470
1 9 2
131 360
1 12 2
39 423
1 4 2
284 388
1 6 2
193 222
1 14 2
18 306
1 15 2
211 351
1 2 2
458 490
1 3 2
333 355
1 6 2
248 265
1 9 2
144 298
1 3 2
356 380
1 13 2
110 424
1 4 2
200 260
1 4 2
110 328
1 7 2
352 412
1 12 2
1 444
1 10 2
327 490
1 12 2
280 282
1 6 2
199 466
1 13 2
258 369
1 13 2
82 171
1 6 2
261 460
1 13 2
286 339
1 9 2
307 459
1 11 2
63 312
1 5 2
49 258
1 4 2
88 202
1 12 2
76 353
1 15 2
7 283
1 3 2
313 473
1 5 2
101 463
1 13 2
179 379
1 3 2
77 186
1 9 2
373 492
1 13 2
3 460
1 14 2
318 480
1 4 2
51 472
1 15 2
111 293
1 6 2
347 403
1 12 2
78 480
1 12 2
192 214
1 9 2
170 405
1 12 2
236 261
1 4 2
331 468
1 3 2
53 89
1 14 2
213 493
1 10 2
413 432
1 3 2
166 317
1 13 2
215 265
1 8 2
172 435
1 11 2
79 206
1 3 2
158 239
1 12 2
205 328
1 12 2
86 214
1 6 2
34 271
1 12 2
189 431
1 14 2
244 248
1 2 2
59 259
1 12 2
103 117
1 14 2
24 44
1 12 2
202 432
1 3 2
19 142
1 9 2
176 232
1 6 2
187 438
1 14 2
15 298
1 4 2
10 234
1 12 2
70 114
1 13 2
29 375
1 5 2
366 400
1 12 2
396 416
1 4 2
148 275
1 3 2
287 360
1 9 2
326 487
1 4 2
75 256
1 4 2
320 487
1 3 2
153 441
1 8 2
31 349
1 13 2
41 98
1 7 2
228 452
1 6 2
97 257
1 13 2
15 318
1 10 2
384 489
1 10 2
190 319
1 8 2
140 414
1 3 2
256 466
1 3 2
186 401
1 3 2
52 79
1 6 2
118 271
1 8 2
66 346
1 15 2
229 399
1 15 2
292 474
1 14 2
51 218
1 5 2
55 265
1 9 2
62 397
1 15 2
148 279
1 14 2
45 186
1 7 2
127 395
1 11 2
138 300
1 13 2
182 239
1 6 2
148 363
1 5 2
370 484
1 13 2
31 68
1 9 2
272 485
1 9 2
133 365
1 2 2
88 271
1 4 2
4 136
1 2 2
22 306
1 15 2
266 277
1 7 2
256 451
1 3 2
344 359
1 11 2
163 356
1 12 2
88 345
1 10 2
408 443
1 4 2
184 347
1 7 2
233 405
1 10 2
270 283
1 14 2
399 420
1 13 2
247 440
1 3 2
71 182
1 10 2
212 464
1 15 2
113 249
1 7 2
337 443
1 13 2
284 392
1 15 2
97 129
1 8 2
300 302
1 4 2
350 374
1 5 2
37 112
1 6 2
193 304
1 4 2
414 440
1 5 2
88 230
1 7 2
272 389
1 13 2
146 417
1 13 2
451 473
1 8 2
167 306
1 12 2
186 274
1 14 2
240 368
1 3 2
15 137
1 3 2
221 326
1 11 2
86 203
1 12 2
195 226
1 6 2
38 416
1 5 2
13 499
1 2 2
87 100
1 13 2
17 281
1 9 2
281 496
1 7 2
11 407
1 14 2
30 117
1 12 2
185 227
1 11 2
323 397
1 11 2
142 494
1 13 2
95 479
1 12 2
62 405
1 4 2
39 450
1 9 2
290 294
1 10 2
85 265
1 3 2
306 325
1 5 2
285 311
1 10 2
145 465
1 10 2
285 374
1 10 2
107 368
1 3 2
52 455
1 13 2
139 161
1 8 2
244 255
1 12 2
74 470
1 7 2
57 257
1 6 2
63 491
1 12 2
144 399
1 11 2
244 418
1 6 2
314 430
1 13 2
120 386
1 7 2
314 421
1 6 2
60 147
1 10 2
286 311
1 10 2
73 300
1 2 2
119 267
1 10 2
187 247
1 9 2
3 146
1 8 2
2 189
1 14 2
76 91
1 7 2
130 166
1 4 2
283 295
1 7 2
53 98
1 8 2
103 283
1 13 2
103 172
1 13 2
79 255
1 8 2
121 295
1 7 2
219 497
1 9 2
168 295
1 7 2
179 454
1 15 2
360 467
1 3 2
312 315
1 3 2
80 304
1 10 2
256 279
1 6 2
81 366
1 7 2
0 420
1 8 2
293 302
1 13 2
324 498
1 10 2
347 390
1 4 2
368 397
1 15 2
133 404
1 10 2
132 201
1 3 2
141 419
1 11 2
116 326
1 7 2
411 432
1 3 2
367 441
1 9 2
160 246
1 15 2
285 340
1 12 2
11 318
1 9 2
337 492
1 10 2
322 419
1 13 2
442 471
1 11 2
361 457
1 5 2
345 496
1 5 2
276 434
1 3 2
48 399
1 7 2
239 415
1 15 2
70 249
1 2 2
39 45
1 7 2
66 204
1 2 2
98 421
1 14 2
163 458
1 7 2
255 434
1 10 2
241 411
1 15 2
101 359
1 11 2
262 404
1 13 2
150 295
1 13 2
125 260
1 14 2
61 257
1 2 2
81 278
1 3 2
87 419
1 4 2
429 464
1 15 2
47 117
1 10 2
5 127
1 7 2
97 200
1 7 2
302 360
1 3 2
66 256
1 10 2
250 330
1 13 2
326 436
1 12 2
289 448
1 7 2
39 464
1 2 2
121 350
1 15 2
175 226
1 15 2
12 212
1 9 2
37 465
1 13 2
290 401
1 2 2
71 490
1 3 2
18 409
1 2 2
175 380
1 2 2
13 419
1 13 2
135 165
1 11 2
92 122
1 7 2
80 268
1 12 2
84 445
1 11 2
57 222
1 14 2
138 353
1 11 2
103 353
1 15 2
114 300
1 11 2
42 237
1 9 2
329 464
1 8 2
13 159
1 12 2
224 446
1 13 2
182 232
1 8 2
108 116
1 6 2
377 385
1 5 2
195 297
1 12 2
435 465
1 5 2
299 499
1 8 2
154 450
1 14 2
147 291
1 8 2
31 353
1 11 2
95 449
1 2 2
25 101
1 4 2
173 209
1 12 2
245 304
1 9 2
237 315
1 13 2
253 301
1 3 2
22 457
1 2 2
254 398
1 2 2
351 452
1 5 2
178 486
1 6 2
66 401
1 14 2
339 347
1 2 2
96 156
1 6 2
187 356
1 15 2
106 278
1 11 2
142 454
1 13 2
43 188
1 5 2
59 320
1 11 2
267 294
1 2 2
200 346
1 2 2
39 396
1 14 2
17 56
1 14 2
42 132
1 4 2
210 414
1 12 2
387 481
1 2 2
411 490
1 4 2
87 131
1 5 2
463 473
1 12 2
170 261
1 14 2
18 434
1 13 2
355 470
1 13 2
56 293
1 7 2
138 416
1 3 2
69 197
1 11 2
416 437
1 13 2
129 222
1 7 2
330 489
1 4 2
471 485
1 8 2
23 105
1 9 2
350 396
1 12 2
96 249
1 8 2
19 223
1 11 2
97 380
1 10 2
24 162
1 12 2
24 66
1 7 2
366 417
1 11 2
54 302
1 10 2
297 488
1 9 2
247 406
1 6 2
3 349
1 10 2
55 252
1 3 2
208 318
1 13 2
111 279
1 3 2
40 126
1 9 2
12 359
1 4 2
121 435
1 8 2
136 448
1 10 2
29 387
1 6 2
130 418
1 7 2
229 237
1 14 2
42 474
1 6 2
142 349
1 15 2
248 276
1 2 2
468 476
1 5 2
121 202
1 13 2
88 309
1 2 2
339 498
1 15 2
84 433
1 6 2
99 222
1 6 2
87 281
1 7 2
69 487
1 15 2
124 223
1 12 2
183 299
1 9 2
166 334
1 4 2
14 382
1 9 2
201 281
1 11 2
364 468
1 13 2
277 341
1 14 2
254 321
1 13 2
79 481
1 10 2
73 287
1 7 2
41 357
1 6 2
325 392
1 7 2
80 403
1 6 2
161 385
1 2 2
480 493
1 15 2
278 462
1 4 2
338 384
1 10 2
165 259
1 2 2
12 386
1 8 2
186 283
1 9 2
223 453
1 13 2
260 379
1 6 2
25 83
1 13 2
133 248
1 3 2
160 491
1 4 2
12 318
1 12 2
16 212
1 5 2
260 415
1 12 2
13 137
1 4 2
273 432
1 8 2
235 386
1 3 2
114 422
1 6 2
15 338
1 3 2
269 397
1 9 2
42 256
1 10 2
52 405
1 11 2
409 489
1 2 2
71 87
1 11 2
166 176
1 8 2
150 281
1 11 2
48 264
1 6 2
83 425
1 10 2
207 362
1 2 2
193 232
1 5 2
150 257
1 9 2
128 477
1 5 2
18 354
1 8 2
82 98
1 12 2
325 460
1 14 2
150 395
1 5 2
249 406
1 2 2
215 238
1 14 2
9 13
1 4 2
194 363
1 12 2
315 352
1 3 2
63 485
1 14 2
30 36
1 11 2
57 115
1 10 2
124 268
1 11 2
9 74
1 6 2
104 288
1 5 2
207 225
1 3 2
276 464
1 13 2
342 482
1 6 2
12 77
1 13 2
488 494
1 3 2
109 462
1 7 2
113 322
1 7 2
224 288
1 5 2
221 281
1 9 2
86 182
1 7 2
368 401
1 14 2
77 133
1 4 2
94 306
1 12 2
170 296
1 6 2
111 387
1 4 2
124 232
1 11 2
111 302
1 15 2
73 371
1 3 2
40 280
1 8 2
74 377
1 2 2
134 280
1 11 2
400 436
1 5 2
86 425
1 13 2
286 455
1 4 2
27 206
1 3 2
2 57
1 3 2
111 114
1 13 2
76 178
1 6 2
71 455
1 3 2
2 310
1 12 2
203 487
1 2 2
250 475
1 9 2
17 384
1 11 2
22 329
1 13 2
73 97
1 13 2
241 388
1 12 2
390 417
1 14 2
153 415
1 7 2
328 388
1 7 2
158 291
1 10 2
74 394
1 7 2
2 51
1 12 2
75 206
1 10 2
60 138
1 2 2
237 444
1 5 2
129 154
1 5 2
272 286
1 7 2
102 123
1 13 2
419 496
1 7 2
308 310
1 12 2
298 396
1 7 2
140 225
1 7 2
29 204
1 9 2
3 383
1 7 2
242 495
1 10 2
116 254
1 4 2
2 262
1 15 2
26 173
1 15 2
186 495
1 11 2
97 431
1 2 2
320 397
1 3 2
11 144
1 4 2
69 219
1 14 2
239 410
1 14 2
296 416
1 15 2
161 287
1 8 2
330 440
1 7 2
168 387
1 6 2
22 471
1 7 2
411 418
1 11 2
138 193
1 11 2
67 354
1 14 2
45 249
1 12 2
11 379
1 11 2
405 464
1 14 2
163 280
1 10 2
188 254
1 7 2
90 411
1 4 2
220 230
1 15 2
263 437
1 15 2
138 313
1 6 2
17 404
1 8 2
111 448
1 14 2
50 328
1 8 2
336 371
1 3 2
210 296
1 15 2
403 488
1 4 2
329 352
1 13 2
418 465
1 8 2
19 380
1 9 2
94 124
1 14 2
205 245
1 14 2
76 132
1 7 2
86 137
1 14 2
65 258
1 4 2
8 275
1 12 2
116 417
1 6 2
332 486
1 3 2
110 387
1 3 2
109 369
1 12 2
272 402
1 15 2
38 116
1 5 2
68 369
1 9 2
191 478
1 14 2
229 336
1 9 2
55 184
1 3 2
152 233
1 10 2
154 470
1 14 2
155 295
1 13 2
261 441
1 3 2
86 448
1 4 2
204 217
1 9 2
145 436
1 3 2
123 227
1 10 2
81 170
1 8 2
360 400
1 12 2
196 317
1 15 2
93 310
1 4 2
188 217
1 5 2
311 392
1 2 2
137 430
1 6 2
143 466
1 14 2
278 442
1 15 2
5 358
1 12 2
49 175
1 15 2
238 316
1 11 2
26 124
1 7 2
195 476
1 4 2
401 480
1 14 2
163 447
1 8 2
132 143
1 2 2
6 111
1 8 2
201 418
1 5 2
26 430
1 10 2
143 475
1 2 2
173 295
1 6 2
214 238
1 11 2
82 258
1 8 2
147 496
1 6 2
233 317
1 6 2
38 485
1 5 2
402 479
1 15 2
29 403
1 4 2
99 419
1 12 2
255 489
1 9 2
227 444
1 3 2
239 353
1 2 2
54 354
1 5 2
401 462
1 13 2
141 372
1 9 2
241 478
1 12 2
151 425
1 11 2
57 136
1 12 2
47 472
1 13 2
284 316
1 2 2
451 463
1 6 2
44 108
1 2 2
318 431
1 9 2
25 313
1 9 2
276 489
1 4 2
144 465
1 9 2
48 118
1 3 2
108 197
1 12 2
260 336
1 3 2
226 434
1 4 2
38 238
1 10 2
130 359
1 10 2
328 459
1 15 2
363 465
1 8 2
150 488
1 14 2
50 60
1 13 2
318 415
1 12 2
14 238
1 12 2
65 184
1 4 2
142 474
1 4 2
253 359
1 13 2
25 114
1 6 2
42 483
1 2 2
363 456
1 2 2
336 438
1 14 2
126 463
1 14 2
27 160
1 2 2
365 476
1 3 2
4 406
1 11 2
22 136
1 15 2
84 184
1 15 2
23 65
1 3 2
107 441
1 2 2
226 362
1 13 2
174 442
1 2 2
143 205
1 6 2
19 421
1 14 2
0 137
1 14 2
44 286
1 7 2
288 341
1 15 2
34 424
1 11 2
22 371
1 8 2
232 491
1 10 2
265 313
1 6 2
21 150
1 5 2
142 379
1 10 2
90 255
1 13 2
369 459
1 11 2
264 356
1 3 2
306 318
1 8 2
251 309
1 11 2
259 378
1 4 2
36 65
1 7 2
213 217
1 4 2
439 492
1 15 2
308 426
1 2 2
289 368
1 6 2
135 456
1 6 2
117 434
1 4 2
313 372
1 7 2
130 176
1 3 2
47 203
1 6 2
119 207
1 4 2
207 259
1 3 2
89 481
1 14 2
164 453
1 5 2
46 265
1 3 2
94 139
1 14 2
155 243
1 2 2
44 233
1 3 2
390 483
1 8 2
82 339
1 2 2
108 498
1 13 2
357 489
1 13 2
63 472
1 15 2
63 194
1 11 2
202 394
1 3 2
390 395
1 11 2
182 339
1 8 2
8 262
1 13 2
237 464
1 15 2
208 244
1 10 2
8 480
1 13 2
185 281
1 4 2
408 416
1 11 2
46 197
1 10 2
30 365
1 13 2
6 458
1 5 2
50 337
1 11 2
124 467
1 10 2
337 429
1 4 2
255 294
1 8 2
233 439
1 12 2
202 240
1 8 2
125 210
1 7 2
33 412
1 9 2
199 277
1 12 2
107 306
1 6 2
162 444
1 9 2
272 296
1 2 2
30 112
1 5 2
291 444
1 4 2
117 150
1 14 2
13 186
1 9 2
57 266
1 5 2
15 261
1 10 2
241 428
1 7 2
80 287
1 10 2
279 439
1 2 2
180 238
1 12 2
188 219
1 7 2
207 435
1 14 2
352 428
1 12 2
12 92
1 4 2
27 109
1 13 2
118 430
1 2 2
351 372
1 5 2
352 448
1 7 2
189 395
1 11 2
221 280
1 9 2
457 485
1 8 2
67 319
1 5 2
19 149
1 11 2
101 376
1 13 2
266 459
1 6 2
184 334
1 12 2
293 352
1 15 2
29 160
1 9 2
416 481
1 7 2
110 151
1 5 2
51 173
1 8 2
11 157
1 5 2
111 434
1 12 2
214 220
1 5 2
350 400
1 4 2
241 304
1 8 2
274 398
1 10 2
24 452
1 14 2
88 446
1 7 2
214 223
1 9 2
54 263
1 4 2
45 335
1 4 2
248 324
1 10 2
20 96
1 13 2
248 286
1 10 2
4 150
1 2 2
52 385
1 13 2
112 197
1 11 2
169 234
1 13 2
20 23
1 8 2
340 485
1 2 2
274 278
1 4 2
414 478
1 11 2
132 311
1 11 2
48 395
1 5 2
150 387
1 7 2
210 338
1 9 2
238 288
1 13 2
111 248
1 11 2
109 172
1 14 2
33 213
1 12 2
322 347
1 6 2
303 322
1 15 2
398 452
1 12 2
311 401
1 9 2
376 431
1 5 2
446 474
1 13 2
26 280
1 10 2
228 288
1 9 2
109 128
1 8 2
78 418
1 6 2
82 120
1 11 2
31 475
1 13 2
238 263
1 7 2
42 441
1 15 2
195 341
1 15 2
389 417
1 15 2
263 303
1 4 2
230 463
1 15 2
211 475
1 4 2
256 329
1 11 2
161 368
1 8 2
269 436
1 13 2
92 308
1 5 2
147 494
1 6 2
88 392
1 10 2
95 109
1 12 2
73 164
1 15 2
21 463
1 3 2
239 331
1 10 2
90 360
1 9 2
272 434
1 15 2
56 471
1 8 2
177 364
1 5 2
268 406
1 13 2
4 241
1 3 2
438 461
1 14 2
187 376
1 7 2
231 266
1 7 2
140 442
1 13 2
192 366
1 9 2
152 328
1 7 2
78 318
1 6 2
338 491
1 12 2
437 465
1 10 2
78 441
1 12 2
232 313
1 13 2
204 237
1 2 2
431 451
1 15 2
235 336
1 14 2
247 264
1 13 2
101 201
1 2 2
95 419
1 13 2
143 452
1 9 2
240 360
1 13 2
28 171
1 7 2
286 319
1 3 2
13 220
1 5 2
131 258
1 8 2
21 309
1 7 2
80 324
1 8 2
124 177
1 12 2
25 68
1 15 2
284 479
1 13 2
81 387
1 9 2
376 437
1 4 2
35 280
1 14 2
366 384
1 15 2
42 70
1 10 2
271 467
1 13 2
357 456
1 14 2
75 243
1 15 2
188 445
1 6 2
196 251
1 11 2
25 113
1 15 2
138 481
1 15 2
203 226
1 7 2
270 359
1 11 2
136 225
1 6 2
311 482
1 9 2
111 363
1 2 2
82 414
1 7 2
144 473
1 4 2
30 77
1 2 2
211 223
1 13 2
226 247
1 15 2
158 319
1 15 2
32 51
1 8 2
120 165
1 4 2
288 394
1 3 2
272 496
1 7 2
335 427
1 9 2
58 404
1 3 2
30 202
1 3 2
333 494
1 9 2
159 395
1 4 2
318 481
1 10 2
273 306
1 9 2
121 232
1 7 2
109 461
1 4 2
162 305
1 13 2
304 434
1 8 2
259 410
1 3 2
183 230
1 9 2
18 207
1 3 2
365 382
1 2 2
63 463
1 7 2
122 150
1 11 2
62 149
1 2 2
9 66
1 2 2
0 327
1 8 2
334 419
1 10 2
4 409
1 5 2
78 365
1 12 2
116 423
1 11 2
13 171
1 13 2
241 352
1 8 2
116 398
1 13 2
45 275
1 12 2
285 384
1 11 2
88 273
1 3 2
222 273
1 13 2
73 335
1 2 2
39 283
1 11 2
192 461
1 9 2
335 387
1 11 2
106 349
1 7 2
43 162
1 11 2
10 249
1 15 2
114 190
1 13 2
139 488
1 14 2
134 192
1 12 2
200 262
1 12 2
59 417
1 14 2
140 226
1 8 2
291 407
1 8 2
215 256
1 13 2
279 394
1 6 2
70 82
1 12 2
43 458
1 14 2
20 72
1 7 2
195 461
1 5 2
13 60
1 3 2
184 282
1 10 2
127 491
1 11 2
61 341
1 10 2
76 181
1 7 2
325 475
1 13 2
121 203
1 2 2
310 400
1 11 2
25 242
1 6 2
275 348
1 3 2
39 416
1 3 2
281 354
1 15 2
7 345
1 10 2
54 343
1 11 2
320 385
1 13 2
227 471
1 7 2
398 470
1 9 2
37 338
1 2 2
198 325
1 4 2
12 309
1 14 2
249 331
1 3 2
106 479
1 7 2
108 398
1 9 2
383 408
1 5 2
27 174
1 13 2
74 100
1 7 2
295 329
1 14 2
160 184
1 2 2
101 103
1 10 2
44 206
1 11 2
426 459
1 8 2
96 445
1 6 2
331 425
1 4 2
81 319
1 15 2
77 259
1 8 2
363 408
1 7 2
167 475
1 10 2
214 356
1 5 2
131 189
1 8 2
200 349
1 2 2
13 205
1 2 2
36 145
1 3 2
110 288
1 13 2
101 196
1 8 2
16 428
1 7 2
132 209
1 3 2
23 431
1 2 2
360 371
1 7 2
427 461
1 5 2
70 241
1 9 2
130 397
1 13 2
15 278
1 15 2
231 490
1 15 2
20 429
1 13 2
194 460
1 13 2
11 65
1 5 2
336 463
1 14 2
51 242
1 14 2
45 155
1 6 2
194 237
1 14 2
190 436
1 14 2
324 489
1 10 2
71 305
1 15 2
76 321
1 8 2
93 140
1 11 2
22 344
1 6 2
49 274
1 15 2
126 268
1 5 2
56 207
1 14 2
170 458
1 10 2
393 416
1 3 2
271 440
1 8 2
121 247
1 12 2
360 381
1 11 2
279 341
1 2 2
46 351
1 11 2
278 325
1 15 2
27 314
1 3 2
278 309
1 4 2
177 454
1 12 2
258 487
1 14 2
422 492
1 2 2
25 146
1 12 2
92 496
1 7 2
272 456
1 4 2
23 392
1 2 2
37 252
1 13 2
93 469
1 13 2
75 335
1 8 2
47 142
1 2 2
150 461
1 7 2
280 370
1 2 2
17 259
1 2 2
128 399
1 10 2
358 380
1 5 2
73 151
1 2 2
421 440
1 8 2
171 490
1 8 2
331 379
1 4 2
136 338
1 11 2
104 290
1 13 2
57 131
1 3 2
316 440
1 15 2
332 443
1 11 2
0 86
1 3 2
283 354
1 12 2
368 442
1 9 2
7 153
1 10 2
213 490
1 6 2
30 304
1 9 2
58 203
1 3 2
119 280
1 12 2
112 328
1 3 2
321 434
1 9 2
147 487
1 9 2
289 302
1 4 2
348 414
1 14 2
23 394
1 4 2
63 158
1 9 2
335 482
1 7 2
49 436
1 5 2
323 375
1 14 2
92 144
1 7 2
337 497
1 7 2
141 232
1 11 2
177 358
1 5 2
111 226
1 2 2
219 467
1 2 2
242 357
1 2 2
14 31
1 11 2
290 320
1 7 2
377 486
1 9 2
174 421
1 11 2
249 497
1 4 2
354 456
1 10 2
137 403
1 12 2
86 380
1 10 2
135 478
1 15 2
339 491
1 4 2
64 339
1 15 2
142 204
1 12 2
34 347
1 13 2
324 449
1 12 2
95 285
1 8 2
392 410
1 11 2
349 406
1 4 2
24 204
1 6 2
30 219
1 10 2
323 337
1 6 2
217 388
1 14 2
136 486
1 2 2
42 428
1 13 2
119 448
1 12 2
68 278
1 11 2
436 469
1 13 2
32 336
1 7 2
339 389
1 12 2
142 187
1 3 2
132 359
1 2 2
190 191
1 2 2
218 494
1 4 2
456 466
1 5 2
116 295
1 5 2
187 406
1 2 2
250 471
1 9 2
175 278
1 12 2
442 452
1 8 2
73 485
1 7 2
203 333
1 13 2
93 317
1 13 2
248 457
1 6 2
63 75
1 10 2
281 333
1 8 2
227 415
1 3 2
135 350
1 4 2
240 404
1 9 2
47 127
1 10 2
23 255
1 13 2
230 290
1 9 2
296 381
1 11 2
151 454
1 7 2
284 346
1 7 2
20 355
1 13 2
2 284
1 12 2
189 462
1 3 2
5 498
1 14 2
110 430
1 8 2
72 182
1 15 2
89 416
1 12 2
347 410
1 3 2
89 309
1 14 2
133 370
1 12 2
77 164
1 14 2
135 479
1 11 2
186 265
1 7 2
199 254
1 9 2
5 70
1 12 2
112 126
1 4 2
316 383
1 6 2
356 395
1 8 2
279 466
1 9 2
254 408
1 15 2
168 267
1 5 2
52 153
1 10 2
287 445
1 15 2
244 444
1 8 2
355 362
1 11 2
370 392
1 15 2
131 331
1 8 2
253 395
1 8 2
201 365
1 2 2
127 144
1 13 2
248 483
1 15 2
279 332
1 14 2
75 189
1 14 2
15 190
1 3 2
254 264
1 8 2
399 460
1 13 2
263 413
1 4 2
189 299
1 6 2
30 288
1 7 2
59 440
1 2 2
66 260
1 6 2
160 476
1 10 2
147 437
1 6 2
301 384
1 8 2
284 295
1 10 2
101 429
1 10 2
176 251
1 15 2
199 324
1 4 2
65 486
1 3 2
118 201
1 2 2
209 486
1 15 2
291 322
1 9 2
95 304
1 10 2
156 205
1 7 2
217 251
1 3 2
1 160
1 13 2
85 192
1 14 2
421 451
1 4 2
14 423
1 14 2
60 317
1 3 2
288 296
1 11 2
85 421
1 8 2
49 333
1 11 2
128 346
1 12 2
151 153
1 7 2
77 482
1 15 2
339 466
1 3 2
116 258
1 5 2
102 117
1 2 2
41 68
1 4 2
6 217
1 2 2
98 123
1 9 2
198 301
1 11 2
57 402
1 11 2
29 211
1 4 2
142 352
1 5 2
41 480
1 12 2
217 349
1 13 2
161 453
1 2 2
186 428
1 11 2
163 469
1 9 2
81 84
1 5 2
354 493
1 3 2
183 427
1 10 2
92 178
1 3 2
417 482
1 4 2
7 479
1 13 2
417 425
1 14 2
229 465
1 12 2
205 424
1 13 2
47 105
1 5 2
393 473
1 14 2
228 237
1 3 2
194 351
1 13 2
177 221
1 3 2
203 391
1 10 2
14 254
1 11 2
56 259
1 5 2
10 457
1 4 2
100 366
1 7 2
19 31
1 8 2
218 284
1 10 2
170 342
1 2 2
264 318
1 15 2
18 280
1 15 2
227 466
1 13 2
45 234
1 3 2
27 114
1 7 2
332 461
1 12 2
45 98
1 12 2
296 348
1 11 2
246 435
1 3 2
256 402
1 14 2
217 415
1 6 2
144 419
1 4 2
9 82
1 8 2
120 185
1 12 2
347 433
1 4 2
218 224
1 12 2
306 467
1 3 2
271 277
1 10 2
206 439
1 2 2
5 135
1 4 2
137 251
1 2 2
323 366
1 5 2
65 202
1 10 2
372 383
1 5 2
302 465
1 6 2
281 499
1 7 2
50 487
1 8 2
278 327
1 15 2
473 487
1 11 2
369 432
1 8 2
229 365
1 13 2
28 482
1 12 2
64 74
1 15 2
146 475
1 5 2
120 209
1 8 2
62 354
1 9 2
190 343
1 13 2
232 288
1 7 2
8 439
1 11 2
220 362
1 4 2
258 271
1 8 2
90 135
1 9 2
185 347
1 14 2
72 323
1 14 2
94 239
1 4 2
219 416
1 11 2
331 453
1 9 2
203 489
1 3 2
296 458
