500 3000 2500
10 12 8 5 19 19 22 25 20 13 20 13 12 19 7 14 12 7 6 17 8 19 11 6 15 18 14 8 22 14 19 5 12 14 21 24 17 15 19 19 9 12 25 7 11 8 18 17 13 12 8 11 11 13 14 13 14 13 24 14 15 10 10 6 14 14 20 12 8 10 19 10 22 21 19 8 18 9 22 6 20 9 9 15 23 13 14 16 6 24 16 9 8 5 12 13 7 23 25 12 8 15 19 22 7 24 21 10 14 14 6 19 19 5 6 23 25 7 17 22 8 12 10 13 23 24 21 21 24 6 21 21 19 7 21 6 8 7 12 12 6 17 17 12 8 6 10 24 20 16 23 12 14 23 9 10 15 14 21 25 23 12 7 10 10 7 6 19 25 7 6 9 19 6 9 5 7 6 16 24 16 15 21 17 18 7 9 20 17 9 13 8 15 24 13 25 5 18 17 21 17 13 19 6 17 16 12 6 23 5 5 23 20 7 13 5 21 8 25 25 21 11 24 21 8 17 20 13 12 20 14 20 8 22 22 10 6 11 18 5 6 23 19 25 18 9 11 10 15 17 20 5 22 22 18 11 11 23 24 21 10 23 6 8 15 10 22 7 23 24 13 23 21 22 25 16 25 21 25 11 17 11 24 24 12 6 5 24 20 24 20 19 12 23 14 6 17 7 11 11 10 12 7 9 7 11 11 17 10 13 18 15 19 17 12 18 14 16 16 22 16 23 6 11 21 23 12 6 25 6 9 9 15 19 17 20 13 16 17 8 8 16 24 18 24 15 18 15 18 9 14 7 5 20 16 15 14 20 15 16 5 18 8 22 24 23 6 19 10 5 18 17 20 18 22 5 11 10 22 8 18 9 7 10 10 23 22 24 11 11 25 20 17 17 9 11 22 7 12 16 18 20 24 22 22 21 12 14 18 25 6 20 20 17 15 23 25 13 24 7 8 6 14 15 14 23 9 5 13 21 17 5 17 20 25 5 8 22 7 11 18 17 22 24 6 12 15 7 17 12 20 6 8 7 11 16 22 20 24 15 13 14 9 14 23 6 17 16 14 10 6 15 7 20 8 25 11 5 8 25 14 8 15 22 13 10 24 16 23 18 16 23 16 7 19 17 8 11 10 21
10 6 14 15 5 10 10 9 11 7 9 9 8 9 9 3 4 8 11 3 11 8 10 5 18 7 17 9 15 5 20 7 20 3 13 10 7 14 3 15 11 3 20 7 8 16 9 14 9 15 14 6 17 15 20 16 6 10 16 19 3 18 12 8 11 7 3 16 6 20 13 13 19 17 14 13 7 20 12 7 3 11 4 19 8 15 8 8 3 18 4 20 12 19 14 20 16 8 5 18 18 15 11 17 12 9 11 5 12 13 8 17 4 7 20 4 15 20 6 20 5 16 20 20 14 18 10 9 20 10 9 14 15 13 18 13 18 6 12 9 7 17 8 7 12 13 18 6 18 15 15 19 8 9 10 20 8 8 6 8 6 19 9 19 3 4 10 16 15 9 18 19 16 6 19 18 13 7 6 20 5 19 13 16 18 10 15 20 13 9 5 16 19 8 17 5 18 6 17 9 9 15 14 18 8 13 6 20 20 5 14 7 4 4 19 17 15 3 14 8 10 17 11 16 15 4 20 12 5 20 16 17 9 19 19 4 12 18 6 7 20 16 18 3 10 9 11 5 7 4 4 5 17 10 17 3 12 8 17 18 14 3 14 7 18 16 15 16 11 5 10 11 18 8 14 14 14 13 13 17 9 10 19 15 14 15 15 19 11 8 10 15 6 19 14 8 8 6 9 11 17 12 7 20 11 7 7 7 14 19 14 9 6 14 16 5 11 7 14 7 18 4 17 3 9 4 15 14 5 20 18 15 14 7 15 11 8 16 3 10 16 18 5 12 19 19 17 12 14 9 20 3 17 15 3 8 4 12 8 9 19 19 9 17 9 10 13 6 6 12 12 10 6 9 8 18 15 20 12 12 17 16 3 6 15 4 6 19 20 16 3 11 15 3 6 13 20 6 11 12 19 8 18 12 10 8 16 18 8 19 11 12 6 14 4 12 8 9 7 6 5 20 19 4 17 13 16 5 7 8 11 11 8 19 14 3 5 9 15 17 15 8 9 8 14 3 15 16 17 10 12 13 14 8 17 6 19 5 8 9 4 10 14 5 18 9 20 12 7 18 3 10 6 7 8 5 18 17 15 15 7 4 8 17 12 12 8 15 6 19 16 11 15 14 5 17 6 10 5 9
1 15 2
331 384
1 7 2
292 485
1 14 2
366 414
1 14 2
215 277
1 3 2
110 242
1 11 2
40 171
1 2 2
67 429
1 2 2
344 410
1 7 2
0 12
1 15 2
136 429
1 12 2
134 341
1 8 2
136 254
1 8 2
218 340
1 12 2
282 397
1 14 2
320 337
1 14 2
227 348
1 3 2
171 452
1 8 2
149 296
1 8 2
87 292
1 11 2
110 391
1 2 2
180 393
1 3 2
227 366
1 5 2
418 468
1 12 2
35 373
1 11 2
55 274
1 15 2
299 355
1 12 2
183 358
1 10 2
185 497
1 14 2
21 497
1 5 2
15 338
1 8 2
388 454
1 6 2
185 471
1 3 2
145 169
1 15 2
340 376
1 8 2
184 200
1 8 2
52 100
1 6 2
89 146
1 7 2
153 496
1 7 2
2 7
1 13 2
8 359
1 3 2
190 259
1 12 2
251 432
1 8 2
7 106
1 6 2
221 343
1 11 2
158 374
1 11 2
138 378
1 4 2
196 295
1 12 2
60 238
1 4 2
157 434
1 10 2
124 241
1 2 2
44 348
1 3 2
137 290
1 12 2
2 140
1 11 2
18 115
1 9 2
39 92
1 5 2
345 482
1 10 2
129 486
1 13 2
311 468
1 11 2
360 443
1 3 2
74 427
1 5 2
73 424
1 12 2
112 418
1 14 2
41 395
1 4 2
439 484
1 15 2
292 319
1 8 2
194 407
1 3 2
305 436
1 5 2
90 169
1 9 2
363 402
1 14 2
15 195
1 4 2
64 317
1 15 2
283 373
1 2 2
383 445
1 5 2
180 490
1 5 2
162 351
1 10 2
88 256
1 2 2
105 150
1 4 2
380 425
1 7 2
88 266
1 12 2
206 348
1 3 2
18 150
1 11 2
439 467
1 9 2
2 199
1 13 2
192 478
1 8 2
154 250
1 14 2
425 452
1 5 2
100 470
1 11 2
219 295
1 14 2
287 398
1 3 2
341 467
1 8 2
365 482
1 12 2
9 220
1 12 2
305 311
1 13 2
56 405
1 6 2
94 448
1 9 2
8 494
1 4 2
63 338
1 7 2
125 368
1 6 2
184 218
1 4 2
165 462
1 4 2
347 447
1 13 2
234 298
1 10 2
196 286
1 2 2
65 251
1 5 2
140 375
1 15 2
259 416
1 7 2
4 105
1 10 2
412 435
1 11 2
187 266
1 11 2
24 76
1 9 2
99 337
1 6 2
57 250
1 15 2
52 469
1 10 2
5 391
1 7 2
146 227
1 3 2
23 425
1 10 2
155 271
1 3 2
79 307
1 2 2
6 154
1 10 2
169 488
1 6 2
85 405
1 2 2
254 459
1 12 2
223 400
1 10 2
30 254
1 14 2
18 263
1 13 2
217 354
1 12 2
320 405
1 8 2
28 468
1 13 2
70 124
1 13 2
162 367
1 15 2
347 359
1 10 2
53 234
1 4 2
381 485
1 11 2
68 148
1 5 2
273 332
1 7 2
32 61
1 14 2
71 249
1 5 2
233 319
1 9 2
69 452
1 6 2
62 274
1 13 2
102 130
1 6 2
319 350
1 13 2
416 487
1 15 2
305 389
1 15 2
401 433
1 6 2
109 122
1 14 2
122 269
1 15 2
21 360
1 9 2
54 116
1 10 2
3 188
1 9 2
307 402
1 7 2
13 84
1 11 2
98 417
1 9 2
277 388
1 5 2
147 451
1 12 2
194 442
1 7 2
189 487
1 8 2
50 155
1 7 2
289 470
1 11 2
284 452
1 2 2
100 497
1 6 2
276 370
1 12 2
180 236
1 6 2
35 496
1 14 2
97 193
1 14 2
134 464
1 3 2
325 425
1 3 2
364 483
1 12 2
317 457
1 12 2
245 340
1 2 2
148 213
1 3 2
171 236
1 2 2
242 307
1 8 2
152 177
1 10 2
240 269
1 12 2
14 226
1 14 2
205 278
1 2 2
58 88
1 6 2
131 304
1 11 2
122 314
1 13 2
294 356
1 15 2
86 410
1 8 2
374 493
1 6 2
62 296
1 9 2
361 393
1 14 2
32 432
1 5 2
241 482
1 4 2
312 354
1 14 2
264 346
1 2 2
215 496
1 3 2
205 222
1 14 2
338 496
1 4 2
223 422
1 5 2
33 129
1 3 2
229 377
1 6 2
352 469
1 15 2
64 359
1 5 2
180 454
1 15 2
14 198
1 9 2
11 316
1 4 2
142 337
1 10 2
178 365
1 7 2
387 496
1 5 2
75 318
1 4 2
239 483
1 6 2
132 168
1 10 2
4 396
1 6 2
363 454
1 13 2
252 441
1 13 2
91 114
1 14 2
110 359
1 13 2
77 433
1 7 2
55 100
1 2 2
26 108
1 15 2
60 223
1 8 2
132 282
1 11 2
233 261
1 8 2
59 226
1 15 2
281 362
1 15 2
69 497
1 3 2
23 445
1 6 2
99 209
1 10 2
14 78
1 7 2
374 387
1 5 2
224 388
1 3 2
60 244
1 11 2
253 485
1 13 2
25 72
1 15 2
415 474
1 9 2
310 440
1 13 2
364 499
1 6 2
322 355
1 11 2
242 482
1 6 2
75 457
1 8 2
69 490
1 12 2
49 286
1 5 2
295 320
1 5 2
267 482
1 11 2
128 471
1 14 2
211 485
1 2 2
107 348
1 3 2
10 494
1 10 2
96 236
1 5 2
148 463
1 8 2
402 412
1 3 2
209 477
1 4 2
119 352
1 10 2
5 374
1 3 2
29 157
1 6 2
335 407
1 12 2
253 475
1 3 2
298 310
1 8 2
390 396
1 7 2
138 336
1 13 2
186 340
1 13 2
344 363
1 4 2
422 492
1 3 2
251 489
1 9 2
101 333
1 9 2
210 337
1 11 2
79 457
1 11 2
14 131
1 13 2
42 69
1 4 2
165 213
1 11 2
438 494
1 3 2
15 257
1 10 2
38 337
1 6 2
159 250
1 11 2
284 419
1 15 2
108 243
1 4 2
164 260
1 2 2
18 205
1 7 2
125 448
1 6 2
229 364
1 3 2
280 373
1 13 2
12 443
1 10 2
361 425
1 4 2
449 487
1 7 2
414 458
1 14 2
260 307
1 10 2
80 123
1 8 2
72 333
1 7 2
265 411
1 6 2
250 416
1 3 2
230 273
1 12 2
112 144
1 12 2
79 451
1 5 2
57 351
1 7 2
139 262
1 10 2
243 464
1 15 2
235 378
1 7 2
140 243
1 4 2
486 495
1 6 2
69 197
1 15 2
2 15
1 5 2
63 388
1 13 2
417 498
1 15 2
59 387
1 13 2
137 463
1 2 2
209 495
1 8 2
313 495
1 10 2
86 450
1 13 2
101 354
1 4 2
165 400
1 11 2
18 92
1 2 2
11 446
1 9 2
173 438
1 7 2
65 359
1 3 2
231 331
1 13 2
330 470
1 7 2
46 164
1 11 2
8 353
1 15 2
273 296
1 15 2
54 437
1 8 2
12 384
1 14 2
126 302
1 6 2
284 289
1 14 2
72 133
1 2 2
177 475
1 5 2
429 482
1 11 2
257 362
1 14 2
41 361
1 4 2
204 219
1 13 2
51 373
1 7 2
306 494
1 6 2
122 180
1 6 2
248 280
1 11 2
234 440
1 7 2
40 340
1 2 2
28 147
1 13 2
1 365
1 13 2
244 499
1 12 2
60 126
1 13 2
195 415
1 2 2
108 190
1 2 2
40 468
1 5 2
138 312
1 8 2
15 286
1 3 2
40 431
1 5 2
210 467
1 14 2
164 217
1 9 2
97 186
1 9 2
119 243
1 8 2
100 233
1 3 2
432 467
1 9 2
1 329
1 12 2
2 391
1 15 2
133 424
1 6 2
274 455
1 7 2
47 96
1 14 2
3 264
1 6 2
113 375
1 7 2
3 135
1 8 2
69 158
1 15 2
174 289
1 8 2
55 357
1 3 2
32 185
1 5 2
367 386
1 4 2
88 196
1 5 2
119 297
1 2 2
29 307
1 14 2
121 171
1 4 2
66 496
1 7 2
136 137
1 11 2
295 447
1 4 2
159 495
1 15 2
109 364
1 2 2
45 403
1 13 2
96 185
1 7 2
17 221
1 14 2
78 143
1 9 2
130 289
1 6 2
477 481
1 12 2
34 320
1 11 2
59 497
1 2 2
12 108
1 15 2
70 454
1 4 2
401 442
1 6 2
79 459
1 15 2
34 461
1 15 2
168 467
1 11 2
145 160
1 5 2
55 419
1 2 2
283 291
1 8 2
415 492
1 2 2
174 368
1 7 2
38 105
1 5 2
41 46
1 10 2
77 450
1 12 2
295 458
1 2 2
29 247
1 6 2
424 428
1 11 2
121 186
1 5 2
50 133
1 13 2
227 413
1 14 2
34 425
1 14 2
287 394
1 6 2
160 499
1 6 2
440 471
1 9 2
119 385
1 7 2
314 363
1 6 2
226 449
1 3 2
439 491
1 4 2
29 349
1 7 2
165 250
1 5 2
336 434
1 9 2
14 328
1 12 2
122 169
1 6 2
216 486
1 8 2
289 338
1 15 2
31 415
1 15 2
386 450
1 15 2
265 330
1 13 2
72 216
1 12 2
172 248
1 2 2
109 452
1 8 2
293 390
1 12 2
2 100
1 13 2
116 262
1 10 2
346 469
1 3 2
370 402
1 7 2
236 497
1 6 2
224 460
1 14 2
338 449
1 3 2
67 155
1 4 2
89 200
1 4 2
267 363
1 15 2
154 222
1 5 2
121 435
1 12 2
154 311
1 10 2
9 283
1 6 2
215 334
1 10 2
8 269
1 7 2
41 387
1 13 2
95 251
1 7 2
17 35
1 14 2
17 311
1 10 2
440 493
1 2 2
42 390
1 13 2
144 427
1 4 2
354 424
1 10 2
102 314
1 9 2
3 116
1 4 2
56 235
1 2 2
139 202
1 7 2
413 484
1 9 2
9 90
1 12 2
84 288
1 15 2
254 274
1 7 2
87 256
1 6 2
24 328
1 2 2
140 159
1 14 2
52 76
1 8 2
231 254
1 3 2
85 199
1 5 2
115 332
1 10 2
261 361
1 9 2
152 304
1 5 2
420 496
1 9 2
131 475
1 13 2
198 232
1 15 2
18 385
1 14 2
164 345
1 8 2
27 199
1 8 2
143 268
1 8 2
353 484
1 6 2
84 217
1 15 2
144 268
1 15 2
410 449
1 12 2
159 331
1 5 2
179 237
1 11 2
132 200
1 7 2
377 444
1 8 2
48 97
1 15 2
278 384
1 15 2
177 473
1 10 2
162 221
1 9 2
170 204
1 12 2
175 304
1 12 2
121 303
1 12 2
42 463
1 12 2
113 117
1 3 2
168 209
1 6 2
210 417
1 9 2
101 256
1 4 2
77 264
1 12 2
331 466
1 15 2
270 395
1 9 2
9 242
1 7 2
145 456
1 2 2
181 191
1 11 2
444 475
1 3 2
13 103
1 11 2
271 334
1 7 2
4 123
1 14 2
3 440
1 4 2
192 490
1 7 2
203 329
1 4 2
196 356
1 3 2
191 278
1 2 2
92 259
1 6 2
162 420
1 3 2
365 484
1 11 2
281 490
1 14 2
311 340
1 5 2
432 449
1 7 2
12 52
1 6 2
6 71
1 4 2
69 135
1 9 2
171 185
1 4 2
96 176
1 6 2
112 333
1 10 2
360 365
1 8 2
173 296
1 12 2
268 398
1 8 2
457 495
1 2 2
102 400
1 11 2
134 199
1 9 2
26 343
1 9 2
305 369
1 12 2
225 316
1 7 2
57 229
1 2 2
86 153
1 5 2
10 241
1 9 2
301 439
1 8 2
193 244
1 13 2
21 28
1 10 2
140 379
1 7 2
120 469
1 13 2
255 304
1 4 2
126 214
1 4 2
88 378
1 8 2
51 453
1 10 2
262 385
1 5 2
103 459
1 15 2
302 385
1 15 2
26 328
1 3 2
64 232
1 8 2
111 308
1 14 2
75 481
1 2 2
131 259
1 11 2
252 450
1 3 2
39 497
1 7 2
410 469
1 5 2
228 485
1 5 2
328 337
1 11 2
174 244
1 3 2
37 449
1 11 2
0 41
1 10 2
324 364
1 10 2
321 434
1 2 2
38 301
1 5 2
3 61
1 4 2
54 337
1 7 2
128 349
1 10 2
308 461
1 3 2
266 275
1 9 2
240 401
1 5 2
355 391
1 4 2
15 69
1 2 2
97 246
1 5 2
22 163
1 10 2
81 272
1 15 2
71 91
1 9 2
207 321
1 12 2
11 308
1 3 2
227 496
1 9 2
386 493
1 7 2
335 344
1 9 2
150 230
1 15 2
9 198
1 5 2
38 171
1 15 2
336 439
1 7 2
109 296
1 7 2
267 478
1 13 2
110 155
1 12 2
11 199
1 10 2
66 156
1 15 2
30 228
1 11 2
125 190
1 10 2
22 350
1 5 2
237 242
1 10 2
85 449
1 11 2
196 371
1 7 2
16 402
1 6 2
285 306
1 2 2
234 409
1 9 2
172 178
1 3 2
129 378
1 11 2
24 365
1 2 2
49 403
1 3 2
113 478
1 11 2
246 403
1 8 2
278 391
1 6 2
234 354
1 4 2
210 487
1 8 2
36 297
1 14 2
19 335
1 8 2
19 166
1 7 2
6 423
1 12 2
83 104
1 2 2
325 403
1 14 2
49 262
1 6 2
188 266
1 15 2
347 425
1 14 2
64 406
1 6 2
37 416
1 15 2
136 255
1 9 2
88 402
1 15 2
247 276
1 5 2
87 151
1 14 2
179 374
1 5 2
237 263
1 12 2
110 385
1 4 2
142 427
1 14 2
204 450
1 7 2
237 346
1 10 2
17 457
1 10 2
311 460
1 2 2
128 464
1 11 2
409 414
1 11 2
62 191
1 6 2
338 463
1 15 2
60 104
1 3 2
159 344
1 5 2
243 474
1 7 2
182 248
1 2 2
104 185
1 11 2
162 211
1 2 2
18 32
1 5 2
84 95
1 6 2
225 452
1 14 2
88 97
1 7 2
9 181
1 7 2
70 164
1 15 2
108 398
1 5 2
328 478
1 5 2
261 373
1 8 2
65 77
1 2 2
54 271
1 4 2
444 497
1 3 2
21 37
1 6 2
127 331
1 14 2
55 226
1 9 2
404 413
1 4 2
69 491
1 5 2
159 321
1 2 2
111 284
1 6 2
114 209
1 12 2
202 273
1 10 2
97 269
1 8 2
354 444
1 11 2
175 211
1 12 2
89 175
1 11 2
219 232
1 2 2
3 293
1 8 2
317 339
1 9 2
139 322
1 4 2
308 471
1 2 2
93 130
1 15 2
383 468
1 11 2
125 225
1 13 2
213 444
1 14 2
362 489
1 14 2
77 269
1 9 2
315 462
1 10 2
80 316
1 7 2
58 78
1 5 2
57 273
1 14 2
49 260
1 9 2
249 374
1 14 2
189 392
1 15 2
381 437
1 8 2
313 451
1 8 2
93 420
1 13 2
313 478
1 4 2
359 419
1 5 2
304 373
1 7 2
82 269
1 15 2
299 316
1 7 2
64 365
1 9 2
191 456
1 3 2
235 487
1 3 2
122 442
1 14 2
120 481
1 13 2
221 418
1 12 2
236 255
1 15 2
185 457
1 15 2
28 157
1 7 2
224 483
1 8 2
105 428
1 14 2
184 420
1 7 2
186 423
1 4 2
75 466
1 7 2
160 383
1 12 2
220 385
1 4 2
28 173
1 15 2
392 424
1 10 2
286 362
1 6 2
137 293
1 6 2
74 357
1 4 2
75 202
1 3 2
68 482
1 5 2
93 412
1 6 2
241 472
1 10 2
293 407
1 11 2
283 303
1 8 2
24 292
1 7 2
39 306
1 8 2
249 491
1 11 2
5 46
1 6 2
73 279
1 14 2
58 194
1 6 2
40 320
1 15 2
210 432
1 8 2
160 487
1 5 2
109 211
1 7 2
27 245
1 14 2
69 114
1 4 2
192 323
1 2 2
207 432
1 5 2
168 244
1 14 2
46 380
1 5 2
161 262
1 10 2
223 287
1 13 2
70 364
1 15 2
103 372
1 10 2
25 79
1 5 2
206 279
1 2 2
140 158
1 15 2
65 110
1 13 2
82 147
1 12 2
59 199
1 7 2
331 347
1 3 2
41 449
1 6 2
377 406
1 15 2
189 268
1 5 2
93 201
1 14 2
155 206
1 6 2
329 438
1 10 2
114 275
1 5 2
27 365
1 7 2
143 461
1 3 2
160 312
1 15 2
165 187
1 14 2
402 457
1 2 2
22 259
1 10 2
84 87
1 13 2
148 311
1 10 2
20 374
1 15 2
17 130
1 2 2
333 479
1 7 2
130 391
1 4 2
39 213
1 2 2
213 419
1 15 2
87 186
1 5 2
415 455
1 5 2
375 410
1 13 2
277 367
1 12 2
193 450
1 13 2
160 327
1 12 2
224 495
1 3 2
101 292
1 2 2
302 328
1 11 2
54 182
1 14 2
182 220
1 8 2
37 253
1 5 2
294 314
1 2 2
42 350
1 13 2
186 381
1 2 2
318 463
1 13 2
325 475
1 15 2
95 190
1 7 2
110 424
1 4 2
225 405
1 7 2
327 479
1 15 2
434 458
1 4 2
22 363
1 8 2
226 342
1 4 2
1 348
1 11 2
222 353
1 8 2
226 293
1 4 2
57 153
1 13 2
292 361
1 11 2
244 454
1 10 2
419 487
1 13 2
96 200
1 13 2
2 25
1 9 2
208 227
1 15 2
262 432
1 11 2
101 328
1 12 2
327 489
1 8 2
283 329
1 10 2
251 487
1 3 2
143 177
1 2 2
96 313
1 5 2
39 47
1 13 2
143 472
1 3 2
143 166
1 5 2
140 177
1 10 2
45 320
1 9 2
123 370
1 8 2
66 421
1 2 2
80 366
1 2 2
107 234
1 7 2
38 211
1 12 2
232 277
1 12 2
53 292
1 9 2
357 459
1 2 2
87 353
1 11 2
144 497
1 8 2
118 294
1 5 2
403 460
1 14 2
230 460
1 7 2
115 125
1 6 2
115 181
1 10 2
59 479
1 7 2
194 265
1 11 2
76 479
1 12 2
91 279
1 3 2
117 316
1 11 2
302 482
1 4 2
353 468
1 5 2
32 236
1 15 2
181 320
1 6 2
73 489
1 5 2
82 118
1 2 2
432 441
1 7 2
232 406
1 12 2
214 481
1 2 2
44 444
1 8 2
24 132
1 10 2
120 170
1 13 2
230 321
1 14 2
322 488
1 13 2
203 453
1 4 2
56 484
1 6 2
145 499
1 3 2
67 453
1 13 2
86 356
1 8 2
98 182
1 9 2
236 279
1 8 2
31 91
1 9 2
80 330
1 8 2
118 224
1 13 2
47 66
1 4 2
16 155
1 6 2
127 378
1 3 2
61 397
1 7 2
6 130
1 15 2
12 301
1 14 2
20 356
1 11 2
37 260
1 3 2
25 408
1 8 2
41 445
1 14 2
196 415
1 11 2
315 404
1 2 2
307 469
1 11 2
5 340
1 4 2
381 449
1 14 2
27 415
1 4 2
85 217
1 4 2
369 391
1 5 2
28 428
1 9 2
217 265
1 12 2
226 479
1 11 2
109 471
1 13 2
32 468
1 14 2
176 253
1 13 2
50 207
1 13 2
10 437
1 6 2
281 493
1 11 2
452 457
1 6 2
198 295
1 14 2
347 387
1 11 2
273 407
1 4 2
14 56
1 12 2
165 251
1 4 2
69 172
1 11 2
40 46
1 13 2
102 457
1 6 2
281 405
1 9 2
53 348
1 12 2
129 159
1 14 2
73 223
1 14 2
120 223
1 14 2
125 180
1 13 2
203 337
1 13 2
52 487
1 3 2
100 463
1 10 2
27 165
1 2 2
18 211
1 12 2
216 445
1 14 2
278 436
1 4 2
66 256
1 12 2
246 498
1 4 2
109 449
1 12 2
181 480
1 13 2
242 261
1 15 2
10 72
1 15 2
16 217
1 5 2
155 183
1 14 2
51 125
1 4 2
96 197
1 5 2
328 483
1 11 2
110 360
1 11 2
158 479
1 3 2
182 267
1 3 2
336 428
1 6 2
175 370
1 4 2
164 193
1 8 2
114 262
1 4 2
174 321
1 9 2
53 168
1 3 2
264 284
1 8 2
308 345
1 7 2
283 321
1 6 2
162 434
1 4 2
107 240
1 14 2
333 443
1 3 2
147 257
1 14 2
183 369
1 5 2
229 238
1 2 2
29 376
1 7 2
13 100
1 15 2
77 463
1 2 2
296 319
1 9 2
191 375
1 10 2
212 426
1 10 2
63 399
1 4 2
196 486
1 8 2
242 382
1 14 2
210 324
1 4 2
220 326
1 15 2
168 484
1 10 2
433 483
1 8 2
22 262
1 11 2
226 234
1 5 2
220 372
1 6 2
134 466
1 11 2
131 343
1 4 2
206 288
1 7 2
157 330
1 3 2
125 482
1 7 2
188 312
1 8 2
347 444
1 14 2
76 189
1 6 2
163 274
1 7 2
52 85
1 13 2
100 291
1 4 2
203 352
1 5 2
201 274
1 15 2
57 90
1 5 2
135 239
1 2 2
18 138
1 11 2
114 331
1 2 2
210 462
1 13 2
89 341
1 8 2
75 446
1 2 2
73 87
1 4 2
88 174
1 7 2
55 64
1 6 2
291 330
1 2 2
55 224
1 3 2
173 195
1 3 2
244 374
1 11 2
264 460
1 5 2
258 289
1 15 2
209 374
1 7 2
0 292
1 2 2
21 30
1 14 2
222 260
1 10 2
260 291
1 15 2
63 412
1 14 2
15 108
1 5 2
112 462
1 11 2
7 129
1 3 2
44 244
1 4 2
56 232
1 4 2
108 479
1 2 2
131 466
1 12 2
143 183
1 9 2
3 276
1 14 2
8 53
1 13 2
219 490
1 10 2
315 321
1 4 2
252 389
1 6 2
253 436
1 11 2
281 477
1 14 2
164 294
1 6 2
316 381
1 5 2
113 146
1 8 2
140 442
1 8 2
127 132
1 4 2
142 290
1 7 2
156 401
1 12 2
220 464
1 6 2
82 316
1 14 2
108 493
1 6 2
49 256
1 9 2
178 493
1 8 2
120 406
1 9 2
184 411
1 6 2
200 380
1 2 2
227 336
1 3 2
63 357
1 4 2
8 99
1 2 2
299 452
1 14 2
203 224
1 4 2
4 39
1 11 2
233 363
1 7 2
413 448
1 7 2
341 423
1 10 2
163 170
1 6 2
31 138
1 14 2
141 218
1 4 2
79 401
1 8 2
112 413
1 4 2
39 476
1 2 2
147 286
1 13 2
68 102
1 7 2
19 26
1 5 2
179 238
1 5 2
217 398
1 6 2
287 338
1 7 2
31 363
1 14 2
250 454
1 4 2
291 339
1 5 2
428 441
1 5 2
158 409
1 7 2
48 200
1 15 2
228 480
1 2 2
63 267
1 13 2
185 208
1 8 2
133 473
1 13 2
144 222
1 8 2
187 201
1 3 2
299 387
1 4 2
31 362
1 5 2
91 455
1 10 2
186 488
1 14 2
34 143
1 9 2
306 413
1 6 2
10 438
1 2 2
419 445
1 15 2
436 445
1 3 2
182 496
1 5 2
210 418
1 12 2
297 343
1 5 2
7 23
1 7 2
107 150
1 4 2
132 423
1 13 2
234 473
1 15 2
178 245
1 4 2
255 339
1 9 2
39 114
1 9 2
226 397
1 2 2
96 168
1 10 2
236 242
1 14 2
416 423
1 2 2
72 229
1 2 2
31 263
1 6 2
285 427
1 9 2
363 380
1 14 2
230 257
1 4 2
265 306
1 4 2
341 375
1 11 2
190 393
1 4 2
71 247
1 12 2
402 425
1 6 2
66 237
1 6 2
125 300
1 2 2
197 472
1 11 2
55 299
1 9 2
216 380
1 13 2
375 389
1 13 2
188 233
1 8 2
173 320
1 3 2
97 272
1 3 2
75 415
1 14 2
101 497
1 4 2
196 282
1 9 2
290 312
1 5 2
69 163
1 4 2
3 418
1 13 2
133 321
1 6 2
91 359
1 13 2
167 314
1 10 2
429 488
1 7 2
160 465
1 15 2
185 357
1 14 2
222 388
1 12 2
163 323
1 12 2
51 64
1 13 2
148 425
1 10 2
127 346
1 8 2
165 342
1 13 2
118 228
1 10 2
14 364
1 15 2
129 186
1 3 2
261 363
1 13 2
324 450
1 11 2
177 309
1 14 2
326 485
1 8 2
306 443
1 9 2
77 446
1 7 2
372 495
1 8 2
168 424
1 7 2
2 314
1 9 2
287 368
1 6 2
18 116
1 2 2
287 485
1 15 2
164 438
1 10 2
140 301
1 8 2
259 318
1 11 2
266 273
1 7 2
69 212
1 14 2
386 447
1 14 2
396 426
1 10 2
470 473
1 14 2
60 203
1 15 2
288 499
1 11 2
50 187
1 13 2
14 420
1 14 2
363 469
1 7 2
186 262
1 10 2
219 288
1 4 2
174 239
1 13 2
148 391
1 7 2
309 394
1 4 2
183 497
1 4 2
153 261
1 11 2
211 237
1 14 2
319 370
1 2 2
84 319
1 4 2
265 336
1 8 2
113 203
1 15 2
154 340
1 15 2
4 478
1 3 2
144 418
1 9 2
439 464
1 11 2
71 171
1 12 2
147 340
1 12 2
227 370
1 2 2
26 310
1 2 2
20 284
1 4 2
40 307
1 13 2
79 112
1 14 2
203 314
1 2 2
343 390
1 3 2
96 427
1 7 2
195 362
1 12 2
242 433
1 12 2
171 217
1 8 2
186 229
1 6 2
71 319
1 2 2
153 338
1 12 2
41 109
1 14 2
212 494
1 15 2
37 394
1 12 2
382 496
1 13 2
182 335
1 3 2
205 273
1 10 2
229 359
1 9 2
405 419
1 6 2
12 248
1 4 2
301 363
1 12 2
7 268
1 7 2
298 348
1 8 2
97 372
1 9 2
22 265
1 2 2
385 470
1 10 2
229 413
1 7 2
272 305
1 9 2
187 210
1 9 2
390 415
1 12 2
343 416
1 6 2
237 245
1 7 2
2 17
1 4 2
117 430
1 2 2
323 347
1 15 2
211 214
1 5 2
217 229
1 6 2
78 312
1 13 2
384 472
1 7 2
151 347
1 6 2
139 353
1 9 2
274 278
1 4 2
156 218
1 13 2
62 87
1 9 2
342 484
1 4 2
45 488
1 13 2
155 449
1 11 2
63 291
1 10 2
88 410
1 8 2
320 357
1 11 2
188 449
1 9 2
444 485
1 15 2
23 303
1 14 2
193 439
1 10 2
11 165
1 7 2
144 223
1 6 2
216 469
1 15 2
132 456
1 10 2
141 340
1 3 2
67 176
1 11 2
452 455
1 2 2
354 408
1 8 2
253 432
1 10 2
421 497
1 9 2
398 455
1 8 2
282 352
1 10 2
145 284
1 15 2
193 428
1 9 2
340 402
1 2 2
379 398
1 12 2
82 265
1 13 2
129 438
1 8 2
20 289
1 14 2
227 298
1 4 2
6 199
1 8 2
22 320
1 10 2
262 384
1 6 2
365 422
1 10 2
321 373
1 10 2
16 461
1 11 2
331 414
1 9 2
164 490
1 5 2
192 400
1 14 2
17 91
1 9 2
206 354
1 2 2
118 447
1 6 2
54 426
1 2 2
43 444
1 8 2
198 337
1 2 2
36 215
1 8 2
244 491
1 2 2
38 335
1 2 2
89 230
1 8 2
181 250
1 13 2
401 476
1 8 2
88 194
1 8 2
99 137
1 3 2
263 447
1 11 2
30 197
1 2 2
24 380
1 8 2
94 447
1 14 2
143 342
1 7 2
213 422
1 7 2
1 321
1 13 2
82 156
1 10 2
30 180
1 11 2
137 202
1 9 2
203 207
1 7 2
83 150
1 5 2
182 457
1 9 2
271 278
1 8 2
51 190
1 5 2
237 476
1 3 2
432 472
1 10 2
403 421
1 7 2
34 357
1 4 2
255 486
1 3 2
135 147
1 2 2
56 497
1 2 2
23 324
1 3 2
4 56
1 3 2
84 411
1 4 2
125 343
1 14 2
25 461
1 8 2
257 367
1 9 2
80 409
1 9 2
201 221
1 15 2
89 234
1 9 2
93 389
1 4 2
401 496
1 8 2
330 422
1 3 2
202 445
1 6 2
139 409
1 9 2
403 469
1 5 2
355 472
1 6 2
17 419
1 2 2
177 389
1 9 2
61 200
1 15 2
147 311
1 13 2
283 448
1 3 2
59 99
1 8 2
273 340
1 4 2
38 276
1 12 2
222 428
1 5 2
19 380
1 11 2
186 374
1 14 2
62 381
1 8 2
212 416
1 7 2
170 439
1 7 2
2 118
1 4 2
337 424
1 14 2
256 333
1 4 2
44 489
1 15 2
38 302
1 4 2
19 350
1 9 2
397 490
1 2 2
245 414
1 4 2
318 477
1 9 2
76 384
1 2 2
87 252
1 12 2
285 415
1 3 2
57 362
1 13 2
31 97
1 8 2
273 449
1 14 2
149 172
1 11 2
179 239
1 4 2
159 356
1 10 2
20 212
1 9 2
308 417
1 13 2
356 384
1 13 2
39 355
1 11 2
85 94
1 14 2
108 191
1 14 2
360 483
1 15 2
13 54
1 8 2
343 380
1 5 2
13 256
1 3 2
308 398
1 12 2
16 313
1 3 2
314 417
1 11 2
153 363
1 12 2
184 256
1 3 2
63 146
1 4 2
162 496
1 14 2
90 290
1 9 2
211 347
1 4 2
40 267
1 12 2
116 391
1 5 2
343 431
1 6 2
361 403
1 4 2
404 408
1 14 2
113 376
1 4 2
363 387
1 6 2
57 208
1 12 2
307 470
1 6 2
51 61
1 4 2
396 480
1 7 2
231 328
1 14 2
380 456
1 2 2
217 329
1 3 2
0 449
1 11 2
165 264
1 2 2
138 354
1 10 2
192 213
1 10 2
139 446
1 5 2
305 330
1 13 2
83 255
1 13 2
80 109
1 10 2
203 219
1 15 2
105 131
1 8 2
75 384
1 6 2
80 102
1 14 2
126 415
1 3 2
125 192
1 12 2
48 436
1 14 2
22 117
1 5 2
198 429
1 2 2
56 298
1 14 2
249 436
1 14 2
79 103
1 3 2
41 431
1 8 2
172 495
1 8 2
15 17
1 6 2
153 223
1 15 2
116 367
1 2 2
88 323
1 12 2
74 478
1 15 2
453 479
1 12 2
7 140
1 3 2
334 367
1 3 2
17 77
1 11 2
201 467
1 8 2
403 414
1 12 2
215 311
1 14 2
200 435
1 11 2
374 442
1 9 2
200 271
1 12 2
54 62
1 2 2
237 453
1 9 2
364 400
1 12 2
108 184
1 10 2
217 305
1 10 2
215 443
1 7 2
82 455
1 10 2
37 403
1 2 2
8 110
1 5 2
231 498
1 13 2
26 187
1 8 2
233 431
1 11 2
176 449
1 13 2
100 485
1 15 2
35 70
1 11 2
93 461
1 8 2
8 337
1 9 2
205 338
1 10 2
200 272
1 15 2
65 453
1 6 2
351 473
1 11 2
362 414
1 15 2
89 351
1 10 2
169 334
1 10 2
24 430
1 7 2
86 194
1 15 2
20 409
1 2 2
19 206
1 10 2
5 78
1 8 2
323 416
1 10 2
262 306
1 9 2
184 317
1 6 2
84 320
1 6 2
47 376
1 5 2
354 462
1 7 2
46 290
1 13 2
224 405
1 13 2
168 351
1 7 2
344 361
1 4 2
296 331
1 15 2
126 303
1 14 2
24 146
1 13 2
36 292
1 5 2
142 194
1 14 2
280 428
1 6 2
84 96
1 12 2
60 101
1 10 2
6 269
1 9 2
71 161
1 10 2
211 363
1 6 2
2 495
1 7 2
182 364
1 14 2
348 374
1 14 2
83 213
1 5 2
210 499
1 14 2
136 495
1 4 2
290 488
1 6 2
188 363
1 15 2
383 466
1 2 2
49 383
1 12 2
27 266
1 2 2
206 380
1 13 2
71 198
1 11 2
74 324
1 15 2
60 162
1 15 2
96 428
1 10 2
461 493
1 2 2
160 367
1 8 2
86 264
1 12 2
57 421
1 4 2
263 292
1 6 2
58 469
1 4 2
171 251
1 10 2
26 197
1 10 2
71 490
1 9 2
240 291
1 5 2
270 339
1 15 2
179 257
1 12 2
77 163
1 15 2
177 233
1 9 2
88 312
1 6 2
241 372
1 14 2
197 393
1 9 2
163 175
1 13 2
60 229
1 10 2
117 333
1 13 2
138 275
1 5 2
221 268
1 7 2
124 455
1 4 2
12 159
1 12 2
134 284
1 5 2
21 188
1 10 2
274 413
1 11 2
117 293
1 12 2
402 464
1 6 2
296 404
1 5 2
14 412
1 14 2
151 438
1 11 2
417 424
1 9 2
51 428
1 12 2
303 374
1 7 2
7 130
1 5 2
277 373
1 7 2
35 452
1 6 2
305 476
1 9 2
41 313
1 8 2
223 226
1 15 2
116 396
1 6 2
119 157
1 8 2
148 351
1 15 2
88 403
1 12 2
132 487
1 8 2
278 326
1 4 2
452 486
1 11 2
202 323
1 4 2
429 469
1 9 2
101 444
1 11 2
393 468
1 4 2
221 483
1 3 2
50 324
1 14 2
247 253
1 4 2
294 440
1 14 2
248 292
1 7 2
30 72
1 7 2
56 306
1 7 2
187 241
1 6 2
212 473
1 5 2
12 327
1 4 2
173 411
1 7 2
188 322
1 14 2
207 277
1 6 2
82 200
1 15 2
245 406
1 7 2
194 218
1 14 2
166 487
1 9 2
81 233
1 5 2
343 452
1 13 2
53 492
1 9 2
46 401
1 5 2
374 495
1 3 2
215 359
1 15 2
27 388
1 11 2
31 195
1 12 2
96 227
1 13 2
215 313
1 15 2
90 112
1 13 2
162 304
1 11 2
71 280
1 8 2
68 338
1 10 2
66 271
1 3 2
105 309
1 6 2
78 357
1 8 2
6 136
1 8 2
246 375
1 5 2
257 452
1 12 2
4 345
1 5 2
122 181
1 9 2
101 409
1 8 2
17 362
1 5 2
313 333
1 5 2
195 444
1 9 2
368 464
1 14 2
267 466
1 9 2
435 457
1 7 2
308 347
1 5 2
388 473
1 2 2
268 279
1 13 2
432 499
1 6 2
26 257
1 9 2
216 334
1 13 2
132 176
1 4 2
292 337
1 11 2
50 163
1 3 2
37 475
1 2 2
200 283
1 4 2
93 398
1 15 2
137 362
1 6 2
14 121
1 5 2
242 278
1 3 2
54 221
1 15 2
86 470
1 11 2
53 480
1 4 2
20 48
1 2 2
203 410
1 4 2
278 310
1 14 2
121 405
1 15 2
275 420
1 7 2
206 285
1 11 2
26 489
1 12 2
289 404
1 13 2
74 220
1 4 2
412 465
1 7 2
256 274
1 4 2
244 440
1 2 2
182 347
1 12 2
19 62
1 12 2
133 435
1 10 2
47 358
1 8 2
178 468
1 15 2
211 375
1 15 2
277 340
1 13 2
0 388
1 12 2
189 262
1 3 2
399 415
1 11 2
346 458
1 2 2
323 441
1 14 2
108 155
1 11 2
161 454
1 14 2
70 458
1 3 2
334 424
1 10 2
22 441
1 8 2
44 284
1 12 2
67 380
1 5 2
241 426
1 3 2
72 475
1 8 2
5 333
1 5 2
191 352
1 11 2
341 457
1 15 2
219 470
1 5 2
111 467
1 14 2
43 411
1 12 2
224 288
1 2 2
71 364
1 4 2
110 301
1 5 2
177 385
1 9 2
9 125
1 9 2
271 412
1 6 2
88 467
1 14 2
145 288
1 11 2
70 268
1 8 2
112 129
1 10 2
91 98
1 5 2
29 375
1 9 2
22 292
1 6 2
101 346
1 9 2
52 386
1 15 2
103 143
1 4 2
109 348
1 12 2
6 17
1 13 2
231 388
1 15 2
122 272
1 4 2
107 390
1 4 2
381 464
1 9 2
79 452
1 3 2
51 347
1 4 2
225 349
1 5 2
98 179
1 14 2
43 443
1 12 2
118 376
1 8 2
8 156
1 15 2
149 461
1 9 2
32 310
1 15 2
107 403
1 14 2
70 307
1 9 2
79 404
1 13 2
197 329
1 13 2
304 457
1 6 2
22 120
1 8 2
10 441
1 13 2
53 427
1 13 2
73 222
1 13 2
56 308
1 14 2
30 456
1 7 2
254 474
1 3 2
219 321
1 9 2
65 191
1 3 2
87 212
1 5 2
33 325
1 6 2
9 254
1 2 2
3 151
1 9 2
25 288
1 12 2
82 96
1 7 2
98 302
1 14 2
97 443
1 6 2
396 408
1 12 2
216 277
1 11 2
167 309
1 14 2
256 331
1 13 2
101 160
1 14 2
234 267
1 11 2
204 362
1 15 2
293 319
1 9 2
180 448
1 15 2
29 298
1 15 2
181 338
1 2 2
365 495
1 15 2
410 459
1 9 2
135 168
1 5 2
175 208
1 13 2
186 348
1 11 2
20 155
1 15 2
80 304
1 10 2
138 473
1 5 2
208 330
1 10 2
297 413
1 15 2
200 344
1 5 2
218 451
1 11 2
91 281
1 14 2
4 224
1 10 2
72 211
1 10 2
125 128
1 6 2
304 394
1 4 2
144 324
1 3 2
229 338
1 3 2
138 182
1 11 2
255 473
1 9 2
19 450
1 4 2
67 92
1 4 2
301 398
1 7 2
63 365
1 7 2
221 351
1 11 2
63 144
1 7 2
344 439
1 8 2
4 269
1 3 2
5 221
1 2 2
401 493
1 13 2
14 17
1 12 2
170 396
1 7 2
85 450
1 15 2
332 441
1 7 2
141 307
1 11 2
170 490
1 8 2
184 242
1 6 2
32 96
1 9 2
317 481
1 14 2
54 119
1 9 2
21 415
1 11 2
181 340
1 4 2
178 237
1 4 2
180 483
1 2 2
279 372
1 2 2
271 388
1 15 2
154 463
1 6 2
71 289
1 9 2
447 469
1 12 2
10 258
1 15 2
131 190
1 15 2
22 225
1 15 2
55 152
1 9 2
294 328
1 15 2
380 467
1 9 2
156 424
1 8 2
22 145
1 15 2
57 74
1 2 2
63 153
1 10 2
234 285
1 11 2
260 468
1 10 2
201 220
1 4 2
275 444
1 3 2
193 219
1 8 2
266 430
1 12 2
191 461
1 13 2
22 291
1 10 2
180 394
1 14 2
87 406
1 11 2
305 353
1 11 2
271 359
1 8 2
56 89
1 8 2
178 427
1 9 2
362 468
1 2 2
9 429
1 14 2
149 212
1 3 2
38 125
1 6 2
138 359
1 8 2
239 471
1 12 2
146 374
1 5 2
145 310
1 5 2
121 191
1 6 2
270 366
1 3 2
163 375
1 4 2
55 217
1 4 2
43 119
1 13 2
222 239
1 13 2
166 486
1 4 2
23 221
1 5 2
148 466
1 2 2
84 417
1 5 2
279 299
1 14 2
342 360
1 9 2
65 268
1 11 2
145 200
1 5 2
80 286
1 14 2
78 140
1 9 2
149 263
1 6 2
378 393
1 9 2
350 493
1 4 2
147 391
1 4 2
220 465
1 12 2
87 219
1 14 2
123 302
1 6 2
61 75
1 7 2
120 339
1 10 2
228 486
1 14 2
118 272
1 9 2
175 358
1 8 2
134 497
1 12 2
190 448
1 14 2
221 465
1 8 2
4 486
1 3 2
212 306
1 9 2
266 364
1 11 2
328 485
1 2 2
224 434
1 4 2
46 153
1 9 2
182 473
1 13 2
126 376
1 6 2
128 351
1 7 2
200 485
1 13 2
1 282
1 13 2
22 338
1 11 2
70 193
1 6 2
281 318
1 11 2
138 220
1 15 2
100 120
1 12 2
286 438
1 9 2
235 489
1 8 2
233 386
1 4 2
149 372
1 13 2
163 281
1 9 2
342 442
1 15 2
8 68
1 15 2
414 467
1 3 2
266 298
1 6 2
450 466
1 5 2
462 476
1 10 2
213 402
1 15 2
53 119
1 5 2
176 330
1 13 2
335 484
1 7 2
59 272
1 14 2
127 254
1 13 2
388 432
1 15 2
241 310
1 8 2
8 61
1 5 2
93 472
1 15 2
405 424
1 5 2
93 155
1 4 2
190 421
1 6 2
122 386
1 15 2
312 461
1 5 2
346 445
1 12 2
337 440
1 14 2
104 416
1 14 2
275 363
1 3 2
42 428
1 2 2
30 389
1 9 2
140 193
1 14 2
406 483
1 13 2
380 417
1 9 2
275 361
1 15 2
184 406
1 9 2
111 235
1 13 2
43 59
1 3 2
117 181
1 5 2
52 121
1 9 2
96 263
1 2 2
231 472
1 10 2
126 173
1 8 2
37 256
1 15 2
294 491
1 3 2
94 405
1 13 2
114 371
1 9 2
21 466
1 13 2
7 426
1 7 2
11 499
1 3 2
197 452
1 13 2
363 499
1 2 2
282 376
1 11 2
233 327
1 3 2
226 474
1 8 2
417 487
1 13 2
369 491
1 10 2
81 139
1 9 2
106 242
1 10 2
43 320
1 10 2
231 384
1 12 2
329 490
1 7 2
98 374
1 15 2
44 453
1 7 2
159 453
1 2 2
317 387
1 5 2
100 248
1 2 2
379 407
1 9 2
39 86
1 12 2
135 207
1 7 2
162 327
1 5 2
58 306
1 8 2
136 146
1 10 2
97 309
1 2 2
23 68
1 9 2
0 456
1 8 2
27 113
1 12 2
150 340
1 10 2
25 144
1 8 2
125 406
1 12 2
34 323
1 9 2
281 484
1 10 2
200 490
1 12 2
269 321
1 3 2
26 393
1 12 2
21 111
1 14 2
256 351
1 6 2
353 424
1 6 2
208 461
1 2 2
287 476
1 14 2
190 426
1 4 2
352 391
1 12 2
26 157
1 12 2
135 353
1 9 2
78 244
1 4 2
72 305
1 7 2
319 471
1 4 2
301 316
1 15 2
129 254
1 12 2
193 354
1 6 2
276 374
1 13 2
70 135
1 7 2
207 478
1 15 2
246 443
1 14 2
361 454
1 11 2
45 270
1 5 2
97 470
1 13 2
67 175
1 10 2
55 151
1 9 2
112 410
1 3 2
124 172
1 3 2
330 386
1 12 2
332 356
1 10 2
67 493
1 15 2
43 274
1 8 2
312 380
1 5 2
179 346
1 7 2
351 429
1 12 2
155 359
1 7 2
10 458
1 9 2
460 473
1 11 2
70 310
1 5 2
173 272
1 14 2
100 348
1 11 2
195 337
1 8 2
287 307
1 9 2
73 495
1 14 2
13 107
1 4 2
157 379
1 4 2
120 272
1 10 2
378 445
1 2 2
165 186
1 7 2
30 221
1 15 2
42 361
1 14 2
22 63
1 12 2
106 134
1 5 2
205 229
1 2 2
286 289
1 14 2
105 277
1 12 2
125 446
1 12 2
413 444
1 11 2
112 355
1 5 2
311 481
1 6 2
423 425
1 9 2
147 227
1 13 2
12 247
1 8 2
14 491
1 6 2
75 212
1 8 2
35 147
1 3 2
355 446
1 5 2
134 225
1 11 2
63 199
1 12 2
72 370
1 4 2
67 148
1 6 2
125 221
1 8 2
190 351
1 12 2
315 393
1 7 2
10 351
1 10 2
6 255
1 2 2
194 259
1 7 2
245 426
1 15 2
169 266
1 8 2
314 410
1 10 2
82 315
1 6 2
54 137
1 6 2
45 106
1 12 2
71 495
1 4 2
169 250
1 3 2
99 475
1 7 2
191 384
1 13 2
196 298
1 13 2
28 442
1 13 2
345 444
1 9 2
141 285
1 2 2
10 468
1 12 2
347 383
1 15 2
70 176
1 15 2
241 261
1 14 2
2 36
1 11 2
206 347
1 2 2
12 148
1 10 2
46 498
1 8 2
282 454
1 10 2
64 227
1 3 2
37 275
1 13 2
299 451
1 11 2
309 484
1 11 2
286 336
1 10 2
183 194
1 6 2
136 362
1 13 2
187 492
1 3 2
5 253
1 10 2
152 303
1 13 2
51 201
1 8 2
326 356
1 8 2
467 469
1 7 2
352 496
1 13 2
129 353
1 5 2
260 358
1 2 2
190 304
1 5 2
288 303
1 7 2
271 293
1 2 2
17 410
1 9 2
284 377
1 13 2
94 435
1 11 2
276 468
1 7 2
382 472
1 13 2
36 402
1 4 2
78 476
1 10 2
60 76
1 3 2
309 407
1 13 2
381 477
1 13 2
300 497
1 8 2
270 495
1 5 2
70 281
1 3 2
2 448
1 4 2
171 202
1 2 2
64 399
1 12 2
66 268
1 7 2
75 110
1 10 2
173 319
1 7 2
36 245
1 7 2
413 447
1 12 2
413 449
1 10 2
208 485
1 2 2
285 453
1 11 2
427 471
1 10 2
32 404
1 5 2
152 164
1 14 2
225 252
1 12 2
223 481
1 2 2
85 361
1 2 2
117 145
1 7 2
221 411
1 4 2
63 92
1 4 2
474 485
1 13 2
55 254
1 10 2
382 467
1 11 2
53 159
1 13 2
324 369
1 8 2
247 264
1 13 2
220 456
1 15 2
102 393
1 6 2
12 74
1 14 2
110 134
1 10 2
344 366
1 13 2
51 375
1 6 2
135 291
1 4 2
146 205
1 14 2
177 387
1 7 2
132 430
1 12 2
68 283
1 4 2
139 191
1 4 2
383 433
1 8 2
201 497
1 2 2
191 343
1 8 2
142 403
1 11 2
265 329
1 4 2
81 334
1 11 2
9 268
1 4 2
52 69
1 7 2
170 351
1 13 2
60 202
1 7 2
10 461
1 4 2
45 102
1 10 2
424 456
1 7 2
195 304
1 9 2
70 143
1 8 2
254 316
1 6 2
81 123
1 3 2
332 449
1 9 2
10 88
1 11 2
180 189
1 3 2
280 317
1 4 2
200 262
1 8 2
149 179
1 7 2
170 247
1 2 2
241 254
1 3 2
418 442
1 9 2
285 293
1 12 2
70 150
1 13 2
75 175
1 11 2
315 434
1 4 2
186 476
1 7 2
92 319
1 13 2
14 129
1 15 2
33 282
1 11 2
140 297
1 7 2
15 165
1 14 2
94 283
1 3 2
22 113
1 6 2
428 461
1 15 2
175 326
1 6 2
6 418
1 7 2
364 452
1 6 2
318 403
1 2 2
188 243
1 8 2
261 444
1 5 2
33 220
1 11 2
456 479
1 10 2
345 457
1 13 2
231 465
1 13 2
196 253
1 4 2
84 340
1 14 2
312 357
1 2 2
242 341
1 2 2
226 499
1 6 2
427 492
1 14 2
22 484
1 11 2
281 441
1 6 2
37 190
1 9 2
269 340
1 5 2
44 235
1 9 2
342 478
1 7 2
13 29
1 14 2
225 341
1 12 2
288 344
1 14 2
228 449
1 5 2
195 236
1 2 2
354 436
1 11 2
101 364
1 13 2
195 466
1 5 2
29 261
1 10 2
207 489
1 14 2
434 451
1 3 2
99 252
1 3 2
431 446
1 6 2
238 390
1 15 2
144 397
1 15 2
241 343
1 2 2
300 471
1 8 2
360 378
1 9 2
67 390
1 8 2
109 368
1 4 2
98 407
1 2 2
205 391
1 12 2
347 382
1 13 2
87 344
1 11 2
180 258
1 7 2
277 379
1 6 2
265 395
1 13 2
156 212
1 3 2
58 212
1 12 2
63 471
1 2 2
379 459
1 6 2
279 296
1 7 2
247 346
1 3 2
423 486
1 5 2
335 385
1 3 2
162 470
1 14 2
53 146
1 15 2
362 473
1 5 2
119 353
1 7 2
104 113
1 7 2
268 461
1 7 2
94 472
1 8 2
172 250
1 2 2
72 251
1 4 2
39 295
1 15 2
26 363
1 15 2
128 480
1 5 2
113 358
1 15 2
57 455
1 11 2
138 246
1 7 2
69 264
1 8 2
105 391
1 5 2
370 445
1 5 2
109 399
1 13 2
161 189
1 10 2
69 99
1 15 2
88 172
1 9 2
297 443
1 4 2
109 468
1 11 2
196 267
1 6 2
154 172
1 14 2
384 429
1 14 2
26 31
1 11 2
336 358
1 4 2
165 398
1 9 2
61 254
1 14 2
326 364
1 11 2
54 118
1 15 2
94 122
1 2 2
434 477
1 3 2
316 420
1 13 2
425 471
1 4 2
38 176
1 9 2
278 329
1 4 2
165 401
1 9 2
313 466
1 15 2
276 481
1 14 2
46 219
1 15 2
152 247
1 13 2
244 331
1 9 2
274 361
1 10 2
375 403
1 15 2
5 467
1 4 2
140 401
1 10 2
221 359
1 8 2
151 221
1 2 2
210 482
1 6 2
44 429
1 13 2
110 303
1 14 2
142 376
1 7 2
138 206
1 13 2
238 283
1 6 2
208 231
1 13 2
220 264
1 6 2
123 368
1 6 2
90 496
1 8 2
60 160
1 6 2
85 408
1 2 2
38 373
1 9 2
44 388
1 10 2
175 275
1 12 2
88 184
1 12 2
312 457
1 3 2
222 460
1 12 2
154 255
1 11 2
52 358
1 10 2
46 226
1 12 2
33 149
1 6 2
66 252
1 3 2
320 406
1 3 2
64 469
1 6 2
18 442
1 15 2
12 307
1 12 2
344 375
1 14 2
143 454
1 14 2
58 177
1 4 2
389 417
1 14 2
10 152
1 13 2
293 398
1 15 2
113 433
1 15 2
3 269
1 14 2
175 372
1 2 2
327 348
1 10 2
26 154
1 8 2
233 355
1 9 2
69 154
1 12 2
130 267
1 13 2
205 404
1 12 2
46 319
1 7 2
112 309
1 8 2
2 156
1 9 2
343 371
1 5 2
110 188
1 12 2
263 458
1 11 2
210 341
1 3 2
399 425
1 14 2
10 347
1 6 2
11 409
1 8 2
100 161
1 9 2
130 176
1 9 2
291 369
1 2 2
445 498
1 15 2
53 269
1 14 2
56 190
1 2 2
72 259
1 11 2
215 278
1 12 2
56 199
1 5 2
294 335
1 3 2
381 396
1 13 2
3 208
1 5 2
13 254
1 6 2
201 346
1 15 2
72 285
1 3 2
50 399
1 14 2
136 188
1 4 2
251 397
1 7 2
109 488
1 15 2
57 329
1 7 2
40 339
1 4 2
57 272
1 13 2
250 317
1 6 2
161 263
1 6 2
198 281
1 15 2
278 366
1 6 2
218 307
1 7 2
23 94
1 13 2
98 106
1 9 2
246 452
1 5 2
290 403
1 5 2
30 445
1 12 2
60 314
1 11 2
281 302
1 5 2
246 446
1 8 2
265 457
1 7 2
343 491
1 13 2
298 426
1 5 2
56 366
1 14 2
127 326
1 11 2
141 392
1 12 2
22 83
1 14 2
119 333
1 14 2
120 236
1 7 2
63 143
1 6 2
268 457
1 14 2
17 83
1 3 2
65 179
1 5 2
9 178
1 14 2
400 483
1 15 2
300 311
1 5 2
138 383
1 2 2
370 441
1 7 2
188 326
1 7 2
10 323
1 15 2
39 498
1 15 2
173 246
1 15 2
58 454
1 15 2
253 419
1 2 2
349 488
1 13 2
270 418
1 8 2
116 492
1 7 2
167 214
1 13 2
105 242
1 10 2
263 357
1 13 2
348 391
1 6 2
6 346
1 11 2
123 475
1 14 2
28 266
1 14 2
157 280
1 10 2
150 157
1 11 2
84 321
1 5 2
54 310
1 5 2
356 408
1 6 2
164 342
1 6 2
117 395
1 7 2
64 366
1 14 2
91 414
1 14 2
176 180
1 8 2
162 313
1 5 2
195 198
1 6 2
363 497
1 15 2
378 381
1 4 2
134 158
1 14 2
172 498
1 2 2
12 430
1 8 2
276 455
1 13 2
27 248
1 12 2
450 499
1 15 2
309 375
1 5 2
304 461
1 9 2
135 457
1 12 2
95 388
1 5 2
124 494
1 12 2
392 497
1 2 2
38 157
1 14 2
345 456
1 10 2
93 121
1 7 2
124 268
1 15 2
288 457
1 9 2
313 394
1 15 2
82 475
1 2 2
43 114
1 10 2
41 300
1 5 2
196 448
1 14 2
438 493
1 11 2
316 449
1 6 2
285 408
1 3 2
39 389
1 9 2
63 96
1 9 2
194 284
1 13 2
363 474
1 12 2
275 360
1 9 2
110 350
1 9 2
396 457
1 13 2
125 318
1 15 2
87 121
1 3 2
136 390
1 12 2
94 432
1 4 2
29 110
1 13 2
299 384
1 7 2
290 358
1 10 2
137 328
1 2 2
39 452
1 15 2
316 364
1 7 2
62 132
1 4 2
218 417
1 14 2
166 478
1 3 2
18 404
1 7 2
395 403
1 2 2
288 315
1 12 2
287 334
1 13 2
131 298
1 11 2
105 264
1 11 2
191 253
1 4 2
189 381
1 10 2
25 403
1 8 2
86 212
1 9 2
182 308
1 10 2
247 362
1 11 2
253 465
1 12 2
112 492
1 5 2
293 308
1 6 2
304 316
1 15 2
313 342
1 7 2
114 389
1 3 2
333 464
1 2 2
83 197
1 12 2
18 120
1 10 2
128 478
1 12 2
16 93
1 10 2
323 403
1 9 2
45 262
1 6 2
295 437
1 15 2
332 460
1 4 2
388 469
1 10 2
303 312
1 15 2
100 115
1 13 2
65 100
1 10 2
55 255
1 5 2
268 328
1 7 2
352 397
1 11 2
173 207
1 3 2
235 383
1 5 2
105 464
1 8 2
318 492
1 2 2
320 491
1 11 2
149 480
1 5 2
158 359
1 9 2
228 279
1 9 2
67 121
1 14 2
273 331
1 7 2
446 495
1 2 2
32 99
1 6 2
143 499
1 15 2
112 244
1 5 2
30 125
1 3 2
31 285
1 15 2
323 462
1 12 2
177 463
1 5 2
200 208
1 12 2
6 499
1 5 2
394 447
1 14 2
277 444
1 14 2
91 253
1 9 2
271 479
1 12 2
168 413
1 10 2
240 366
1 11 2
10 478
1 2 2
323 407
1 13 2
101 285
1 7 2
191 315
1 10 2
219 220
1 15 2
70 184
1 11 2
131 277
1 5 2
98 436
1 15 2
404 410
1 12 2
20 130
1 7 2
183 193
1 14 2
2 74
1 2 2
105 465
1 3 2
146 442
1 7 2
285 355
1 11 2
250 445
1 5 2
168 205
1 9 2
52 492
1 6 2
4 121
1 10 2
19 288
1 8 2
6 278
1 9 2
128 424
1 11 2
45 76
1 8 2
46 250
1 7 2
297 321
1 4 2
108 496
1 5 2
170 455
1 7 2
90 318
1 2 2
72 270
1 6 2
13 237
1 3 2
83 324
1 9 2
251 480
1 2 2
38 305
1 5 2
176 243
1 13 2
7 47
1 10 2
246 252
1 15 2
402 446
1 11 2
137 393
1 4 2
261 311
1 15 2
29 324
1 7 2
112 402
1 10 2
11 445
1 7 2
4 38
1 9 2
134 332
1 10 2
168 273
1 10 2
178 357
1 14 2
365 426
1 8 2
193 261
1 11 2
94 422
1 10 2
195 435
1 8 2
214 497
1 7 2
231 248
1 15 2
83 493
1 13 2
68 267
1 6 2
303 355
1 7 2
245 270
1 11 2
166 286
1 5 2
468 469
1 2 2
230 416
1 9 2
389 426
1 10 2
21 217
1 15 2
223 423
1 15 2
328 354
1 12 2
80 474
1 4 2
85 342
1 11 2
27 173
1 3 2
293 360
1 6 2
123 128
1 9 2
5 8
1 5 2
203 376
1 11 2
233 415
1 3 2
126 422
1 11 2
163 300
1 9 2
112 154
1 14 2
73 239
1 14 2
41 343
1 15 2
48 418
1 5 2
400 452
1 10 2
118 241
1 13 2
174 360
1 6 2
4 429
1 12 2
94 390
1 11 2
46 258
1 4 2
97 431
1 9 2
64 155
1 10 2
64 358
1 14 2
199 428
1 15 2
132 150
1 3 2
273 466
1 13 2
232 330
1 11 2
114 161
1 6 2
33 87
1 4 2
123 417
1 5 2
11 225
1 7 2
206 231
1 14 2
96 276
1 11 2
13 138
1 11 2
33 74
1 4 2
390 483
1 15 2
422 486
1 3 2
368 475
1 2 2
330 394
1 4 2
233 378
1 12 2
259 408
1 13 2
418 458
1 5 2
57 177
1 3 2
43 316
1 8 2
90 137
1 4 2
73 112
1 11 2
279 486
1 9 2
81 311
1 14 2
111 381
1 13 2
331 486
1 4 2
426 462
1 13 2
291 422
1 9 2
266 440
1 9 2
48 428
1 10 2
118 163
1 5 2
134 303
1 14 2
55 128
1 7 2
349 460
1 6 2
111 291
1 6 2
2 105
1 14 2
385 443
1 6 2
202 343
1 13 2
20 84
1 4 2
151 394
1 6 2
154 230
1 11 2
234 266
1 7 2
196 301
1 4 2
219 386
1 12 2
66 382
1 11 2
106 211
1 2 2
59 364
1 7 2
215 231
1 7 2
363 374
1 9 2
470 472
1 6 2
194 318
1 13 2
98 303
1 12 2
50 234
1 2 2
68 167
1 7 2
230 352
1 10 2
170 470
1 10 2
88 230
1 10 2
67 256
1 14 2
140 343
1 5 2
54 222
1 11 2
100 213
1 4 2
95 226
1 4 2
150 317
1 9 2
336 415
1 2 2
491 492
1 4 2
69 309
1 2 2
230 403
1 2 2
343 414
1 8 2
296 372
1 15 2
70 85
1 4 2
387 408
1 4 2
162 168
1 5 2
226 407
1 14 2
12 428
1 15 2
4 231
1 5 2
136 338
1 9 2
6 316
1 4 2
76 306
1 15 2
323 383
1 13 2
280 465
1 3 2
8 184
1 11 2
309 366
1 12 2
223 304
1 3 2
86 202
1 11 2
231 459
1 12 2
17 350
1 9 2
386 499
1 3 2
149 383
1 5 2
84 439
1 2 2
60 157
1 15 2
395 454
1 3 2
135 255
1 12 2
295 451
1 2 2
188 487
1 11 2
39 387
1 4 2
300 434
1 13 2
36 203
1 15 2
6 162
1 10 2
110 344
1 15 2
378 478
1 5 2
18 197
1 10 2
121 198
1 13 2
179 292
1 14 2
281 385
1 12 2
74 287
1 3 2
28 290
1 11 2
159 293
1 15 2
290 402
1 4 2
204 366
1 6 2
33 137
1 2 2
0 255
1 11 2
209 233
1 15 2
233 380
1 8 2
15 410
1 15 2
271 361
1 6 2
47 62
1 14 2
48 272
1 5 2
101 156
1 14 2
83 336
1 15 2
447 497
1 7 2
134 151
1 15 2
42 285
1 11 2
433 435
1 6 2
102 362
1 13 2
113 253
1 11 2
36 78
1 13 2
392 474
1 7 2
195 308
1 4 2
118 141
1 15 2
475 490
1 4 2
56 360
1 3 2
0 257
1 12 2
318 323
1 5 2
234 274
1 8 2
111 289
1 8 2
137 384
1 7 2
63 426
1 15 2
281 391
1 14 2
102 134
1 12 2
63 70
1 8 2
433 461
1 12 2
120 423
1 6 2
127 198
1 3 2
58 184
1 10 2
66 70
1 11 2
277 427
1 4 2
144 390
1 7 2
162 229
1 10 2
219 494
1 6 2
4 357
1 11 2
3 203
1 7 2
21 470
1 15 2
261 439
1 2 2
122 342
1 2 2
244 333
1 8 2
289 366
1 15 2
77 308
1 5 2
124 314
1 9 2
58 85
1 15 2
358 403
1 9 2
216 409
1 14 2
296 346
1 6 2
146 190
1 10 2
182 238
1 9 2
17 405
1 14 2
48 100
1 7 2
272 494
1 9 2
265 311
1 11 2
184 307
1 2 2
210 282
1 6 2
125 270
1 2 2
219 493
1 7 2
148 230
1 9 2
275 287
1 6 2
88 127
1 15 2
140 359
1 9 2
76 103
1 15 2
259 310
1 7 2
447 475
1 15 2
173 346
1 5 2
355 471
1 6 2
80 387
1 14 2
192 285
1 14 2
243 284
1 7 2
322 407
1 12 2
111 438
1 8 2
235 352
1 5 2
25 234
1 5 2
143 200
1 4 2
5 481
1 10 2
176 346
1 10 2
152 384
1 4 2
198 315
1 14 2
249 250
1 4 2
121 457
1 7 2
22 116
1 8 2
118 232
1 5 2
145 387
1 5 2
358 439
1 6 2
9 158
1 8 2
121 129
1 6 2
57 444
1 8 2
249 489
1 12 2
166 459
1 5 2
78 310
1 4 2
20 268
1 11 2
287 291
1 6 2
116 220
1 7 2
180 275
1 3 2
358 446
1 11 2
110 175
1 12 2
215 450
1 2 2
82 173
1 13 2
243 370
1 12 2
33 158
1 15 2
409 476
1 13 2
95 200
1 11 2
117 482
1 10 2
95 366
1 7 2
74 317
1 7 2
189 318
1 3 2
145 249
1 5 2
164 243
1 13 2
119 455
1 2 2
33 369
1 7 2
92 344
1 13 2
161 448
1 7 2
365 424
1 14 2
139 460
1 4 2
2 76
1 4 2
348 448
1 9 2
135 220
1 2 2
98 205
1 10 2
16 177
1 12 2
113 491
1 12 2
33 219
1 13 2
169 460
1 13 2
390 449
1 5 2
128 433
1 12 2
143 289
1 9 2
173 236
1 7 2
244 347
1 6 2
425 447
1 2 2
176 184
1 14 2
297 481
1 4 2
87 317
1 2 2
216 460
1 5 2
46 291
1 6 2
363 397
1 3 2
54 75
1 13 2
335 485
1 12 2
7 498
1 15 2
131 297
1 5 2
268 439
1 13 2
22 138
1 3 2
175 196
1 13 2
174 420
1 9 2
226 353
1 5 2
100 462
1 5 2
156 434
1 3 2
368 481
1 6 2
57 262
1 15 2
208 336
1 5 2
368 463
1 3 2
189 230
1 2 2
77 92
1 5 2
367 481
1 10 2
10 303
1 3 2
161 417
1 8 2
154 214
1 5 2
47 51
1 13 2
89 305
1 7 2
152 258
1 15 2
422 445
1 11 2
219 345
1 8 2
28 345
1 14 2
300 324
1 13 2
302 304
1 15 2
20 258
1 6 2
28 445
1 14 2
251 404
1 7 2
323 402
1 12 2
11 498
1 9 2
169 340
1 9 2
392 416
1 5 2
164 374
1 7 2
177 330
1 15 2
439 460
1 3 2
410 432
1 5 2
67 337
1 13 2
240 472
1 6 2
124 376
1 14 2
165 343
1 13 2
400 476
1 6 2
450 474
1 4 2
183 489
1 11 2
414 474
1 12 2
119 207
1 6 2
63 499
1 10 2
96 235
1 9 2
291 478
1 9 2
227 382
1 2 2
39 210
1 15 2
269 341
1 12 2
267 361
1 8 2
67 130
1 7 2
298 440
1 14 2
175 325
1 7 2
202 239
1 5 2
88 212
1 7 2
21 189
1 2 2
87 135
1 3 2
92 484
1 12 2
158 388
1 12 2
2 51
1 14 2
29 102
1 3 2
333 384
1 14 2
266 465
1 8 2
339 472
1 3 2
70 312
1 9 2
143 260
1 9 2
442 444
1 6 2
161 180
1 8 2
127 166
1 7 2
194 394
1 8 2
55 116
1 14 2
275 469
1 13 2
97 148
1 7 2
39 434
1 5 2
214 493
1 6 2
166 234
1 7 2
430 468
1 2 2
87 311
1 4 2
46 352
1 8 2
179 248
1 4 2
270 337
1 10 2
105 380
1 9 2
145 487
1 5 2
165 447
1 15 2
159 221
1 9 2
113 115
1 3 2
97 170
1 7 2
224 285
1 12 2
28 437
1 10 2
119 226
1 14 2
99 437
1 3 2
166 359
1 14 2
29 372
1 2 2
24 66
1 15 2
131 469
1 4 2
181 266
1 9 2
76 92
1 4 2
78 437
1 7 2
158 439
1 3 2
111 391
1 13 2
220 228
1 4 2
329 466
1 13 2
210 332
1 12 2
122 139
1 14 2
453 462
1 9 2
325 331
1 9 2
192 259
1 3 2
200 245
1 6 2
209 398
1 3 2
247 305
1 2 2
197 439
1 15 2
124 281
1 7 2
263 335
1 11 2
136 430
1 11 2
338 341
1 9 2
110 173
1 7 2
257 290
1 12 2
68 296
1 8 2
266 438
1 2 2
414 420
1 14 2
167 416
1 13 2
298 345
1 4 2
51 308
1 9 2
285 404
1 10 2
185 344
1 4 2
192 440
1 2 2
224 360
1 9 2
166 354
1 8 2
103 402
1 11 2
92 400
1 3 2
210 371
1 15 2
188 247
1 14 2
415 437
1 13 2
71 213
1 14 2
24 169
1 4 2
198 354
1 3 2
327 355
1 9 2
76 279
1 9 2
404 459
1 10 2
160 267
1 11 2
214 441
1 2 2
378 387
1 11 2
192 353
1 4 2
75 302
1 6 2
361 469
1 10 2
125 398
1 15 2
120 429
1 7 2
43 362
1 4 2
81 382
1 14 2
77 273
1 13 2
54 295
1 9 2
151 210
1 7 2
231 420
1 8 2
116 164
1 2 2
18 98
1 13 2
244 352
1 12 2
186 452
1 13 2
403 499
1 5 2
84 290
1 10 2
6 453
1 12 2
49 382
1 7 2
4 107
1 6 2
52 106
1 6 2
356 415
1 6 2
204 334
1 9 2
8 20
1 2 2
118 121
1 7 2
301 443
1 8 2
118 387
1 9 2
41 286
1 11 2
137 226
1 15 2
102 252
1 15 2
91 382
1 10 2
388 425
1 3 2
190 381
1 7 2
447 485
1 10 2
29 414
1 7 2
328 380
1 10 2
242 418
1 14 2
148 361
1 9 2
171 305
1 15 2
25 125
1 9 2
257 267
1 4 2
25 76
1 7 2
188 478
1 6 2
346 498
1 3 2
261 430
1 12 2
175 284
1 4 2
63 184
1 3 2
139 359
1 10 2
53 115
1 5 2
141 444
1 4 2
285 386
1 14 2
30 215
1 9 2
106 181
1 7 2
139 351
1 9 2
20 413
1 9 2
106 342
1 12 2
399 479
1 2 2
238 252
1 15 2
98 381
1 12 2
316 332
1 15 2
220 471
1 5 2
57 319
1 5 2
60 185
1 8 2
72 96
1 15 2
399 455
1 5 2
122 150
1 14 2
60 258
1 11 2
39 490
1 9 2
321 413
1 13 2
159 466
1 3 2
94 393
1 5 2
33 243
1 2 2
53 132
1 14 2
341 446
1 8 2
64 424
1 6 2
125 399
1 10 2
155 409
1 10 2
108 253
