500 3000 2500
21 7 23 9 6 23 11 16 8 12 7 20 19 23 9 16 15 6 22 16 6 20 17 13 10 18 20 6 10 17 17 20 7 22 5 18 25 21 25 21 21 16 10 7 5 11 20 24 17 14 24 13 20 17 21 7 20 16 13 21 20 14 5 14 9 12 9 10 13 23 20 17 7 9 21 13 5 25 15 15 25 10 9 17 5 15 5 24 23 14 22 25 19 8 12 19 18 24 5 6 20 18 24 8 10 13 14 10 5 5 20 25 12 12 21 22 7 24 11 5 8 24 21 23 16 23 10 7 23 19 23 10 19 11 9 17 5 9 11 12 10 17 6 12 18 21 21 22 9 23 21 13 25 9 11 18 22 11 21 23 8 9 11 13 23 15 15 19 25 16 19 20 18 9 14 8 15 17 18 24 7 13 22 7 6 5 22 5 7 13 15 19 24 18 25 7 14 14 17 14 25 19 23 7 18 21 12 11 19 24 18 5 23 11 15 25 10 14 14 10 25 18 22 6 15 6 21 16 15 21 16 15 12 21 11 14 6 21 12 16 16 22 19 10 9 24 22 14 15 15 16 21 14 6 22 18 20 17 15 8 5 10 7 20 18 19 24 25 14 8 7 6 15 25 16 19 8 20 23 22 12 11 22 23 8 11 14 5 14 15 14 5 7 22 11 10 21 5 13 25 7 6 19 23 18 8 23 5 5 23 23 15 16 20 17 20 20 18 11 7 18 23 6 10 17 5 19 21 13 11 19 13 7 9 13 6 14 10 6 9 11 10 16 25 8 19 24 5 23 6 18 11 18 9 12 5 21 17 21 19 7 9 24 9 10 5 17 16 16 22 10 6 8 16 24 9 21 19 20 11 11 23 11 18 16 9 10 10 7 14 8 16 20 25 14 12 6 20 14 21 14 23 23 14 20 20 7 6 12 6 5 10 25 9 5 22 20 13 5 9 23 23 25 20 21 22 23 18 19 5 20 13 8 15 8 17 15 12 8 16 17 18 24 7 7 23 25 20 20 22 10 15 14 24 16 16 9 23 22 17 13 10 14 12 24 23 21 19 24 9 7 21 17 25 11 15 22 16 6 15 11 18 16 6 8 21 6 12 17 18 22 25 13 12 24 24 19 25 16 10
6 3 7 18 11 6 11 12 4 9 13 9 8 10 18 19 5 8 13 12 19 8 11 7 6 17 7 13 10 16 10 20 16 16 15 4 16 7 5 4 4 9 15 5 6 12 19 14 7 14 14 8 19 20 8 5 12 5 8 12 16 9 14 9 3 9 18 5 15 5 13 9 3 11 3 7 13 5 10 3 11 7 11 9 14 14 14 3 10 10 7 6 5 17 9 16 14 9 17 10 4 11 11 17 11 15 14 8 9 12 3 17 8 13 15 14 3 8 18 8 19 7 6 5 4 14 5 5 15 14 14 19 20 15 16 8 16 13 20 9 18 9 16 7 3 12 14 17 4 19 3 15 8 15 17 7 18 9 6 9 12 15 15 3 12 18 16 20 4 10 7 20 6 15 8 13 18 14 4 6 10 4 7 6 19 4 11 11 16 17 17 12 15 16 18 15 13 20 8 10 20 12 17 4 10 18 12 8 16 12 14 7 4 19 5 8 10 3 15 12 10 19 18 5 8 9 11 4 14 19 13 15 9 12 7 3 10 11 15 12 16 5 13 7 19 6 3 16 18 19 5 16 18 15 14 4 14 20 19 3 11 17 16 10 6 11 19 12 17 8 9 5 18 14 6 20 13 13 6 7 7 6 19 5 5 15 7 10 19 17 11 16 4 5 5 12 17 6 4 20 3 3 18 17 10 15 6 6 14 18 13 4 3 11 18 13 9 15 6 10 13 7 17 12 19 11 12 11 5 3 12 20 16 12 6 4 8 7 13 19 3 18 20 4 11 18 15 12 11 13 15 3 9 15 14 6 15 17 6 18 4 12 7 13 4 17 7 11 16 15 10 8 18 15 16 7 6 14 9 7 20 13 6 9 18 16 10 19 3 7 15 3 5 8 5 15 9 16 16 6 16 3 4 9 12 4 12 12 19 5 18 4 16 6 7 18 5 14 6 7 5 18 7 16 13 13 14 10 16 6 7 19 5 12 16 19 15 9 6 13 3 4 17 19 9 10 15 3 7 14 10 12 9 20 19 5 8 15 4 6 15 14 12 16 19 4 7 4 20 13 14 18 19 20 11 19 19 16 7 3 10 5 9 9 9 20 19 11 14 6 19 9 19 14 10 14 17 20 4 18
1 11 2
293 325
1 4 2
81 108
1 9 2
42 149
1 5 2
42 235
1 13 2
76 204
1 10 2
247 287
1 11 2
83 129
1 11 2
78 448
1 9 2
354 449
1 4 2
20 114
1 2 2
269 486
1 7 2
52 447
1 5 2
309 329
1 3 2
324 356
1 14 2
3 245
1 11 2
301 492
1 13 2
243 364
1 4 2
119 206
1 8 2
167 354
1 5 2
192 209
1 3 2
288 432
1 7 2
4 141
1 12 2
351 469
1 4 2
62 157
1 4 2
67 479
1 6 2
78 117
1 13 2
278 419
1 2 2
335 487
1 6 2
136 407
1 5 2
19 181
1 8 2
73 291
1 14 2
26 240
1 8 2
17 270
1 4 2
108 267
1 3 2
274 441
1 6 2
47 61
1 5 2
314 467
1 3 2
87 262
1 11 2
37 256
1 4 2
162 491
1 8 2
184 240
1 4 2
483 491
1 8 2
14 465
1 9 2
238 417
1 2 2
308 440
1 3 2
241 392
1 10 2
284 364
1 8 2
54 198
1 15 2
122 465
1 6 2
216 324
1 11 2
9 215
1 5 2
106 356
1 15 2
112 119
1 5 2
125 172
1 14 2
161 493
1 12 2
0 441
1 10 2
70 267
1 10 2
236 245
1 10 2
335 399
1 5 2
66 96
1 3 2
185 346
1 2 2
181 209
1 11 2
218 290
1 14 2
163 263
1 3 2
252 489
1 4 2
233 467
1 12 2
306 415
1 12 2
108 214
1 2 2
118 204
1 10 2
167 361
1 10 2
48 440
1 12 2
72 206
1 11 2
32 373
1 3 2
80 340
1 13 2
225 296
1 2 2
248 448
1 7 2
153 490
1 4 2
245 305
1 10 2
7 452
1 11 2
334 405
1 7 2
195 230
1 2 2
302 486
1 12 2
145 147
1 12 2
1 356
1 6 2
88 300
1 4 2
85 235
1 9 2
188 481
1 6 2
187 195
1 9 2
285 490
1 7 2
91 371
1 2 2
279 445
1 11 2
9 319
1 4 2
320 475
1 13 2
185 229
1 6 2
244 314
1 13 2
226 280
1 13 2
157 456
1 5 2
204 452
1 9 2
36 278
1 10 2
66 394
1 7 2
84 408
1 9 2
256 498
1 13 2
2 151
1 6 2
193 313
1 12 2
404 411
1 2 2
142 427
1 8 2
208 239
1 4 2
408 453
1 8 2
80 210
1 12 2
397 409
1 11 2
101 145
1 13 2
261 448
1 8 2
27 339
1 10 2
47 163
1 2 2
379 415
1 2 2
71 365
1 14 2
141 381
1 5 2
78 239
1 10 2
12 200
1 9 2
142 180
1 11 2
226 464
1 13 2
245 334
1 3 2
102 417
1 8 2
276 300
1 15 2
38 197
1 8 2
199 342
1 13 2
37 202
1 15 2
160 238
1 3 2
29 213
1 5 2
89 177
1 10 2
86 198
1 7 2
165 489
1 15 2
5 32
1 5 2
154 458
1 10 2
4 123
1 3 2
241 434
1 6 2
44 51
1 11 2
2 28
1 12 2
26 126
1 8 2
124 437
1 4 2
229 403
1 4 2
372 471
1 14 2
345 395
1 10 2
319 488
1 9 2
215 258
1 6 2
359 495
1 15 2
153 489
1 15 2
197 341
1 10 2
267 378
1 13 2
44 369
1 11 2
229 240
1 11 2
58 234
1 15 2
37 84
1 2 2
267 400
1 4 2
257 272
1 15 2
189 284
1 15 2
204 343
1 12 2
65 253
1 4 2
75 96
1 12 2
175 216
1 12 2
115 411
1 12 2
145 177
1 2 2
176 392
1 11 2
299 481
1 13 2
199 485
1 8 2
19 298
1 2 2
86 150
1 2 2
215 389
1 12 2
95 370
1 12 2
26 292
1 2 2
466 498
1 10 2
122 451
1 15 2
154 241
1 14 2
2 452
1 4 2
295 346
1 12 2
215 373
1 3 2
36 182
1 2 2
51 366
1 2 2
266 379
1 13 2
81 134
1 4 2
104 140
1 11 2
327 415
1 12 2
325 393
1 2 2
148 150
1 11 2
156 181
1 11 2
254 300
1 10 2
62 283
1 4 2
14 357
1 10 2
167 392
1 5 2
109 236
1 3 2
150 362
1 14 2
37 53
1 10 2
269 305
1 3 2
232 430
1 10 2
99 476
1 4 2
310 361
1 8 2
97 320
1 12 2
65 374
1 13 2
99 452
1 12 2
388 479
1 9 2
59 130
1 7 2
131 227
1 5 2
338 454
1 14 2
441 491
1 13 2
156 207
1 9 2
46 56
1 10 2
194 499
1 12 2
74 132
1 14 2
118 447
1 8 2
168 339
1 12 2
76 106
1 7 2
227 410
1 5 2
433 447
1 4 2
16 335
1 10 2
93 453
1 14 2
200 394
1 6 2
255 370
1 10 2
34 408
1 5 2
132 435
1 15 2
449 475
1 3 2
109 394
1 9 2
334 406
1 15 2
206 306
1 3 2
198 424
1 3 2
41 137
1 13 2
331 361
1 5 2
427 492
1 4 2
265 485
1 6 2
137 273
1 15 2
32 391
1 11 2
137 216
1 15 2
247 385
1 15 2
113 486
1 2 2
354 446
1 4 2
18 204
1 5 2
227 428
1 12 2
151 367
1 2 2
167 232
1 11 2
72 254
1 15 2
298 352
1 5 2
34 42
1 10 2
47 334
1 12 2
142 310
1 13 2
149 472
1 14 2
240 374
1 3 2
266 312
1 11 2
87 182
1 5 2
401 446
1 14 2
49 168
1 13 2
232 400
1 8 2
231 437
1 13 2
346 418
1 2 2
399 405
1 15 2
197 461
1 6 2
89 370
1 2 2
63 316
1 5 2
235 294
1 2 2
369 378
1 13 2
394 457
1 14 2
240 475
1 14 2
104 137
1 4 2
18 323
1 3 2
3 153
1 5 2
100 289
1 7 2
70 423
1 4 2
129 357
1 7 2
145 331
1 13 2
197 429
1 14 2
89 315
1 8 2
24 321
1 9 2
258 337
1 12 2
111 358
1 9 2
207 286
1 5 2
227 418
1 2 2
139 180
1 4 2
144 397
1 2 2
286 389
1 15 2
352 358
1 6 2
84 159
1 13 2
12 189
1 4 2
113 437
1 7 2
315 417
1 5 2
330 475
1 12 2
82 368
1 9 2
231 466
1 8 2
327 331
1 7 2
155 234
1 13 2
103 458
1 2 2
191 486
1 4 2
182 264
1 4 2
22 233
1 8 2
222 413
1 4 2
150 397
1 6 2
81 152
1 7 2
90 98
1 12 2
158 497
1 13 2
252 423
1 10 2
427 498
1 8 2
212 434
1 7 2
25 197
1 4 2
315 378
1 13 2
248 409
1 11 2
351 452
1 13 2
8 355
1 7 2
58 64
1 4 2
1 450
1 12 2
10 410
1 11 2
307 335
1 2 2
42 58
1 14 2
201 329
1 12 2
315 411
1 8 2
149 421
1 5 2
8 102
1 13 2
482 485
1 3 2
65 432
1 7 2
150 371
1 8 2
94 150
1 13 2
151 472
1 11 2
27 123
1 11 2
48 108
1 6 2
182 416
1 9 2
132 179
1 8 2
163 347
1 14 2
164 204
1 5 2
252 339
1 5 2
215 233
1 12 2
158 232
1 13 2
126 277
1 6 2
110 423
1 11 2
157 161
1 8 2
229 323
1 7 2
192 317
1 15 2
7 451
1 2 2
293 426
1 11 2
108 154
1 14 2
197 367
1 9 2
28 370
1 7 2
125 189
1 6 2
191 281
1 6 2
5 280
1 14 2
130 207
1 14 2
248 295
1 6 2
373 384
1 15 2
90 489
1 3 2
397 481
1 4 2
358 438
1 7 2
149 384
1 9 2
187 314
1 8 2
37 121
1 11 2
273 401
1 9 2
17 80
1 11 2
165 473
1 7 2
276 357
1 3 2
88 350
1 13 2
32 492
1 10 2
278 396
1 15 2
44 53
1 14 2
187 237
1 13 2
102 425
1 13 2
233 411
1 13 2
91 459
1 5 2
239 271
1 5 2
228 496
1 12 2
209 227
1 2 2
23 379
1 11 2
261 301
1 6 2
91 179
1 4 2
241 324
1 12 2
195 307
1 3 2
166 394
1 3 2
16 468
1 11 2
345 471
1 5 2
28 225
1 6 2
103 217
1 13 2
194 344
1 7 2
173 339
1 12 2
287 433
1 2 2
8 74
1 6 2
252 271
1 13 2
219 316
1 11 2
232 451
1 14 2
225 346
1 8 2
235 374
1 4 2
90 333
1 7 2
321 382
1 3 2
191 254
1 6 2
89 438
1 14 2
87 450
1 6 2
105 272
1 2 2
265 274
1 8 2
248 450
1 15 2
153 219
1 3 2
2 236
1 10 2
178 445
1 11 2
9 433
1 7 2
446 458
1 13 2
242 332
1 11 2
343 404
1 9 2
85 211
1 11 2
20 313
1 8 2
185 353
1 7 2
335 495
1 11 2
91 200
1 10 2
93 99
1 15 2
131 330
1 13 2
43 87
1 13 2
50 445
1 10 2
340 342
1 5 2
212 427
1 15 2
74 462
1 5 2
27 291
1 10 2
37 468
1 15 2
293 466
1 4 2
297 444
1 15 2
42 251
1 14 2
28 171
1 3 2
74 325
1 11 2
449 479
1 8 2
155 232
1 8 2
242 367
1 4 2
114 439
1 8 2
17 77
1 12 2
9 59
1 5 2
332 345
1 9 2
383 415
1 3 2
188 273
1 15 2
16 316
1 13 2
196 449
1 11 2
61 349
1 2 2
74 495
1 6 2
108 255
1 4 2
316 317
1 3 2
13 233
1 13 2
90 491
1 4 2
9 140
1 11 2
429 479
1 12 2
122 310
1 11 2
121 499
1 12 2
263 434
1 4 2
159 495
1 9 2
221 393
1 8 2
66 189
1 8 2
36 148
1 12 2
468 497
1 5 2
420 488
1 11 2
78 120
1 4 2
240 394
1 13 2
93 97
1 10 2
129 339
1 15 2
25 67
1 5 2
238 405
1 13 2
40 376
1 6 2
172 380
1 8 2
236 407
1 8 2
207 251
1 7 2
144 498
1 15 2
45 290
1 7 2
306 316
1 10 2
55 459
1 4 2
151 437
1 11 2
100 469
1 7 2
234 390
1 11 2
426 469
1 7 2
216 330
1 7 2
141 489
1 2 2
158 211
1 13 2
169 340
1 7 2
195 241
1 14 2
2 389
1 14 2
21 270
1 7 2
389 496
1 13 2
17 65
1 3 2
304 478
1 8 2
148 406
1 4 2
126 434
1 2 2
380 401
1 3 2
180 395
1 12 2
398 418
1 5 2
25 306
1 2 2
81 279
1 15 2
183 215
1 7 2
95 324
1 8 2
1 290
1 8 2
299 353
1 5 2
449 477
1 6 2
19 472
1 12 2
58 195
1 11 2
101 244
1 2 2
37 116
1 11 2
26 466
1 14 2
250 343
1 13 2
118 191
1 9 2
45 311
1 8 2
196 331
1 14 2
11 435
1 11 2
10 139
1 2 2
106 171
1 8 2
285 291
1 8 2
71 492
1 3 2
80 118
1 3 2
310 481
1 10 2
378 499
1 6 2
63 403
1 15 2
16 155
1 13 2
126 163
1 15 2
121 129
1 14 2
152 158
1 7 2
225 368
1 11 2
304 424
1 10 2
286 449
1 3 2
120 234
1 10 2
113 301
1 3 2
430 498
1 11 2
111 220
1 14 2
8 401
1 3 2
124 459
1 9 2
284 312
1 7 2
72 322
1 8 2
11 32
1 15 2
234 405
1 4 2
84 284
1 3 2
323 378
1 5 2
29 331
1 10 2
220 393
1 14 2
60 418
1 8 2
243 481
1 11 2
85 306
1 5 2
175 247
1 13 2
121 169
1 14 2
154 422
1 9 2
119 388
1 11 2
216 286
1 15 2
119 384
1 3 2
346 439
1 15 2
68 360
1 14 2
244 326
1 3 2
167 403
1 8 2
125 224
1 12 2
0 378
1 3 2
372 446
1 2 2
33 327
1 3 2
241 479
1 4 2
130 321
1 8 2
210 378
1 9 2
251 255
1 11 2
90 429
1 3 2
195 349
1 10 2
246 392
1 14 2
265 439
1 5 2
262 269
1 3 2
194 482
1 10 2
8 222
1 2 2
352 446
1 12 2
281 416
1 13 2
14 343
1 14 2
148 322
1 8 2
59 398
1 12 2
245 269
1 14 2
91 201
1 15 2
253 459
1 2 2
310 320
1 2 2
8 477
1 5 2
203 255
1 3 2
25 263
1 2 2
230 472
1 4 2
172 185
1 13 2
256 288
1 11 2
64 493
1 4 2
234 330
1 14 2
366 407
1 9 2
64 359
1 13 2
225 477
1 8 2
25 495
1 11 2
225 331
1 2 2
473 478
1 2 2
240 411
1 7 2
79 402
1 10 2
147 417
1 9 2
0 367
1 6 2
119 133
1 8 2
105 145
1 11 2
93 197
1 9 2
207 480
1 6 2
296 387
1 10 2
138 469
1 6 2
120 316
1 13 2
378 453
1 9 2
82 479
1 10 2
438 489
1 7 2
352 444
1 10 2
314 466
1 2 2
43 422
1 7 2
19 234
1 10 2
15 268
1 13 2
41 117
1 13 2
287 306
1 4 2
118 449
1 12 2
377 483
1 11 2
41 477
1 7 2
11 116
1 3 2
80 401
1 5 2
69 120
1 5 2
1 145
1 5 2
25 124
1 2 2
374 433
1 7 2
253 451
1 8 2
164 363
1 9 2
90 221
1 6 2
249 474
1 8 2
184 375
1 3 2
320 469
1 4 2
331 467
1 5 2
154 251
1 15 2
101 274
1 7 2
361 479
1 4 2
143 197
1 14 2
178 377
1 15 2
12 103
1 6 2
106 125
1 9 2
82 474
1 15 2
234 444
1 6 2
11 279
1 6 2
228 254
1 7 2
84 329
1 6 2
93 100
1 4 2
73 271
1 5 2
51 216
1 7 2
245 489
1 3 2
335 410
1 10 2
288 318
1 13 2
106 134
1 12 2
158 474
1 10 2
70 461
1 10 2
148 274
1 8 2
334 393
1 10 2
126 289
1 8 2
95 136
1 11 2
39 40
1 14 2
286 428
1 8 2
339 357
1 11 2
23 41
1 8 2
320 360
1 7 2
45 282
1 4 2
8 466
1 12 2
227 486
1 6 2
297 406
1 14 2
177 315
1 11 2
12 447
1 3 2
183 216
1 9 2
51 435
1 12 2
5 494
1 5 2
230 279
1 10 2
87 150
1 6 2
13 424
1 2 2
143 487
1 6 2
325 485
1 12 2
94 356
1 6 2
29 151
1 9 2
10 491
1 14 2
107 460
1 5 2
233 433
1 10 2
58 469
1 3 2
142 155
1 4 2
179 322
1 2 2
206 294
1 6 2
231 395
1 2 2
57 439
1 15 2
170 495
1 12 2
102 387
1 2 2
288 315
1 11 2
54 385
1 7 2
309 334
1 7 2
314 412
1 2 2
124 442
1 2 2
383 488
1 2 2
355 449
1 12 2
359 364
1 5 2
365 423
1 12 2
329 488
1 13 2
141 251
1 11 2
95 212
1 3 2
292 314
1 7 2
120 220
1 13 2
102 239
1 4 2
46 215
1 11 2
185 225
1 8 2
117 409
1 10 2
221 243
1 12 2
33 428
1 11 2
268 447
1 13 2
242 352
1 14 2
9 165
1 6 2
29 155
1 4 2
36 194
1 12 2
41 60
1 6 2
486 494
1 12 2
227 255
1 7 2
22 280
1 10 2
99 441
1 13 2
293 471
1 4 2
8 258
1 2 2
69 191
1 12 2
48 150
1 10 2
272 418
1 12 2
336 366
1 14 2
107 352
1 5 2
137 446
1 8 2
296 348
1 4 2
112 373
1 12 2
389 431
1 3 2
37 331
1 11 2
83 370
1 11 2
221 452
1 10 2
51 228
1 5 2
105 186
1 7 2
304 398
1 14 2
31 299
1 4 2
367 399
1 3 2
3 438
1 13 2
75 160
1 10 2
63 246
1 3 2
84 426
1 6 2
284 348
1 3 2
78 160
1 5 2
54 391
1 15 2
395 452
1 12 2
242 372
1 12 2
173 483
1 5 2
93 264
1 2 2
76 402
1 11 2
59 140
1 2 2
363 405
1 13 2
218 303
1 4 2
168 487
1 3 2
63 161
1 14 2
58 280
1 4 2
119 430
1 7 2
324 392
1 13 2
205 225
1 7 2
69 209
1 5 2
56 62
1 15 2
320 467
1 4 2
139 261
1 9 2
53 315
1 5 2
86 88
1 8 2
72 115
1 8 2
228 234
1 12 2
343 414
1 9 2
134 484
1 10 2
8 11
1 7 2
467 499
1 2 2
22 113
1 10 2
178 323
1 5 2
24 215
1 11 2
35 216
1 11 2
248 274
1 5 2
104 286
1 11 2
137 187
1 14 2
135 282
1 4 2
121 391
1 10 2
298 340
1 7 2
102 128
1 13 2
114 294
1 4 2
227 367
1 11 2
62 462
1 9 2
34 136
1 15 2
138 381
1 8 2
53 72
1 13 2
465 470
1 3 2
65 362
1 12 2
173 292
1 12 2
441 499
1 12 2
383 493
1 9 2
61 227
1 7 2
32 233
1 5 2
91 171
1 2 2
194 448
1 13 2
182 293
1 2 2
77 378
1 9 2
314 493
1 9 2
9 419
1 9 2
68 297
1 5 2
108 466
1 11 2
81 336
1 7 2
144 323
1 3 2
102 185
1 9 2
206 431
1 2 2
15 358
1 13 2
221 354
1 9 2
333 486
1 10 2
220 267
1 15 2
226 434
1 4 2
110 380
1 15 2
275 384
1 12 2
326 455
1 3 2
201 304
1 15 2
9 491
1 2 2
330 386
1 10 2
40 117
1 12 2
312 326
1 12 2
225 238
1 10 2
56 283
1 11 2
72 147
1 7 2
249 318
1 12 2
189 423
1 14 2
210 217
1 2 2
49 233
1 3 2
122 285
1 10 2
182 461
1 6 2
343 351
1 11 2
182 265
1 15 2
208 449
1 11 2
66 347
1 12 2
142 400
1 11 2
167 319
1 13 2
287 446
1 3 2
233 483
1 6 2
160 198
1 12 2
8 24
1 15 2
60 211
1 4 2
178 326
1 12 2
202 349
1 14 2
83 397
1 5 2
175 375
1 4 2
32 226
1 7 2
368 481
1 10 2
361 494
1 7 2
190 459
1 8 2
217 365
1 12 2
264 428
1 12 2
42 297
1 11 2
165 405
1 10 2
159 236
1 11 2
320 440
1 14 2
433 490
1 11 2
373 404
1 9 2
35 282
1 12 2
24 113
1 8 2
123 272
1 4 2
14 263
1 7 2
257 319
1 14 2
34 491
1 15 2
41 325
1 7 2
4 101
1 11 2
26 44
1 13 2
147 351
1 12 2
12 278
1 4 2
53 272
1 7 2
88 151
1 13 2
284 389
1 10 2
51 408
1 6 2
3 162
1 4 2
178 236
1 11 2
13 129
1 6 2
147 370
1 12 2
120 452
1 15 2
31 383
1 6 2
43 172
1 4 2
263 359
1 2 2
41 353
1 11 2
431 443
1 11 2
169 469
1 5 2
123 340
1 2 2
28 350
1 9 2
171 187
1 9 2
436 486
1 4 2
165 245
1 14 2
34 465
1 12 2
83 104
1 3 2
107 368
1 14 2
222 396
1 11 2
24 102
1 8 2
57 316
1 2 2
26 153
1 11 2
8 174
1 5 2
267 317
1 6 2
106 294
1 8 2
47 126
1 2 2
2 359
1 7 2
134 239
1 8 2
216 306
1 9 2
442 469
1 7 2
242 338
1 15 2
194 298
1 9 2
195 460
1 6 2
159 344
1 14 2
171 284
1 7 2
139 174
1 3 2
92 208
1 6 2
170 216
1 13 2
247 262
1 2 2
224 287
1 10 2
226 295
1 3 2
0 250
1 4 2
271 313
1 4 2
198 248
1 8 2
182 418
1 11 2
159 458
1 11 2
249 259
1 9 2
423 483
1 4 2
52 85
1 6 2
91 233
1 7 2
455 487
1 14 2
153 255
1 5 2
330 393
1 2 2
123 362
1 11 2
26 395
1 11 2
24 160
1 4 2
15 433
1 13 2
443 447
1 6 2
176 239
1 10 2
300 385
1 15 2
310 322
1 12 2
34 151
1 13 2
327 413
1 8 2
245 261
1 3 2
1 497
1 10 2
60 174
1 6 2
107 155
1 14 2
105 195
1 3 2
141 420
1 4 2
288 435
1 4 2
73 171
1 8 2
222 460
1 10 2
93 308
1 13 2
211 404
1 2 2
150 179
1 4 2
51 314
1 14 2
349 390
1 15 2
19 436
1 15 2
203 432
1 15 2
138 481
1 11 2
6 111
1 2 2
21 446
1 13 2
53 96
1 2 2
100 466
1 7 2
272 494
1 4 2
67 131
1 15 2
298 299
1 9 2
35 47
1 6 2
27 208
1 7 2
196 452
1 6 2
40 430
1 11 2
260 436
1 14 2
7 181
1 2 2
142 492
1 7 2
92 326
1 10 2
88 447
1 15 2
122 268
1 13 2
147 277
1 15 2
379 400
1 3 2
336 488
1 12 2
308 329
1 2 2
5 256
1 9 2
156 284
1 13 2
9 135
1 13 2
7 492
1 6 2
75 262
1 10 2
4 116
1 9 2
192 242
1 7 2
75 231
1 15 2
35 302
1 11 2
43 132
1 13 2
247 456
1 15 2
369 437
1 11 2
44 110
1 7 2
395 499
1 15 2
362 406
1 2 2
9 458
1 6 2
112 435
1 14 2
300 316
1 5 2
72 312
1 6 2
243 315
1 3 2
20 264
1 15 2
10 134
1 7 2
255 430
1 12 2
179 306
1 9 2
350 410
1 8 2
47 255
1 14 2
53 356
1 7 2
404 490
1 7 2
260 388
1 2 2
83 412
1 7 2
129 192
1 13 2
395 417
1 8 2
248 324
1 6 2
491 496
1 12 2
58 135
1 12 2
402 485
1 6 2
417 478
1 11 2
24 39
1 8 2
20 63
1 4 2
205 208
1 4 2
15 457
1 4 2
280 499
1 4 2
429 441
1 8 2
153 482
1 7 2
296 355
1 8 2
305 368
1 12 2
419 452
1 7 2
0 5
1 8 2
174 463
1 11 2
89 350
1 7 2
252 447
1 3 2
268 296
1 14 2
291 456
1 3 2
58 142
1 2 2
189 436
1 13 2
23 386
1 6 2
374 437
1 11 2
317 466
1 11 2
2 8
1 13 2
132 357
1 15 2
13 264
1 6 2
88 341
1 7 2
379 489
1 7 2
17 188
1 13 2
280 462
1 15 2
122 459
1 2 2
125 262
1 2 2
137 196
1 10 2
241 354
1 6 2
305 478
1 6 2
8 162
1 12 2
331 403
1 7 2
53 240
1 4 2
195 486
1 10 2
276 297
1 14 2
154 364
1 7 2
114 285
1 12 2
242 488
1 11 2
255 369
1 5 2
2 335
1 14 2
220 481
1 9 2
470 488
1 15 2
95 289
1 10 2
84 156
1 14 2
73 340
1 5 2
59 170
1 5 2
317 446
1 13 2
103 387
1 5 2
86 264
1 9 2
22 449
1 15 2
238 388
1 7 2
118 351
1 14 2
133 322
1 3 2
34 87
1 14 2
137 390
1 13 2
156 267
1 3 2
44 258
1 13 2
272 410
1 12 2
201 363
1 5 2
78 350
1 7 2
105 231
1 4 2
131 460
1 14 2
304 418
1 8 2
142 387
1 5 2
250 341
1 3 2
282 454
1 6 2
15 357
1 5 2
7 271
1 7 2
170 482
1 4 2
103 189
1 9 2
93 430
1 6 2
81 396
1 8 2
240 321
1 13 2
91 414
1 5 2
67 314
1 7 2
191 265
1 13 2
23 204
1 4 2
241 402
1 9 2
115 170
1 2 2
365 465
1 6 2
102 307
1 4 2
81 84
1 8 2
19 297
1 10 2
217 458
1 9 2
24 262
1 12 2
144 230
1 2 2
43 327
1 5 2
76 115
1 7 2
103 220
1 10 2
180 317
1 2 2
69 151
1 4 2
267 464
1 2 2
226 380
1 15 2
150 273
1 8 2
406 425
1 13 2
166 291
1 8 2
151 330
1 15 2
119 415
1 13 2
236 490
1 6 2
385 429
1 13 2
137 364
1 13 2
84 206
1 9 2
162 358
1 7 2
304 409
1 8 2
357 475
1 3 2
301 349
1 12 2
14 37
1 4 2
108 484
1 5 2
59 420
1 11 2
232 383
1 8 2
413 476
1 11 2
61 176
1 10 2
36 167
1 3 2
307 441
1 2 2
242 444
1 15 2
117 262
1 14 2
200 499
1 15 2
132 364
1 7 2
27 52
1 8 2
284 320
1 15 2
19 223
1 5 2
290 459
1 7 2
237 275
1 5 2
107 408
1 4 2
211 382
1 12 2
110 128
1 14 2
7 276
1 12 2
99 207
1 6 2
189 365
1 8 2
95 258
1 13 2
209 281
1 8 2
90 379
1 8 2
138 445
1 11 2
216 443
1 9 2
240 260
1 15 2
99 375
1 12 2
119 421
1 9 2
85 257
1 14 2
226 272
1 6 2
224 409
1 3 2
292 402
1 8 2
307 401
1 6 2
252 437
1 8 2
205 478
1 3 2
242 314
1 2 2
155 286
1 3 2
162 468
1 12 2
136 422
1 7 2
41 86
1 5 2
48 269
1 3 2
405 470
1 15 2
73 313
1 13 2
214 279
1 2 2
250 456
1 12 2
369 417
1 8 2
333 343
1 8 2
428 442
1 5 2
50 62
1 9 2
322 440
1 11 2
62 180
1 2 2
31 401
1 7 2
247 379
1 13 2
129 163
1 5 2
365 470
1 9 2
244 357
1 4 2
54 401
1 8 2
224 270
1 6 2
31 229
1 11 2
302 422
1 6 2
28 34
1 4 2
143 250
1 10 2
155 285
1 13 2
352 491
1 12 2
301 378
1 2 2
39 237
1 3 2
251 454
1 3 2
100 455
1 11 2
120 380
1 8 2
50 171
1 13 2
296 408
1 12 2
22 480
1 13 2
80 450
1 3 2
289 423
1 14 2
171 297
1 8 2
81 415
1 12 2
213 282
1 13 2
13 127
1 8 2
24 400
1 7 2
313 445
1 13 2
8 312
1 14 2
406 443
1 8 2
210 342
1 14 2
237 259
1 6 2
169 316
1 14 2
157 290
1 6 2
24 467
1 11 2
264 473
1 8 2
279 468
1 9 2
255 472
1 10 2
147 209
1 2 2
70 197
1 9 2
47 60
1 6 2
175 436
1 7 2
111 118
1 4 2
176 495
1 5 2
105 498
1 9 2
215 407
1 5 2
146 263
1 8 2
345 384
1 5 2
179 369
1 7 2
89 431
1 7 2
19 414
1 13 2
149 182
1 7 2
77 303
1 15 2
44 79
1 10 2
209 491
1 3 2
393 435
1 2 2
124 480
1 2 2
143 355
1 11 2
19 158
1 7 2
141 346
1 2 2
77 382
1 4 2
296 389
1 15 2
134 377
1 11 2
260 426
1 14 2
124 174
1 6 2
96 225
1 6 2
202 233
1 14 2
169 400
1 3 2
245 449
1 15 2
382 487
1 2 2
386 449
1 3 2
47 49
1 4 2
137 314
1 2 2
165 487
1 6 2
120 201
1 7 2
108 128
1 7 2
64 460
1 9 2
98 366
1 6 2
35 323
1 12 2
270 393
1 5 2
158 378
1 14 2
112 431
1 6 2
274 470
1 11 2
82 133
1 13 2
97 490
1 8 2
335 371
1 14 2
222 482
1 15 2
277 314
1 2 2
66 70
1 12 2
447 478
1 3 2
365 379
1 7 2
87 91
1 3 2
180 381
1 14 2
87 96
1 7 2
98 406
1 8 2
360 422
1 3 2
100 354
1 13 2
103 337
1 2 2
168 170
1 2 2
91 398
1 15 2
7 269
1 3 2
110 241
1 11 2
299 335
1 12 2
56 139
1 6 2
32 237
1 4 2
103 339
1 5 2
140 285
1 15 2
90 175
1 3 2
321 443
1 4 2
91 298
1 13 2
151 433
1 14 2
15 469
1 7 2
368 451
1 7 2
336 364
1 2 2
79 189
1 11 2
95 396
1 5 2
364 463
1 13 2
369 497
1 4 2
419 490
1 11 2
327 423
1 15 2
316 395
1 7 2
11 213
1 2 2
152 456
1 10 2
21 82
1 8 2
19 372
1 12 2
200 434
1 13 2
162 278
1 12 2
47 318
1 2 2
130 260
1 9 2
14 468
1 7 2
38 348
1 9 2
157 216
1 14 2
269 333
1 2 2
43 490
1 11 2
340 341
1 3 2
50 337
1 11 2
157 305
1 5 2
271 293
1 11 2
288 471
1 5 2
319 481
1 7 2
356 479
1 14 2
359 499
1 8 2
261 342
1 4 2
47 299
1 10 2
374 442
1 15 2
13 31
1 13 2
3 42
1 7 2
111 441
1 12 2
174 340
1 13 2
123 474
1 7 2
209 325
1 5 2
381 485
1 8 2
123 484
1 12 2
38 358
1 10 2
45 428
1 15 2
224 323
1 6 2
332 387
1 4 2
133 413
1 6 2
55 235
1 11 2
66 338
1 7 2
26 354
1 6 2
326 448
1 14 2
92 349
1 14 2
155 206
1 4 2
70 359
1 5 2
308 325
1 6 2
277 464
1 7 2
56 186
1 11 2
419 444
1 13 2
48 316
1 12 2
287 482
1 9 2
214 460
1 11 2
11 192
1 5 2
385 428
1 5 2
234 335
1 9 2
211 395
1 14 2
376 392
1 4 2
344 386
1 8 2
94 242
1 4 2
341 367
1 8 2
183 267
1 7 2
418 495
1 13 2
195 220
1 6 2
61 207
1 8 2
143 456
1 8 2
398 410
1 9 2
85 487
1 2 2
146 436
1 11 2
165 331
1 6 2
31 116
1 5 2
199 331
1 10 2
364 442
1 6 2
98 344
1 14 2
429 458
1 2 2
75 143
1 5 2
180 383
1 5 2
243 332
1 9 2
276 313
1 11 2
95 358
1 5 2
377 452
1 2 2
344 471
1 12 2
310 478
1 10 2
178 475
1 11 2
403 450
1 11 2
102 453
1 3 2
24 434
1 4 2
59 442
1 14 2
6 300
1 15 2
190 378
1 7 2
56 126
1 11 2
63 410
1 12 2
257 362
1 2 2
74 217
1 2 2
213 319
1 7 2
158 419
1 11 2
26 449
1 10 2
162 442
1 7 2
440 464
1 8 2
371 374
1 3 2
165 329
1 3 2
93 232
1 13 2
125 383
1 5 2
131 292
1 3 2
351 463
1 7 2
337 483
1 14 2
278 493
1 10 2
132 311
1 9 2
26 121
1 13 2
126 182
1 12 2
12 432
1 13 2
14 345
1 9 2
38 174
1 4 2
84 456
1 11 2
209 340
1 8 2
333 403
1 12 2
440 488
1 2 2
101 376
1 7 2
468 481
1 10 2
20 409
1 13 2
37 111
1 10 2
17 106
1 14 2
75 396
1 15 2
190 291
1 8 2
219 236
1 4 2
215 401
1 6 2
66 487
1 9 2
3 362
1 11 2
81 469
1 15 2
268 330
1 8 2
92 450
1 10 2
30 222
1 13 2
426 468
1 10 2
228 429
1 2 2
41 496
1 6 2
7 95
1 11 2
196 486
1 5 2
82 221
1 3 2
103 357
1 12 2
460 462
1 5 2
18 431
1 3 2
173 313
1 6 2
79 353
1 12 2
203 452
1 3 2
20 36
1 8 2
257 297
1 5 2
16 65
1 4 2
178 276
1 5 2
319 476
1 7 2
224 336
1 10 2
204 326
1 8 2
133 384
1 9 2
48 201
1 10 2
332 432
1 4 2
155 474
1 3 2
262 397
1 12 2
237 337
1 6 2
49 373
1 2 2
5 77
1 12 2
206 319
1 3 2
199 372
1 7 2
78 483
1 14 2
134 214
1 6 2
37 346
1 13 2
285 355
1 4 2
221 265
1 8 2
67 478
1 14 2
90 353
1 9 2
336 462
1 2 2
186 391
1 13 2
189 239
1 2 2
41 232
1 6 2
19 304
1 9 2
367 379
1 2 2
392 409
1 3 2
150 330
1 8 2
379 460
1 12 2
42 89
1 11 2
202 297
1 2 2
286 296
1 6 2
124 200
1 9 2
95 251
1 9 2
137 355
1 4 2
261 293
1 12 2
193 486
1 9 2
99 153
1 6 2
374 385
1 5 2
472 498
1 12 2
192 444
1 3 2
218 353
1 5 2
29 158
1 15 2
236 266
1 10 2
157 403
1 5 2
231 470
1 9 2
103 375
1 15 2
116 351
1 15 2
285 431
1 8 2
254 353
1 8 2
73 252
1 4 2
223 360
1 12 2
422 468
1 9 2
133 311
1 3 2
52 178
1 14 2
157 361
1 13 2
139 333
1 14 2
302 450
1 2 2
94 379
1 2 2
53 414
1 7 2
136 381
1 4 2
74 170
1 5 2
206 492
1 3 2
114 132
1 9 2
336 374
1 6 2
120 192
1 6 2
397 434
1 10 2
92 361
1 15 2
18 44
1 12 2
61 193
1 5 2
318 389
1 4 2
232 472
1 12 2
102 427
1 13 2
148 161
1 12 2
215 472
1 7 2
78 136
1 6 2
51 334
1 6 2
1 295
1 5 2
388 404
1 9 2
83 231
1 2 2
3 365
1 2 2
73 206
1 6 2
279 388
1 6 2
135 157
1 10 2
240 302
1 12 2
42 97
1 9 2
130 140
1 2 2
47 121
1 10 2
275 453
1 10 2
276 425
1 13 2
363 366
1 9 2
7 237
1 3 2
197 361
1 3 2
304 338
1 7 2
375 443
1 5 2
146 259
1 9 2
30 303
1 12 2
269 487
1 2 2
191 360
1 14 2
182 267
1 5 2
17 212
1 6 2
5 431
1 14 2
214 307
1 7 2
213 263
1 5 2
46 191
1 3 2
329 380
1 10 2
104 158
1 15 2
100 202
1 15 2
39 407
1 12 2
208 287
1 4 2
63 361
1 15 2
94 99
1 7 2
60 135
1 7 2
68 292
1 12 2
131 148
1 11 2
73 478
1 3 2
49 481
1 15 2
24 121
1 9 2
46 282
1 2 2
64 392
1 12 2
90 119
1 6 2
384 473
1 15 2
280 437
1 10 2
39 143
1 15 2
233 270
1 6 2
154 480
1 10 2
258 393
1 2 2
48 102
1 8 2
360 408
1 12 2
65 412
1 9 2
202 316
1 8 2
119 270
1 5 2
174 277
1 4 2
228 498
1 13 2
162 220
1 11 2
169 421
1 4 2
20 210
1 11 2
32 75
1 2 2
254 453
1 9 2
23 237
1 11 2
59 409
1 9 2
116 119
1 15 2
177 357
1 11 2
152 459
1 2 2
0 135
1 8 2
433 448
1 2 2
114 371
1 7 2
308 493
1 10 2
54 199
1 13 2
98 222
1 14 2
77 128
1 13 2
321 482
1 14 2
229 488
1 14 2
5 366
1 3 2
83 367
1 7 2
219 448
1 9 2
393 455
1 13 2
0 452
1 9 2
119 453
1 9 2
22 499
1 6 2
105 439
1 14 2
49 473
1 15 2
350 438
1 10 2
16 185
1 9 2
72 344
1 5 2
39 352
1 14 2
259 430
1 13 2
209 479
1 4 2
37 495
1 8 2
396 474
1 6 2
378 498
1 15 2
97 476
1 2 2
68 155
1 3 2
274 361
1 14 2
384 467
1 8 2
187 454
1 14 2
210 365
1 3 2
345 494
1 9 2
188 498
1 9 2
178 275
1 2 2
131 463
1 10 2
140 387
1 3 2
231 332
1 8 2
79 431
1 11 2
17 154
1 14 2
208 345
1 8 2
371 385
1 13 2
400 456
1 15 2
313 465
1 3 2
153 271
1 9 2
127 358
1 14 2
296 380
1 15 2
23 385
1 10 2
40 204
1 15 2
41 112
1 15 2
277 454
1 13 2
321 323
1 4 2
116 419
1 5 2
460 487
1 15 2
30 94
1 12 2
35 75
1 7 2
5 217
1 6 2
217 325
1 13 2
58 323
1 12 2
44 127
1 5 2
422 442
1 12 2
13 90
1 13 2
34 56
1 12 2
245 411
1 6 2
16 88
1 4 2
219 348
1 5 2
12 52
1 11 2
112 226
1 15 2
91 148
1 12 2
57 151
1 15 2
206 337
1 2 2
191 490
1 3 2
168 463
1 8 2
48 87
1 7 2
281 414
1 12 2
375 440
1 11 2
259 264
1 12 2
268 373
1 12 2
9 325
1 6 2
24 111
1 5 2
92 155
1 5 2
103 231
1 8 2
391 447
1 10 2
241 305
1 7 2
60 388
1 13 2
180 250
1 15 2
118 209
1 15 2
111 491
1 7 2
211 468
1 13 2
91 463
1 3 2
197 404
1 6 2
211 291
1 12 2
246 390
1 5 2
386 481
1 3 2
391 481
1 13 2
196 253
1 7 2
222 321
1 11 2
117 250
1 9 2
58 257
1 14 2
12 72
1 11 2
216 241
1 4 2
29 419
1 5 2
431 453
1 13 2
374 470
1 4 2
68 126
1 2 2
296 456
1 10 2
66 183
1 7 2
23 176
1 8 2
142 412
1 4 2
254 429
1 9 2
310 351
1 2 2
128 438
1 10 2
27 499
1 3 2
136 382
1 10 2
227 439
1 9 2
177 355
1 11 2
239 431
1 4 2
16 191
1 11 2
72 186
1 4 2
323 459
1 15 2
43 411
1 11 2
349 410
1 6 2
186 327
1 4 2
24 130
1 15 2
229 245
1 8 2
257 277
1 14 2
359 427
1 14 2
113 264
1 9 2
207 352
1 5 2
65 132
1 5 2
65 401
1 12 2
44 121
1 10 2
48 398
1 7 2
38 299
1 3 2
144 369
1 7 2
262 472
1 12 2
35 469
1 2 2
18 433
1 11 2
83 336
1 9 2
71 447
1 3 2
326 331
1 13 2
36 157
1 8 2
38 345
1 15 2
106 464
1 11 2
432 488
1 4 2
363 421
1 7 2
252 311
1 2 2
225 320
1 15 2
132 305
1 6 2
139 182
1 15 2
10 163
1 9 2
191 450
1 2 2
132 255
1 9 2
59 193
1 2 2
42 408
1 6 2
132 373
1 6 2
133 465
1 9 2
16 106
1 10 2
85 98
1 2 2
113 267
1 14 2
222 229
1 15 2
99 235
1 5 2
402 441
1 2 2
304 437
1 4 2
98 421
1 8 2
65 448
1 13 2
71 210
1 4 2
57 328
1 8 2
255 457
1 2 2
276 465
1 4 2
149 364
1 7 2
199 248
1 10 2
59 472
1 7 2
267 453
1 5 2
22 299
1 14 2
177 348
1 4 2
271 325
1 8 2
20 184
1 7 2
217 238
1 11 2
15 202
1 3 2
293 352
1 11 2
233 334
1 7 2
80 332
1 6 2
185 335
1 15 2
7 250
1 2 2
92 101
1 5 2
88 401
1 12 2
73 147
1 10 2
126 392
1 6 2
377 382
1 9 2
167 212
1 15 2
5 433
1 11 2
36 462
1 13 2
115 447
1 5 2
491 492
1 12 2
10 493
1 13 2
220 400
1 5 2
248 322
1 4 2
353 412
1 13 2
127 322
1 6 2
30 478
1 15 2
251 462
1 11 2
120 333
1 4 2
279 472
1 11 2
91 151
1 10 2
175 221
1 8 2
225 316
1 9 2
425 453
1 6 2
42 372
1 9 2
179 353
1 5 2
315 415
1 9 2
370 373
1 7 2
360 457
1 5 2
24 76
1 5 2
330 446
1 5 2
93 437
1 8 2
83 494
1 3 2
384 459
1 9 2
33 74
1 15 2
194 435
1 11 2
264 295
1 6 2
271 332
1 13 2
276 349
1 7 2
375 403
1 12 2
38 369
1 15 2
53 412
1 5 2
352 430
1 14 2
100 280
1 10 2
129 298
1 5 2
22 455
1 13 2
259 399
1 8 2
79 335
1 11 2
85 109
1 3 2
264 487
1 2 2
32 236
1 7 2
79 283
1 6 2
47 449
1 2 2
257 471
1 14 2
133 219
1 8 2
194 321
1 11 2
136 163
1 2 2
193 218
1 9 2
68 159
1 5 2
102 199
1 3 2
284 314
1 2 2
72 490
1 3 2
17 181
1 4 2
174 424
1 9 2
139 250
1 6 2
233 465
1 6 2
29 140
1 10 2
96 116
1 7 2
316 376
1 2 2
157 476
1 8 2
106 380
1 7 2
387 430
1 10 2
400 464
1 2 2
97 199
1 3 2
100 126
1 13 2
304 428
1 9 2
13 339
1 5 2
132 244
1 2 2
409 417
1 8 2
52 250
1 2 2
20 284
1 10 2
101 461
1 4 2
249 422
1 12 2
62 433
1 8 2
60 149
1 11 2
289 371
1 6 2
456 492
1 14 2
341 434
1 7 2
195 369
1 8 2
34 235
1 14 2
59 496
1 2 2
25 378
1 4 2
32 250
1 4 2
299 358
1 9 2
23 382
1 8 2
15 395
1 13 2
321 419
1 14 2
64 339
1 7 2
78 431
1 4 2
140 192
1 3 2
124 385
1 12 2
261 418
1 11 2
187 371
1 6 2
117 266
1 2 2
281 356
1 7 2
99 435
1 3 2
133 455
1 9 2
125 201
1 10 2
351 468
1 14 2
57 289
1 11 2
323 470
1 6 2
232 409
1 5 2
99 195
1 7 2
226 440
1 13 2
301 367
1 11 2
194 351
1 3 2
58 88
1 9 2
326 385
1 15 2
59 400
1 11 2
220 247
1 12 2
5 126
1 5 2
60 117
1 6 2
184 406
1 11 2
50 339
1 7 2
245 318
1 6 2
383 384
1 15 2
183 399
1 12 2
248 489
1 13 2
59 490
1 11 2
212 327
1 5 2
176 290
1 10 2
15 472
1 5 2
433 442
1 5 2
216 225
1 8 2
265 314
1 3 2
108 239
1 8 2
290 343
1 5 2
103 440
1 11 2
58 439
1 11 2
99 294
1 11 2
93 412
1 4 2
333 353
1 3 2
153 277
1 12 2
121 405
1 5 2
41 383
1 10 2
210 441
1 12 2
404 434
1 8 2
137 141
1 6 2
61 252
1 3 2
328 333
1 14 2
84 441
1 10 2
344 403
1 14 2
66 93
1 10 2
291 339
1 7 2
137 455
1 3 2
199 374
1 11 2
69 474
1 5 2
55 143
1 9 2
223 257
1 3 2
172 215
1 11 2
195 423
1 10 2
94 395
1 9 2
65 264
1 15 2
97 262
1 5 2
132 439
1 5 2
116 120
1 6 2
344 453
1 10 2
151 464
1 9 2
142 408
1 11 2
4 398
1 5 2
4 464
1 13 2
71 410
1 9 2
321 379
1 11 2
297 368
1 8 2
310 364
1 10 2
275 276
1 2 2
161 277
1 3 2
37 75
1 13 2
85 356
1 12 2
257 342
1 5 2
13 151
1 15 2
159 176
1 13 2
258 279
1 11 2
186 404
1 8 2
155 390
1 6 2
159 453
1 15 2
106 297
1 8 2
116 205
1 14 2
67 324
1 9 2
111 470
1 15 2
73 343
1 7 2
156 401
1 10 2
24 198
1 13 2
92 160
1 8 2
13 316
1 9 2
100 364
1 12 2
247 265
1 8 2
259 331
1 6 2
252 416
1 6 2
179 277
1 9 2
178 440
1 8 2
14 313
1 5 2
113 488
1 8 2
365 404
1 13 2
19 470
1 2 2
240 290
1 12 2
95 461
1 7 2
73 301
1 10 2
354 359
1 3 2
64 379
1 11 2
13 178
1 10 2
125 178
1 9 2
106 328
1 6 2
22 23
1 3 2
306 397
1 3 2
377 468
1 3 2
104 171
1 11 2
349 464
1 4 2
280 416
1 9 2
88 478
1 15 2
182 447
1 14 2
212 421
1 11 2
95 214
1 3 2
7 418
1 14 2
55 217
1 15 2
266 276
1 12 2
22 163
1 5 2
108 147
1 2 2
326 428
1 6 2
112 176
1 3 2
124 198
1 4 2
216 476
1 10 2
194 315
1 2 2
108 344
1 4 2
360 394
1 4 2
141 258
1 3 2
201 302
1 8 2
118 139
1 2 2
67 417
1 2 2
76 390
1 3 2
68 302
1 10 2
310 397
1 13 2
76 284
1 13 2
172 419
1 14 2
306 356
1 10 2
101 418
1 12 2
177 395
1 15 2
259 420
1 5 2
155 296
1 13 2
14 207
1 6 2
340 406
1 12 2
17 230
1 14 2
111 114
1 2 2
57 268
1 14 2
50 264
1 14 2
81 436
1 9 2
65 158
1 2 2
61 477
1 5 2
89 276
1 3 2
65 256
1 9 2
223 472
1 2 2
290 413
1 12 2
40 48
1 9 2
177 312
1 11 2
218 320
1 8 2
58 325
1 10 2
99 363
1 11 2
219 470
1 7 2
289 332
1 2 2
38 361
1 6 2
190 455
1 3 2
214 439
1 5 2
171 472
1 7 2
198 320
1 7 2
140 160
1 2 2
104 344
1 2 2
313 448
1 12 2
35 57
1 5 2
363 462
1 2 2
19 257
1 3 2
0 134
1 2 2
401 427
1 9 2
153 437
1 8 2
106 399
1 4 2
124 243
1 9 2
114 215
1 13 2
56 263
1 8 2
52 163
1 8 2
62 136
1 14 2
207 313
1 3 2
127 292
1 5 2
99 273
1 3 2
272 357
1 2 2
266 362
1 3 2
35 109
1 5 2
150 185
1 13 2
67 266
1 9 2
323 457
1 8 2
110 195
1 12 2
374 491
1 4 2
106 228
1 6 2
203 316
1 7 2
113 365
1 12 2
42 218
1 5 2
77 370
1 12 2
110 302
1 12 2
378 474
1 2 2
128 493
1 8 2
6 178
1 11 2
29 453
1 9 2
323 447
1 4 2
196 312
1 7 2
384 476
1 11 2
173 294
1 2 2
126 159
1 5 2
126 173
1 6 2
99 355
1 4 2
30 104
1 5 2
127 398
1 6 2
21 306
1 5 2
196 281
1 3 2
83 197
1 14 2
19 281
1 8 2
252 444
1 13 2
69 299
1 2 2
183 365
1 12 2
407 467
1 12 2
283 456
1 4 2
22 318
1 4 2
102 206
1 10 2
49 256
1 15 2
105 335
1 3 2
290 312
1 11 2
171 398
1 4 2
383 410
1 4 2
30 57
1 10 2
212 338
1 12 2
289 487
1 2 2
56 144
1 14 2
39 342
1 14 2
365 436
1 6 2
200 473
1 5 2
180 416
1 3 2
91 346
1 4 2
413 445
1 3 2
83 339
1 8 2
82 118
1 3 2
65 190
1 11 2
228 309
1 3 2
4 404
1 14 2
48 203
1 2 2
54 357
1 7 2
26 474
1 12 2
268 336
1 8 2
42 437
1 12 2
41 270
1 9 2
148 293
1 8 2
148 172
1 5 2
367 393
1 12 2
44 177
1 12 2
144 208
1 11 2
190 333
1 4 2
292 311
1 12 2
399 417
1 14 2
365 495
1 2 2
115 213
1 14 2
104 185
1 2 2
17 475
1 2 2
285 406
1 11 2
209 321
1 5 2
179 354
1 7 2
257 434
1 2 2
37 449
1 2 2
88 146
1 2 2
97 461
1 5 2
300 482
1 14 2
68 465
1 12 2
467 487
1 12 2
240 266
1 5 2
272 300
1 3 2
359 447
1 10 2
183 431
1 8 2
218 372
1 5 2
177 465
1 12 2
311 431
1 13 2
185 267
1 15 2
102 212
1 4 2
163 317
1 10 2
68 380
1 14 2
196 284
1 8 2
37 225
1 5 2
172 183
1 11 2
391 457
1 13 2
265 447
1 11 2
224 306
1 8 2
37 91
1 14 2
42 166
1 10 2
237 317
1 13 2
306 426
1 2 2
60 120
1 7 2
350 470
1 6 2
427 433
1 3 2
22 72
1 5 2
8 148
1 6 2
229 270
1 6 2
338 388
1 13 2
439 445
1 7 2
129 190
1 13 2
115 200
1 15 2
103 247
1 7 2
14 402
1 12 2
162 407
1 9 2
65 328
1 5 2
340 464
1 13 2
216 398
1 2 2
219 499
1 4 2
37 319
1 8 2
141 394
1 15 2
38 458
1 2 2
15 104
1 15 2
236 399
1 11 2
47 75
1 15 2
258 372
1 3 2
121 160
1 10 2
11 78
1 7 2
338 471
1 9 2
113 210
1 3 2
86 151
1 4 2
95 356
1 2 2
156 194
1 2 2
48 180
1 7 2
233 347
1 11 2
455 477
1 13 2
9 404
1 12 2
420 496
1 8 2
73 96
1 7 2
16 477
1 4 2
194 428
1 3 2
222 450
1 6 2
139 336
1 3 2
91 308
1 8 2
64 344
1 12 2
207 389
1 11 2
332 391
1 7 2
22 253
1 14 2
290 367
1 11 2
100 399
1 11 2
34 57
1 2 2
153 285
1 14 2
32 104
1 12 2
8 410
1 9 2
111 467
1 10 2
344 372
1 2 2
81 209
1 11 2
227 379
1 14 2
311 421
1 3 2
88 170
1 7 2
309 361
1 2 2
70 452
1 10 2
247 392
1 9 2
86 166
1 6 2
127 174
1 5 2
177 429
1 7 2
164 201
1 10 2
1 408
1 3 2
73 221
1 14 2
6 194
1 15 2
117 367
1 9 2
297 345
1 11 2
35 251
1 11 2
38 198
1 14 2
218 326
1 7 2
392 452
1 4 2
142 475
1 8 2
67 155
1 4 2
58 290
1 11 2
209 446
1 11 2
319 339
1 4 2
307 408
1 15 2
3 387
1 7 2
201 287
1 10 2
125 245
1 13 2
202 402
1 14 2
44 473
1 5 2
230 338
1 6 2
138 383
1 13 2
222 441
1 3 2
121 400
1 10 2
141 450
1 9 2
345 486
1 5 2
35 110
1 3 2
100 235
1 8 2
62 76
1 6 2
405 454
1 15 2
351 359
1 8 2
123 365
1 3 2
158 447
1 2 2
125 234
1 11 2
71 302
1 12 2
129 460
1 9 2
71 226
1 13 2
197 265
1 6 2
69 82
1 9 2
215 289
1 13 2
318 431
1 14 2
235 285
1 4 2
16 373
1 11 2
226 451
1 10 2
67 442
1 9 2
169 451
1 9 2
3 143
1 8 2
120 391
1 11 2
54 61
1 7 2
240 315
1 4 2
79 102
1 14 2
197 257
1 11 2
45 67
1 3 2
233 462
1 15 2
14 97
1 15 2
272 320
1 3 2
336 339
1 3 2
31 263
1 11 2
136 449
1 6 2
54 432
1 13 2
315 475
1 11 2
76 466
1 14 2
346 415
1 10 2
5 159
1 12 2
43 373
1 11 2
69 177
1 13 2
234 293
1 15 2
251 290
1 9 2
290 324
1 8 2
75 87
1 10 2
136 287
1 4 2
80 373
1 6 2
237 246
1 7 2
191 342
1 4 2
112 235
1 13 2
6 61
1 3 2
317 374
1 3 2
120 264
1 4 2
408 497
1 12 2
174 228
1 3 2
237 280
1 3 2
326 362
1 9 2
71 344
1 3 2
162 346
1 7 2
478 493
1 10 2
55 215
1 9 2
224 283
1 6 2
147 316
1 12 2
383 477
1 8 2
65 498
1 11 2
227 401
1 10 2
53 130
1 15 2
363 397
1 8 2
84 432
1 13 2
97 318
1 12 2
331 433
1 3 2
284 424
1 15 2
308 383
1 9 2
312 442
1 15 2
337 360
1 4 2
203 308
1 13 2
282 348
1 8 2
80 417
1 2 2
81 493
1 6 2
378 496
1 13 2
40 213
1 6 2
99 469
1 14 2
466 479
1 9 2
24 190
1 8 2
113 175
1 8 2
186 434
1 7 2
143 323
1 7 2
127 243
1 3 2
377 488
1 3 2
143 344
1 10 2
371 419
1 3 2
96 207
1 9 2
419 426
1 14 2
170 200
1 7 2
282 493
1 15 2
380 494
1 13 2
56 107
1 9 2
125 411
1 10 2
309 374
1 6 2
339 351
1 11 2
185 292
1 11 2
262 337
1 5 2
36 343
1 3 2
32 300
1 7 2
316 353
1 4 2
142 354
1 7 2
144 263
1 13 2
120 342
1 9 2
377 399
1 12 2
412 447
1 4 2
278 336
1 9 2
9 224
1 2 2
1 245
1 2 2
108 138
1 6 2
85 322
1 2 2
123 324
1 12 2
421 456
1 5 2
123 288
1 3 2
110 419
1 2 2
237 244
1 9 2
209 265
1 3 2
73 117
1 3 2
452 492
1 6 2
143 479
1 10 2
19 178
1 15 2
268 415
1 3 2
209 447
1 5 2
55 116
1 2 2
104 326
1 5 2
61 478
1 6 2
218 378
1 6 2
90 435
1 5 2
39 340
1 3 2
323 419
1 12 2
252 292
1 12 2
262 404
1 8 2
151 161
1 15 2
129 364
1 6 2
114 362
1 8 2
56 361
1 6 2
184 398
1 14 2
119 339
1 10 2
88 106
1 8 2
62 169
1 8 2
97 340
1 4 2
110 316
1 3 2
406 447
1 10 2
138 197
1 6 2
253 380
1 3 2
451 456
1 9 2
197 322
1 8 2
27 75
1 8 2
311 350
1 9 2
122 129
1 4 2
261 299
1 14 2
55 384
1 14 2
58 246
1 13 2
33 162
1 14 2
101 495
1 12 2
441 478
1 7 2
183 422
1 15 2
331 497
1 15 2
231 388
1 3 2
298 391
1 13 2
78 367
1 2 2
118 468
1 13 2
46 280
1 8 2
215 325
1 5 2
83 189
1 12 2
397 487
1 2 2
138 491
1 2 2
200 219
1 4 2
158 417
1 13 2
330 407
1 4 2
176 422
1 15 2
225 304
1 8 2
180 423
1 7 2
72 82
1 12 2
295 328
1 10 2
461 470
1 12 2
22 45
1 2 2
310 405
1 4 2
69 79
1 11 2
33 463
1 9 2
47 124
1 7 2
201 246
1 9 2
183 441
1 13 2
306 402
1 5 2
289 424
1 8 2
16 401
1 14 2
24 29
1 7 2
43 267
1 4 2
110 394
1 12 2
150 160
1 13 2
19 314
1 13 2
321 332
1 2 2
270 424
1 4 2
97 141
1 8 2
107 180
1 6 2
104 438
1 9 2
284 292
1 5 2
156 361
1 4 2
92 408
1 2 2
211 337
1 3 2
178 353
1 12 2
160 376
1 8 2
350 452
1 11 2
62 172
1 15 2
118 185
1 3 2
7 485
1 6 2
187 298
1 12 2
20 90
1 2 2
47 297
1 4 2
186 414
1 5 2
180 225
1 5 2
35 44
1 12 2
288 361
1 2 2
172 456
1 5 2
6 466
1 6 2
157 237
1 6 2
205 212
1 2 2
50 179
1 8 2
300 486
1 7 2
57 122
1 10 2
174 328
1 9 2
444 499
1 2 2
133 354
1 7 2
310 352
1 6 2
29 159
1 10 2
295 366
1 9 2
33 444
1 3 2
139 456
1 3 2
114 248
1 3 2
103 266
1 13 2
192 259
1 3 2
279 348
1 7 2
141 356
1 12 2
122 187
1 3 2
299 467
1 5 2
27 172
1 7 2
324 346
1 3 2
175 420
1 12 2
119 197
1 2 2
67 422
1 12 2
274 389
1 10 2
350 456
1 9 2
24 330
1 2 2
1 108
1 11 2
54 77
1 7 2
54 414
1 13 2
11 416
1 3 2
175 447
1 4 2
154 229
1 15 2
128 215
1 10 2
267 452
1 15 2
337 443
1 7 2
208 361
1 7 2
475 481
1 15 2
40 473
1 3 2
268 332
1 11 2
95 226
1 3 2
59 499
1 6 2
408 488
1 10 2
206 470
1 5 2
140 445
1 5 2
33 354
1 7 2
200 392
1 15 2
189 431
1 4 2
276 422
1 8 2
289 455
1 10 2
189 269
1 7 2
156 376
1 3 2
5 239
1 6 2
306 319
1 3 2
25 53
1 6 2
76 153
1 12 2
133 134
1 11 2
187 362
1 2 2
251 330
1 2 2
212 398
1 12 2
281 428
1 11 2
120 204
1 2 2
291 348
1 8 2
204 324
1 4 2
175 387
1 9 2
107 452
1 2 2
268 413
1 6 2
161 496
1 3 2
125 431
1 9 2
48 432
1 4 2
283 398
1 5 2
278 325
1 3 2
336 479
1 8 2
7 466
1 8 2
253 419
1 15 2
156 398
1 12 2
6 219
1 11 2
283 473
1 13 2
274 411
1 3 2
382 395
1 12 2
150 211
1 3 2
323 399
1 6 2
120 260
1 9 2
35 440
1 11 2
355 453
1 11 2
174 473
1 15 2
165 207
1 2 2
309 343
1 3 2
66 167
1 3 2
7 417
1 13 2
308 333
1 3 2
82 461
1 15 2
167 487
1 6 2
166 425
1 11 2
46 131
1 6 2
353 385
1 10 2
146 383
1 5 2
165 442
1 7 2
203 418
1 11 2
273 452
1 15 2
120 439
1 5 2
349 368
1 11 2
40 83
1 10 2
241 375
1 15 2
217 489
1 4 2
264 308
1 5 2
260 387
1 12 2
20 348
1 9 2
170 221
1 14 2
331 487
1 12 2
119 329
1 8 2
334 352
1 10 2
54 321
1 5 2
32 148
1 5 2
91 368
1 11 2
387 455
1 5 2
86 426
1 13 2
389 497
1 11 2
30 164
1 3 2
193 202
1 5 2
26 74
1 3 2
192 324
1 2 2
138 217
1 15 2
431 452
1 7 2
144 359
1 11 2
33 45
1 4 2
394 483
1 8 2
214 455
1 7 2
183 414
1 3 2
125 128
1 9 2
121 433
1 2 2
67 488
1 2 2
308 457
1 4 2
104 493
1 2 2
164 356
1 9 2
332 438
1 14 2
121 200
1 5 2
39 203
1 2 2
62 444
1 9 2
59 334
1 11 2
345 388
1 15 2
158 300
1 9 2
24 26
1 10 2
310 387
1 6 2
39 418
1 10 2
294 401
1 7 2
128 135
1 5 2
189 211
1 11 2
141 193
1 13 2
33 259
1 3 2
231 410
1 5 2
86 424
1 14 2
329 416
1 4 2
271 429
1 11 2
10 118
1 14 2
229 496
1 9 2
133 379
1 8 2
399 438
1 2 2
324 328
1 4 2
386 410
1 12 2
108 403
1 11 2
28 128
1 14 2
134 151
1 3 2
163 309
1 10 2
427 457
1 13 2
40 408
1 13 2
48 496
1 13 2
112 185
1 13 2
101 387
1 13 2
212 240
1 7 2
44 465
1 9 2
225 268
1 9 2
100 186
1 4 2
144 281
1 4 2
127 257
1 12 2
162 397
1 14 2
341 361
1 11 2
68 472
1 5 2
81 186
1 6 2
30 407
1 3 2
324 400
1 7 2
41 285
1 14 2
183 327
1 8 2
12 271
1 12 2
220 468
1 6 2
270 499
1 3 2
161 349
1 2 2
152 251
1 4 2
68 280
1 11 2
99 414
1 9 2
300 387
1 13 2
226 340
1 9 2
50 381
1 8 2
252 263
1 14 2
70 398
1 10 2
13 131
1 7 2
281 311
1 5 2
155 393
1 11 2
410 454
1 13 2
319 335
1 14 2
64 328
1 8 2
60 251
1 10 2
353 490
1 11 2
148 265
1 13 2
16 390
1 6 2
225 286
1 10 2
259 406
1 11 2
179 458
1 14 2
21 224
1 11 2
234 350
1 7 2
374 457
1 11 2
291 481
1 4 2
105 166
1 8 2
303 425
1 5 2
280 359
1 8 2
210 483
1 5 2
368 455
1 3 2
251 272
1 6 2
115 251
1 6 2
130 408
1 9 2
231 295
1 6 2
15 362
1 13 2
50 384
1 15 2
258 487
1 8 2
278 302
1 9 2
174 318
1 12 2
198 240
1 6 2
120 281
1 2 2
199 429
1 4 2
419 454
1 9 2
201 499
1 12 2
113 366
1 15 2
218 236
1 14 2
229 464
1 9 2
288 495
1 6 2
165 462
1 2 2
36 285
1 12 2
9 96
1 15 2
204 458
1 4 2
124 224
1 11 2
137 346
1 10 2
102 272
1 3 2
365 497
1 14 2
417 462
1 9 2
301 481
1 2 2
170 490
1 15 2
340 366
1 9 2
149 261
1 12 2
250 423
1 7 2
385 441
1 6 2
43 261
1 15 2
456 462
1 3 2
276 321
1 7 2
179 279
1 3 2
22 154
1 15 2
42 253
1 13 2
206 413
1 12 2
10 101
1 2 2
10 381
1 7 2
31 206
1 2 2
92 329
1 8 2
173 418
1 3 2
191 441
1 8 2
89 384
1 9 2
399 409
1 15 2
155 389
1 7 2
276 355
1 14 2
142 456
1 15 2
61 107
1 4 2
97 161
1 9 2
102 360
1 7 2
108 221
1 15 2
136 141
1 7 2
21 128
1 13 2
4 382
1 12 2
156 184
1 2 2
219 474
1 4 2
93 245
1 15 2
20 125
1 2 2
0 379
1 14 2
71 406
1 10 2
12 210
1 13 2
467 490
1 2 2
249 371
1 13 2
23 138
1 10 2
84 349
1 4 2
197 474
1 12 2
198 247
1 7 2
87 330
1 7 2
33 94
1 13 2
81 256
1 6 2
76 399
1 9 2
281 425
1 8 2
124 129
1 5 2
279 480
1 13 2
145 246
1 7 2
309 443
1 10 2
33 191
1 10 2
190 279
1 15 2
185 373
1 15 2
329 388
1 9 2
127 360
1 3 2
317 454
1 11 2
236 378
1 12 2
95 168
1 8 2
163 470
1 3 2
31 464
1 15 2
44 306
1 11 2
36 341
1 8 2
46 488
1 12 2
193 258
1 9 2
66 298
1 14 2
319 484
1 13 2
1 312
1 7 2
144 167
1 4 2
244 258
1 10 2
303 496
1 7 2
42 183
1 9 2
29 79
1 3 2
283 394
1 9 2
363 450
1 4 2
183 487
1 8 2
221 461
1 4 2
35 481
1 9 2
96 182
1 12 2
85 361
1 11 2
127 180
1 6 2
117 226
1 12 2
142 444
1 4 2
141 190
1 15 2
191 392
1 10 2
116 293
1 13 2
29 486
1 7 2
42 204
1 4 2
214 292
1 11 2
115 215
1 15 2
370 439
1 14 2
83 259
1 15 2
128 134
1 4 2
79 199
1 4 2
355 496
1 2 2
312 475
1 15 2
254 413
1 9 2
142 351
1 14 2
90 224
1 13 2
139 454
1 2 2
441 475
1 8 2
28 131
1 13 2
186 215
1 9 2
86 179
1 7 2
13 392
1 3 2
8 223
1 7 2
61 255
1 11 2
191 321
1 9 2
202 496
1 12 2
45 493
1 6 2
133 172
1 15 2
87 190
1 3 2
137 373
1 11 2
240 428
1 7 2
316 344
1 10 2
263 447
1 5 2
125 452
1 4 2
101 203
1 6 2
80 214
1 9 2
119 438
1 10 2
103 199
1 3 2
104 271
1 9 2
285 444
1 6 2
313 377
1 7 2
13 341
1 14 2
313 380
1 13 2
251 331
1 5 2
107 311
1 8 2
178 458
1 15 2
102 460
1 14 2
61 407
1 6 2
342 493
1 4 2
264 425
1 7 2
244 457
1 8 2
42 428
1 2 2
174 360
1 15 2
240 331
1 8 2
20 112
1 3 2
66 179
1 4 2
212 309
1 9 2
170 270
1 3 2
91 101
1 13 2
306 361
1 15 2
238 409
1 8 2
21 268
1 12 2
464 467
1 11 2
11 173
1 3 2
176 448
1 6 2
341 491
1 4 2
22 125
1 3 2
17 66
1 5 2
231 357
1 4 2
26 323
1 14 2
188 246
1 15 2
295 459
1 9 2
79 485
1 9 2
320 379
1 15 2
360 361
1 10 2
39 172
1 2 2
28 199
1 2 2
263 332
1 12 2
137 306
1 10 2
232 319
1 15 2
345 403
1 11 2
310 360
1 4 2
298 350
1 13 2
28 492
1 8 2
334 368
1 13 2
422 427
1 10 2
123 296
1 7 2
276 344
1 11 2
89 363
1 10 2
272 390
1 10 2
213 481
1 6 2
14 334
1 13 2
342 425
1 15 2
176 271
1 11 2
77 170
1 10 2
245 310
1 2 2
41 228
1 8 2
269 314
1 5 2
131 132
1 5 2
296 346
1 10 2
235 410
1 14 2
57 408
1 5 2
144 161
1 4 2
163 438
1 10 2
29 178
1 4 2
106 172
1 3 2
261 392
1 14 2
191 232
1 12 2
61 143
1 5 2
401 413
1 12 2
160 292
1 13 2
107 374
1 13 2
116 482
1 13 2
20 190
1 11 2
258 324
1 14 2
187 437
1 13 2
58 426
1 13 2
102 278
1 6 2
217 394
1 6 2
9 376
1 7 2
138 148
1 7 2
84 448
1 11 2
177 333
1 6 2
98 487
1 5 2
404 415
1 9 2
114 246
1 7 2
14 378
1 3 2
237 271
1 11 2
410 460
1 14 2
85 329
1 12 2
158 458
1 4 2
258 348
1 2 2
317 352
1 9 2
165 179
1 11 2
7 297
1 14 2
313 322
1 15 2
284 439
1 9 2
260 366
1 14 2
410 491
1 6 2
135 159
1 14 2
160 247
1 3 2
37 359
1 6 2
77 212
1 14 2
37 50
1 14 2
155 405
1 8 2
68 201
1 2 2
139 173
1 12 2
7 453
1 6 2
20 326
1 10 2
58 166
1 6 2
45 359
1 13 2
173 448
1 13 2
33 492
1 5 2
292 465
1 6 2
245 415
1 2 2
167 327
1 12 2
292 308
1 3 2
133 148
1 14 2
143 162
1 7 2
213 326
1 3 2
438 494
1 7 2
129 405
1 4 2
178 301
1 15 2
155 388
1 4 2
174 339
1 13 2
57 370
1 9 2
377 394
1 3 2
103 430
1 10 2
160 498
1 12 2
91 169
1 9 2
150 275
1 10 2
0 84
1 13 2
81 234
1 4 2
143 319
1 10 2
252 318
1 2 2
41 78
1 4 2
134 182
1 2 2
238 268
1 12 2
239 402
1 2 2
39 249
1 4 2
64 104
1 4 2
176 408
1 10 2
84 350
1 6 2
11 434
1 3 2
328 361
1 15 2
68 195
1 3 2
103 243
1 9 2
0 239
1 12 2
312 477
1 13 2
140 268
1 8 2
56 353
1 11 2
45 462
1 6 2
42 378
1 8 2
165 407
1 13 2
116 178
1 5 2
171 342
1 2 2
396 467
1 11 2
284 359
1 6 2
434 444
1 3 2
46 313
1 7 2
120 438
1 3 2
235 253
1 2 2
336 337
1 5 2
189 472
1 8 2
81 481
1 9 2
118 184
1 15 2
112 275
1 12 2
205 335
1 5 2
2 447
1 6 2
254 262
1 9 2
151 345
1 6 2
100 487
