500 3000 2500
14 5 18 7 9 25 5 21 12 19 16 13 6 25 25 25 7 11 13 9 8 17 14 16 23 11 7 8 25 8 14 9 20 16 21 22 8 15 25 10 20 21 13 23 15 23 22 14 15 17 17 7 17 12 18 13 6 16 19 14 5 15 13 15 6 19 18 20 16 14 8 6 17 15 23 20 11 13 17 13 7 8 8 13 21 23 15 24 19 17 5 22 20 15 18 15 15 14 12 15 24 6 19 19 11 25 13 21 17 20 21 16 25 16 11 19 16 20 19 18 11 19 25 19 14 22 11 25 15 15 7 13 10 17 23 20 9 24 13 13 21 24 10 13 16 12 22 18 19 18 17 24 11 6 8 18 8 12 21 23 12 11 13 23 19 18 5 8 6 16 18 18 18 8 13 7 19 25 19 6 25 19 21 10 6 7 5 6 7 19 7 13 13 5 17 21 12 11 13 13 7 6 25 9 6 17 25 22 16 22 24 14 12 5 11 13 14 18 23 17 19 7 16 13 19 20 21 14 18 7 5 6 17 13 25 5 8 17 22 8 25 21 19 12 10 13 5 17 7 13 17 5 20 25 24 20 6 14 9 13 16 10 24 12 16 16 23 16 20 14 18 5 22 12 7 24 25 5 19 13 15 18 17 7 19 20 13 9 15 24 21 6 13 5 11 16 6 21 13 9 6 11 8 7 21 12 21 14 24 18 6 22 25 20 17 16 19 7 12 20 16 16 13 12 24 24 13 12 12 8 22 12 14 17 11 24 21 7 24 18 20 5 12 10 11 7 23 23 14 18 22 21 10 22 21 20 12 12 12 25 25 6 17 16 6 10 18 5 12 13 11 7 7 8 6 11 21 17 12 18 19 15 14 14 16 14 17 20 10 16 8 16 19 23 23 25 12 24 13 7 7 9 10 12 9 8 11 6 10 23 6 19 18 7 21 7 18 12 9 6 12 18 25 6 19 20 24 11 11 8 17 19 9 21 22 22 23 13 18 22 16 10 14 21 13 22 8 9 22 11 13 16 8 19 19 21 25 18 11 20 8 25 16 7 22 11 23 14 18 11 6 18 5 12 20 12 10 15 14 21 22 16 6 11 13 8 9 22 12 16 12 20 22 12 14 14 10 20 12 18
15 12 5 8 12 12 11 7 10 17 11 4 12 3 20 10 10 7 20 15 5 6 3 4 10 5 15 11 15 11 6 17 20 18 16 7 9 13 9 4 14 7 7 7 8 7 12 12 14 5 3 12 7 15 10 8 15 5 8 6 13 12 11 3 4 9 16 17 16 4 18 4 8 6 5 16 5 6 10 13 12 7 13 7 9 5 20 17 6 19 20 13 4 8 18 5 6 5 3 5 13 9 10 12 3 17 5 20 10 10 6 15 17 12 14 16 9 17 6 8 17 6 16 14 12 10 15 19 16 8 7 9 9 9 5 10 7 7 4 16 6 20 8 5 15 12 10 12 17 6 6 5 14 3 17 14 18 7 15 5 4 17 9 12 16 10 14 12 8 14 20 7 16 6 6 19 6 18 13 17 19 13 20 3 10 15 14 13 11 14 17 20 3 6 15 16 4 11 5 18 9 11 17 12 17 11 5 8 18 15 6 16 17 10 5 9 20 14 7 4 17 18 20 13 3 17 12 9 16 16 17 14 8 12 16 3 12 7 8 10 19 10 3 3 12 7 14 10 13 6 19 14 12 12 6 18 8 15 7 12 20 6 17 3 13 5 9 19 8 16 6 6 18 19 20 20 20 3 10 4 5 15 17 5 5 12 4 8 10 10 3 9 11 8 5 6 8 4 12 6 9 7 10 14 6 10 17 12 9 12 6 8 12 5 17 15 16 4 20 5 13 12 20 11 3 9 15 15 5 16 16 16 17 16 17 15 15 5 10 5 16 12 7 18 11 4 17 17 20 15 10 16 13 7 6 4 15 10 11 20 20 5 10 3 18 19 17 12 18 10 5 11 8 4 14 4 10 10 16 15 19 6 10 6 10 4 3 13 14 18 10 3 6 19 18 15 14 13 19 12 20 6 17 7 18 9 3 14 4 10 7 18 4 11 12 11 14 4 14 12 9 18 7 16 11 4 3 12 8 8 19 15 7 20 8 10 18 11 12 15 9 11 3 11 20 12 5 14 4 4 14 5 19 5 7 19 11 19 18 20 15 13 3 11 14 16 5 18 18 12 8 13 8 5 4 19 3 10 17 6 4 20 7 14 16 4 7 15 3 20 12 8 18 18 10 10 9 5 7 11
1 9 2
157 434
1 11 2
253 330
1 12 2
194 220
1 5 2
38 133
1 5 2
135 171
1 14 2
43 322
1 14 2
210 420
1 8 2
18 90
1 8 2
118 479
1 4 2
75 251
1 15 2
132 191
1 10 2
249 304
1 14 2
132 176
1 14 2
38 62
1 8 2
57 455
1 3 2
176 218
1 6 2
74 471
1 4 2
128 152
1 6 2
19 152
1 4 2
221 482
1 4 2
344 441
1 11 2
127 498
1 2 2
132 177
1 3 2
322 434
1 3 2
73 191
1 11 2
186 215
1 3 2
74 164
1 9 2
239 474
1 8 2
356 485
1 15 2
30 36
1 3 2
10 332
1 11 2
302 478
1 8 2
260 395
1 2 2
31 455
1 5 2
263 394
1 13 2
23 210
1 10 2
79 237
1 11 2
158 349
1 14 2
38 281
1 10 2
204 280
1 13 2
17 307
1 14 2
59 172
1 2 2
70 84
1 3 2
21 383
1 11 2
292 404
1 5 2
107 487
1 12 2
199 243
1 12 2
42 471
1 9 2
276 342
1 3 2
449 490
1 6 2
224 299
1 4 2
31 41
1 11 2
80 412
1 6 2
471 486
1 13 2
7 382
1 6 2
152 239
1 13 2
25 482
1 13 2
162 349
1 7 2
196 480
1 11 2
7 13
1 7 2
69 278
1 6 2
23 105
1 12 2
128 309
1 12 2
165 286
1 10 2
148 313
1 9 2
228 309
1 14 2
159 359
1 6 2
175 225
1 15 2
59 496
1 15 2
51 339
1 4 2
178 228
1 4 2
87 222
1 9 2
62 188
1 11 2
172 382
1 10 2
147 403
1 12 2
200 334
1 12 2
202 410
1 15 2
399 488
1 6 2
115 380
1 13 2
48 201
1 13 2
57 312
1 9 2
136 274
1 2 2
126 253
1 15 2
137 225
1 3 2
41 257
1 6 2
117 314
1 14 2
14 27
1 9 2
258 395
1 14 2
214 338
1 15 2
74 184
1 3 2
257 410
1 15 2
110 269
1 3 2
243 489
1 11 2
128 314
1 8 2
405 489
1 10 2
187 339
1 5 2
314 434
1 2 2
345 386
1 10 2
312 344
1 14 2
177 276
1 9 2
209 235
1 6 2
360 448
1 6 2
11 246
1 11 2
236 384
1 15 2
350 380
1 14 2
164 372
1 6 2
4 303
1 4 2
273 332
1 10 2
152 357
1 10 2
256 285
1 5 2
62 299
1 15 2
276 401
1 14 2
333 394
1 14 2
142 327
1 12 2
83 491
1 11 2
95 159
1 11 2
165 422
1 7 2
292 331
1 10 2
111 142
1 6 2
231 247
1 3 2
379 412
1 11 2
229 243
1 5 2
86 312
1 5 2
232 271
1 5 2
289 424
1 2 2
206 416
1 15 2
63 114
1 8 2
170 225
1 8 2
125 208
1 14 2
16 177
1 10 2
353 426
1 7 2
55 476
1 9 2
101 404
1 11 2
390 394
1 9 2
62 398
1 3 2
46 444
1 7 2
216 303
1 5 2
270 441
1 14 2
282 283
1 8 2
173 341
1 13 2
96 223
1 11 2
200 309
1 11 2
296 406
1 4 2
34 99
1 3 2
349 475
1 14 2
374 442
1 5 2
156 232
1 11 2
110 118
1 14 2
189 195
1 6 2
231 451
1 10 2
258 470
1 3 2
61 72
1 5 2
37 204
1 3 2
36 179
1 5 2
276 422
1 15 2
367 409
1 7 2
345 396
1 7 2
195 397
1 3 2
288 419
1 11 2
235 295
1 7 2
34 451
1 3 2
185 469
1 13 2
221 454
1 8 2
76 266
1 6 2
123 464
1 7 2
247 443
1 11 2
74 396
1 15 2
40 375
1 10 2
41 171
1 14 2
271 309
1 3 2
153 454
1 11 2
61 157
1 2 2
11 161
1 11 2
201 325
1 7 2
80 364
1 11 2
46 432
1 9 2
9 82
1 3 2
62 158
1 9 2
4 375
1 12 2
55 488
1 4 2
126 259
1 15 2
10 364
1 2 2
422 489
1 9 2
304 347
1 14 2
89 414
1 11 2
328 433
1 2 2
95 350
1 9 2
109 321
1 13 2
198 465
1 2 2
250 390
1 4 2
132 359
1 14 2
8 164
1 9 2
397 489
1 2 2
4 367
1 2 2
105 295
1 9 2
103 351
1 14 2
345 352
1 3 2
194 426
1 12 2
14 252
1 5 2
22 115
1 12 2
46 471
1 12 2
86 271
1 8 2
124 394
1 11 2
404 472
1 14 2
191 245
1 12 2
36 77
1 2 2
156 447
1 11 2
6 187
1 14 2
294 307
1 13 2
55 466
1 4 2
117 394
1 10 2
292 425
1 14 2
47 156
1 8 2
110 470
1 15 2
140 341
1 4 2
239 358
1 11 2
49 108
1 5 2
235 488
1 15 2
109 337
1 9 2
289 460
1 14 2
154 453
1 5 2
228 486
1 2 2
52 358
1 2 2
89 469
1 4 2
14 205
1 15 2
2 335
1 3 2
203 453
1 4 2
76 303
1 3 2
355 427
1 10 2
381 433
1 9 2
252 288
1 9 2
316 350
1 12 2
39 250
1 9 2
183 205
1 8 2
92 220
1 11 2
325 471
1 7 2
194 465
1 11 2
125 300
1 11 2
406 459
1 11 2
232 323
1 4 2
203 459
1 10 2
140 441
1 7 2
164 256
1 4 2
19 143
1 14 2
44 136
1 10 2
34 255
1 7 2
141 314
1 8 2
308 394
1 15 2
476 485
1 7 2
135 364
1 3 2
21 420
1 13 2
251 441
1 12 2
15 430
1 10 2
18 371
1 10 2
141 409
1 6 2
457 480
1 12 2
145 411
1 2 2
269 487
1 5 2
160 299
1 10 2
375 494
1 7 2
67 438
1 2 2
157 323
1 7 2
58 88
1 8 2
236 450
1 11 2
41 197
1 14 2
87 460
1 11 2
9 255
1 15 2
127 200
1 11 2
15 332
1 2 2
237 482
1 10 2
285 341
1 11 2
412 496
1 6 2
163 367
1 13 2
223 352
1 3 2
42 496
1 10 2
335 454
1 7 2
38 150
1 14 2
302 337
1 2 2
417 465
1 11 2
84 424
1 14 2
252 307
1 14 2
307 433
1 11 2
28 72
1 2 2
403 426
1 7 2
321 446
1 8 2
147 181
1 14 2
73 338
1 15 2
28 202
1 3 2
466 491
1 4 2
213 244
1 6 2
130 374
1 10 2
146 391
1 5 2
282 374
1 12 2
9 493
1 10 2
232 372
1 12 2
53 264
1 4 2
326 378
1 4 2
247 318
1 7 2
246 299
1 3 2
171 287
1 2 2
81 438
1 11 2
184 211
1 13 2
220 290
1 8 2
304 421
1 14 2
52 97
1 2 2
427 469
1 12 2
205 299
1 14 2
102 171
1 9 2
29 230
1 11 2
142 263
1 11 2
7 236
1 15 2
129 412
1 11 2
429 454
1 5 2
49 107
1 4 2
22 338
1 8 2
137 426
1 14 2
119 444
1 6 2
53 151
1 12 2
58 78
1 13 2
341 354
1 3 2
2 140
1 2 2
19 106
1 7 2
33 324
1 13 2
203 257
1 4 2
128 446
1 10 2
457 497
1 15 2
20 292
1 13 2
259 493
1 8 2
352 457
1 8 2
154 313
1 8 2
116 493
1 5 2
128 238
1 14 2
95 164
1 6 2
142 251
1 5 2
318 404
1 6 2
227 447
1 7 2
232 280
1 2 2
296 428
1 4 2
224 362
1 10 2
110 126
1 13 2
99 381
1 9 2
248 472
1 11 2
136 149
1 15 2
32 438
1 5 2
326 449
1 11 2
177 295
1 7 2
174 481
1 9 2
474 485
1 10 2
140 295
1 2 2
158 216
1 4 2
189 208
1 6 2
5 243
1 14 2
161 453
1 11 2
94 250
1 14 2
234 488
1 8 2
32 271
1 5 2
136 349
1 3 2
35 274
1 11 2
113 381
1 9 2
244 496
1 3 2
127 291
1 5 2
34 351
1 7 2
436 486
1 7 2
14 81
1 11 2
214 297
1 14 2
194 297
1 5 2
22 171
1 8 2
331 423
1 11 2
45 61
1 12 2
356 471
1 2 2
65 159
1 13 2
8 453
1 6 2
92 439
1 11 2
165 469
1 14 2
387 447
1 9 2
113 164
1 8 2
36 340
1 3 2
275 375
1 5 2
43 154
1 8 2
244 403
1 7 2
133 249
1 4 2
310 480
1 12 2
138 394
1 13 2
259 289
1 6 2
216 441
1 2 2
30 223
1 9 2
88 306
1 14 2
191 326
1 8 2
226 300
1 7 2
0 87
1 3 2
88 355
1 6 2
95 135
1 7 2
111 261
1 11 2
68 453
1 2 2
21 494
1 2 2
126 233
1 14 2
50 98
1 12 2
289 376
1 10 2
234 436
1 6 2
242 402
1 3 2
338 457
1 14 2
134 315
1 10 2
47 376
1 15 2
78 230
1 7 2
273 408
1 2 2
145 495
1 11 2
41 104
1 6 2
109 353
1 3 2
26 37
1 2 2
240 402
1 3 2
108 109
1 6 2
201 399
1 14 2
378 397
1 2 2
245 443
1 15 2
147 282
1 15 2
369 377
1 8 2
24 352
1 8 2
18 150
1 9 2
1 232
1 5 2
60 361
1 13 2
179 440
1 9 2
227 375
1 9 2
214 330
1 11 2
381 403
1 12 2
43 96
1 4 2
81 476
1 4 2
84 116
1 15 2
219 483
1 8 2
75 455
1 3 2
139 241
1 15 2
163 207
1 5 2
141 284
1 14 2
87 265
1 11 2
97 265
1 4 2
47 306
1 3 2
380 404
1 8 2
55 123
1 13 2
176 225
1 3 2
29 346
1 14 2
174 289
1 15 2
372 474
1 12 2
13 109
1 9 2
44 276
1 13 2
200 324
1 6 2
182 261
1 8 2
185 441
1 4 2
202 318
1 5 2
243 349
1 7 2
235 479
1 15 2
71 295
1 11 2
394 452
1 2 2
195 464
1 11 2
80 426
1 9 2
167 321
1 15 2
308 418
1 7 2
49 415
1 9 2
179 459
1 15 2
10 92
1 12 2
344 386
1 3 2
133 286
1 6 2
108 381
1 13 2
220 365
1 7 2
97 282
1 7 2
30 180
1 11 2
34 107
1 7 2
130 362
1 12 2
12 399
1 11 2
289 492
1 2 2
176 305
1 3 2
223 370
1 3 2
305 387
1 9 2
84 223
1 13 2
90 243
1 15 2
214 299
1 6 2
46 442
1 3 2
327 346
1 15 2
121 373
1 5 2
199 258
1 12 2
2 298
1 3 2
85 187
1 9 2
170 310
1 11 2
50 497
1 6 2
143 466
1 14 2
38 60
1 2 2
369 464
1 8 2
161 163
1 9 2
170 327
1 3 2
156 172
1 13 2
245 436
1 12 2
72 296
1 14 2
84 326
1 3 2
54 202
1 13 2
470 492
1 13 2
129 198
1 4 2
373 463
1 3 2
399 419
1 9 2
152 153
1 5 2
126 321
1 5 2
47 65
1 7 2
326 462
1 3 2
427 430
1 8 2
412 469
1 4 2
36 495
1 5 2
102 263
1 10 2
30 297
1 5 2
404 417
1 3 2
378 418
1 7 2
238 315
1 2 2
110 357
1 11 2
168 459
1 15 2
194 329
1 12 2
99 363
1 7 2
137 455
1 4 2
154 406
1 2 2
187 406
1 7 2
299 379
1 7 2
110 286
1 11 2
203 284
1 10 2
28 305
1 4 2
67 302
1 12 2
110 432
1 13 2
316 401
1 7 2
473 478
1 15 2
108 382
1 15 2
120 354
1 5 2
83 253
1 10 2
153 413
1 10 2
27 244
1 2 2
75 110
1 13 2
186 268
1 8 2
192 420
1 7 2
263 462
1 4 2
7 391
1 3 2
390 483
1 10 2
214 261
1 3 2
75 237
1 8 2
131 388
1 3 2
20 121
1 2 2
393 402
1 3 2
212 268
1 7 2
148 412
1 13 2
8 479
1 10 2
111 395
1 7 2
295 447
1 6 2
272 279
1 4 2
388 397
1 11 2
46 74
1 3 2
227 441
1 9 2
211 441
1 10 2
51 84
1 6 2
91 185
1 13 2
116 435
1 5 2
95 167
1 13 2
29 397
1 14 2
229 371
1 5 2
107 264
1 4 2
70 256
1 2 2
87 449
1 3 2
309 381
1 12 2
96 285
1 5 2
241 283
1 11 2
384 430
1 5 2
151 233
1 13 2
169 291
1 5 2
337 476
1 3 2
74 168
1 8 2
140 391
1 2 2
276 476
1 11 2
283 497
1 6 2
29 190
1 4 2
399 439
1 7 2
223 391
1 11 2
130 195
1 12 2
166 379
1 11 2
41 355
1 10 2
395 411
1 2 2
102 241
1 7 2
174 340
1 5 2
184 360
1 10 2
293 437
1 6 2
193 208
1 12 2
394 407
1 8 2
227 490
1 8 2
134 384
1 9 2
148 195
1 3 2
15 67
1 15 2
180 211
1 2 2
202 462
1 6 2
175 274
1 12 2
241 406
1 6 2
282 464
1 9 2
47 118
1 8 2
144 417
1 8 2
70 414
1 11 2
371 482
1 3 2
188 411
1 2 2
277 340
1 7 2
141 411
1 6 2
288 472
1 13 2
139 424
1 14 2
359 496
1 12 2
75 411
1 15 2
57 251
1 8 2
419 437
1 15 2
208 298
1 14 2
238 489
1 5 2
153 274
1 8 2
0 261
1 10 2
275 417
1 14 2
164 291
1 8 2
63 154
1 9 2
211 349
1 12 2
73 472
1 3 2
3 498
1 15 2
214 375
1 10 2
187 262
1 3 2
5 176
1 10 2
143 313
1 8 2
79 135
1 2 2
113 492
1 7 2
112 380
1 5 2
145 266
1 10 2
403 463
1 9 2
218 376
1 2 2
338 342
1 3 2
281 468
1 5 2
164 218
1 4 2
60 159
1 2 2
10 228
1 11 2
1 435
1 11 2
353 367
1 2 2
203 216
1 15 2
32 366
1 9 2
6 8
1 2 2
138 158
1 6 2
25 30
1 8 2
316 323
1 6 2
300 404
1 8 2
30 129
1 14 2
147 384
1 7 2
342 362
1 6 2
201 362
1 7 2
19 418
1 9 2
228 419
1 5 2
79 99
1 12 2
120 307
1 11 2
63 469
1 8 2
52 423
1 14 2
47 358
1 11 2
78 387
1 2 2
243 431
1 15 2
180 351
1 2 2
424 455
1 12 2
126 330
1 8 2
99 208
1 10 2
80 484
1 7 2
5 282
1 7 2
258 274
1 11 2
9 92
1 15 2
205 471
1 8 2
117 447
1 2 2
20 398
1 2 2
25 232
1 12 2
138 172
1 5 2
86 335
1 11 2
13 460
1 5 2
39 93
1 15 2
355 498
1 10 2
226 406
1 15 2
23 278
1 13 2
309 329
1 13 2
115 166
1 4 2
122 206
1 8 2
80 266
1 7 2
305 493
1 5 2
231 302
1 11 2
374 479
1 5 2
313 400
1 9 2
49 89
1 7 2
76 329
1 12 2
336 362
1 11 2
180 401
1 5 2
49 448
1 15 2
25 228
1 2 2
346 487
1 7 2
365 417
1 13 2
122 214
1 3 2
350 449
1 2 2
196 362
1 13 2
180 197
1 10 2
241 340
1 10 2
224 408
1 6 2
10 475
1 15 2
328 377
1 3 2
72 315
1 2 2
112 117
1 11 2
117 330
1 15 2
329 488
1 6 2
334 418
1 2 2
147 373
1 8 2
233 316
1 14 2
66 290
1 5 2
431 476
1 7 2
58 212
1 8 2
91 496
1 2 2
406 479
1 8 2
16 192
1 10 2
256 343
1 8 2
328 430
1 15 2
133 311
1 13 2
90 96
1 2 2
23 491
1 11 2
54 458
1 5 2
446 468
1 10 2
28 421
1 8 2
272 422
1 11 2
425 442
1 3 2
143 253
1 8 2
91 229
1 6 2
174 349
1 8 2
229 480
1 7 2
182 265
1 12 2
274 277
1 4 2
219 402
1 8 2
10 22
1 2 2
366 436
1 14 2
293 432
1 2 2
36 377
1 11 2
147 463
1 13 2
153 202
1 9 2
21 344
1 7 2
83 208
1 15 2
73 478
1 13 2
215 433
1 13 2
236 337
1 3 2
196 294
1 5 2
134 341
1 3 2
10 301
1 4 2
246 448
1 2 2
131 376
1 11 2
255 456
1 11 2
116 476
1 12 2
372 495
1 2 2
7 83
1 5 2
236 403
1 12 2
66 160
1 2 2
41 490
1 11 2
186 423
1 8 2
47 331
1 3 2
116 495
1 14 2
135 445
1 15 2
185 430
1 9 2
159 274
1 4 2
115 233
1 10 2
284 333
1 10 2
104 287
1 3 2
338 437
1 6 2
133 419
1 13 2
43 169
1 14 2
37 222
1 8 2
148 201
1 14 2
168 278
1 4 2
31 112
1 5 2
4 452
1 13 2
211 433
1 6 2
165 463
1 15 2
76 459
1 6 2
230 313
1 6 2
175 254
1 7 2
138 284
1 5 2
86 263
1 13 2
109 256
1 5 2
442 489
1 7 2
52 478
1 15 2
151 331
1 3 2
155 159
1 13 2
188 214
1 3 2
385 432
1 2 2
45 263
1 14 2
234 495
1 3 2
137 340
1 7 2
176 491
1 8 2
207 412
1 9 2
44 411
1 3 2
7 172
1 15 2
32 89
1 5 2
74 129
1 5 2
146 377
1 8 2
188 449
1 4 2
54 413
1 7 2
31 72
1 3 2
63 324
1 11 2
62 76
1 15 2
110 220
1 12 2
124 133
1 13 2
105 314
1 12 2
9 354
1 13 2
2 190
1 3 2
54 187
1 9 2
185 251
1 6 2
441 479
1 13 2
24 309
1 5 2
411 477
1 13 2
168 450
1 3 2
147 166
1 4 2
129 188
1 5 2
94 488
1 15 2
14 404
1 10 2
274 394
1 15 2
397 429
1 4 2
457 485
1 2 2
160 206
1 3 2
104 149
1 12 2
156 463
1 7 2
160 312
1 15 2
42 207
1 11 2
321 431
1 14 2
62 474
1 9 2
59 405
1 4 2
389 411
1 6 2
396 460
1 4 2
203 445
1 4 2
174 230
1 5 2
226 281
1 4 2
294 360
1 12 2
294 413
1 4 2
285 304
1 9 2
74 240
1 13 2
105 304
1 9 2
197 260
1 13 2
73 307
1 14 2
221 390
1 13 2
230 484
1 6 2
286 441
1 15 2
10 162
1 2 2
60 478
1 10 2
8 275
1 9 2
389 464
1 7 2
153 409
1 13 2
5 488
1 6 2
357 367
1 8 2
34 126
1 8 2
122 172
1 13 2
46 372
1 7 2
383 413
1 15 2
191 248
1 14 2
181 401
1 15 2
148 159
1 10 2
117 184
1 10 2
382 411
1 12 2
99 323
1 2 2
171 290
1 6 2
151 439
1 15 2
1 377
1 4 2
261 321
1 14 2
90 148
1 12 2
229 293
1 5 2
107 421
1 7 2
157 472
1 3 2
108 339
1 6 2
39 387
1 15 2
258 340
1 5 2
139 240
1 11 2
327 412
1 5 2
450 499
1 5 2
108 433
1 8 2
58 159
1 12 2
278 476
1 6 2
152 434
1 12 2
136 237
1 11 2
410 497
1 5 2
16 271
1 15 2
15 125
1 6 2
10 392
1 5 2
236 288
1 4 2
148 336
1 7 2
228 490
1 13 2
28 297
1 13 2
67 187
1 8 2
51 431
1 14 2
112 372
1 4 2
81 283
1 6 2
303 383
1 6 2
126 382
1 6 2
382 460
1 12 2
227 259
1 9 2
243 258
1 8 2
268 306
1 11 2
337 342
1 14 2
111 171
1 13 2
151 460
1 2 2
212 422
1 14 2
143 210
1 7 2
115 420
1 9 2
205 328
1 14 2
370 455
1 14 2
50 368
1 8 2
65 122
1 13 2
345 361
1 5 2
97 184
1 8 2
68 70
1 2 2
229 432
1 9 2
82 327
1 7 2
244 385
1 3 2
65 228
1 9 2
254 478
1 8 2
397 431
1 10 2
189 392
1 5 2
191 241
1 11 2
136 490
1 2 2
370 465
1 8 2
275 337
1 6 2
354 415
1 13 2
147 231
1 13 2
152 183
1 10 2
100 456
1 3 2
188 422
1 7 2
357 393
1 2 2
152 372
1 15 2
26 431
1 3 2
10 46
1 10 2
97 155
1 7 2
146 357
1 9 2
305 392
1 10 2
94 499
1 12 2
106 283
1 4 2
99 479
1 9 2
48 471
1 9 2
85 133
1 5 2
270 367
1 3 2
237 276
1 6 2
2 241
1 13 2
343 418
1 13 2
140 428
1 2 2
256 260
1 15 2
202 484
1 5 2
72 150
1 11 2
202 256
1 9 2
237 494
1 5 2
185 226
1 15 2
12 279
1 6 2
198 326
1 7 2
217 267
1 9 2
13 433
1 2 2
268 449
1 10 2
384 423
1 14 2
332 456
1 12 2
131 452
1 2 2
8 276
1 4 2
96 315
1 10 2
9 279
1 6 2
187 285
1 12 2
97 471
1 10 2
358 494
1 2 2
30 387
1 15 2
106 259
1 3 2
169 254
1 7 2
124 422
1 13 2
85 326
1 7 2
125 189
1 6 2
385 474
1 9 2
193 373
1 6 2
117 238
1 11 2
254 446
1 5 2
107 483
1 10 2
75 430
1 11 2
21 34
1 7 2
123 154
1 5 2
24 446
1 4 2
32 252
1 8 2
56 127
1 9 2
98 106
1 7 2
54 331
1 6 2
7 289
1 11 2
316 328
1 9 2
163 286
1 7 2
38 303
1 10 2
285 400
1 5 2
95 126
1 4 2
202 228
1 10 2
31 319
1 12 2
142 391
1 14 2
212 263
1 8 2
259 432
1 10 2
147 327
1 3 2
45 499
1 2 2
181 478
1 8 2
206 228
1 10 2
186 427
1 5 2
75 398
1 8 2
21 177
1 8 2
165 324
1 11 2
229 309
1 6 2
250 274
1 13 2
103 485
1 10 2
254 342
1 12 2
34 319
1 12 2
13 108
1 14 2
26 357
1 11 2
35 440
1 6 2
245 339
1 5 2
358 447
1 6 2
226 435
1 13 2
73 270
1 12 2
216 468
1 2 2
154 334
1 2 2
231 298
1 11 2
50 302
1 10 2
23 203
1 2 2
149 211
1 13 2
258 410
1 13 2
114 466
1 5 2
108 178
1 9 2
107 343
1 5 2
6 317
1 3 2
276 309
1 6 2
246 352
1 7 2
19 129
1 14 2
83 472
1 14 2
475 483
1 9 2
1 323
1 10 2
181 279
1 10 2
21 343
1 15 2
174 483
1 8 2
96 345
1 2 2
95 276
1 12 2
325 348
1 9 2
98 218
1 5 2
33 130
1 7 2
169 394
1 4 2
281 489
1 10 2
253 407
1 10 2
239 253
1 4 2
165 256
1 8 2
57 90
1 5 2
127 341
1 15 2
344 483
1 6 2
173 189
1 4 2
140 477
1 4 2
186 420
1 11 2
91 303
1 10 2
57 413
1 3 2
243 345
1 4 2
205 290
1 4 2
346 378
1 15 2
104 181
1 5 2
30 491
1 13 2
23 394
1 6 2
140 289
1 14 2
365 477
1 11 2
74 356
1 15 2
121 146
1 4 2
50 192
1 5 2
287 464
1 8 2
235 405
1 4 2
128 319
1 6 2
364 472
1 2 2
269 346
1 11 2
131 478
1 10 2
196 440
1 10 2
235 319
1 3 2
162 447
1 8 2
385 413
1 15 2
284 373
1 14 2
24 390
1 5 2
29 309
1 3 2
250 383
1 14 2
131 439
1 14 2
318 348
1 6 2
387 411
1 9 2
386 465
1 3 2
72 356
1 7 2
71 123
1 15 2
43 265
1 4 2
70 257
1 2 2
266 497
1 5 2
307 495
1 3 2
118 252
1 3 2
89 362
1 9 2
135 318
1 15 2
426 483
1 11 2
113 132
1 12 2
94 109
1 6 2
17 80
1 4 2
390 396
1 6 2
178 205
1 6 2
95 441
1 9 2
51 472
1 11 2
385 434
1 7 2
139 379
1 15 2
330 482
1 15 2
31 388
1 3 2
80 274
1 8 2
26 169
1 15 2
155 389
1 7 2
116 221
1 2 2
98 481
1 3 2
47 106
1 7 2
205 420
1 13 2
49 238
1 6 2
207 240
1 13 2
24 169
1 13 2
26 145
1 14 2
367 386
1 15 2
53 325
1 12 2
362 499
1 9 2
45 148
1 4 2
212 261
1 12 2
22 367
1 2 2
168 221
1 9 2
103 273
1 3 2
159 453
1 13 2
1 57
1 2 2
41 496
1 11 2
253 368
1 4 2
94 289
1 5 2
118 347
1 3 2
95 153
1 15 2
168 325
1 7 2
301 389
1 10 2
66 375
1 14 2
80 162
1 9 2
80 96
1 6 2
110 186
1 14 2
429 464
1 5 2
297 368
1 9 2
74 359
1 2 2
85 495
1 13 2
263 291
1 2 2
100 486
1 8 2
3 269
1 10 2
2 22
1 13 2
272 480
1 9 2
53 424
1 10 2
95 105
1 13 2
74 292
1 11 2
102 417
1 10 2
286 403
1 7 2
73 455
1 5 2
118 196
1 5 2
113 294
1 2 2
171 487
1 6 2
306 354
1 13 2
480 491
1 9 2
203 464
1 10 2
311 383
1 4 2
283 460
1 8 2
315 354
1 14 2
43 481
1 13 2
28 98
1 2 2
138 412
1 7 2
283 329
1 6 2
75 457
1 3 2
183 477
1 7 2
44 462
1 11 2
276 381
1 8 2
132 488
1 2 2
40 199
1 12 2
330 396
1 2 2
310 459
1 6 2
259 480
1 8 2
201 264
1 2 2
137 243
1 5 2
127 486
1 5 2
68 218
1 6 2
68 184
1 12 2
315 423
1 5 2
239 260
1 6 2
168 194
1 6 2
121 446
1 6 2
33 377
1 12 2
299 423
1 14 2
44 421
1 5 2
20 38
1 11 2
447 467
1 10 2
40 403
1 12 2
249 457
1 13 2
473 477
1 8 2
18 158
1 13 2
80 321
1 10 2
24 490
1 12 2
391 394
1 10 2
129 262
1 12 2
275 362
1 2 2
459 462
1 4 2
451 481
1 14 2
264 269
1 9 2
397 484
1 5 2
461 462
1 9 2
94 255
1 13 2
79 360
1 10 2
40 88
1 6 2
99 282
1 14 2
121 277
1 5 2
157 237
1 3 2
303 307
1 12 2
455 482
1 4 2
22 496
1 15 2
19 399
1 4 2
94 461
1 7 2
77 231
1 14 2
30 55
1 15 2
84 329
1 7 2
366 376
1 7 2
283 366
1 7 2
148 486
1 14 2
39 184
1 7 2
336 404
1 6 2
382 416
1 8 2
256 394
1 7 2
249 276
1 3 2
48 311
1 7 2
33 425
1 7 2
215 491
1 14 2
100 112
1 4 2
430 458
1 12 2
387 390
1 11 2
178 307
1 3 2
67 123
1 7 2
279 448
1 2 2
278 354
1 7 2
236 348
1 9 2
169 368
1 5 2
265 416
1 12 2
211 486
1 4 2
369 407
1 12 2
313 444
1 9 2
200 282
1 5 2
410 444
1 5 2
87 135
1 2 2
113 176
1 5 2
78 249
1 11 2
256 341
1 6 2
287 420
1 7 2
347 419
1 10 2
78 195
1 6 2
56 233
1 5 2
142 398
1 12 2
58 320
1 8 2
113 116
1 13 2
2 305
1 14 2
270 400
1 14 2
96 313
1 7 2
168 389
1 13 2
192 233
1 9 2
1 64
1 9 2
193 475
1 9 2
79 219
1 9 2
5 222
1 5 2
182 385
1 14 2
338 472
1 4 2
67 478
1 13 2
161 448
1 2 2
211 240
1 12 2
399 483
1 3 2
6 373
1 2 2
231 470
1 12 2
93 445
1 14 2
305 432
1 10 2
121 183
1 7 2
115 277
1 10 2
455 462
1 14 2
128 241
1 10 2
247 390
1 2 2
145 460
1 10 2
128 268
1 6 2
121 255
1 12 2
273 369
1 13 2
10 159
1 7 2
87 244
1 11 2
156 356
1 5 2
156 470
1 14 2
261 372
1 2 2
183 358
1 7 2
154 227
1 11 2
312 397
1 2 2
282 339
1 4 2
388 428
1 7 2
159 290
1 4 2
220 445
1 8 2
69 147
1 2 2
430 464
1 8 2
245 362
1 7 2
198 446
1 13 2
20 484
1 6 2
48 167
1 4 2
87 377
1 12 2
232 254
1 10 2
150 277
1 5 2
82 427
1 15 2
317 348
1 13 2
5 91
1 11 2
18 195
1 3 2
198 455
1 5 2
86 410
1 5 2
308 382
1 15 2
146 450
1 2 2
328 361
1 8 2
367 426
1 2 2
43 49
1 8 2
60 380
1 5 2
192 463
1 6 2
32 108
1 3 2
4 319
1 8 2
165 402
1 8 2
235 496
1 2 2
116 228
1 3 2
17 64
1 12 2
309 322
1 9 2
136 206
1 6 2
253 309
1 5 2
70 294
1 3 2
324 447
1 10 2
30 71
1 9 2
218 428
1 2 2
6 450
1 4 2
176 394
1 12 2
104 161
1 3 2
77 363
1 5 2
265 440
1 7 2
182 415
1 7 2
87 498
1 7 2
168 348
1 5 2
178 193
1 4 2
215 421
1 4 2
228 457
1 15 2
76 89
1 4 2
58 63
1 8 2
427 457
1 4 2
42 423
1 15 2
81 82
1 13 2
256 409
1 9 2
344 364
1 12 2
389 429
1 12 2
379 420
1 9 2
191 480
1 7 2
153 170
1 12 2
31 141
1 12 2
73 140
1 4 2
69 268
1 11 2
354 438
1 6 2
86 408
1 5 2
271 314
1 8 2
158 260
1 2 2
200 406
1 5 2
11 36
1 7 2
263 466
1 3 2
59 71
1 4 2
161 164
1 8 2
294 492
1 2 2
108 140
1 10 2
176 223
1 6 2
348 473
1 9 2
97 443
1 8 2
333 455
1 8 2
77 437
1 3 2
18 494
1 2 2
358 483
1 3 2
93 112
1 8 2
427 479
1 13 2
208 475
1 14 2
283 428
1 11 2
31 228
1 8 2
449 483
1 10 2
250 389
1 13 2
67 458
1 10 2
179 398
1 11 2
152 301
1 14 2
107 293
1 12 2
228 414
1 14 2
219 386
1 2 2
429 455
1 15 2
400 421
1 11 2
134 345
1 3 2
206 375
1 4 2
247 379
1 11 2
26 473
1 12 2
253 396
1 10 2
405 482
1 5 2
32 231
1 12 2
319 485
1 3 2
6 437
1 5 2
123 496
1 5 2
295 316
1 2 2
11 258
1 2 2
126 201
1 11 2
365 431
1 7 2
67 196
1 11 2
394 466
1 10 2
412 458
1 9 2
99 399
1 7 2
8 14
1 4 2
20 254
1 7 2
341 389
1 2 2
152 211
1 15 2
34 385
1 5 2
286 353
1 14 2
244 479
1 4 2
161 348
1 12 2
280 347
1 4 2
46 159
1 15 2
132 452
1 5 2
148 236
1 6 2
8 392
1 6 2
196 385
1 14 2
85 340
1 13 2
246 365
1 11 2
136 420
1 11 2
91 408
1 10 2
305 466
1 8 2
86 377
1 9 2
80 92
1 2 2
29 497
1 13 2
139 346
1 13 2
15 254
1 9 2
112 343
1 2 2
253 475
1 9 2
41 140
1 2 2
148 444
1 12 2
427 456
1 9 2
73 208
1 10 2
241 449
1 12 2
77 168
1 9 2
317 432
1 7 2
103 202
1 13 2
29 63
1 5 2
175 237
1 4 2
181 429
1 2 2
333 434
1 12 2
273 461
1 13 2
351 462
1 3 2
38 135
1 12 2
87 388
1 15 2
78 492
1 12 2
299 338
1 15 2
0 456
1 14 2
261 286
1 8 2
452 498
1 4 2
105 380
1 12 2
85 302
1 14 2
175 182
1 5 2
25 27
1 14 2
108 338
1 6 2
245 411
1 12 2
185 213
1 11 2
363 455
1 7 2
162 492
1 12 2
266 367
1 4 2
37 79
1 4 2
225 467
1 7 2
222 408
1 6 2
228 265
1 7 2
232 296
1 12 2
2 321
1 5 2
86 404
1 9 2
292 332
1 7 2
221 328
1 3 2
39 353
1 13 2
21 398
1 2 2
162 303
1 2 2
458 463
1 14 2
357 373
1 13 2
58 359
1 7 2
51 320
1 6 2
229 338
1 4 2
95 404
1 15 2
24 222
1 6 2
211 288
1 5 2
334 362
1 4 2
45 231
1 2 2
31 35
1 11 2
97 318
1 3 2
352 487
1 8 2
9 26
1 12 2
226 231
1 4 2
278 335
1 13 2
355 471
1 12 2
54 108
1 7 2
95 251
1 7 2
270 375
1 7 2
73 333
1 2 2
149 350
1 4 2
4 209
1 11 2
240 456
1 6 2
32 269
1 10 2
52 234
1 2 2
232 403
1 10 2
368 488
1 7 2
212 477
1 4 2
112 392
1 10 2
98 383
1 3 2
176 267
1 4 2
176 195
1 8 2
343 453
1 12 2
302 324
1 4 2
291 297
1 14 2
283 351
1 7 2
423 491
1 5 2
64 122
1 13 2
182 241
1 5 2
80 97
1 10 2
283 395
1 6 2
331 352
1 14 2
236 255
1 7 2
211 229
1 13 2
396 439
1 5 2
95 416
1 2 2
462 467
1 6 2
155 369
1 5 2
291 426
1 11 2
36 64
1 12 2
113 224
1 10 2
178 333
1 4 2
33 155
1 13 2
344 371
1 6 2
211 440
1 3 2
13 427
1 12 2
186 338
1 4 2
465 473
1 14 2
127 345
1 10 2
176 240
1 9 2
242 308
1 5 2
179 336
1 2 2
178 238
1 11 2
321 330
1 3 2
121 278
1 9 2
21 324
1 6 2
103 343
1 6 2
335 412
1 5 2
115 356
1 4 2
4 481
1 15 2
392 445
1 5 2
77 225
1 3 2
235 266
1 14 2
49 128
1 7 2
283 373
1 12 2
150 158
1 14 2
73 335
1 12 2
9 84
1 7 2
198 321
1 9 2
141 242
1 13 2
275 451
1 4 2
146 216
1 8 2
372 394
1 7 2
172 399
1 3 2
335 336
1 14 2
71 348
1 4 2
4 154
1 12 2
256 288
1 12 2
348 427
1 8 2
110 315
1 4 2
326 328
1 7 2
128 385
1 10 2
32 423
1 2 2
63 210
1 14 2
148 292
1 10 2
160 447
1 4 2
140 388
1 10 2
36 85
1 7 2
47 144
1 4 2
85 349
1 5 2
66 337
1 6 2
194 228
1 3 2
118 351
1 15 2
368 415
1 9 2
138 282
1 11 2
240 443
1 8 2
225 348
1 11 2
279 491
1 9 2
13 73
1 8 2
459 478
1 4 2
169 468
1 2 2
247 320
1 5 2
194 203
1 5 2
346 407
1 8 2
158 175
1 15 2
67 288
1 13 2
4 226
1 6 2
96 308
1 12 2
381 463
1 6 2
337 373
1 2 2
150 210
1 13 2
326 472
1 3 2
38 276
1 3 2
57 75
1 5 2
288 422
1 14 2
4 264
1 11 2
80 488
1 13 2
10 68
1 11 2
89 402
1 12 2
147 182
1 4 2
5 155
1 10 2
66 417
1 14 2
143 152
1 14 2
353 465
1 14 2
55 316
1 2 2
462 477
1 13 2
154 295
1 6 2
213 283
1 15 2
39 202
1 15 2
155 340
1 14 2
115 481
1 11 2
257 370
1 2 2
225 298
1 9 2
222 236
1 5 2
199 236
1 7 2
105 257
1 11 2
125 416
1 4 2
297 311
1 5 2
140 213
1 8 2
123 151
1 11 2
78 311
1 5 2
259 285
1 2 2
280 456
1 8 2
292 438
1 7 2
274 344
1 15 2
98 434
1 4 2
382 444
1 12 2
189 465
1 5 2
94 446
1 10 2
226 328
1 6 2
192 458
1 7 2
354 419
1 11 2
3 293
1 6 2
117 405
1 10 2
190 261
1 11 2
251 310
1 6 2
160 443
1 10 2
108 295
1 4 2
15 228
1 14 2
455 496
1 9 2
258 488
1 12 2
129 480
1 8 2
286 399
1 12 2
9 471
1 4 2
76 438
1 9 2
50 93
1 6 2
315 490
1 10 2
233 311
1 8 2
76 209
1 3 2
127 141
1 11 2
283 421
1 13 2
225 442
1 14 2
29 256
1 4 2
38 395
1 3 2
280 326
1 12 2
287 433
1 9 2
29 487
1 3 2
279 336
1 13 2
18 370
1 13 2
290 360
1 4 2
277 436
1 7 2
93 259
1 8 2
258 481
1 6 2
87 263
1 4 2
355 357
1 8 2
204 286
1 7 2
309 408
1 6 2
4 240
1 8 2
18 443
1 12 2
70 105
1 11 2
165 316
1 15 2
22 130
1 4 2
149 348
1 6 2
250 258
1 11 2
212 244
1 5 2
23 234
1 2 2
52 174
1 4 2
155 174
1 15 2
109 476
1 13 2
65 92
1 6 2
50 270
1 11 2
31 463
1 13 2
126 393
1 4 2
85 455
1 9 2
3 75
1 8 2
265 298
1 2 2
13 44
1 7 2
407 470
1 9 2
73 137
1 13 2
108 388
1 11 2
339 420
1 12 2
128 230
1 13 2
269 425
1 4 2
71 364
1 6 2
118 316
1 15 2
33 284
1 11 2
51 123
1 6 2
72 274
1 11 2
116 481
1 7 2
113 188
1 11 2
174 182
1 14 2
322 366
1 4 2
396 442
1 8 2
159 374
1 12 2
4 152
1 5 2
173 184
1 6 2
270 485
1 12 2
221 270
1 6 2
200 328
1 14 2
63 212
1 15 2
349 358
1 8 2
27 190
1 13 2
189 235
1 9 2
197 301
1 3 2
37 459
1 14 2
283 372
1 15 2
48 152
1 3 2
395 450
1 15 2
72 407
1 10 2
33 453
1 6 2
186 315
1 15 2
211 237
1 15 2
173 274
1 3 2
428 461
1 6 2
64 133
1 6 2
128 411
1 5 2
362 428
1 7 2
66 451
1 3 2
369 470
1 13 2
328 471
1 8 2
289 463
1 3 2
210 463
1 13 2
33 334
1 8 2
246 333
1 2 2
130 378
1 13 2
104 270
1 2 2
311 469
1 6 2
268 315
1 15 2
10 369
1 5 2
130 135
1 6 2
285 405
1 11 2
396 410
1 3 2
432 448
1 7 2
104 446
1 10 2
100 396
1 11 2
46 57
1 14 2
88 369
1 13 2
146 289
1 15 2
253 307
1 13 2
392 423
1 6 2
172 355
1 8 2
31 496
1 10 2
93 351
1 5 2
115 474
1 3 2
255 325
1 6 2
143 173
1 13 2
132 279
1 3 2
60 63
1 9 2
411 438
1 6 2
217 219
1 15 2
95 442
1 13 2
99 153
1 11 2
291 385
1 8 2
71 434
1 5 2
153 304
1 7 2
54 61
1 7 2
242 452
1 11 2
356 393
1 8 2
56 230
1 2 2
126 148
1 9 2
14 445
1 10 2
140 183
1 2 2
108 212
1 10 2
97 232
1 5 2
33 442
1 4 2
113 240
1 6 2
240 481
1 4 2
109 195
1 7 2
127 334
1 9 2
317 326
1 6 2
26 250
1 5 2
11 243
1 10 2
134 234
1 2 2
20 45
1 14 2
100 310
1 4 2
230 289
1 3 2
5 413
1 14 2
18 110
1 10 2
285 296
1 6 2
124 189
1 12 2
84 381
1 8 2
11 370
1 6 2
281 378
1 6 2
44 106
1 5 2
16 262
1 6 2
85 352
1 4 2
212 398
1 4 2
434 440
1 2 2
16 483
1 12 2
414 476
1 12 2
30 104
1 10 2
76 372
1 3 2
131 430
1 5 2
225 318
1 4 2
248 313
1 10 2
189 226
1 2 2
23 314
1 9 2
232 368
1 12 2
134 449
1 14 2
339 469
1 6 2
138 344
1 10 2
115 477
1 12 2
105 382
1 2 2
196 201
1 6 2
140 389
1 13 2
309 367
1 6 2
261 399
1 3 2
11 457
1 6 2
147 459
1 7 2
261 293
1 11 2
427 450
1 13 2
348 379
1 14 2
37 289
1 10 2
86 464
1 2 2
131 151
1 5 2
476 493
1 8 2
139 173
1 10 2
176 464
1 14 2
332 430
1 6 2
190 341
1 14 2
148 413
1 12 2
185 485
1 2 2
277 480
1 10 2
105 389
1 8 2
445 449
1 3 2
71 345
1 6 2
125 165
1 3 2
151 453
1 4 2
219 281
1 12 2
44 279
1 14 2
11 130
1 10 2
308 340
1 9 2
295 451
1 8 2
196 222
1 3 2
161 259
1 12 2
89 161
1 7 2
21 28
1 14 2
167 417
1 2 2
318 392
1 13 2
157 206
1 3 2
54 418
1 3 2
126 315
1 8 2
88 251
1 5 2
99 147
1 14 2
458 474
1 14 2
68 311
1 8 2
435 483
1 8 2
207 454
1 7 2
329 391
1 7 2
134 434
1 13 2
150 476
1 5 2
122 169
1 8 2
11 66
1 10 2
313 421
1 11 2
361 378
1 5 2
7 204
1 13 2
53 255
1 4 2
79 118
1 10 2
415 492
1 7 2
185 333
1 12 2
224 327
1 3 2
6 258
1 2 2
7 55
1 6 2
181 331
1 12 2
91 187
1 10 2
160 309
1 11 2
90 114
1 12 2
76 398
1 11 2
308 461
1 11 2
268 385
1 2 2
419 498
1 7 2
267 447
1 3 2
88 108
1 7 2
209 422
1 4 2
249 474
1 7 2
146 461
1 13 2
132 489
1 14 2
103 168
1 8 2
284 386
1 14 2
83 268
1 4 2
102 264
1 9 2
168 274
1 8 2
103 312
1 11 2
173 447
1 10 2
84 496
1 8 2
182 447
1 13 2
6 126
1 9 2
160 397
1 10 2
11 133
1 3 2
211 360
1 2 2
136 178
1 12 2
349 486
1 7 2
3 233
1 5 2
62 173
1 13 2
55 359
1 11 2
383 447
1 11 2
210 366
1 12 2
6 148
1 4 2
1 406
1 9 2
37 223
1 14 2
83 206
1 13 2
101 474
1 11 2
196 227
1 14 2
272 443
1 7 2
224 259
1 4 2
287 472
1 2 2
359 369
1 5 2
51 61
1 13 2
360 476
1 15 2
359 439
1 15 2
191 391
1 7 2
159 378
1 13 2
366 377
1 14 2
22 315
1 8 2
30 443
1 9 2
94 497
1 4 2
194 268
1 12 2
366 478
1 2 2
47 131
1 3 2
161 202
1 5 2
227 444
1 10 2
154 484
1 14 2
390 443
1 6 2
242 345
1 5 2
61 356
1 15 2
79 159
1 13 2
424 499
1 11 2
101 454
1 5 2
184 318
1 4 2
105 395
1 14 2
259 441
1 4 2
60 124
1 13 2
127 368
1 9 2
15 378
1 7 2
223 487
1 10 2
227 425
1 11 2
192 439
1 14 2
4 278
1 14 2
204 428
1 9 2
129 375
1 15 2
354 457
1 12 2
326 398
1 4 2
152 447
1 15 2
91 476
1 4 2
228 453
1 2 2
154 362
1 11 2
260 451
1 15 2
59 104
1 8 2
182 310
1 2 2
315 316
1 13 2
38 296
1 2 2
159 389
1 3 2
258 277
1 7 2
160 492
1 7 2
239 297
1 13 2
184 386
1 7 2
132 403
1 14 2
202 326
1 12 2
194 350
1 12 2
185 314
1 14 2
341 396
1 15 2
103 300
1 8 2
49 195
1 3 2
51 210
1 13 2
310 487
1 5 2
124 282
1 3 2
265 408
1 4 2
254 472
1 7 2
294 466
1 4 2
75 287
1 10 2
181 338
1 6 2
195 473
1 9 2
240 335
1 3 2
70 92
1 11 2
272 493
1 5 2
13 91
1 10 2
448 495
1 15 2
8 104
1 8 2
5 126
1 15 2
200 266
1 9 2
303 488
1 11 2
149 374
1 8 2
116 224
1 15 2
81 105
1 5 2
337 431
1 8 2
113 440
1 2 2
69 266
1 15 2
195 474
1 2 2
199 229
1 3 2
26 152
1 12 2
172 206
1 13 2
272 325
1 8 2
236 455
1 5 2
171 273
1 5 2
105 463
1 2 2
38 94
1 12 2
355 421
1 15 2
111 443
1 3 2
92 315
1 2 2
109 188
1 12 2
202 448
1 9 2
118 396
1 11 2
219 228
1 7 2
257 403
1 14 2
26 295
1 11 2
135 281
1 14 2
59 191
1 3 2
441 481
1 6 2
20 166
1 4 2
4 192
1 13 2
18 33
1 14 2
59 192
1 2 2
333 468
1 15 2
439 481
1 11 2
276 447
1 7 2
220 389
1 10 2
89 432
1 8 2
55 189
1 7 2
124 314
1 3 2
20 386
1 6 2
11 437
1 7 2
247 272
1 11 2
190 256
1 14 2
170 396
1 12 2
124 431
1 11 2
9 398
1 7 2
79 471
1 15 2
81 84
1 3 2
79 373
1 8 2
95 266
1 9 2
92 133
1 8 2
106 310
1 7 2
99 155
1 10 2
259 429
1 6 2
61 214
1 2 2
41 180
1 7 2
369 459
1 13 2
23 48
1 14 2
54 258
1 3 2
160 413
1 7 2
65 409
1 7 2
104 151
1 14 2
63 206
1 15 2
87 93
1 15 2
242 391
1 8 2
269 477
1 10 2
73 417
1 3 2
76 441
1 12 2
59 454
1 2 2
138 224
1 4 2
135 332
1 13 2
147 265
1 2 2
74 350
1 13 2
88 151
1 15 2
77 433
1 3 2
200 434
1 5 2
380 471
1 15 2
23 362
1 3 2
152 187
1 12 2
172 334
1 10 2
126 392
1 4 2
27 138
1 3 2
9 132
1 6 2
343 438
1 8 2
66 386
1 13 2
100 406
1 5 2
102 273
1 6 2
410 466
1 4 2
248 327
1 15 2
125 447
1 5 2
276 302
1 6 2
237 349
1 12 2
246 388
1 12 2
412 446
1 11 2
5 469
1 14 2
95 109
1 15 2
256 331
1 14 2
60 363
1 11 2
198 486
1 12 2
135 452
1 15 2
302 401
1 3 2
422 455
1 10 2
303 316
1 15 2
88 441
1 3 2
163 235
1 12 2
186 298
1 13 2
256 383
1 13 2
29 129
1 6 2
120 184
1 8 2
277 478
1 12 2
194 414
1 10 2
104 326
1 3 2
380 399
1 13 2
151 315
1 6 2
40 277
1 10 2
157 496
1 3 2
196 391
1 12 2
252 384
1 10 2
15 131
1 9 2
303 436
1 9 2
258 319
1 7 2
466 479
1 9 2
170 374
1 5 2
310 312
1 13 2
227 459
1 3 2
41 279
1 10 2
69 410
1 4 2
118 260
1 14 2
101 447
1 10 2
256 336
1 12 2
82 297
1 15 2
406 439
1 7 2
77 479
1 13 2
101 111
1 13 2
330 468
1 12 2
37 387
1 12 2
173 179
1 5 2
147 413
1 12 2
45 392
1 4 2
45 401
1 12 2
5 376
1 14 2
54 180
1 8 2
203 436
1 4 2
158 377
1 7 2
196 380
1 6 2
86 200
1 15 2
253 338
1 12 2
176 202
1 14 2
361 398
1 3 2
315 496
1 7 2
309 437
1 9 2
146 396
1 2 2
35 386
1 14 2
302 384
1 13 2
20 413
1 12 2
124 129
1 13 2
75 447
1 12 2
336 390
1 15 2
463 476
1 14 2
36 175
1 2 2
132 246
1 11 2
214 268
1 8 2
253 403
1 5 2
141 386
1 5 2
64 384
1 7 2
202 479
1 11 2
438 452
1 6 2
301 315
1 8 2
350 471
1 4 2
251 357
1 8 2
51 100
1 10 2
373 406
1 10 2
96 156
1 4 2
19 448
1 10 2
15 80
1 15 2
147 379
1 15 2
85 95
1 5 2
424 480
1 4 2
142 381
1 4 2
87 463
1 12 2
354 368
1 3 2
378 453
1 7 2
95 433
1 6 2
98 196
1 14 2
96 481
1 9 2
208 472
1 5 2
46 61
1 9 2
297 402
1 4 2
217 487
1 7 2
16 96
1 8 2
86 181
1 12 2
269 334
1 12 2
292 321
1 11 2
411 490
1 12 2
21 58
1 2 2
421 452
1 12 2
327 398
1 12 2
152 313
1 3 2
168 422
1 7 2
160 226
1 8 2
279 385
1 8 2
1 424
1 3 2
28 140
1 12 2
188 478
1 7 2
409 475
1 12 2
41 169
1 5 2
281 317
1 4 2
87 261
1 2 2
194 481
1 6 2
441 490
1 15 2
339 454
1 6 2
305 369
1 4 2
57 74
1 8 2
48 432
1 12 2
119 203
1 6 2
383 469
1 7 2
342 449
1 3 2
82 416
1 6 2
47 423
1 10 2
143 219
1 7 2
53 287
1 6 2
84 491
1 4 2
188 226
1 7 2
52 205
1 10 2
89 267
1 8 2
117 382
1 8 2
248 329
1 9 2
60 351
1 8 2
267 368
1 12 2
236 478
1 2 2
102 175
1 13 2
81 462
1 3 2
98 117
1 2 2
422 434
1 10 2
87 138
1 10 2
89 186
1 8 2
100 347
1 9 2
338 432
1 7 2
148 374
1 15 2
178 209
1 3 2
215 439
1 5 2
53 242
1 12 2
242 455
1 15 2
247 401
1 3 2
370 481
1 2 2
137 254
1 14 2
167 181
1 14 2
26 51
1 3 2
188 452
1 9 2
196 235
1 4 2
211 352
1 10 2
161 208
1 11 2
151 454
1 3 2
311 475
1 7 2
249 368
1 4 2
432 489
1 15 2
74 233
1 3 2
68 451
1 7 2
142 468
1 6 2
4 420
1 14 2
2 60
1 2 2
31 336
1 11 2
45 448
1 4 2
95 478
1 15 2
150 390
1 10 2
246 293
1 9 2
165 311
1 10 2
116 137
1 7 2
60 439
1 12 2
120 233
1 8 2
20 447
1 12 2
156 284
1 9 2
148 323
1 2 2
80 465
1 11 2
103 290
1 12 2
107 319
1 10 2
134 175
1 3 2
131 259
1 13 2
191 436
1 8 2
258 408
1 11 2
32 99
1 3 2
358 487
1 6 2
32 51
1 2 2
68 169
1 14 2
235 457
1 9 2
73 87
1 3 2
100 285
1 12 2
91 406
1 11 2
177 354
1 3 2
72 442
1 4 2
28 353
1 2 2
365 497
1 8 2
149 157
1 2 2
16 209
1 13 2
267 314
1 2 2
101 441
1 15 2
79 171
1 14 2
49 248
1 14 2
65 444
1 7 2
122 123
1 13 2
2 99
1 6 2
49 181
1 9 2
174 232
1 11 2
189 323
1 10 2
228 476
1 3 2
121 458
1 8 2
135 326
1 10 2
384 492
1 15 2
249 397
1 4 2
376 485
1 12 2
163 451
1 13 2
137 472
1 8 2
109 319
1 13 2
330 331
1 7 2
400 491
1 13 2
133 380
1 14 2
144 270
1 12 2
298 489
1 2 2
29 103
1 9 2
208 409
1 7 2
38 407
1 6 2
201 216
1 4 2
53 188
1 10 2
28 194
1 9 2
346 349
1 3 2
184 262
1 14 2
282 484
1 3 2
28 165
1 10 2
233 441
1 10 2
98 443
1 3 2
168 406
1 13 2
198 406
1 11 2
22 400
1 4 2
91 383
1 11 2
10 439
1 7 2
464 466
1 15 2
135 439
1 10 2
214 402
1 3 2
336 454
1 15 2
418 444
1 8 2
324 365
1 5 2
18 235
1 2 2
152 499
1 13 2
39 471
1 7 2
337 377
1 12 2
71 382
1 6 2
50 228
1 6 2
308 434
1 8 2
479 496
1 4 2
179 181
1 6 2
21 346
1 6 2
169 379
1 12 2
203 499
1 12 2
189 429
1 15 2
13 472
1 3 2
100 168
1 3 2
278 327
1 14 2
273 484
1 14 2
338 465
1 7 2
47 322
1 3 2
272 347
1 4 2
353 460
1 8 2
272 320
1 12 2
90 97
1 5 2
8 406
1 9 2
171 313
1 8 2
159 388
1 3 2
6 451
1 2 2
77 373
1 9 2
72 307
1 9 2
115 361
1 11 2
289 362
1 5 2
84 377
1 12 2
182 328
1 11 2
22 184
1 13 2
81 186
1 14 2
0 296
1 4 2
14 270
1 5 2
261 276
1 6 2
161 207
1 11 2
82 318
1 6 2
147 165
1 15 2
147 346
1 11 2
366 419
1 7 2
123 148
1 8 2
224 273
1 8 2
110 204
1 10 2
191 445
1 2 2
267 348
1 7 2
140 314
1 8 2
382 394
1 15 2
424 496
1 4 2
237 417
1 11 2
39 45
1 9 2
40 493
1 4 2
104 460
1 11 2
9 365
1 12 2
148 342
1 7 2
79 273
1 13 2
186 330
1 10 2
188 359
1 7 2
166 385
1 14 2
31 490
1 13 2
64 444
1 3 2
150 405
1 8 2
4 360
1 14 2
92 237
1 2 2
223 292
1 7 2
202 469
1 11 2
314 371
1 9 2
170 270
1 15 2
248 305
1 4 2
141 492
1 9 2
106 257
1 15 2
204 289
1 12 2
45 220
1 4 2
104 125
1 13 2
115 422
1 8 2
320 471
1 10 2
55 169
1 15 2
281 336
1 11 2
105 134
1 5 2
318 412
1 8 2
173 301
1 3 2
10 400
1 9 2
156 196
1 12 2
128 492
1 4 2
417 460
1 15 2
293 496
1 12 2
4 308
1 5 2
96 389
1 8 2
125 317
1 2 2
31 167
1 6 2
212 433
1 12 2
351 489
1 6 2
157 265
1 4 2
24 400
1 14 2
325 465
1 12 2
128 355
1 13 2
15 401
1 13 2
201 303
1 5 2
7 275
1 12 2
157 478
1 7 2
243 451
1 10 2
286 369
1 14 2
73 427
1 8 2
318 406
1 3 2
484 493
1 5 2
123 161
1 12 2
233 242
1 10 2
22 456
1 5 2
328 406
1 13 2
15 479
1 13 2
14 16
1 7 2
268 437
1 11 2
332 425
1 9 2
371 429
1 15 2
43 305
1 5 2
61 374
1 9 2
167 244
1 4 2
86 331
1 3 2
179 343
1 3 2
44 360
1 4 2
138 267
1 2 2
117 163
1 4 2
247 323
1 7 2
38 51
1 10 2
104 228
1 5 2
2 146
1 2 2
199 497
1 2 2
95 111
1 3 2
26 417
1 8 2
68 497
1 12 2
162 311
1 12 2
369 488
1 14 2
42 249
1 15 2
87 214
1 14 2
343 481
1 2 2
113 411
1 3 2
70 242
1 6 2
175 399
1 14 2
182 477
1 13 2
194 457
1 13 2
172 344
1 3 2
267 289
1 10 2
155 417
1 11 2
193 291
1 10 2
226 391
1 10 2
144 267
1 10 2
56 490
1 7 2
216 408
1 15 2
185 232
1 2 2
24 374
1 13 2
118 387
1 14 2
56 178
1 3 2
287 440
1 9 2
293 359
1 14 2
23 123
1 13 2
68 76
1 3 2
29 45
1 5 2
192 324
1 2 2
211 365
1 5 2
341 421
1 15 2
229 490
1 11 2
321 465
1 14 2
164 366
1 5 2
127 157
1 7 2
444 471
1 11 2
72 89
1 14 2
216 266
1 13 2
167 255
1 13 2
11 138
1 4 2
22 203
1 4 2
142 412
1 8 2
109 380
1 2 2
15 59
1 9 2
49 279
1 15 2
246 338
1 3 2
105 324
1 11 2
249 437
1 10 2
79 283
1 15 2
38 103
1 10 2
135 409
1 10 2
146 227
1 5 2
86 182
1 11 2
168 186
1 12 2
153 477
1 8 2
191 389
1 2 2
99 451
1 13 2
155 317
1 10 2
194 237
1 5 2
151 164
1 10 2
100 156
1 2 2
84 269
1 8 2
147 252
1 12 2
121 480
1 4 2
23 473
1 12 2
413 495
1 11 2
147 386
1 6 2
79 264
1 7 2
152 386
1 8 2
132 239
1 7 2
304 310
1 15 2
178 345
1 8 2
142 266
1 13 2
90 474
1 10 2
22 31
1 8 2
121 310
1 6 2
311 314
1 14 2
170 364
1 15 2
328 373
1 8 2
39 420
1 12 2
255 314
1 5 2
44 51
1 13 2
105 362
1 12 2
111 213
1 13 2
208 313
1 3 2
97 215
1 3 2
80 163
1 11 2
121 131
1 5 2
382 414
1 3 2
137 336
1 2 2
332 448
1 5 2
71 394
1 14 2
19 493
1 9 2
104 183
1 14 2
137 285
1 3 2
66 223
1 14 2
74 334
1 7 2
80 395
1 9 2
284 450
1 6 2
230 312
1 7 2
298 495
1 4 2
24 392
1 2 2
13 283
1 10 2
302 342
1 2 2
231 320
1 5 2
90 455
1 8 2
36 343
1 5 2
28 278
1 4 2
318 438
1 10 2
207 270
1 6 2
117 321
1 11 2
149 465
1 12 2
248 386
1 6 2
445 466
1 12 2
284 464
1 7 2
126 256
1 3 2
101 426
1 3 2
210 480
1 10 2
19 358
1 4 2
69 209
1 8 2
125 307
1 9 2
33 186
1 2 2
26 440
1 15 2
102 208
1 14 2
246 456
1 5 2
1 416
1 8 2
113 359
1 6 2
19 172
1 13 2
27 477
1 7 2
368 455
1 9 2
75 105
1 15 2
335 361
1 7 2
12 308
1 15 2
449 473
1 9 2
75 157
1 8 2
165 439
1 4 2
31 373
1 15 2
258 292
1 10 2
164 352
1 7 2
10 55
1 13 2
210 416
1 4 2
258 396
1 4 2
213 355
1 6 2
444 468
1 6 2
296 447
1 2 2
127 183
1 2 2
280 495
1 3 2
131 446
1 7 2
268 352
1 12 2
176 488
1 8 2
35 203
1 6 2
97 453
1 6 2
1 260
1 2 2
174 243
1 11 2
147 291
1 15 2
14 52
1 14 2
156 440
1 14 2
34 168
1 11 2
450 455
1 8 2
172 300
1 15 2
327 446
1 14 2
412 413
1 13 2
84 286
1 2 2
174 377
1 8 2
25 81
1 8 2
44 173
1 3 2
180 363
1 6 2
49 467
1 2 2
40 201
1 8 2
253 295
1 5 2
39 42
1 2 2
444 448
1 5 2
7 144
1 11 2
144 238
1 12 2
5 384
1 10 2
82 411
1 5 2
384 462
1 9 2
131 304
1 8 2
226 441
1 8 2
46 195
1 10 2
179 373
1 13 2
279 302
1 2 2
115 283
1 9 2
9 489
1 4 2
363 445
1 2 2
155 253
1 15 2
14 371
1 11 2
35 467
1 12 2
22 107
1 11 2
326 406
1 15 2
348 375
1 4 2
1 33
1 9 2
206 487
1 8 2
36 435
1 4 2
287 331
1 3 2
378 414
1 13 2
88 209
1 13 2
108 334
1 10 2
13 272
1 4 2
144 425
1 10 2
131 222
1 4 2
13 274
1 2 2
369 446
1 5 2
58 245
1 2 2
305 421
1 13 2
46 341
1 12 2
257 489
1 10 2
268 280
1 13 2
171 348
1 8 2
209 274
1 9 2
14 446
1 5 2
26 433
1 13 2
94 335
1 8 2
416 478
1 2 2
391 494
1 5 2
185 448
1 3 2
194 440
1 7 2
324 368
1 8 2
312 323
1 15 2
191 486
1 9 2
47 150
1 2 2
27 432
1 9 2
289 452
1 4 2
70 75
1 14 2
421 491
1 5 2
133 447
1 8 2
85 433
1 15 2
247 296
1 9 2
257 273
1 4 2
323 351
1 9 2
189 243
1 14 2
107 420
1 11 2
130 406
1 7 2
112 247
1 14 2
38 188
1 13 2
253 488
1 5 2
27 135
1 10 2
64 361
1 3 2
12 50
1 14 2
104 302
1 14 2
193 203
1 11 2
160 307
1 11 2
43 276
1 12 2
321 472
1 14 2
72 450
1 12 2
105 438
1 12 2
427 449
1 14 2
240 327
1 13 2
403 490
1 13 2
98 247
1 4 2
292 317
1 5 2
95 286
1 3 2
371 389
1 10 2
84 267
1 2 2
92 449
1 15 2
165 401
1 12 2
77 362
1 7 2
111 193
1 2 2
97 283
1 11 2
458 489
1 4 2
452 477
1 9 2
93 262
1 6 2
157 442
1 7 2
303 371
1 13 2
245 478
1 14 2
76 467
1 4 2
92 363
1 10 2
18 107
1 8 2
435 480
1 5 2
173 419
1 6 2
80 446
1 5 2
70 354
1 9 2
184 316
1 4 2
51 402
1 12 2
137 301
1 13 2
482 492
1 12 2
199 496
1 12 2
187 302
1 13 2
45 81
1 14 2
303 358
1 8 2
42 163
1 6 2
95 484
1 8 2
329 451
1 4 2
35 42
1 4 2
291 479
1 6 2
155 360
1 3 2
190 490
1 3 2
454 477
1 9 2
172 423
1 13 2
303 424
1 11 2
137 471
1 4 2
46 196
1 14 2
203 487
1 11 2
28 385
1 2 2
72 154
1 11 2
146 331
1 3 2
373 450
1 7 2
386 442
1 8 2
7 491
1 12 2
215 332
1 5 2
46 109
1 15 2
24 486
1 12 2
467 493
1 7 2
324 445
1 6 2
142 179
1 11 2
10 442
1 15 2
60 494
1 7 2
201 334
1 9 2
354 379
1 5 2
330 474
1 8 2
128 199
1 9 2
38 224
1 13 2
68 280
1 5 2
107 308
1 6 2
82 323
1 9 2
9 69
1 14 2
168 373
1 15 2
134 490
1 7 2
221 278
1 10 2
67 84
1 7 2
40 302
1 6 2
215 302
1 3 2
48 252
1 13 2
201 276
1 4 2
394 418
1 10 2
102 209
1 5 2
165 341
1 7 2
321 460
1 6 2
306 487
1 12 2
240 359
1 2 2
9 480
1 13 2
53 350
1 4 2
316 379
1 6 2
69 125
1 2 2
61 305
1 5 2
49 471
1 12 2
221 241
1 8 2
345 380
1 3 2
168 394
1 11 2
141 442
1 7 2
33 298
1 11 2
232 474
1 13 2
379 435
1 6 2
6 106
1 10 2
147 233
1 4 2
372 453
1 6 2
109 217
1 2 2
330 418
1 4 2
142 364
1 10 2
204 307
1 6 2
263 464
1 11 2
53 283
1 3 2
130 475
1 12 2
81 88
1 15 2
84 220
1 4 2
205 254
1 11 2
17 121
1 6 2
409 419
1 7 2
126 441
1 12 2
76 148
1 2 2
58 443
1 14 2
236 463
1 5 2
109 328
1 3 2
383 490
1 6 2
95 481
1 5 2
223 303
1 7 2
33 416
1 11 2
73 188
1 9 2
215 415
1 8 2
12 116
1 14 2
182 466
1 8 2
119 272
1 12 2
82 350
1 4 2
10 284
1 6 2
255 292
1 12 2
19 144
1 7 2
117 272
1 8 2
236 347
1 9 2
47 492
1 5 2
258 480
1 14 2
32 295
1 12 2
106 187
1 14 2
0 353
1 13 2
202 385
1 15 2
281 394
1 7 2
84 221
1 3 2
126 281
1 5 2
21 441
1 2 2
72 353
1 12 2
199 479
1 2 2
78 395
1 9 2
53 399
1 3 2
53 76
1 3 2
321 326
1 11 2
218 351
1 2 2
40 130
1 13 2
11 254
1 9 2
191 367
1 3 2
473 490
1 6 2
373 389
1 6 2
71 443
1 15 2
270 377
1 6 2
439 466
1 14 2
199 249
1 10 2
119 327
1 13 2
103 369
1 11 2
39 315
1 4 2
91 457
1 8 2
229 460
1 13 2
335 405
1 2 2
326 470
1 7 2
412 422
1 6 2
239 451
1 4 2
227 440
1 5 2
204 423
1 9 2
137 332
1 8 2
142 151
1 10 2
67 135
1 3 2
33 325
1 12 2
301 322
1 12 2
54 67
1 13 2
218 489
1 5 2
165 434
1 9 2
393 404
1 2 2
53 470
1 9 2
407 439
1 10 2
342 353
1 5 2
230 299
1 15 2
160 161
1 8 2
291 491
1 6 2
104 320
1 8 2
99 186
1 10 2
17 355
1 9 2
139 459
1 4 2
290 306
1 4 2
120 230
1 11 2
375 414
1 5 2
2 85
1 5 2
45 203
1 11 2
322 495
1 11 2
177 456
1 8 2
233 290
1 9 2
190 429
1 8 2
399 443
1 12 2
140 330
1 4 2
142 457
1 2 2
400 451
1 12 2
432 483
1 8 2
45 359
1 10 2
23 449
1 4 2
149 329
1 11 2
29 325
1 2 2
335 365
1 15 2
264 495
1 8 2
294 430
1 5 2
321 402
1 3 2
408 441
1 2 2
279 312
1 5 2
11 434
1 12 2
31 283
1 2 2
226 291
1 12 2
305 393
1 6 2
28 168
1 7 2
222 327
1 15 2
358 391
1 12 2
29 60
1 9 2
183 454
1 4 2
245 342
1 2 2
410 471
1 7 2
269 465
1 6 2
284 433
1 13 2
350 453
1 14 2
294 412
1 15 2
321 471
1 13 2
355 422
1 2 2
48 477
1 7 2
356 363
1 12 2
299 391
1 12 2
251 397
1 15 2
262 288
1 7 2
117 312
1 3 2
102 371
1 15 2
207 479
1 14 2
2 258
1 8 2
48 190
1 11 2
223 438
1 7 2
304 343
1 13 2
334 487
1 7 2
68 430
1 10 2
263 356
1 4 2
324 405
1 9 2
273 342
1 13 2
30 393
1 13 2
273 454
1 12 2
386 392
1 13 2
115 369
1 13 2
82 496
1 6 2
80 233
1 6 2
261 419
1 12 2
173 226
1 6 2
253 288
1 4 2
416 466
1 2 2
166 249
1 9 2
85 371
1 11 2
228 235
1 8 2
121 368
1 5 2
63 274
1 4 2
203 411
1 2 2
320 413
1 2 2
261 317
1 12 2
125 469
1 11 2
132 145
1 4 2
255 295
1 10 2
203 426
1 15 2
129 446
1 3 2
194 251
1 13 2
413 455
1 8 2
125 375
1 4 2
277 291
1 7 2
151 428
1 6 2
188 322
1 14 2
416 499
1 6 2
225 227
1 10 2
27 305
1 3 2
184 272
1 3 2
376 382
1 7 2
252 407
1 12 2
345 488
1 14 2
62 162
1 13 2
269 279
1 3 2
203 381
1 5 2
222 369
1 5 2
334 419
1 10 2
161 442
1 9 2
60 78
1 2 2
100 412
1 4 2
249 408
1 12 2
237 345
1 3 2
164 263
1 15 2
140 202
1 13 2
434 487
1 8 2
73 130
1 6 2
189 425
1 13 2
122 391
1 4 2
37 226
1 6 2
49 450
1 5 2
173 256
