500 3000 2500
18 14 25 23 16 12 5 7 5 22 18 24 6 24 6 16 8 22 8 15 5 15 11 17 16 8 8 19 22 20 10 14 5 12 10 8 16 5 8 22 16 20 10 7 16 21 20 6 5 8 5 8 9 5 20 13 24 16 19 12 24 25 17 17 6 11 23 19 23 21 8 24 20 18 16 15 10 23 8 9 15 13 19 23 20 25 20 8 22 23 14 19 22 15 24 5 14 18 9 15 10 7 9 18 18 22 21 14 8 5 23 13 8 7 25 11 10 12 22 18 23 22 15 25 16 17 10 21 18 18 18 11 13 25 24 16 5 24 17 10 11 12 25 25 22 23 21 10 13 23 7 20 12 22 13 20 15 14 6 8 11 17 17 19 8 15 10 15 5 24 5 17 14 5 15 19 21 16 14 8 20 25 13 16 17 16 11 9 8 24 15 6 21 5 8 19 6 23 24 7 12 20 25 21 25 17 10 19 5 20 6 21 25 23 22 10 24 14 14 16 17 17 15 16 24 19 16 13 14 11 14 17 14 13 24 24 18 9 16 21 16 12 15 7 24 18 18 18 18 25 5 16 16 5 16 10 7 17 18 14 8 18 15 10 24 17 13 17 5 17 24 19 9 9 20 21 13 5 7 7 25 18 22 10 20 11 16 8 12 22 25 10 18 23 6 20 11 20 12 13 9 10 6 18 16 24 17 18 6 20 15 12 24 11 20 16 10 23 12 25 12 24 8 8 25 15 16 16 21 8 17 6 15 25 10 20 25 20 15 15 17 15 19 6 22 10 7 12 16 22 24 8 23 21 25 23 21 9 19 13 21 15 15 21 22 7 15 7 16 6 7 9 13 25 11 25 16 8 6 23 19 23 8 19 17 6 21 24 21 10 17 25 11 18 8 20 15 9 21 17 5 24 13 21 14 18 6 16 7 11 15 5 15 21 13 25 10 7 21 12 7 17 18 23 25 6 23 16 9 21 6 12 10 13 14 25 5 11 16 14 24 8 14 13 5 14 6 15 15 19 25 13 11 16 21 5 21 22 6 10 20 8 21 7 7 15 20 14 15 7 24 19 16 22 14 5 13 22 17 25 7 13 20 18 15 11 20 16 19 9 15 14 7 8 7 23 22 7 10 25
9 18 10 11 9 17 12 6 16 18 15 14 10 5 14 9 4 4 7 11 14 7 9 7 18 19 6 16 8 5 19 12 11 3 20 8 20 16 8 8 14 10 13 11 19 13 12 8 17 14 9 11 10 3 14 9 12 17 16 4 4 8 3 5 7 9 16 3 20 10 7 13 11 11 15 6 7 9 12 19 20 18 20 5 9 15 14 5 9 10 15 4 17 15 6 3 11 15 8 15 19 14 7 14 10 7 17 16 7 10 19 18 8 12 17 11 7 17 3 20 19 7 7 15 7 9 20 13 5 18 19 13 9 6 7 15 8 15 3 10 10 15 5 4 20 5 4 18 4 17 5 16 20 6 18 19 15 12 20 6 16 10 8 17 3 7 16 13 16 6 5 5 15 13 20 5 14 14 18 16 11 4 13 3 5 3 5 12 5 17 11 9 17 6 3 14 15 14 11 19 6 19 20 7 15 13 18 19 17 15 13 5 16 6 4 10 11 12 13 17 20 10 14 18 8 14 15 5 3 16 11 15 3 3 9 16 10 4 7 7 3 14 5 16 18 11 15 3 18 13 8 12 7 9 6 18 14 4 12 13 20 20 13 15 19 11 6 11 12 7 15 14 5 15 14 9 18 9 10 10 18 14 12 11 19 13 19 14 12 14 15 6 20 20 6 15 3 15 8 7 7 16 11 11 5 10 16 19 13 14 4 7 9 20 10 17 18 17 12 4 6 16 16 8 12 16 5 7 3 12 17 5 3 15 13 17 10 16 15 10 11 11 10 16 19 7 4 13 9 18 16 14 4 17 3 15 13 12 12 4 13 19 10 9 12 13 18 18 17 20 9 6 11 13 15 18 9 15 17 11 18 17 7 8 3 16 7 16 11 13 3 7 7 6 3 9 14 11 19 4 16 11 14 20 11 17 20 11 6 4 6 9 15 7 11 6 3 7 7 5 17 19 13 4 12 3 15 5 10 20 15 14 17 3 8 20 15 17 8 9 9 8 6 7 12 6 4 6 11 11 18 3 17 16 20 10 3 17 17 17 3 20 8 15 20 6 18 19 13 14 15 3 6 9 5 13 7 11 19 7 16 13 19 18 12 19 14 4 6 13 20 18 15 19 8 19 11 5 6 8
1 14 2
7 79
1 9 2
399 486
1 10 2
21 467
1 7 2
221 402
1 2 2
273 318
1 13 2
243 368
1 11 2
71 453
1 7 2
31 129
1 8 2
80 405
1 6 2
316 337
1 10 2
52 249
1 13 2
63 67
1 7 2
393 446
1 9 2
57 158
1 2 2
232 378
1 15 2
265 273
1 12 2
48 229
1 6 2
172 375
1 14 2
226 250
1 3 2
205 473
1 9 2
118 466
1 6 2
35 320
1 14 2
103 266
1 4 2
255 484
1 12 2
115 219
1 2 2
56 281
1 13 2
107 417
1 5 2
10 231
1 5 2
30 318
1 13 2
284 321
1 7 2
368 480
1 7 2
275 389
1 15 2
85 212
1 15 2
224 269
1 14 2
384 480
1 3 2
385 484
1 9 2
36 151
1 10 2
456 482
1 12 2
61 403
1 12 2
127 211
1 10 2
268 346
1 3 2
390 478
1 2 2
309 330
1 10 2
226 302
1 14 2
26 331
1 14 2
92 133
1 6 2
234 374
1 11 2
166 184
1 7 2
40 266
1 11 2
177 466
1 3 2
84 142
1 12 2
5 276
1 2 2
190 271
1 8 2
206 486
1 12 2
349 437
1 2 2
165 274
1 9 2
338 460
1 10 2
208 254
1 9 2
259 271
1 15 2
201 330
1 6 2
67 279
1 11 2
132 147
1 6 2
8 422
1 11 2
240 439
1 9 2
174 289
1 7 2
34 427
1 9 2
48 489
1 13 2
87 173
1 11 2
207 258
1 10 2
111 290
1 5 2
36 389
1 13 2
66 246
1 11 2
252 345
1 10 2
240 430
1 13 2
321 336
1 7 2
34 220
1 3 2
376 466
1 6 2
33 437
1 8 2
247 457
1 3 2
112 468
1 5 2
180 418
1 5 2
292 478
1 10 2
123 182
1 2 2
35 466
1 11 2
446 447
1 8 2
454 485
1 8 2
292 396
1 9 2
253 254
1 11 2
61 265
1 6 2
315 404
1 7 2
51 257
1 14 2
367 417
1 9 2
291 380
1 15 2
256 295
1 14 2
292 384
1 15 2
54 374
1 13 2
172 429
1 5 2
62 435
1 6 2
8 448
1 3 2
143 405
1 2 2
118 329
1 11 2
134 320
1 7 2
150 440
1 8 2
36 378
1 11 2
202 307
1 5 2
79 88
1 6 2
271 366
1 14 2
178 186
1 11 2
3 300
1 14 2
102 461
1 11 2
360 495
1 2 2
158 445
1 15 2
234 251
1 7 2
424 469
1 5 2
9 291
1 9 2
78 375
1 7 2
290 431
1 7 2
242 454
1 5 2
1 335
1 15 2
91 147
1 6 2
264 474
1 11 2
38 127
1 4 2
22 448
1 2 2
0 160
1 3 2
130 367
1 5 2
186 395
1 13 2
30 153
1 7 2
416 419
1 11 2
253 429
1 3 2
386 394
1 8 2
193 471
1 12 2
240 375
1 3 2
186 369
1 10 2
34 357
1 13 2
309 346
1 7 2
190 413
1 8 2
52 159
1 4 2
242 469
1 9 2
17 223
1 6 2
69 276
1 15 2
43 207
1 5 2
46 365
1 5 2
164 283
1 7 2
40 364
1 5 2
421 436
1 11 2
4 342
1 10 2
318 465
1 5 2
111 175
1 7 2
65 140
1 6 2
125 321
1 13 2
274 452
1 2 2
196 338
1 13 2
287 305
1 12 2
193 420
1 9 2
285 349
1 14 2
87 456
1 11 2
231 291
1 3 2
45 286
1 7 2
76 293
1 2 2
300 373
1 11 2
34 224
1 3 2
71 316
1 8 2
140 381
1 10 2
248 389
1 14 2
157 445
1 7 2
73 207
1 15 2
330 364
1 2 2
41 330
1 15 2
43 151
1 9 2
158 387
1 8 2
305 461
1 15 2
186 231
1 8 2
11 315
1 11 2
87 234
1 13 2
103 393
1 10 2
221 264
1 2 2
54 488
1 13 2
225 265
1 10 2
419 483
1 8 2
131 204
1 5 2
134 456
1 8 2
75 341
1 14 2
77 295
1 11 2
401 455
1 3 2
212 359
1 11 2
297 352
1 5 2
128 237
1 15 2
366 446
1 12 2
284 360
1 12 2
208 336
1 13 2
85 186
1 6 2
88 326
1 8 2
134 246
1 15 2
64 327
1 12 2
22 202
1 8 2
34 66
1 2 2
1 213
1 5 2
160 228
1 5 2
236 462
1 13 2
38 273
1 7 2
10 55
1 6 2
140 295
1 5 2
106 381
1 9 2
286 440
1 10 2
2 243
1 5 2
87 351
1 12 2
185 215
1 7 2
73 346
1 15 2
101 206
1 11 2
169 427
1 14 2
233 466
1 2 2
301 380
1 15 2
99 482
1 12 2
322 373
1 15 2
129 240
1 3 2
282 368
1 12 2
164 229
1 10 2
22 429
1 8 2
100 149
1 6 2
126 313
1 12 2
333 371
1 11 2
233 360
1 14 2
26 120
1 2 2
5 74
1 5 2
137 402
1 3 2
118 438
1 12 2
350 424
1 10 2
24 423
1 13 2
62 116
1 5 2
402 483
1 5 2
309 415
1 11 2
171 209
1 14 2
404 463
1 7 2
263 288
1 14 2
10 96
1 14 2
9 282
1 15 2
262 442
1 4 2
52 333
1 12 2
103 267
1 11 2
162 311
1 11 2
81 474
1 3 2
12 460
1 2 2
36 96
1 5 2
163 409
1 14 2
112 352
1 11 2
208 490
1 5 2
137 245
1 11 2
332 412
1 4 2
190 390
1 7 2
185 376
1 8 2
24 276
1 6 2
276 461
1 8 2
350 459
1 11 2
151 201
1 13 2
315 456
1 8 2
324 408
1 11 2
400 462
1 14 2
50 105
1 12 2
243 361
1 14 2
128 185
1 3 2
378 384
1 15 2
282 492
1 6 2
79 478
1 3 2
32 419
1 4 2
187 357
1 10 2
183 254
1 8 2
207 244
1 13 2
21 304
1 14 2
141 218
1 8 2
58 344
1 5 2
3 235
1 10 2
221 262
1 13 2
378 459
1 3 2
399 488
1 13 2
80 448
1 2 2
215 407
1 10 2
347 381
1 2 2
360 364
1 13 2
112 170
1 12 2
56 272
1 8 2
84 132
1 14 2
224 348
1 9 2
349 494
1 9 2
61 196
1 8 2
131 474
1 14 2
89 399
1 7 2
141 420
1 11 2
244 257
1 2 2
58 178
1 7 2
226 392
1 4 2
169 286
1 8 2
382 385
1 3 2
39 411
1 2 2
179 419
1 9 2
176 479
1 2 2
175 481
1 12 2
146 483
1 3 2
29 431
1 13 2
130 210
1 10 2
320 347
1 2 2
134 206
1 3 2
217 358
1 5 2
39 131
1 5 2
321 439
1 7 2
23 153
1 3 2
164 340
1 7 2
79 248
1 14 2
416 491
1 14 2
319 399
1 12 2
295 433
1 12 2
250 275
1 2 2
178 183
1 8 2
211 429
1 5 2
469 495
1 15 2
10 101
1 2 2
2 26
1 8 2
135 189
1 5 2
62 279
1 10 2
9 251
1 5 2
458 484
1 12 2
155 203
1 6 2
11 410
1 2 2
81 330
1 6 2
136 398
1 10 2
296 305
1 12 2
52 446
1 7 2
103 238
1 7 2
136 245
1 5 2
273 355
1 9 2
6 67
1 5 2
227 275
1 2 2
35 37
1 9 2
383 445
1 8 2
51 434
1 9 2
79 434
1 9 2
170 345
1 11 2
218 325
1 5 2
177 193
1 5 2
295 315
1 11 2
47 287
1 6 2
164 405
1 7 2
76 348
1 10 2
178 290
1 12 2
135 180
1 4 2
114 177
1 5 2
16 130
1 7 2
343 482
1 13 2
0 46
1 9 2
236 264
1 15 2
126 401
1 10 2
138 260
1 13 2
163 166
1 11 2
17 209
1 6 2
70 126
1 5 2
342 494
1 12 2
448 483
1 13 2
179 490
1 8 2
15 284
1 12 2
198 452
1 5 2
53 181
1 3 2
166 332
1 15 2
196 221
1 7 2
173 356
1 13 2
45 73
1 11 2
89 250
1 7 2
7 39
1 5 2
389 415
1 15 2
14 368
1 5 2
365 459
1 11 2
203 218
1 15 2
75 342
1 13 2
370 485
1 3 2
140 410
1 14 2
176 471
1 14 2
339 449
1 2 2
105 160
1 14 2
31 278
1 8 2
279 291
1 10 2
91 366
1 3 2
293 369
1 4 2
5 153
1 5 2
450 474
1 11 2
85 429
1 5 2
72 160
1 2 2
7 300
1 5 2
257 422
1 15 2
185 229
1 8 2
191 376
1 7 2
137 298
1 10 2
74 208
1 15 2
181 318
1 2 2
352 443
1 2 2
0 250
1 11 2
138 400
1 14 2
124 287
1 11 2
209 473
1 12 2
189 298
1 15 2
138 251
1 14 2
355 426
1 12 2
112 374
1 4 2
306 496
1 7 2
77 138
1 11 2
386 492
1 10 2
82 374
1 4 2
173 350
1 14 2
8 344
1 4 2
26 190
1 8 2
362 402
1 13 2
139 249
1 2 2
342 479
1 7 2
348 423
1 8 2
36 70
1 10 2
135 427
1 9 2
179 233
1 5 2
192 246
1 10 2
27 198
1 10 2
9 91
1 2 2
38 456
1 12 2
115 166
1 15 2
112 423
1 9 2
187 303
1 14 2
169 301
1 11 2
15 224
1 6 2
99 221
1 8 2
58 60
1 13 2
98 170
1 4 2
64 107
1 13 2
101 214
1 7 2
111 406
1 6 2
109 172
1 6 2
172 190
1 15 2
72 199
1 11 2
178 444
1 5 2
60 242
1 9 2
224 284
1 3 2
0 190
1 15 2
31 390
1 5 2
312 357
1 8 2
143 239
1 3 2
243 247
1 4 2
135 322
1 7 2
3 237
1 8 2
131 150
1 6 2
297 412
1 13 2
83 114
1 2 2
179 460
1 7 2
0 19
1 8 2
87 428
1 13 2
149 349
1 13 2
112 185
1 13 2
224 393
1 7 2
61 230
1 6 2
175 227
1 15 2
133 277
1 12 2
81 468
1 7 2
102 339
1 5 2
252 419
1 8 2
31 284
1 3 2
62 260
1 14 2
185 212
1 6 2
62 313
1 13 2
132 498
1 11 2
139 203
1 8 2
132 134
1 4 2
79 181
1 5 2
210 291
1 6 2
133 150
1 10 2
65 286
1 5 2
50 371
1 13 2
69 325
1 2 2
235 278
1 11 2
165 370
1 8 2
125 350
1 11 2
224 288
1 5 2
59 384
1 9 2
278 359
1 10 2
24 328
1 6 2
279 454
1 6 2
31 66
1 6 2
259 494
1 11 2
341 489
1 2 2
32 394
1 13 2
91 278
1 14 2
87 446
1 8 2
149 314
1 8 2
14 68
1 7 2
159 445
1 11 2
31 326
1 15 2
7 477
1 11 2
53 397
1 13 2
97 195
1 3 2
275 382
1 7 2
219 321
1 9 2
15 336
1 3 2
106 324
1 10 2
256 480
1 2 2
263 306
1 10 2
272 478
1 4 2
419 439
1 13 2
40 276
1 12 2
181 367
1 11 2
241 414
1 9 2
139 398
1 8 2
13 336
1 6 2
18 140
1 12 2
1 488
1 3 2
152 408
1 8 2
170 220
1 3 2
80 216
1 15 2
199 403
1 14 2
149 218
1 6 2
28 50
1 14 2
133 139
1 10 2
12 139
1 6 2
52 351
1 10 2
174 317
1 9 2
190 301
1 11 2
31 333
1 12 2
416 485
1 9 2
118 416
1 6 2
139 487
1 13 2
112 245
1 14 2
470 489
1 6 2
173 204
1 10 2
6 493
1 13 2
182 266
1 10 2
166 414
1 4 2
37 325
1 8 2
30 239
1 7 2
153 226
1 7 2
391 442
1 13 2
406 432
1 7 2
99 355
1 6 2
46 477
1 14 2
341 394
1 7 2
92 456
1 2 2
157 267
1 5 2
85 101
1 7 2
112 344
1 10 2
83 295
1 4 2
89 322
1 13 2
297 435
1 5 2
8 168
1 7 2
212 250
1 9 2
21 308
1 5 2
77 452
1 9 2
34 67
1 9 2
24 490
1 15 2
39 212
1 12 2
302 412
1 5 2
267 445
1 3 2
161 335
1 10 2
357 375
1 11 2
282 318
1 5 2
215 355
1 14 2
191 415
1 12 2
211 225
1 15 2
262 321
1 2 2
293 327
1 2 2
46 98
1 13 2
191 201
1 4 2
209 318
1 14 2
227 390
1 7 2
63 340
1 2 2
236 329
1 2 2
140 312
1 5 2
281 365
1 6 2
24 378
1 12 2
165 405
1 5 2
195 358
1 10 2
91 266
1 7 2
15 148
1 13 2
55 461
1 15 2
29 303
1 4 2
166 383
1 4 2
87 190
1 13 2
224 437
1 7 2
148 299
1 12 2
195 436
1 5 2
180 450
1 3 2
134 291
1 4 2
76 290
1 12 2
62 195
1 4 2
96 150
1 7 2
82 348
1 15 2
163 389
1 10 2
22 148
1 10 2
427 486
1 5 2
210 429
1 14 2
104 115
1 8 2
204 361
1 15 2
93 332
1 5 2
49 170
1 9 2
38 204
1 6 2
439 466
1 2 2
467 493
1 5 2
288 453
1 6 2
77 313
1 10 2
99 279
1 15 2
220 259
1 3 2
174 231
1 8 2
97 104
1 13 2
225 325
1 9 2
28 171
1 3 2
222 315
1 4 2
349 477
1 7 2
285 338
1 10 2
368 425
1 5 2
340 359
1 2 2
51 218
1 14 2
30 51
1 10 2
357 499
1 10 2
87 204
1 6 2
86 327
1 13 2
48 373
1 2 2
214 475
1 12 2
16 117
1 8 2
68 413
1 13 2
16 45
1 15 2
33 297
1 5 2
82 236
1 9 2
319 493
1 15 2
248 375
1 5 2
456 481
1 9 2
370 379
1 2 2
283 317
1 12 2
44 307
1 4 2
62 72
1 10 2
237 273
1 9 2
255 289
1 8 2
107 250
1 7 2
97 472
1 8 2
294 334
1 10 2
141 429
1 3 2
120 307
1 8 2
69 120
1 15 2
296 356
1 7 2
300 469
1 12 2
18 359
1 12 2
200 368
1 10 2
186 294
1 15 2
192 413
1 8 2
38 269
1 8 2
76 285
1 11 2
12 67
1 8 2
25 261
1 4 2
26 309
1 6 2
82 455
1 6 2
6 397
1 15 2
426 448
1 6 2
139 271
1 6 2
265 421
1 6 2
369 479
1 6 2
271 374
1 2 2
131 326
1 14 2
21 274
1 9 2
124 453
1 15 2
272 471
1 4 2
113 116
1 5 2
20 444
1 5 2
200 395
1 14 2
5 383
1 14 2
142 311
1 15 2
39 441
1 15 2
337 499
1 4 2
43 187
1 11 2
415 478
1 8 2
258 380
1 11 2
203 356
1 5 2
267 327
1 11 2
170 233
1 15 2
39 206
1 5 2
111 269
1 14 2
7 228
1 9 2
96 173
1 12 2
188 428
1 14 2
108 378
1 11 2
355 414
1 7 2
48 299
1 7 2
380 392
1 8 2
98 477
1 14 2
217 243
1 14 2
74 479
1 4 2
108 446
1 12 2
57 62
1 15 2
200 457
1 10 2
12 447
1 10 2
90 405
1 4 2
261 411
1 14 2
132 172
1 4 2
57 128
1 5 2
234 314
1 12 2
42 263
1 3 2
351 443
1 4 2
103 357
1 10 2
402 458
1 12 2
52 358
1 10 2
199 266
1 7 2
37 43
1 11 2
30 483
1 2 2
187 222
1 11 2
332 396
1 4 2
415 438
1 3 2
33 190
1 2 2
148 254
1 7 2
111 329
1 13 2
16 113
1 15 2
41 271
1 15 2
79 158
1 14 2
78 132
1 4 2
231 469
1 15 2
50 292
1 11 2
280 497
1 6 2
57 242
1 15 2
54 450
1 2 2
310 329
1 2 2
375 417
1 15 2
396 437
1 5 2
131 157
1 15 2
305 320
1 13 2
270 281
1 11 2
232 425
1 3 2
17 407
1 6 2
303 319
1 8 2
40 255
1 5 2
55 403
1 10 2
233 496
1 2 2
35 434
1 15 2
51 450
1 10 2
347 403
1 8 2
141 186
1 7 2
112 199
1 10 2
161 428
1 2 2
119 203
1 9 2
128 164
1 7 2
40 498
1 9 2
288 454
1 4 2
379 439
1 13 2
84 301
1 13 2
27 96
1 10 2
191 314
1 11 2
219 373
1 14 2
176 480
1 10 2
271 352
1 2 2
168 173
1 3 2
212 295
1 10 2
60 369
1 13 2
40 265
1 3 2
170 369
1 12 2
105 169
1 10 2
21 57
1 10 2
17 340
1 14 2
98 160
1 15 2
171 479
1 12 2
162 409
1 3 2
136 154
1 6 2
101 357
1 4 2
138 485
1 8 2
33 351
1 2 2
389 496
1 3 2
138 431
1 8 2
362 410
1 13 2
176 294
1 4 2
263 482
1 6 2
171 305
1 5 2
300 372
1 12 2
406 447
1 2 2
372 392
1 3 2
0 280
1 15 2
54 382
1 2 2
252 253
1 7 2
16 497
1 9 2
21 83
1 15 2
170 413
1 14 2
18 259
1 14 2
7 181
1 5 2
227 419
1 2 2
4 188
1 10 2
288 318
1 4 2
208 372
1 4 2
81 209
1 13 2
144 415
1 12 2
313 440
1 4 2
338 465
1 9 2
167 323
1 3 2
13 493
1 14 2
57 367
1 2 2
137 375
1 9 2
320 362
1 15 2
64 448
1 11 2
8 64
1 12 2
85 167
1 14 2
306 481
1 9 2
122 319
1 4 2
46 200
1 10 2
393 470
1 13 2
196 278
1 2 2
126 229
1 12 2
303 335
1 9 2
330 388
1 9 2
255 491
1 11 2
324 492
1 7 2
73 155
1 4 2
248 322
1 4 2
261 416
1 9 2
195 417
1 6 2
11 355
1 3 2
283 451
1 11 2
224 319
1 11 2
74 257
1 11 2
13 59
1 8 2
99 212
1 13 2
121 163
1 3 2
22 201
1 9 2
112 492
1 3 2
52 323
1 9 2
414 499
1 13 2
94 139
1 11 2
321 333
1 9 2
59 365
1 4 2
6 320
1 8 2
312 395
1 14 2
427 447
1 6 2
199 490
1 4 2
423 489
1 2 2
21 151
1 11 2
181 419
1 3 2
89 464
1 14 2
106 284
1 5 2
347 410
1 8 2
93 105
1 5 2
173 302
1 15 2
345 440
1 9 2
93 187
1 12 2
207 208
1 15 2
93 427
1 6 2
190 191
1 11 2
16 87
1 8 2
14 394
1 3 2
34 43
1 5 2
26 292
1 3 2
164 383
1 7 2
209 257
1 13 2
146 268
1 7 2
237 262
1 12 2
204 346
1 12 2
242 455
1 13 2
298 350
1 7 2
252 468
1 8 2
344 429
1 11 2
106 152
1 10 2
116 181
1 11 2
290 421
1 4 2
56 112
1 3 2
69 234
1 13 2
68 211
1 13 2
170 477
1 5 2
61 496
1 11 2
82 400
1 15 2
52 495
1 14 2
275 347
1 15 2
96 370
1 15 2
7 445
1 15 2
208 249
1 8 2
331 490
1 13 2
176 362
1 13 2
296 389
1 10 2
58 437
1 3 2
66 467
1 5 2
70 113
1 7 2
300 495
1 2 2
226 284
1 3 2
252 449
1 3 2
99 144
1 3 2
66 236
1 10 2
242 401
1 3 2
93 101
1 5 2
311 416
1 11 2
79 452
1 10 2
177 216
1 6 2
16 129
1 7 2
66 198
1 4 2
81 323
1 6 2
93 164
1 10 2
340 457
1 14 2
126 218
1 13 2
48 78
1 15 2
70 89
1 7 2
76 151
1 3 2
118 431
1 5 2
248 406
1 8 2
13 442
1 6 2
255 323
1 7 2
256 489
1 10 2
264 473
1 8 2
17 173
1 3 2
232 328
1 7 2
73 492
1 12 2
23 422
1 11 2
171 265
1 10 2
218 473
1 13 2
338 477
1 3 2
61 410
1 9 2
180 297
1 15 2
48 161
1 12 2
388 485
1 7 2
167 317
1 4 2
105 431
1 6 2
120 340
1 15 2
365 453
1 7 2
311 442
1 7 2
146 385
1 15 2
58 68
1 15 2
167 457
1 3 2
273 433
1 3 2
26 45
1 8 2
69 70
1 5 2
288 292
1 13 2
124 485
1 2 2
44 328
1 5 2
106 144
1 14 2
188 391
1 11 2
30 480
1 14 2
47 80
1 10 2
20 400
1 5 2
16 489
1 13 2
4 221
1 5 2
199 370
1 3 2
234 429
1 9 2
34 332
1 7 2
46 197
1 13 2
38 53
1 2 2
38 140
1 6 2
216 430
1 13 2
54 247
1 12 2
3 201
1 10 2
292 317
1 12 2
85 321
1 6 2
34 432
1 8 2
53 286
1 12 2
163 314
1 13 2
315 432
1 14 2
305 474
1 13 2
134 217
1 12 2
109 241
1 2 2
272 286
1 2 2
81 404
1 8 2
340 371
1 13 2
135 157
1 6 2
58 236
1 3 2
204 280
1 15 2
164 322
1 2 2
346 398
1 15 2
118 454
1 8 2
104 347
1 11 2
243 409
1 8 2
238 451
1 8 2
269 453
1 4 2
317 329
1 15 2
161 186
1 9 2
64 488
1 3 2
176 426
1 2 2
288 305
1 5 2
66 478
1 10 2
158 345
1 5 2
123 128
1 15 2
146 184
1 8 2
103 449
1 10 2
56 266
1 13 2
140 316
1 12 2
193 449
1 3 2
47 184
1 6 2
67 238
1 10 2
185 340
1 11 2
207 325
1 14 2
48 383
1 13 2
87 284
1 10 2
73 131
1 14 2
205 378
1 8 2
61 356
1 8 2
49 77
1 15 2
106 376
1 9 2
181 329
1 3 2
134 264
1 6 2
375 387
1 13 2
31 257
1 8 2
118 273
1 6 2
310 340
1 5 2
112 126
1 13 2
103 385
1 6 2
69 121
1 15 2
57 197
1 7 2
103 146
1 6 2
293 390
1 3 2
42 157
1 13 2
181 415
1 7 2
83 477
1 3 2
72 468
1 7 2
44 372
1 10 2
242 475
1 2 2
215 334
1 12 2
16 342
1 10 2
34 153
1 6 2
224 415
1 2 2
86 182
1 7 2
144 379
1 9 2
262 384
1 2 2
64 132
1 13 2
126 201
1 6 2
48 355
1 3 2
97 347
1 13 2
215 294
1 10 2
73 183
1 7 2
75 252
1 9 2
276 305
1 13 2
77 251
1 15 2
229 300
1 15 2
244 255
1 10 2
241 340
1 15 2
160 365
1 2 2
122 276
1 12 2
356 380
1 12 2
120 251
1 11 2
118 301
1 6 2
232 257
1 10 2
211 440
1 3 2
144 246
1 9 2
130 142
1 7 2
260 410
1 10 2
81 422
1 12 2
145 236
1 14 2
73 117
1 14 2
288 367
1 14 2
61 432
1 10 2
383 476
1 13 2
182 411
1 9 2
137 147
1 14 2
247 404
1 6 2
370 442
1 6 2
234 371
1 3 2
77 237
1 15 2
82 209
1 13 2
163 400
1 6 2
459 471
1 6 2
23 196
1 8 2
132 386
1 13 2
182 370
1 8 2
124 211
1 14 2
59 323
1 2 2
56 89
1 9 2
3 158
1 5 2
426 458
1 9 2
108 268
1 2 2
176 417
1 6 2
85 348
1 9 2
428 442
1 3 2
84 469
1 15 2
11 29
1 7 2
53 172
1 7 2
55 195
1 12 2
30 400
1 12 2
235 450
1 4 2
309 491
1 7 2
343 374
1 8 2
84 486
1 10 2
168 355
1 7 2
304 387
1 11 2
209 336
1 7 2
166 202
1 11 2
384 388
1 13 2
243 491
1 8 2
4 380
1 7 2
140 429
1 4 2
33 368
1 15 2
98 254
1 5 2
345 477
1 15 2
62 427
1 12 2
317 339
1 8 2
89 235
1 8 2
173 487
1 4 2
16 475
1 5 2
119 315
1 12 2
406 423
1 3 2
177 383
1 4 2
319 489
1 14 2
40 335
1 7 2
197 284
1 8 2
174 242
1 6 2
403 421
1 15 2
88 111
1 8 2
199 241
1 10 2
246 395
1 8 2
435 470
1 11 2
116 320
1 10 2
424 476
1 9 2
219 256
1 5 2
62 391
1 8 2
292 334
1 9 2
104 467
1 13 2
112 395
1 4 2
68 388
1 12 2
388 416
1 12 2
55 72
1 6 2
345 357
1 11 2
47 400
1 8 2
11 295
1 5 2
78 277
1 14 2
104 488
1 4 2
105 126
1 7 2
12 341
1 2 2
287 339
1 4 2
56 481
1 13 2
130 163
1 10 2
6 57
1 13 2
225 409
1 4 2
218 289
1 7 2
256 398
1 15 2
124 235
1 5 2
14 168
1 9 2
272 292
1 12 2
4 438
1 6 2
139 164
1 3 2
82 257
1 10 2
227 411
1 10 2
216 297
1 13 2
62 327
1 7 2
4 324
1 7 2
6 24
1 3 2
185 426
1 6 2
97 259
1 11 2
54 403
1 12 2
61 188
1 9 2
223 467
1 5 2
292 480
1 7 2
19 84
1 12 2
113 277
1 10 2
69 255
1 11 2
35 206
1 7 2
166 294
1 4 2
79 391
1 4 2
266 414
1 4 2
108 349
1 9 2
180 280
1 14 2
54 245
1 7 2
168 327
1 3 2
43 461
1 15 2
415 453
1 11 2
112 301
1 11 2
34 82
1 13 2
68 395
1 3 2
36 375
1 3 2
211 467
1 7 2
325 423
1 2 2
384 433
1 14 2
115 118
1 2 2
180 429
1 9 2
233 305
1 3 2
246 434
1 8 2
201 326
1 11 2
159 466
1 8 2
135 351
1 8 2
46 468
1 10 2
399 438
1 7 2
282 351
1 4 2
155 289
1 8 2
196 310
1 6 2
338 417
1 3 2
135 384
1 13 2
44 170
1 15 2
243 373
1 13 2
6 159
1 11 2
76 355
1 3 2
262 266
1 12 2
376 450
1 5 2
11 57
1 8 2
315 439
1 10 2
3 115
1 6 2
158 242
1 8 2
78 304
1 10 2
10 172
1 5 2
210 307
1 4 2
317 377
1 4 2
59 68
1 4 2
215 420
1 2 2
169 209
1 6 2
23 238
1 9 2
146 414
1 5 2
43 226
1 8 2
132 450
1 7 2
106 162
1 11 2
32 293
1 2 2
68 468
1 7 2
303 328
1 13 2
7 255
1 10 2
42 211
1 2 2
32 207
1 3 2
24 299
1 10 2
45 415
1 12 2
0 467
1 2 2
2 28
1 11 2
83 142
1 6 2
307 443
1 13 2
310 460
1 14 2
327 448
1 14 2
187 254
1 2 2
40 126
1 7 2
35 149
1 3 2
19 193
1 5 2
147 405
1 12 2
225 390
1 12 2
42 47
1 12 2
326 330
1 14 2
224 248
1 6 2
326 389
1 14 2
113 496
1 9 2
24 95
1 15 2
368 399
1 5 2
76 115
1 6 2
236 349
1 8 2
68 351
1 15 2
264 267
1 7 2
20 79
1 15 2
100 378
1 15 2
189 375
1 10 2
76 472
1 5 2
98 380
1 7 2
259 275
1 11 2
227 283
1 5 2
60 184
1 13 2
76 456
1 13 2
40 319
1 15 2
353 494
1 7 2
136 254
1 14 2
200 425
1 14 2
240 253
1 15 2
121 209
1 6 2
38 455
1 8 2
38 420
1 2 2
0 15
1 4 2
109 275
1 9 2
173 397
1 12 2
88 381
1 6 2
336 363
1 9 2
66 153
1 3 2
162 384
1 8 2
295 407
1 15 2
31 215
1 12 2
418 423
1 5 2
39 123
1 2 2
41 49
1 9 2
279 341
1 10 2
160 390
1 7 2
55 262
1 8 2
99 406
1 10 2
84 464
1 7 2
42 279
1 11 2
382 401
1 14 2
371 468
1 9 2
44 320
1 6 2
274 392
1 13 2
41 484
1 5 2
214 484
1 12 2
224 229
1 11 2
141 252
1 8 2
202 431
1 8 2
99 136
1 7 2
43 79
1 12 2
466 498
1 14 2
48 450
1 7 2
159 378
1 5 2
164 413
1 12 2
31 91
1 13 2
256 340
1 11 2
195 237
1 7 2
225 318
1 2 2
395 487
1 2 2
34 44
1 10 2
138 444
1 15 2
123 125
1 3 2
172 355
1 4 2
72 229
1 8 2
159 275
1 5 2
205 285
1 14 2
165 312
1 3 2
17 291
1 4 2
53 484
1 8 2
257 313
1 14 2
299 441
1 6 2
36 252
1 6 2
80 109
1 11 2
432 439
1 14 2
34 60
1 6 2
392 493
1 9 2
50 79
1 10 2
143 281
1 6 2
229 449
1 4 2
219 282
1 12 2
258 311
1 15 2
148 334
1 5 2
94 263
1 10 2
204 248
1 4 2
59 282
1 12 2
88 154
1 12 2
172 241
1 2 2
173 348
1 3 2
100 223
1 7 2
297 490
1 3 2
170 385
1 6 2
58 461
1 7 2
242 246
1 3 2
160 249
1 7 2
241 425
1 6 2
66 130
1 5 2
15 96
1 5 2
336 402
1 12 2
339 397
1 9 2
204 497
1 2 2
350 363
1 6 2
127 279
1 12 2
7 411
1 15 2
213 488
1 10 2
112 409
1 15 2
13 342
1 14 2
131 329
1 6 2
174 178
1 5 2
261 263
1 4 2
172 492
1 2 2
152 464
1 2 2
305 323
1 7 2
237 327
1 6 2
143 254
1 2 2
1 410
1 15 2
65 259
1 5 2
240 307
1 10 2
137 297
1 6 2
95 458
1 8 2
302 437
1 2 2
155 174
1 14 2
343 362
1 9 2
188 436
1 8 2
325 442
1 6 2
334 394
1 13 2
107 415
1 3 2
31 464
1 9 2
237 430
1 8 2
105 167
1 10 2
324 433
1 12 2
5 474
1 9 2
292 395
1 3 2
108 247
1 3 2
80 158
1 7 2
74 228
1 11 2
66 237
1 2 2
111 248
1 11 2
377 466
1 7 2
375 402
1 2 2
109 475
1 15 2
332 494
1 8 2
1 26
1 12 2
361 483
1 8 2
51 436
1 8 2
360 435
1 13 2
343 486
1 9 2
184 290
1 15 2
172 245
1 6 2
192 344
1 8 2
161 174
1 7 2
132 431
1 9 2
163 322
1 15 2
130 159
1 9 2
112 133
1 10 2
24 422
1 3 2
237 497
1 4 2
257 446
1 10 2
10 222
1 5 2
69 292
1 13 2
95 412
1 7 2
145 261
1 3 2
306 378
1 14 2
140 443
1 15 2
234 397
1 10 2
11 393
1 13 2
66 152
1 3 2
89 319
1 8 2
73 383
1 4 2
77 370
1 2 2
300 347
1 6 2
16 174
1 14 2
373 459
1 10 2
9 236
1 7 2
47 55
1 15 2
224 385
1 14 2
89 463
1 2 2
48 305
1 2 2
54 148
1 3 2
142 157
1 6 2
104 473
1 9 2
38 453
1 5 2
124 166
1 12 2
81 156
1 5 2
134 479
1 12 2
28 244
1 7 2
114 234
1 3 2
76 499
1 6 2
94 171
1 8 2
203 352
1 15 2
80 322
1 13 2
64 373
1 9 2
196 281
1 12 2
288 343
1 2 2
193 482
1 8 2
159 458
1 2 2
324 400
1 11 2
149 325
1 15 2
128 337
1 4 2
61 464
1 6 2
98 295
1 2 2
165 210
1 3 2
18 69
1 2 2
138 439
1 9 2
157 215
1 3 2
92 153
1 11 2
32 456
1 10 2
177 447
1 14 2
51 425
1 11 2
88 281
1 9 2
336 443
1 9 2
96 279
1 14 2
397 407
1 8 2
32 221
1 6 2
237 323
1 7 2
130 395
1 6 2
10 65
1 7 2
228 409
1 3 2
68 346
1 2 2
95 421
1 13 2
223 406
1 14 2
88 270
1 8 2
73 396
1 11 2
136 260
1 12 2
268 479
1 8 2
127 479
1 12 2
434 492
1 9 2
149 341
1 4 2
351 395
1 2 2
92 102
1 2 2
0 179
1 8 2
10 207
1 2 2
87 444
1 10 2
93 426
1 14 2
274 458
1 8 2
143 194
1 11 2
215 446
1 2 2
159 185
1 7 2
171 457
1 13 2
128 221
1 4 2
309 489
1 2 2
399 480
1 3 2
131 431
1 11 2
140 263
1 6 2
41 410
1 11 2
52 337
1 14 2
141 378
1 7 2
143 236
1 5 2
222 403
1 12 2
239 311
1 9 2
39 386
1 8 2
147 380
1 11 2
167 222
1 14 2
63 273
1 3 2
218 369
1 2 2
352 477
1 15 2
278 405
1 3 2
69 464
1 15 2
206 384
1 4 2
107 157
1 10 2
31 321
1 6 2
401 478
1 2 2
260 484
1 9 2
117 235
1 11 2
152 311
1 2 2
36 67
1 13 2
350 456
1 15 2
52 492
1 13 2
3 281
1 8 2
250 354
1 3 2
48 349
1 8 2
24 147
1 9 2
212 499
1 2 2
26 249
1 7 2
118 448
1 7 2
97 178
1 14 2
200 330
1 15 2
172 316
1 15 2
80 89
1 6 2
16 427
1 10 2
150 218
1 14 2
276 422
1 13 2
150 297
1 9 2
82 431
1 6 2
30 198
1 3 2
97 311
1 12 2
101 126
1 4 2
82 354
1 14 2
278 352
1 10 2
90 250
1 15 2
13 179
1 13 2
18 170
1 5 2
156 365
1 13 2
343 457
1 3 2
145 335
1 3 2
318 361
1 11 2
130 203
1 9 2
397 401
1 7 2
163 315
1 7 2
11 41
1 5 2
213 289
1 14 2
150 317
1 5 2
144 240
1 6 2
86 250
1 8 2
334 477
1 3 2
32 234
1 9 2
232 241
1 12 2
144 485
1 9 2
34 274
1 12 2
4 478
1 13 2
403 452
1 14 2
378 424
1 7 2
76 125
1 9 2
306 398
1 14 2
238 342
1 10 2
17 137
1 8 2
389 495
1 15 2
133 167
1 2 2
300 389
1 4 2
29 295
1 10 2
259 497
1 3 2
192 212
1 3 2
178 273
1 5 2
153 366
1 3 2
361 409
1 10 2
131 275
1 5 2
3 297
1 9 2
454 468
1 5 2
375 469
1 12 2
369 446
1 10 2
77 448
1 14 2
123 157
1 14 2
7 328
1 13 2
19 372
1 8 2
36 39
1 3 2
420 427
1 5 2
141 396
1 6 2
427 453
1 5 2
430 473
1 4 2
168 460
1 10 2
19 493
1 12 2
15 179
1 11 2
71 149
1 10 2
257 264
1 13 2
191 282
1 10 2
92 313
1 5 2
276 284
1 14 2
377 478
1 2 2
345 442
1 2 2
16 455
1 3 2
25 371
1 8 2
420 490
1 5 2
273 332
1 12 2
21 257
1 13 2
152 495
1 2 2
51 252
1 14 2
138 201
1 7 2
174 276
1 4 2
146 485
1 7 2
96 107
1 6 2
26 334
1 10 2
287 300
1 5 2
128 145
1 2 2
173 194
1 10 2
100 106
1 11 2
4 91
1 15 2
146 275
1 10 2
173 374
1 5 2
86 229
1 8 2
108 499
1 7 2
100 155
1 6 2
214 433
1 12 2
232 297
1 14 2
306 468
1 6 2
212 345
1 8 2
198 370
1 10 2
91 285
1 13 2
305 395
1 9 2
303 440
1 8 2
20 287
1 11 2
288 337
1 8 2
112 205
1 11 2
46 418
1 11 2
32 369
1 2 2
170 483
1 8 2
213 242
1 11 2
7 66
1 12 2
28 202
1 4 2
60 224
1 3 2
2 7
1 11 2
404 461
1 6 2
134 387
1 10 2
205 329
1 8 2
146 172
1 3 2
222 233
1 4 2
41 388
1 2 2
258 371
1 2 2
116 262
1 10 2
338 493
1 15 2
259 321
1 9 2
129 332
1 8 2
344 480
1 3 2
30 176
1 2 2
217 405
1 10 2
111 267
1 11 2
260 443
1 7 2
216 420
1 6 2
174 205
1 5 2
403 486
1 10 2
425 489
1 6 2
158 253
1 2 2
165 400
1 3 2
101 200
1 10 2
172 400
1 2 2
152 270
1 3 2
207 288
1 4 2
277 448
1 6 2
159 386
1 7 2
21 259
1 3 2
15 342
1 2 2
187 434
1 11 2
86 236
1 10 2
54 163
1 4 2
284 486
1 6 2
298 376
1 3 2
31 452
1 2 2
178 350
1 9 2
94 437
1 13 2
154 228
1 12 2
5 256
1 15 2
85 374
1 8 2
292 372
1 5 2
256 401
1 14 2
58 351
1 6 2
412 456
1 3 2
255 265
1 14 2
25 321
1 12 2
25 48
1 2 2
379 405
1 13 2
19 318
1 7 2
297 347
1 7 2
103 288
1 2 2
206 337
1 14 2
243 320
1 3 2
138 434
1 4 2
137 254
1 6 2
204 433
1 15 2
118 394
1 14 2
344 460
1 7 2
355 388
1 15 2
405 455
1 11 2
127 173
1 7 2
99 236
1 10 2
259 262
1 7 2
117 276
1 9 2
14 318
1 15 2
251 292
1 10 2
0 16
1 7 2
56 352
1 9 2
71 360
1 13 2
39 265
1 13 2
48 409
1 10 2
66 188
1 4 2
117 254
1 5 2
171 206
1 10 2
202 387
1 10 2
44 295
1 7 2
220 351
1 3 2
100 419
1 6 2
27 206
1 15 2
251 325
1 6 2
262 279
1 4 2
29 292
1 7 2
106 449
1 4 2
200 313
1 12 2
50 115
1 14 2
213 450
1 6 2
8 46
1 11 2
412 450
1 3 2
392 454
1 14 2
89 151
1 7 2
350 460
1 6 2
149 486
1 14 2
15 390
1 4 2
140 479
1 3 2
89 493
1 5 2
163 268
1 2 2
41 316
1 12 2
418 456
1 12 2
144 148
1 8 2
129 348
1 9 2
79 346
1 15 2
168 345
1 11 2
265 321
1 13 2
347 495
1 10 2
14 169
1 9 2
60 140
1 12 2
344 421
1 2 2
46 79
1 8 2
143 335
1 10 2
272 384
1 11 2
382 453
1 2 2
379 491
1 6 2
184 390
1 11 2
393 492
1 15 2
90 384
1 3 2
20 55
1 2 2
215 400
1 13 2
420 445
1 14 2
52 356
1 5 2
124 394
1 12 2
305 393
1 8 2
115 314
1 12 2
85 203
1 4 2
263 416
1 10 2
331 408
1 11 2
183 292
1 14 2
146 388
1 8 2
253 380
1 5 2
0 337
1 4 2
222 428
1 6 2
149 372
1 14 2
141 472
1 12 2
108 119
1 8 2
26 321
1 3 2
178 362
1 12 2
226 448
1 5 2
323 410
1 4 2
369 474
1 12 2
199 446
1 12 2
132 235
1 4 2
318 327
1 9 2
139 170
1 6 2
387 396
1 15 2
97 313
1 13 2
28 419
1 3 2
275 294
1 11 2
221 230
1 9 2
83 113
1 3 2
253 487
1 14 2
292 400
1 4 2
182 244
1 10 2
109 250
1 3 2
256 396
1 5 2
53 86
1 5 2
172 295
1 6 2
128 330
1 9 2
354 468
1 7 2
128 384
1 12 2
357 400
1 7 2
30 114
1 13 2
280 407
1 10 2
401 462
1 3 2
138 386
1 7 2
239 409
1 13 2
472 490
1 5 2
73 260
1 7 2
58 342
1 11 2
77 186
1 4 2
179 267
1 11 2
145 389
1 5 2
100 309
1 12 2
153 461
1 6 2
284 405
1 8 2
140 353
1 3 2
450 492
1 13 2
315 482
1 12 2
226 371
1 11 2
378 497
1 14 2
103 467
1 4 2
65 166
1 5 2
135 320
1 8 2
146 312
1 13 2
96 141
1 12 2
100 403
1 15 2
363 430
1 14 2
199 205
1 4 2
3 155
1 9 2
410 474
1 5 2
280 385
1 8 2
54 206
1 13 2
446 454
1 5 2
39 489
1 12 2
191 385
1 9 2
81 287
1 14 2
144 292
1 5 2
5 321
1 3 2
1 158
1 9 2
290 497
1 5 2
15 360
1 10 2
231 244
1 3 2
248 357
1 11 2
301 329
1 9 2
102 228
1 7 2
342 470
1 7 2
133 235
1 10 2
323 325
1 9 2
396 411
1 13 2
212 486
1 15 2
301 321
1 10 2
164 422
1 11 2
45 495
1 5 2
8 89
1 13 2
92 464
1 10 2
22 181
1 7 2
37 123
1 12 2
62 281
1 5 2
368 481
1 3 2
250 418
1 4 2
75 494
1 10 2
39 465
1 2 2
210 236
1 6 2
72 183
1 12 2
81 181
1 4 2
24 312
1 11 2
159 206
1 10 2
50 436
1 12 2
58 425
1 6 2
41 77
1 12 2
93 415
1 13 2
211 402
1 5 2
398 463
1 2 2
225 400
1 13 2
310 331
1 14 2
217 271
1 13 2
385 464
1 4 2
87 148
1 12 2
194 403
1 12 2
10 194
1 4 2
391 431
1 15 2
364 495
1 12 2
293 440
1 15 2
56 171
1 15 2
129 387
1 7 2
116 159
1 14 2
182 381
1 2 2
393 409
1 13 2
265 389
1 7 2
257 332
1 14 2
385 389
1 2 2
219 464
1 3 2
70 257
1 6 2
149 394
1 8 2
204 246
1 10 2
1 69
1 15 2
57 150
1 15 2
407 410
1 9 2
55 326
1 12 2
14 196
1 3 2
19 111
1 10 2
53 394
1 6 2
437 467
1 2 2
312 491
1 4 2
21 411
1 10 2
369 442
1 14 2
129 482
1 11 2
23 401
1 2 2
230 361
1 4 2
402 429
1 13 2
54 83
1 2 2
142 148
1 7 2
14 255
1 11 2
375 430
1 11 2
384 451
1 5 2
120 197
1 6 2
391 412
1 13 2
285 358
1 14 2
293 359
1 2 2
268 269
1 10 2
366 369
1 6 2
379 432
1 5 2
109 149
1 13 2
11 237
1 5 2
166 336
1 8 2
239 454
1 6 2
217 254
1 5 2
358 439
1 9 2
42 234
1 15 2
125 418
1 5 2
3 496
1 5 2
109 487
1 4 2
137 362
1 9 2
38 210
1 8 2
209 266
1 9 2
158 456
1 3 2
322 445
1 12 2
71 485
1 7 2
49 181
1 5 2
87 181
1 3 2
171 243
1 10 2
159 453
1 13 2
38 50
1 15 2
217 256
1 5 2
187 230
1 5 2
1 166
1 2 2
89 298
1 12 2
200 430
1 3 2
135 496
1 10 2
196 454
1 15 2
14 237
1 4 2
7 272
1 8 2
199 373
1 8 2
29 188
1 9 2
115 377
1 13 2
462 497
1 9 2
92 355
1 8 2
67 427
1 10 2
228 295
1 11 2
437 476
1 14 2
400 452
1 4 2
163 239
1 9 2
52 226
1 12 2
195 484
1 8 2
248 252
1 4 2
170 398
1 3 2
97 271
1 7 2
288 420
1 14 2
417 480
1 14 2
430 447
1 12 2
45 427
1 6 2
311 407
1 15 2
16 236
1 10 2
194 272
1 8 2
191 478
1 10 2
95 289
1 2 2
38 481
1 10 2
2 314
1 8 2
69 212
1 7 2
37 257
1 14 2
89 401
1 7 2
75 453
1 14 2
133 321
1 11 2
291 398
1 10 2
113 491
1 15 2
44 234
1 8 2
67 411
1 8 2
403 484
1 14 2
126 400
1 14 2
74 251
1 9 2
34 38
1 2 2
33 153
1 3 2
83 393
1 11 2
313 365
1 14 2
18 340
1 3 2
195 207
1 14 2
136 488
1 4 2
6 498
1 15 2
94 271
1 13 2
201 442
1 9 2
170 238
1 5 2
81 197
1 7 2
10 490
1 13 2
130 180
1 14 2
315 403
1 6 2
143 452
1 14 2
4 14
1 11 2
11 342
1 14 2
106 397
1 14 2
96 152
1 14 2
95 169
1 7 2
73 159
1 12 2
360 391
1 3 2
23 466
1 13 2
223 474
1 7 2
1 462
1 7 2
160 223
1 3 2
33 283
1 6 2
393 469
1 11 2
206 376
1 10 2
12 206
1 5 2
228 482
1 15 2
51 56
1 8 2
26 87
1 7 2
111 130
1 11 2
239 251
1 9 2
63 470
1 15 2
116 437
1 15 2
105 433
1 5 2
222 290
1 8 2
293 414
1 8 2
159 181
1 14 2
326 447
1 9 2
1 383
1 7 2
75 258
1 8 2
31 248
1 2 2
106 352
1 5 2
490 493
1 10 2
212 402
1 14 2
25 235
1 10 2
258 483
1 15 2
89 131
1 2 2
272 496
1 12 2
116 130
1 6 2
200 249
1 5 2
347 449
1 8 2
238 343
1 6 2
48 292
1 15 2
242 370
1 9 2
15 443
1 8 2
50 244
1 2 2
258 415
1 15 2
117 405
1 2 2
330 337
1 7 2
72 417
1 14 2
116 495
1 7 2
352 428
1 12 2
86 266
1 4 2
8 328
1 9 2
0 115
1 11 2
357 428
1 13 2
357 434
1 15 2
51 327
1 3 2
76 349
1 11 2
23 176
1 4 2
156 372
1 14 2
174 290
1 8 2
179 457
1 2 2
397 496
1 2 2
258 360
1 11 2
48 279
1 11 2
86 386
1 13 2
230 433
1 2 2
119 430
1 9 2
263 438
1 15 2
68 319
1 12 2
292 308
1 10 2
256 357
1 14 2
109 397
1 4 2
164 478
1 8 2
179 467
1 6 2
244 400
1 2 2
25 287
1 10 2
278 302
1 8 2
76 343
1 3 2
94 385
1 13 2
7 239
1 7 2
26 50
1 14 2
39 274
1 8 2
92 325
1 5 2
10 363
1 2 2
48 455
1 11 2
163 461
1 2 2
186 295
1 3 2
325 473
1 13 2
224 238
1 13 2
72 330
1 7 2
9 53
1 6 2
270 453
1 6 2
199 397
1 9 2
242 369
1 2 2
61 376
1 13 2
244 431
1 5 2
151 204
1 8 2
116 452
1 3 2
0 103
1 4 2
100 481
1 10 2
253 452
1 6 2
195 274
1 6 2
232 430
1 11 2
185 346
1 10 2
229 392
1 8 2
233 244
1 11 2
93 359
1 5 2
166 182
1 11 2
74 476
1 14 2
329 357
1 9 2
244 496
1 3 2
451 484
1 12 2
227 395
1 3 2
97 492
1 13 2
147 220
1 12 2
56 262
1 9 2
4 82
1 15 2
282 403
1 6 2
460 483
1 9 2
245 260
1 6 2
66 69
1 14 2
8 273
1 11 2
32 461
1 2 2
353 453
1 3 2
233 495
1 5 2
155 334
1 12 2
369 441
1 7 2
218 491
1 10 2
33 330
1 8 2
81 114
1 3 2
310 416
1 15 2
58 318
1 13 2
213 334
1 3 2
295 390
1 15 2
79 299
1 3 2
31 155
1 4 2
135 409
1 12 2
92 264
1 5 2
51 438
1 7 2
96 348
1 8 2
26 137
1 4 2
288 332
1 12 2
73 76
1 15 2
149 244
1 13 2
340 385
1 3 2
219 294
1 12 2
78 203
1 3 2
370 390
1 4 2
86 415
1 2 2
184 374
1 13 2
49 61
1 12 2
147 342
1 12 2
52 373
1 7 2
57 168
1 10 2
32 362
1 11 2
239 321
1 12 2
26 319
1 10 2
58 83
1 11 2
214 426
1 8 2
201 489
1 6 2
222 310
1 12 2
83 375
1 6 2
21 138
1 4 2
192 445
1 15 2
4 321
1 2 2
8 374
1 6 2
51 321
1 5 2
213 407
1 5 2
448 450
1 10 2
257 294
1 14 2
401 425
1 6 2
14 99
1 5 2
54 361
1 3 2
83 268
1 8 2
223 356
1 8 2
107 335
1 4 2
195 326
1 10 2
159 366
1 8 2
373 478
1 9 2
123 233
1 9 2
226 388
1 2 2
323 456
1 5 2
110 292
1 14 2
183 325
1 6 2
47 270
1 13 2
38 458
1 7 2
250 304
1 8 2
21 484
1 9 2
124 353
1 10 2
162 448
1 3 2
250 443
1 11 2
190 450
1 11 2
175 358
1 8 2
298 469
1 12 2
0 235
1 13 2
36 181
1 15 2
262 444
1 9 2
124 257
1 15 2
75 425
1 11 2
250 360
1 15 2
51 271
1 10 2
265 304
1 14 2
184 413
1 5 2
311 370
1 7 2
235 380
1 4 2
409 474
1 11 2
97 310
1 9 2
58 210
1 13 2
95 318
1 2 2
228 360
1 12 2
349 399
1 11 2
327 404
1 12 2
441 482
1 2 2
56 375
1 8 2
451 477
1 5 2
102 237
1 4 2
17 398
1 9 2
162 323
1 7 2
157 262
1 3 2
97 405
1 15 2
99 145
1 15 2
215 230
1 3 2
321 400
1 15 2
103 331
1 3 2
360 366
1 10 2
87 335
1 2 2
365 377
1 7 2
105 377
1 12 2
123 423
1 6 2
28 249
1 2 2
420 495
1 6 2
165 435
1 4 2
322 383
1 10 2
293 403
1 10 2
5 414
1 3 2
35 135
1 2 2
159 240
1 5 2
97 107
1 10 2
65 332
1 10 2
77 358
1 7 2
161 204
1 12 2
56 428
1 8 2
152 457
1 7 2
123 180
1 13 2
183 218
1 4 2
181 423
1 6 2
169 342
1 8 2
25 492
1 11 2
211 499
1 9 2
314 443
1 15 2
17 263
1 2 2
230 390
1 7 2
202 470
1 9 2
22 60
1 2 2
35 437
1 11 2
162 298
1 15 2
55 346
1 14 2
29 223
1 9 2
85 197
1 8 2
43 308
1 4 2
89 389
1 3 2
228 386
1 14 2
269 370
1 4 2
94 331
1 15 2
108 374
1 13 2
155 208
1 11 2
222 312
1 8 2
41 226
1 7 2
150 193
1 12 2
176 260
1 8 2
244 457
1 12 2
177 451
1 9 2
40 270
1 12 2
298 405
1 6 2
189 215
1 5 2
29 378
1 6 2
111 127
1 5 2
253 477
1 2 2
2 258
1 9 2
261 461
1 7 2
147 329
1 5 2
82 333
1 8 2
296 442
1 12 2
3 121
1 10 2
68 316
1 10 2
177 488
1 11 2
152 239
1 11 2
283 434
1 6 2
194 497
1 3 2
81 131
1 9 2
155 398
1 8 2
371 473
1 11 2
125 363
1 7 2
376 384
1 5 2
145 483
1 5 2
146 415
1 13 2
99 132
1 3 2
48 456
1 3 2
130 383
1 9 2
24 337
1 6 2
91 224
1 14 2
276 377
1 15 2
157 322
1 7 2
181 461
1 10 2
384 410
1 8 2
291 365
1 11 2
2 401
1 12 2
76 178
1 4 2
169 267
1 3 2
428 491
1 8 2
216 253
1 15 2
46 465
1 14 2
233 263
1 14 2
68 130
1 9 2
216 375
1 3 2
284 457
1 15 2
365 412
1 7 2
82 344
1 4 2
207 421
1 6 2
292 344
1 14 2
238 272
1 14 2
245 460
1 10 2
219 300
1 8 2
172 365
1 6 2
85 459
1 10 2
82 188
1 11 2
15 38
1 14 2
354 376
1 13 2
8 137
1 3 2
257 454
1 7 2
208 213
1 11 2
316 396
1 12 2
305 361
1 7 2
65 102
1 9 2
289 309
1 4 2
64 453
1 8 2
42 187
1 15 2
31 59
1 9 2
403 490
1 4 2
65 429
1 8 2
58 448
1 9 2
110 456
1 8 2
318 335
1 13 2
24 27
1 6 2
319 463
1 9 2
6 181
1 4 2
55 64
1 13 2
282 329
1 3 2
71 487
1 4 2
85 403
1 4 2
10 463
1 14 2
23 289
1 3 2
29 155
1 8 2
329 483
1 7 2
249 427
1 14 2
75 485
1 14 2
339 385
1 9 2
83 299
1 15 2
328 366
1 8 2
223 472
1 6 2
75 489
1 15 2
475 476
1 5 2
325 420
1 13 2
51 423
1 11 2
167 322
1 15 2
7 386
1 14 2
42 240
1 3 2
232 258
1 8 2
259 398
1 12 2
194 235
1 10 2
80 497
1 11 2
426 447
1 12 2
86 208
1 13 2
8 481
1 14 2
97 158
1 7 2
64 231
1 14 2
164 165
1 8 2
164 260
1 11 2
151 230
1 3 2
138 389
1 12 2
57 287
1 6 2
45 113
1 2 2
24 350
1 15 2
106 359
1 8 2
84 364
1 9 2
124 221
1 10 2
329 468
1 8 2
295 340
1 4 2
13 447
1 15 2
334 462
1 11 2
349 414
1 4 2
88 349
1 4 2
101 420
1 10 2
120 138
1 13 2
255 470
1 15 2
94 281
1 4 2
269 381
1 4 2
135 428
1 9 2
156 441
1 3 2
66 492
1 9 2
34 249
1 8 2
178 435
1 11 2
26 160
1 11 2
3 373
1 14 2
272 305
1 6 2
27 151
1 14 2
141 461
1 11 2
459 482
1 13 2
377 417
1 11 2
257 347
1 3 2
305 471
1 11 2
236 307
1 4 2
115 127
1 8 2
290 488
1 4 2
56 95
1 11 2
274 450
1 15 2
209 311
1 9 2
102 106
1 9 2
299 392
1 4 2
228 300
1 12 2
106 224
1 8 2
174 448
1 9 2
295 368
1 12 2
121 192
1 14 2
341 415
1 7 2
376 382
1 9 2
289 434
1 12 2
20 390
1 10 2
245 473
1 13 2
106 141
1 8 2
453 488
1 14 2
238 489
1 14 2
257 279
1 9 2
346 438
1 5 2
61 73
1 2 2
376 396
1 11 2
176 394
1 7 2
403 409
1 14 2
132 175
1 15 2
386 451
1 6 2
199 255
1 7 2
218 285
1 3 2
16 231
1 13 2
378 454
1 12 2
25 30
1 6 2
34 290
1 8 2
213 223
1 12 2
18 182
1 7 2
191 245
1 2 2
268 291
1 3 2
387 497
1 8 2
58 217
1 13 2
139 464
1 9 2
0 98
1 12 2
140 210
1 14 2
364 471
1 13 2
95 263
1 11 2
152 414
1 12 2
283 417
1 5 2
12 298
1 2 2
51 482
1 6 2
194 418
1 9 2
44 148
1 5 2
12 339
1 9 2
30 377
1 12 2
122 490
1 6 2
46 351
1 6 2
178 472
1 7 2
40 455
1 3 2
73 448
1 15 2
220 494
1 4 2
16 462
1 13 2
16 136
1 9 2
170 460
1 2 2
126 145
1 2 2
62 196
1 12 2
154 414
1 2 2
313 456
1 2 2
107 300
1 10 2
99 253
1 2 2
117 161
1 14 2
197 222
1 14 2
19 440
1 6 2
37 198
1 9 2
196 272
1 3 2
52 293
1 13 2
420 485
1 13 2
170 462
1 5 2
237 443
1 9 2
284 443
1 10 2
464 470
1 8 2
203 432
1 3 2
277 467
1 5 2
397 435
1 5 2
246 463
1 10 2
276 290
1 6 2
335 401
1 15 2
120 374
1 12 2
414 463
1 14 2
12 344
1 13 2
48 218
1 5 2
68 189
1 4 2
242 265
1 14 2
52 421
1 6 2
87 408
1 8 2
88 261
1 3 2
106 433
1 14 2
402 477
1 9 2
66 323
1 13 2
13 352
1 10 2
26 352
1 9 2
229 249
1 10 2
26 259
1 7 2
435 495
1 7 2
76 444
1 15 2
14 77
1 7 2
337 393
1 6 2
207 270
1 5 2
124 439
1 14 2
286 360
1 10 2
142 477
1 3 2
105 471
1 3 2
7 47
1 6 2
376 474
1 7 2
18 380
1 11 2
247 429
1 12 2
372 479
1 9 2
68 313
1 4 2
37 284
1 14 2
128 204
1 11 2
112 234
1 7 2
216 335
1 8 2
198 387
1 14 2
342 392
1 4 2
86 100
1 13 2
100 301
1 5 2
89 277
1 9 2
70 234
1 3 2
113 184
1 5 2
258 287
1 5 2
9 19
1 3 2
22 163
1 6 2
5 117
1 7 2
76 402
1 12 2
399 415
1 11 2
264 409
1 2 2
109 425
1 4 2
21 287
1 8 2
53 475
1 8 2
3 356
1 8 2
178 405
1 8 2
196 368
1 2 2
170 190
1 12 2
110 280
1 5 2
390 423
1 9 2
115 147
1 6 2
138 240
1 10 2
243 426
1 2 2
185 471
1 3 2
341 392
1 12 2
89 105
1 11 2
17 72
1 11 2
249 345
1 9 2
222 346
1 9 2
34 128
1 9 2
53 112
1 4 2
281 370
1 15 2
151 456
1 3 2
5 128
1 7 2
132 162
1 9 2
90 113
1 4 2
260 288
1 11 2
379 408
1 15 2
175 297
1 10 2
38 354
1 8 2
179 183
1 9 2
178 269
1 6 2
79 426
1 14 2
358 475
1 4 2
251 355
1 7 2
395 417
1 7 2
125 147
1 14 2
363 454
1 6 2
155 456
1 10 2
127 305
1 10 2
10 461
1 15 2
323 326
1 8 2
69 439
1 14 2
268 296
1 11 2
78 211
1 3 2
89 111
1 10 2
47 430
1 3 2
294 441
1 12 2
83 286
1 3 2
25 121
1 9 2
4 112
1 8 2
237 364
1 13 2
201 475
1 14 2
74 215
1 14 2
264 275
1 12 2
151 325
1 2 2
68 238
1 6 2
341 343
1 5 2
20 381
1 4 2
53 385
1 7 2
296 422
1 14 2
48 466
1 2 2
240 273
1 12 2
55 104
1 9 2
107 380
1 4 2
353 478
1 4 2
259 322
1 14 2
79 246
1 11 2
208 321
1 14 2
47 290
1 14 2
314 413
1 15 2
211 220
1 10 2
35 353
1 2 2
58 166
1 12 2
343 344
1 14 2
298 374
1 5 2
256 392
1 8 2
255 275
1 8 2
310 472
1 12 2
104 130
1 9 2
10 122
1 13 2
286 312
1 10 2
356 407
1 14 2
164 242
1 2 2
124 137
1 13 2
31 304
1 10 2
247 493
1 2 2
276 438
1 5 2
8 271
1 2 2
399 447
1 5 2
133 243
1 6 2
57 336
1 11 2
236 443
1 14 2
432 463
1 6 2
61 97
1 8 2
305 308
1 9 2
24 355
1 13 2
58 451
1 14 2
377 401
1 5 2
300 483
1 12 2
294 302
1 13 2
254 335
1 2 2
77 81
1 12 2
272 294
1 7 2
4 229
1 14 2
18 467
1 4 2
113 292
1 13 2
392 434
1 11 2
122 459
1 6 2
174 489
1 15 2
317 387
1 11 2
30 485
1 5 2
266 338
1 7 2
70 448
1 13 2
268 274
1 7 2
189 216
1 13 2
35 429
1 2 2
253 373
1 6 2
121 248
1 5 2
166 171
1 14 2
460 474
1 4 2
129 245
1 15 2
82 276
1 6 2
121 182
1 15 2
117 149
1 2 2
112 229
1 4 2
60 188
1 8 2
173 217
1 15 2
276 434
1 7 2
144 178
1 13 2
52 89
1 2 2
345 461
1 15 2
136 224
1 8 2
265 450
1 3 2
263 269
1 10 2
419 428
1 5 2
79 124
1 3 2
156 303
1 4 2
57 402
1 7 2
375 494
1 14 2
51 175
1 15 2
63 324
1 10 2
130 393
1 8 2
377 493
1 11 2
59 467
1 4 2
226 391
1 7 2
28 42
1 7 2
44 415
1 6 2
20 259
1 7 2
334 430
1 2 2
335 439
1 14 2
41 276
1 15 2
192 373
1 4 2
325 383
1 5 2
125 320
1 7 2
97 345
1 4 2
146 347
1 13 2
320 446
1 5 2
183 455
1 9 2
266 331
1 12 2
162 482
1 11 2
175 350
1 11 2
160 364
1 8 2
254 459
1 7 2
194 271
1 5 2
399 403
1 13 2
406 420
1 8 2
228 432
1 11 2
26 118
1 7 2
374 450
1 7 2
77 254
1 11 2
95 404
1 6 2
242 359
1 13 2
9 402
1 13 2
303 327
1 10 2
139 382
1 8 2
178 491
1 3 2
232 327
1 11 2
77 389
1 6 2
40 330
1 15 2
195 386
1 7 2
86 230
1 9 2
288 394
1 11 2
203 429
1 12 2
46 296
1 14 2
34 336
1 10 2
94 101
1 12 2
79 140
1 10 2
396 493
1 12 2
295 432
1 9 2
25 377
1 7 2
137 393
1 11 2
302 325
1 10 2
159 362
1 12 2
119 340
1 2 2
36 350
1 7 2
144 167
1 15 2
300 410
1 6 2
186 441
1 3 2
331 412
1 12 2
23 313
1 7 2
202 224
1 6 2
287 335
1 8 2
93 271
1 4 2
189 459
1 2 2
236 466
1 13 2
162 314
1 13 2
1 64
1 12 2
46 389
1 13 2
244 474
1 8 2
258 499
1 14 2
127 342
1 15 2
228 329
1 13 2
80 347
1 14 2
115 218
1 12 2
232 301
1 8 2
310 398
1 12 2
438 489
1 6 2
327 338
1 8 2
302 356
1 12 2
290 408
1 9 2
118 435
1 4 2
13 363
1 11 2
41 445
1 15 2
91 129
1 10 2
18 208
1 13 2
104 310
1 14 2
142 390
1 5 2
404 454
1 5 2
336 381
1 6 2
158 307
1 6 2
343 423
1 12 2
279 444
1 6 2
44 164
1 10 2
257 367
1 4 2
303 437
1 10 2
165 389
1 6 2
245 399
1 7 2
83 370
1 4 2
53 360
1 3 2
124 205
1 12 2
219 434
1 2 2
158 411
1 10 2
56 280
1 11 2
57 163
1 3 2
75 460
1 3 2
116 188
1 13 2
194 205
1 2 2
438 469
1 12 2
325 392
1 7 2
102 166
1 14 2
11 374
1 9 2
409 479
1 14 2
162 317
1 3 2
99 115
1 7 2
283 385
1 12 2
98 121
1 15 2
354 427
1 14 2
153 428
1 10 2
305 392
1 7 2
113 155
1 2 2
111 362
1 2 2
180 476
1 3 2
63 315
1 9 2
14 208
1 10 2
100 407
1 6 2
43 94
1 12 2
135 159
1 8 2
356 486
1 13 2
149 305
1 7 2
101 331
1 5 2
60 111
1 15 2
16 379
1 15 2
206 279
1 11 2
63 461
1 4 2
388 398
1 13 2
17 416
1 10 2
425 431
1 12 2
46 353
1 10 2
262 459
1 12 2
293 300
1 5 2
447 467
1 3 2
245 361
1 14 2
360 363
1 3 2
263 315
1 12 2
34 218
1 12 2
122 258
1 3 2
162 405
1 2 2
123 429
1 7 2
253 450
1 12 2
75 377
1 10 2
170 445
1 11 2
246 437
1 14 2
308 319
1 2 2
235 366
1 9 2
28 333
1 3 2
220 465
1 6 2
63 442
1 14 2
184 486
1 12 2
106 456
1 3 2
93 290
1 11 2
192 340
1 10 2
175 425
1 10 2
233 257
1 14 2
36 462
1 4 2
16 372
1 11 2
113 352
1 8 2
65 321
1 14 2
284 306
1 6 2
187 207
1 9 2
272 306
1 10 2
59 153
1 9 2
189 361
1 9 2
116 308
1 3 2
177 328
1 5 2
243 341
1 4 2
63 375
1 9 2
270 478
1 4 2
163 167
1 13 2
283 334
1 4 2
307 368
1 11 2
286 438
1 11 2
108 286
1 12 2
427 459
1 11 2
5 101
1 13 2
88 221
1 11 2
88 267
1 5 2
247 409
1 6 2
324 329
1 9 2
144 197
1 9 2
397 451
1 11 2
115 461
1 12 2
198 393
1 15 2
96 144
1 8 2
107 163
1 9 2
0 166
1 8 2
213 351
1 5 2
238 450
1 12 2
78 175
1 8 2
377 439
1 4 2
196 232
1 4 2
7 235
1 8 2
87 192
1 14 2
228 257
1 7 2
100 290
1 11 2
162 381
1 4 2
253 383
1 10 2
381 393
1 3 2
98 440
1 3 2
66 134
1 9 2
332 400
1 14 2
159 307
1 7 2
54 114
1 4 2
5 75
1 12 2
24 255
1 6 2
132 313
1 7 2
204 362
1 9 2
260 330
1 5 2
120 411
1 5 2
350 413
1 14 2
415 495
1 9 2
309 399
1 6 2
1 284
1 6 2
194 419
1 12 2
0 71
1 3 2
10 171
1 3 2
221 309
1 6 2
117 335
1 15 2
279 483
1 9 2
69 398
1 6 2
49 433
1 15 2
24 97
1 14 2
237 275
1 11 2
48 126
1 9 2
381 450
1 8 2
153 378
1 13 2
239 382
1 2 2
315 324
1 6 2
157 263
1 7 2
213 258
1 15 2
117 270
1 13 2
18 41
1 9 2
191 211
1 11 2
287 499
1 7 2
181 241
1 12 2
101 322
1 15 2
344 493
1 15 2
58 305
1 7 2
24 268
1 12 2
40 197
1 13 2
80 254
1 2 2
285 366
1 13 2
86 453
1 15 2
83 322
1 11 2
225 488
1 2 2
48 294
1 6 2
212 268
1 11 2
308 476
1 8 2
41 120
1 4 2
276 371
1 15 2
255 481
1 4 2
324 352
1 12 2
181 393
1 13 2
15 130
1 6 2
153 154
1 12 2
78 224
1 4 2
26 233
1 10 2
286 338
1 3 2
65 435
1 12 2
163 176
1 6 2
25 332
1 3 2
80 339
1 9 2
109 447
1 3 2
402 440
1 12 2
85 115
1 13 2
331 341
1 3 2
187 481
1 14 2
342 360
1 14 2
357 369
1 2 2
334 347
1 8 2
49 189
1 8 2
13 396
1 5 2
430 435
1 8 2
411 475
1 8 2
334 380
1 4 2
94 439
1 15 2
78 154
1 4 2
417 455
1 3 2
132 466
1 2 2
86 374
1 3 2
7 267
1 5 2
330 398
1 12 2
219 273
1 10 2
78 186
1 12 2
79 179
1 7 2
1 153
1 3 2
128 197
1 10 2
99 213
1 5 2
242 309
1 5 2
6 175
1 14 2
121 396
1 6 2
262 318
1 11 2
250 330
1 2 2
293 321
1 7 2
12 327
1 11 2
267 292
1 14 2
225 351
1 9 2
216 463
1 14 2
281 310
1 11 2
112 439
1 13 2
84 406
1 3 2
279 439
1 6 2
252 397
1 3 2
161 247
1 8 2
335 486
1 10 2
13 337
1 11 2
103 131
1 3 2
146 365
1 8 2
224 306
1 14 2
158 477
1 6 2
172 345
1 15 2
210 229
1 8 2
80 427
1 14 2
372 405
1 4 2
29 460
1 5 2
205 281
1 14 2
206 476
1 12 2
96 459
1 7 2
174 193
1 2 2
202 376
1 2 2
315 453
1 8 2
155 385
1 12 2
32 202
1 7 2
405 486
1 8 2
316 365
1 2 2
91 231
1 15 2
125 246
1 14 2
131 466
1 8 2
18 311
1 15 2
323 498
1 10 2
113 465
1 8 2
178 433
1 14 2
104 447
