700 4200 2100
20 9 18 19 14 6 16 18 25 5 8 10 23 18 22 12 21 13 10 20 14 15 16 20 24 13 13 16 23 16 21 20 21 24 25 19 22 8 16 24 15 23 19 7 18 21 15 9 14 21 21 12 24 8 5 19 10 20 7 17 23 15 14 21 15 15 14 9 5 6 10 17 15 24 15 9 21 9 25 19 18 5 12 14 25 23 14 12 23 22 20 11 18 5 5 8 14 18 12 13 21 21 17 21 7 16 23 13 23 8 17 15 23 16 24 11 9 14 19 23 6 18 14 12 19 25 12 7 25 5 22 15 25 19 22 25 20 5 20 16 10 8 16 15 22 20 17 17 6 21 15 23 20 15 16 5 6 22 12 18 9 12 17 23 13 15 15 22 13 24 22 15 18 7 11 8 14 15 21 19 10 5 23 5 19 20 7 5 24 25 16 24 15 20 22 11 10 5 12 12 20 22 25 19 20 24 14 8 15 13 5 6 11 12 16 14 13 25 22 21 24 21 5 12 25 15 6 8 17 6 10 8 18 24 13 16 18 25 9 10 22 19 6 11 16 24 20 18 15 17 25 5 23 7 21 18 15 22 21 10 14 18 6 16 24 12 8 25 19 7 8 9 8 6 6 12 24 11 20 20 15 14 23 23 18 8 8 15 6 17 25 5 14 17 21 13 11 14 17 10 5 24 14 23 12 12 9 20 21 12 6 7 9 19 5 8 22 23 23 17 14 15 24 12 17 8 12 17 14 24 7 13 18 20 10 13 15 7 10 6 10 21 5 21 21 7 17 15 24 14 11 16 17 7 20 19 17 11 19 15 23 15 11 21 19 5 16 16 22 6 10 22 12 16 19 16 22 5 18 8 13 19 5 11 10 23 14 18 23 23 17 7 22 16 13 13 21 23 23 11 12 15 11 14 15 10 11 10 13 10 23 19 7 6 14 19 9 7 22 6 21 24 11 16 13 22 9 6 5 6 9 14 24 18 11 6 8 19 20 24 19 18 7 15 10 24 25 5 17 23 24 19 13 10 13 10 17 13 11 9 25 25 5 9 15 10 19 25 24 5 13 20 17 15 25 23 13 14 14 18 19 6 8 12 10 15 15 24 22 20 10 12 5 9 7 19 8 12 17 19 23 23 7 10 10 25 9 6 20 19 9 24 20 21 8 9 23 24 10 21 17 6 16 11 24 17 14 23 12 7 25 15 13 17 10 18 17 15 11 15 8 6 11 25 12 18 13 20 22 24 19 24 25 13 24 16 10 18 5 11 11 9 9 6 19 14 15 23 6 13 6 7 13 17 17 21 17 13 8 22 10 20 14 19 18 7 13 11 23 23 20 16 9 22 11 7 20 25 25 17 14 23 11 11 7 16 21 9 21 8 6 12 9 21 14 24 9 7 5 11 11 24 13 18 7 7 11 25 21 18 20 16 24 10 10 24 24 19 18 23 19 25 14 21 8 15 13 21 16 11 8 20 8 24 12 18 21 22 14 19 18 25 19 20 9 5 5 22 5 22 11 20 6 22 20 14 9 25 10 22 19 15 12 7 19 13 13 5 17 21 22 21 11 22 25 5 15 10 6 11
3 12 15 4 6 9 11 8 7 15 20 11 12 13 3 13 15 8 15 11 16 10 20 15 6 7 9 14 15 11 18 20 12 16 15 14 11 16 14 20 17 12 11 11 13 3 9 14 5 14 13 3 14 15 9 3 10 11 12 14 3 7 9 6 20 18 18 12 16 5 14 11 3 5 19 18 16 5 6 18 13 16 15 19 20 19 10 19 19 16 20 7 16 3 8 15 18 4 19 14 19 15 11 18 3 13 4 12 10 20 4 14 14 10 3 6 4 12 5 20 17 5 3 17 8 6 5 20 11 17 19 7 19 17 9 9 17 5 6 17 6 10 19 5 5 11 6 18 18 4 18 12 20 15 18 16 11 7 19 6 18 6 11 5 15 20 11 10 3 9 18 4 16 3 10 17 9 3 9 3 17 18 11 10 12 15 19 13 19 4 14 4 11 17 18 7 9 5 16 11 11 14 18 10 17 10 8 19 11 18 7 3 17 8 7 20 20 17 5 15 20 6 20 9 19 9 14 13 11 11 10 6 3 16 11 10 7 11 4 5 7 10 14 12 13 20 8 3 20 4 20 18 3 15 20 7 17 16 3 6 6 4 3 17 14 15 17 9 13 16 9 12 9 14 15 9 16 9 7 16 14 16 13 3 15 8 12 16 16 15 19 14 20 11 7 19 8 8 6 13 11 4 20 4 16 6 12 11 9 14 20 16 14 12 11 6 8 18 8 3 6 6 13 15 19 6 15 7 16 12 14 6 7 8 12 7 6 20 20 7 3 4 15 11 17 15 4 4 5 13 17 5 4 7 3 11 12 15 20 18 6 6 20 17 17 6 5 6 8 14 15 20 5 14 5 11 17 18 6 13 13 13 7 16 14 13 19 7 18 12 6 5 11 13 3 8 12 12 14 7 13 6 13 20 3 12 7 14 18 14 13 14 12 9 12 19 11 13 13 12 8 18 20 20 11 6 6 4 18 13 13 10 16 13 12 9 3 15 17 14 5 7 4 3 3 3 15 16 3 12 6 4 7 10 10 6 6 11 17 15 14 8 5 8 11 20 12 14 8 12 9 7 8 18 3 3 8 19 16 19 16 12 15 4 8 4 8 13 11 20 4 11 19 10 4 9 8 13 20 13 12 19 6 3 10 4 13 7 19 8 18 5 17 15 12 20 6 5 8 14 8 11 19 5 12 17 3 5 17 11 3 20 12 19 18 8 9 11 19 16 3 15 10 8 18 11 4 20 4 11 3 8 19 10 15 7 14 4 8 11 10 6 14 17 16 16 15 19 3 6 17 3 15 3 17 7 9 18 15 20 13 8 20 4 20 16 19 14 13 6 8 15 6 4 7 16 8 16 10 17 18 17 10 8 11 15 13 12 13 6 17 17 19 7 8 17 10 13 16 15 16 17 14 4 10 12 10 16 9 8 19 6 17 16 12 19 16 6 8 17 18 19 8 15 4 4 20 17 4 6 7 15 4 14 12 11 12 14 9 7 7 8 16 17 15 12 6 8 17 13 8 3 11 10 14 10 18 14 18 14 13 13 9 11 11 18 10 14 14 14 3 9 5 4 4 12 9 10 9 9
1 8 2
343 503
1 4 2
72 427
1 7 2
148 516
1 14 2
88 623
1 6 2
226 411
1 17 2
360 389
1 11 2
267 483
1 5 2
7 137
1 12 2
611 641
1 14 2
119 133
1 8 2
362 420
1 12 2
19 147
1 12 2
191 209
1 12 2
102 371
1 17 2
108 283
1 7 2
138 227
1 8 2
545 546
1 19 2
290 500
1 7 2
293 664
1 9 2
218 649
1 8 2
37 527
1 9 2
499 622
1 6 2
560 622
1 6 2
46 664
1 16 2
167 689
1 17 2
101 632
1 8 2
95 548
1 7 2
184 407
1 16 2
182 240
1 12 2
219 390
1 19 2
425 467
1 9 2
253 421
1 8 2
336 349
1 10 2
103 164
1 8 2
106 683
1 6 2
308 521
1 10 2
298 536
1 13 2
355 364
1 5 2
111 436
1 14 2
36 550
1 14 2
205 249
1 15 2
217 498
1 14 2
376 387
1 16 2
163 184
1 8 2
235 297
1 4 2
198 315
1 9 2
30 362
1 13 2
73 600
1 14 2
219 438
1 16 2
16 282
1 15 2
100 519
1 15 2
106 674
1 18 2
218 524
1 5 2
5 59
1 14 2
159 691
1 7 2
26 642
1 9 2
21 498
1 16 2
35 598
1 15 2
34 472
1 16 2
28 575
1 14 2
185 364
1 11 2
406 661
1 10 2
66 671
1 5 2
44 666
1 13 2
130 584
1 18 2
500 601
1 12 2
98 552
1 15 2
324 474
1 13 2
118 437
1 10 2
178 685
1 8 2
77 613
1 10 2
373 499
1 9 2
420 506
1 14 2
38 217
1 14 2
520 669
1 9 2
122 433
1 5 2
436 553
1 8 2
183 432
1 19 2
132 511
1 8 2
306 410
1 7 2
214 239
1 19 2
73 398
1 18 2
543 690
1 7 2
99 165
1 6 2
480 541
1 14 2
352 425
1 19 2
12 33
1 4 2
153 541
1 10 2
59 261
1 13 2
111 501
1 12 2
34 234
1 11 2
323 511
1 13 2
184 440
1 9 2
662 686
1 13 2
7 134
1 17 2
233 691
1 12 2
165 317
1 14 2
19 547
1 13 2
35 63
1 12 2
298 583
1 11 2
44 92
1 17 2
397 425
1 10 2
298 623
1 13 2
322 536
1 9 2
151 430
1 15 2
189 346
1 5 2
236 419
1 17 2
39 136
1 11 2
475 544
1 3 2
129 678
1 11 2
46 643
1 15 2
114 378
1 10 2
166 374
1 8 2
17 79
1 13 2
472 613
1 8 2
215 431
1 7 2
96 565
1 10 2
221 347
1 17 2
202 368
1 8 2
296 647
1 13 2
596 684
1 9 2
20 456
1 14 2
505 681
1 16 2
19 135
1 8 2
303 429
1 14 2
567 640
1 16 2
114 118
1 13 2
35 680
1 11 2
281 667
1 16 2
124 250
1 6 2
331 458
1 9 2
203 206
1 6 2
260 454
1 9 2
35 199
1 20 2
432 439
1 9 2
172 192
1 11 2
114 457
1 7 2
355 603
1 13 2
32 655
1 6 2
72 405
1 8 2
58 694
1 12 2
85 165
1 5 2
208 664
1 9 2
132 342
1 15 2
278 317
1 13 2
204 241
1 12 2
404 673
1 4 2
66 672
1 7 2
307 412
1 13 2
128 586
1 11 2
171 184
1 17 2
33 396
1 12 2
215 487
1 16 2
221 344
1 16 2
294 475
1 11 2
250 682
1 8 2
344 644
1 15 2
245 293
1 10 2
359 680
1 13 2
319 445
1 15 2
41 221
1 11 2
165 679
1 8 2
474 668
1 6 2
129 219
1 16 2
189 448
1 15 2
149 647
1 11 2
348 654
1 7 2
169 210
1 8 2
175 579
1 10 2
201 362
1 15 2
241 389
1 9 2
255 386
1 6 2
595 659
1 16 2
313 421
1 4 2
315 453
1 14 2
113 445
1 10 2
440 522
1 6 2
17 654
1 15 2
57 500
1 10 2
209 689
1 8 2
285 388
1 9 2
252 592
1 9 2
189 353
1 9 2
98 480
1 19 2
467 636
1 15 2
376 415
1 5 2
404 604
1 16 2
132 387
1 11 2
24 126
1 4 2
210 359
1 18 2
130 389
1 11 2
631 659
1 14 2
7 608
1 11 2
61 606
1 9 2
164 433
1 13 2
185 659
1 11 2
212 543
1 9 2
201 633
1 8 2
154 295
1 12 2
4 106
1 9 2
49 212
1 9 2
255 260
1 15 2
182 200
1 18 2
60 348
1 12 2
24 164
1 7 2
365 468
1 13 2
100 480
1 7 2
166 305
1 8 2
66 248
1 8 2
12 104
1 14 2
681 694
1 7 2
161 658
1 9 2
169 306
1 8 2
179 394
1 13 2
122 329
1 9 2
376 399
1 12 2
280 425
1 11 2
487 497
1 15 2
52 535
1 14 2
106 179
1 15 2
8 319
1 13 2
64 554
1 15 2
343 420
1 8 2
166 190
1 15 2
249 467
1 14 2
106 249
1 15 2
41 438
1 6 2
630 698
1 12 2
59 246
1 11 2
347 691
1 13 2
34 648
1 6 2
123 431
1 9 2
346 537
1 10 2
198 593
1 10 2
454 547
1 11 2
117 669
1 9 2
475 633
1 8 2
19 399
1 16 2
163 606
1 13 2
456 579
1 15 2
498 636
1 5 2
532 538
1 12 2
318 648
1 7 2
357 533
1 16 2
466 543
1 15 2
278 360
1 12 2
184 241
1 5 2
311 681
1 9 2
23 234
1 6 2
284 595
1 17 2
657 669
1 9 2
596 622
1 13 2
456 656
1 11 2
83 647
1 19 2
220 301
1 12 2
290 497
1 12 2
7 90
1 13 2
313 415
1 8 2
257 409
1 14 2
113 597
1 17 2
333 524
1 12 2
57 232
1 10 2
368 538
1 17 2
12 628
1 12 2
63 599
1 3 2
273 399
1 19 2
501 661
1 6 2
61 484
1 11 2
200 346
1 14 2
162 467
1 11 2
351 662
1 13 2
4 636
1 8 2
56 344
1 5 2
68 451
1 9 2
276 607
1 17 2
151 567
1 15 2
381 385
1 18 2
220 475
1 19 2
84 421
1 14 2
201 438
1 9 2
275 343
1 19 2
135 317
1 12 2
248 398
1 13 2
367 657
1 8 2
20 159
1 18 2
201 468
1 9 2
348 514
1 8 2
625 632
1 20 2
233 517
1 10 2
451 605
1 13 2
83 505
1 13 2
185 355
1 9 2
208 599
1 13 2
368 387
1 12 2
517 577
1 7 2
386 645
1 16 2
170 341
1 12 2
138 574
1 19 2
135 245
1 9 2
228 658
1 13 2
149 441
1 6 2
514 629
1 9 2
198 204
1 6 2
211 499
1 12 2
150 201
1 12 2
199 549
1 13 2
86 694
1 7 2
52 610
1 9 2
244 566
1 19 2
84 191
1 8 2
588 612
1 11 2
582 588
1 9 2
275 307
1 16 2
221 516
1 11 2
11 636
1 14 2
333 471
1 12 2
147 519
1 7 2
61 164
1 10 2
359 411
1 16 2
220 308
1 6 2
456 617
1 17 2
420 615
1 5 2
46 70
1 9 2
260 629
1 10 2
26 438
1 8 2
280 486
1 11 2
110 659
1 17 2
100 554
1 20 2
543 621
1 11 2
276 422
1 14 2
185 519
1 13 2
88 228
1 13 2
100 545
1 16 2
194 371
1 14 2
235 252
1 19 2
41 627
1 11 2
49 401
1 6 2
37 184
1 8 2
297 525
1 8 2
293 452
1 10 2
113 364
1 10 2
218 296
1 16 2
241 527
1 11 2
441 498
1 5 2
86 285
1 15 2
282 659
1 16 2
3 73
1 12 2
4 112
1 6 2
349 654
1 5 2
212 544
1 14 2
317 327
1 13 2
103 433
1 13 2
79 689
1 18 2
78 643
1 20 2
432 445
1 14 2
289 445
1 7 2
315 590
1 6 2
44 306
1 9 2
411 478
1 9 2
299 608
1 13 2
475 486
1 15 2
78 263
1 14 2
588 660
1 17 2
103 114
1 18 2
301 693
1 8 2
84 242
1 12 2
59 519
1 11 2
522 608
1 14 2
368 415
1 14 2
240 355
1 10 2
301 399
1 13 2
88 576
1 13 2
513 637
1 12 2
527 642
1 12 2
96 167
1 12 2
279 298
1 17 2
34 50
1 7 2
83 111
1 13 2
190 500
1 5 2
175 177
1 8 2
50 180
1 8 2
414 443
1 15 2
49 368
1 17 2
118 505
1 16 2
246 318
1 12 2
110 509
1 6 2
281 699
1 16 2
44 597
1 9 2
29 131
1 15 2
189 525
1 16 2
397 581
1 14 2
478 677
1 16 2
307 505
1 9 2
541 597
1 11 2
313 327
1 16 2
135 581
1 9 2
412 677
1 3 2
469 603
1 11 2
202 334
1 18 2
188 317
1 20 2
264 467
1 12 2
110 640
1 17 2
449 639
1 13 2
57 663
1 8 2
95 376
1 10 2
238 543
1 18 2
608 694
1 11 2
209 635
1 17 2
134 233
1 13 2
346 488
1 5 2
225 521
1 7 2
127 674
1 15 2
42 318
1 13 2
220 565
1 15 2
101 667
1 9 2
29 327
1 12 2
576 583
1 4 2
624 642
1 16 2
378 461
1 7 2
77 499
1 10 2
44 599
1 6 2
464 538
1 8 2
512 692
1 3 2
379 523
1 11 2
27 583
1 6 2
164 302
1 11 2
278 366
1 4 2
402 416
1 18 2
245 360
1 8 2
268 299
1 14 2
23 548
1 8 2
306 344
1 14 2
40 250
1 7 2
77 584
1 7 2
270 378
1 7 2
599 670
1 13 2
344 680
1 9 2
28 436
1 12 2
472 630
1 3 2
56 430
1 16 2
317 590
1 8 2
17 228
1 15 2
420 673
1 6 2
373 580
1 15 2
217 346
1 9 2
53 439
1 13 2
278 584
1 5 2
96 678
1 12 2
438 655
1 12 2
347 517
1 16 2
505 509
1 10 2
154 629
1 10 2
56 554
1 7 2
328 464
1 14 2
42 519
1 9 2
37 252
1 7 2
314 588
1 9 2
356 555
1 5 2
142 379
1 13 2
124 145
1 6 2
292 483
1 14 2
6 641
1 13 2
13 343
1 15 2
35 88
1 15 2
0 276
1 15 2
363 690
1 9 2
244 537
1 6 2
375 514
1 6 2
399 401
1 11 2
91 601
1 4 2
400 493
1 16 2
246 276
1 4 2
153 229
1 11 2
396 631
1 9 2
27 105
1 8 2
330 418
1 6 2
308 698
1 9 2
34 624
1 9 2
97 122
1 12 2
368 566
1 19 2
119 322
1 9 2
328 623
1 7 2
40 383
1 11 2
318 686
1 8 2
21 225
1 13 2
257 638
1 11 2
35 576
1 8 2
109 316
1 9 2
38 143
1 15 2
42 450
1 5 2
429 557
1 9 2
460 616
1 7 2
115 574
1 9 2
236 380
1 13 2
23 355
1 10 2
190 662
1 9 2
538 667
1 13 2
276 375
1 5 2
394 592
1 11 2
189 444
1 4 2
334 682
1 6 2
20 323
1 15 2
88 279
1 9 2
20 133
1 11 2
228 411
1 10 2
214 557
1 13 2
237 572
1 6 2
107 357
1 9 2
371 463
1 14 2
39 390
1 5 2
225 634
1 8 2
496 628
1 12 2
275 468
1 14 2
22 189
1 12 2
228 308
1 7 2
54 134
1 7 2
241 510
1 8 2
91 261
1 12 2
374 440
1 15 2
35 516
1 5 2
403 625
1 17 2
88 567
1 15 2
596 693
1 16 2
189 479
1 7 2
473 642
1 14 2
79 512
1 18 2
36 450
1 8 2
50 602
1 9 2
269 445
1 16 2
41 344
1 15 2
308 547
1 15 2
283 545
1 12 2
89 431
1 11 2
16 192
1 5 2
206 510
1 12 2
88 486
1 5 2
437 618
1 11 2
647 675
1 12 2
179 255
1 4 2
20 137
1 7 2
157 469
1 9 2
24 269
1 16 2
112 149
1 14 2
110 554
1 6 2
263 405
1 6 2
353 550
1 11 2
61 396
1 3 2
624 678
1 10 2
209 581
1 18 2
189 593
1 5 2
87 626
1 10 2
321 437
1 7 2
170 273
1 5 2
391 584
1 13 2
35 480
1 18 2
554 601
1 13 2
258 533
1 12 2
110 203
1 12 2
206 567
1 11 2
26 690
1 13 2
143 511
1 12 2
157 531
1 13 2
279 663
1 7 2
174 298
1 8 2
332 497
1 11 2
72 376
1 11 2
139 200
1 16 2
488 667
1 3 2
161 427
1 10 2
218 587
1 18 2
543 689
1 12 2
36 605
1 15 2
445 623
1 12 2
287 593
1 15 2
487 547
1 12 2
261 545
1 6 2
122 491
1 13 2
307 471
1 10 2
231 267
1 17 2
136 597
1 18 2
501 516
1 13 2
351 554
1 16 2
440 615
1 10 2
78 230
1 8 2
259 637
1 12 2
584 655
1 10 2
348 504
1 6 2
142 174
1 14 2
332 667
1 6 2
423 518
1 18 2
12 632
1 6 2
326 477
1 3 2
212 541
1 15 2
36 647
1 15 2
42 632
1 17 2
8 333
1 5 2
13 242
1 9 2
186 237
1 14 2
635 655
1 8 2
116 628
1 8 2
588 625
1 16 2
39 640
1 6 2
364 496
1 8 2
140 671
1 16 2
179 446
1 11 2
333 386
1 8 2
74 478
1 15 2
63 182
1 8 2
143 280
1 13 2
632 681
1 10 2
303 430
1 10 2
587 601
1 11 2
201 223
1 11 2
83 282
1 4 2
196 493
1 13 2
208 621
1 19 2
468 694
1 7 2
110 493
1 13 2
236 254
1 7 2
249 619
1 13 2
591 653
1 14 2
61 125
1 8 2
69 220
1 8 2
33 427
1 8 2
105 408
1 5 2
146 269
1 11 2
158 615
1 14 2
245 390
1 10 2
42 361
1 7 2
74 335
1 8 2
200 619
1 19 2
169 217
1 9 2
272 588
1 12 2
139 513
1 17 2
12 218
1 17 2
449 554
1 7 2
285 294
1 10 2
145 675
1 6 2
75 599
1 16 2
439 671
1 14 2
14 279
1 12 2
364 630
1 7 2
582 614
1 10 2
145 281
1 19 2
24 125
1 18 2
33 635
1 18 2
188 316
1 13 2
225 389
1 8 2
25 533
1 10 2
257 434
1 14 2
347 661
1 6 2
172 436
1 9 2
550 586
1 7 2
480 664
1 12 2
132 526
1 10 2
368 542
1 6 2
192 523
1 13 2
97 341
1 8 2
503 671
1 13 2
36 142
1 14 2
392 674
1 4 2
266 424
1 12 2
108 443
1 7 2
531 622
1 11 2
73 115
1 2 2
81 541
1 15 2
217 289
1 14 2
100 219
1 9 2
105 143
1 18 2
60 487
1 16 2
114 420
1 13 2
356 368
1 13 2
437 679
1 20 2
84 543
1 12 2
260 636
1 9 2
21 655
1 12 2
433 495
1 19 2
267 368
1 7 2
136 315
1 12 2
501 526
1 7 2
493 680
1 11 2
228 261
1 18 2
84 149
1 12 2
396 486
1 9 2
290 672
1 20 2
290 450
1 12 2
168 237
1 11 2
6 495
1 11 2
24 458
1 13 2
397 537
1 15 2
324 632
1 13 2
146 575
1 19 2
128 368
1 7 2
85 419
1 17 2
348 647
1 8 2
59 478
1 15 2
258 593
1 12 2
97 471
1 18 2
439 527
1 5 2
47 83
1 9 2
145 611
1 14 2
106 364
1 9 2
134 430
1 14 2
191 378
1 9 2
437 685
1 15 2
475 489
1 5 2
510 696
1 19 2
252 432
1 7 2
453 480
1 9 2
393 423
1 8 2
306 341
1 14 2
100 583
1 5 2
315 404
1 8 2
292 498
1 17 2
276 513
1 15 2
112 466
1 11 2
307 473
1 19 2
132 191
1 12 2
321 511
1 14 2
41 352
1 9 2
86 655
1 11 2
140 467
1 14 2
279 420
1 7 2
138 510
1 10 2
119 619
1 18 2
8 593
1 14 2
329 648
1 9 2
47 554
1 14 2
112 573
1 7 2
575 595
1 13 2
408 627
1 7 2
103 595
1 8 2
18 689
1 13 2
131 317
1 17 2
278 446
1 14 2
60 576
1 2 2
377 633
1 10 2
118 176
1 15 2
267 533
1 12 2
145 324
1 13 2
499 513
1 15 2
294 657
1 11 2
548 645
1 15 2
415 554
1 12 2
401 621
1 9 2
463 500
1 10 2
292 630
1 11 2
589 642
1 9 2
398 542
1 14 2
343 647
1 10 2
36 212
1 19 2
389 597
1 13 2
398 531
1 7 2
349 359
1 16 2
217 509
1 10 2
329 384
1 11 2
214 343
1 19 2
474 673
1 8 2
415 572
1 14 2
97 167
1 6 2
261 379
1 13 2
569 598
1 19 2
425 530
1 17 2
621 691
1 6 2
9 358
1 15 2
14 671
1 14 2
516 623
1 8 2
490 663
1 4 2
56 323
1 10 2
264 515
1 11 2
648 659
1 10 2
70 487
1 12 2
151 321
1 7 2
146 399
1 18 2
368 461
1 9 2
27 351
1 14 2
593 630
1 8 2
95 547
1 8 2
400 440
1 11 2
542 661
1 17 2
52 425
1 9 2
455 673
1 7 2
17 566
1 13 2
321 615
1 15 2
63 420
1 20 2
151 597
1 11 2
111 130
1 6 2
98 177
1 11 2
83 134
1 6 2
40 405
1 14 2
615 655
1 14 2
22 588
1 12 2
359 371
1 18 2
24 170
1 17 2
388 601
1 11 2
450 626
1 7 2
10 307
1 7 2
328 401
1 10 2
64 172
1 10 2
83 279
1 20 2
202 445
1 16 2
102 597
1 10 2
407 679
1 12 2
48 385
1 8 2
70 508
1 18 2
73 410
1 4 2
429 696
1 8 2
60 141
1 13 2
206 615
1 14 2
34 319
1 7 2
600 686
1 8 2
185 212
1 12 2
76 576
1 17 2
85 389
1 13 2
83 220
1 9 2
117 623
1 14 2
237 390
1 11 2
154 684
1 17 2
19 694
1 10 2
7 356
1 4 2
259 619
1 9 2
198 656
1 5 2
265 649
1 9 2
73 650
1 5 2
231 531
1 8 2
204 515
1 16 2
134 527
1 11 2
140 621
1 9 2
394 637
1 10 2
73 299
1 18 2
290 606
1 20 2
188 474
1 6 2
2 95
1 15 2
499 635
1 19 2
202 669
1 8 2
338 479
1 6 2
212 321
1 10 2
307 386
1 14 2
16 438
1 13 2
439 631
1 15 2
16 471
1 15 2
525 543
1 6 2
174 177
1 9 2
266 410
1 10 2
553 628
1 8 2
140 508
1 9 2
63 299
1 12 2
293 684
1 3 2
183 265
1 7 2
59 458
1 7 2
226 575
1 18 2
597 656
1 11 2
147 268
1 9 2
100 542
1 12 2
130 228
1 14 2
80 303
1 13 2
185 313
1 5 2
198 402
1 9 2
410 664
1 13 2
170 373
1 17 2
130 371
1 5 2
20 697
1 15 2
662 690
1 16 2
205 313
1 12 2
200 423
1 4 2
1 697
1 15 2
500 512
1 17 2
194 418
1 9 2
598 652
1 15 2
84 232
1 8 2
206 566
1 14 2
36 124
1 12 2
313 451
1 16 2
85 219
1 11 2
125 455
1 14 2
244 322
1 6 2
345 378
1 13 2
261 363
1 8 2
153 281
1 7 2
209 681
1 18 2
106 511
1 5 2
407 485
1 13 2
121 691
1 12 2
215 264
1 11 2
103 113
1 5 2
386 426
1 7 2
70 648
1 9 2
363 538
1 17 2
421 647
1 15 2
533 677
1 10 2
236 244
1 11 2
55 533
1 9 2
383 501
1 14 2
341 656
1 12 2
237 544
1 11 2
30 522
1 6 2
209 483
1 15 2
79 588
1 20 2
135 517
1 12 2
254 390
1 6 2
143 434
1 18 2
41 621
1 4 2
1 611
1 10 2
266 329
1 11 2
648 671
1 13 2
80 343
1 11 2
194 497
1 5 2
305 380
1 8 2
72 648
1 4 2
58 123
1 14 2
511 696
1 20 2
189 348
1 13 2
179 630
1 10 2
313 352
1 6 2
121 227
1 17 2
308 329
1 8 2
100 465
1 2 2
37 187
1 11 2
461 620
1 10 2
4 596
1 3 2
9 614
1 16 2
354 467
1 19 2
371 505
1 9 2
569 663
1 4 2
25 187
1 7 2
35 384
1 4 2
443 668
1 7 2
335 522
1 15 2
19 63
1 18 2
135 656
1 17 2
250 508
1 7 2
328 443
1 14 2
0 354
1 16 2
159 653
1 7 2
372 423
1 8 2
27 234
1 14 2
159 593
1 8 2
383 480
1 7 2
222 418
1 13 2
169 321
1 11 2
149 614
1 15 2
501 583
1 6 2
3 173
1 12 2
64 567
1 9 2
358 386
1 6 2
75 520
1 7 2
7 562
1 6 2
342 548
1 16 2
31 398
1 17 2
368 397
1 13 2
40 128
1 13 2
495 662
1 13 2
257 480
1 16 2
118 461
1 11 2
298 358
1 14 2
341 684
1 11 2
383 530
1 13 2
432 522
1 12 2
294 573
1 10 2
363 414
1 13 2
55 663
1 2 2
494 652
1 15 2
50 579
1 11 2
91 552
1 12 2
114 600
1 19 2
589 627
1 11 2
71 138
1 11 2
368 477
1 18 2
33 691
1 10 2
132 299
1 10 2
426 511
1 15 2
133 318
1 13 2
23 378
1 11 2
51 673
1 17 2
32 245
1 17 2
461 508
1 12 2
204 390
1 12 2
349 450
1 15 2
138 397
1 10 2
276 523
1 5 2
458 532
1 12 2
376 390
1 13 2
14 110
1 20 2
8 322
1 8 2
450 481
1 8 2
176 332
1 11 2
440 576
1 15 2
261 385
1 19 2
28 250
1 10 2
460 540
1 14 2
376 564
1 10 2
7 142
1 13 2
85 573
1 17 2
106 252
1 12 2
263 669
1 15 2
201 364
1 6 2
352 515
1 8 2
275 525
1 7 2
616 662
1 11 2
59 466
1 5 2
153 664
1 15 2
189 472
1 5 2
345 688
1 4 2
277 399
1 9 2
383 628
1 10 2
523 551
1 7 2
345 613
1 18 2
474 643
1 15 2
3 163
1 9 2
669 678
1 15 2
366 474
1 7 2
23 644
1 14 2
278 590
1 13 2
513 599
1 6 2
241 274
1 12 2
52 234
1 7 2
187 548
1 11 2
194 359
1 8 2
79 296
1 10 2
440 539
1 8 2
523 637
1 9 2
152 553
1 7 2
48 457
1 8 2
96 298
1 10 2
100 123
1 5 2
38 585
1 3 2
68 405
1 7 2
537 569
1 4 2
559 609
1 16 2
360 396
1 12 2
246 448
1 19 2
8 439
1 17 2
167 694
1 13 2
133 508
1 5 2
287 312
1 6 2
92 683
1 7 2
77 688
1 7 2
142 619
1 15 2
308 693
1 20 2
329 445
1 17 2
254 621
1 11 2
2 298
1 17 2
276 425
1 10 2
309 549
1 11 2
50 473
1 18 2
237 657
1 18 2
49 543
1 11 2
15 388
1 8 2
308 315
1 6 2
285 355
1 11 2
106 685
1 16 2
145 445
1 2 2
95 222
1 9 2
196 519
1 6 2
71 306
1 12 2
533 647
1 9 2
424 437
1 19 2
108 677
1 8 2
575 678
1 15 2
36 643
1 16 2
92 474
1 18 2
169 669
1 8 2
35 523
1 13 2
235 303
1 17 2
189 689
1 5 2
535 558
1 10 2
201 309
1 17 2
450 630
1 17 2
41 527
1 8 2
551 571
1 11 2
88 297
1 11 2
44 367
1 10 2
128 409
1 9 2
61 172
1 7 2
47 364
1 3 2
427 560
1 8 2
18 333
1 8 2
132 382
1 9 2
66 480
1 4 2
192 377
1 5 2
180 569
1 18 2
217 371
1 9 2
493 628
1 17 2
322 663
1 9 2
271 317
1 11 2
90 110
1 13 2
316 688
1 4 2
503 607
1 6 2
523 631
1 14 2
22 188
1 11 2
21 689
1 14 2
358 679
1 13 2
144 557
1 9 2
331 354
1 17 2
445 630
1 9 2
508 685
1 6 2
2 207
1 17 2
313 677
1 8 2
78 93
1 6 2
310 674
1 10 2
451 526
1 12 2
90 629
1 6 2
570 643
1 13 2
80 689
1 17 2
639 673
1 10 2
503 653
1 3 2
391 626
1 5 2
464 482
1 12 2
164 505
1 7 2
498 556
1 11 2
61 420
1 8 2
424 520
1 13 2
443 661
1 4 2
91 399
1 15 2
89 179
1 8 2
157 175
1 3 2
210 408
1 15 2
346 467
1 11 2
581 648
1 19 2
108 432
1 10 2
159 696
1 11 2
638 655
1 10 2
163 633
1 10 2
56 250
1 11 2
4 418
1 7 2
331 359
1 7 2
307 504
1 15 2
8 313
1 12 2
105 628
1 11 2
375 689
1 10 2
77 78
1 10 2
108 544
1 20 2
250 301
1 6 2
345 433
1 6 2
438 665
1 11 2
485 596
1 8 2
515 579
1 14 2
303 437
1 12 2
367 389
1 9 2
436 445
1 15 2
282 307
1 6 2
534 614
1 15 2
79 601
1 4 2
361 558
1 16 2
3 554
1 3 2
383 570
1 11 2
438 696
1 16 2
421 547
1 3 2
504 610
1 8 2
245 269
1 9 2
461 494
1 12 2
468 658
1 16 2
439 606
1 16 2
60 513
1 10 2
245 620
1 4 2
117 585
1 18 2
276 601
1 8 2
305 466
1 7 2
105 195
1 9 2
238 425
1 4 2
510 633
1 13 2
268 358
1 6 2
141 147
1 11 2
83 547
1 3 2
213 419
1 7 2
390 458
1 13 2
61 267
1 9 2
12 465
1 15 2
130 178
1 12 2
46 201
1 12 2
346 438
1 12 2
66 114
1 12 2
192 693
1 15 2
119 381
1 9 2
97 297
1 13 2
134 298
1 9 2
238 264
1 6 2
178 365
1 6 2
66 483
1 15 2
57 418
1 11 2
48 85
1 9 2
329 604
1 5 2
21 95
1 3 2
1 53
1 11 2
164 205
1 8 2
43 89
1 16 2
119 547
1 6 2
238 623
1 7 2
35 540
1 6 2
216 395
1 5 2
309 633
1 5 2
429 451
1 4 2
115 561
1 13 2
78 526
1 15 2
163 584
1 11 2
105 341
1 9 2
379 439
1 10 2
456 576
1 5 2
386 504
1 12 2
221 359
1 14 2
351 446
1 5 2
243 350
1 12 2
282 395
1 8 2
157 616
1 12 2
190 513
1 14 2
36 509
1 7 2
358 562
1 5 2
62 506
1 13 2
152 241
1 18 2
78 488
1 5 2
453 553
1 6 2
44 67
1 9 2
344 362
1 13 2
8 685
1 14 2
88 378
1 7 2
156 425
1 13 2
170 573
1 9 2
403 574
1 17 2
163 691
1 16 2
333 388
1 10 2
20 508
1 7 2
159 515
1 13 2
128 476
1 10 2
188 422
1 9 2
51 662
1 16 2
201 316
1 9 2
13 107
1 7 2
109 221
1 11 2
39 686
1 7 2
491 638
1 10 2
372 396
1 5 2
141 168
1 9 2
190 321
1 18 2
88 220
1 9 2
355 454
1 14 2
205 367
1 14 2
122 467
1 9 2
294 577
1 10 2
133 208
1 16 2
73 651
1 11 2
519 658
1 6 2
104 332
1 16 2
89 316
1 3 2
58 699
1 9 2
72 102
1 14 2
525 554
1 12 2
164 191
1 12 2
224 380
1 4 2
51 95
1 20 2
34 598
1 17 2
191 579
1 9 2
228 443
1 10 2
25 149
1 14 2
352 516
1 13 2
162 488
1 7 2
47 590
1 11 2
80 232
1 7 2
270 376
1 6 2
327 459
1 9 2
289 464
1 11 2
292 500
1 11 2
174 282
1 15 2
78 154
1 11 2
51 85
1 6 2
535 595
1 13 2
536 606
1 9 2
15 663
1 12 2
122 348
1 6 2
553 611
1 8 2
208 448
1 18 2
449 487
1 13 2
303 319
1 10 2
320 509
1 14 2
601 629
1 7 2
228 409
1 8 2
176 645
1 10 2
532 643
1 17 2
344 632
1 4 2
43 91
1 15 2
329 525
1 15 2
527 651
1 9 2
270 639
1 17 2
200 474
1 13 2
42 101
1 14 2
79 257
1 9 2
406 516
1 4 2
502 546
1 16 2
157 579
1 8 2
22 166
1 12 2
387 508
1 5 2
127 192
1 13 2
420 437
1 16 2
88 590
1 15 2
499 511
1 14 2
401 552
1 9 2
3 532
1 19 2
52 474
1 17 2
418 588
1 7 2
508 562
1 16 2
308 449
1 18 2
317 543
1 9 2
594 643
1 9 2
193 538
1 8 2
13 544
1 10 2
217 580
1 9 2
302 581
1 14 2
202 537
1 10 2
313 328
1 10 2
119 594
1 8 2
538 583
1 16 2
333 460
1 9 2
363 408
1 12 2
123 267
1 8 2
631 658
1 15 2
134 149
1 8 2
85 494
1 18 2
8 488
1 8 2
285 376
1 8 2
97 213
1 10 2
7 244
1 9 2
185 559
1 11 2
126 421
1 10 2
23 176
1 4 2
37 70
1 14 2
85 440
1 15 2
516 583
1 11 2
52 399
1 13 2
147 157
1 12 2
122 202
1 17 2
344 627
1 13 2
78 600
1 7 2
141 437
1 6 2
481 660
1 10 2
401 655
1 4 2
604 611
1 19 2
73 233
1 10 2
151 619
1 7 2
164 373
1 7 2
545 616
1 9 2
209 241
1 9 2
241 546
1 8 2
6 86
1 10 2
466 477
1 4 2
407 602
1 13 2
103 550
1 10 2
260 341
1 17 2
50 188
1 5 2
5 298
1 12 2
483 661
1 11 2
367 608
1 9 2
253 446
1 13 2
221 284
1 5 2
405 454
1 8 2
426 480
1 13 2
111 220
1 13 2
102 690
1 10 2
188 453
1 8 2
144 286
1 14 2
31 590
1 11 2
40 488
1 8 2
1 257
1 14 2
255 363
1 16 2
182 643
1 13 2
142 282
1 13 2
317 576
1 11 2
254 302
1 4 2
470 496
1 16 2
329 355
1 9 2
212 673
1 6 2
74 504
1 15 2
128 190
1 12 2
234 461
1 8 2
72 681
1 11 2
224 523
1 20 2
267 589
1 14 2
509 643
1 20 2
276 598
1 11 2
92 121
1 8 2
152 455
1 17 2
425 636
1 7 2
271 520
1 10 2
16 422
1 15 2
33 102
1 17 2
467 613
1 5 2
142 429
1 4 2
454 496
1 6 2
441 683
1 11 2
44 352
1 15 2
85 138
1 12 2
254 401
1 10 2
486 640
1 13 2
298 527
1 19 2
282 530
1 6 2
260 559
1 12 2
0 298
1 15 2
169 451
1 13 2
278 684
1 10 2
357 501
1 10 2
386 437
1 5 2
514 531
1 13 2
14 351
1 8 2
149 345
1 18 2
52 398
1 14 2
112 352
1 7 2
356 670
1 12 2
216 597
1 5 2
175 414
1 3 2
94 209
1 5 2
340 408
1 10 2
90 328
1 11 2
90 297
1 10 2
530 580
1 8 2
62 162
1 5 2
95 281
1 6 2
121 507
1 15 2
267 555
1 16 2
220 684
1 15 2
450 680
1 12 2
45 111
1 13 2
30 390
1 7 2
362 473
1 8 2
70 606
1 7 2
365 488
1 13 2
256 598
1 13 2
278 628
1 13 2
12 293
1 3 2
67 563
1 11 2
182 457
1 6 2
206 384
1 6 2
225 506
1 10 2
12 91
1 9 2
350 368
1 9 2
603 669
1 6 2
207 367
1 14 2
499 575
1 15 2
31 50
1 8 2
22 335
1 8 2
286 593
1 4 2
571 654
1 6 2
447 508
1 8 2
98 118
1 12 2
387 613
1 8 2
157 592
1 15 2
90 194
1 10 2
202 239
1 13 2
316 472
1 3 2
230 540
1 14 2
516 638
1 6 2
26 586
1 18 2
194 474
1 14 2
201 581
1 10 2
420 642
1 18 2
418 567
1 9 2
97 113
1 7 2
5 590
1 13 2
101 557
1 9 2
74 159
1 11 2
106 331
1 6 2
547 672
1 11 2
122 420
1 17 2
33 50
1 7 2
148 593
1 10 2
303 559
1 6 2
244 340
1 20 2
446 460
1 6 2
223 386
1 10 2
202 697
1 18 2
128 252
1 16 2
307 348
1 7 2
313 436
1 16 2
632 680
1 8 2
248 287
1 17 2
677 684
1 5 2
20 306
1 8 2
233 330
1 14 2
73 289
1 9 2
458 693
1 4 2
326 676
1 11 2
14 645
1 8 2
280 605
1 18 2
524 551
1 7 2
95 381
1 8 2
280 485
1 10 2
373 480
1 13 2
293 501
1 9 2
158 368
1 13 2
328 505
1 15 2
489 608
1 15 2
218 662
1 18 2
250 669
1 15 2
8 268
1 5 2
277 457
1 5 2
378 521
1 10 2
295 663
1 8 2
383 623
1 11 2
50 260
1 14 2
147 348
1 5 2
493 600
1 18 2
392 460
1 9 2
138 323
1 3 2
350 481
1 13 2
192 474
1 11 2
258 566
1 6 2
79 428
1 17 2
392 588
1 12 2
408 552
1 13 2
287 290
1 13 2
85 289
1 6 2
231 525
1 4 2
126 299
1 9 2
403 629
1 9 2
4 268
1 11 2
12 582
1 10 2
128 266
1 8 2
30 619
1 13 2
321 601
1 12 2
92 355
1 12 2
112 117
1 8 2
145 305
1 15 2
364 549
1 12 2
8 168
1 10 2
196 329
1 10 2
26 167
1 9 2
356 473
1 9 2
143 378
1 11 2
56 132
1 16 2
157 601
1 14 2
228 432
1 11 2
522 596
1 15 2
276 437
1 15 2
364 389
1 18 2
220 388
1 17 2
201 317
1 13 2
177 317
1 20 2
445 621
1 19 2
205 653
1 15 2
333 396
1 10 2
331 579
1 7 2
26 208
1 8 2
31 271
1 10 2
82 100
1 14 2
60 629
1 7 2
254 310
1 10 2
8 444
1 19 2
245 632
1 2 2
291 379
1 12 2
182 208
1 12 2
294 346
1 16 2
85 593
1 12 2
164 250
1 15 2
499 549
1 14 2
163 327
1 8 2
407 663
1 15 2
135 241
1 6 2
29 523
1 18 2
108 217
1 15 2
7 112
1 9 2
118 622
1 12 2
36 214
1 7 2
35 426
1 12 2
100 522
1 7 2
76 617
1 9 2
560 588
1 8 2
37 593
1 13 2
346 445
1 10 2
92 131
1 12 2
74 691
1 16 2
92 237
1 7 2
211 656
1 17 2
513 524
1 18 2
446 628
1 12 2
42 261
1 8 2
111 352
1 16 2
88 343
1 16 2
475 579
1 14 2
71 554
1 5 2
248 337
1 9 2
59 256
1 7 2
248 331
1 9 2
364 646
1 8 2
392 417
1 8 2
5 191
1 17 2
85 639
1 14 2
252 378
1 12 2
280 548
1 13 2
49 466
1 4 2
299 455
1 7 2
201 330
1 6 2
522 616
1 14 2
40 84
1 16 2
112 376
1 15 2
79 635
1 12 2
421 532
1 8 2
31 309
1 16 2
3 524
1 6 2
208 409
1 8 2
564 602
1 13 2
121 149
1 5 2
93 631
1 3 2
494 561
1 9 2
289 526
1 16 2
548 588
1 17 2
283 549
1 5 2
96 416
1 11 2
415 441
1 15 2
163 674
1 17 2
282 669
1 19 2
188 252
1 8 2
79 611
1 11 2
90 214
1 7 2
192 582
1 8 2
247 670
1 17 2
52 258
1 13 2
485 487
1 9 2
117 261
1 10 2
27 640
1 9 2
274 636
1 8 2
244 642
1 20 2
627 677
1 9 2
259 575
1 15 2
268 392
1 14 2
376 590
1 9 2
136 544
1 14 2
163 573
1 14 2
73 533
1 4 2
339 414
1 14 2
264 456
1 15 2
57 679
1 9 2
19 582
1 14 2
392 451
1 17 2
145 641
1 5 2
158 277
1 8 2
98 599
1 13 2
25 677
1 13 2
443 468
1 8 2
228 452
1 13 2
332 344
1 12 2
72 693
1 10 2
533 557
1 5 2
199 559
1 5 2
277 491
1 12 2
249 651
1 13 2
241 657
1 4 2
38 342
1 6 2
198 464
1 14 2
203 254
1 15 2
381 511
1 7 2
37 512
1 15 2
13 119
1 15 2
41 674
1 10 2
373 535
1 11 2
220 407
1 8 2
380 433
1 18 2
425 475
1 8 2
5 450
1 9 2
139 225
1 9 2
48 437
1 9 2
80 572
1 6 2
425 462
1 9 2
451 577
1 10 2
87 691
1 12 2
278 324
1 8 2
172 544
1 4 2
120 166
1 13 2
4 505
1 8 2
436 639
1 10 2
537 629
1 12 2
98 627
1 15 2
151 313
1 16 2
119 596
1 16 2
78 255
1 11 2
150 548
1 10 2
415 423
1 11 2
261 433
1 9 2
86 688
1 16 2
446 512
1 8 2
144 266
1 13 2
368 509
1 15 2
204 450
1 15 2
135 162
1 4 2
263 365
1 12 2
151 280
1 19 2
385 439
1 8 2
50 272
1 12 2
39 386
1 6 2
168 223
1 9 2
89 409
1 6 2
302 305
1 18 2
144 467
1 7 2
159 455
1 12 2
166 601
1 13 2
118 363
1 18 2
322 639
1 12 2
292 641
1 14 2
327 449
1 20 2
543 694
1 4 2
195 269
1 20 2
318 627
1 5 2
68 313
1 12 2
64 317
1 17 2
179 661
1 8 2
335 423
1 5 2
56 626
1 11 2
297 317
1 13 2
40 439
1 11 2
283 295
1 11 2
282 408
1 6 2
49 665
1 9 2
202 571
1 13 2
79 307
1 18 2
73 252
1 5 2
280 503
1 11 2
432 626
1 15 2
466 505
1 12 2
511 572
1 20 2
445 530
1 19 2
33 237
1 10 2
4 184
1 7 2
157 625
1 6 2
145 666
1 17 2
101 636
1 4 2
239 465
1 9 2
225 332
1 16 2
245 268
1 11 2
36 292
1 15 2
317 547
1 15 2
203 501
1 9 2
484 673
1 10 2
390 520
1 4 2
43 539
1 7 2
487 558
1 15 2
92 450
1 14 2
119 162
1 10 2
188 259
1 7 2
25 260
1 10 2
143 278
1 8 2
604 657
1 7 2
144 610
1 8 2
227 376
1 10 2
238 677
1 19 2
245 449
1 10 2
52 77
1 6 2
0 137
1 5 2
110 568
1 9 2
306 468
1 10 2
97 573
1 8 2
434 564
1 14 2
151 623
1 11 2
302 396
1 3 2
592 609
1 15 2
524 629
1 10 2
214 456
1 9 2
295 647
1 18 2
449 511
1 10 2
14 302
1 5 2
211 555
1 8 2
83 696
1 16 2
308 450
1 14 2
438 519
1 12 2
26 501
1 17 2
167 418
1 16 2
119 606
1 10 2
360 692
1 9 2
108 160
1 12 2
203 581
1 19 2
34 188
1 8 2
132 156
1 8 2
379 689
1 4 2
96 695
1 12 2
33 686
1 9 2
422 608
1 15 2
583 636
1 19 2
589 598
1 20 2
39 290
1 11 2
343 648
1 10 2
281 547
1 18 2
201 641
1 6 2
116 584
1 18 2
517 579
1 9 2
207 615
1 8 2
7 611
1 13 2
71 130
1 5 2
271 685
1 12 2
21 615
1 11 2
142 278
1 4 2
458 540
1 3 2
15 211
1 11 2
19 526
1 17 2
689 694
1 5 2
248 644
1 8 2
334 396
1 16 2
501 643
1 14 2
517 584
1 9 2
150 356
1 8 2
43 257
1 14 2
555 677
1 15 2
267 332
1 9 2
50 406
1 12 2
83 530
1 5 2
499 568
1 18 2
14 301
1 13 2
62 524
1 18 2
425 615
1 7 2
93 303
1 12 2
76 591
1 11 2
83 501
1 11 2
675 690
1 8 2
183 636
1 7 2
320 395
1 10 2
110 225
1 12 2
214 673
1 7 2
203 652
1 12 2
35 92
1 4 2
210 414
1 7 2
1 623
1 13 2
144 648
1 19 2
189 632
1 9 2
263 456
1 4 2
435 555
1 10 2
336 499
1 6 2
23 129
1 11 2
212 432
1 11 2
143 268
1 6 2
379 638
1 17 2
30 34
1 8 2
374 682
1 12 2
485 548
1 17 2
205 392
1 18 2
258 460
1 15 2
303 411
1 13 2
284 410
1 6 2
399 696
1 9 2
162 361
1 13 2
28 537
1 7 2
433 465
1 12 2
50 346
1 11 2
373 438
1 17 2
49 467
1 7 2
313 534
1 15 2
119 152
1 16 2
283 344
1 8 2
29 591
1 15 2
167 628
1 15 2
124 601
1 17 2
32 627
1 9 2
117 324
1 11 2
295 593
1 14 2
189 359
1 13 2
8 452
1 8 2
630 649
1 3 2
5 126
1 16 2
184 677
1 18 2
144 276
1 13 2
55 219
1 9 2
135 330
1 12 2
206 549
1 16 2
34 247
1 7 2
38 51
1 3 2
199 288
1 6 2
199 646
1 16 2
41 513
1 13 2
2 669
1 10 2
14 542
1 8 2
69 182
1 16 2
293 627
1 11 2
445 654
1 7 2
307 417
1 14 2
284 554
1 13 2
86 128
1 3 2
127 616
1 20 2
641 677
1 9 2
198 519
1 9 2
62 660
1 13 2
64 276
1 7 2
215 531
1 5 2
190 285
1 9 2
21 324
1 11 2
105 159
1 12 2
228 651
1 12 2
63 172
1 10 2
333 614
1 8 2
4 448
1 17 2
157 548
1 14 2
589 655
1 15 2
84 298
1 15 2
80 530
1 13 2
525 593
1 9 2
92 531
1 13 2
119 208
1 6 2
123 497
1 8 2
411 544
1 15 2
233 247
1 12 2
279 415
1 14 2
348 366
1 12 2
122 224
1 7 2
235 490
1 14 2
102 224
1 11 2
85 414
1 8 2
38 99
1 9 2
171 293
1 10 2
195 371
1 10 2
389 626
1 7 2
150 544
1 8 2
97 586
1 18 2
182 318
1 13 2
189 216
1 8 2
21 208
1 6 2
465 631
1 17 2
169 471
1 13 2
495 680
1 9 2
87 368
1 13 2
404 635
1 10 2
59 110
1 16 2
655 661
1 15 2
31 205
1 3 2
592 595
1 8 2
349 351
1 15 2
264 268
1 14 2
190 474
1 16 2
252 396
1 10 2
471 565
1 10 2
575 586
1 12 2
0 261
1 9 2
281 550
1 14 2
294 508
1 6 2
37 623
1 11 2
236 289
1 7 2
367 497
1 6 2
94 420
1 7 2
4 161
1 8 2
507 635
1 8 2
287 375
1 16 2
114 152
1 11 2
396 696
1 13 2
30 241
1 6 2
541 564
1 10 2
159 287
1 6 2
76 222
1 13 2
236 628
1 15 2
145 554
1 6 2
225 430
1 5 2
400 434
1 6 2
37 545
1 6 2
333 469
1 13 2
74 615
1 14 2
489 575
1 16 2
151 219
1 16 2
623 661
1 14 2
142 554
1 8 2
275 319
1 5 2
361 592
1 14 2
71 516
1 6 2
325 451
1 12 2
263 385
1 6 2
312 373
1 9 2
248 522
1 12 2
86 188
1 8 2
57 304
1 12 2
438 584
1 12 2
279 390
1 14 2
44 282
1 20 2
132 636
1 15 2
103 589
1 11 2
42 121
1 17 2
396 543
1 7 2
1 581
1 19 2
130 661
1 11 2
354 366
1 9 2
430 501
1 12 2
106 154
1 15 2
214 677
1 16 2
106 693
1 7 2
258 447
1 14 2
152 643
1 6 2
216 454
1 12 2
48 516
1 10 2
461 463
1 8 2
87 584
1 9 2
42 544
1 14 2
101 415
1 10 2
393 680
1 5 2
80 481
1 9 2
168 479
1 4 2
262 586
1 10 2
152 614
1 14 2
159 257
1 14 2
165 505
1 11 2
256 513
1 19 2
188 461
1 13 2
487 631
1 11 2
4 547
1 9 2
30 465
1 18 2
368 661
1 11 2
2 249
1 7 2
82 566
1 10 2
112 357
1 9 2
245 496
1 12 2
79 438
1 7 2
17 166
1 12 2
385 646
1 17 2
322 669
1 16 2
14 691
1 12 2
470 551
1 19 2
245 639
1 19 2
163 549
1 18 2
52 178
1 14 2
279 471
1 13 2
108 545
1 10 2
527 534
1 7 2
391 418
1 12 2
22 392
1 6 2
502 629
1 15 2
438 449
1 6 2
118 494
1 17 2
119 548
1 11 2
375 662
1 13 2
278 513
1 6 2
427 651
1 8 2
400 545
1 5 2
265 692
1 13 2
128 321
1 16 2
193 517
1 12 2
278 498
1 16 2
185 446
1 15 2
57 294
1 6 2
330 480
1 7 2
479 620
1 11 2
587 636
1 8 2
14 330
1 10 2
519 577
1 13 2
114 591
1 5 2
386 664
1 11 2
235 637
1 5 2
2 226
1 15 2
258 547
1 9 2
182 436
1 14 2
255 389
1 12 2
45 298
1 11 2
205 602
1 13 2
92 656
1 7 2
310 388
1 10 2
205 416
1 8 2
25 97
1 9 2
212 396
1 20 2
217 461
1 8 2
43 170
1 7 2
411 676
1 16 2
354 410
1 17 2
278 677
1 17 2
28 119
1 4 2
82 455
1 17 2
28 134
1 16 2
613 673
1 9 2
97 320
1 7 2
343 604
1 13 2
466 689
1 3 2
482 624
1 4 2
15 442
1 6 2
143 409
1 6 2
427 659
1 11 2
12 209
1 10 2
270 461
1 10 2
520 576
1 14 2
2 119
1 16 2
0 461
1 15 2
49 219
1 8 2
57 587
1 17 2
78 438
1 8 2
89 595
1 15 2
290 332
1 10 2
172 498
1 10 2
516 602
1 12 2
124 637
1 9 2
177 346
1 9 2
71 215
1 16 2
185 653
1 9 2
277 639
1 5 2
272 347
1 15 2
45 308
1 9 2
28 616
1 8 2
354 649
1 6 2
599 617
1 15 2
329 684
1 16 2
112 628
1 16 2
32 36
1 6 2
643 698
1 14 2
2 14
1 11 2
86 475
1 14 2
221 651
1 6 2
390 515
1 13 2
583 671
1 11 2
395 667
1 8 2
253 500
1 17 2
24 36
1 13 2
19 499
1 12 2
255 480
1 9 2
212 363
1 9 2
588 644
1 9 2
38 293
1 11 2
28 331
1 11 2
174 205
1 20 2
52 264
1 8 2
349 356
1 3 2
242 559
1 13 2
236 651
1 9 2
549 624
1 9 2
36 416
1 15 2
250 284
1 13 2
14 139
1 10 2
61 599
1 17 2
33 316
1 11 2
526 691
1 5 2
37 38
1 13 2
344 387
1 16 2
90 217
1 16 2
220 451
1 10 2
622 669
1 11 2
48 371
1 6 2
326 565
1 10 2
221 386
1 15 2
368 662
1 16 2
19 439
1 13 2
348 386
1 19 2
170 597
1 16 2
16 410
1 7 2
46 646
1 19 2
301 636
1 3 2
187 323
1 11 2
341 696
1 14 2
92 276
1 5 2
299 476
1 13 2
264 404
1 11 2
3 660
1 9 2
63 123
1 14 2
308 363
1 13 2
108 522
1 10 2
66 358
1 20 2
589 661
1 5 2
286 302
1 7 2
254 442
1 12 2
113 628
1 4 2
198 585
1 10 2
195 240
1 11 2
194 403
1 14 2
564 673
1 9 2
401 533
1 9 2
101 199
1 15 2
63 647
1 10 2
303 407
1 18 2
163 661
1 14 2
252 423
1 10 2
151 577
1 13 2
364 392
1 4 2
366 469
1 5 2
27 419
1 17 2
392 635
1 11 2
268 298
1 11 2
298 387
1 11 2
569 690
1 14 2
411 579
1 17 2
163 689
1 13 2
124 278
1 19 2
8 106
1 13 2
136 674
1 12 2
163 486
1 8 2
496 679
1 14 2
71 348
1 10 2
309 657
1 13 2
191 605
1 9 2
318 644
1 5 2
336 353
1 6 2
7 585
1 14 2
101 118
1 12 2
318 431
1 17 2
194 368
1 11 2
504 530
1 10 2
143 184
1 12 2
584 689
1 18 2
385 446
1 14 2
103 671
1 13 2
224 646
1 11 2
59 623
1 10 2
579 626
1 12 2
107 446
1 14 2
170 495
1 9 2
174 674
1 6 2
179 345
1 18 2
530 606
1 16 2
590 597
1 8 2
564 626
1 8 2
177 605
1 8 2
262 677
1 9 2
166 373
1 17 2
376 446
1 9 2
374 654
1 18 2
106 653
1 11 2
358 574
1 12 2
249 341
1 9 2
525 531
1 16 2
118 125
1 13 2
45 437
1 15 2
45 651
1 19 2
264 468
1 6 2
6 670
1 15 2
203 615
1 13 2
90 440
1 4 2
242 400
1 4 2
365 642
1 19 2
128 418
1 10 2
470 630
1 17 2
392 673
1 5 2
216 453
1 13 2
233 464
1 8 2
24 337
1 11 2
394 693
1 10 2
17 508
1 14 2
32 49
1 12 2
108 645
1 16 2
16 294
1 10 2
38 364
1 11 2
201 454
1 12 2
524 645
1 14 2
27 52
1 20 2
237 552
1 12 2
546 635
1 15 2
241 388
1 15 2
146 189
1 5 2
97 226
1 7 2
195 255
1 6 2
273 663
1 13 2
232 385
1 17 2
308 641
1 8 2
200 383
1 15 2
643 679
1 7 2
569 605
1 9 2
284 403
1 8 2
0 503
1 7 2
184 514
1 12 2
146 671
1 12 2
324 689
1 9 2
4 438
1 14 2
255 673
1 11 2
361 513
1 14 2
59 329
1 10 2
110 531
1 13 2
71 418
1 16 2
30 445
1 10 2
24 416
1 15 2
329 557
1 19 2
421 446
1 2 2
9 140
1 11 2
30 96
1 10 2
130 335
1 9 2
59 208
1 11 2
7 441
1 14 2
283 327
1 4 2
380 617
1 16 2
446 550
1 19 2
24 636
1 10 2
145 292
1 19 2
290 410
1 14 2
8 681
1 12 2
327 684
1 18 2
12 475
1 15 2
354 385
1 10 2
361 659
1 9 2
13 190
1 7 2
240 419
1 7 2
184 625
1 14 2
317 574
1 17 2
313 461
1 12 2
256 257
1 9 2
1 567
1 8 2
373 658
1 12 2
378 637
1 7 2
346 384
1 17 2
134 673
1 12 2
189 586
1 4 2
382 565
1 11 2
344 401
1 10 2
184 522
1 10 2
387 566
1 14 2
319 397
1 10 2
321 629
1 6 2
5 152
1 5 2
620 654
1 10 2
113 162
1 12 2
468 646
1 8 2
515 643
1 7 2
178 571
1 19 2
524 694
1 7 2
87 263
1 11 2
108 260
1 4 2
338 592
1 17 2
85 149
1 14 2
393 511
1 6 2
452 553
1 7 2
160 185
1 9 2
305 489
1 8 2
174 268
1 11 2
411 660
1 5 2
260 540
1 12 2
49 472
1 13 2
151 423
1 8 2
315 548
1 4 2
305 529
1 17 2
8 32
1 6 2
21 399
1 11 2
526 628
1 9 2
136 654
1 7 2
559 573
1 10 2
22 415
1 11 2
414 679
1 9 2
103 503
1 18 2
85 410
1 13 2
106 464
1 8 2
192 658
1 17 2
217 313
1 14 2
347 554
1 11 2
74 194
1 9 2
134 406
1 12 2
7 284
1 11 2
30 486
1 17 2
50 554
1 13 2
307 495
1 7 2
81 205
1 16 2
189 381
1 10 2
386 508
1 5 2
574 683
1 14 2
589 629
1 19 2
439 632
1 10 2
544 588
1 12 2
90 159
1 18 2
12 524
1 9 2
264 616
1 7 2
105 126
1 10 2
76 483
1 17 2
257 468
1 13 2
143 389
1 9 2
43 317
1 14 2
39 319
1 7 2
225 304
1 9 2
349 390
1 13 2
119 263
1 11 2
335 360
1 17 2
258 635
1 18 2
250 392
1 6 2
71 77
1 12 2
153 218
1 12 2
26 432
1 5 2
141 477
1 6 2
82 645
1 17 2
329 396
1 14 2
663 691
1 6 2
414 559
1 6 2
45 695
1 5 2
367 562
1 12 2
555 656
1 4 2
497 683
1 15 2
511 684
1 3 2
116 650
1 10 2
425 670
1 8 2
104 501
1 11 2
86 282
1 11 2
335 635
1 12 2
117 475
1 20 2
360 505
1 18 2
524 632
1 13 2
84 569
1 15 2
495 516
1 6 2
122 622
1 14 2
19 679
1 5 2
61 436
1 7 2
35 506
1 8 2
127 511
1 15 2
396 500
1 15 2
42 106
1 11 2
252 408
1 10 2
164 170
1 10 2
219 670
1 7 2
165 553
1 16 2
34 520
1 5 2
408 602
1 13 2
287 467
1 20 2
188 217
1 6 2
186 200
1 7 2
119 120
1 10 2
7 681
1 9 2
241 281
1 14 2
495 519
1 16 2
629 641
1 16 2
471 551
1 10 2
495 642
1 13 2
122 641
1 11 2
142 637
1 8 2
509 538
1 18 2
396 439
1 19 2
282 439
1 7 2
342 632
1 11 2
130 248
1 12 2
167 404
1 18 2
257 661
1 11 2
237 626
1 7 2
2 556
1 12 2
535 659
1 12 2
20 108
1 8 2
544 574
1 12 2
24 408
1 7 2
97 199
1 14 2
8 214
1 9 2
328 390
1 16 2
257 589
1 16 2
360 596
1 16 2
398 547
1 15 2
237 352
1 8 2
451 455
1 13 2
437 651
1 10 2
163 422
1 7 2
297 380
1 15 2
508 657
1 12 2
123 474
1 15 2
480 636
1 10 2
18 224
1 9 2
383 667
1 11 2
252 454
1 12 2
544 635
1 19 2
233 245
1 3 2
43 678
1 10 2
332 486
1 14 2
313 690
1 14 2
112 159
1 18 2
189 657
1 4 2
211 531
1 9 2
207 220
1 18 2
308 530
1 13 2
509 656
1 4 2
253 572
1 9 2
122 324
1 11 2
497 597
1 10 2
16 20
1 16 2
217 437
1 10 2
100 577
1 20 2
114 217
1 12 2
64 501
1 9 2
83 313
1 11 2
18 301
1 8 2
154 648
1 8 2
25 247
1 17 2
252 554
1 7 2
83 622
1 9 2
358 457
1 10 2
245 619
1 10 2
252 383
1 10 2
235 629
1 15 2
284 487
1 13 2
261 579
1 10 2
580 627
1 14 2
79 182
1 12 2
258 293
1 14 2
78 375
1 12 2
198 597
1 9 2
26 358
1 9 2
286 549
1 12 2
83 679
1 9 2
16 434
1 15 2
31 551
1 20 2
52 460
1 9 2
36 325
1 6 2
305 470
1 7 2
50 683
1 5 2
122 338
1 11 2
319 479
1 9 2
260 381
1 5 2
133 665
1 8 2
140 307
1 18 2
267 669
1 16 2
185 588
1 16 2
236 530
1 6 2
206 304
1 9 2
333 685
1 15 2
24 536
1 7 2
271 509
1 9 2
254 649
1 14 2
35 343
1 13 2
59 317
1 16 2
341 621
1 7 2
97 384
1 9 2
294 305
1 16 2
88 194
1 12 2
24 328
1 13 2
254 411
1 9 2
89 296
1 8 2
51 479
1 14 2
573 632
1 12 2
100 159
1 4 2
129 373
1 6 2
393 493
1 10 2
75 598
1 17 2
134 517
1 11 2
61 679
1 10 2
267 561
1 13 2
84 577
1 9 2
433 658
1 16 2
119 630
1 12 2
162 341
1 6 2
409 423
1 9 2
60 607
1 8 2
390 622
1 15 2
332 635
1 17 2
202 254
1 7 2
288 501
1 19 2
290 589
1 13 2
621 681
1 3 2
173 196
1 12 2
152 358
1 19 2
169 487
1 19 2
205 501
1 16 2
76 368
1 11 2
264 299
1 7 2
248 685
1 14 2
279 575
1 14 2
78 359
1 8 2
139 164
1 10 2
40 684
1 3 2
409 609
1 6 2
444 696
1 10 2
180 220
1 14 2
193 575
1 6 2
53 535
1 7 2
263 305
1 18 2
204 627
1 11 2
100 281
1 10 2
349 689
1 12 2
268 545
1 11 2
344 539
1 9 2
48 55
1 15 2
327 517
1 14 2
456 635
1 14 2
112 249
1 8 2
252 665
1 17 2
125 606
1 13 2
319 657
1 9 2
310 543
1 18 2
135 418
1 20 2
84 615
1 4 2
137 327
1 18 2
376 468
1 12 2
344 533
1 20 2
597 627
1 12 2
84 216
1 10 2
165 313
1 14 2
103 278
1 18 2
88 653
1 5 2
193 197
1 5 2
542 685
1 6 2
261 514
1 12 2
208 282
1 11 2
97 232
1 11 2
639 654
1 17 2
12 368
1 15 2
84 573
1 13 2
80 258
1 3 2
286 697
1 16 2
341 392
1 14 2
3 12
1 7 2
21 395
1 9 2
271 303
1 7 2
364 562
1 7 2
441 518
1 13 2
324 548
1 15 2
390 632
1 5 2
140 611
1 10 2
485 638
1 7 2
27 553
1 10 2
504 505
1 6 2
247 274
1 14 2
29 267
1 12 2
125 213
1 5 2
492 623
1 12 2
303 457
1 15 2
133 551
1 17 2
322 392
1 12 2
411 581
1 12 2
96 588
1 17 2
508 543
1 8 2
134 186
1 15 2
145 475
1 11 2
404 662
1 15 2
97 636
1 10 2
600 651
1 10 2
440 582
1 8 2
134 612
1 18 2
294 661
1 13 2
321 635
1 17 2
219 552
1 4 2
140 556
1 8 2
41 644
1 9 2
207 276
1 10 2
246 569
1 8 2
112 644
1 8 2
448 452
1 8 2
136 196
1 4 2
507 631
1 11 2
82 653
1 12 2
364 499
1 11 2
170 395
1 12 2
404 527
1 9 2
108 453
1 9 2
184 532
1 15 2
45 693
1 13 2
50 307
1 10 2
76 577
1 12 2
39 107
1 8 2
347 393
1 14 2
162 348
1 15 2
440 598
1 8 2
44 328
1 13 2
166 552
1 11 2
122 488
1 7 2
109 640
1 20 2
487 543
1 16 2
2 598
1 18 2
220 418
1 18 2
240 500
1 19 2
205 388
1 4 2
186 408
1 10 2
201 403
1 9 2
29 576
1 7 2
13 272
1 5 2
53 113
1 18 2
283 303
1 8 2
287 565
1 9 2
117 660
1 19 2
301 421
1 10 2
82 519
1 6 2
190 493
1 11 2
203 208
1 16 2
149 639
1 10 2
143 623
1 14 2
151 346
1 15 2
42 669
1 2 2
43 541
1 12 2
450 452
1 18 2
317 517
1 9 2
144 692
1 5 2
323 490
1 16 2
188 508
1 5 2
295 455
1 14 2
55 178
1 17 2
527 635
1 6 2
129 200
1 11 2
16 40
1 15 2
110 205
1 7 2
101 127
1 6 2
465 614
1 7 2
317 462
1 10 2
324 555
1 14 2
193 691
1 9 2
419 474
1 10 2
297 508
1 19 2
290 397
1 10 2
299 329
1 17 2
420 632
1 8 2
374 560
1 13 2
121 643
1 18 2
85 220
1 15 2
119 466
1 8 2
122 319
1 15 2
352 677
1 15 2
348 680
1 12 2
144 214
1 18 2
218 621
1 12 2
72 527
1 6 2
159 229
1 16 2
267 659
1 15 2
110 237
1 5 2
241 377
1 13 2
629 663
1 8 2
198 663
1 15 2
352 694
1 16 2
329 581
1 9 2
477 590
1 7 2
285 480
1 14 2
139 318
1 10 2
346 387
1 16 2
415 446
1 9 2
157 504
1 3 2
156 309
1 10 2
461 612
1 16 2
333 601
1 11 2
87 112
1 7 2
191 300
1 14 2
169 235
1 4 2
94 423
1 8 2
112 494
1 11 2
218 408
1 5 2
216 616
1 11 2
161 475
1 15 2
318 643
1 6 2
26 403
1 19 2
439 641
1 10 2
219 400
1 9 2
180 385
1 18 2
33 385
1 17 2
108 389
1 7 2
249 670
1 14 2
172 488
1 14 2
27 303
1 6 2
325 573
1 10 2
2 539
1 8 2
261 670
1 15 2
32 258
1 10 2
392 497
1 9 2
422 488
1 16 2
543 655
1 11 2
0 675
1 8 2
418 459
1 18 2
151 554
1 9 2
123 663
1 9 2
178 611
1 9 2
290 624
1 9 2
2 326
1 18 2
474 579
1 13 2
113 134
1 7 2
21 48
1 16 2
133 450
1 15 2
36 495
1 14 2
474 574
1 8 2
410 644
1 10 2
292 355
1 6 2
87 248
1 16 2
290 684
1 8 2
513 664
1 20 2
524 635
1 17 2
218 517
1 6 2
57 687
1 6 2
595 680
1 7 2
67 525
1 11 2
17 450
1 9 2
200 457
1 10 2
170 497
1 12 2
307 576
1 12 2
92 684
1 10 2
228 366
1 14 2
112 162
1 8 2
320 681
1 18 2
392 653
1 12 2
154 420
1 5 2
260 271
1 9 2
230 513
1 12 2
144 359
1 5 2
215 306
1 13 2
108 131
1 6 2
242 420
1 14 2
106 479
1 13 2
446 681
1 11 2
358 545
1 13 2
134 466
1 12 2
464 673
1 5 2
197 448
1 10 2
110 387
1 18 2
167 421
1 16 2
236 467
1 14 2
218 663
1 13 2
347 487
1 6 2
557 676
1 7 2
121 515
1 4 2
164 426
1 4 2
287 568
1 12 2
241 466
1 15 2
385 590
1 15 2
90 368
1 14 2
32 411
1 7 2
72 305
1 8 2
30 562
1 8 2
544 688
1 8 2
180 437
1 14 2
547 691
1 12 2
14 96
1 13 2
653 681
1 9 2
159 394
1 13 2
8 403
1 10 2
95 189
1 9 2
413 598
1 10 2
233 602
1 12 2
132 275
1 11 2
157 176
1 9 2
387 404
1 2 2
337 698
1 12 2
111 368
1 13 2
248 348
1 14 2
159 615
1 8 2
63 227
1 13 2
44 200
1 17 2
193 461
1 17 2
88 628
1 8 2
174 333
1 13 2
567 573
1 9 2
266 389
1 9 2
79 328
1 6 2
120 294
1 8 2
174 319
1 15 2
608 630
1 11 2
220 335
1 7 2
315 663
1 20 2
460 589
1 11 2
201 531
1 14 2
27 169
1 6 2
58 573
1 11 2
323 517
1 10 2
261 574
1 15 2
368 438
1 8 2
169 695
1 7 2
433 503
1 19 2
632 677
1 6 2
356 616
1 15 2
52 79
1 5 2
419 456
1 10 2
28 402
1 7 2
263 544
1 8 2
91 179
1 11 2
443 651
1 8 2
119 412
1 6 2
43 662
1 13 2
257 498
1 3 2
53 95
1 6 2
43 55
1 16 2
32 657
1 12 2
320 418
1 7 2
280 470
1 18 2
385 388
1 7 2
337 601
1 6 2
192 682
1 9 2
24 286
1 12 2
46 182
1 20 2
224 641
1 10 2
209 613
1 8 2
484 691
1 3 2
9 275
1 6 2
140 576
1 14 2
59 588
1 10 2
55 190
1 9 2
6 576
1 7 2
0 506
1 12 2
214 438
1 10 2
7 177
1 14 2
264 688
1 15 2
593 596
1 13 2
59 527
1 11 2
434 549
1 11 2
584 680
1 8 2
579 592
1 10 2
21 121
1 14 2
486 661
1 6 2
200 229
1 10 2
114 207
1 5 2
110 186
1 19 2
467 475
1 10 2
255 525
1 14 2
513 640
1 18 2
348 679
1 17 2
596 615
1 7 2
40 654
1 11 2
124 244
1 18 2
276 516
1 3 2
262 326
1 17 2
360 392
1 12 2
131 420
1 7 2
342 615
1 10 2
179 347
1 18 2
108 151
1 8 2
284 622
1 7 2
364 607
1 18 2
151 621
1 12 2
144 431
1 12 2
139 201
1 10 2
204 403
1 12 2
157 208
1 13 2
293 418
1 14 2
16 279
1 10 2
332 533
1 11 2
364 688
1 13 2
29 601
1 18 2
598 673
1 19 2
85 468
1 15 2
35 282
1 11 2
60 295
1 16 2
169 415
1 14 2
520 549
1 10 2
184 366
1 10 2
278 443
1 12 2
151 403
1 20 2
188 468
1 5 2
62 330
1 6 2
11 328
1 16 2
329 628
1 16 2
89 657
1 10 2
268 631
1 17 2
224 608
1 18 2
317 388
1 9 2
191 231
1 8 2
92 275
1 13 2
178 479
1 10 2
64 204
1 13 2
225 460
1 7 2
616 680
1 18 2
185 267
1 9 2
371 503
1 14 2
188 456
1 9 2
29 150
1 13 2
292 421
1 5 2
379 646
1 12 2
134 154
1 12 2
170 280
1 7 2
619 645
1 9 2
494 661
1 13 2
8 477
1 16 2
106 656
1 7 2
207 232
1 14 2
498 589
1 4 2
277 634
1 5 2
611 619
1 3 2
369 556
1 11 2
36 65
1 11 2
220 611
1 18 2
112 191
1 16 2
149 691
1 12 2
499 547
1 12 2
176 392
1 15 2
12 637
1 12 2
35 512
1 18 2
360 552
1 17 2
385 690
1 10 2
41 309
1 7 2
441 607
1 7 2
260 386
1 16 2
39 651
1 7 2
91 648
1 6 2
11 166
1 10 2
455 677
1 6 2
100 222
1 5 2
496 622
1 10 2
214 576
1 14 2
396 662
1 7 2
403 443
1 12 2
390 451
1 15 2
329 489
1 12 2
205 302
1 3 2
181 349
1 10 2
103 123
1 19 2
598 667
1 8 2
55 459
1 13 2
347 348
1 12 2
268 662
1 16 2
145 205
1 10 2
546 606
1 11 2
223 694
1 14 2
14 499
1 13 2
228 691
1 8 2
354 607
1 7 2
254 617
1 13 2
0 638
1 10 2
36 405
1 15 2
293 467
1 15 2
12 97
1 9 2
259 647
1 8 2
520 569
1 14 2
343 606
1 18 2
519 552
1 18 2
14 554
1 11 2
46 663
1 8 2
466 523
1 6 2
104 508
1 9 2
22 293
1 13 2
61 264
1 10 2
299 432
1 5 2
459 685
1 12 2
296 474
1 12 2
582 693
1 17 2
276 376
1 11 2
362 597
1 15 2
224 623
1 14 2
512 671
1 10 2
3 65
1 6 2
148 284
1 16 2
549 659
1 9 2
289 631
1 6 2
44 529
1 7 2
311 519
1 7 2
361 544
1 11 2
176 283
1 11 2
486 513
1 13 2
346 500
1 6 2
61 602
1 10 2
8 463
1 12 2
499 680
1 8 2
233 310
1 6 2
327 453
1 19 2
191 554
1 11 2
92 680
1 12 2
45 366
1 4 2
302 698
1 7 2
118 379
1 5 2
338 682
1 11 2
140 598
1 11 2
91 128
1 13 2
118 396
1 16 2
193 283
1 9 2
219 603
1 17 2
224 673
1 13 2
341 456
1 9 2
154 321
1 11 2
432 685
1 12 2
466 535
1 13 2
189 335
1 7 2
152 231
1 15 2
188 480
1 11 2
113 466
1 10 2
189 325
1 11 2
217 692
1 13 2
411 593
1 11 2
386 392
1 11 2
317 400
1 16 2
474 590
1 7 2
270 374
1 6 2
4 559
1 7 2
269 596
1 11 2
102 204
1 3 2
18 379
1 17 2
145 653
1 14 2
548 659
1 16 2
97 135
1 17 2
106 639
1 11 2
234 257
1 6 2
573 678
1 3 2
53 616
1 8 2
426 628
1 15 2
132 584
1 13 2
35 637
1 5 2
232 492
1 11 2
4 513
1 13 2
6 501
1 15 2
363 501
1 19 2
317 460
1 9 2
6 29
1 14 2
414 627
1 6 2
172 345
1 9 2
347 375
1 5 2
340 528
1 8 2
201 338
1 7 2
67 680
1 8 2
197 468
1 16 2
90 511
1 6 2
393 560
1 10 2
501 603
1 18 2
189 548
1 13 2
403 505
1 15 2
220 535
1 14 2
374 613
1 5 2
11 526
1 17 2
16 322
1 5 2
146 337
1 6 2
494 499
1 7 2
305 485
1 17 2
445 579
1 9 2
110 111
1 8 2
330 500
1 17 2
341 588
1 11 2
86 579
1 11 2
161 511
1 12 2
113 144
1 12 2
7 662
1 7 2
75 663
1 15 2
12 219
1 7 2
263 335
1 10 2
582 647
1 6 2
82 192
1 10 2
267 493
1 6 2
82 281
1 19 2
439 554
1 18 2
388 475
1 9 2
19 542
1 17 2
218 398
1 10 2
450 455
1 8 2
146 457
1 4 2
158 534
1 17 2
108 144
1 7 2
218 286
1 8 2
86 531
1 4 2
47 67
1 7 2
115 172
1 11 2
138 367
1 5 2
127 351
1 13 2
63 97
1 11 2
52 678
1 12 2
547 631
1 15 2
374 551
1 3 2
242 370
1 17 2
151 257
1 10 2
113 118
1 8 2
380 545
1 5 2
25 650
1 8 2
83 336
1 16 2
14 371
1 10 2
338 549
1 16 2
307 474
1 8 2
236 476
1 6 2
520 697
1 8 2
19 296
1 16 2
151 341
1 18 2
39 450
1 15 2
322 355
1 15 2
182 354
1 17 2
344 446
1 15 2
184 450
1 4 2
226 244
1 3 2
417 465
1 11 2
170 260
1 6 2
111 542
1 15 2
376 438
1 12 2
138 479
1 11 2
72 219
1 10 2
340 348
1 15 2
149 663
1 9 2
152 491
1 8 2
63 453
1 9 2
122 456
1 17 2
240 511
1 9 2
38 366
1 10 2
327 573
1 10 2
167 234
1 16 2
182 647
1 9 2
34 604
1 5 2
618 629
1 14 2
85 97
1 18 2
218 290
1 14 2
364 679
1 17 2
130 524
1 17 2
317 488
1 12 2
252 287
1 16 2
203 474
1 3 2
239 672
1 9 2
270 517
1 8 2
190 206
1 14 2
284 635
1 18 2
28 527
1 16 2
188 583
1 14 2
547 596
1 15 2
135 289
1 15 2
130 656
1 6 2
56 83
1 12 2
177 425
1 9 2
371 697
1 17 2
170 657
1 6 2
97 502
1 7 2
208 328
1 7 2
64 265
1 10 2
116 128
1 6 2
447 684
1 11 2
86 257
1 7 2
146 405
1 13 2
144 249
1 16 2
133 276
1 3 2
465 625
1 3 2
155 634
1 8 2
170 231
1 12 2
517 642
1 11 2
215 512
1 7 2
420 644
1 7 2
335 404
1 8 2
2 457
1 8 2
195 451
1 10 2
57 305
1 10 2
111 284
1 15 2
250 441
1 8 2
213 247
1 9 2
284 457
1 11 2
82 421
1 20 2
128 627
1 5 2
86 453
1 8 2
252 325
1 20 2
189 252
1 4 2
231 542
1 7 2
126 336
1 20 2
205 641
1 17 2
257 445
1 10 2
46 608
1 17 2
76 474
1 7 2
459 583
1 4 2
196 562
1 12 2
22 240
1 8 2
483 660
1 10 2
56 163
1 15 2
268 418
1 9 2
190 244
1 16 2
41 548
1 7 2
259 313
1 7 2
441 664
1 12 2
40 615
1 16 2
590 661
1 16 2
371 679
1 4 2
379 600
1 7 2
383 472
1 12 2
52 99
1 14 2
392 660
1 10 2
586 630
1 13 2
184 513
1 12 2
418 485
1 14 2
500 550
1 12 2
508 584
1 13 2
258 509
1 16 2
52 332
1 17 2
376 516
1 9 2
34 155
1 10 2
357 567
1 10 2
160 205
1 11 2
338 627
1 3 2
444 563
1 8 2
403 555
1 16 2
418 667
1 17 2
201 597
1 11 2
125 230
1 11 2
393 581
1 14 2
163 298
1 15 2
219 317
1 13 2
359 517
1 16 2
12 513
1 4 2
419 565
1 20 2
322 460
1 9 2
613 649
1 16 2
36 593
1 18 2
12 41
1 4 2
242 528
1 11 2
154 396
1 14 2
24 655
1 6 2
98 122
1 9 2
296 508
1 16 2
193 446
1 17 2
88 396
1 7 2
413 420
1 6 2
288 466
1 12 2
394 632
1 2 2
274 664
1 8 2
30 299
1 13 2
206 552
1 10 2
225 255
1 11 2
184 574
1 9 2
121 321
1 12 2
375 693
1 16 2
12 23
1 18 2
24 657
1 13 2
629 643
1 9 2
510 598
1 9 2
348 609
1 8 2
413 421
1 13 2
317 366
1 14 2
146 693
1 10 2
42 171
1 5 2
433 595
1 9 2
277 671
1 12 2
89 244
1 15 2
397 596
1 9 2
508 532
1 7 2
7 140
1 8 2
277 680
1 6 2
337 356
1 12 2
256 588
1 9 2
168 241
1 4 2
253 476
1 20 2
252 290
1 9 2
397 612
1 11 2
360 491
1 9 2
292 356
1 14 2
261 669
1 12 2
158 237
1 17 2
360 608
1 11 2
111 333
1 8 2
20 393
1 10 2
124 393
1 13 2
441 449
1 7 2
200 459
1 11 2
635 685
1 11 2
401 590
1 7 2
150 287
1 11 2
142 480
1 10 2
0 464
1 10 2
20 583
1 13 2
424 598
1 4 2
53 582
1 18 2
88 112
1 5 2
262 367
1 14 2
250 645
1 4 2
207 600
1 19 2
132 398
1 13 2
247 567
1 13 2
29 432
1 14 2
102 163
1 14 2
473 661
1 9 2
277 606
1 12 2
201 576
1 11 2
359 396
1 9 2
534 606
1 8 2
546 605
1 11 2
450 528
1 9 2
138 483
1 5 2
463 622
1 11 2
327 525
1 14 2
14 545
1 18 2
588 589
1 13 2
599 639
1 12 2
287 318
1 8 2
192 404
1 6 2
311 499
1 7 2
220 300
1 19 2
202 516
1 14 2
50 138
1 11 2
466 655
1 6 2
411 412
1 11 2
166 628
1 17 2
579 588
1 11 2
394 643
1 8 2
243 684
1 7 2
61 685
1 11 2
64 548
1 10 2
44 298
1 6 2
325 356
1 17 2
128 145
1 10 2
321 674
1 5 2
21 270
1 16 2
374 516
1 9 2
431 535
1 10 2
366 660
1 15 2
60 630
1 17 2
23 597
1 11 2
61 575
1 17 2
217 684
1 17 2
188 354
1 17 2
108 548
1 15 2
341 516
1 10 2
97 351
1 16 2
371 410
1 6 2
2 561
1 5 2
1 83
1 10 2
278 361
1 13 2
433 663
1 11 2
264 503
1 9 2
203 611
1 12 2
480 545
1 18 2
167 543
1 5 2
98 670
1 16 2
341 653
1 15 2
421 509
1 13 2
628 659
1 6 2
198 395
1 9 2
1 252
1 14 2
57 643
1 12 2
114 150
1 7 2
581 676
1 11 2
552 619
1 5 2
166 272
1 6 2
327 529
1 7 2
179 230
1 20 2
329 461
1 11 2
522 651
1 8 2
264 310
1 7 2
117 297
1 10 2
264 405
1 19 2
301 450
1 9 2
239 392
1 7 2
244 572
1 8 2
301 698
1 3 2
578 624
1 4 2
75 458
1 11 2
147 184
1 9 2
60 678
1 20 2
163 224
1 19 2
205 398
1 12 2
445 546
1 12 2
103 605
1 15 2
371 590
1 7 2
65 675
1 14 2
575 606
1 15 2
348 509
1 11 2
144 302
1 19 2
250 388
1 13 2
52 289
1 10 2
213 360
1 18 2
397 621
1 10 2
46 121
1 5 2
54 472
1 14 2
267 477
1 12 2
404 516
1 13 2
341 374
1 15 2
24 623
1 6 2
87 304
1 15 2
381 615
1 6 2
122 383
1 17 2
267 519
1 18 2
552 667
1 8 2
39 339
1 12 2
282 473
1 6 2
183 344
1 7 2
136 306
1 6 2
359 399
1 13 2
320 543
1 6 2
25 223
1 7 2
153 380
1 15 2
12 660
1 13 2
4 191
1 12 2
276 681
1 8 2
334 643
1 8 2
165 375
1 11 2
591 651
1 8 2
538 637
1 17 2
24 136
1 7 2
315 381
1 12 2
252 347
1 16 2
418 689
1 7 2
244 654
1 14 2
80 548
1 6 2
122 646
1 17 2
268 530
1 7 2
123 361
1 14 2
240 255
1 9 2
110 190
1 10 2
549 616
1 13 2
336 348
1 16 2
50 593
1 15 2
172 677
1 19 2
34 669
1 18 2
691 694
1 8 2
343 459
1 11 2
3 599
1 10 2
490 567
1 6 2
63 492
1 6 2
115 215
1 6 2
42 175
1 9 2
217 644
1 11 2
403 613
1 13 2
401 501
1 9 2
349 358
1 8 2
247 523
1 5 2
56 686
1 12 2
16 27
1 17 2
55 552
1 11 2
178 321
1 14 2
324 446
1 13 2
354 480
1 16 2
80 677
1 11 2
367 590
1 7 2
137 551
1 18 2
108 276
1 11 2
34 682
1 10 2
213 693
1 8 2
51 472
1 16 2
348 508
1 3 2
342 572
1 20 2
28 224
1 4 2
330 577
1 19 2
39 385
1 9 2
76 649
1 13 2
65 677
1 6 2
471 570
1 9 2
436 551
1 12 2
177 182
1 15 2
460 499
1 15 2
276 535
1 17 2
169 656
1 6 2
72 594
1 11 2
202 559
1 13 2
103 355
1 20 2
474 524
1 15 2
135 236
1 9 2
318 592
1 12 2
373 418
1 13 2
254 293
1 11 2
313 574
1 7 2
76 266
1 13 2
414 598
1 11 2
206 593
1 11 2
362 549
1 11 2
333 390
1 9 2
269 627
1 19 2
303 505
1 13 2
52 582
1 14 2
159 388
1 7 2
95 284
1 13 2
642 677
1 11 2
59 118
1 8 2
113 486
1 9 2
534 608
1 15 2
44 543
1 10 2
281 656
1 19 2
432 524
1 13 2
105 282
1 13 2
200 671
1 10 2
351 441
1 13 2
149 573
1 20 2
460 551
1 18 2
134 598
1 5 2
302 678
1 14 2
16 519
1 12 2
44 495
1 18 2
39 371
1 12 2
34 168
1 15 2
35 157
1 8 2
90 670
1 4 2
428 569
1 9 2
73 482
1 17 2
237 471
1 9 2
460 604
1 13 2
79 268
1 15 2
390 460
1 14 2
292 461
1 8 2
491 640
1 12 2
48 218
1 8 2
247 611
1 13 2
366 627
1 15 2
308 608
1 19 2
8 24
1 12 2
50 247
1 9 2
497 656
1 3 2
482 562
1 6 2
210 218
1 12 2
206 301
1 6 2
576 616
1 8 2
203 646
1 6 2
288 671
1 14 2
89 680
1 17 2
106 643
1 11 2
76 280
1 12 2
354 684
1 11 2
214 284
1 13 2
7 690
1 14 2
57 63
1 8 2
234 464
1 9 2
157 399
1 9 2
601 634
1 12 2
154 691
1 7 2
170 345
1 11 2
205 350
1 14 2
42 606
1 10 2
57 165
1 11 2
168 194
1 9 2
16 91
1 9 2
380 638
1 4 2
209 571
1 6 2
489 507
1 7 2
2 18
1 7 2
140 533
1 12 2
488 605
1 17 2
76 108
1 9 2
145 422
1 5 2
362 490
1 10 2
257 602
1 8 2
434 557
1 11 2
165 656
1 14 2
45 509
1 14 2
57 674
1 6 2
559 600
1 5 2
275 323
1 3 2
426 652
1 10 2
83 691
1 13 2
72 264
1 7 2
327 682
1 9 2
0 594
1 9 2
315 677
1 12 2
45 423
1 5 2
131 269
1 10 2
118 675
1 6 2
15 26
1 5 2
65 612
1 15 2
132 437
1 9 2
78 442
1 19 2
322 549
1 17 2
30 653
1 14 2
88 660
1 13 2
248 554
1 14 2
348 456
1 13 2
278 441
1 18 2
410 450
1 11 2
138 591
1 14 2
30 651
1 20 2
552 661
1 14 2
355 396
1 7 2
415 459
1 3 2
187 553
1 13 2
278 307
1 5 2
490 544
1 13 2
143 615
1 13 2
204 637
1 5 2
143 312
1 5 2
271 646
1 10 2
292 691
1 10 2
18 621
1 8 2
23 580
1 15 2
389 437
1 7 2
55 676
1 14 2
448 475
1 13 2
49 298
1 4 2
207 686
1 7 2
145 148
1 11 2
327 451
1 12 2
39 477
1 8 2
16 644
1 11 2
42 147
1 12 2
143 657
1 12 2
61 589
1 14 2
256 543
1 18 2
85 317
1 10 2
642 691
1 6 2
158 215
1 10 2
487 504
1 6 2
44 515
1 11 2
341 526
1 8 2
284 619
1 12 2
32 61
1 12 2
38 89
1 12 2
381 433
1 9 2
281 495
1 17 2
439 651
1 5 2
484 622
1 12 2
279 495
1 18 2
513 641
1 9 2
333 577
1 8 2
347 605
1 18 2
14 322
1 16 2
218 376
1 8 2
195 581
1 11 2
42 638
1 12 2
573 637
1 8 2
23 312
1 15 2
50 252
1 6 2
154 459
1 20 2
151 217
1 7 2
98 154
1 15 2
157 308
1 17 2
89 588
1 10 2
414 671
1 10 2
200 403
1 6 2
93 201
1 20 2
233 524
1 6 2
263 422
1 15 2
184 468
1 17 2
201 669
1 18 2
112 475
1 11 2
411 681
1 9 2
131 324
1 20 2
73 267
1 14 2
247 579
1 13 2
169 349
1 17 2
501 589
1 8 2
28 482
1 6 2
230 478
1 11 2
34 357
1 11 2
102 246
1 6 2
21 587
1 16 2
601 671
1 10 2
39 174
1 10 2
196 635
1 7 2
57 412
1 12 2
42 660
1 15 2
508 690
1 20 2
233 627
1 8 2
110 304
1 8 2
156 589
1 13 2
45 121
1 11 2
38 333
1 17 2
144 421
1 6 2
482 623
1 11 2
309 661
1 4 2
117 211
1 15 2
16 119
1 8 2
84 462
1 11 2
14 452
1 9 2
86 332
1 6 2
146 463
1 18 2
220 376
1 5 2
411 447
1 11 2
122 513
1 6 2
194 469
1 15 2
159 445
1 13 2
38 657
1 10 2
131 662
1 17 2
32 468
1 13 2
24 473
1 9 2
50 51
1 11 2
4 363
1 11 2
258 642
1 9 2
416 488
1 14 2
108 509
1 15 2
267 441
1 6 2
23 442
1 15 2
178 418
1 14 2
42 667
1 13 2
327 475
1 9 2
265 663
1 16 2
348 354
1 11 2
326 579
1 5 2
13 666
1 6 2
373 399
1 5 2
13 251
1 12 2
554 577
1 7 2
138 416
1 15 2
567 651
1 4 2
69 483
1 9 2
403 662
1 8 2
467 521
1 11 2
32 367
1 6 2
571 629
1 13 2
475 533
1 5 2
383 619
1 11 2
527 686
1 17 2
24 547
1 9 2
96 247
1 3 2
436 518
1 18 2
19 84
1 16 2
509 627
1 11 2
233 295
1 7 2
159 238
1 15 2
124 303
1 11 2
4 182
1 13 2
237 380
1 17 2
450 667
1 13 2
252 263
1 6 2
238 536
1 10 2
98 303
1 11 2
317 372
1 8 2
315 376
1 6 2
219 698
1 13 2
368 684
1 14 2
346 418
1 18 2
8 157
1 8 2
4 208
1 8 2
415 453
1 12 2
437 509
1 11 2
103 631
1 3 2
607 625
1 3 2
305 377
1 14 2
125 235
1 7 2
260 486
1 15 2
119 651
1 11 2
19 423
1 9 2
220 609
1 5 2
154 624
1 20 2
78 543
1 7 2
6 140
1 20 2
290 653
1 5 2
559 587
1 7 2
324 491
1 8 2
184 538
1 9 2
18 601
1 14 2
92 449
1 10 2
456 555
1 7 2
192 216
1 15 2
142 446
1 11 2
403 674
1 14 2
184 527
1 6 2
53 599
1 10 2
336 651
1 8 2
41 529
1 16 2
218 389
1 14 2
108 162
1 14 2
425 535
1 13 2
471 638
1 14 2
170 184
1 7 2
282 541
1 8 2
524 563
1 12 2
73 642
1 13 2
124 344
1 13 2
138 495
1 15 2
35 169
1 14 2
450 555
1 12 2
394 468
1 8 2
143 206
1 10 2
245 556
1 14 2
23 134
1 8 2
191 419
1 5 2
296 491
1 7 2
263 275
1 20 2
8 597
1 13 2
90 268
1 6 2
334 403
1 18 2
128 489
1 7 2
90 238
1 17 2
254 516
1 13 2
235 257
1 16 2
363 579
1 14 2
509 608
1 7 2
164 328
1 15 2
76 145
1 14 2
398 411
1 9 2
45 350
1 7 2
74 216
1 10 2
79 166
1 9 2
647 692
1 12 2
60 225
1 8 2
45 259
1 8 2
7 542
1 14 2
60 591
1 14 2
134 629
1 17 2
101 461
1 4 2
444 453
1 11 2
629 640
1 12 2
268 550
1 6 2
304 401
1 4 2
58 523
1 5 2
465 565
1 6 2
401 634
1 10 2
126 396
1 7 2
316 365
1 20 2
220 661
1 14 2
101 596
1 11 2
98 233
1 9 2
23 611
1 7 2
68 501
1 15 2
31 516
1 11 2
130 646
1 11 2
145 293
1 10 2
178 670
1 14 2
57 134
1 10 2
190 249
1 16 2
188 596
1 14 2
278 508
1 17 2
28 344
1 10 2
79 473
1 5 2
332 507
1 8 2
456 614
1 7 2
284 562
1 16 2
157 258
1 4 2
295 664
1 10 2
257 483
1 18 2
119 282
1 10 2
244 574
1 7 2
253 508
1 13 2
92 343
1 18 2
276 421
1 8 2
340 590
1 9 2
0 299
1 9 2
620 628
1 9 2
388 540
1 6 2
249 578
1 6 2
321 518
1 20 2
543 627
1 10 2
113 284
1 15 2
241 487
1 10 2
188 455
1 11 2
414 488
1 19 2
205 329
1 14 2
16 133
1 15 2
489 588
1 10 2
184 336
1 9 2
176 660
1 15 2
188 437
1 6 2
244 455
1 18 2
191 303
1 7 2
313 510
1 14 2
637 643
1 7 2
138 529
1 10 2
238 460
1 9 2
281 557
1 7 2
653 695
1 12 2
411 437
1 7 2
249 560
1 4 2
111 197
1 12 2
530 572
1 9 2
363 586
1 19 2
119 677
1 3 2
353 602
1 15 2
151 637
1 13 2
40 524
1 7 2
345 679
1 19 2
371 446
1 10 2
531 651
1 20 2
112 217
1 10 2
287 378
1 18 2
410 601
1 6 2
580 648
1 17 2
135 333
1 16 2
151 656
1 4 2
292 447
1 5 2
18 565
1 10 2
51 471
1 11 2
587 677
1 10 2
214 688
1 15 2
236 621
1 11 2
546 589
1 8 2
180 508
1 8 2
392 625
1 5 2
222 415
1 7 2
85 300
1 20 2
34 276
1 13 2
278 440
1 8 2
118 611
1 11 2
346 651
1 8 2
256 569
1 16 2
145 169
1 15 2
348 688
1 14 2
60 356
1 14 2
261 410
1 13 2
359 530
1 10 2
18 329
1 10 2
4 57
1 14 2
232 593
1 4 2
5 631
1 9 2
153 390
1 16 2
79 517
1 11 2
228 381
1 7 2
75 333
1 7 2
170 210
1 4 2
196 430
1 11 2
569 657
1 9 2
177 631
1 14 2
387 488
1 12 2
265 554
1 6 2
287 633
1 7 2
58 628
1 14 2
346 460
1 12 2
516 658
1 8 2
168 355
1 15 2
512 639
1 6 2
5 49
1 11 2
51 527
1 18 2
60 511
1 13 2
143 318
1 13 2
190 439
1 7 2
173 657
1 11 2
86 575
1 13 2
49 680
1 6 2
340 478
1 18 2
294 446
1 9 2
73 515
1 9 2
214 249
1 9 2
66 241
1 11 2
99 388
1 11 2
685 693
1 11 2
33 213
1 15 2
59 78
1 6 2
472 652
1 6 2
569 577
1 6 2
525 561
1 18 2
28 106
1 15 2
152 615
1 7 2
213 235
1 7 2
194 242
1 16 2
125 456
1 13 2
583 628
1 12 2
6 294
1 12 2
27 643
1 15 2
387 439
1 10 2
184 473
1 5 2
2 666
1 19 2
432 501
1 12 2
130 472
1 18 2
246 460
1 15 2
389 640
1 3 2
207 612
1 4 2
330 685
1 6 2
483 532
1 20 2
205 224
1 8 2
360 447
1 18 2
194 677
1 13 2
100 381
1 13 2
76 433
1 14 2
252 535
1 16 2
218 606
1 12 2
61 257
1 18 2
108 220
1 16 2
28 30
1 10 2
352 393
1 12 2
48 106
1 5 2
256 430
1 16 2
118 135
1 13 2
473 636
1 15 2
144 581
1 10 2
279 328
1 8 2
456 476
1 13 2
30 480
1 3 2
380 666
1 8 2
16 459
1 10 2
579 699
1 10 2
0 216
1 11 2
402 552
1 12 2
640 655
1 12 2
508 637
1 10 2
206 241
1 8 2
100 416
1 15 2
324 694
1 8 2
328 539
1 5 2
631 672
1 11 2
44 525
1 5 2
156 172
1 7 2
386 403
1 3 2
331 428
1 14 2
193 608
1 14 2
121 264
1 15 2
480 673
1 8 2
56 333
1 16 2
188 415
1 13 2
28 139
1 7 2
3 116
1 19 2
85 446
1 16 2
28 185
1 15 2
421 684
1 16 2
34 35
1 1 2
183 210
1 12 2
64 106
1 13 2
142 205
1 15 2
221 343
1 12 2
57 298
1 10 2
95 276
1 11 2
351 691
1 9 2
144 405
1 11 2
114 309
1 9 2
255 320
1 10 2
142 255
1 13 2
31 247
1 13 2
401 653
1 13 2
143 189
1 6 2
522 578
1 12 2
233 491
1 4 2
175 544
1 17 2
329 398
1 5 2
356 391
1 13 2
596 655
1 11 2
71 480
1 13 2
42 489
1 7 2
556 564
1 18 2
112 445
1 12 2
151 565
1 11 2
276 620
1 7 2
304 321
1 7 2
235 587
1 12 2
395 446
1 12 2
103 533
1 9 2
540 549
1 12 2
185 472
1 4 2
605 665
1 15 2
16 167
1 9 2
505 585
1 12 2
100 535
1 12 2
102 466
1 19 2
128 130
1 12 2
38 606
1 8 2
384 471
1 13 2
149 499
1 14 2
512 630
1 7 2
330 512
1 6 2
386 620
1 12 2
126 189
1 9 2
420 682
1 4 2
43 292
1 16 2
149 551
1 7 2
7 465
1 13 2
485 615
1 10 2
160 191
1 9 2
169 417
1 14 2
250 393
1 12 2
105 418
1 8 2
32 334
1 14 2
245 522
1 12 2
23 520
1 11 2
216 549
1 20 2
189 511
1 9 2
219 458
1 9 2
397 592
1 12 2
332 647
1 14 2
97 157
1 12 2
224 399
1 8 2
355 491
1 11 2
343 349
1 9 2
358 681
1 16 2
237 437
1 11 2
432 686
1 19 2
135 264
1 4 2
504 534
1 18 2
543 579
1 14 2
89 146
1 11 2
198 589
1 4 2
40 382
1 13 2
217 569
1 11 2
219 582
1 6 2
67 464
1 5 2
83 409
1 8 2
482 669
1 11 2
323 549
1 9 2
140 613
1 9 2
160 188
1 7 2
26 143
1 12 2
112 165
1 13 2
145 628
1 15 2
343 516
1 12 2
64 657
1 9 2
133 686
1 8 2
196 637
1 15 2
236 318
1 9 2
24 482
1 7 2
434 631
1 13 2
200 508
1 18 2
220 567
1 11 2
112 675
1 8 2
399 441
1 12 2
302 601
1 10 2
157 212
1 2 2
104 377
1 18 2
169 318
1 11 2
209 303
1 15 2
679 684
1 8 2
54 661
1 16 2
548 628
1 3 2
211 634
1 4 2
207 454
1 19 2
487 527
1 5 2
463 614
1 9 2
23 98
1 8 2
40 681
1 16 2
189 557
1 14 2
179 420
1 10 2
285 505
1 11 2
143 647
1 19 2
88 627
1 15 2
637 693
1 5 2
266 574
1 11 2
305 500
1 8 2
25 65
1 13 2
303 347
1 8 2
48 645
1 15 2
204 516
1 10 2
6 479
1 11 2
350 460
1 14 2
640 693
1 4 2
66 570
1 12 2
144 293
1 5 2
77 292
1 20 2
385 543
1 11 2
2 79
1 10 2
508 642
1 9 2
361 688
1 11 2
192 689
1 11 2
171 200
1 3 2
67 562
1 8 2
244 600
1 9 2
399 512
1 14 2
147 505
1 3 2
198 311
1 8 2
201 563
1 13 2
308 550
1 13 2
32 637
1 7 2
395 464
1 9 2
323 438
1 6 2
25 123
1 16 2
49 690
1 3 2
160 625
1 10 2
589 594
1 14 2
149 613
1 10 2
588 682
1 9 2
118 302
1 7 2
242 257
1 12 2
344 359
1 8 2
318 529
1 16 2
33 674
1 16 2
283 489
1 12 2
205 622
1 7 2
441 692
1 19 2
224 282
1 9 2
25 138
1 11 2
593 642
1 11 2
358 688
1 15 2
89 130
1 17 2
301 690
1 10 2
135 459
1 17 2
420 677
1 9 2
10 511
1 10 2
219 646
1 9 2
24 271
1 11 2
65 396
1 11 2
255 387
1 12 2
17 290
1 7 2
519 664
1 6 2
226 313
1 13 2
132 614
1 15 2
172 224
1 10 2
446 514
1 9 2
421 563
1 5 2
5 228
1 8 2
7 91
1 8 2
109 635
1 11 2
303 424
1 8 2
265 495
1 11 2
32 569
1 17 2
12 691
1 14 2
279 513
1 10 2
230 621
1 5 2
165 231
1 8 2
139 486
1 16 2
12 341
1 18 2
114 657
1 13 2
131 276
1 18 2
28 233
1 12 2
321 691
