700 4200 2100
5 5 22 5 21 8 19 5 17 17 9 24 25 5 25 19 24 10 15 7 13 6 9 16 7 25 16 25 6 13 6 20 15 16 13 20 13 14 22 15 5 21 16 9 15 13 8 24 10 10 15 22 15 13 16 11 17 14 11 23 22 13 22 19 25 24 18 5 18 12 10 17 23 22 8 20 23 6 15 13 8 24 6 8 23 15 6 20 16 15 21 6 7 11 15 24 12 18 23 19 17 5 24 17 25 6 5 16 22 19 13 19 12 6 19 15 25 19 24 25 5 10 12 14 9 16 16 18 7 19 14 20 15 5 12 8 24 23 14 14 15 24 23 13 10 17 19 24 22 9 18 17 17 7 25 11 12 21 24 16 16 9 19 13 6 5 8 20 15 16 24 9 8 20 21 20 19 24 20 24 9 10 16 25 10 6 9 17 9 21 17 20 18 14 24 14 11 10 25 8 23 12 7 10 15 23 7 24 7 17 19 25 7 7 11 14 23 18 13 18 19 24 6 8 25 14 7 5 15 22 20 8 21 16 6 13 8 12 24 9 16 5 11 20 25 15 7 5 21 21 24 22 25 18 23 9 13 5 8 7 6 16 22 23 16 11 24 19 11 24 24 12 21 11 15 21 9 17 13 20 21 25 21 14 23 19 7 8 13 13 8 11 24 10 6 16 21 10 20 5 23 22 12 20 23 16 22 15 12 8 18 15 23 19 12 18 9 19 11 23 12 16 25 21 17 20 11 20 16 7 22 15 9 22 6 13 21 25 7 6 20 15 7 11 23 5 24 21 5 15 16 23 23 12 6 8 22 15 14 9 6 19 23 16 22 8 13 5 24 13 16 14 13 23 11 8 24 24 11 18 19 15 7 6 18 9 15 9 18 20 7 12 21 19 20 5 10 14 7 19 5 11 16 24 11 23 18 20 13 9 8 18 21 18 24 11 17 5 6 23 22 7 17 5 5 7 21 15 12 9 17 12 25 18 7 16 25 11 10 23 6 12 19 12 11 13 25 20 8 18 8 6 20 10 17 10 14 10 23 23 7 9 6 23 13 9 13 12 9 15 20 19 8 16 18 24 14 10 10 9 14 15 13 24 14 19 16 24 24 6 7 18 12 22 8 14 23 12 17 23 16 16 13 19 21 18 20 5 12 23 18 13 23 10 7 14 11 17 12 18 5 14 18 19 7 9 10 13 14 25 14 20 12 6 22 10 22 19 10 7 9 9 21 17 5 14 25 25 7 18 15 13 11 13 19 18 11 20 10 25 8 25 14 20 18 6 20 19 14 22 24 22 11 13 16 18 22 20 20 14 6 5 25 17 6 18 16 12 18 6 14 7 6 8 22 5 19 18 15 9 7 24 21 25 9 16 12 13 16 18 24 6 11 12 17 22 20 25 17 16 16 13 17 19 12 8 7 16 15 22 7 7 23 15 11 16 24 20 10 20 15 5 18 7 11 19 23 20 14 16 24 18 21 8 24 15 15 10 12 13 19 19 24 10 6 9 20 17 25 14 21 10 5 11 13 19 17 21 22 25 19 10 23 24 17 15 14 19 20 16 12 24 8 24 18 10 5 9 13 16
14 12 15 17 10 20 18 3 13 4 6 19 18 17 19 17 3 10 19 5 20 18 15 5 7 3 18 14 6 7 9 13 8 15 6 3 4 12 11 5 17 17 6 8 20 14 9 5 6 13 18 4 16 15 13 10 3 18 17 4 9 5 14 5 13 20 11 6 4 14 10 15 11 7 3 18 20 4 12 13 16 20 11 19 9 18 16 3 13 20 15 5 16 18 18 9 4 7 18 13 20 18 18 17 12 17 10 13 14 5 7 14 18 17 8 19 16 19 6 18 7 9 19 6 9 20 19 8 17 12 8 10 17 8 15 7 16 9 11 15 6 19 10 15 5 17 15 5 5 9 17 16 8 17 19 10 4 16 8 12 20 5 13 12 18 18 3 11 20 5 14 18 3 4 5 18 14 5 9 17 12 3 18 20 6 18 4 7 14 14 6 19 18 9 10 20 3 14 15 10 17 10 10 20 8 8 6 14 6 13 3 14 12 8 7 15 7 14 15 10 16 6 18 20 15 15 16 3 8 4 13 9 12 11 16 7 20 10 5 6 19 4 16 17 11 10 19 4 16 11 19 14 11 18 5 11 5 10 20 14 6 3 9 3 20 15 12 20 17 6 13 3 14 3 4 5 20 14 14 20 10 20 9 6 3 20 16 20 8 8 4 10 20 15 7 12 11 9 20 11 7 9 4 17 16 12 14 17 8 9 14 4 15 18 8 9 19 11 14 15 5 7 13 10 12 16 12 5 5 16 6 17 10 20 5 7 12 15 20 12 3 13 6 11 4 20 10 20 19 15 20 10 13 18 9 8 3 6 19 5 11 16 3 18 19 12 15 4 19 19 17 12 13 7 11 4 19 12 19 15 8 5 19 7 16 13 3 9 13 12 11 12 4 14 17 9 20 19 14 5 20 4 19 12 12 14 17 19 5 8 13 8 18 13 15 13 18 5 9 5 11 5 17 5 9 17 11 19 14 12 20 20 8 9 7 3 4 19 14 3 5 13 10 19 9 16 15 12 17 15 15 8 12 4 17 11 7 3 13 17 16 12 17 10 13 5 17 7 14 18 3 3 15 16 15 19 3 4 7 8 13 7 15 17 20 4 18 14 9 3 5 11 12 3 17 12 4 3 10 3 5 13 19 14 18 5 6 7 11 11 7 10 8 16 15 9 18 11 7 4 18 9 11 17 19 10 20 16 20 4 20 8 15 6 6 15 20 13 7 15 20 17 3 8 13 10 7 16 7 18 16 7 10 18 14 8 14 5 13 8 3 3 3 16 4 13 18 9 16 10 20 8 3 9 17 13 16 16 15 15 17 18 7 16 15 20 10 6 18 12 5 20 3 15 16 17 19 16 12 5 17 10 6 13 9 16 20 8 5 11 19 8 16 4 9 16 11 12 18 8 5 20 3 15 12 17 9 18 14 3 11 19 8 19 10 19 17 6 4 19 13 17 7 12 19 10 4 14 18 4 12 12 8 16 18 14 3 18 3 14 10 8 15 20 19 19 8 18 17 18 11 5 17 3 18 13 9 5 20 18 10 14 10 19 8 14 15 13 16 10 19 13 15 18 18 13 13 8 19 13
1 10 2
230 278
1 19 2
179 270
1 7 2
289 357
1 8 2
98 630
1 15 2
127 683
1 9 2
385 487
1 6 2
143 669
1 14 2
298 571
1 18 2
547 670
1 9 2
329 662
1 9 2
510 590
1 8 2
231 536
1 18 2
12 301
1 5 2
160 332
1 9 2
62 587
1 16 2
16 680
1 11 2
200 562
1 12 2
169 678
1 11 2
79 137
1 6 2
101 272
1 16 2
108 263
1 8 2
264 476
1 13 2
78 141
1 11 2
569 590
1 4 2
69 297
1 10 2
125 500
1 9 2
263 316
1 4 2
222 372
1 17 2
116 542
1 7 2
233 343
1 10 2
317 481
1 17 2
137 364
1 20 2
81 337
1 7 2
135 594
1 10 2
97 633
1 16 2
41 458
1 8 2
187 674
1 11 2
198 526
1 18 2
646 650
1 7 2
311 408
1 17 2
266 330
1 13 2
229 605
1 12 2
296 633
1 14 2
108 313
1 14 2
512 660
1 9 2
126 328
1 12 2
243 651
1 3 2
513 630
1 11 2
487 673
1 13 2
173 505
1 8 2
54 350
1 12 2
249 295
1 10 2
262 391
1 11 2
484 557
1 19 2
304 547
1 9 2
319 663
1 9 2
288 567
1 11 2
619 623
1 8 2
100 521
1 5 2
213 386
1 13 2
324 615
1 14 2
405 411
1 14 2
637 675
1 8 2
362 653
1 6 2
285 460
1 8 2
469 627
1 13 2
132 170
1 13 2
310 347
1 7 2
215 640
1 10 2
187 315
1 19 2
269 654
1 4 2
341 400
1 10 2
357 549
1 12 2
47 53
1 18 2
487 632
1 13 2
6 557
1 9 2
200 409
1 14 2
373 522
1 6 2
21 542
1 11 2
224 378
1 15 2
116 660
1 5 2
53 135
1 8 2
120 603
1 12 2
47 579
1 11 2
89 470
1 5 2
242 612
1 5 2
78 188
1 13 2
394 503
1 5 2
350 461
1 18 2
211 439
1 17 2
529 616
1 7 2
132 372
1 12 2
141 195
1 7 2
146 387
1 11 2
364 669
1 14 2
356 564
1 4 2
214 665
1 15 2
249 646
1 10 2
205 335
1 6 2
240 268
1 6 2
143 518
1 7 2
240 467
1 20 2
376 547
1 18 2
483 576
1 17 2
337 447
1 11 2
374 529
1 14 2
363 693
1 10 2
242 376
1 16 2
99 183
1 15 2
167 682
1 7 2
168 659
1 15 2
439 687
1 12 2
57 646
1 3 2
556 626
1 9 2
174 237
1 7 2
395 629
1 16 2
300 394
1 5 2
45 231
1 14 2
319 454
1 10 2
536 634
1 9 2
145 168
1 14 2
132 147
1 11 2
155 269
1 15 2
154 176
1 13 2
244 469
1 16 2
347 351
1 14 2
310 509
1 16 2
459 571
1 8 2
328 579
1 10 2
93 263
1 7 2
381 568
1 13 2
210 688
1 9 2
452 464
1 8 2
57 169
1 7 2
133 216
1 12 2
281 372
1 9 2
235 406
1 11 2
245 578
1 8 2
193 676
1 5 2
44 180
1 16 2
60 262
1 12 2
117 506
1 14 2
190 312
1 18 2
60 617
1 12 2
157 430
1 16 2
426 682
1 9 2
93 174
1 10 2
127 473
1 7 2
513 661
1 11 2
110 262
1 14 2
117 319
1 8 2
384 612
1 16 2
266 670
1 5 2
255 288
1 9 2
255 683
1 8 2
81 286
1 13 2
393 666
1 7 2
126 624
1 15 2
108 167
1 12 2
288 559
1 12 2
41 473
1 13 2
4 411
1 7 2
397 484
1 6 2
103 213
1 5 2
358 591
1 14 2
103 211
1 15 2
263 340
1 13 2
277 499
1 13 2
88 238
1 19 2
14 594
1 9 2
46 679
1 15 2
12 127
1 14 2
23 691
1 5 2
21 370
1 9 2
321 386
1 13 2
311 636
1 14 2
118 454
1 15 2
340 356
1 6 2
39 657
1 10 2
37 210
1 10 2
537 685
1 8 2
552 555
1 17 2
249 446
1 11 2
413 564
1 9 2
167 302
1 7 2
413 478
1 11 2
162 182
1 8 2
85 370
1 11 2
216 545
1 7 2
49 146
1 14 2
9 136
1 12 2
399 575
1 9 2
290 312
1 7 2
233 553
1 8 2
4 460
1 15 2
109 346
1 9 2
169 386
1 10 2
215 666
1 8 2
169 608
1 5 2
150 592
1 18 2
561 677
1 12 2
230 433
1 16 2
68 136
1 12 2
256 691
1 12 2
84 245
1 9 2
2 291
1 18 2
38 64
1 10 2
127 495
1 17 2
323 582
1 12 2
111 411
1 3 2
124 665
1 4 2
218 672
1 11 2
370 661
1 6 2
43 498
1 13 2
81 228
1 9 2
590 642
1 9 2
319 612
1 10 2
340 553
1 4 2
133 667
1 8 2
377 400
1 13 2
140 170
1 13 2
327 340
1 7 2
37 624
1 15 2
148 162
1 7 2
303 461
1 13 2
57 119
1 12 2
126 566
1 18 2
601 646
1 10 2
139 243
1 7 2
415 649
1 13 2
313 327
1 14 2
109 509
1 15 2
131 205
1 9 2
93 616
1 13 2
167 567
1 15 2
616 632
1 19 2
405 570
1 10 2
14 468
1 13 2
25 228
1 9 2
391 687
1 6 2
43 295
1 9 2
179 231
1 12 2
129 279
1 20 2
25 119
1 13 2
230 243
1 4 2
186 445
1 16 2
11 577
1 16 2
389 509
1 8 2
88 228
1 13 2
469 636
1 8 2
177 222
1 3 2
46 540
1 12 2
173 261
1 14 2
230 232
1 11 2
151 388
1 8 2
93 114
1 9 2
312 657
1 16 2
63 177
1 18 2
137 158
1 8 2
101 136
1 9 2
44 618
1 10 2
68 295
1 17 2
499 594
1 9 2
214 678
1 11 2
216 466
1 14 2
33 377
1 6 2
399 600
1 8 2
219 572
1 15 2
114 488
1 16 2
154 393
1 7 2
234 650
1 4 2
383 495
1 13 2
298 677
1 10 2
22 368
1 5 2
492 572
1 11 2
340 649
1 14 2
209 405
1 14 2
140 529
1 7 2
94 283
1 8 2
296 558
1 6 2
212 340
1 7 2
201 579
1 15 2
346 588
1 11 2
262 408
1 8 2
68 466
1 17 2
362 499
1 15 2
141 543
1 11 2
459 508
1 11 2
175 583
1 6 2
673 685
1 3 2
213 599
1 13 2
603 633
1 10 2
607 639
1 9 2
189 511
1 11 2
110 629
1 12 2
150 616
1 17 2
157 270
1 18 2
84 403
1 17 2
340 346
1 12 2
499 640
1 6 2
264 634
1 16 2
506 512
1 8 2
343 563
1 5 2
19 486
1 8 2
160 256
1 9 2
365 682
1 18 2
281 594
1 6 2
125 671
1 16 2
249 364
1 5 2
17 530
1 5 2
55 587
1 7 2
171 412
1 12 2
162 687
1 9 2
4 438
1 4 2
181 455
1 10 2
427 471
1 10 2
332 337
1 11 2
420 521
1 9 2
59 239
1 14 2
303 677
1 10 2
303 590
1 7 2
136 367
1 10 2
104 599
1 12 2
116 195
1 5 2
255 335
1 14 2
459 680
1 11 2
96 141
1 5 2
256 438
1 7 2
228 273
1 10 2
151 413
1 17 2
279 610
1 16 2
296 496
1 12 2
327 491
1 7 2
23 391
1 16 2
609 693
1 12 2
117 454
1 18 2
458 636
1 18 2
488 571
1 14 2
33 179
1 6 2
143 551
1 10 2
43 691
1 12 2
65 659
1 18 2
76 136
1 18 2
266 377
1 10 2
278 470
1 15 2
170 661
1 8 2
638 670
1 17 2
304 364
1 7 2
164 536
1 10 2
269 326
1 18 2
11 601
1 7 2
473 657
1 19 2
281 488
1 10 2
239 432
1 14 2
73 471
1 10 2
37 272
1 14 2
175 566
1 17 2
35 376
1 12 2
189 331
1 12 2
253 577
1 20 2
64 559
1 12 2
253 267
1 10 2
10 547
1 11 2
428 650
1 12 2
463 481
1 15 2
501 529
1 9 2
412 415
1 14 2
576 637
1 9 2
139 503
1 6 2
97 490
1 12 2
372 414
1 14 2
284 687
1 10 2
317 511
1 14 2
63 412
1 12 2
248 253
1 11 2
282 685
1 12 2
368 428
1 16 2
647 682
1 19 2
211 487
1 9 2
239 439
1 12 2
249 363
1 15 2
251 577
1 3 2
43 429
1 12 2
252 320
1 17 2
542 547
1 3 2
40 624
1 9 2
553 637
1 16 2
496 670
1 7 2
527 545
1 13 2
94 269
1 10 2
481 577
1 5 2
37 409
1 9 2
155 571
1 11 2
289 459
1 14 2
175 280
1 3 2
28 468
1 10 2
142 634
1 4 2
448 553
1 20 2
198 487
1 15 2
12 295
1 14 2
282 578
1 15 2
59 523
1 11 2
254 466
1 6 2
3 87
1 15 2
173 534
1 16 2
104 162
1 13 2
2 517
1 8 2
229 316
1 16 2
35 141
1 18 2
158 570
1 9 2
6 85
1 5 2
391 401
1 8 2
432 641
1 12 2
280 321
1 11 2
261 282
1 11 2
65 457
1 8 2
93 176
1 7 2
492 608
1 4 2
77 550
1 9 2
156 210
1 11 2
325 655
1 10 2
377 558
1 14 2
63 333
1 6 2
639 641
1 11 2
98 242
1 7 2
405 440
1 12 2
131 575
1 4 2
69 290
1 6 2
125 332
1 20 2
436 610
1 12 2
351 371
1 5 2
293 466
1 12 2
198 268
1 17 2
64 175
1 19 2
65 617
1 6 2
54 453
1 16 2
279 496
1 7 2
514 647
1 6 2
208 667
1 10 2
265 346
1 14 2
118 583
1 4 2
515 584
1 10 2
15 182
1 8 2
455 694
1 12 2
103 220
1 18 2
312 683
1 16 2
147 637
1 9 2
74 207
1 9 2
43 205
1 8 2
507 601
1 12 2
157 694
1 7 2
431 608
1 7 2
551 648
1 12 2
111 687
1 5 2
140 338
1 14 2
2 192
1 17 2
301 419
1 15 2
12 687
1 6 2
56 181
1 6 2
490 578
1 14 2
243 652
1 11 2
274 323
1 6 2
355 379
1 8 2
132 481
1 5 2
473 514
1 12 2
346 349
1 8 2
610 641
1 9 2
509 513
1 16 2
364 678
1 19 2
244 509
1 16 2
109 436
1 13 2
209 569
1 9 2
349 498
1 7 2
64 257
1 9 2
463 465
1 12 2
136 545
1 6 2
208 555
1 16 2
114 650
1 14 2
88 198
1 8 2
146 265
1 13 2
65 85
1 11 2
44 645
1 10 2
504 613
1 13 2
267 325
1 17 2
282 529
1 9 2
134 652
1 7 2
210 355
1 12 2
266 527
1 17 2
141 392
1 11 2
23 31
1 9 2
37 361
1 9 2
486 608
1 19 2
118 377
1 4 2
478 558
1 11 2
76 193
1 14 2
150 306
1 12 2
248 597
1 20 2
119 650
1 10 2
187 305
1 14 2
141 152
1 16 2
174 194
1 3 2
525 630
1 5 2
19 277
1 14 2
362 411
1 18 2
373 487
1 15 2
269 609
1 8 2
350 521
1 10 2
447 656
1 18 2
41 158
1 12 2
235 488
1 6 2
464 502
1 7 2
489 652
1 14 2
420 567
1 8 2
342 662
1 5 2
93 218
1 4 2
540 634
1 18 2
119 205
1 9 2
231 322
1 15 2
623 650
1 14 2
248 557
1 18 2
377 610
1 17 2
254 405
1 15 2
66 446
1 12 2
200 655
1 11 2
57 571
1 6 2
468 517
1 9 2
20 661
1 11 2
114 187
1 7 2
235 386
1 10 2
207 455
1 9 2
46 654
1 17 2
16 31
1 13 2
99 677
1 16 2
251 602
1 11 2
422 567
1 20 2
141 650
1 10 2
152 363
1 14 2
187 420
1 10 2
98 443
1 10 2
482 688
1 6 2
429 501
1 11 2
268 636
1 8 2
190 484
1 20 2
119 154
1 18 2
59 487
1 8 2
174 526
1 6 2
13 243
1 18 2
250 251
1 10 2
72 443
1 6 2
515 638
1 5 2
132 593
1 10 2
148 156
1 9 2
24 432
1 12 2
60 103
1 13 2
304 307
1 12 2
505 660
1 5 2
124 619
1 10 2
210 685
1 17 2
569 691
1 12 2
11 358
1 8 2
693 696
1 9 2
361 480
1 10 2
598 694
1 9 2
441 452
1 12 2
111 554
1 14 2
475 649
1 17 2
174 252
1 5 2
71 672
1 14 2
6 615
1 5 2
395 543
1 14 2
187 646
1 7 2
437 699
1 13 2
8 200
1 7 2
9 401
1 15 2
379 610
1 16 2
35 59
1 8 2
129 644
1 6 2
86 384
1 10 2
577 669
1 7 2
444 622
1 18 2
678 691
1 13 2
103 392
1 14 2
142 152
1 5 2
110 415
1 14 2
95 219
1 5 2
209 290
1 7 2
103 443
1 18 2
266 629
1 12 2
397 419
1 9 2
9 667
1 6 2
494 694
1 5 2
58 318
1 8 2
374 639
1 8 2
230 657
1 8 2
49 394
1 12 2
191 510
1 6 2
358 492
1 20 2
346 436
1 8 2
569 653
1 7 2
349 397
1 13 2
183 358
1 8 2
114 291
1 15 2
97 269
1 16 2
14 317
1 19 2
617 629
1 6 2
201 283
1 10 2
350 642
1 9 2
374 637
1 15 2
12 350
1 16 2
87 570
1 15 2
340 594
1 15 2
103 270
1 13 2
384 534
1 6 2
385 473
1 5 2
166 218
1 7 2
223 447
1 15 2
564 582
1 10 2
78 447
1 11 2
59 562
1 10 2
146 527
1 4 2
82 311
1 16 2
119 639
1 15 2
304 567
1 13 2
362 416
1 14 2
114 347
1 11 2
509 573
1 20 2
59 119
1 10 2
161 546
1 12 2
372 439
1 5 2
353 644
1 5 2
159 360
1 14 2
216 416
1 16 2
108 569
1 15 2
207 567
1 19 2
362 691
1 8 2
20 220
1 17 2
224 563
1 9 2
163 623
1 8 2
39 78
1 9 2
474 607
1 6 2
53 476
1 16 2
617 661
1 8 2
130 357
1 9 2
118 630
1 10 2
550 597
1 8 2
87 455
1 12 2
12 568
1 6 2
354 680
1 3 2
40 278
1 12 2
119 511
1 20 2
14 137
1 14 2
41 680
1 5 2
350 451
1 6 2
145 199
1 12 2
475 686
1 14 2
174 303
1 16 2
488 645
1 12 2
6 388
1 9 2
355 570
1 12 2
141 579
1 11 2
221 271
1 15 2
178 272
1 14 2
623 677
1 10 2
238 404
1 5 2
385 521
1 11 2
34 405
1 12 2
225 547
1 14 2
635 668
1 19 2
254 432
1 10 2
144 610
1 8 2
550 640
1 18 2
147 463
1 7 2
31 560
1 3 2
128 387
1 9 2
187 605
1 11 2
537 627
1 3 2
429 490
1 11 2
20 683
1 13 2
65 245
1 9 2
259 414
1 11 2
280 573
1 7 2
428 435
1 12 2
313 491
1 18 2
14 76
1 10 2
252 535
1 8 2
216 490
1 9 2
72 612
1 8 2
265 471
1 5 2
89 465
1 9 2
142 525
1 10 2
107 111
1 5 2
21 85
1 13 2
295 376
1 7 2
218 486
1 8 2
334 547
1 11 2
87 240
1 10 2
96 333
1 5 2
498 653
1 13 2
447 577
1 9 2
568 588
1 9 2
314 503
1 8 2
91 547
1 13 2
482 546
1 17 2
27 173
1 12 2
187 210
1 11 2
291 636
1 8 2
141 440
1 14 2
132 603
1 5 2
169 338
1 11 2
36 488
1 13 2
340 567
1 10 2
318 403
1 15 2
536 639
1 8 2
8 456
1 4 2
385 482
1 6 2
465 689
1 8 2
255 333
1 12 2
546 607
1 9 2
111 372
1 12 2
138 177
1 8 2
43 602
1 7 2
378 614
1 9 2
109 587
1 14 2
363 546
1 11 2
358 405
1 8 2
486 528
1 6 2
424 542
1 19 2
47 691
1 8 2
18 676
1 12 2
123 300
1 8 2
15 186
1 17 2
405 419
1 13 2
115 116
1 18 2
351 691
1 6 2
57 466
1 10 2
109 689
1 7 2
388 552
1 8 2
273 347
1 11 2
292 690
1 10 2
283 578
1 11 2
41 619
1 12 2
15 660
1 18 2
304 683
1 12 2
57 269
1 9 2
115 667
1 6 2
93 656
1 15 2
189 463
1 11 2
341 594
1 16 2
108 296
1 17 2
576 654
1 15 2
661 668
1 15 2
217 351
1 7 2
220 450
1 5 2
341 604
1 10 2
667 699
1 13 2
358 603
1 12 2
100 393
1 14 2
263 324
1 14 2
148 564
1 17 2
436 531
1 14 2
459 609
1 4 2
348 454
1 6 2
612 619
1 11 2
145 577
1 20 2
102 546
1 9 2
311 620
1 11 2
56 192
1 7 2
308 484
1 20 2
104 610
1 14 2
73 253
1 12 2
347 614
1 14 2
198 579
1 12 2
392 620
1 10 2
239 266
1 13 2
192 666
1 10 2
59 291
1 15 2
97 194
1 7 2
403 672
1 17 2
12 394
1 14 2
90 162
1 12 2
350 594
1 17 2
352 602
1 19 2
244 576
1 16 2
270 688
1 8 2
195 422
1 8 2
219 445
1 19 2
154 333
1 10 2
561 600
1 7 2
232 339
1 6 2
241 248
1 10 2
85 503
1 6 2
573 634
1 14 2
12 204
1 12 2
143 200
1 9 2
32 145
1 12 2
56 687
1 5 2
181 271
1 7 2
131 461
1 11 2
252 291
1 10 2
64 681
1 7 2
239 575
1 10 2
49 207
1 15 2
262 531
1 11 2
225 298
1 13 2
269 274
1 10 2
39 433
1 18 2
81 147
1 9 2
516 594
1 10 2
74 691
1 2 2
124 417
1 20 2
64 266
1 9 2
468 582
1 15 2
491 546
1 15 2
59 563
1 9 2
492 616
1 8 2
208 346
1 8 2
167 404
1 19 2
136 221
1 16 2
27 315
1 6 2
531 595
1 8 2
498 648
1 14 2
147 321
1 9 2
224 234
1 10 2
217 311
1 14 2
384 576
1 12 2
15 145
1 12 2
292 568
1 11 2
433 510
1 12 2
96 547
1 12 2
357 403
1 10 2
68 240
1 17 2
14 677
1 18 2
154 323
1 19 2
118 300
1 14 2
168 547
1 14 2
116 469
1 11 2
442 667
1 13 2
210 645
1 16 2
373 485
1 16 2
399 432
1 8 2
13 81
1 14 2
344 618
1 14 2
252 261
1 12 2
6 567
1 12 2
373 659
1 17 2
330 351
1 5 2
89 236
1 11 2
358 419
1 5 2
422 630
1 11 2
178 264
1 16 2
432 688
1 17 2
118 389
1 15 2
280 330
1 14 2
321 582
1 12 2
68 325
1 17 2
407 432
1 18 2
4 179
1 14 2
243 566
1 14 2
111 459
1 20 2
252 617
1 3 2
525 653
1 13 2
23 534
1 6 2
625 676
1 10 2
281 385
1 15 2
248 392
1 16 2
56 432
1 8 2
583 607
1 16 2
72 75
1 11 2
33 645
1 13 2
154 225
1 14 2
117 229
1 9 2
136 494
1 9 2
157 326
1 13 2
623 647
1 13 2
632 656
1 11 2
456 512
1 7 2
255 554
1 11 2
430 563
1 13 2
352 608
1 14 2
632 645
1 5 2
133 145
1 10 2
394 633
1 9 2
102 258
1 7 2
462 534
1 6 2
109 584
1 10 2
476 677
1 16 2
207 504
1 14 2
183 427
1 10 2
478 483
1 17 2
129 668
1 12 2
328 629
1 17 2
116 129
1 7 2
261 369
1 18 2
12 682
1 16 2
394 561
1 8 2
112 680
1 11 2
248 568
1 12 2
114 687
1 5 2
334 435
1 17 2
251 463
1 13 2
57 475
1 16 2
183 474
1 19 2
95 603
1 9 2
198 338
1 18 2
136 319
1 15 2
266 491
1 8 2
551 614
1 4 2
83 464
1 14 2
200 575
1 9 2
155 678
1 6 2
150 490
1 8 2
343 452
1 13 2
84 126
1 9 2
63 545
1 11 2
232 331
1 6 2
161 307
1 9 2
49 249
1 9 2
470 556
1 8 2
262 472
1 17 2
51 81
1 7 2
29 78
1 7 2
585 671
1 5 2
61 332
1 4 2
429 644
1 8 2
74 678
1 9 2
284 375
1 15 2
2 296
1 11 2
96 499
1 5 2
61 541
1 11 2
81 502
1 12 2
485 694
1 16 2
356 569
1 13 2
380 652
1 6 2
218 621
1 12 2
483 562
1 17 2
177 493
1 15 2
364 677
1 9 2
10 158
1 12 2
75 305
1 12 2
264 602
1 14 2
190 377
1 9 2
433 562
1 5 2
43 168
1 12 2
68 394
1 15 2
296 347
1 12 2
89 373
1 12 2
84 456
1 5 2
21 56
1 8 2
72 625
1 12 2
9 272
1 15 2
312 506
1 13 2
63 267
1 16 2
62 504
1 17 2
405 571
1 9 2
640 661
1 12 2
29 547
1 10 2
253 620
1 11 2
151 614
1 12 2
221 456
1 13 2
4 588
1 3 2
124 332
1 16 2
405 412
1 9 2
46 104
1 7 2
333 417
1 12 2
178 219
1 10 2
123 173
1 9 2
38 203
1 8 2
213 312
1 12 2
264 272
1 20 2
81 693
1 14 2
350 414
1 10 2
305 470
1 7 2
130 331
1 9 2
397 549
1 19 2
12 207
1 10 2
272 613
1 12 2
319 341
1 16 2
11 75
1 4 2
444 638
1 15 2
446 689
1 12 2
319 402
1 3 2
20 257
1 13 2
531 578
1 8 2
184 660
1 7 2
400 487
1 16 2
14 310
1 16 2
300 536
1 10 2
195 248
1 8 2
27 105
1 13 2
263 694
1 8 2
469 628
1 6 2
129 631
1 8 2
121 426
1 14 2
115 376
1 16 2
90 269
1 14 2
389 566
1 11 2
189 649
1 19 2
207 216
1 10 2
375 617
1 12 2
475 607
1 7 2
123 621
1 15 2
458 661
1 13 2
126 496
1 8 2
181 243
1 10 2
25 625
1 19 2
72 636
1 7 2
253 599
1 11 2
62 656
1 5 2
43 698
1 15 2
170 471
1 9 2
180 304
1 14 2
292 640
1 17 2
15 104
1 6 2
338 537
1 13 2
2 574
1 8 2
501 528
1 9 2
161 270
1 9 2
127 138
1 11 2
138 344
1 16 2
346 506
1 13 2
562 601
1 16 2
488 578
1 11 2
157 495
1 14 2
51 68
1 9 2
382 679
1 7 2
202 504
1 4 2
341 641
1 7 2
519 681
1 10 2
282 568
1 7 2
213 407
1 8 2
99 624
1 16 2
389 601
1 8 2
4 49
1 10 2
122 420
1 11 2
81 391
1 9 2
110 315
1 15 2
280 536
1 5 2
214 558
1 8 2
146 378
1 10 2
140 380
1 6 2
106 279
1 13 2
550 679
1 8 2
42 328
1 10 2
65 242
1 9 2
205 593
1 14 2
191 232
1 19 2
12 59
1 9 2
445 566
1 12 2
532 582
1 6 2
13 503
1 13 2
502 668
1 8 2
33 391
1 16 2
4 216
1 10 2
192 357
1 10 2
203 446
1 9 2
363 618
1 8 2
88 256
1 13 2
117 129
1 6 2
49 469
1 10 2
29 602
1 10 2
151 517
1 8 2
342 405
1 12 2
194 366
1 10 2
59 404
1 14 2
191 248
1 6 2
246 676
1 11 2
397 670
1 14 2
220 536
1 6 2
592 639
1 10 2
127 152
1 6 2
572 656
1 13 2
364 491
1 17 2
87 244
1 14 2
16 676
1 14 2
116 422
1 6 2
54 309
1 12 2
207 480
1 7 2
159 335
1 15 2
59 474
1 7 2
458 611
1 13 2
321 459
1 3 2
539 540
1 10 2
638 691
1 10 2
196 432
1 13 2
232 523
1 9 2
429 576
1 10 2
244 287
1 8 2
33 235
1 13 2
100 496
1 10 2
273 352
1 11 2
368 606
1 4 2
314 695
1 8 2
486 515
1 8 2
81 565
1 4 2
122 223
1 8 2
358 454
1 13 2
118 264
1 10 2
88 564
1 9 2
183 418
1 15 2
142 210
1 19 2
373 446
1 8 2
53 321
1 13 2
323 555
1 11 2
76 308
1 19 2
116 346
1 16 2
12 176
1 11 2
569 587
1 6 2
366 551
1 7 2
255 616
1 11 2
125 380
1 15 2
249 301
1 13 2
503 639
1 11 2
190 585
1 9 2
238 451
1 4 2
318 541
1 14 2
167 578
1 19 2
76 636
1 19 2
47 601
1 14 2
194 517
1 13 2
386 570
1 16 2
439 536
1 9 2
68 628
1 10 2
35 225
1 15 2
42 104
1 12 2
470 618
1 6 2
278 482
1 7 2
59 106
1 14 2
151 439
1 18 2
403 483
1 19 2
362 603
1 8 2
659 689
1 12 2
496 590
1 12 2
9 534
1 10 2
103 264
1 7 2
127 316
1 14 2
175 394
1 11 2
587 683
1 13 2
486 576
1 14 2
362 583
1 7 2
196 310
1 8 2
444 597
1 4 2
112 135
1 16 2
248 250
1 15 2
116 416
1 11 2
129 328
1 9 2
357 656
1 10 2
79 167
1 18 2
432 499
1 7 2
196 454
1 13 2
578 651
1 11 2
534 655
1 14 2
639 645
1 16 2
15 654
1 13 2
264 458
1 3 2
67 695
1 12 2
267 442
1 17 2
340 582
1 19 2
119 419
1 5 2
196 690
1 10 2
117 160
1 4 2
120 195
1 7 2
353 406
1 12 2
146 380
1 13 2
351 656
1 11 2
640 677
1 5 2
106 687
1 5 2
74 381
1 6 2
66 600
1 13 2
392 554
1 16 2
64 310
1 16 2
15 281
1 18 2
200 270
1 15 2
68 529
1 16 2
505 559
1 11 2
466 629
1 12 2
191 675
1 7 2
150 184
1 12 2
200 427
1 11 2
123 296
1 12 2
20 177
1 9 2
92 436
1 5 2
124 289
1 16 2
63 601
1 8 2
202 347
1 8 2
538 563
1 16 2
351 602
1 12 2
131 505
1 11 2
158 314
1 4 2
417 574
1 10 2
372 594
1 14 2
333 522
1 4 2
54 641
1 10 2
31 240
1 10 2
99 649
1 2 2
246 367
1 8 2
552 651
1 8 2
559 589
1 3 2
34 451
1 15 2
403 623
1 14 2
254 519
1 9 2
375 601
1 7 2
182 308
1 7 2
329 629
1 9 2
23 454
1 3 2
455 560
1 15 2
407 426
1 14 2
9 141
1 3 2
395 644
1 7 2
628 673
1 11 2
142 587
1 12 2
609 616
1 17 2
337 652
1 5 2
123 477
1 14 2
333 498
1 16 2
131 238
1 14 2
529 550
1 11 2
159 542
1 9 2
404 504
1 20 2
25 64
1 12 2
446 532
1 7 2
288 501
1 12 2
219 549
1 11 2
194 466
1 6 2
577 643
1 10 2
233 503
1 4 2
122 231
1 15 2
323 356
1 15 2
12 384
1 11 2
414 457
1 7 2
194 424
1 2 2
101 558
1 15 2
315 487
1 8 2
187 515
1 10 2
437 487
1 7 2
313 409
1 19 2
183 601
1 10 2
357 660
1 12 2
109 146
1 14 2
118 689
1 14 2
162 296
1 6 2
149 685
1 9 2
320 554
1 16 2
406 559
1 12 2
34 432
1 14 2
150 304
1 15 2
75 142
1 8 2
87 273
1 7 2
340 591
1 10 2
324 586
1 5 2
283 429
1 13 2
283 337
1 10 2
52 554
1 8 2
243 453
1 11 2
435 677
1 5 2
370 465
1 8 2
291 537
1 7 2
428 473
1 13 2
18 337
1 9 2
146 302
1 12 2
98 204
1 11 2
349 452
1 5 2
121 515
1 5 2
123 478
1 20 2
250 650
1 13 2
499 575
1 14 2
284 485
1 12 2
102 648
1 5 2
219 592
1 10 2
197 263
1 14 2
162 512
1 11 2
214 224
1 17 2
73 377
1 6 2
288 530
1 15 2
63 72
1 13 2
100 282
1 10 2
371 503
1 16 2
98 167
1 13 2
310 670
1 10 2
136 671
1 7 2
481 613
1 8 2
210 268
1 14 2
328 368
1 2 2
375 382
1 10 2
282 456
1 7 2
43 675
1 7 2
256 562
1 10 2
34 389
1 8 2
121 470
1 13 2
32 362
1 8 2
499 630
1 12 2
116 256
1 14 2
350 654
1 10 2
73 122
1 12 2
131 315
1 16 2
14 220
1 9 2
201 506
1 8 2
542 681
1 20 2
346 582
1 14 2
285 578
1 3 2
404 494
1 9 2
203 229
1 12 2
356 628
1 5 2
70 358
1 7 2
140 674
1 12 2
116 467
1 16 2
330 336
1 5 2
21 277
1 11 2
442 608
1 5 2
359 456
1 10 2
307 317
1 7 2
286 670
1 13 2
64 369
1 9 2
89 324
1 14 2
356 510
1 15 2
376 393
1 2 2
581 631
1 15 2
389 493
1 14 2
88 322
1 17 2
200 405
1 16 2
243 377
1 11 2
296 656
1 15 2
280 282
1 15 2
25 608
1 19 2
200 662
1 18 2
136 216
1 13 2
432 586
1 11 2
253 310
1 15 2
652 666
1 14 2
109 576
1 10 2
126 609
1 7 2
159 326
1 14 2
216 554
1 10 2
229 482
1 3 2
560 591
1 12 2
601 648
1 9 2
75 624
1 14 2
176 412
1 10 2
248 624
1 12 2
2 699
1 18 2
116 571
1 5 2
227 486
1 12 2
597 623
1 12 2
330 358
1 13 2
111 117
1 15 2
574 582
1 11 2
307 576
1 12 2
111 191
1 11 2
547 673
1 12 2
435 577
1 5 2
204 236
1 4 2
58 535
1 8 2
13 147
1 12 2
388 523
1 16 2
198 310
1 16 2
198 694
1 17 2
64 666
1 11 2
616 648
1 10 2
302 542
1 7 2
282 494
1 5 2
273 612
1 18 2
118 136
1 9 2
552 596
1 8 2
316 677
1 12 2
394 500
1 18 2
84 177
1 13 2
336 676
1 12 2
682 699
1 18 2
59 216
1 11 2
170 553
1 16 2
147 327
1 11 2
127 586
1 10 2
240 661
1 12 2
47 79
1 6 2
397 634
1 10 2
158 293
1 9 2
280 374
1 8 2
369 454
1 13 2
475 640
1 18 2
205 662
1 2 2
489 544
1 17 2
198 420
1 12 2
79 118
1 11 2
70 432
1 8 2
180 272
1 19 2
12 636
1 11 2
4 125
1 8 2
122 689
1 7 2
358 606
1 13 2
471 578
1 5 2
424 454
1 13 2
370 376
1 17 2
27 537
1 17 2
279 322
1 13 2
16 204
1 10 2
474 568
1 13 2
129 178
1 5 2
152 365
1 11 2
264 452
1 16 2
16 392
1 5 2
37 514
1 9 2
26 627
1 6 2
190 472
1 9 2
378 688
1 19 2
352 529
1 5 2
385 624
1 20 2
14 683
1 7 2
402 482
1 19 2
102 691
1 10 2
187 656
1 18 2
312 509
1 16 2
16 167
1 18 2
47 280
1 19 2
216 662
1 20 2
570 603
1 9 2
340 502
1 17 2
183 296
1 6 2
133 272
1 7 2
43 75
1 15 2
298 419
1 13 2
139 487
1 6 2
20 658
1 10 2
434 436
1 8 2
78 550
1 5 2
271 467
1 16 2
262 351
1 16 2
27 585
1 16 2
351 504
1 12 2
15 191
1 12 2
422 566
1 9 2
9 88
1 12 2
473 677
1 13 2
288 432
1 14 2
114 306
1 10 2
146 620
1 13 2
99 393
1 13 2
182 650
1 4 2
44 339
1 5 2
100 533
1 6 2
172 586
1 19 2
12 377
1 13 2
127 323
1 7 2
371 621
1 15 2
9 691
1 8 2
176 203
1 17 2
76 458
1 7 2
428 620
1 9 2
152 481
1 10 2
195 361
1 19 2
266 683
1 6 2
315 462
1 15 2
99 483
1 12 2
394 694
1 11 2
26 412
1 12 2
229 295
1 9 2
4 369
1 12 2
369 610
1 14 2
597 678
1 4 2
5 671
1 13 2
18 224
1 7 2
36 550
1 9 2
402 655
1 9 2
100 622
1 5 2
77 386
1 9 2
78 614
1 9 2
634 688
1 14 2
111 504
1 14 2
118 151
1 16 2
87 561
1 16 2
108 251
1 13 2
301 622
1 11 2
482 499
1 10 2
381 680
1 15 2
183 388
1 13 2
537 645
1 16 2
230 346
1 5 2
334 564
1 11 2
42 406
1 10 2
192 498
1 13 2
15 485
1 19 2
269 319
1 8 2
157 316
1 16 2
419 602
1 18 2
158 269
1 19 2
12 463
1 15 2
351 677
1 11 2
29 251
1 4 2
235 539
1 9 2
404 652
1 9 2
278 379
1 14 2
344 454
1 13 2
547 607
1 16 2
11 531
1 11 2
502 691
1 16 2
270 279
1 9 2
513 602
1 17 2
178 224
1 20 2
84 617
1 9 2
160 667
1 14 2
264 483
1 7 2
325 665
1 3 2
48 424
1 5 2
32 82
1 19 2
119 376
1 17 2
376 678
1 18 2
38 300
1 16 2
16 129
1 15 2
62 248
1 5 2
32 460
1 8 2
228 649
1 6 2
169 415
1 10 2
308 610
1 10 2
139 394
1 12 2
364 620
1 3 2
424 464
1 10 2
50 637
1 13 2
262 491
1 10 2
60 530
1 9 2
162 302
1 11 2
280 307
1 11 2
156 436
1 8 2
94 341
1 10 2
64 450
1 6 2
0 327
1 16 2
104 127
1 10 2
317 500
1 13 2
66 542
1 6 2
421 575
1 16 2
322 388
1 15 2
198 676
1 4 2
316 320
1 13 2
346 608
1 7 2
241 292
1 13 2
616 639
1 11 2
68 680
1 13 2
148 614
1 13 2
109 280
1 8 2
18 397
1 15 2
118 253
1 10 2
305 324
1 11 2
147 181
1 10 2
184 436
1 14 2
635 646
1 10 2
155 615
1 10 2
62 518
1 14 2
90 394
1 18 2
252 275
1 19 2
84 266
1 14 2
75 230
1 8 2
277 495
1 14 2
301 675
1 10 2
156 493
1 9 2
156 666
1 9 2
253 495
1 11 2
512 613
1 5 2
276 545
1 11 2
200 320
1 7 2
519 625
1 9 2
149 636
1 20 2
104 436
1 12 2
275 324
1 9 2
124 269
1 10 2
204 248
1 8 2
235 331
1 9 2
265 542
1 16 2
284 629
1 20 2
14 198
1 13 2
380 677
1 12 2
98 283
1 19 2
432 683
1 13 2
436 627
1 12 2
151 327
1 12 2
285 588
1 12 2
301 684
1 19 2
312 546
1 18 2
344 662
1 11 2
289 356
1 10 2
175 598
1 8 2
117 374
1 9 2
240 605
1 12 2
98 435
1 15 2
295 337
1 10 2
427 583
1 9 2
284 387
1 8 2
324 621
1 10 2
174 690
1 12 2
29 679
1 7 2
357 530
1 8 2
123 498
1 14 2
72 642
1 8 2
397 515
1 9 2
24 679
1 4 2
110 490
1 7 2
358 469
1 7 2
519 526
1 5 2
353 695
1 8 2
75 538
1 4 2
112 206
1 13 2
154 215
1 10 2
175 633
1 5 2
187 226
1 9 2
648 661
1 17 2
563 683
1 14 2
62 217
1 16 2
219 546
1 7 2
219 438
1 6 2
71 258
1 9 2
513 536
1 11 2
15 628
1 15 2
306 675
1 14 2
198 397
1 19 2
368 458
1 12 2
313 361
1 5 2
123 124
1 9 2
129 621
1 9 2
214 392
1 7 2
181 642
1 9 2
213 281
1 10 2
182 192
1 7 2
321 497
1 13 2
178 303
1 9 2
119 294
1 7 2
100 353
1 9 2
230 502
1 4 2
227 370
1 13 2
66 157
1 13 2
414 515
1 12 2
151 389
1 14 2
275 506
1 8 2
380 538
1 5 2
228 396
1 5 2
293 516
1 10 2
505 635
1 10 2
263 644
1 10 2
159 474
1 12 2
449 563
1 14 2
306 313
1 8 2
274 640
1 16 2
361 603
1 18 2
170 509
1 13 2
41 217
1 3 2
212 353
1 13 2
301 315
1 10 2
518 557
1 6 2
448 486
1 4 2
149 387
1 11 2
358 670
1 13 2
51 635
1 6 2
128 694
1 15 2
2 275
1 13 2
84 635
1 6 2
153 614
1 11 2
439 658
1 4 2
28 115
1 8 2
63 96
1 7 2
192 516
1 11 2
437 603
1 10 2
16 438
1 12 2
44 509
1 20 2
170 446
1 11 2
373 464
1 12 2
216 633
1 14 2
103 351
1 11 2
323 500
1 10 2
505 689
1 11 2
137 456
1 8 2
358 500
1 10 2
447 620
1 18 2
198 251
1 15 2
221 523
1 4 2
468 695
1 7 2
317 455
1 17 2
76 108
1 18 2
72 136
1 16 2
111 561
1 15 2
129 691
1 16 2
173 646
1 7 2
49 486
1 8 2
99 690
1 11 2
217 523
1 10 2
73 288
1 14 2
275 392
1 18 2
158 272
1 6 2
341 479
1 14 2
280 537
1 10 2
388 619
1 10 2
15 305
1 6 2
343 530
1 14 2
447 637
1 7 2
44 464
1 7 2
295 686
1 9 2
361 648
1 14 2
145 319
1 7 2
616 665
1 13 2
439 622
1 13 2
356 684
1 11 2
235 693
1 17 2
254 615
1 15 2
76 361
1 9 2
267 698
1 9 2
219 289
1 13 2
284 689
1 15 2
117 475
1 7 2
220 593
1 3 2
472 697
1 14 2
85 529
1 10 2
65 265
1 5 2
378 587
1 18 2
458 483
1 5 2
49 256
1 15 2
9 147
1 10 2
363 585
1 8 2
96 645
1 10 2
158 197
1 13 2
310 536
1 8 2
83 488
1 13 2
27 245
1 16 2
87 221
1 10 2
78 416
1 7 2
17 651
1 5 2
526 573
1 9 2
413 456
1 8 2
229 541
1 15 2
62 249
1 11 2
252 385
1 7 2
107 443
1 7 2
204 408
1 15 2
51 447
1 10 2
232 502
1 15 2
405 406
1 5 2
227 430
1 8 2
370 408
1 6 2
121 635
1 3 2
246 604
1 7 2
589 639
1 18 2
102 364
1 4 2
234 307
1 9 2
297 650
1 14 2
221 406
1 7 2
34 528
1 14 2
474 650
1 7 2
395 534
1 9 2
194 385
1 5 2
633 692
1 11 2
596 635
1 9 2
479 571
1 16 2
336 632
1 14 2
336 687
1 9 2
306 612
1 5 2
520 522
1 7 2
168 237
1 12 2
521 678
1 7 2
420 584
1 6 2
408 476
1 10 2
176 686
1 11 2
156 207
1 20 2
25 582
1 12 2
126 576
1 17 2
177 296
1 14 2
583 693
1 12 2
323 699
1 5 2
46 676
1 18 2
282 559
1 6 2
55 289
1 17 2
459 602
1 11 2
272 686
1 12 2
366 483
1 18 2
272 337
1 12 2
452 597
1 7 2
149 660
1 15 2
280 323
1 14 2
131 504
1 4 2
425 698
1 18 2
216 238
1 11 2
175 363
1 6 2
390 491
1 11 2
337 658
1 19 2
25 207
1 17 2
131 650
1 12 2
129 549
1 12 2
269 369
1 7 2
40 509
1 6 2
218 492
1 6 2
479 605
1 18 2
60 610
1 6 2
387 628
1 7 2
256 605
1 12 2
292 456
1 4 2
255 535
1 3 2
231 309
1 14 2
221 310
1 12 2
44 569
1 10 2
280 484
1 14 2
126 529
1 14 2
649 679
1 12 2
76 85
1 16 2
230 263
1 7 2
129 197
1 3 2
366 520
1 9 2
335 413
1 13 2
284 676
1 12 2
577 687
1 5 2
10 640
1 7 2
5 576
1 3 2
239 383
1 9 2
295 635
1 8 2
219 638
1 7 2
44 79
1 10 2
228 394
1 17 2
136 282
1 19 2
322 509
1 4 2
149 552
1 8 2
80 301
1 12 2
315 596
1 18 2
76 483
1 10 2
158 671
1 6 2
430 681
1 15 2
205 577
1 12 2
393 537
1 11 2
306 579
1 14 2
284 618
1 7 2
30 420
1 12 2
76 568
1 8 2
45 442
1 15 2
76 449
1 13 2
108 543
1 9 2
356 513
1 8 2
578 604
1 12 2
427 646
1 16 2
4 683
1 12 2
69 224
1 13 2
31 167
1 8 2
152 466
1 12 2
356 456
1 12 2
298 380
1 7 2
140 353
1 9 2
361 437
1 14 2
146 275
1 17 2
346 452
1 3 2
83 638
1 6 2
83 433
1 15 2
279 458
1 14 2
267 296
1 6 2
220 334
1 8 2
157 538
1 10 2
249 659
1 8 2
380 518
1 10 2
265 356
1 15 2
452 463
1 12 2
107 352
1 12 2
170 204
1 7 2
256 648
1 12 2
319 469
1 13 2
469 529
1 5 2
226 245
1 16 2
87 207
1 9 2
212 376
1 13 2
304 619
1 5 2
231 274
1 11 2
269 638
1 9 2
188 439
1 19 2
221 224
1 14 2
111 272
1 11 2
414 428
1 14 2
72 388
1 18 2
263 483
1 6 2
435 663
1 9 2
137 468
1 6 2
363 513
1 16 2
298 432
1 6 2
90 592
1 16 2
119 433
1 20 2
211 679
1 10 2
171 483
1 12 2
129 554
1 10 2
130 220
1 13 2
12 349
1 11 2
654 659
1 9 2
327 659
1 10 2
407 464
1 15 2
191 615
1 15 2
252 588
1 11 2
15 586
1 11 2
44 557
1 13 2
109 282
1 9 2
75 308
1 7 2
167 332
1 14 2
230 392
1 18 2
142 170
1 15 2
176 263
1 12 2
34 582
1 17 2
267 436
1 9 2
205 385
1 9 2
27 83
1 18 2
60 270
1 7 2
106 487
1 3 2
105 401
1 8 2
72 354
1 14 2
167 249
1 12 2
496 574
1 10 2
407 648
1 15 2
81 554
1 19 2
377 582
1 6 2
107 180
1 8 2
274 307
1 7 2
164 174
1 12 2
311 377
1 7 2
206 327
1 8 2
358 667
1 12 2
403 655
1 5 2
132 166
1 6 2
115 326
1 14 2
38 411
1 15 2
523 559
1 7 2
255 317
1 11 2
12 242
1 10 2
33 597
1 8 2
341 476
1 17 2
142 420
1 17 2
38 322
1 9 2
148 599
1 6 2
100 184
1 14 2
107 207
1 14 2
333 578
1 12 2
139 292
1 9 2
429 683
1 15 2
102 588
1 6 2
225 428
1 4 2
257 274
1 7 2
253 332
1 19 2
216 561
1 11 2
303 402
1 9 2
139 146
1 14 2
549 636
1 9 2
168 676
1 13 2
379 594
1 10 2
32 407
1 11 2
320 570
1 9 2
280 572
1 7 2
193 628
1 14 2
23 483
1 7 2
80 229
1 9 2
397 583
1 6 2
90 440
1 13 2
570 649
1 8 2
194 206
1 11 2
104 353
1 5 2
125 299
1 8 2
163 574
1 5 2
297 441
1 9 2
218 597
1 12 2
50 51
1 8 2
132 151
1 14 2
52 561
1 12 2
251 473
1 18 2
300 650
1 7 2
299 347
1 7 2
227 636
1 14 2
81 649
1 14 2
615 639
1 18 2
59 403
1 10 2
469 623
1 11 2
150 588
1 13 2
50 373
1 12 2
504 619
1 13 2
4 597
1 15 2
232 352
1 7 2
516 564
1 18 2
229 636
1 5 2
375 427
1 19 2
414 512
1 4 2
460 511
1 18 2
98 458
1 19 2
170 270
1 13 2
57 104
1 11 2
331 399
1 12 2
76 633
1 7 2
396 505
1 10 2
267 435
1 8 2
132 397
1 7 2
406 634
1 19 2
304 561
1 13 2
377 386
1 9 2
422 628
1 7 2
330 630
1 15 2
87 292
1 18 2
51 224
1 6 2
627 663
1 15 2
337 449
1 12 2
2 331
1 9 2
379 530
1 7 2
366 656
1 10 2
9 416
1 10 2
33 317
1 14 2
11 107
1 9 2
214 412
1 11 2
45 51
1 5 2
55 443
1 15 2
99 170
1 17 2
364 419
1 9 2
321 370
1 10 2
56 217
1 13 2
250 500
1 7 2
57 261
1 12 2
127 146
1 15 2
63 458
1 12 2
97 340
1 4 2
185 530
1 8 2
430 464
1 4 2
427 460
1 12 2
347 500
1 11 2
152 442
1 7 2
67 405
1 18 2
436 652
1 17 2
14 616
1 15 2
56 64
1 9 2
83 662
1 16 2
142 594
1 17 2
301 683
1 18 2
250 362
1 17 2
189 509
1 11 2
474 543
1 18 2
2 650
1 15 2
413 432
1 9 2
100 669
1 11 2
55 104
1 7 2
71 508
1 8 2
492 523
1 3 2
258 540
1 7 2
332 575
1 10 2
274 609
1 6 2
46 295
1 11 2
168 563
1 15 2
394 610
1 6 2
143 256
1 7 2
245 690
1 10 2
44 447
1 12 2
324 407
1 10 2
380 620
1 11 2
381 394
1 4 2
58 166
1 18 2
356 662
1 16 2
170 407
1 14 2
174 537
1 7 2
80 442
1 7 2
162 396
1 12 2
176 531
1 6 2
410 609
1 18 2
118 646
1 10 2
197 446
1 8 2
530 620
1 13 2
562 603
1 18 2
75 322
1 13 2
379 615
1 14 2
174 504
1 6 2
92 510
1 10 2
131 686
1 9 2
6 256
1 13 2
73 88
1 9 2
510 562
1 5 2
103 626
1 5 2
53 477
1 13 2
296 474
1 15 2
442 693
1 16 2
142 232
1 18 2
284 654
1 9 2
42 635
1 12 2
217 399
1 6 2
143 495
1 15 2
446 660
1 15 2
205 384
1 16 2
563 632
1 14 2
238 614
1 17 2
284 569
1 12 2
252 579
1 19 2
377 603
1 15 2
364 666
1 14 2
60 210
1 13 2
116 289
1 8 2
215 486
1 10 2
204 522
1 12 2
495 629
1 8 2
79 162
1 17 2
263 330
1 4 2
83 612
1 18 2
347 546
1 11 2
225 232
1 9 2
315 372
1 16 2
414 442
1 16 2
118 340
1 7 2
82 300
1 14 2
65 549
1 6 2
449 591
1 17 2
35 483
1 11 2
100 661
1 9 2
288 522
1 15 2
118 192
1 9 2
456 585
1 11 2
14 378
1 12 2
356 370
1 9 2
343 637
1 9 2
161 576
1 9 2
370 480
1 12 2
362 515
1 16 2
270 485
1 12 2
76 427
1 12 2
522 578
1 14 2
393 571
1 4 2
121 271
1 15 2
47 510
1 10 2
267 307
1 9 2
370 543
1 14 2
605 654
1 8 2
26 397
1 12 2
534 684
1 16 2
174 373
1 8 2
416 518
1 12 2
492 559
1 4 2
342 669
1 16 2
75 352
1 11 2
263 492
1 12 2
531 608
1 9 2
140 575
1 17 2
603 660
1 8 2
61 115
1 4 2
143 434
1 3 2
22 631
1 6 2
379 643
1 10 2
248 480
1 14 2
221 618
1 11 2
569 607
1 11 2
182 313
1 16 2
176 221
1 12 2
377 579
1 6 2
278 467
1 7 2
88 606
1 13 2
384 670
1 18 2
487 536
1 12 2
152 639
1 15 2
296 356
1 11 2
71 388
1 6 2
156 441
1 18 2
59 207
1 9 2
464 564
1 6 2
23 644
1 10 2
623 635
1 11 2
73 545
1 17 2
567 617
1 14 2
328 377
1 11 2
230 473
1 12 2
566 687
1 7 2
50 61
1 13 2
183 350
1 8 2
518 622
1 17 2
578 582
1 8 2
382 403
1 12 2
44 493
1 4 2
19 237
1 18 2
248 436
1 20 2
198 414
1 11 2
473 523
1 8 2
132 464
1 14 2
116 574
1 14 2
177 217
1 16 2
15 662
1 8 2
309 412
1 16 2
59 577
1 14 2
102 233
1 12 2
192 285
1 15 2
60 629
1 7 2
160 374
1 6 2
374 511
1 13 2
627 646
1 13 2
95 169
1 4 2
13 366
1 16 2
487 623
1 17 2
148 682
1 14 2
26 691
1 8 2
482 622
1 10 2
323 527
1 8 2
349 358
1 13 2
160 646
1 13 2
296 517
1 16 2
325 439
1 7 2
258 392
1 12 2
426 622
1 16 2
183 585
1 11 2
34 266
1 12 2
432 492
1 9 2
341 699
1 20 2
12 512
1 16 2
16 317
1 7 2
241 319
1 13 2
191 647
1 20 2
284 679
1 4 2
163 231
1 14 2
118 150
1 12 2
373 435
1 20 2
403 487
1 11 2
620 637
1 9 2
88 628
1 14 2
602 660
1 8 2
248 453
1 15 2
405 639
1 9 2
63 289
1 11 2
328 503
1 8 2
39 648
1 10 2
401 420
1 5 2
321 548
1 9 2
130 575
1 6 2
339 694
1 16 2
269 313
1 12 2
111 609
1 13 2
138 337
1 10 2
6 168
1 12 2
312 620
1 12 2
370 670
1 19 2
356 603
1 17 2
368 389
1 11 2
326 561
1 6 2
544 688
1 13 2
159 446
1 15 2
205 485
1 11 2
282 386
1 17 2
270 392
1 8 2
31 276
1 10 2
45 248
1 8 2
127 492
1 10 2
54 361
1 12 2
187 243
1 15 2
284 666
1 7 2
0 364
1 13 2
126 662
1 12 2
570 659
1 5 2
17 138
1 6 2
353 659
1 8 2
229 286
1 15 2
114 312
1 9 2
54 328
1 18 2
158 319
1 8 2
283 685
1 13 2
251 605
1 14 2
42 483
1 2 2
581 625
1 9 2
29 413
1 8 2
356 599
1 14 2
84 416
1 7 2
52 562
1 8 2
303 663
1 15 2
207 523
1 17 2
475 677
1 8 2
184 642
1 16 2
41 270
1 9 2
376 692
1 11 2
542 655
1 19 2
11 216
1 15 2
31 157
1 11 2
200 372
1 9 2
273 275
1 8 2
413 659
1 10 2
389 476
1 5 2
8 91
1 8 2
25 595
1 18 2
59 304
1 7 2
286 536
1 11 2
433 474
1 9 2
240 264
1 14 2
114 364
1 8 2
196 566
1 4 2
234 551
1 9 2
472 682
1 7 2
413 681
1 9 2
42 159
1 11 2
369 569
1 13 2
125 221
1 8 2
180 566
1 11 2
437 561
1 7 2
271 517
1 13 2
379 571
1 15 2
127 322
1 16 2
173 376
1 11 2
71 639
1 18 2
27 205
1 16 2
4 141
1 10 2
145 151
1 15 2
68 76
1 19 2
27 351
1 9 2
144 284
1 5 2
258 502
1 10 2
248 527
1 2 2
91 604
1 12 2
47 427
1 10 2
181 269
1 17 2
254 571
1 9 2
11 453
1 13 2
377 480
1 9 2
271 506
1 11 2
336 484
1 16 2
250 406
1 14 2
33 650
1 9 2
511 645
1 7 2
8 55
1 17 2
157 488
1 5 2
355 669
1 16 2
179 248
1 8 2
62 255
1 3 2
223 415
1 6 2
480 538
1 12 2
240 280
1 7 2
184 324
1 10 2
298 640
1 9 2
58 174
1 9 2
23 140
1 5 2
402 479
1 18 2
252 678
1 7 2
212 602
1 12 2
666 687
1 12 2
25 353
1 11 2
68 150
1 17 2
330 610
1 19 2
221 487
1 13 2
446 685
1 8 2
458 664
1 8 2
275 375
1 4 2
231 478
1 16 2
463 470
1 16 2
118 505
1 14 2
263 416
1 7 2
466 598
1 14 2
249 303
1 14 2
68 536
1 14 2
178 616
1 17 2
14 471
1 18 2
263 487
1 19 2
270 668
1 17 2
207 356
1 12 2
132 594
1 8 2
58 642
1 12 2
267 616
1 5 2
339 620
1 12 2
173 619
1 10 2
53 504
1 17 2
594 632
1 5 2
103 524
1 16 2
344 536
1 9 2
54 295
1 18 2
25 412
1 15 2
167 362
1 13 2
416 569
1 16 2
496 688
1 15 2
114 183
1 17 2
131 368
1 11 2
322 374
1 6 2
297 349
1 13 2
51 609
1 17 2
31 244
1 5 2
619 631
1 19 2
269 603
1 10 2
321 660
1 10 2
134 576
1 4 2
132 395
1 15 2
102 645
1 16 2
174 536
1 14 2
230 426
1 13 2
173 491
1 17 2
304 420
1 6 2
215 492
1 9 2
525 610
1 16 2
262 301
1 17 2
73 594
1 9 2
43 570
1 7 2
89 308
1 16 2
217 244
1 8 2
18 331
1 19 2
352 668
1 8 2
203 637
1 16 2
485 610
1 11 2
304 674
1 9 2
98 149
1 18 2
362 546
1 12 2
73 204
1 14 2
252 357
1 10 2
121 250
1 10 2
127 132
1 12 2
362 545
1 8 2
526 661
1 7 2
144 586
1 4 2
516 681
1 10 2
225 325
1 16 2
47 87
1 4 2
197 396
1 17 2
506 683
1 8 2
320 523
1 10 2
163 174
1 9 2
48 392
1 9 2
70 594
1 4 2
18 241
1 3 2
385 489
1 8 2
320 510
1 11 2
510 614
1 11 2
117 240
1 13 2
160 263
1 16 2
393 488
1 10 2
328 689
1 17 2
25 303
1 13 2
198 278
1 16 2
292 504
1 11 2
71 680
1 13 2
31 217
1 18 2
118 250
1 7 2
7 601
1 14 2
559 689
1 9 2
215 510
1 16 2
549 617
1 9 2
511 517
1 4 2
96 342
1 9 2
168 430
1 4 2
222 480
1 14 2
15 301
1 8 2
435 568
1 10 2
239 654
1 14 2
313 616
1 11 2
623 676
1 9 2
53 162
1 16 2
364 499
1 18 2
62 211
1 8 2
80 280
1 7 2
506 665
1 9 2
5 499
1 15 2
104 575
1 10 2
233 505
1 3 2
643 665
1 10 2
182 324
1 9 2
91 582
1 11 2
53 571
1 18 2
499 561
1 6 2
361 460
1 2 2
417 593
1 19 2
446 459
1 9 2
163 647
1 13 2
18 414
1 14 2
333 609
1 9 2
68 215
1 9 2
233 620
1 11 2
32 670
1 11 2
179 634
1 12 2
14 573
1 5 2
120 517
1 13 2
682 689
1 18 2
337 632
1 11 2
380 430
1 4 2
101 618
1 15 2
189 407
1 15 2
340 364
1 11 2
23 577
1 19 2
198 333
1 7 2
258 325
1 15 2
312 575
1 14 2
8 11
1 16 2
4 346
1 6 2
88 396
1 10 2
50 388
1 13 2
251 388
1 14 2
427 668
1 9 2
47 212
1 12 2
59 464
1 7 2
54 96
1 14 2
159 244
1 12 2
108 261
1 10 2
17 432
1 10 2
193 303
1 8 2
32 350
1 19 2
198 569
1 10 2
231 603
1 14 2
117 312
1 7 2
204 302
1 13 2
310 493
1 4 2
239 535
1 3 2
309 681
1 14 2
170 583
1 8 2
58 87
1 16 2
147 210
1 10 2
108 482
1 10 2
427 597
1 11 2
308 683
1 12 2
114 253
1 16 2
284 336
1 20 2
47 488
1 9 2
328 435
1 15 2
125 154
1 10 2
134 298
1 8 2
379 587
1 15 2
392 426
1 9 2
290 405
1 9 2
307 684
1 8 2
262 450
1 8 2
478 504
1 11 2
18 63
1 8 2
304 631
1 12 2
146 285
1 4 2
79 591
1 9 2
587 637
1 9 2
98 560
1 10 2
302 504
1 11 2
36 207
1 14 2
137 152
1 14 2
310 504
1 13 2
364 543
1 10 2
31 44
1 17 2
392 582
1 13 2
38 473
1 9 2
97 204
1 11 2
327 614
1 5 2
149 402
1 7 2
59 664
1 17 2
62 207
1 9 2
114 482
1 12 2
628 682
1 6 2
206 647
1 9 2
34 491
1 12 2
267 555
1 16 2
662 688
1 10 2
557 698
1 16 2
323 330
1 19 2
250 488
1 12 2
476 654
1 7 2
349 502
1 14 2
546 608
1 17 2
403 509
1 9 2
22 136
1 13 2
542 687
1 11 2
143 536
1 7 2
79 88
1 19 2
179 198
1 5 2
33 83
1 12 2
71 251
1 9 2
312 697
1 10 2
39 470
1 18 2
344 617
1 5 2
124 590
1 4 2
448 606
1 10 2
324 471
1 13 2
138 179
1 5 2
55 110
1 14 2
411 652
1 13 2
420 583
1 5 2
36 638
1 4 2
357 544
1 13 2
140 601
1 6 2
285 390
1 5 2
193 612
1 7 2
54 404
1 12 2
89 347
1 16 2
104 637
1 17 2
284 677
1 9 2
220 562
1 6 2
132 396
1 13 2
198 349
1 11 2
519 575
1 10 2
71 253
1 15 2
31 509
1 16 2
51 262
1 14 2
41 675
1 8 2
343 647
1 7 2
70 413
1 12 2
72 445
1 14 2
211 357
1 15 2
119 473
1 12 2
254 349
1 5 2
219 440
1 7 2
381 573
1 6 2
20 335
1 18 2
59 137
1 11 2
277 449
1 5 2
52 83
1 20 2
322 570
1 17 2
534 646
1 12 2
559 606
1 9 2
355 546
1 4 2
358 625
1 4 2
276 455
1 13 2
41 210
1 4 2
123 664
1 12 2
66 167
1 7 2
472 503
1 17 2
108 330
1 10 2
308 594
1 6 2
638 656
1 7 2
142 544
1 9 2
210 568
1 10 2
335 392
1 11 2
6 42
1 18 2
266 304
1 12 2
61 439
1 12 2
44 284
1 10 2
475 479
1 13 2
458 667
1 10 2
482 615
1 16 2
325 483
1 6 2
357 457
1 7 2
85 551
1 7 2
31 171
1 15 2
414 588
1 9 2
182 528
1 13 2
267 272
1 9 2
10 576
1 9 2
56 685
1 11 2
319 527
1 20 2
119 547
1 4 2
245 584
1 13 2
207 500
1 10 2
72 526
1 8 2
5 412
1 20 2
59 529
1 19 2
11 95
1 9 2
205 644
1 13 2
85 405
1 12 2
356 619
1 13 2
6 336
1 12 2
143 691
1 15 2
129 376
1 11 2
566 598
1 7 2
168 391
1 9 2
232 359
1 14 2
174 523
1 13 2
207 501
1 14 2
561 608
1 4 2
48 93
1 10 2
99 132
1 14 2
31 534
1 12 2
639 676
1 12 2
570 621
1 11 2
240 491
1 6 2
441 521
1 9 2
310 372
1 10 2
15 54
1 14 2
331 668
1 17 2
300 301
1 12 2
420 501
1 7 2
572 635
1 8 2
33 123
1 4 2
125 641
1 9 2
431 666
1 15 2
38 470
1 8 2
143 519
1 15 2
64 295
1 7 2
114 429
1 15 2
419 503
1 8 2
217 587
1 11 2
89 602
1 12 2
11 57
1 5 2
57 239
1 17 2
75 281
1 9 2
302 452
1 10 2
379 689
1 5 2
134 535
1 12 2
9 229
1 18 2
269 512
1 10 2
350 430
1 5 2
132 695
1 9 2
428 602
1 14 2
351 585
1 11 2
194 288
1 10 2
250 478
1 8 2
396 470
1 6 2
17 562
1 5 2
239 456
1 2 2
3 28
1 18 2
377 512
1 13 2
324 504
1 15 2
301 325
1 16 2
154 506
1 16 2
205 567
1 5 2
39 600
1 12 2
412 416
1 15 2
162 691
1 17 2
475 534
1 5 2
8 83
1 12 2
389 575
1 15 2
81 422
1 7 2
133 142
1 11 2
374 547
1 13 2
66 412
1 12 2
240 323
1 7 2
501 606
1 15 2
244 543
1 13 2
397 610
1 19 2
576 603
1 15 2
173 459
1 6 2
248 544
1 16 2
136 675
1 8 2
155 645
1 9 2
406 669
1 11 2
12 201
1 6 2
58 311
1 12 2
340 430
1 14 2
11 618
1 12 2
232 328
1 5 2
203 372
1 13 2
84 145
1 14 2
475 505
1 14 2
183 618
1 17 2
4 102
1 15 2
114 346
1 16 2
312 647
1 10 2
356 374
1 19 2
12 266
1 7 2
306 354
1 14 2
210 280
1 11 2
175 357
1 8 2
83 576
1 20 2
25 252
1 10 2
409 617
1 11 2
59 613
1 4 2
3 486
1 9 2
237 340
1 13 2
174 394
1 8 2
175 268
1 12 2
254 464
1 14 2
347 675
1 9 2
89 498
1 10 2
266 644
1 10 2
396 650
1 12 2
72 608
1 13 2
256 561
1 12 2
278 281
1 8 2
313 497
1 12 2
75 667
1 5 2
299 519
1 14 2
162 312
1 9 2
278 407
1 10 2
155 691
1 14 2
230 248
1 4 2
256 451
1 7 2
50 497
1 12 2
9 542
1 11 2
81 122
1 15 2
38 452
1 16 2
4 73
1 7 2
320 324
1 4 2
58 276
1 8 2
163 608
1 11 2
170 289
1 7 2
233 445
1 15 2
561 614
1 14 2
205 694
1 7 2
343 585
1 14 2
356 442
1 14 2
205 411
1 9 2
422 656
1 6 2
424 470
1 15 2
102 567
1 7 2
0 536
1 15 2
303 412
1 8 2
2 524
1 9 2
172 373
1 18 2
108 436
1 12 2
73 100
1 13 2
54 414
1 15 2
76 470
1 9 2
78 379
1 10 2
422 694
1 12 2
350 569
1 8 2
82 582
1 13 2
129 660
1 11 2
50 275
1 3 2
196 334
1 17 2
141 262
1 13 2
361 554
1 8 2
435 528
1 19 2
142 377
1 10 2
181 499
1 9 2
125 574
1 9 2
606 639
1 10 2
192 233
1 17 2
325 582
1 14 2
14 145
1 8 2
280 448
1 7 2
542 589
1 12 2
115 459
1 14 2
72 217
1 20 2
154 547
1 16 2
210 432
1 3 2
30 291
1 9 2
449 545
1 4 2
139 164
1 11 2
88 230
1 13 2
330 517
1 8 2
406 464
1 8 2
308 585
1 7 2
288 699
1 5 2
326 369
1 14 2
111 333
1 7 2
14 400
1 9 2
526 531
1 17 2
167 414
1 10 2
496 671
1 12 2
349 463
1 10 2
216 268
1 18 2
65 504
1 7 2
190 634
1 11 2
238 372
1 5 2
92 341
1 3 2
10 560
1 10 2
341 554
1 7 2
518 655
1 7 2
449 572
1 6 2
286 310
1 5 2
435 692
1 5 2
99 400
1 11 2
237 650
1 12 2
314 610
1 11 2
14 265
1 10 2
586 666
1 13 2
126 678
1 12 2
228 570
1 10 2
195 637
1 6 2
541 627
1 10 2
270 587
1 20 2
104 346
1 15 2
99 306
1 5 2
311 472
1 11 2
347 640
1 12 2
585 688
1 9 2
243 551
1 19 2
84 198
1 11 2
263 532
1 19 2
405 547
1 17 2
475 571
1 20 2
183 582
1 17 2
14 173
1 14 2
175 412
1 12 2
224 669
1 14 2
310 682
1 7 2
90 460
1 12 2
35 152
1 10 2
49 546
1 14 2
167 602
1 12 2
131 694
1 13 2
504 675
1 8 2
402 502
1 17 2
232 463
1 14 2
76 554
1 11 2
51 480
1 16 2
14 253
1 17 2
116 420
1 11 2
624 636
1 8 2
339 603
1 14 2
679 684
1 7 2
134 182
1 4 2
55 490
1 18 2
47 459
1 15 2
439 677
1 19 2
483 682
1 9 2
61 588
1 7 2
77 488
1 14 2
52 224
1 12 2
122 693
1 5 2
29 214
1 10 2
141 461
1 13 2
33 47
1 20 2
270 559
1 7 2
195 511
1 10 2
122 200
1 6 2
482 502
1 13 2
266 498
1 2 2
450 539
1 10 2
439 690
1 8 2
497 585
1 13 2
104 550
1 6 2
209 287
1 19 2
238 346
1 20 2
27 270
1 6 2
85 478
1 14 2
125 238
1 7 2
213 248
1 18 2
373 569
1 15 2
210 254
1 16 2
210 266
1 11 2
282 528
1 17 2
173 691
1 14 2
182 319
1 12 2
41 379
1 13 2
350 364
1 11 2
68 350
1 4 2
357 533
1 15 2
446 588
1 15 2
229 563
1 7 2
450 688
1 6 2
314 320
1 12 2
182 647
1 18 2
559 652
1 6 2
381 409
1 12 2
134 603
1 6 2
160 455
1 16 2
254 282
1 7 2
633 690
1 5 2
320 332
1 10 2
139 447
1 15 2
282 426
1 15 2
220 534
1 10 2
453 679
1 13 2
407 470
1 12 2
413 596
1 17 2
250 330
1 7 2
215 481
1 18 2
254 262
1 4 2
215 600
1 8 2
74 405
1 4 2
290 302
1 9 2
256 399
1 16 2
64 537
1 8 2
35 49
1 9 2
214 279
1 20 2
104 207
1 12 2
547 562
1 13 2
284 622
1 5 2
172 274
1 4 2
400 498
1 18 2
177 351
1 12 2
109 406
1 13 2
38 622
1 13 2
16 159
1 12 2
34 683
1 14 2
59 687
1 5 2
334 402
1 8 2
52 427
1 13 2
469 693
1 12 2
109 230
1 16 2
81 129
1 10 2
344 612
1 10 2
139 325
1 15 2
103 244
1 9 2
485 644
1 15 2
301 392
1 2 2
520 697
1 14 2
622 632
1 8 2
29 422
1 6 2
564 604
1 12 2
200 640
1 13 2
312 618
1 16 2
248 312
1 4 2
326 409
1 14 2
60 588
1 7 2
42 112
1 6 2
451 661
1 13 2
228 292
1 17 2
306 312
1 7 2
137 580
1 6 2
327 398
1 12 2
498 602
1 9 2
296 532
1 8 2
71 621
1 9 2
225 393
1 17 2
405 632
1 17 2
178 636
1 19 2
362 693
1 12 2
194 397
1 3 2
378 514
1 4 2
390 518
1 7 2
110 586
1 9 2
587 675
1 13 2
71 148
1 10 2
228 267
1 13 2
27 607
1 15 2
280 576
1 17 2
72 373
1 12 2
205 386
1 12 2
327 384
1 12 2
122 546
1 12 2
23 629
1 9 2
242 407
1 14 2
531 647
1 3 2
185 239
1 12 2
221 366
1 7 2
203 575
1 16 2
361 475
1 13 2
384 569
1 12 2
68 117
1 14 2
47 349
1 11 2
561 644
1 20 2
14 281
1 7 2
89 302
1 16 2
399 693
1 11 2
9 609
1 11 2
85 506
1 14 2
379 534
1 7 2
399 671
1 13 2
243 279
1 16 2
333 534
1 8 2
82 84
1 11 2
85 249
1 5 2
357 365
1 15 2
146 570
1 8 2
225 486
1 18 2
224 615
1 5 2
227 407
1 8 2
59 133
1 5 2
332 528
1 12 2
292 445
1 10 2
112 594
1 9 2
138 449
1 16 2
244 298
1 3 2
46 290
1 14 2
27 583
1 10 2
34 114
1 14 2
100 102
1 5 2
105 694
1 7 2
172 327
1 12 2
232 609
1 9 2
414 692
1 5 2
164 187
1 14 2
250 449
1 12 2
435 576
1 8 2
464 619
1 20 2
559 610
1 15 2
301 347
1 16 2
111 116
1 14 2
205 471
1 10 2
387 446
1 8 2
533 601
1 6 2
354 426
1 14 2
152 292
1 5 2
22 579
1 13 2
75 406
1 14 2
275 566
1 8 2
83 90
1 6 2
560 694
1 7 2
88 658
1 10 2
282 648
1 7 2
358 628
1 7 2
45 495
1 3 2
91 385
1 5 2
107 375
1 14 2
281 550
1 6 2
53 527
1 14 2
71 414
1 5 2
153 321
1 12 2
177 515
1 5 2
34 409
1 12 2
114 310
1 9 2
103 550
1 9 2
291 496
1 6 2
260 637
1 12 2
159 652
1 9 2
527 596
1 11 2
414 443
1 19 2
25 678
1 9 2
103 633
1 14 2
60 167
1 5 2
181 690
1 5 2
44 539
1 15 2
183 684
1 15 2
108 623
1 14 2
275 688
1 6 2
258 675
1 13 2
23 362
1 6 2
298 339
1 16 2
220 691
1 4 2
17 58
1 17 2
59 319
1 15 2
325 351
1 10 2
83 610
1 3 2
294 511
1 19 2
137 337
1 13 2
248 684
1 19 2
362 403
1 8 2
43 389
1 10 2
124 559
1 5 2
36 375
1 6 2
433 643
1 10 2
328 583
1 10 2
619 651
1 17 2
211 407
1 11 2
401 405
1 8 2
454 484
1 12 2
139 362
1 13 2
60 622
1 10 2
55 98
1 13 2
295 529
1 6 2
552 698
1 9 2
219 686
1 10 2
406 586
1 12 2
218 436
1 4 2
77 397
1 13 2
480 610
1 16 2
292 537
1 13 2
68 458
1 12 2
6 651
1 10 2
477 683
1 12 2
253 471
1 17 2
108 632
1 13 2
220 678
1 10 2
410 561
1 14 2
483 614
1 11 2
89 167
1 9 2
64 589
1 6 2
176 199
1 19 2
179 221
1 12 2
392 597
1 13 2
275 503
1 11 2
61 632
1 8 2
270 533
1 12 2
39 272
1 13 2
192 275
1 11 2
66 114
1 14 2
263 537
1 12 2
484 617
1 19 2
377 679
1 9 2
114 195
1 4 2
165 469
1 10 2
209 474
1 11 2
427 557
1 10 2
522 620
1 20 2
170 266
1 10 2
98 671
1 9 2
496 665
1 11 2
167 608
1 13 2
488 608
1 8 2
185 251
1 20 2
322 679
1 7 2
210 692
1 8 2
159 698
1 7 2
86 666
1 13 2
158 484
1 12 2
152 652
1 3 2
544 695
1 11 2
304 698
1 14 2
140 281
1 8 2
10 148
1 10 2
112 189
1 16 2
313 475
1 13 2
4 253
1 18 2
436 677
1 9 2
32 543
1 8 2
332 412
1 10 2
183 540
1 11 2
493 640
1 8 2
117 359
1 11 2
218 496
1 5 2
265 273
1 8 2
208 284
1 6 2
196 699
1 13 2
99 506
1 17 2
252 567
1 7 2
453 651
1 7 2
32 36
1 19 2
158 211
1 6 2
246 661
1 10 2
37 275
1 5 2
78 584
1 10 2
298 371
1 17 2
269 652
1 9 2
488 540
1 13 2
254 261
1 15 2
324 679
1 5 2
423 596
1 7 2
383 412
1 17 2
108 344
1 10 2
181 250
1 8 2
195 379
1 15 2
253 432
1 12 2
76 132
1 15 2
73 189
1 8 2
453 594
1 18 2
224 602
1 13 2
289 546
1 7 2
463 664
1 10 2
93 683
1 12 2
37 610
1 14 2
38 680
1 10 2
515 578
1 8 2
473 598
1 12 2
59 586
1 13 2
279 347
1 10 2
238 671
1 3 2
149 398
1 9 2
517 608
1 11 2
238 690
1 10 2
76 513
1 9 2
479 534
1 15 2
327 373
1 7 2
323 398
1 11 2
160 687
1 12 2
85 403
1 10 2
405 624
1 5 2
591 605
1 5 2
486 631
1 4 2
273 516
1 12 2
27 553
1 7 2
92 496
1 17 2
173 487
1 17 2
60 356
1 11 2
52 493
1 6 2
245 663
1 14 2
496 517
1 12 2
122 322
1 12 2
211 634
1 5 2
58 613
1 7 2
160 659
1 9 2
364 535
1 8 2
651 674
1 8 2
21 216
1 9 2
236 529
1 16 2
75 102
1 13 2
138 603
1 11 2
253 388
1 10 2
387 601
1 9 2
384 484
1 15 2
72 549
1 9 2
501 628
1 8 2
574 607
1 5 2
88 692
1 7 2
385 675
1 7 2
15 70
1 13 2
84 331
1 9 2
351 365
1 14 2
23 102
1 8 2
51 448
1 15 2
422 546
1 11 2
467 570
1 10 2
169 687
1 11 2
615 655
1 10 2
135 281
1 8 2
62 692
1 14 2
249 442
1 15 2
411 601
1 8 2
154 600
1 12 2
152 301
1 19 2
177 509
1 15 2
102 519
1 13 2
168 377
1 9 2
310 633
1 13 2
142 321
1 9 2
373 409
1 18 2
51 436
1 8 2
195 305
1 19 2
108 211
1 6 2
318 590
1 8 2
125 528
1 13 2
68 216
1 13 2
114 279
1 6 2
29 511
1 16 2
35 250
1 7 2
59 423
1 12 2
126 499
1 18 2
266 512
1 7 2
500 518
1 14 2
33 252
1 11 2
98 590
1 11 2
469 639
1 15 2
542 602
1 9 2
68 195
1 4 2
7 501
1 9 2
298 443
1 18 2
64 652
1 9 2
59 438
1 12 2
244 391
1 7 2
86 248
1 16 2
304 340
1 12 2
119 201
1 14 2
39 198
1 16 2
16 380
1 13 2
76 416
1 13 2
168 281
1 15 2
12 660
1 19 2
432 439
1 19 2
95 377
1 7 2
502 530
1 9 2
346 465
1 7 2
180 470
1 14 2
14 521
1 11 2
267 588
1 13 2
27 521
1 4 2
204 334
1 7 2
214 233
1 10 2
58 194
1 16 2
81 389
1 14 2
75 330
1 13 2
119 139
1 17 2
566 662
1 9 2
311 350
1 15 2
177 510
1 5 2
276 640
1 12 2
282 627
1 10 2
372 534
1 1 2
1 641
1 9 2
152 530
1 15 2
173 439
1 10 2
145 609
1 9 2
15 156
1 18 2
207 333
1 11 2
377 404
1 6 2
67 178
1 9 2
281 600
1 10 2
127 430
1 9 2
65 342
1 12 2
442 694
1 4 2
19 61
1 8 2
285 532
1 13 2
422 682
1 6 2
506 533
1 6 2
438 667
1 14 2
63 232
1 7 2
530 621
1 7 2
327 390
1 4 2
237 580
1 15 2
154 159
1 12 2
15 384
1 9 2
659 660
1 10 2
132 523
1 8 2
647 695
1 15 2
145 179
1 12 2
114 411
1 17 2
63 603
1 14 2
76 310
1 19 2
84 679
1 5 2
327 641
1 7 2
500 527
1 7 2
94 492
1 8 2
439 625
1 18 2
189 281
1 4 2
231 513
1 6 2
35 489
1 18 2
118 319
1 17 2
14 303
1 14 2
469 679
1 9 2
122 340
1 6 2
638 676
1 18 2
194 319
1 14 2
25 381
1 12 2
435 646
1 8 2
276 632
1 12 2
88 303
1 16 2
510 668
1 15 2
99 344
1 15 2
99 319
1 12 2
405 486
1 15 2
564 683
1 9 2
139 379
1 11 2
181 546
1 10 2
350 406
1 13 2
420 575
1 12 2
228 483
1 2 2
257 451
1 18 2
270 594
1 8 2
321 521
1 12 2
218 650
1 11 2
49 654
1 8 2
149 652
1 14 2
190 284
1 11 2
554 583
1 10 2
317 469
1 10 2
178 245
1 9 2
261 642
1 12 2
57 693
1 20 2
27 81
1 12 2
282 350
1 19 2
512 546
1 17 2
262 304
1 7 2
33 437
1 5 2
438 551
1 12 2
205 370
1 11 2
141 658
1 7 2
106 632
1 6 2
187 255
1 16 2
312 470
1 5 2
309 633
1 17 2
12 298
1 10 2
352 404
1 16 2
361 446
1 19 2
224 284
1 16 2
603 651
1 9 2
212 238
1 18 2
170 352
1 16 2
211 474
1 10 2
315 586
1 12 2
300 656
1 15 2
275 323
1 10 2
55 254
1 13 2
629 676
1 17 2
292 652
1 15 2
31 412
1 8 2
135 677
1 6 2
519 591
1 14 2
71 284
1 5 2
30 597
1 2 2
7 223
1 7 2
295 297
1 13 2
493 649
1 8 2
301 460
1 12 2
112 436
1 18 2
304 346
1 3 2
124 385
1 12 2
238 256
1 13 2
337 528
1 19 2
16 244
1 8 2
312 390
1 12 2
562 682
1 11 2
167 168
1 15 2
322 454
1 5 2
88 524
1 18 2
31 561
1 13 2
279 296
1 8 2
412 671
1 9 2
232 612
1 13 2
617 698
1 5 2
334 588
1 10 2
521 660
1 12 2
352 669
1 15 2
322 519
1 11 2
292 391
1 15 2
137 388
1 7 2
434 688
1 13 2
102 132
1 5 2
543 580
1 8 2
267 673
1 10 2
478 683
1 17 2
142 493
1 9 2
320 537
1 12 2
300 370
1 20 2
14 292
1 9 2
78 388
1 16 2
475 554
1 9 2
191 659
1 7 2
4 166
1 12 2
330 684
1 14 2
60 623
1 9 2
285 464
1 9 2
96 407
1 5 2
526 532
1 12 2
244 484
1 13 2
38 103
1 8 2
65 247
1 14 2
151 483
1 5 2
199 590
1 9 2
49 282
1 9 2
35 518
1 18 2
248 546
1 12 2
69 679
1 6 2
114 631
1 2 2
86 409
1 15 2
317 377
1 16 2
594 629
1 15 2
68 546
1 8 2
225 363
1 7 2
185 678
1 7 2
55 597
1 12 2
349 646
1 20 2
322 529
1 4 2
44 260
1 14 2
94 668
1 12 2
549 639
1 10 2
49 512
1 6 2
128 217
1 15 2
536 542
1 15 2
373 503
1 12 2
2 159
1 13 2
42 102
1 10 2
74 198
1 7 2
335 674
1 18 2
254 403
1 9 2
478 662
1 11 2
357 675
1 5 2
48 357
1 20 2
12 683
1 11 2
156 304
1 6 2
241 340
1 8 2
343 510
1 19 2
137 546
1 17 2
73 333
1 16 2
35 654
1 12 2
449 522
1 16 2
675 679
1 11 2
104 404
1 14 2
639 678
1 7 2
233 482
1 13 2
230 280
1 9 2
275 443
1 4 2
425 521
1 15 2
243 373
1 14 2
531 542
1 13 2
38 430
1 10 2
102 644
1 3 2
423 445
1 13 2
103 571
1 7 2
233 256
1 13 2
176 447
1 14 2
384 493
1 17 2
141 594
1 17 2
59 72
1 9 2
126 627
1 12 2
115 602
1 8 2
376 539
1 5 2
71 424
1 12 2
583 652
1 8 2
143 315
1 3 2
387 600
1 14 2
191 470
1 7 2
148 460
1 7 2
242 449
1 14 2
108 361
1 11 2
178 633
1 11 2
195 688
1 16 2
601 602
1 3 2
290 387
1 20 2
546 636
1 14 2
52 281
1 13 2
104 530
1 14 2
264 561
1 15 2
187 636
1 4 2
490 686
1 15 2
14 433
1 11 2
328 566
1 9 2
63 484
1 12 2
267 531
1 13 2
62 564
1 10 2
178 372
1 12 2
376 528
1 7 2
88 551
1 10 2
117 204
1 6 2
67 523
1 9 2
49 137
1 4 2
17 612
1 12 2
176 220
1 3 2
197 294
1 9 2
626 679
1 11 2
196 346
1 9 2
397 406
1 16 2
253 529
1 3 2
133 289
1 9 2
265 280
1 15 2
523 693
1 17 2
303 376
1 18 2
27 652
1 9 2
53 554
1 11 2
237 488
1 12 2
157 618
1 11 2
225 459
1 5 2
464 625
1 16 2
119 609
1 19 2
254 487
1 13 2
251 315
1 12 2
357 571
1 15 2
190 487
1 8 2
568 676
1 14 2
266 341
1 9 2
328 543
1 11 2
63 379
1 10 2
88 219
1 11 2
416 517
1 9 2
39 219
1 5 2
1 71
1 7 2
510 697
1 5 2
427 465
1 4 2
18 113
1 19 2
119 312
1 10 2
49 559
1 7 2
57 497
1 11 2
577 620
1 12 2
221 476
1 16 2
662 680
1 12 2
324 340
1 14 2
98 622
1 9 2
413 486
1 10 2
39 99
1 11 2
484 499
1 9 2
68 456
1 8 2
70 325
1 10 2
87 659
1 12 2
405 550
1 7 2
48 162
1 8 2
36 145
1 7 2
162 593
1 12 2
419 586
1 6 2
111 338
1 18 2
420 603
1 9 2
114 674
1 8 2
8 658
1 5 2
117 507
1 14 2
107 693
1 5 2
314 408
1 18 2
244 534
1 12 2
125 536
1 17 2
4 654
1 18 2
95 615
1 15 2
377 413
1 11 2
142 690
1 19 2
177 601
1 8 2
362 600
1 13 2
42 601
1 17 2
364 570
1 12 2
225 300
1 11 2
96 102
1 10 2
49 205
1 14 2
209 344
1 12 2
245 632
1 9 2
123 230
1 16 2
292 503
1 9 2
36 114
1 8 2
36 689
1 7 2
241 483
1 12 2
100 280
1 12 2
397 512
1 6 2
335 480
1 10 2
335 571
1 3 2
45 257
1 18 2
98 414
1 15 2
279 459
1 12 2
215 269
1 10 2
633 687
1 15 2
496 555
1 16 2
267 414
1 12 2
443 679
1 17 2
27 282
1 15 2
147 470
1 13 2
503 567
1 8 2
38 246
1 11 2
32 272
1 12 2
403 648
1 13 2
633 683
1 11 2
486 566
1 10 2
454 694
1 16 2
330 504
1 11 2
330 521
1 8 2
441 616
1 16 2
280 569
1 10 2
308 356
1 14 2
277 662
1 15 2
109 200
1 17 2
157 561
1 19 2
183 403
1 15 2
352 433
1 11 2
407 416
1 6 2
53 271
1 14 2
9 207
1 18 2
167 668
1 15 2
323 670
1 12 2
148 295
1 11 2
346 415
1 11 2
130 629
1 16 2
399 488
1 14 2
84 503
1 10 2
190 517
1 11 2
187 384
1 16 2
27 109
1 7 2
52 289
1 19 2
158 183
1 17 2
2 373
1 5 2
155 492
1 9 2
204 614
1 10 2
349 578
1 16 2
224 578
1 12 2
463 530
1 18 2
183 629
1 11 2
32 340
1 14 2
51 616
1 10 2
379 586
1 11 2
26 389
1 9 2
32 151
1 8 2
305 551
1 11 2
244 444
1 6 2
91 109
1 12 2
23 137
1 9 2
192 467
1 9 2
427 667
1 14 2
192 300
1 15 2
47 190
1 10 2
154 626
1 6 2
563 611
1 14 2
277 693
1 19 2
104 136
1 5 2
268 532
1 17 2
319 499
1 7 2
392 425
1 11 2
415 487
1 8 2
48 340
1 15 2
76 411
1 12 2
71 670
1 13 2
62 209
1 5 2
341 365
1 11 2
59 648
1 7 2
2 106
1 20 2
224 337
1 9 2
192 674
1 9 2
87 201
1 8 2
189 438
1 9 2
44 614
1 7 2
49 63
1 8 2
319 593
1 9 2
83 483
1 9 2
184 373
1 9 2
54 685
1 5 2
172 640
1 12 2
370 536
1 17 2
62 170
1 14 2
173 336
1 18 2
376 483
1 11 2
499 562
1 4 2
584 656
1 11 2
62 659
1 3 2
49 329
1 8 2
590 676
1 9 2
207 375
1 14 2
183 486
1 18 2
95 200
1 17 2
2 646
1 13 2
505 571
1 14 2
487 618
1 8 2
245 357
1 13 2
63 578
1 11 2
9 471
1 8 2
16 539
1 13 2
152 439
1 13 2
321 650
1 10 2
216 255
1 4 2
375 401
1 13 2
41 63
1 20 2
154 263
1 8 2
550 551
1 8 2
121 666
1 15 2
603 618
1 13 2
158 295
1 4 2
153 225
1 15 2
317 499
1 14 2
12 328
1 12 2
684 687
1 8 2
214 447
1 18 2
81 439
1 7 2
92 670
1 11 2
12 318
1 13 2
300 583
1 12 2
351 381
1 11 2
35 151
1 14 2
224 274
1 12 2
529 698
1 16 2
194 447
1 7 2
105 205
1 16 2
319 670
1 17 2
336 559
1 3 2
438 440
1 20 2
158 252
1 9 2
135 512
1 14 2
71 368
1 10 2
6 94
1 11 2
249 397
1 10 2
285 486
1 11 2
459 466
1 11 2
368 443
1 18 2
270 362
1 12 2
349 364
1 7 2
460 536
1 12 2
51 240
1 3 2
438 450
1 10 2
536 551
1 6 2
342 563
1 16 2
16 87
1 3 2
105 242
1 16 2
298 632
1 19 2
546 683
1 7 2
437 555
1 16 2
262 323
1 4 2
387 690
1 17 2
131 158
1 17 2
148 194
1 13 2
198 669
1 12 2
205 550
1 6 2
295 477
1 2 2
258 626
1 9 2
126 209
1 9 2
361 573
1 14 2
94 546
1 20 2
211 244
1 16 2
216 470
1 4 2
86 530
1 20 2
547 561
1 7 2
140 278
1 11 2
192 379
1 7 2
478 555
1 13 2
647 660
1 12 2
229 699
1 4 2
465 532
1 14 2
232 677
1 4 2
46 69
1 10 2
481 675
1 12 2
475 521
1 10 2
68 363
1 8 2
590 633
1 13 2
204 432
1 8 2
204 235
1 18 2
189 446
1 15 2
436 585
1 7 2
231 347
1 17 2
403 536
1 8 2
313 468
1 14 2
150 319
1 18 2
207 300
1 8 2
122 554
1 9 2
349 694
1 8 2
301 359
1 17 2
394 483
1 8 2
184 577
1 13 2
104 685
1 2 2
19 92
1 19 2
205 570
1 12 2
310 323
1 14 2
683 684
1 12 2
543 578
1 12 2
183 568
1 13 2
117 660
1 11 2
9 505
1 14 2
111 571
1 17 2
41 693
1 9 2
453 536
1 15 2
279 463
1 15 2
322 622
1 16 2
356 615
1 3 2
67 477
1 16 2
224 471
1 8 2
587 609
1 13 2
87 557
1 8 2
116 339
1 4 2
257 500
1 16 2
563 610
1 9 2
380 648
1 6 2
288 318
1 4 2
427 630
1 5 2
457 568
1 11 2
380 608
1 14 2
97 420
1 7 2
163 274
1 14 2
275 616
1 18 2
38 377
1 10 2
62 552
1 10 2
298 349
1 10 2
167 562
1 18 2
76 419
1 16 2
317 488
1 18 2
356 561
1 8 2
573 645
1 8 2
235 473
1 11 2
486 645
1 8 2
506 513
1 17 2
158 594
1 11 2
207 353
1 7 2
101 351
1 8 2
308 422
1 14 2
8 693
1 10 2
188 679
1 18 2
16 636
1 16 2
296 352
1 13 2
315 344
1 11 2
412 484
1 8 2
320 474
1 13 2
114 637
1 15 2
108 243
1 17 2
189 512
1 12 2
66 393
1 13 2
549 566
1 3 2
214 580
1 10 2
76 203
1 8 2
218 586
1 19 2
51 119
1 10 2
180 368
1 5 2
398 585
1 6 2
390 675
1 9 2
41 203
1 11 2
240 563
1 16 2
176 368
1 15 2
102 575
1 5 2
146 247
1 11 2
39 157
1 9 2
179 450
1 12 2
139 270
1 12 2
221 482
1 11 2
492 646
1 11 2
242 292
1 2 2
7 626
1 10 2
96 496
1 18 2
419 446
1 15 2
51 503
1 8 2
294 561
1 8 2
277 372
1 8 2
246 419
1 6 2
26 540
1 5 2
169 600
1 14 2
277 414
1 8 2
135 142
1 11 2
408 439
1 17 2
629 650
1 7 2
18 573
1 12 2
412 614
1 16 2
269 327
1 9 2
213 582
1 10 2
124 221
1 17 2
60 141
1 14 2
356 675
1 16 2
65 323
1 15 2
566 678
1 6 2
180 608
1 10 2
20 563
1 13 2
284 598
1 15 2
254 523
1 9 2
380 445
1 11 2
181 636
1 19 2
64 403
1 12 2
369 458
1 7 2
334 499
1 15 2
563 629
1 6 2
74 411
1 6 2
410 608
1 10 2
430 684
1 14 2
251 313
1 17 2
95 578
1 15 2
652 688
1 11 2
147 674
1 15 2
449 483
1 11 2
176 574
1 10 2
38 343
1 11 2
369 629
1 9 2
70 248
1 8 2
493 692
1 18 2
147 458
1 7 2
139 521
1 8 2
397 498
1 5 2
49 644
1 10 2
192 676
1 13 2
98 233
1 15 2
27 618
1 12 2
176 230
1 14 2
319 588
1 20 2
14 244
1 11 2
310 651
1 10 2
380 528
1 7 2
460 557
1 17 2
142 536
1 12 2
29 198
1 8 2
44 656
1 10 2
112 571
1 11 2
97 555
1 7 2
70 384
1 13 2
649 654
1 11 2
349 688
1 17 2
577 693
1 13 2
158 689
1 12 2
147 341
1 17 2
35 650
1 7 2
169 613
1 11 2
146 543
1 13 2
406 652
1 7 2
174 398
1 19 2
601 683
1 12 2
361 388
1 12 2
577 597
1 11 2
136 508
1 6 2
401 481
1 5 2
342 381
1 6 2
127 172
1 12 2
356 648
1 7 2
317 541
1 4 2
155 444
1 10 2
116 625
1 10 2
63 586
1 8 2
318 407
1 6 2
308 624
1 8 2
82 662
1 4 2
17 55
1 6 2
69 140
1 9 2
355 499
1 7 2
159 606
1 20 2
436 529
1 12 2
317 687
1 6 2
326 640
1 6 2
363 404
1 9 2
295 574
1 9 2
58 251
1 6 2
287 416
1 9 2
5 691
1 13 2
312 363
1 8 2
224 299
1 7 2
13 301
1 13 2
344 498
1 15 2
137 325
1 11 2
416 522
1 11 2
169 285
1 14 2
189 447
1 14 2
131 336
1 6 2
525 620
1 11 2
8 146
1 8 2
395 683
1 5 2
20 429
1 12 2
336 564
1 11 2
430 491
1 18 2
322 569
1 16 2
191 475
1 13 2
649 693
1 15 2
217 582
1 14 2
154 481
1 9 2
280 444
1 11 2
62 568
1 11 2
210 500
1 10 2
73 502
1 11 2
9 563
1 11 2
292 335
1 14 2
377 684
1 17 2
389 475
1 14 2
248 327
1 15 2
68 119
1 13 2
341 654
1 5 2
159 355
1 16 2
179 303
1 15 2
282 323
1 19 2
119 170
1 6 2
196 372
1 12 2
609 666
1 9 2
304 665
1 14 2
99 463
1 12 2
313 566
1 10 2
218 279
1 14 2
35 323
1 7 2
20 648
1 18 2
221 594
1 3 2
400 538
1 20 2
81 377
1 10 2
362 695
1 10 2
94 566
1 10 2
85 219
1 4 2
607 692
1 17 2
84 488
1 11 2
300 308
1 10 2
58 436
1 17 2
272 351
1 11 2
42 167
1 4 2
530 664
1 19 2
250 284
1 7 2
155 635
1 15 2
392 578
1 12 2
298 433
1 9 2
426 513
1 9 2
403 599
1 9 2
199 561
1 20 2
104 211
1 18 2
205 364
1 11 2
322 673
1 8 2
430 568
1 7 2
235 495
1 13 2
31 109
1 4 2
36 524
1 12 2
358 403
1 7 2
52 516
1 10 2
261 325
1 9 2
109 372
1 9 2
217 686
1 11 2
130 688
1 17 2
73 141
1 14 2
182 211
1 7 2
71 556
1 19 2
300 570
1 11 2
513 559
1 12 2
151 178
1 16 2
200 210
1 3 2
149 202
1 7 2
279 387
1 7 2
38 208
1 10 2
349 393
1 12 2
118 341
1 15 2
42 116
1 12 2
215 682
1 16 2
90 412
1 14 2
42 300
1 15 2
262 485
1 6 2
329 575
1 12 2
76 307
1 18 2
108 475
1 9 2
322 489
1 5 2
107 258
1 2 2
1 135
1 9 2
159 413
1 16 2
116 313
1 14 2
487 510
1 6 2
155 159
1 8 2
4 465
1 4 2
287 288
1 8 2
261 358
1 11 2
32 688
1 14 2
336 666
1 9 2
167 444
1 10 2
11 472
1 9 2
91 668
1 15 2
221 285
1 14 2
403 519
1 10 2
2 58
1 20 2
488 559
1 13 2
661 666
1 11 2
76 497
1 14 2
47 597
1 6 2
335 497
1 18 2
147 419
1 15 2
244 277
1 12 2
109 645
1 10 2
73 278
1 19 2
95 137
1 10 2
331 537
1 16 2
306 412
1 15 2
125 281
1 5 2
206 370
1 13 2
169 615
1 12 2
131 498
1 8 2
182 628
1 11 2
14 453
1 9 2
97 115
1 14 2
189 452
1 15 2
362 680
1 19 2
116 118
1 7 2
73 241
1 18 2
158 678
1 12 2
115 221
1 14 2
116 350
1 10 2
291 569
1 16 2
217 252
1 5 2
33 479
1 8 2
324 466
1 3 2
441 696
1 10 2
283 647
1 14 2
403 651
1 12 2
198 648
1 11 2
370 666
1 13 2
36 244
1 7 2
85 502
1 10 2
29 167
1 8 2
33 341
1 9 2
181 373
1 11 2
201 483
1 10 2
474 699
1 5 2
74 386
1 14 2
652 680
1 12 2
282 588
1 8 2
182 464
1 13 2
173 639
1 9 2
249 378
1 12 2
370 678
1 13 2
412 554
1 16 2
162 221
1 17 2
439 499
1 19 2
95 118
1 12 2
137 397
1 9 2
308 566
1 15 2
449 617
1 9 2
555 579
1 5 2
268 428
1 9 2
135 254
1 8 2
180 452
1 13 2
389 399
1 12 2
280 500
1 11 2
111 575
1 7 2
470 479
1 8 2
482 498
1 14 2
150 330
1 17 2
131 221
1 7 2
389 593
1 17 2
72 266
1 15 2
87 419
1 11 2
116 572
1 9 2
124 344
1 13 2
52 238
1 10 2
150 435
1 10 2
616 633
1 9 2
25 440
1 12 2
337 511
1 11 2
4 89
1 8 2
587 666
1 11 2
131 667
1 7 2
429 666
1 16 2
447 458
1 17 2
31 546
1 12 2
96 582
1 15 2
98 380
1 17 2
682 683
1 3 2
259 625
1 10 2
182 623
1 7 2
176 208
1 8 2
54 126
1 16 2
109 654
1 11 2
200 374
1 12 2
249 402
1 9 2
109 482
1 8 2
67 244
1 7 2
134 349
1 10 2
244 255
1 13 2
123 224
1 12 2
170 456
1 4 2
113 264
1 8 2
311 328
1 20 2
154 368
1 17 2
59 251
1 12 2
140 610
1 6 2
402 468
1 9 2
428 447
1 4 2
133 358
1 17 2
529 688
1 13 2
137 204
