700 4200 2100
14 15 15 12 9 20 16 14 21 24 9 19 12 7 24 11 20 6 8 17 14 8 15 11 25 5 21 10 14 23 17 13 12 10 23 24 11 14 20 22 22 16 11 23 24 21 24 22 13 7 15 8 19 11 23 18 22 11 22 21 17 17 11 22 21 17 13 20 20 7 8 22 16 11 8 19 18 25 24 18 14 24 14 25 10 7 14 6 19 24 18 21 18 9 15 10 6 24 19 13 22 10 9 24 21 6 6 19 11 24 12 18 21 21 9 18 8 18 18 16 16 8 22 6 24 20 22 24 18 16 18 18 6 16 24 17 6 24 20 12 7 11 13 5 24 10 16 5 17 13 8 21 16 14 11 22 22 10 16 22 6 10 12 12 17 18 9 18 21 6 18 15 24 12 18 13 18 21 13 19 19 12 18 19 15 16 21 7 22 12 5 10 10 21 6 22 15 22 9 6 12 15 24 24 21 7 19 9 23 13 22 22 15 24 15 24 17 19 16 25 19 18 23 15 7 8 21 25 18 19 18 10 25 16 17 16 14 7 22 7 22 20 14 22 20 6 19 20 25 18 21 13 23 25 12 7 13 17 21 22 13 13 5 19 11 23 12 7 20 15 18 14 15 24 19 22 12 18 25 14 18 18 8 8 16 25 5 6 20 6 14 14 15 21 13 21 23 11 8 10 18 5 18 23 23 18 11 22 25 15 24 7 19 22 10 12 5 5 7 6 10 6 12 6 12 22 14 5 15 17 24 10 13 25 18 12 21 19 10 10 25 18 25 14 12 18 22 22 22 11 5 16 21 18 8 14 9 16 18 14 16 9 25 22 5 21 25 5 8 21 22 15 9 10 25 20 16 11 11 5 23 6 25 8 10 10 10 6 11 9 21 9 6 14 25 7 24 10 20 11 19 20 18 16 6 18 21 18 8 16 15 9 23 18 21 13 5 14 11 9 20 24 6 25 13 6 18 11 11 7 14 21 12 18 20 23 5 23 18 6 14 17 22 19 6 7 17 7 10 22 5 20 18 23 24 9 8 20 15 19 20 22 11 25 10 20 10 5 25 14 18 16 15 15 22 16 25 15 25 9 20 16 16 15 15 5 25 6 6 18 25 18 10 23 6 7 21 14 6 17 25 19 18 24 22 5 24 7 19 17 18 18 18 21 18 23 10 22 9 6 9 21 12 16 11 15 13 15 20 14 14 9 5 9 14 12 21 16 13 9 7 11 20 10 11 13 5 24 20 22 15 11 12 8 21 12 14 9 6 25 10 22 13 7 22 11 10 9 22 20 13 12 22 5 19 20 9 14 9 15 18 21 6 14 16 6 12 12 6 11 20 10 12 16 20 9 12 23 12 22 19 12 19 10 7 6 20 14 15 12 12 25 12 25 16 15 6 14 22 20 18 5 20 14 9 11 24 5 11 15 14 25 11 23 16 5 10 15 22 16 17 18 9 20 9 11 21 6 9 17 25 10 18 9 10 7 14 23 6 7 15 17 17 17 10 25 11 23 13 19 7 22 8 22 7 11 23 12 7 23 6 5 18 20 19 21 5 15 19 18 16 5 7 15 12 9 8 24 21 8
16 10 4 5 15 16 19 20 20 19 17 10 17 10 8 3 13 7 8 4 11 14 13 18 20 5 19 12 14 11 6 3 19 10 14 13 19 19 9 16 5 4 18 5 11 5 4 9 3 9 8 18 8 5 20 17 15 5 5 3 16 10 12 8 20 20 17 16 17 8 13 6 13 14 4 14 11 18 12 17 4 7 12 17 10 19 8 7 14 8 4 11 5 4 15 12 15 10 15 20 20 9 5 14 5 9 7 9 5 11 17 8 4 13 6 3 6 7 15 13 15 17 8 12 10 8 7 15 12 18 12 12 8 14 9 4 18 16 10 18 19 10 14 20 5 4 6 11 13 12 15 14 3 8 15 7 19 18 8 13 8 6 3 9 10 11 17 18 17 17 6 7 12 13 19 13 5 4 15 11 10 4 8 18 10 14 13 18 4 6 9 10 3 14 16 19 3 18 15 6 6 4 6 4 16 17 7 18 14 3 4 15 12 17 8 20 18 5 3 12 5 13 6 16 13 7 8 18 10 8 9 15 10 17 17 9 17 17 14 5 19 9 10 17 4 12 20 9 10 14 9 8 11 4 8 17 3 5 11 16 4 16 18 4 4 18 11 5 9 18 11 17 9 7 3 7 15 5 3 15 15 6 19 17 19 9 14 11 10 9 3 10 5 5 13 7 11 10 10 9 18 3 10 15 5 16 17 5 10 18 9 16 11 5 17 16 12 17 17 20 19 8 11 20 7 12 4 13 7 17 9 15 8 20 7 8 4 7 17 9 4 4 10 10 5 9 13 18 12 11 14 18 17 17 12 9 13 10 9 7 7 20 9 19 12 15 10 4 16 14 16 18 7 15 11 16 12 14 11 11 7 13 18 15 5 7 8 18 12 16 5 17 4 20 7 17 13 20 10 8 19 20 13 14 6 12 14 13 14 20 8 10 11 4 3 5 6 16 15 13 18 17 9 12 12 11 6 11 6 17 12 6 7 15 3 18 11 6 10 6 17 15 13 7 8 14 5 9 5 16 8 14 17 3 14 9 13 8 13 4 5 20 15 8 16 6 11 5 14 10 14 19 4 18 10 16 7 11 9 16 11 8 3 10 15 17 20 5 3 13 10 15 11 20 20 20 6 13 15 12 18 14 3 5 17 11 20 3 16 5 15 20 3 7 6 9 5 7 13 4 3 14 13 7 13 8 17 4 13 15 6 18 10 13 20 11 6 5 14 6 10 15 15 13 9 10 4 9 4 13 20 18 20 8 13 18 9 16 12 14 7 20 17 9 7 13 17 14 17 11 4 19 8 20 16 12 3 16 12 9 16 6 18 8 5 8 3 17 14 7 5 14 4 17 9 13 19 9 15 15 8 18 19 13 18 4 20 7 10 13 13 12 13 5 7 4 10 11 15 14 6 19 10 15 5 12 12 7 11 12 8 10 20 7 8 5 15 17 5 9 17 13 17 20 4 16 15 16 5 6 4 12 11 8 7 14 8 12 14 4 7 18 7 9 19 9 11 15 18 8 3 18 17 14 20 6 5 19 7 8 11 8 20 16 9 11 10 4 3 17 7 12 13 15 13 11 10 14 9 11
1 12 2
44 592
1 8 2
82 233
1 15 2
52 325
1 20 2
203 248
1 10 2
66 618
1 11 2
24 53
1 15 2
277 421
1 8 2
516 646
1 7 2
205 243
1 8 2
210 320
1 12 2
478 598
1 16 2
451 506
1 8 2
349 688
1 6 2
350 449
1 14 2
34 669
1 8 2
26 699
1 14 2
312 325
1 9 2
68 322
1 12 2
182 508
1 18 2
137 676
1 11 2
288 471
1 11 2
474 630
1 13 2
26 669
1 9 2
1 491
1 14 2
548 572
1 8 2
30 424
1 13 2
39 334
1 11 2
40 668
1 17 2
89 420
1 8 2
274 645
1 11 2
200 273
1 13 2
303 660
1 15 2
172 206
1 15 2
131 613
1 17 2
243 504
1 13 2
19 336
1 15 2
39 293
1 19 2
127 454
1 12 2
418 500
1 8 2
443 565
1 2 2
391 647
1 8 2
173 217
1 10 2
23 159
1 3 2
106 531
1 9 2
36 363
1 19 2
202 374
1 16 2
5 474
1 11 2
231 650
1 15 2
300 454
1 14 2
168 217
1 11 2
457 537
1 15 2
148 333
1 8 2
609 684
1 16 2
240 336
1 8 2
262 468
1 16 2
71 365
1 12 2
11 433
1 14 2
213 649
1 11 2
308 598
1 12 2
30 521
1 11 2
31 43
1 11 2
396 589
1 20 2
285 559
1 4 2
419 589
1 5 2
331 529
1 8 2
292 469
1 10 2
290 465
1 15 2
406 597
1 13 2
307 426
1 11 2
34 335
1 8 2
82 358
1 4 2
224 534
1 13 2
195 405
1 12 2
252 523
1 11 2
66 240
1 11 2
161 468
1 7 2
63 96
1 2 2
364 591
1 14 2
30 626
1 13 2
6 144
1 16 2
346 348
1 20 2
219 285
1 7 2
555 608
1 20 2
103 374
1 8 2
457 596
1 15 2
58 575
1 18 2
295 559
1 6 2
448 497
1 8 2
247 677
1 6 2
258 505
1 17 2
246 253
1 8 2
94 687
1 16 2
273 390
1 11 2
555 679
1 7 2
554 696
1 10 2
542 660
1 2 2
301 678
1 10 2
163 370
1 8 2
40 187
1 9 2
420 612
1 16 2
341 396
1 2 2
456 616
1 14 2
336 390
1 6 2
189 196
1 11 2
352 525
1 6 2
632 660
1 11 2
417 599
1 12 2
253 552
1 17 2
303 638
1 20 2
83 503
1 10 2
166 394
1 10 2
8 236
1 9 2
32 244
1 10 2
110 453
1 16 2
613 619
1 20 2
89 340
1 8 2
241 466
1 10 2
118 499
1 16 2
631 669
1 11 2
598 665
1 18 2
278 363
1 10 2
188 335
1 15 2
336 363
1 8 2
84 669
1 16 2
229 437
1 7 2
140 268
1 13 2
376 453
1 12 2
204 663
1 7 2
302 399
1 7 2
96 435
1 6 2
115 383
1 10 2
104 556
1 14 2
208 407
1 14 2
16 151
1 13 2
158 197
1 9 2
560 572
1 11 2
80 561
1 8 2
666 688
1 7 2
158 189
1 19 2
144 232
1 7 2
216 541
1 12 2
341 698
1 12 2
46 178
1 6 2
157 477
1 18 2
43 77
1 13 2
118 138
1 8 2
213 655
1 18 2
454 679
1 11 2
35 344
1 14 2
240 337
1 7 2
341 356
1 6 2
530 645
1 14 2
258 575
1 3 2
198 678
1 7 2
110 471
1 14 2
258 620
1 14 2
44 119
1 17 2
155 478
1 9 2
407 497
1 19 2
559 597
1 16 2
382 459
1 9 2
32 434
1 6 2
192 523
1 19 2
14 97
1 12 2
426 619
1 7 2
122 287
1 13 2
284 657
1 20 2
97 219
1 11 2
97 161
1 13 2
29 292
1 6 2
16 588
1 19 2
34 127
1 13 2
220 606
1 12 2
470 620
1 9 2
53 244
1 11 2
146 465
1 5 2
254 349
1 14 2
229 517
1 10 2
124 578
1 10 2
177 607
1 17 2
125 559
1 9 2
346 578
1 14 2
515 614
1 7 2
123 396
1 13 2
638 652
1 9 2
142 470
1 10 2
6 400
1 17 2
35 71
1 17 2
337 631
1 15 2
29 652
1 16 2
496 597
1 6 2
343 427
1 9 2
372 442
1 19 2
155 650
1 5 2
174 301
1 16 2
180 559
1 12 2
138 502
1 8 2
248 422
1 9 2
125 315
1 9 2
293 418
1 10 2
513 630
1 13 2
334 406
1 11 2
253 399
1 6 2
179 692
1 14 2
514 671
1 13 2
216 698
1 7 2
247 372
1 13 2
195 663
1 7 2
256 523
1 12 2
86 657
1 11 2
270 402
1 16 2
305 366
1 11 2
130 270
1 15 2
461 504
1 10 2
446 593
1 16 2
362 426
1 15 2
263 304
1 13 2
442 508
1 16 2
54 168
1 4 2
225 632
1 13 2
235 503
1 8 2
6 22
1 9 2
329 623
1 11 2
151 292
1 8 2
261 441
1 5 2
368 556
1 4 2
173 653
1 7 2
57 60
1 18 2
91 613
1 15 2
511 613
1 10 2
480 677
1 12 2
185 504
1 10 2
179 184
1 12 2
72 474
1 12 2
370 482
1 16 2
206 265
1 4 2
136 393
1 16 2
230 374
1 17 2
64 109
1 11 2
469 657
1 9 2
26 609
1 13 2
355 626
1 8 2
116 365
1 5 2
96 233
1 17 2
38 611
1 8 2
394 444
1 16 2
346 673
1 20 2
278 454
1 10 2
521 592
1 19 2
252 310
1 10 2
229 483
1 10 2
275 625
1 12 2
178 437
1 7 2
225 274
1 5 2
163 388
1 6 2
230 557
1 13 2
347 511
1 18 2
77 581
1 10 2
212 249
1 9 2
227 558
1 10 2
176 475
1 16 2
250 412
1 4 2
320 612
1 5 2
129 255
1 15 2
122 365
1 4 2
276 655
1 14 2
146 213
1 4 2
445 693
1 11 2
183 580
1 13 2
330 530
1 13 2
271 631
1 8 2
251 353
1 6 2
61 85
1 11 2
107 334
1 8 2
31 402
1 6 2
170 368
1 10 2
380 609
1 15 2
220 486
1 17 2
330 569
1 13 2
514 575
1 19 2
340 549
1 10 2
340 644
1 5 2
105 470
1 12 2
31 78
1 8 2
509 656
1 6 2
42 82
1 9 2
189 365
1 12 2
37 618
1 9 2
471 634
1 17 2
352 559
1 16 2
238 561
1 13 2
159 441
1 15 2
172 619
1 14 2
219 584
1 6 2
143 683
1 7 2
381 480
1 18 2
186 342
1 15 2
111 144
1 12 2
328 676
1 13 2
26 180
1 11 2
611 625
1 14 2
97 152
1 14 2
103 117
1 8 2
178 235
1 8 2
22 579
1 3 2
636 672
1 10 2
137 466
1 10 2
74 83
1 15 2
47 449
1 8 2
183 666
1 16 2
490 602
1 10 2
555 561
1 13 2
208 309
1 11 2
179 426
1 15 2
278 512
1 5 2
31 101
1 3 2
27 205
1 13 2
130 168
1 15 2
228 667
1 7 2
136 575
1 7 2
3 305
1 5 2
249 686
1 9 2
618 664
1 10 2
486 603
1 8 2
223 525
1 9 2
11 291
1 15 2
463 640
1 18 2
137 568
1 16 2
333 689
1 9 2
91 654
1 8 2
484 523
1 7 2
250 507
1 6 2
459 505
1 18 2
202 568
1 18 2
330 348
1 16 2
40 126
1 9 2
76 608
1 10 2
240 651
1 17 2
273 414
1 12 2
185 193
1 15 2
39 247
1 8 2
204 368
1 5 2
393 636
1 10 2
46 377
1 9 2
551 679
1 5 2
322 531
1 3 2
448 635
1 11 2
212 337
1 9 2
130 178
1 7 2
3 135
1 13 2
185 547
1 14 2
215 358
1 4 2
141 356
1 9 2
446 629
1 16 2
83 263
1 9 2
148 634
1 19 2
43 366
1 9 2
168 694
1 11 2
130 580
1 12 2
454 556
1 12 2
30 186
1 4 2
187 596
1 7 2
15 403
1 13 2
203 687
1 9 2
433 527
1 6 2
266 324
1 6 2
168 444
1 5 2
154 598
1 3 2
654 678
1 8 2
359 637
1 6 2
181 571
1 19 2
203 453
1 9 2
134 658
1 15 2
67 296
1 6 2
5 519
1 12 2
125 661
1 13 2
183 268
1 10 2
189 449
1 13 2
170 259
1 10 2
202 544
1 13 2
26 117
1 16 2
206 547
1 13 2
45 274
1 8 2
209 403
1 15 2
441 697
1 18 2
285 549
1 8 2
601 663
1 8 2
451 543
1 15 2
246 549
1 13 2
0 697
1 18 2
134 210
1 17 2
177 421
1 12 2
325 481
1 5 2
106 501
1 7 2
277 636
1 16 2
227 669
1 19 2
9 46
1 15 2
334 613
1 13 2
685 688
1 7 2
29 323
1 18 2
313 366
1 6 2
662 695
1 12 2
292 307
1 19 2
599 611
1 11 2
79 111
1 10 2
24 644
1 16 2
180 503
1 13 2
584 676
1 19 2
78 203
1 19 2
278 346
1 12 2
55 67
1 11 2
30 684
1 17 2
38 366
1 8 2
235 607
1 16 2
188 204
1 8 2
27 244
1 15 2
35 107
1 4 2
587 603
1 14 2
135 222
1 6 2
434 674
1 14 2
77 119
1 9 2
302 343
1 2 2
672 680
1 10 2
204 294
1 2 2
301 648
1 6 2
185 672
1 7 2
10 548
1 14 2
35 690
1 10 2
112 535
1 12 2
308 668
1 11 2
153 572
1 8 2
312 464
1 13 2
24 529
1 17 2
43 370
1 15 2
182 366
1 11 2
28 561
1 16 2
219 662
1 13 2
122 129
1 9 2
343 614
1 7 2
50 462
1 8 2
415 689
1 11 2
29 344
1 11 2
403 580
1 6 2
170 321
1 10 2
67 484
1 8 2
602 636
1 20 2
77 454
1 16 2
122 380
1 11 2
399 486
1 17 2
215 348
1 18 2
363 631
1 8 2
204 338
1 12 2
188 525
1 15 2
275 521
1 12 2
55 117
1 9 2
19 660
1 11 2
165 312
1 18 2
613 643
1 11 2
52 234
1 3 2
562 627
1 20 2
394 665
1 6 2
107 635
1 13 2
547 663
1 20 2
202 215
1 18 2
78 122
1 14 2
8 698
1 16 2
193 346
1 6 2
272 596
1 10 2
363 609
1 11 2
329 514
1 16 2
81 91
1 15 2
247 259
1 13 2
313 358
1 9 2
272 402
1 4 2
354 603
1 15 2
407 463
1 15 2
103 115
1 11 2
30 512
1 10 2
227 539
1 4 2
13 260
1 16 2
71 568
1 12 2
43 556
1 12 2
233 517
1 4 2
344 566
1 12 2
72 100
1 7 2
182 516
1 5 2
237 482
1 7 2
268 567
1 6 2
284 531
1 15 2
400 515
1 19 2
568 631
1 8 2
8 93
1 6 2
260 355
1 7 2
251 660
1 14 2
137 182
1 7 2
55 520
1 8 2
610 620
1 5 2
217 546
1 5 2
440 448
1 11 2
218 288
1 16 2
89 698
1 8 2
169 490
1 17 2
112 273
1 11 2
497 554
1 11 2
240 269
1 8 2
430 482
1 8 2
520 683
1 13 2
104 281
1 8 2
44 429
1 17 2
26 454
1 11 2
564 630
1 9 2
663 687
1 16 2
63 370
1 16 2
98 650
1 12 2
119 676
1 13 2
257 618
1 9 2
134 384
1 5 2
90 681
1 18 2
213 517
1 8 2
44 519
1 15 2
390 504
1 9 2
209 459
1 7 2
105 240
1 8 2
293 385
1 6 2
395 402
1 9 2
71 448
1 7 2
200 270
1 6 2
67 395
1 13 2
128 414
1 6 2
50 349
1 8 2
37 660
1 16 2
188 453
1 15 2
124 420
1 10 2
477 590
1 9 2
631 653
1 11 2
410 480
1 6 2
116 402
1 11 2
92 217
1 7 2
261 497
1 12 2
41 380
1 14 2
461 542
1 4 2
18 36
1 5 2
76 147
1 3 2
557 647
1 13 2
179 521
1 14 2
124 584
1 15 2
643 673
1 13 2
1 97
1 9 2
345 623
1 13 2
216 252
1 16 2
83 620
1 13 2
24 294
1 12 2
111 688
1 5 2
70 146
1 9 2
366 445
1 12 2
514 646
1 13 2
336 649
1 11 2
271 606
1 13 2
310 530
1 16 2
127 451
1 11 2
177 483
1 4 2
388 408
1 4 2
522 543
1 13 2
246 646
1 7 2
148 306
1 9 2
122 276
1 14 2
19 304
1 16 2
151 325
1 15 2
54 170
1 16 2
362 452
1 8 2
4 193
1 17 2
613 688
1 11 2
325 534
1 17 2
35 122
1 12 2
423 555
1 13 2
54 94
1 15 2
113 307
1 14 2
38 431
1 5 2
0 589
1 13 2
275 649
1 7 2
255 554
1 4 2
257 379
1 20 2
308 547
1 8 2
175 400
1 3 2
419 479
1 6 2
6 145
1 11 2
26 617
1 4 2
323 526
1 13 2
247 574
1 10 2
334 615
1 14 2
407 493
1 12 2
80 202
1 7 2
17 238
1 12 2
501 569
1 13 2
58 514
1 16 2
67 304
1 7 2
185 314
1 6 2
201 299
1 13 2
127 351
1 8 2
126 678
1 6 2
86 110
1 13 2
112 470
1 12 2
31 144
1 4 2
162 404
1 16 2
40 186
1 14 2
65 215
1 14 2
204 263
1 10 2
109 368
1 13 2
56 662
1 9 2
33 204
1 20 2
127 333
1 8 2
191 457
1 13 2
501 554
1 7 2
154 652
1 7 2
469 570
1 13 2
227 328
1 7 2
37 623
1 12 2
214 265
1 18 2
44 137
1 15 2
246 611
1 15 2
421 491
1 11 2
257 643
1 15 2
232 510
1 6 2
90 132
1 7 2
184 424
1 5 2
114 355
1 16 2
81 465
1 12 2
168 223
1 20 2
248 333
1 8 2
194 679
1 20 2
374 437
1 13 2
119 124
1 12 2
89 424
1 7 2
198 452
1 10 2
0 112
1 10 2
111 118
1 14 2
111 172
1 12 2
109 615
1 7 2
461 495
1 7 2
475 645
1 9 2
376 556
1 19 2
44 421
1 12 2
9 332
1 4 2
73 516
1 4 2
102 538
1 11 2
149 273
1 13 2
497 631
1 12 2
420 574
1 12 2
206 337
1 8 2
443 551
1 3 2
324 546
1 15 2
179 210
1 16 2
46 312
1 10 2
103 388
1 12 2
288 358
1 8 2
206 544
1 14 2
77 537
1 6 2
257 578
1 8 2
110 115
1 15 2
40 138
1 12 2
94 352
1 7 2
1 344
1 18 2
14 453
1 14 2
176 633
1 9 2
510 608
1 10 2
74 396
1 15 2
238 336
1 13 2
273 328
1 18 2
250 463
1 14 2
155 669
1 6 2
48 625
1 8 2
625 689
1 9 2
268 388
1 9 2
330 356
1 12 2
28 29
1 10 2
240 399
1 15 2
234 613
1 14 2
303 433
1 18 2
77 549
1 7 2
102 401
1 5 2
306 654
1 13 2
55 673
1 16 2
370 431
1 20 2
219 435
1 8 2
287 667
1 11 2
113 357
1 9 2
115 171
1 13 2
193 510
1 6 2
157 279
1 4 2
455 586
1 8 2
225 390
1 4 2
570 670
1 9 2
596 622
1 6 2
180 621
1 12 2
54 214
1 10 2
0 451
1 18 2
202 265
1 8 2
175 509
1 19 2
124 303
1 6 2
433 445
1 9 2
319 333
1 7 2
499 544
1 10 2
497 575
1 17 2
113 500
1 5 2
51 272
1 12 2
276 503
1 13 2
403 412
1 5 2
587 664
1 12 2
94 307
1 9 2
175 413
1 11 2
112 615
1 9 2
182 562
1 3 2
162 224
1 3 2
287 541
1 10 2
335 618
1 15 2
76 248
1 15 2
265 502
1 6 2
383 502
1 9 2
305 393
1 5 2
158 576
1 10 2
310 566
1 8 2
84 646
1 17 2
275 285
1 9 2
4 186
1 13 2
164 572
1 19 2
46 227
1 10 2
6 302
1 12 2
63 223
1 10 2
124 385
1 19 2
273 412
1 12 2
184 325
1 13 2
41 572
1 20 2
486 547
1 10 2
241 630
1 13 2
146 155
1 9 2
243 576
1 17 2
275 380
1 13 2
97 120
1 9 2
122 419
1 15 2
144 353
1 8 2
110 662
1 11 2
28 390
1 10 2
193 378
1 15 2
208 594
1 11 2
94 100
1 4 2
436 440
1 15 2
146 227
1 5 2
182 505
1 11 2
0 590
1 9 2
182 527
1 14 2
421 615
1 16 2
195 313
1 2 2
387 485
1 10 2
263 359
1 18 2
125 285
1 15 2
71 125
1 12 2
94 517
1 6 2
22 266
1 15 2
8 346
1 7 2
409 601
1 18 2
124 568
1 6 2
347 450
1 4 2
163 695
1 9 2
206 393
1 9 2
277 415
1 11 2
193 357
1 8 2
501 551
1 11 2
171 211
1 8 2
495 697
1 3 2
444 628
1 14 2
597 649
1 10 2
461 596
1 18 2
9 633
1 15 2
470 697
1 12 2
59 131
1 9 2
3 247
1 7 2
284 645
1 15 2
293 442
1 5 2
145 290
1 20 2
342 374
1 12 2
38 277
1 12 2
181 340
1 13 2
22 83
1 14 2
138 688
1 15 2
100 104
1 17 2
454 569
1 11 2
52 502
1 7 2
361 689
1 9 2
418 465
1 8 2
34 439
1 4 2
290 323
1 9 2
146 148
1 7 2
497 570
1 4 2
154 524
1 13 2
554 652
1 10 2
310 610
1 20 2
340 679
1 7 2
27 246
1 10 2
131 475
1 8 2
118 440
1 18 2
240 310
1 11 2
409 452
1 8 2
231 685
1 5 2
292 692
1 12 2
493 538
1 6 2
416 594
1 13 2
186 652
1 6 2
376 377
1 5 2
6 150
1 20 2
109 144
1 15 2
125 396
1 2 2
445 672
1 12 2
81 607
1 15 2
230 382
1 11 2
426 514
1 20 2
486 503
1 13 2
514 554
1 14 2
203 257
1 4 2
317 534
1 11 2
149 325
1 11 2
104 608
1 9 2
387 478
1 14 2
165 442
1 16 2
561 667
1 9 2
293 675
1 5 2
473 576
1 9 2
558 613
1 9 2
75 630
1 6 2
75 456
1 13 2
358 638
1 18 2
243 435
1 8 2
204 408
1 4 2
540 687
1 14 2
223 232
1 7 2
214 583
1 11 2
545 549
1 11 2
118 345
1 16 2
375 500
1 10 2
608 622
1 9 2
53 369
1 12 2
277 569
1 12 2
172 415
1 19 2
188 559
1 10 2
120 580
1 9 2
145 240
1 7 2
101 407
1 10 2
555 564
1 10 2
11 261
1 3 2
178 532
1 13 2
109 214
1 4 2
142 680
1 7 2
282 501
1 6 2
48 181
1 5 2
305 655
1 17 2
67 374
1 9 2
334 623
1 11 2
189 423
1 8 2
163 182
1 9 2
56 397
1 18 2
213 390
1 4 2
231 565
1 14 2
575 673
1 16 2
203 246
1 13 2
248 608
1 8 2
270 541
1 8 2
235 630
1 8 2
68 603
1 18 2
238 330
1 7 2
402 520
1 3 2
99 487
1 13 2
572 620
1 10 2
39 541
1 11 2
59 260
1 16 2
252 420
1 6 2
182 456
1 14 2
369 590
1 10 2
428 453
1 6 2
175 526
1 17 2
71 211
1 19 2
219 310
1 19 2
296 476
1 7 2
15 446
1 10 2
200 346
1 18 2
211 232
1 12 2
61 521
1 13 2
482 493
1 7 2
505 515
1 3 2
136 276
1 7 2
87 496
1 17 2
40 134
1 8 2
3 165
1 8 2
220 260
1 17 2
506 554
1 10 2
527 689
1 16 2
238 412
1 5 2
299 315
1 16 2
414 449
1 11 2
236 363
1 5 2
86 455
1 20 2
490 559
1 17 2
64 208
1 4 2
1 381
1 3 2
323 539
1 9 2
90 617
1 14 2
400 572
1 8 2
368 369
1 13 2
309 500
1 2 2
379 381
1 10 2
266 667
1 12 2
151 257
1 17 2
226 265
1 5 2
146 699
1 11 2
599 660
1 15 2
521 599
1 18 2
348 547
1 13 2
77 615
1 8 2
88 628
1 4 2
276 595
1 15 2
435 489
1 8 2
20 652
1 14 2
366 376
1 12 2
110 650
1 12 2
510 548
1 12 2
30 581
1 3 2
200 239
1 6 2
169 470
1 17 2
54 461
1 12 2
16 19
1 11 2
71 332
1 17 2
168 697
1 10 2
134 192
1 15 2
244 671
1 17 2
366 434
1 12 2
457 512
1 10 2
139 513
1 17 2
195 303
1 20 2
366 382
1 14 2
38 307
1 10 2
175 195
1 14 2
227 430
1 11 2
45 629
1 6 2
436 688
1 19 2
40 278
1 14 2
5 177
1 11 2
128 257
1 17 2
124 138
1 10 2
394 466
1 12 2
247 452
1 7 2
630 656
1 14 2
90 103
1 13 2
172 440
1 16 2
238 304
1 7 2
591 662
1 15 2
97 684
1 12 2
374 607
1 8 2
446 530
1 13 2
332 500
1 9 2
118 598
1 15 2
208 451
1 10 2
295 587
1 7 2
206 648
1 9 2
524 549
1 8 2
297 622
1 8 2
196 475
1 3 2
101 364
1 5 2
376 585
1 11 2
107 218
1 12 2
277 682
1 19 2
89 134
1 5 2
146 429
1 7 2
49 496
1 12 2
156 469
1 16 2
515 548
1 17 2
203 554
1 7 2
170 566
1 10 2
156 570
1 11 2
131 689
1 15 2
156 575
1 5 2
3 93
1 13 2
11 575
1 11 2
278 331
1 16 2
113 275
1 11 2
435 562
1 12 2
312 400
1 13 2
197 499
1 9 2
130 538
1 10 2
405 482
1 12 2
29 656
1 9 2
520 697
1 8 2
3 170
1 6 2
314 649
1 17 2
151 633
1 17 2
151 454
1 9 2
59 181
1 14 2
68 156
1 18 2
366 493
1 15 2
183 342
1 15 2
496 568
1 12 2
272 671
1 9 2
54 339
1 10 2
288 668
1 6 2
354 499
1 9 2
88 668
1 13 2
390 501
1 11 2
22 312
1 16 2
26 265
1 5 2
524 610
1 13 2
5 193
1 16 2
54 186
1 14 2
238 569
1 10 2
27 203
1 19 2
342 673
1 6 2
22 391
1 5 2
410 647
1 5 2
76 485
1 13 2
83 637
1 14 2
88 517
1 4 2
178 262
1 20 2
83 506
1 12 2
226 473
1 15 2
115 248
1 5 2
266 448
1 14 2
508 676
1 8 2
210 578
1 9 2
100 456
1 10 2
397 515
1 8 2
62 501
1 17 2
202 348
1 18 2
159 506
1 13 2
100 329
1 15 2
413 476
1 9 2
30 80
1 11 2
433 602
1 12 2
209 613
1 9 2
150 454
1 15 2
179 437
1 10 2
528 656
1 18 2
330 597
1 10 2
52 309
1 16 2
81 138
1 10 2
210 538
1 17 2
618 671
1 11 2
304 571
1 9 2
361 599
1 5 2
140 413
1 7 2
418 629
1 13 2
481 673
1 5 2
405 422
1 10 2
39 66
1 8 2
386 619
1 7 2
68 444
1 11 2
549 556
1 13 2
268 575
1 12 2
81 82
1 18 2
362 521
1 15 2
259 683
1 7 2
113 404
1 6 2
102 235
1 14 2
52 122
1 7 2
183 518
1 12 2
269 638
1 15 2
144 358
1 11 2
529 638
1 9 2
312 609
1 9 2
48 491
1 13 2
214 412
1 12 2
138 167
1 13 2
355 697
1 10 2
129 471
1 13 2
281 554
1 12 2
345 480
1 15 2
502 503
1 9 2
24 659
1 18 2
151 248
1 9 2
83 691
1 16 2
273 460
1 16 2
26 156
1 14 2
263 437
1 19 2
303 476
1 3 2
283 651
1 12 2
31 613
1 10 2
65 376
1 14 2
5 40
1 11 2
197 322
1 13 2
184 506
1 7 2
198 669
1 4 2
487 525
1 13 2
326 697
1 8 2
311 380
1 12 2
117 457
1 14 2
195 206
1 12 2
72 673
1 8 2
156 578
1 19 2
503 626
1 4 2
484 558
1 12 2
185 406
1 12 2
652 669
1 13 2
67 98
1 6 2
233 543
1 6 2
102 441
1 10 2
252 388
1 14 2
285 351
1 8 2
411 461
1 8 2
45 456
1 8 2
36 528
1 7 2
80 534
1 11 2
119 125
1 9 2
294 443
1 15 2
229 396
1 7 2
140 151
1 7 2
188 439
1 13 2
103 523
1 3 2
322 327
1 7 2
102 341
1 11 2
141 219
1 11 2
270 684
1 16 2
54 336
1 7 2
428 471
1 11 2
579 590
1 14 2
159 180
1 17 2
159 503
1 7 2
431 692
1 16 2
215 521
1 11 2
484 683
1 8 2
16 114
1 7 2
33 305
1 13 2
24 223
1 8 2
464 502
1 11 2
5 28
1 8 2
484 527
1 7 2
47 69
1 11 2
281 537
1 11 2
511 580
1 11 2
5 584
1 15 2
92 213
1 13 2
303 615
1 15 2
334 476
1 3 2
69 298
1 10 2
421 479
1 13 2
496 669
1 15 2
71 683
1 13 2
34 50
1 17 2
112 208
1 15 2
362 514
1 19 2
500 572
1 10 2
455 559
1 9 2
241 427
1 20 2
89 333
1 11 2
111 229
1 7 2
158 266
1 14 2
210 602
1 8 2
421 678
1 7 2
157 334
1 7 2
397 661
1 7 2
56 194
1 14 2
240 341
1 12 2
242 310
1 10 2
306 396
1 14 2
111 213
1 11 2
97 552
1 8 2
170 610
1 7 2
100 627
1 9 2
30 376
1 11 2
369 607
1 6 2
349 629
1 9 2
42 122
1 8 2
152 315
1 13 2
148 188
1 9 2
129 403
1 10 2
229 593
1 7 2
118 428
1 16 2
138 549
1 13 2
34 148
1 6 2
73 294
1 10 2
81 578
1 12 2
2 515
1 17 2
435 561
1 20 2
478 650
1 14 2
156 176
1 11 2
137 254
1 13 2
631 660
1 15 2
78 135
1 18 2
47 506
1 15 2
165 248
1 12 2
359 362
1 16 2
24 489
1 9 2
626 642
1 8 2
41 290
1 14 2
118 222
1 16 2
348 504
1 15 2
438 468
1 14 2
202 216
1 13 2
59 76
1 11 2
211 607
1 13 2
352 446
1 14 2
14 148
1 15 2
40 197
1 5 2
429 473
1 14 2
26 390
1 9 2
181 561
1 7 2
649 675
1 8 2
293 636
1 11 2
159 359
1 13 2
277 480
1 8 2
56 448
1 11 2
118 452
1 7 2
62 509
1 12 2
122 218
1 7 2
97 143
1 9 2
108 307
1 12 2
32 97
1 15 2
285 600
1 10 2
107 355
1 9 2
347 695
1 7 2
524 641
1 17 2
657 667
1 14 2
490 523
1 10 2
481 662
1 9 2
6 689
1 9 2
137 311
1 8 2
459 645
1 13 2
527 633
1 15 2
202 257
1 11 2
277 510
1 15 2
346 643
1 6 2
530 592
1 15 2
118 124
1 7 2
209 593
1 11 2
117 640
1 16 2
172 369
1 7 2
222 680
1 7 2
437 605
1 8 2
315 459
1 7 2
25 137
1 16 2
14 414
1 5 2
133 495
1 17 2
337 650
1 8 2
104 338
1 12 2
16 358
1 7 2
27 284
1 11 2
11 284
1 12 2
180 337
1 8 2
135 432
1 17 2
127 460
1 5 2
32 610
1 8 2
111 181
1 3 2
169 391
1 19 2
134 396
1 8 2
26 591
1 15 2
91 241
1 16 2
442 597
1 2 2
10 25
1 17 2
295 478
1 8 2
233 525
1 10 2
189 296
1 7 2
73 584
1 16 2
11 374
1 15 2
75 572
1 10 2
511 687
1 4 2
422 526
1 12 2
67 459
1 11 2
182 649
1 5 2
135 318
1 17 2
561 679
1 4 2
51 251
1 19 2
232 396
1 12 2
41 461
1 15 2
208 508
1 10 2
613 654
1 11 2
314 423
1 14 2
79 112
1 12 2
509 581
1 5 2
199 523
1 12 2
82 506
1 5 2
349 384
1 14 2
9 663
1 12 2
78 538
1 10 2
228 409
1 16 2
115 478
1 19 2
253 453
1 18 2
313 454
1 13 2
218 340
1 5 2
319 481
1 5 2
194 620
1 12 2
598 631
1 12 2
230 536
1 2 2
319 408
1 12 2
76 451
1 6 2
302 624
1 12 2
209 626
1 20 2
46 626
1 7 2
115 161
1 12 2
490 610
1 17 2
461 676
1 6 2
545 586
1 5 2
344 399
1 13 2
243 441
1 7 2
171 596
1 8 2
132 134
1 7 2
312 383
1 14 2
362 577
1 14 2
11 581
1 9 2
379 613
1 6 2
241 450
1 11 2
185 334
1 6 2
492 537
1 6 2
186 289
1 10 2
391 626
1 11 2
193 376
1 17 2
504 679
1 5 2
62 157
1 8 2
200 413
1 11 2
451 660
1 6 2
235 565
1 13 2
281 465
1 15 2
30 478
1 15 2
92 697
1 8 2
351 534
1 12 2
562 611
1 6 2
612 668
1 16 2
421 508
1 8 2
74 112
1 3 2
254 327
1 8 2
188 603
1 17 2
226 435
1 8 2
102 313
1 15 2
130 490
1 9 2
58 101
1 15 2
365 401
1 16 2
250 676
1 9 2
242 402
1 16 2
91 259
1 15 2
229 671
1 11 2
86 247
1 9 2
490 659
1 13 2
112 491
1 2 2
397 546
1 11 2
82 113
1 20 2
366 559
1 6 2
301 561
1 14 2
504 575
1 6 2
53 269
1 20 2
478 506
1 10 2
304 596
1 8 2
118 589
1 12 2
108 285
1 7 2
587 614
1 5 2
653 677
1 10 2
500 654
1 11 2
278 592
1 17 2
9 390
1 11 2
83 314
1 5 2
458 567
1 10 2
112 571
1 11 2
53 613
1 10 2
156 209
1 8 2
229 276
1 4 2
116 178
1 6 2
19 464
1 9 2
266 398
1 4 2
409 485
1 9 2
21 380
1 12 2
30 508
1 11 2
98 693
1 12 2
90 528
1 8 2
92 344
1 9 2
325 625
1 5 2
254 624
1 15 2
45 138
1 7 2
86 146
1 4 2
306 672
1 12 2
300 581
1 11 2
60 480
1 9 2
341 583
1 19 2
303 613
1 15 2
83 512
1 11 2
191 697
1 8 2
0 580
1 12 2
118 460
1 16 2
305 665
1 16 2
193 296
1 10 2
434 630
1 14 2
252 438
1 7 2
182 320
1 8 2
13 638
1 20 2
490 679
1 17 2
43 336
1 15 2
303 575
1 4 2
319 570
1 5 2
191 570
1 5 2
115 467
1 11 2
43 526
1 14 2
111 195
1 16 2
46 400
1 10 2
575 579
1 17 2
273 457
1 14 2
313 622
1 9 2
110 268
1 9 2
50 443
1 10 2
214 244
1 16 2
208 517
1 8 2
280 530
1 9 2
264 460
1 9 2
62 156
1 16 2
64 667
1 9 2
100 636
1 10 2
571 599
1 6 2
358 395
1 12 2
98 620
1 18 2
78 568
1 18 2
172 273
1 8 2
29 648
1 16 2
253 457
1 11 2
489 649
1 10 2
551 676
1 11 2
7 504
1 13 2
89 660
1 15 2
243 431
1 9 2
166 517
1 6 2
2 373
1 8 2
209 257
1 11 2
43 534
1 17 2
43 313
1 5 2
187 473
1 12 2
119 138
1 3 2
378 635
1 8 2
349 600
1 12 2
131 217
1 13 2
138 542
1 7 2
333 350
1 4 2
261 672
1 12 2
20 676
1 13 2
230 238
1 16 2
81 293
1 14 2
47 460
1 8 2
570 652
1 4 2
424 518
1 14 2
60 380
1 11 2
142 671
1 15 2
353 366
1 4 2
4 589
1 6 2
136 183
1 15 2
134 574
1 9 2
131 483
1 12 2
347 473
1 11 2
32 435
1 12 2
28 697
1 17 2
374 643
1 8 2
231 521
1 8 2
173 400
1 9 2
82 131
1 8 2
370 507
1 13 2
8 75
1 6 2
37 399
1 13 2
165 398
1 7 2
180 557
1 11 2
57 89
1 17 2
303 461
1 18 2
313 342
1 11 2
414 608
1 9 2
168 254
1 15 2
252 451
1 15 2
263 679
1 7 2
176 192
1 7 2
550 570
1 10 2
79 471
1 11 2
55 92
1 3 2
17 603
1 12 2
152 390
1 12 2
128 528
1 14 2
667 669
1 12 2
226 446
1 13 2
47 216
1 13 2
270 496
1 13 2
98 244
1 10 2
322 671
1 12 2
433 452
1 6 2
358 479
1 16 2
352 515
1 11 2
181 493
1 7 2
74 228
1 8 2
440 537
1 18 2
35 296
1 7 2
332 376
1 15 2
193 442
1 11 2
72 183
1 12 2
122 472
1 18 2
431 631
1 7 2
243 327
1 6 2
1 384
1 16 2
155 504
1 12 2
309 673
1 9 2
440 580
1 3 2
605 668
1 13 2
641 646
1 14 2
396 499
1 11 2
73 676
1 5 2
458 539
1 16 2
56 597
1 9 2
254 536
1 17 2
461 503
1 6 2
292 419
1 5 2
85 615
1 13 2
91 228
1 3 2
386 585
1 14 2
407 679
1 20 2
14 478
1 18 2
213 325
1 8 2
270 601
1 16 2
97 220
1 18 2
43 547
1 15 2
77 584
1 15 2
580 613
1 16 2
336 564
1 12 2
526 650
1 7 2
138 372
1 13 2
547 623
1 9 2
22 661
1 11 2
288 527
1 4 2
136 583
1 13 2
104 128
1 5 2
142 462
1 9 2
234 403
1 13 2
176 347
1 8 2
480 642
1 14 2
41 252
1 18 2
29 273
1 14 2
396 523
1 5 2
309 456
1 15 2
265 574
1 6 2
212 675
1 16 2
63 572
1 12 2
230 502
1 17 2
78 313
1 10 2
6 65
1 14 2
203 550
1 14 2
215 257
1 11 2
135 280
1 15 2
58 521
1 14 2
135 657
1 3 2
163 505
1 17 2
77 643
1 9 2
124 368
1 13 2
68 180
1 8 2
171 271
1 14 2
170 646
1 8 2
205 369
1 11 2
358 491
1 13 2
202 458
1 10 2
279 457
1 10 2
167 690
1 7 2
409 587
1 11 2
127 551
1 9 2
33 188
1 13 2
152 626
1 10 2
405 634
1 13 2
118 667
1 2 2
267 429
1 16 2
348 564
1 9 2
131 458
1 12 2
75 88
1 6 2
217 670
1 15 2
403 463
1 8 2
207 521
1 9 2
135 355
1 17 2
40 46
1 10 2
113 162
1 10 2
240 322
1 9 2
157 449
1 10 2
513 608
1 13 2
340 570
1 13 2
167 204
1 12 2
135 406
1 6 2
286 370
1 13 2
265 403
1 5 2
23 200
1 12 2
218 412
1 8 2
222 255
1 7 2
319 638
1 15 2
235 463
1 11 2
263 640
1 19 2
208 468
1 13 2
117 122
1 13 2
135 193
1 15 2
35 230
1 14 2
174 449
1 5 2
583 695
1 11 2
98 305
1 6 2
297 527
1 5 2
6 655
1 7 2
84 688
1 8 2
281 314
1 5 2
84 294
1 16 2
232 501
1 14 2
107 112
1 16 2
98 203
1 19 2
172 203
1 8 2
1 687
1 3 2
560 582
1 10 2
167 376
1 9 2
21 172
1 12 2
22 412
1 10 2
129 233
1 15 2
172 426
1 7 2
260 637
1 10 2
231 273
1 8 2
268 578
1 7 2
350 697
1 13 2
71 489
1 15 2
449 638
1 12 2
173 478
1 9 2
195 628
1 9 2
26 628
1 15 2
172 217
1 4 2
535 651
1 12 2
167 451
1 15 2
92 468
1 16 2
45 222
1 7 2
210 392
1 18 2
442 468
1 8 2
72 579
1 20 2
97 476
1 9 2
233 499
1 4 2
196 635
1 11 2
113 615
1 9 2
189 521
1 15 2
14 217
1 8 2
178 246
1 8 2
12 148
1 6 2
82 612
1 13 2
206 460
1 10 2
508 584
1 9 2
87 423
1 9 2
281 291
1 14 2
663 697
1 7 2
74 420
1 14 2
249 252
1 18 2
155 631
1 12 2
252 623
1 7 2
21 375
1 9 2
53 671
1 12 2
268 682
1 11 2
346 371
1 8 2
54 445
1 10 2
347 555
1 14 2
471 476
1 17 2
463 622
1 13 2
16 684
1 16 2
394 426
1 11 2
274 580
1 16 2
40 56
1 15 2
122 313
1 11 2
430 679
1 10 2
521 601
1 12 2
79 602
1 13 2
303 403
1 13 2
234 325
1 10 2
446 481
1 18 2
215 330
1 9 2
387 665
1 9 2
51 394
1 18 2
8 77
1 6 2
166 216
1 18 2
134 626
1 3 2
116 699
1 8 2
459 609
1 7 2
264 509
1 14 2
126 217
1 15 2
559 661
1 7 2
343 430
1 13 2
185 222
1 8 2
186 675
1 12 2
66 476
1 9 2
529 663
1 16 2
29 461
1 20 2
333 382
1 14 2
75 307
1 15 2
100 528
1 12 2
228 669
1 13 2
120 222
1 11 2
82 597
1 19 2
650 676
1 16 2
423 502
1 7 2
293 425
1 7 2
208 425
1 18 2
45 490
1 11 2
83 578
1 7 2
125 422
1 19 2
83 134
1 8 2
442 507
1 7 2
211 381
1 9 2
113 560
1 6 2
209 677
1 11 2
53 304
1 16 2
54 369
1 7 2
65 108
1 19 2
97 515
1 16 2
58 195
1 9 2
1 641
1 9 2
362 595
1 13 2
30 293
1 14 2
219 269
1 12 2
284 474
1 11 2
175 406
1 11 2
521 608
1 9 2
34 84
1 3 2
62 422
1 12 2
185 265
1 20 2
35 476
1 11 2
68 471
1 14 2
501 517
1 8 2
23 186
1 11 2
61 68
1 17 2
243 259
1 11 2
78 189
1 11 2
329 491
1 19 2
144 366
1 12 2
82 127
1 8 2
21 493
1 18 2
77 431
1 7 2
242 623
1 17 2
39 304
1 8 2
171 615
1 8 2
94 538
1 4 2
69 181
1 18 2
56 310
1 6 2
91 558
1 2 2
379 605
1 15 2
170 453
1 13 2
78 236
1 9 2
111 153
1 7 2
145 682
1 16 2
197 210
1 7 2
260 359
1 7 2
2 251
1 12 2
483 676
1 4 2
357 546
1 19 2
35 137
1 8 2
239 330
1 10 2
101 215
1 13 2
278 529
1 16 2
202 602
1 17 2
195 449
1 14 2
91 643
1 18 2
58 503
1 8 2
201 562
1 9 2
447 613
1 12 2
88 263
1 20 2
83 486
1 8 2
462 574
1 3 2
267 624
1 5 2
235 672
1 7 2
224 528
1 7 2
567 669
1 9 2
420 516
1 19 2
243 253
1 8 2
87 599
1 18 2
259 506
1 11 2
22 241
1 9 2
41 94
1 10 2
394 533
1 9 2
182 612
1 10 2
309 337
1 18 2
78 151
1 16 2
342 375
1 12 2
100 185
1 18 2
352 486
1 5 2
384 469
1 9 2
299 572
1 18 2
24 517
1 9 2
192 449
1 14 2
122 217
1 8 2
129 552
1 14 2
67 151
1 20 2
490 626
1 11 2
341 512
1 12 2
54 290
1 6 2
12 545
1 17 2
172 186
1 16 2
8 44
1 10 2
258 668
1 6 2
495 502
1 7 2
231 684
1 18 2
54 253
1 8 2
65 571
1 13 2
77 430
1 11 2
38 662
1 10 2
58 694
1 9 2
119 329
1 6 2
511 518
1 11 2
216 300
1 11 2
305 376
1 13 2
67 107
1 7 2
157 690
1 9 2
216 403
1 11 2
509 688
1 10 2
118 146
1 14 2
115 172
1 4 2
526 563
1 13 2
248 637
1 15 2
638 688
1 18 2
122 382
1 11 2
574 690
1 11 2
511 652
1 11 2
148 443
1 13 2
345 594
1 14 2
113 502
1 6 2
22 601
1 17 2
88 362
1 7 2
195 498
1 8 2
28 50
1 17 2
258 423
1 14 2
420 528
1 5 2
264 675
1 7 2
139 376
1 7 2
101 128
1 16 2
226 273
1 15 2
107 657
1 15 2
426 597
1 14 2
594 646
1 19 2
188 253
1 7 2
281 654
1 19 2
265 486
1 18 2
89 307
1 11 2
222 570
1 13 2
44 184
1 12 2
159 523
1 4 2
6 379
1 20 2
308 665
1 6 2
305 520
1 10 2
7 600
1 7 2
171 173
1 5 2
66 518
1 10 2
61 277
1 11 2
503 601
1 3 2
114 383
1 10 2
191 638
1 11 2
358 489
1 13 2
63 148
1 17 2
35 474
1 6 2
53 309
1 12 2
230 390
1 17 2
67 665
1 12 2
139 613
1 6 2
37 415
1 5 2
320 677
1 12 2
285 424
1 15 2
431 685
1 13 2
574 600
1 11 2
30 620
1 14 2
63 501
1 18 2
40 650
1 5 2
135 255
1 7 2
228 338
1 14 2
98 243
1 10 2
366 645
1 12 2
244 413
1 10 2
203 560
1 9 2
1 509
1 7 2
199 572
1 10 2
399 437
1 5 2
20 299
1 11 2
402 470
1 17 2
46 347
1 14 2
352 536
1 14 2
483 650
1 2 2
93 436
1 15 2
180 208
1 12 2
22 370
1 18 2
39 503
1 17 2
159 275
1 17 2
460 650
1 11 2
119 600
1 11 2
181 374
1 3 2
105 411
1 12 2
326 515
1 11 2
159 332
1 12 2
417 463
1 16 2
98 127
1 11 2
146 431
1 18 2
63 454
1 9 2
453 696
1 17 2
186 493
1 19 2
252 454
1 15 2
342 426
1 10 2
20 685
1 10 2
89 320
1 15 2
278 489
1 10 2
211 432
1 11 2
559 636
1 9 2
182 556
1 13 2
212 468
1 15 2
222 438
1 5 2
32 377
1 15 2
275 336
1 20 2
202 500
1 7 2
90 628
1 13 2
274 554
1 16 2
40 100
1 4 2
388 595
1 8 2
153 656
1 10 2
52 152
1 8 2
7 641
1 9 2
59 586
1 11 2
170 312
1 11 2
171 698
1 8 2
469 471
1 18 2
463 685
1 7 2
295 647
1 4 2
314 419
1 12 2
545 665
1 9 2
469 661
1 6 2
21 90
1 12 2
16 117
1 15 2
210 619
1 15 2
232 446
1 11 2
137 592
1 10 2
424 688
1 8 2
517 624
1 18 2
374 646
1 11 2
430 437
1 7 2
168 387
1 8 2
567 618
1 4 2
194 256
1 13 2
442 640
1 13 2
47 501
1 16 2
156 259
1 12 2
97 693
1 9 2
298 506
1 12 2
43 290
1 16 2
29 238
1 9 2
36 268
1 6 2
157 357
1 17 2
643 650
1 5 2
190 334
1 15 2
330 514
1 7 2
666 689
1 14 2
26 91
1 7 2
235 544
1 5 2
86 101
1 12 2
322 394
1 17 2
247 506
1 12 2
125 509
1 8 2
128 417
1 14 2
288 369
1 12 2
346 584
1 7 2
257 586
1 17 2
208 275
1 18 2
43 303
1 8 2
26 456
1 14 2
158 613
1 8 2
70 460
1 14 2
409 613
1 11 2
390 481
1 14 2
620 633
1 11 2
26 430
1 18 2
14 638
1 6 2
80 551
1 13 2
248 529
1 8 2
244 603
1 10 2
47 589
1 10 2
118 135
1 13 2
71 235
1 15 2
58 100
1 10 2
258 571
1 10 2
189 390
1 6 2
241 422
1 13 2
26 443
1 13 2
341 352
1 19 2
500 506
1 17 2
454 521
1 7 2
84 270
1 11 2
151 525
1 9 2
359 407
1 6 2
302 567
1 11 2
221 405
1 10 2
175 375
1 17 2
52 77
1 20 2
227 342
1 20 2
44 89
1 13 2
149 650
1 12 2
168 509
1 17 2
366 414
1 15 2
346 459
1 9 2
9 696
1 5 2
184 298
1 12 2
29 66
1 19 2
340 346
1 14 2
446 597
1 10 2
281 452
1 14 2
78 129
1 16 2
431 454
1 8 2
370 429
1 17 2
465 478
1 12 2
307 593
1 12 2
163 308
1 13 2
44 359
1 10 2
63 399
1 9 2
266 688
1 10 2
340 578
1 16 2
480 676
1 11 2
229 509
1 11 2
125 135
1 6 2
129 651
1 10 2
281 357
1 13 2
489 561
1 20 2
342 366
1 6 2
302 408
1 8 2
8 644
1 7 2
95 682
1 9 2
335 669
1 11 2
471 501
1 19 2
35 626
1 13 2
75 528
1 11 2
163 468
1 12 2
111 182
1 9 2
447 490
1 5 2
314 326
1 12 2
175 227
1 7 2
94 577
1 12 2
250 270
1 14 2
61 493
1 17 2
396 549
1 18 2
219 496
1 17 2
460 613
1 11 2
60 452
1 9 2
179 297
1 11 2
400 446
1 11 2
400 509
1 8 2
302 552
1 9 2
330 439
1 13 2
81 537
1 8 2
458 629
1 11 2
184 401
1 9 2
52 668
1 16 2
9 400
1 13 2
39 90
1 12 2
103 292
1 11 2
148 341
1 11 2
235 606
1 12 2
122 584
1 14 2
238 441
1 7 2
286 521
1 9 2
91 306
1 11 2
92 233
1 17 2
348 503
1 5 2
85 171
1 14 2
92 547
1 7 2
128 231
1 12 2
369 499
1 5 2
174 224
1 9 2
333 381
1 12 2
152 597
1 9 2
104 522
1 8 2
145 406
1 13 2
468 615
1 11 2
61 288
1 8 2
229 264
1 8 2
163 221
1 13 2
98 602
1 9 2
277 309
1 10 2
79 133
1 14 2
83 579
1 10 2
100 178
1 8 2
99 357
1 13 2
134 269
1 17 2
396 528
1 8 2
534 593
1 6 2
236 544
1 5 2
533 607
1 14 2
197 353
1 16 2
265 569
1 8 2
3 111
1 15 2
296 512
1 11 2
32 559
1 14 2
159 548
1 7 2
207 594
1 7 2
57 75
1 11 2
496 593
1 10 2
493 560
1 10 2
412 531
1 11 2
103 320
1 7 2
64 105
1 12 2
235 474
1 8 2
101 170
1 17 2
156 208
1 2 2
411 546
1 12 2
244 407
1 16 2
71 461
1 9 2
99 512
1 4 2
494 529
1 10 2
306 496
1 7 2
428 593
1 10 2
100 587
1 13 2
352 600
1 4 2
22 301
1 10 2
641 663
1 9 2
48 574
1 5 2
22 466
1 8 2
229 566
1 4 2
20 519
1 3 2
80 316
1 11 2
174 274
1 5 2
315 566
1 11 2
412 598
1 14 2
330 662
1 3 2
282 604
1 4 2
311 693
1 15 2
380 590
1 20 2
503 650
1 10 2
65 79
1 8 2
129 201
1 12 2
288 641
1 9 2
302 656
1 7 2
267 406
1 4 2
12 419
1 8 2
81 658
1 12 2
333 630
1 11 2
30 622
1 14 2
508 521
1 13 2
176 698
1 12 2
68 302
1 12 2
170 413
1 8 2
170 178
1 11 2
73 453
1 7 2
419 606
1 16 2
346 370
1 8 2
580 596
1 18 2
232 673
1 18 2
144 222
1 16 2
89 312
1 17 2
155 252
1 18 2
89 250
1 13 2
402 599
1 11 2
176 499
1 13 2
188 661
1 7 2
252 498
1 12 2
402 574
1 18 2
307 333
1 10 2
631 696
1 15 2
310 345
1 16 2
442 449
1 9 2
509 577
1 14 2
480 643
1 14 2
111 168
1 10 2
2 274
1 7 2
517 588
1 6 2
99 236
1 9 2
181 508
1 15 2
138 295
1 10 2
198 547
1 6 2
129 578
1 15 2
493 508
1 4 2
161 632
1 8 2
414 578
1 16 2
268 303
1 7 2
22 162
1 16 2
253 280
1 11 2
417 431
1 13 2
66 219
1 9 2
98 610
1 18 2
380 650
1 13 2
230 504
1 12 2
216 293
1 11 2
249 353
1 16 2
56 549
1 10 2
280 482
1 12 2
481 549
1 10 2
454 576
1 7 2
331 501
1 18 2
39 468
1 15 2
308 409
1 9 2
538 689
1 19 2
304 611
1 3 2
17 66
1 7 2
184 332
1 15 2
100 337
1 20 2
476 500
1 7 2
192 246
1 11 2
47 209
1 14 2
41 547
1 5 2
448 522
1 7 2
148 428
1 11 2
512 574
1 7 2
0 484
1 9 2
391 442
1 11 2
426 602
1 9 2
219 237
1 10 2
192 500
1 9 2
170 623
1 8 2
347 495
1 20 2
35 490
1 13 2
547 660
1 12 2
579 597
1 20 2
77 215
1 12 2
341 406
1 11 2
82 568
1 14 2
202 634
1 13 2
342 415
1 9 2
351 525
1 15 2
449 594
1 10 2
2 130
1 9 2
10 493
1 12 2
39 279
1 10 2
137 539
1 16 2
437 575
1 8 2
429 633
1 12 2
165 407
1 13 2
405 685
1 11 2
330 598
1 8 2
304 678
1 14 2
334 442
1 8 2
438 651
1 5 2
74 481
1 12 2
167 400
1 12 2
185 307
1 7 2
142 403
1 17 2
203 325
1 12 2
195 272
1 15 2
128 253
1 9 2
233 305
1 14 2
11 528
1 11 2
360 575
1 7 2
102 128
1 12 2
216 459
1 8 2
68 427
1 9 2
109 696
1 16 2
270 463
1 13 2
127 523
1 6 2
161 471
1 9 2
37 118
1 10 2
155 677
1 11 2
214 258
1 8 2
501 632
1 13 2
463 482
1 6 2
72 543
1 7 2
505 568
1 14 2
172 270
1 16 2
244 679
1 7 2
364 449
1 5 2
20 479
1 15 2
449 554
1 14 2
100 491
1 12 2
504 639
1 9 2
577 682
1 7 2
274 418
1 15 2
34 217
1 10 2
173 365
1 12 2
193 426
1 10 2
288 326
1 8 2
422 474
1 6 2
491 576
1 10 2
162 679
1 5 2
160 235
1 13 2
208 634
1 6 2
546 575
1 11 2
53 468
1 10 2
16 324
1 15 2
210 217
1 5 2
236 672
1 8 2
445 697
1 6 2
263 655
1 15 2
366 690
1 9 2
344 434
1 17 2
474 568
1 7 2
224 480
1 11 2
184 210
1 16 2
394 433
1 14 2
134 334
1 17 2
366 420
1 14 2
46 216
1 7 2
196 623
1 3 2
191 518
1 7 2
15 614
1 12 2
44 343
1 10 2
56 264
1 4 2
279 447
1 15 2
250 295
1 17 2
58 412
1 11 2
227 448
1 2 2
87 379
1 7 2
167 173
1 18 2
83 259
1 12 2
0 285
1 12 2
137 162
1 16 2
78 183
1 9 2
52 598
1 5 2
128 425
1 17 2
24 683
1 6 2
150 441
1 4 2
350 527
1 14 2
542 698
1 7 2
209 687
1 17 2
333 504
1 20 2
83 342
1 10 2
20 168
1 13 2
259 689
1 6 2
371 432
1 17 2
420 631
1 10 2
497 542
1 11 2
210 469
1 10 2
345 523
1 8 2
192 575
1 18 2
347 486
1 17 2
431 490
1 8 2
164 529
1 19 2
342 618
1 15 2
229 304
1 12 2
68 270
1 14 2
16 347
1 7 2
355 607
1 10 2
472 620
1 8 2
177 225
1 9 2
81 648
1 10 2
227 419
1 14 2
167 310
1 11 2
14 609
1 9 2
217 534
1 11 2
179 446
1 12 2
530 667
1 17 2
125 500
1 9 2
145 275
1 10 2
157 304
1 8 2
150 554
1 14 2
76 572
1 12 2
483 597
1 12 2
236 396
1 5 2
417 418
1 14 2
170 310
1 10 2
252 624
1 12 2
79 501
1 11 2
117 300
1 3 2
386 450
1 5 2
191 534
1 9 2
30 607
1 17 2
572 633
1 11 2
229 475
1 19 2
248 549
1 15 2
506 510
1 9 2
76 545
1 10 2
574 639
1 9 2
513 587
1 9 2
137 283
1 9 2
175 575
1 7 2
321 330
1 13 2
185 243
1 18 2
463 474
1 7 2
537 609
1 7 2
397 574
1 18 2
226 478
1 19 2
613 667
1 12 2
41 91
1 10 2
652 690
1 4 2
74 344
1 16 2
64 238
1 9 2
269 334
1 14 2
233 611
1 19 2
342 549
1 14 2
29 305
1 8 2
401 654
1 17 2
202 461
1 9 2
201 641
1 14 2
481 500
1 17 2
29 252
1 3 2
488 565
1 3 2
354 411
1 6 2
7 163
1 6 2
52 445
1 4 2
309 450
1 18 2
151 366
1 17 2
59 366
1 7 2
48 525
1 10 2
174 343
1 6 2
272 306
1 18 2
342 369
1 11 2
142 503
1 12 2
115 179
1 4 2
121 161
1 6 2
69 131
1 6 2
326 432
1 13 2
281 442
1 7 2
437 635
1 12 2
97 355
1 8 2
187 273
1 14 2
312 461
1 17 2
252 431
1 3 2
384 699
1 6 2
85 345
1 9 2
599 628
1 13 2
146 476
1 16 2
180 486
1 8 2
153 284
1 18 2
77 442
1 12 2
243 615
1 6 2
108 233
1 10 2
128 639
1 8 2
570 649
1 18 2
127 412
1 12 2
135 451
1 8 2
203 585
1 17 2
5 227
1 15 2
91 188
1 14 2
204 400
1 13 2
188 509
1 6 2
521 681
1 7 2
359 538
1 13 2
151 643
1 11 2
452 482
1 11 2
214 369
1 8 2
28 482
1 12 2
593 679
1 3 2
25 677
1 14 2
204 496
1 13 2
240 413
1 20 2
24 46
1 16 2
622 667
1 13 2
366 472
1 8 2
110 470
1 11 2
58 430
1 13 2
120 126
1 9 2
375 694
1 9 2
164 272
1 17 2
243 412
1 7 2
274 695
1 5 2
145 430
1 9 2
6 185
1 9 2
1 433
1 10 2
108 202
1 11 2
284 501
1 1 2
190 635
1 10 2
613 642
1 14 2
63 183
1 5 2
132 180
1 13 2
107 590
1 10 2
92 663
1 12 2
212 667
1 10 2
186 264
1 18 2
463 554
1 11 2
414 481
1 9 2
565 643
1 11 2
15 77
1 10 2
276 457
1 6 2
218 603
1 16 2
38 697
1 11 2
472 542
1 13 2
308 615
1 9 2
290 502
1 10 2
250 294
1 18 2
193 362
1 8 2
3 277
1 11 2
118 489
1 17 2
183 382
1 7 2
42 446
1 10 2
304 591
1 13 2
196 374
1 13 2
261 476
1 6 2
457 621
1 10 2
341 537
1 6 2
150 502
1 11 2
496 630
1 15 2
345 468
1 7 2
30 200
1 7 2
360 399
1 9 2
39 466
1 7 2
76 492
1 9 2
141 449
1 16 2
248 407
1 11 2
60 459
1 9 2
60 472
1 12 2
80 454
1 7 2
37 534
1 14 2
56 280
1 9 2
337 440
1 13 2
248 261
1 8 2
388 643
1 12 2
483 504
1 7 2
197 532
1 12 2
594 682
1 15 2
148 559
1 13 2
148 564
1 9 2
353 430
1 13 2
220 451
1 20 2
342 503
1 9 2
517 560
1 14 2
155 183
1 20 2
342 665
1 13 2
307 402
1 13 2
312 669
1 15 2
164 665
1 20 2
14 253
1 11 2
406 614
1 9 2
56 386
1 6 2
357 666
1 9 2
2 216
1 11 2
253 462
1 10 2
217 623
1 10 2
258 497
1 9 2
227 495
1 10 2
158 280
1 14 2
91 414
1 19 2
71 486
1 12 2
188 309
1 9 2
32 606
1 13 2
63 165
1 11 2
213 535
1 8 2
42 398
1 12 2
71 527
1 2 2
262 314
1 12 2
100 357
1 15 2
346 542
1 17 2
414 626
1 14 2
79 195
1 14 2
168 521
1 2 2
311 658
1 12 2
213 556
1 20 2
137 308
1 8 2
33 241
1 9 2
649 690
1 9 2
198 503
1 6 2
205 263
1 10 2
166 172
1 7 2
90 198
1 10 2
297 633
1 10 2
232 361
1 11 2
23 657
1 15 2
177 572
1 7 2
146 586
1 13 2
50 253
1 9 2
8 173
1 8 2
326 537
1 10 2
98 235
1 13 2
465 480
1 7 2
233 541
1 9 2
63 157
1 8 2
30 209
1 8 2
96 382
1 15 2
517 590
1 3 2
372 464
1 19 2
134 382
1 15 2
39 126
1 15 2
127 511
1 18 2
35 363
1 14 2
211 438
1 20 2
382 626
1 7 2
55 101
1 12 2
124 424
1 15 2
259 619
1 6 2
541 570
1 15 2
11 144
1 14 2
227 550
1 10 2
40 596
1 18 2
303 490
1 14 2
6 631
1 14 2
195 641
1 12 2
41 581
1 9 2
122 636
1 11 2
603 613
1 10 2
32 493
1 9 2
50 649
1 14 2
268 451
1 16 2
127 480
1 12 2
238 417
1 10 2
81 612
1 10 2
79 284
1 8 2
305 324
1 10 2
413 661
1 6 2
146 591
1 17 2
396 515
1 5 2
17 164
1 5 2
539 656
1 7 2
197 605
1 9 2
15 548
1 10 2
220 309
1 16 2
219 420
1 19 2
103 435
1 8 2
180 418
1 9 2
1 580
1 9 2
388 451
1 11 2
183 300
1 19 2
215 490
1 16 2
8 40
1 11 2
179 614
1 15 2
151 496
1 9 2
401 538
1 7 2
162 223
1 13 2
362 629
1 11 2
58 458
1 10 2
141 435
1 12 2
24 181
1 10 2
93 486
1 14 2
100 111
1 7 2
526 534
1 13 2
90 348
1 7 2
317 697
1 14 2
124 512
1 12 2
227 236
1 9 2
164 196
1 8 2
393 690
1 8 2
461 642
1 16 2
240 504
1 9 2
227 425
1 12 2
221 288
1 10 2
165 473
1 10 2
243 251
1 16 2
253 580
1 19 2
124 304
1 8 2
460 651
1 15 2
336 435
1 10 2
179 440
1 9 2
448 513
1 17 2
370 474
1 4 2
485 637
1 11 2
371 414
1 8 2
400 591
1 8 2
296 318
1 16 2
170 382
1 13 2
83 403
1 11 2
277 669
1 11 2
65 641
1 20 2
435 665
1 13 2
86 631
1 4 2
209 659
1 16 2
172 420
1 16 2
56 296
1 10 2
111 403
1 16 2
220 500
1 10 2
80 501
1 12 2
406 660
1 14 2
285 529
1 9 2
93 493
1 3 2
327 466
1 5 2
36 591
1 13 2
76 673
1 12 2
423 469
1 4 2
142 383
1 14 2
213 357
1 13 2
305 352
1 13 2
78 458
1 4 2
466 598
1 19 2
219 330
1 18 2
97 363
1 15 2
56 195
1 10 2
320 667
1 15 2
307 443
1 11 2
86 599
1 7 2
355 424
1 11 2
34 571
1 13 2
252 614
1 15 2
55 172
1 17 2
352 374
1 18 2
78 685
1 10 2
584 662
1 15 2
250 568
1 12 2
127 677
1 10 2
119 353
1 14 2
353 536
1 9 2
124 282
1 17 2
151 490
1 12 2
528 661
1 7 2
206 644
1 17 2
340 638
1 14 2
412 580
1 14 2
133 248
1 16 2
81 268
1 10 2
81 378
1 4 2
32 150
1 15 2
575 633
1 10 2
399 646
1 18 2
374 581
1 15 2
38 43
1 16 2
151 504
1 3 2
96 595
1 20 2
9 333
1 12 2
417 486
1 6 2
354 452
1 16 2
77 337
1 14 2
363 508
1 5 2
80 448
1 9 2
256 510
1 11 2
161 253
1 7 2
182 551
1 13 2
421 475
1 16 2
633 638
1 19 2
285 676
1 3 2
136 544
1 14 2
215 584
1 12 2
341 574
1 8 2
160 310
1 9 2
431 589
1 8 2
131 189
1 13 2
134 403
1 6 2
231 371
1 14 2
128 697
1 7 2
411 606
1 8 2
227 404
1 5 2
231 359
1 10 2
217 537
1 13 2
620 638
1 18 2
303 330
1 4 2
408 555
1 11 2
490 654
1 13 2
509 561
1 12 2
112 115
1 9 2
227 318
1 8 2
432 682
1 6 2
309 612
1 14 2
107 474
1 10 2
271 345
1 15 2
107 275
1 17 2
275 638
1 10 2
52 623
1 13 2
277 313
1 7 2
65 541
1 10 2
595 631
1 11 2
82 521
1 10 2
82 548
1 5 2
7 166
1 6 2
282 669
1 12 2
332 362
1 8 2
207 460
1 8 2
104 520
1 15 2
44 183
1 8 2
135 256
1 6 2
214 522
1 14 2
325 334
1 11 2
271 657
1 4 2
108 338
1 9 2
247 332
1 20 2
44 382
1 10 2
240 276
1 5 2
114 630
1 10 2
201 281
1 14 2
330 580
1 14 2
579 631
1 5 2
608 678
1 15 2
124 244
1 4 2
335 642
1 11 2
474 583
1 15 2
44 443
1 9 2
236 600
1 3 2
207 395
1 11 2
154 486
1 15 2
375 676
1 20 2
219 547
1 11 2
201 688
1 11 2
252 529
1 6 2
102 201
1 15 2
151 457
1 8 2
325 520
1 18 2
325 503
1 20 2
278 394
1 9 2
306 352
1 14 2
246 667
1 19 2
124 330
1 17 2
38 362
1 9 2
407 525
1 5 2
85 661
1 14 2
137 481
1 7 2
126 287
1 8 2
239 308
1 11 2
257 459
1 7 2
489 675
1 18 2
210 611
1 17 2
34 103
1 9 2
128 530
1 6 2
247 692
1 15 2
122 220
1 17 2
213 622
1 7 2
281 388
1 6 2
70 170
1 2 2
190 445
1 9 2
273 518
1 14 2
241 459
1 2 2
356 379
1 4 2
106 173
1 12 2
71 403
1 7 2
567 684
1 12 2
88 652
1 18 2
213 313
1 14 2
184 626
1 11 2
88 661
1 12 2
402 646
1 16 2
5 564
1 15 2
138 435
1 15 2
347 414
1 17 2
278 375
1 10 2
345 371
1 8 2
433 587
1 12 2
584 618
1 7 2
318 336
1 7 2
53 257
1 6 2
145 525
1 10 2
118 196
1 16 2
362 407
1 10 2
32 554
1 8 2
573 631
1 9 2
185 489
1 8 2
125 462
1 3 2
315 436
1 15 2
346 574
1 7 2
301 346
1 5 2
349 545
1 7 2
85 243
1 17 2
24 460
1 17 2
103 564
1 11 2
102 382
1 11 2
252 424
1 8 2
249 297
1 7 2
136 618
1 10 2
142 390
1 16 2
460 626
1 16 2
219 460
1 6 2
233 372
1 16 2
113 243
1 16 2
35 569
1 10 2
5 527
1 12 2
11 669
1 8 2
116 226
1 12 2
127 309
1 12 2
115 337
1 11 2
29 236
1 4 2
106 610
1 11 2
195 687
1 7 2
125 239
1 16 2
420 547
1 18 2
461 626
1 5 2
86 166
1 16 2
641 665
1 8 2
93 685
1 8 2
7 218
1 7 2
433 651
1 13 2
296 481
1 19 2
313 476
1 14 2
137 281
1 10 2
366 654
1 9 2
355 491
1 15 2
227 649
1 8 2
523 693
1 10 2
619 623
1 10 2
111 537
1 11 2
35 163
1 15 2
188 622
1 6 2
546 606
1 6 2
141 272
1 10 2
60 305
1 10 2
260 528
1 6 2
433 647
1 18 2
127 697
1 19 2
366 671
1 18 2
423 431
1 7 2
113 416
1 11 2
44 555
1 16 2
435 549
1 8 2
587 602
1 3 2
96 654
1 14 2
330 426
1 13 2
43 514
1 12 2
104 371
1 11 2
525 569
1 9 2
526 643
1 17 2
71 657
1 9 2
568 654
1 3 2
585 694
1 14 2
60 252
1 12 2
11 602
1 13 2
345 398
1 10 2
282 342
1 13 2
493 527
1 9 2
3 698
1 7 2
587 663
1 16 2
202 684
1 13 2
248 550
1 8 2
18 676
1 6 2
0 666
1 8 2
339 496
1 15 2
24 446
1 19 2
219 633
1 8 2
127 404
1 17 2
8 559
1 12 2
38 280
1 12 2
163 650
1 14 2
165 346
1 20 2
611 650
1 2 2
157 301
1 11 2
110 396
1 10 2
19 284
1 14 2
92 113
1 14 2
68 186
1 8 2
110 375
1 14 2
229 390
1 17 2
144 325
1 13 2
249 581
1 11 2
95 342
1 16 2
44 643
1 13 2
329 474
1 5 2
27 612
1 11 2
362 552
1 11 2
108 394
1 11 2
164 217
1 15 2
288 599
1 7 2
163 509
1 4 2
531 675
1 9 2
250 609
1 8 2
221 630
1 13 2
82 253
1 3 2
411 699
1 10 2
215 589
1 13 2
184 650
1 13 2
117 125
1 17 2
35 210
1 16 2
451 559
1 10 2
101 303
1 13 2
174 244
1 9 2
440 661
1 5 2
133 321
1 7 2
616 697
1 14 2
233 366
1 17 2
330 414
1 8 2
103 224
1 4 2
73 361
1 6 2
432 529
1 9 2
13 330
1 13 2
233 673
1 12 2
108 463
1 9 2
12 528
1 11 2
149 203
1 5 2
60 105
1 6 2
398 507
1 15 2
446 500
1 14 2
126 302
1 7 2
331 634
1 10 2
382 648
1 15 2
478 663
1 6 2
107 239
1 20 2
468 559
1 6 2
373 593
1 7 2
343 623
1 10 2
464 490
1 9 2
260 661
1 14 2
217 414
1 17 2
24 204
1 14 2
16 226
1 9 2
27 100
1 4 2
105 149
1 11 2
110 134
1 11 2
306 650
1 11 2
137 541
1 8 2
186 531
1 5 2
331 583
1 12 2
19 619
1 10 2
33 340
1 4 2
7 392
1 8 2
90 110
1 7 2
187 401
1 12 2
249 443
1 5 2
36 541
1 15 2
358 611
1 9 2
43 557
1 6 2
84 660
1 12 2
151 360
1 17 2
159 396
1 17 2
342 451
1 11 2
179 584
1 8 2
50 135
1 12 2
40 690
1 15 2
14 334
1 8 2
41 629
1 11 2
142 638
1 7 2
306 341
1 3 2
427 450
1 8 2
405 586
1 8 2
11 541
1 6 2
451 658
1 9 2
250 306
1 9 2
276 549
1 19 2
211 631
1 9 2
153 270
1 8 2
137 447
1 11 2
475 606
1 12 2
226 357
1 9 2
275 418
1 15 2
405 423
1 11 2
230 501
1 8 2
176 251
1 13 2
60 370
1 12 2
34 212
1 8 2
315 341
1 10 2
430 590
1 8 2
158 577
1 10 2
8 610
1 15 2
151 204
1 18 2
29 435
1 11 2
340 544
1 13 2
78 94
1 5 2
3 399
1 2 2
17 379
1 12 2
484 685
1 8 2
552 580
1 6 2
48 535
1 8 2
595 688
1 11 2
31 461
1 9 2
363 455
1 9 2
619 645
1 15 2
405 547
1 6 2
288 323
1 14 2
16 431
1 9 2
13 144
1 16 2
177 252
1 6 2
142 256
1 10 2
197 324
1 11 2
229 537
1 13 2
365 641
1 11 2
315 394
1 20 2
137 423
1 17 2
81 336
1 9 2
79 607
1 13 2
394 579
1 10 2
399 547
1 6 2
419 527
1 14 2
122 274
1 5 2
632 664
1 13 2
180 295
1 7 2
74 337
1 7 2
5 298
1 14 2
56 602
1 14 2
329 412
1 13 2
221 554
1 2 2
237 381
1 12 2
97 236
1 14 2
125 204
1 16 2
180 613
1 13 2
112 305
1 11 2
113 614
1 12 2
291 626
1 3 2
422 653
1 7 2
407 666
1 14 2
55 506
1 16 2
434 633
1 8 2
209 512
1 15 2
81 662
1 4 2
589 595
1 16 2
366 402
1 9 2
9 70
1 7 2
269 430
1 17 2
38 394
1 12 2
98 438
1 14 2
64 337
1 8 2
85 265
1 7 2
21 528
1 11 2
640 688
1 10 2
39 266
1 19 2
208 559
1 7 2
545 615
1 6 2
51 334
1 12 2
358 401
1 8 2
90 535
1 18 2
63 278
1 11 2
174 688
1 6 2
332 617
1 13 2
216 346
1 12 2
59 509
1 16 2
288 657
1 10 2
138 562
1 2 2
558 672
1 14 2
100 402
1 13 2
126 148
1 10 2
543 626
1 10 2
302 472
1 13 2
213 534
1 3 2
377 408
1 14 2
302 504
1 15 2
330 606
1 14 2
35 510
1 11 2
310 628
1 12 2
246 689
1 11 2
186 537
1 15 2
6 382
1 20 2
215 631
1 15 2
453 480
1 10 2
438 482
1 12 2
590 600
1 14 2
508 568
1 14 2
443 581
1 8 2
72 545
1 4 2
417 672
1 5 2
166 351
1 7 2
126 194
1 12 2
127 529
1 16 2
35 434
1 11 2
168 629
1 8 2
514 587
1 6 2
36 690
1 14 2
16 669
1 9 2
173 263
1 6 2
183 187
1 9 2
288 322
1 10 2
279 669
1 3 2
149 485
1 17 2
375 423
1 12 2
363 537
1 12 2
333 586
1 15 2
14 684
1 11 2
177 196
1 6 2
67 546
1 9 2
421 699
1 9 2
62 217
1 3 2
558 586
1 9 2
142 183
1 12 2
38 652
1 12 2
438 501
1 13 2
65 155
1 9 2
58 565
1 8 2
180 191
1 20 2
227 490
1 14 2
8 684
1 11 2
534 590
1 6 2
123 548
1 3 2
255 464
1 19 2
304 626
1 12 2
253 254
1 18 2
104 490
1 12 2
347 583
1 12 2
22 657
1 13 2
421 458
1 10 2
66 594
1 9 2
303 331
1 5 2
483 487
1 11 2
34 598
1 15 2
508 515
1 8 2
111 260
1 10 2
28 247
1 8 2
304 672
1 14 2
330 360
1 10 2
23 667
1 7 2
163 309
1 4 2
114 644
1 15 2
16 71
1 10 2
111 499
1 4 2
314 455
1 9 2
145 638
1 11 2
369 484
1 8 2
175 176
1 18 2
34 493
1 6 2
434 604
1 11 2
250 279
1 12 2
40 234
1 15 2
68 330
1 17 2
44 240
1 14 2
527 547
1 9 2
307 314
1 12 2
256 631
1 9 2
117 483
1 14 2
152 219
1 7 2
72 322
1 14 2
43 426
1 11 2
242 347
1 12 2
122 409
1 14 2
390 528
1 10 2
12 370
1 9 2
98 276
1 10 2
564 587
1 14 2
24 660
1 17 2
465 476
1 10 2
337 355
1 11 2
374 378
1 11 2
156 579
1 11 2
186 292
1 5 2
410 670
1 8 2
188 557
1 5 2
182 686
1 7 2
225 460
1 17 2
362 375
1 10 2
278 531
1 6 2
469 592
1 17 2
45 203
1 15 2
258 275
1 11 2
188 410
1 18 2
238 454
1 13 2
685 689
1 10 2
358 499
1 6 2
119 455
1 17 2
253 414
1 7 2
323 412
1 8 2
465 524
1 12 2
514 521
1 11 2
137 142
1 9 2
179 200
1 13 2
47 221
1 7 2
464 661
1 6 2
245 402
1 14 2
78 409
1 11 2
124 552
1 5 2
140 630
1 16 2
71 304
1 5 2
432 664
1 13 2
542 574
1 11 2
232 428
1 7 2
19 645
1 4 2
73 699
1 19 2
437 613
1 4 2
116 623
1 4 2
531 610
1 7 2
301 449
1 8 2
368 676
1 15 2
188 602
1 8 2
214 417
1 14 2
186 459
1 9 2
368 382
1 15 2
16 265
1 9 2
259 385
1 6 2
339 527
1 12 2
67 639
1 8 2
52 427
1 3 2
419 494
1 10 2
511 537
1 5 2
23 266
1 8 2
26 283
1 6 2
74 580
1 17 2
186 374
1 13 2
112 548
1 16 2
46 280
1 13 2
209 227
1 8 2
376 458
1 12 2
115 229
1 18 2
78 633
1 17 2
248 685
1 8 2
400 625
1 7 2
484 538
1 19 2
63 232
1 12 2
176 542
1 17 2
63 671
1 13 2
98 398
1 4 2
140 472
1 9 2
57 151
1 19 2
304 547
1 10 2
35 565
1 12 2
304 577
1 11 2
76 584
1 17 2
285 313
1 16 2
83 542
1 13 2
122 663
1 4 2
418 553
1 5 2
422 690
1 11 2
39 291
1 15 2
281 285
1 10 2
32 461
1 15 2
244 554
1 9 2
1 41
1 16 2
97 398
1 10 2
349 493
1 13 2
234 380
1 3 2
388 605
1 5 2
306 601
1 11 2
451 527
1 18 2
248 542
1 9 2
637 688
1 18 2
46 638
1 7 2
130 533
1 6 2
298 353
1 5 2
176 350
1 14 2
352 434
1 16 2
5 421
1 11 2
113 593
1 12 2
2 211
1 17 2
34 437
1 9 2
241 526
1 14 2
206 504
1 11 2
530 698
1 12 2
129 549
1 12 2
82 124
1 7 2
138 540
1 7 2
317 561
1 10 2
173 259
1 20 2
203 342
1 14 2
246 554
1 16 2
29 517
1 11 2
79 329
1 12 2
22 673
1 16 2
103 312
1 8 2
269 579
1 12 2
109 607
1 9 2
197 609
1 10 2
206 579
1 14 2
390 698
1 18 2
486 536
1 9 2
348 653
1 3 2
319 332
1 12 2
264 423
1 7 2
190 437
1 8 2
428 574
1 10 2
577 594
1 16 2
88 333
1 5 2
533 608
1 6 2
217 540
1 7 2
32 458
1 18 2
103 646
1 5 2
48 541
1 11 2
40 630
1 12 2
158 496
1 9 2
592 684
1 18 2
58 611
1 18 2
168 665
1 9 2
162 512
1 13 2
9 242
1 18 2
307 665
1 14 2
26 398
1 10 2
252 339
1 11 2
177 410
1 15 2
268 461
1 6 2
199 220
1 14 2
281 435
1 4 2
142 567
1 15 2
442 606
1 19 2
248 597
1 8 2
67 418
1 13 2
232 660
1 7 2
430 538
1 6 2
60 533
1 15 2
258 449
1 14 2
203 302
1 17 2
210 564
1 11 2
111 263
1 17 2
58 597
1 20 2
310 394
1 5 2
436 511
1 11 2
55 263
1 11 2
258 623
1 3 2
625 658
1 7 2
186 436
1 8 2
344 433
1 12 2
471 521
1 10 2
182 371
1 9 2
1 90
1 6 2
615 632
1 4 2
22 691
1 10 2
337 351
1 12 2
285 462
1 11 2
167 684
1 13 2
564 593
1 13 2
44 475
1 9 2
1 407
1 18 2
412 476
1 7 2
280 664
1 16 2
333 358
1 16 2
67 97
1 16 2
232 669
1 8 2
426 587
1 19 2
24 122
1 14 2
138 398
1 17 2
29 126
1 14 2
133 547
1 14 2
176 549
1 9 2
52 175
1 8 2
602 625
1 16 2
304 369
1 15 2
138 213
1 11 2
223 683
1 7 2
261 355
1 12 2
30 59
1 6 2
108 530
1 16 2
188 581
1 6 2
143 465
1 9 2
508 538
1 5 2
1 356
1 11 2
41 246
1 9 2
361 517
1 14 2
412 514
1 11 2
19 300
1 9 2
157 461
1 8 2
59 101
1 11 2
609 611
1 14 2
170 177
1 19 2
78 697
1 16 2
220 374
1 14 2
204 220
1 16 2
125 308
1 5 2
397 609
1 9 2
650 680
1 6 2
164 692
1 13 2
217 683
1 4 2
367 482
1 15 2
431 548
1 8 2
319 673
1 8 2
5 349
1 12 2
305 434
1 11 2
457 482
1 9 2
291 405
1 12 2
120 210
1 5 2
82 655
1 10 2
126 675
1 15 2
375 618
1 10 2
322 461
1 8 2
383 414
1 14 2
151 590
1 14 2
434 643
1 16 2
208 688
1 6 2
239 405
1 9 2
78 283
1 18 2
81 547
1 13 2
293 620
1 5 2
419 615
1 15 2
164 285
1 12 2
471 581
1 16 2
81 167
1 12 2
375 443
1 9 2
300 623
1 14 2
214 285
1 11 2
128 302
1 16 2
43 204
1 11 2
235 451
1 6 2
205 451
1 7 2
376 694
1 15 2
250 561
1 5 2
17 185
1 15 2
137 341
1 10 2
68 82
1 14 2
396 512
1 11 2
40 608
1 7 2
620 645
1 4 2
18 251
1 12 2
260 374
1 14 2
274 698
1 9 2
365 462
1 20 2
227 631
1 14 2
54 341
1 13 2
52 622
1 7 2
507 669
1 13 2
376 412
1 4 2
7 123
1 6 2
583 592
1 15 2
78 115
1 7 2
94 181
1 8 2
33 182
1 18 2
247 468
1 10 2
100 254
1 7 2
107 191
1 10 2
145 490
1 7 2
361 512
1 12 2
304 634
1 10 2
75 615
1 5 2
424 492
1 16 2
310 643
1 18 2
232 461
1 5 2
415 677
1 5 2
53 162
1 16 2
186 325
1 11 2
343 460
1 14 2
475 490
1 12 2
275 329
1 6 2
231 236
1 9 2
173 250
1 14 2
67 521
1 20 2
24 382
1 11 2
400 481
1 10 2
146 688
1 16 2
155 370
1 13 2
75 590
1 5 2
634 672
1 12 2
61 554
1 6 2
6 53
1 20 2
219 303
1 17 2
113 697
1 13 2
118 542
1 6 2
87 217
1 8 2
58 323
1 20 2
29 83
1 10 2
39 612
1 17 2
35 39
1 18 2
58 631
1 16 2
127 685
1 11 2
420 482
1 17 2
325 396
1 9 2
396 507
1 8 2
54 674
1 5 2
425 614
1 19 2
273 490
1 16 2
374 580
1 11 2
155 214
1 12 2
98 459
1 10 2
5 483
1 9 2
187 613
1 11 2
214 575
1 9 2
72 426
1 16 2
65 219
1 8 2
338 669
1 15 2
111 490
1 8 2
315 345
1 14 2
1 506
1 16 2
493 521
1 9 2
98 677
1 10 2
120 358
1 20 2
463 468
1 13 2
61 310
1 5 2
373 378
1 3 2
588 609
1 15 2
127 606
1 4 2
7 245
1 7 2
196 617
1 5 2
373 632
1 10 2
74 490
1 5 2
23 163
1 5 2
161 562
1 11 2
473 542
1 5 2
171 298
1 7 2
620 664
1 10 2
161 252
1 13 2
193 501
1 12 2
226 629
1 13 2
125 400
1 6 2
82 628
1 8 2
331 575
1 12 2
217 241
1 14 2
115 155
1 7 2
592 637
1 10 2
15 486
1 8 2
55 522
1 11 2
99 365
1 12 2
512 669
1 7 2
413 632
1 7 2
57 201
1 5 2
475 624
1 16 2
406 657
1 11 2
223 575
1 13 2
504 584
1 7 2
159 585
1 9 2
93 310
1 13 2
517 523
1 14 2
75 442
1 12 2
217 682
1 6 2
236 462
1 13 2
52 513
1 11 2
541 633
1 7 2
2 175
1 17 2
124 638
1 11 2
77 157
1 8 2
46 519
1 11 2
120 465
1 10 2
184 459
1 13 2
115 643
1 9 2
646 666
1 17 2
155 197
1 20 2
24 650
1 6 2
428 550
1 16 2
202 606
1 5 2
349 571
1 8 2
556 660
1 11 2
8 629
1 16 2
127 528
1 5 2
6 532
1 12 2
407 512
1 8 2
260 360
1 14 2
329 665
1 17 2
91 203
1 11 2
8 525
1 14 2
345 646
1 6 2
136 491
1 11 2
579 618
1 11 2
223 460
1 9 2
399 434
1 18 2
58 219
1 15 2
29 375
1 19 2
34 278
1 11 2
107 300
1 10 2
128 152
1 10 2
47 48
1 10 2
206 458
1 15 2
138 667
1 11 2
117 663
1 17 2
104 559
1 5 2
84 297
1 9 2
84 369
1 19 2
97 454
1 15 2
170 366
1 15 2
549 618
1 6 2
329 339
1 16 2
138 421
1 12 2
284 420
1 3 2
323 535
1 5 2
397 526
1 9 2
520 671
1 8 2
189 574
1 16 2
263 613
1 17 2
126 265
1 14 2
252 257
1 13 2
328 559
1 13 2
126 441
1 15 2
180 493
1 7 2
186 311
1 9 2
516 568
1 9 2
3 244
1 12 2
103 440
1 6 2
349 530
1 12 2
178 396
1 14 2
168 180
1 13 2
167 474
1 12 2
182 352
1 10 2
600 630
1 9 2
349 365
1 12 2
273 562
1 10 2
179 469
1 11 2
76 164
1 16 2
113 172
1 13 2
534 559
1 14 2
302 515
1 12 2
130 400
1 15 2
195 443
1 9 2
605 611
1 8 2
515 605
1 9 2
8 42
1 7 2
201 260
1 14 2
174 273
1 18 2
238 697
1 16 2
76 333
1 6 2
464 660
1 9 2
248 681
1 6 2
292 666
1 13 2
177 641
1 8 2
228 427
1 19 2
40 219
1 13 2
159 682
1 9 2
495 650
1 20 2
215 342
1 8 2
518 671
1 8 2
328 351
1 14 2
186 508
1 15 2
580 631
1 10 2
35 108
1 16 2
44 698
1 14 2
434 457
1 10 2
129 277
1 9 2
386 572
1 7 2
184 556
1 11 2
434 583
1 14 2
222 305
1 4 2
7 239
1 4 2
169 343
1 16 2
295 370
1 13 2
76 138
1 11 2
19 263
1 13 2
120 394
1 14 2
253 360
1 13 2
78 615
1 7 2
48 218
1 13 2
441 657
1 12 2
100 359
1 11 2
248 339
1 10 2
385 618
1 5 2
15 294
1 6 2
18 52
1 8 2
218 469
1 19 2
213 667
1 17 2
64 676
1 5 2
255 593
1 13 2
45 501
1 6 2
0 535
1 6 2
244 350
1 11 2
34 556
1 7 2
207 268
1 5 2
87 438
1 19 2
197 278
1 8 2
257 326
1 10 2
117 158
1 9 2
537 687
1 8 2
261 614
1 19 2
423 657
1 9 2
65 284
1 13 2
600 602
1 2 2
311 635
1 11 2
92 402
1 17 2
370 697
1 13 2
5 337
1 11 2
14 31
1 14 2
382 687
1 15 2
137 398
1 9 2
256 502
1 16 2
83 438
1 18 2
34 597
1 16 2
347 549
1 16 2
75 611
1 5 2
130 627
1 13 2
44 82
1 13 2
382 637
1 13 2
497 559
1 13 2
129 380
1 7 2
287 442
1 14 2
265 281
1 5 2
76 488
1 5 2
85 407
1 15 2
130 278
1 18 2
665 673
1 20 2
77 124
1 9 2
60 120
1 8 2
292 481
1 14 2
500 593
1 11 2
398 629
1 2 2
87 540
1 4 2
417 488
1 13 2
305 597
1 15 2
125 293
1 12 2
152 568
1 3 2
299 311
1 15 2
468 620
1 7 2
228 299
1 6 2
135 648
1 11 2
3 39
1 16 2
460 547
1 11 2
427 468
1 6 2
279 524
1 11 2
80 193
1 5 2
199 527
1 16 2
58 673
1 11 2
155 687
1 8 2
105 396
1 4 2
15 161
1 5 2
154 261
1 15 2
81 401
1 15 2
313 337
1 14 2
2 423
1 13 2
167 295
1 15 2
134 407
1 12 2
31 103
1 12 2
159 351
1 5 2
563 579
1 19 2
503 657
1 19 2
197 219
1 11 2
100 279
1 14 2
514 597
1 10 2
164 403
1 18 2
296 382
1 11 2
242 437
1 8 2
154 182
1 5 2
194 458
1 7 2
45 692
1 9 2
526 646
1 14 2
67 75
1 6 2
444 581
1 18 2
572 697
1 9 2
108 258
1 8 2
295 385
1 19 2
172 396
1 8 2
25 374
1 15 2
197 293
1 11 2
446 512
1 19 2
44 78
1 7 2
112 678
1 11 2
371 618
1 10 2
451 687
1 12 2
548 640
1 13 2
409 650
1 16 2
103 594
1 13 2
454 550
1 11 2
196 554
1 10 2
168 668
1 12 2
523 549
1 8 2
296 447
1 7 2
2 20
1 10 2
151 242
1 6 2
233 520
1 6 2
292 427
1 11 2
22 434
1 9 2
27 56
1 8 2
61 477
1 11 2
266 626
1 10 2
34 632
1 17 2
89 572
1 9 2
372 435
1 14 2
14 353
1 9 2
529 602
1 8 2
23 280
1 3 2
262 385
1 18 2
226 559
1 18 2
83 348
1 16 2
38 330
1 14 2
156 249
1 7 2
236 440
1 15 2
241 437
1 6 2
524 579
1 9 2
219 298
1 9 2
19 614
1 8 2
219 239
1 8 2
106 273
1 8 2
150 380
1 5 2
469 516
1 10 2
309 643
1 18 2
58 78
1 4 2
455 648
1 10 2
437 632
1 15 2
127 274
1 14 2
111 547
1 15 2
406 646
1 14 2
476 687
1 18 2
330 437
1 10 2
247 529
1 15 2
107 303
1 11 2
50 258
1 8 2
121 346
1 12 2
280 510
1 5 2
117 507
1 15 2
186 204
1 6 2
67 680
1 15 2
130 203
1 10 2
293 335
1 9 2
89 692
1 12 2
407 528
1 13 2
365 509
1 14 2
1 613
1 14 2
221 618
1 12 2
496 649
1 6 2
92 224
1 6 2
90 389
1 14 2
353 657
1 15 2
228 506
1 8 2
218 472
1 10 2
91 142
1 4 2
458 635
1 8 2
314 590
1 12 2
59 182
1 14 2
300 618
1 20 2
248 253
1 15 2
559 584
1 16 2
211 295
1 14 2
241 346
1 5 2
294 694
1 11 2
482 496
1 15 2
98 330
1 13 2
113 682
1 18 2
54 310
1 8 2
180 544
1 20 2
127 172
1 10 2
92 693
1 4 2
498 583
1 17 2
340 698
1 12 2
175 273
1 13 2
179 247
1 9 2
116 172
1 7 2
184 196
1 6 2
18 61
1 12 2
89 393
1 20 2
278 340
1 9 2
285 298
1 7 2
212 628
1 5 2
596 609
1 11 2
139 547
1 10 2
67 178
1 15 2
109 176
1 11 2
303 343
1 13 2
511 646
1 6 2
444 536
1 7 2
234 264
1 12 2
206 606
1 5 2
19 143
1 13 2
179 206
1 9 2
151 399
1 13 2
88 459
1 6 2
52 604
1 13 2
375 426
1 10 2
471 689
1 9 2
419 504
1 13 2
47 129
1 15 2
124 345
1 15 2
229 679
1 16 2
310 401
1 14 2
394 523
1 14 2
112 542
1 8 2
165 666
1 7 2
218 266
1 9 2
602 617
1 10 2
103 560
1 9 2
18 671
1 13 2
480 641
1 13 2
11 643
1 18 2
78 240
1 12 2
401 574
1 7 2
421 621
1 5 2
472 479
1 12 2
172 430
1 13 2
61 155
1 9 2
82 443
1 11 2
77 95
1 4 2
22 237
1 11 2
0 208
1 15 2
186 599
1 8 2
353 440
1 12 2
477 597
1 7 2
321 643
1 10 2
173 243
1 13 2
180 569
1 14 2
39 217
1 6 2
107 422
1 12 2
78 359
1 6 2
206 239
1 13 2
109 484
1 19 2
109 611
1 4 2
545 558
1 15 2
46 511
1 3 2
161 323
1 11 2
242 504
1 10 2
188 377
1 14 2
61 421
1 10 2
339 468
1 10 2
438 639
1 4 2
577 674
1 8 2
3 413
1 7 2
401 658
1 6 2
376 388
1 11 2
16 292
1 7 2
479 501
1 4 2
57 378
1 11 2
378 490
1 8 2
17 310
1 12 2
185 561
1 10 2
359 398
1 5 2
30 87
1 16 2
83 165
1 19 2
547 626
1 13 2
47 358
1 10 2
394 642
1 7 2
106 521
1 12 2
580 620
1 9 2
2 302
1 8 2
204 541
1 12 2
340 541
1 9 2
402 527
1 10 2
89 298
1 9 2
370 516
1 11 2
288 593
1 5 2
377 544
1 20 2
631 665
1 13 2
274 451
1 20 2
248 547
1 13 2
128 151
1 14 2
382 617
1 18 2
172 638
1 18 2
127 222
1 13 2
59 652
1 7 2
120 552
1 13 2
509 638
1 12 2
393 657
1 8 2
325 383
1 12 2
230 300
1 11 2
113 637
1 14 2
196 631
1 18 2
203 304
1 10 2
75 133
1 8 2
349 652
1 11 2
43 570
1 7 2
487 549
1 11 2
76 221
1 3 2
173 262
1 10 2
434 610
1 14 2
217 325
1 12 2
355 453
1 10 2
98 537
1 10 2
428 673
1 9 2
313 644
1 11 2
333 610
1 6 2
110 592
1 6 2
436 561
1 7 2
185 294
1 16 2
151 515
1 9 2
435 695
1 9 2
291 481
1 8 2
166 683
1 9 2
311 650
1 13 2
293 441
1 9 2
116 232
1 16 2
47 671
1 8 2
0 72
1 10 2
185 246
1 17 2
330 646
1 11 2
129 270
1 4 2
140 424
1 3 2
199 306
1 10 2
462 493
1 13 2
202 360
1 10 2
602 637
1 11 2
99 238
1 10 2
158 641
1 4 2
162 557
1 17 2
435 449
1 12 2
230 258
1 6 2
118 391
1 14 2
221 474
1 4 2
286 371
1 10 2
24 198
1 11 2
230 353
1 9 2
290 452
1 3 2
505 675
1 11 2
206 641
1 13 2
130 568
1 16 2
35 250
1 8 2
242 693
1 13 2
174 390
1 15 2
284 308
1 14 2
457 521
1 8 2
306 548
1 8 2
568 659
1 18 2
103 159
1 18 2
340 561
1 17 2
204 676
1 13 2
226 305
1 10 2
31 554
1 9 2
314 521
1 15 2
67 126
1 18 2
503 698
1 13 2
38 602
1 10 2
99 336
1 10 2
95 626
1 14 2
103 249
1 12 2
517 637
1 15 2
263 421
1 14 2
159 688
1 8 2
547 647
1 13 2
430 650
1 7 2
53 511
1 9 2
16 254
1 10 2
407 502
1 17 2
47 697
1 8 2
46 147
1 18 2
71 697
1 6 2
42 309
1 18 2
394 679
1 11 2
39 50
1 12 2
45 509
1 10 2
46 191
1 13 2
16 574
1 13 2
201 665
1 12 2
174 581
1 12 2
227 424
1 5 2
32 455
1 12 2
6 59
1 16 2
268 304
1 10 2
240 297
1 7 2
137 327
1 7 2
55 651
1 5 2
368 577
1 15 2
45 437
1 13 2
421 430
1 3 2
447 624
1 11 2
297 366
1 17 2
421 683
1 9 2
294 685
1 11 2
650 675
1 14 2
195 619
1 7 2
59 321
1 16 2
83 305
1 4 2
361 625
1 3 2
311 522
1 13 2
24 357
1 10 2
501 629
1 6 2
136 669
1 14 2
5 204
1 15 2
365 449
1 7 2
272 612
1 11 2
110 412
1 8 2
150 569
1 8 2
201 214
1 14 2
300 638
1 13 2
247 300
1 14 2
574 618
1 9 2
88 562
1 5 2
72 395
1 15 2
179 304
1 9 2
138 587
1 16 2
188 461
1 7 2
14 436
1 12 2
640 698
1 9 2
108 461
1 8 2
5 432
1 5 2
477 695
1 9 2
251 365
1 10 2
214 622
1 15 2
111 222
1 7 2
1 276
1 5 2
154 570
1 11 2
193 545
1 19 2
493 559
1 12 2
35 196
1 9 2
96 333
1 18 2
461 515
1 17 2
258 333
1 10 2
417 554
1 9 2
108 504
1 9 2
70 109
1 8 2
50 257
1 11 2
35 448
1 8 2
347 642
1 10 2
138 469
1 12 2
131 337
1 11 2
115 353
1 4 2
332 487
1 14 2
352 542
1 5 2
3 524
1 6 2
301 465
1 10 2
7 186
1 7 2
242 332
1 10 2
211 266
1 5 2
289 481
1 7 2
251 410
1 10 2
167 483
1 8 2
195 456
1 18 2
168 340
1 11 2
612 676
1 11 2
331 333
1 16 2
44 457
1 10 2
103 636
1 4 2
4 664
1 8 2
90 200
1 3 2
419 520
1 16 2
433 490
1 8 2
218 473
1 11 2
242 325
1 9 2
27 243
1 13 2
64 452
1 20 2
382 468
1 19 2
9 435
1 16 2
244 252
1 11 2
19 510
1 10 2
220 607
1 3 2
494 677
1 14 2
109 489
1 12 2
559 630
1 12 2
230 420
1 6 2
50 339
1 16 2
43 461
1 11 2
490 522
1 13 2
259 270
1 15 2
58 420
1 9 2
213 695
1 8 2
262 476
1 16 2
452 468
1 7 2
164 543
1 12 2
54 256
1 9 2
20 643
1 10 2
165 499
1 10 2
437 610
1 8 2
254 641
1 13 2
250 302
1 11 2
68 214
1 8 2
72 212
1 7 2
53 458
1 15 2
197 263
1 15 2
40 370
1 16 2
67 330
1 11 2
413 689
1 12 2
119 250
1 12 2
61 496
1 7 2
256 525
1 9 2
538 619
1 9 2
165 272
1 19 2
211 374
1 3 2
74 604
1 11 2
36 611
1 9 2
44 624
1 13 2
525 559
1 11 2
188 251
1 13 2
407 461
1 17 2
613 622
1 10 2
188 545
1 13 2
273 292
1 7 2
296 364
1 15 2
396 643
1 7 2
73 483
1 17 2
78 325
1 10 2
226 571
1 4 2
368 526
1 6 2
417 628
1 18 2
285 496
1 11 2
269 431
1 10 2
344 493
1 10 2
355 669
1 9 2
566 667
1 12 2
332 486
1 12 2
97 242
1 8 2
219 422
1 14 2
370 451
1 10 2
127 314
1 9 2
107 335
1 11 2
111 409
1 12 2
71 482
1 17 2
134 513
1 6 2
224 426
1 14 2
308 693
1 15 2
83 357
1 13 2
577 611
1 6 2
66 173
1 11 2
115 280
1 10 2
225 613
1 3 2
25 524
1 8 2
285 439
1 7 2
237 683
1 12 2
271 453
1 10 2
174 234
1 5 2
269 672
1 8 2
308 494
1 16 2
46 590
1 14 2
186 365
1 10 2
1 130
1 10 2
608 689
1 18 2
45 248
