700 4200 2100
12 18 20 17 18 6 8 14 23 8 8 12 12 21 5 9 19 19 9 24 10 20 5 25 15 18 19 18 20 6 25 13 8 22 22 18 14 22 16 15 16 20 11 10 20 22 14 23 25 15 12 17 10 24 6 15 19 6 19 14 5 9 17 20 14 19 5 17 10 17 23 12 21 18 22 18 8 24 20 13 10 22 15 17 8 9 10 18 16 10 23 13 9 15 23 20 20 18 18 9 14 16 9 15 6 8 8 11 16 14 22 15 12 5 24 22 14 13 20 10 24 12 9 13 22 5 17 24 13 19 9 12 15 23 13 9 10 7 13 19 23 18 6 6 24 6 18 8 17 21 12 13 5 5 14 15 7 5 17 19 8 16 9 16 22 9 16 19 5 20 15 5 12 23 9 16 22 9 6 20 23 19 9 12 25 18 15 24 14 21 13 16 13 6 13 7 16 21 14 21 9 9 14 18 9 7 6 11 6 24 9 22 9 15 14 23 9 5 23 25 13 9 6 23 6 13 12 15 24 8 9 18 6 23 7 18 21 22 18 14 11 9 7 8 5 16 10 25 24 20 8 21 18 9 21 16 6 21 25 21 25 8 9 20 20 7 14 18 6 12 24 15 21 16 14 8 25 6 23 17 11 13 17 16 9 14 18 9 18 6 16 9 25 20 7 5 23 9 21 24 22 18 18 22 8 10 16 7 9 8 17 18 5 22 6 12 12 20 20 13 21 24 8 23 6 11 18 9 20 8 25 16 5 23 5 15 19 10 18 21 14 18 18 18 11 22 12 20 25 15 20 20 21 25 24 19 5 14 5 21 9 21 11 23 25 9 25 6 24 10 16 5 24 24 22 15 14 21 22 10 19 25 25 25 14 12 16 7 9 19 12 6 13 10 12 9 25 10 18 23 10 7 13 5 9 10 25 22 15 11 19 10 20 11 25 5 16 10 11 13 23 12 25 25 5 9 11 21 20 14 7 22 17 14 21 12 14 15 24 6 12 22 7 17 10 6 21 9 25 19 13 25 9 12 24 11 20 20 7 12 8 21 16 7 17 21 24 12 5 16 18 6 25 21 23 16 23 24 15 7 9 20 16 10 21 15 23 5 13 9 6 16 22 11 23 18 12 24 20 20 20 24 13 22 8 21 9 17 6 9 13 15 21 8 15 15 18 24 17 19 14 16 12 16 7 25 22 23 17 9 13 8 13 12 19 12 20 8 21 13 7 12 25 5 17 18 23 9 11 15 13 5 16 5 19 9 22 6 13 23 7 6 22 6 25 5 19 13 25 5 18 16 17 23 24 8 6 10 5 18 6 13 13 14 12 12 11 14 19 5 15 25 15 23 22 21 19 20 24 11 13 21 13 7 10 14 25 18 17 21 23 21 14 10 8 9 10 18 14 21 10 18 23 22 5 12 20 17 5 10 18 11 24 7 7 5 8 24 17 16 8 6 9 10 25 24 14 23 15 19 7 14 12 9 21 20 7 18 15 18 17 9 7 21 14 16 7 25 22 16 15 7 23 15 14 16 8 19 13 9 16 21 22 24 16 20 22 9 5 9 7 12 7 15 5 15 12 15 11 22
6 15 18 17 9 15 15 18 12 9 12 14 16 9 20 19 3 6 18 20 10 20 19 12 10 11 4 12 7 16 9 5 15 6 18 7 5 4 3 20 18 3 20 8 12 20 9 10 11 9 10 4 7 13 8 14 10 7 18 14 5 11 4 6 12 19 9 18 15 4 9 12 10 11 15 3 19 6 16 14 13 3 13 3 9 5 3 20 19 20 19 19 10 4 20 12 17 16 6 10 9 8 5 4 12 18 5 5 19 9 10 4 18 13 8 19 9 7 19 7 10 13 14 3 5 14 18 20 12 10 9 11 5 4 16 16 13 11 19 10 10 9 4 3 7 10 12 9 16 14 10 20 17 17 14 19 11 17 6 10 15 16 9 20 14 11 10 7 17 5 11 9 7 6 9 11 11 19 15 8 11 13 4 3 4 10 9 10 8 11 3 18 18 20 3 3 6 9 15 6 13 9 10 6 5 3 14 5 17 7 12 4 12 18 16 15 5 4 13 7 17 9 16 5 7 7 13 16 3 15 17 17 16 7 7 19 17 4 7 14 7 17 13 17 12 20 20 6 9 19 10 12 15 17 19 6 17 14 16 18 16 3 12 6 16 20 13 20 15 10 3 7 18 3 19 10 19 14 9 16 19 20 16 4 13 18 16 19 20 8 5 14 20 11 3 16 17 15 6 10 4 17 8 12 13 15 5 6 13 17 6 11 12 12 18 10 11 14 20 11 3 9 19 5 5 3 6 6 3 7 20 15 12 11 13 9 16 20 13 9 14 17 18 16 7 20 20 9 12 11 5 19 12 8 11 13 17 8 12 13 20 3 19 20 3 5 5 9 18 9 18 15 8 18 18 14 10 18 5 12 19 9 19 5 15 13 17 14 14 7 5 13 13 5 10 8 12 18 19 4 14 8 18 8 17 9 11 14 8 17 16 12 5 16 18 4 12 10 8 11 15 9 3 10 10 10 4 6 16 3 9 13 8 19 8 18 15 3 3 11 15 17 7 20 6 8 10 8 13 20 10 9 9 4 12 5 5 6 12 19 4 5 10 5 13 16 9 10 6 15 4 11 12 19 18 7 3 12 3 16 20 15 9 7 5 7 5 12 4 13 3 5 19 10 12 5 12 17 5 7 19 7 6 11 19 20 12 7 10 19 13 15 8 5 18 17 6 7 19 14 19 19 8 18 5 20 19 7 12 20 6 13 20 16 4 14 16 18 20 6 4 16 13 10 13 7 12 5 10 7 12 20 5 19 17 4 10 18 11 9 16 3 11 10 16 10 7 16 15 8 9 12 5 7 13 13 15 6 10 8 15 16 9 10 11 18 17 5 6 20 3 17 14 8 16 7 7 12 16 12 18 5 17 19 3 10 13 15 6 20 15 7 15 15 11 16 12 19 18 6 5 4 15 4 18 6 14 19 4 12 7 15 16 7 10 10 13 3 19 12 20 4 10 20 7 10 14 13 19 12 8 5 5 17 3 3 18 4 7 19 3 4 14 19 12 16 14 20 12 7 20 7 8 6 16 3 18 10 20 3 15 6 11 4 15 6 5 18 18 16 5 19 11 9 8 5 8 7 12 9
1 2 2
152 557
1 8 2
289 632
1 7 2
51 625
1 13 2
120 514
1 14 2
120 343
1 11 2
211 520
1 6 2
165 521
1 17 2
21 454
1 11 2
89 448
1 6 2
582 587
1 6 2
86 469
1 7 2
475 625
1 14 2
233 519
1 12 2
198 542
1 6 2
385 510
1 6 2
122 462
1 14 2
189 320
1 12 2
406 625
1 13 2
574 693
1 10 2
421 486
1 12 2
183 451
1 13 2
132 546
1 14 2
87 562
1 17 2
353 663
1 9 2
0 554
1 8 2
253 505
1 17 2
446 645
1 11 2
30 305
1 3 2
206 216
1 20 2
396 527
1 16 2
235 568
1 12 2
376 486
1 9 2
350 421
1 12 2
166 593
1 10 2
212 542
1 8 2
185 435
1 7 2
71 161
1 20 2
276 564
1 4 2
322 678
1 11 2
450 527
1 12 2
451 533
1 13 2
354 429
1 10 2
28 475
1 11 2
266 686
1 15 2
619 681
1 7 2
98 162
1 3 2
89 656
1 20 2
348 637
1 7 2
22 644
1 9 2
154 545
1 10 2
129 213
1 17 2
499 606
1 18 2
169 591
1 11 2
485 654
1 9 2
42 363
1 7 2
155 697
1 3 2
99 147
1 10 2
345 488
1 8 2
30 289
1 8 2
233 265
1 17 2
264 477
1 14 2
345 380
1 11 2
541 682
1 12 2
59 622
1 3 2
417 656
1 10 2
166 495
1 10 2
397 546
1 7 2
131 310
1 11 2
218 625
1 17 2
179 364
1 12 2
352 670
1 17 2
494 573
1 18 2
90 672
1 9 2
380 652
1 12 2
70 618
1 16 2
451 649
1 12 2
126 481
1 16 2
189 218
1 15 2
333 412
1 5 2
587 615
1 14 2
249 434
1 12 2
564 625
1 12 2
440 645
1 15 2
2 486
1 9 2
162 622
1 6 2
265 351
1 13 2
274 454
1 16 2
74 352
1 19 2
23 114
1 10 2
133 421
1 16 2
374 559
1 14 2
255 414
1 12 2
270 392
1 9 2
346 498
1 12 2
414 652
1 10 2
7 538
1 15 2
568 675
1 14 2
292 658
1 12 2
62 63
1 15 2
158 591
1 10 2
276 480
1 13 2
282 454
1 16 2
209 588
1 17 2
501 538
1 8 2
271 680
1 19 2
173 497
1 19 2
568 632
1 15 2
199 434
1 7 2
179 195
1 12 2
36 448
1 10 2
80 423
1 4 2
191 314
1 17 2
477 494
1 8 2
457 506
1 18 2
298 644
1 7 2
198 697
1 6 2
196 577
1 11 2
198 481
1 16 2
164 399
1 3 2
265 413
1 13 2
151 330
1 15 2
412 420
1 16 2
272 476
1 16 2
53 380
1 10 2
514 626
1 5 2
229 670
1 7 2
419 684
1 17 2
474 682
1 12 2
179 638
1 3 2
329 455
1 13 2
141 461
1 8 2
213 482
1 17 2
173 218
1 10 2
108 596
1 9 2
535 596
1 2 2
5 230
1 10 2
99 382
1 6 2
421 658
1 19 2
248 381
1 15 2
176 313
1 6 2
336 561
1 15 2
374 500
1 15 2
292 301
1 16 2
461 494
1 9 2
67 155
1 16 2
476 619
1 15 2
33 259
1 8 2
318 327
1 8 2
86 197
1 15 2
78 374
1 8 2
191 697
1 4 2
316 671
1 14 2
8 40
1 11 2
127 150
1 16 2
197 215
1 10 2
17 408
1 16 2
257 527
1 15 2
199 431
1 13 2
90 670
1 7 2
401 597
1 11 2
155 251
1 13 2
127 646
1 12 2
461 528
1 11 2
317 416
1 10 2
422 687
1 7 2
241 545
1 18 2
264 381
1 11 2
534 627
1 16 2
56 372
1 7 2
242 500
1 12 2
398 500
1 6 2
39 112
1 6 2
141 636
1 12 2
235 286
1 13 2
8 51
1 5 2
250 376
1 17 2
251 354
1 11 2
278 541
1 10 2
112 427
1 13 2
597 626
1 13 2
115 659
1 12 2
423 585
1 5 2
349 430
1 6 2
55 177
1 18 2
211 228
1 6 2
266 541
1 13 2
114 227
1 9 2
164 411
1 6 2
196 529
1 9 2
319 457
1 19 2
34 667
1 18 2
115 632
1 12 2
443 668
1 5 2
495 569
1 12 2
273 699
1 15 2
28 352
1 16 2
300 313
1 15 2
101 568
1 9 2
240 293
1 7 2
129 287
1 16 2
257 486
1 18 2
339 382
1 16 2
303 446
1 11 2
362 667
1 11 2
319 399
1 6 2
301 679
1 15 2
2 47
1 8 2
149 365
1 6 2
470 679
1 11 2
3 596
1 10 2
46 410
1 11 2
129 196
1 7 2
367 526
1 15 2
286 383
1 11 2
44 684
1 7 2
141 444
1 5 2
198 360
1 9 2
15 90
1 19 2
120 598
1 13 2
351 410
1 18 2
90 260
1 6 2
18 235
1 15 2
412 476
1 14 2
538 649
1 9 2
105 497
1 3 2
61 439
1 9 2
347 535
1 9 2
264 510
1 8 2
81 689
1 17 2
211 699
1 9 2
249 459
1 6 2
390 600
1 16 2
118 173
1 8 2
285 469
1 8 2
488 511
1 5 2
544 553
1 11 2
374 602
1 7 2
453 608
1 10 2
279 592
1 14 2
667 673
1 5 2
229 357
1 7 2
315 549
1 12 2
13 370
1 10 2
188 519
1 9 2
273 478
1 13 2
320 607
1 16 2
359 476
1 7 2
587 648
1 5 2
203 487
1 20 2
223 525
1 5 2
459 493
1 9 2
86 446
1 15 2
481 505
1 8 2
94 543
1 10 2
4 83
1 11 2
207 278
1 17 2
276 596
1 2 2
578 687
1 9 2
20 546
1 7 2
27 284
1 15 2
248 597
1 4 2
188 277
1 9 2
58 116
1 8 2
41 642
1 11 2
218 467
1 9 2
469 658
1 6 2
479 649
1 10 2
441 698
1 15 2
501 596
1 7 2
288 365
1 9 2
111 326
1 10 2
485 659
1 11 2
63 158
1 6 2
7 409
1 9 2
88 186
1 20 2
260 382
1 8 2
571 646
1 14 2
16 33
1 8 2
401 682
1 9 2
361 453
1 20 2
591 610
1 5 2
84 376
1 11 2
258 325
1 3 2
68 687
1 11 2
34 128
1 5 2
283 442
1 11 2
126 302
1 19 2
354 466
1 4 2
130 365
1 14 2
78 179
1 17 2
81 559
1 17 2
293 501
1 16 2
228 320
1 8 2
449 455
1 13 2
282 538
1 10 2
96 652
1 17 2
323 486
1 19 2
37 383
1 8 2
604 657
1 14 2
255 472
1 16 2
47 149
1 6 2
36 698
1 12 2
392 477
1 16 2
398 414
1 18 2
368 699
1 19 2
110 525
1 13 2
223 544
1 16 2
47 538
1 14 2
133 235
1 7 2
11 290
1 13 2
78 545
1 11 2
472 661
1 11 2
429 562
1 7 2
20 139
1 2 2
277 692
1 5 2
18 266
1 8 2
93 475
1 10 2
40 97
1 16 2
374 619
1 15 2
164 427
1 8 2
189 291
1 9 2
511 617
1 8 2
115 458
1 6 2
29 588
1 6 2
108 291
1 16 2
545 606
1 4 2
535 692
1 5 2
148 442
1 4 2
324 510
1 14 2
313 317
1 10 2
100 630
1 17 2
129 247
1 9 2
353 445
1 15 2
56 573
1 20 2
438 454
1 14 2
475 645
1 13 2
203 619
1 10 2
567 595
1 12 2
108 236
1 11 2
375 623
1 5 2
42 71
1 9 2
53 106
1 14 2
75 323
1 6 2
229 507
1 7 2
510 664
1 14 2
607 683
1 16 2
466 499
1 10 2
90 613
1 12 2
298 523
1 18 2
47 486
1 11 2
373 602
1 12 2
223 675
1 15 2
115 473
1 9 2
337 486
1 11 2
189 266
1 10 2
50 556
1 11 2
170 465
1 5 2
224 301
1 9 2
65 183
1 7 2
318 540
1 8 2
285 675
1 6 2
643 674
1 15 2
1 382
1 9 2
401 497
1 10 2
255 470
1 9 2
132 273
1 9 2
123 263
1 14 2
264 619
1 8 2
120 563
1 9 2
494 614
1 2 2
284 358
1 8 2
123 639
1 15 2
570 645
1 9 2
67 213
1 3 2
425 447
1 7 2
75 452
1 3 2
385 387
1 9 2
90 387
1 14 2
16 492
1 10 2
399 629
1 7 2
375 467
1 17 2
351 368
1 9 2
104 364
1 12 2
170 299
1 4 2
565 638
1 9 2
107 505
1 5 2
29 507
1 17 2
37 374
1 12 2
95 469
1 15 2
311 363
1 7 2
32 359
1 13 2
451 674
1 10 2
652 672
1 11 2
515 609
1 6 2
288 633
1 16 2
215 317
1 8 2
34 241
1 5 2
43 82
1 13 2
257 659
1 10 2
231 279
1 8 2
276 367
1 12 2
49 546
1 13 2
4 465
1 10 2
350 478
1 4 2
453 629
1 10 2
10 606
1 12 2
81 111
1 10 2
180 522
1 10 2
410 675
1 18 2
176 215
1 5 2
52 651
1 18 2
173 219
1 10 2
425 466
1 3 2
297 360
1 5 2
502 652
1 14 2
115 264
1 14 2
231 562
1 13 2
82 120
1 10 2
108 495
1 13 2
353 592
1 7 2
320 694
1 14 2
124 302
1 6 2
27 633
1 8 2
317 599
1 7 2
6 249
1 7 2
35 216
1 11 2
267 389
1 10 2
349 659
1 15 2
353 370
1 13 2
17 505
1 11 2
109 428
1 18 2
364 503
1 11 2
96 227
1 10 2
31 179
1 11 2
255 677
1 11 2
138 474
1 10 2
389 462
1 4 2
50 506
1 19 2
374 472
1 8 2
45 143
1 20 2
114 451
1 13 2
350 649
1 17 2
351 364
1 17 2
17 247
1 18 2
381 654
1 15 2
238 606
1 15 2
343 667
1 9 2
399 613
1 7 2
231 689
1 9 2
366 692
1 9 2
331 639
1 9 2
155 470
1 8 2
273 335
1 10 2
48 388
1 14 2
144 630
1 2 2
143 479
1 5 2
471 608
1 17 2
19 254
1 10 2
318 651
1 3 2
616 634
1 15 2
189 278
1 16 2
377 559
1 13 2
56 554
1 12 2
428 608
1 10 2
25 664
1 11 2
364 421
1 9 2
206 542
1 11 2
71 144
1 13 2
474 507
1 17 2
21 30
1 15 2
270 579
1 11 2
31 299
1 8 2
236 393
1 15 2
21 527
1 5 2
280 426
1 14 2
252 683
1 6 2
444 511
1 12 2
48 240
1 15 2
320 361
1 2 2
22 656
1 7 2
31 664
1 3 2
12 560
1 7 2
195 236
1 11 2
33 697
1 9 2
0 251
1 12 2
129 317
1 7 2
98 253
1 13 2
55 219
1 12 2
7 494
1 5 2
388 697
1 16 2
47 259
1 18 2
497 668
1 8 2
2 18
1 7 2
87 480
1 8 2
568 650
1 13 2
376 574
1 14 2
17 199
1 5 2
73 553
1 17 2
546 562
1 4 2
549 557
1 13 2
469 472
1 10 2
55 457
1 7 2
290 419
1 18 2
70 228
1 6 2
142 338
1 13 2
124 252
1 10 2
28 695
1 12 2
247 674
1 18 2
299 622
1 13 2
396 478
1 12 2
148 427
1 8 2
390 518
1 17 2
374 454
1 9 2
651 657
1 9 2
165 591
1 18 2
251 451
1 16 2
129 354
1 17 2
259 517
1 8 2
154 658
1 18 2
114 556
1 13 2
266 422
1 15 2
141 348
1 7 2
360 534
1 6 2
181 565
1 4 2
116 178
1 16 2
44 494
1 15 2
542 675
1 8 2
379 389
1 18 2
654 667
1 10 2
119 477
1 9 2
139 214
1 7 2
67 102
1 17 2
164 323
1 17 2
56 396
1 7 2
305 341
1 13 2
3 120
1 5 2
404 583
1 3 2
66 172
1 11 2
363 376
1 6 2
17 367
1 10 2
417 683
1 14 2
406 482
1 13 2
83 361
1 11 2
13 138
1 6 2
154 346
1 14 2
191 330
1 8 2
8 671
1 7 2
140 468
1 12 2
2 282
1 8 2
246 336
1 13 2
132 184
1 15 2
351 632
1 12 2
21 338
1 3 2
18 509
1 8 2
292 635
1 7 2
202 357
1 20 2
448 632
1 10 2
360 477
1 10 2
40 273
1 10 2
364 560
1 17 2
263 330
1 15 2
457 527
1 12 2
51 481
1 13 2
24 667
1 19 2
53 248
1 17 2
249 292
1 9 2
132 684
1 14 2
438 552
1 13 2
591 612
1 15 2
477 660
1 4 2
121 689
1 5 2
183 325
1 11 2
75 141
1 8 2
467 469
1 10 2
381 444
1 18 2
303 591
1 5 2
156 166
1 14 2
342 476
1 9 2
261 606
1 7 2
2 529
1 16 2
72 127
1 15 2
26 574
1 6 2
172 376
1 16 2
78 438
1 6 2
281 392
1 13 2
4 461
1 16 2
598 626
1 10 2
4 103
1 11 2
188 441
1 18 2
37 219
1 9 2
37 509
1 13 2
317 677
1 15 2
499 512
1 4 2
217 349
1 3 2
261 379
1 8 2
287 303
1 7 2
144 356
1 3 2
493 634
1 15 2
185 598
1 8 2
252 581
1 12 2
90 587
1 11 2
51 347
1 9 2
128 267
1 8 2
437 664
1 18 2
486 503
1 15 2
19 58
1 11 2
124 385
1 2 2
177 569
1 11 2
173 533
1 16 2
219 677
1 14 2
13 189
1 7 2
131 697
1 17 2
407 668
1 9 2
52 611
1 15 2
306 525
1 10 2
303 316
1 5 2
308 651
1 5 2
558 643
1 16 2
303 492
1 13 2
180 684
1 9 2
370 518
1 10 2
249 664
1 9 2
166 521
1 11 2
67 449
1 17 2
247 597
1 12 2
407 416
1 9 2
82 279
1 18 2
48 81
1 7 2
314 611
1 20 2
258 622
1 13 2
552 647
1 15 2
77 279
1 14 2
73 632
1 5 2
129 358
1 12 2
197 627
1 10 2
115 467
1 8 2
359 613
1 11 2
89 258
1 5 2
491 603
1 16 2
115 180
1 14 2
451 695
1 14 2
1 149
1 11 2
213 685
1 12 2
668 693
1 5 2
146 415
1 8 2
274 376
1 14 2
437 564
1 7 2
408 429
1 3 2
387 400
1 13 2
51 492
1 10 2
249 450
1 7 2
121 132
1 16 2
339 645
1 7 2
203 400
1 8 2
74 243
1 17 2
380 591
1 12 2
316 414
1 6 2
171 317
1 4 2
493 616
1 7 2
55 315
1 11 2
626 695
1 10 2
43 127
1 12 2
189 491
1 10 2
443 675
1 17 2
593 645
1 10 2
245 343
1 11 2
192 438
1 3 2
524 555
1 13 2
632 674
1 12 2
78 649
1 7 2
347 506
1 8 2
259 489
1 7 2
9 28
1 18 2
382 461
1 14 2
98 114
1 10 2
69 310
1 12 2
87 498
1 6 2
352 688
1 9 2
180 603
1 7 2
484 551
1 7 2
138 283
1 5 2
335 620
1 16 2
127 554
1 8 2
253 685
1 15 2
389 476
1 11 2
18 219
1 11 2
50 278
1 12 2
118 607
1 9 2
76 476
1 15 2
443 568
1 14 2
377 456
1 9 2
47 308
1 12 2
63 310
1 7 2
208 559
1 5 2
24 555
1 11 2
141 398
1 14 2
526 607
1 8 2
246 566
1 10 2
414 653
1 15 2
129 559
1 11 2
316 323
1 10 2
16 170
1 9 2
61 258
1 11 2
62 235
1 2 2
193 284
1 7 2
76 159
1 13 2
420 675
1 7 2
65 204
1 8 2
195 486
1 9 2
43 211
1 10 2
596 658
1 14 2
427 554
1 5 2
287 664
1 12 2
128 438
1 16 2
364 398
1 3 2
80 106
1 15 2
264 473
1 10 2
596 697
1 6 2
136 170
1 7 2
511 670
1 9 2
105 486
1 8 2
495 522
1 14 2
189 410
1 8 2
61 339
1 10 2
69 669
1 13 2
627 682
1 2 2
324 506
1 11 2
161 655
1 16 2
95 472
1 10 2
503 532
1 16 2
263 574
1 7 2
463 512
1 16 2
593 668
1 20 2
573 606
1 8 2
323 471
1 5 2
344 390
1 6 2
290 417
1 12 2
94 437
1 11 2
272 639
1 11 2
45 155
1 19 2
219 354
1 11 2
67 129
1 9 2
211 409
1 15 2
21 466
1 6 2
375 661
1 13 2
518 546
1 5 2
514 661
1 8 2
225 621
1 13 2
464 699
1 12 2
39 296
1 10 2
2 7
1 7 2
413 608
1 4 2
190 415
1 6 2
269 583
1 11 2
207 568
1 7 2
561 682
1 9 2
347 678
1 11 2
319 573
1 17 2
330 457
1 8 2
101 478
1 18 2
8 53
1 16 2
94 197
1 11 2
254 408
1 6 2
320 561
1 10 2
456 558
1 13 2
83 296
1 9 2
121 264
1 6 2
98 234
1 10 2
457 673
1 18 2
270 672
1 11 2
196 293
1 7 2
42 638
1 9 2
107 351
1 10 2
101 129
1 7 2
268 446
1 10 2
75 196
1 16 2
368 681
1 6 2
310 676
1 15 2
180 286
1 11 2
172 323
1 20 2
48 598
1 13 2
93 381
1 13 2
326 457
1 10 2
368 455
1 14 2
118 626
1 15 2
350 527
1 14 2
146 683
1 4 2
442 550
1 11 2
280 372
1 5 2
12 397
1 13 2
148 372
1 9 2
55 693
1 5 2
202 327
1 13 2
62 298
1 18 2
164 466
1 13 2
203 681
1 16 2
179 525
1 12 2
315 448
1 13 2
279 333
1 17 2
169 423
1 20 2
448 645
1 10 2
56 273
1 16 2
299 498
1 11 2
38 259
1 18 2
361 606
1 8 2
77 690
1 13 2
399 608
1 9 2
461 599
1 8 2
64 311
1 17 2
94 199
1 5 2
280 305
1 11 2
91 623
1 14 2
169 236
1 11 2
278 385
1 13 2
278 518
1 10 2
435 546
1 8 2
493 626
1 11 2
328 464
1 13 2
239 382
1 19 2
53 466
1 4 2
489 698
1 14 2
350 500
1 14 2
27 215
1 6 2
572 613
1 7 2
83 284
1 10 2
659 680
1 15 2
348 657
1 12 2
271 363
1 10 2
83 579
1 8 2
492 524
1 10 2
13 558
1 7 2
393 554
1 9 2
183 249
1 10 2
7 595
1 16 2
90 149
1 16 2
333 526
1 14 2
299 658
1 12 2
339 523
1 7 2
88 496
1 16 2
472 630
1 9 2
201 215
1 14 2
23 592
1 7 2
193 503
1 11 2
321 450
1 8 2
170 370
1 15 2
26 591
1 10 2
86 364
1 9 2
80 361
1 7 2
282 394
1 12 2
172 247
1 18 2
215 494
1 7 2
251 391
1 11 2
39 63
1 9 2
58 435
1 8 2
378 531
1 16 2
72 407
1 6 2
315 605
1 8 2
98 496
1 7 2
252 586
1 9 2
287 473
1 16 2
185 247
1 10 2
302 482
1 17 2
47 556
1 15 2
78 474
1 9 2
542 679
1 8 2
115 506
1 8 2
449 483
1 5 2
20 602
1 14 2
355 562
1 6 2
42 587
1 7 2
360 566
1 11 2
249 572
1 7 2
165 588
1 7 2
279 362
1 8 2
175 402
1 17 2
47 601
1 15 2
30 286
1 16 2
218 251
1 11 2
313 510
1 3 2
391 586
1 20 2
180 366
1 14 2
336 609
1 10 2
108 655
1 7 2
71 693
1 12 2
90 674
1 16 2
95 546
1 7 2
96 504
1 13 2
81 336
1 20 2
30 270
1 9 2
617 639
1 17 2
300 497
1 10 2
218 390
1 13 2
254 310
1 10 2
531 606
1 19 2
372 598
1 7 2
82 539
1 10 2
78 549
1 9 2
437 572
1 7 2
202 220
1 8 2
375 515
1 8 2
237 642
1 8 2
554 616
1 7 2
167 297
1 3 2
200 210
1 10 2
56 697
1 8 2
96 229
1 10 2
248 411
1 19 2
184 598
1 10 2
116 597
1 6 2
257 688
1 7 2
453 674
1 7 2
10 328
1 6 2
152 259
1 11 2
13 646
1 6 2
146 506
1 13 2
39 451
1 10 2
146 695
1 17 2
359 606
1 4 2
367 584
1 8 2
3 618
1 12 2
83 350
1 14 2
88 120
1 5 2
113 148
1 11 2
444 497
1 6 2
319 421
1 17 2
215 431
1 8 2
405 601
1 12 2
23 522
1 7 2
155 532
1 11 2
120 599
1 15 2
259 465
1 17 2
180 503
1 12 2
260 674
1 12 2
431 549
1 14 2
67 637
1 19 2
330 632
1 4 2
60 437
1 11 2
300 646
1 6 2
82 107
1 11 2
40 456
1 11 2
571 685
1 5 2
198 395
1 15 2
30 301
1 14 2
129 296
1 9 2
465 698
1 9 2
203 335
1 12 2
26 342
1 12 2
49 94
1 6 2
172 567
1 10 2
364 447
1 13 2
340 396
1 16 2
17 258
1 8 2
301 394
1 12 2
260 602
1 13 2
128 353
1 12 2
167 410
1 6 2
16 560
1 20 2
219 330
1 12 2
539 644
1 3 2
305 694
1 9 2
90 147
1 13 2
117 448
1 20 2
270 381
1 8 2
91 416
1 8 2
234 573
1 12 2
97 347
1 10 2
389 408
1 5 2
46 365
1 11 2
86 564
1 16 2
293 494
1 2 2
479 662
1 14 2
199 347
1 8 2
532 684
1 13 2
274 366
1 3 2
365 487
1 12 2
74 245
1 9 2
282 469
1 11 2
154 434
1 7 2
128 478
1 13 2
184 592
1 12 2
373 664
1 11 2
65 341
1 14 2
164 412
1 12 2
35 596
1 11 2
115 612
1 9 2
212 672
1 7 2
89 273
1 10 2
27 648
1 16 2
149 637
1 20 2
422 683
1 12 2
30 602
1 6 2
521 642
1 7 2
94 142
1 7 2
432 696
1 5 2
261 697
1 20 2
422 632
1 10 2
166 608
1 10 2
485 601
1 19 2
223 438
1 18 2
8 683
1 18 2
37 215
1 3 2
280 387
1 5 2
315 421
1 17 2
448 611
1 14 2
78 503
1 6 2
130 370
1 15 2
264 407
1 17 2
8 303
1 7 2
455 516
1 15 2
4 622
1 5 2
55 195
1 17 2
298 422
1 6 2
536 578
1 16 2
361 501
1 6 2
138 459
1 10 2
101 235
1 20 2
23 354
1 9 2
112 626
1 12 2
301 412
1 11 2
131 187
1 9 2
333 575
1 7 2
545 616
1 10 2
93 655
1 13 2
90 227
1 10 2
534 590
1 5 2
6 319
1 16 2
237 619
1 12 2
146 249
1 6 2
464 671
1 6 2
464 480
1 11 2
496 542
1 14 2
472 544
1 19 2
115 451
1 10 2
219 411
1 8 2
124 640
1 11 2
202 538
1 12 2
349 420
1 8 2
593 650
1 8 2
111 290
1 20 2
472 474
1 7 2
399 442
1 10 2
147 396
1 8 2
245 266
1 8 2
136 185
1 7 2
272 540
1 5 2
170 182
1 14 2
219 528
1 15 2
251 345
1 15 2
579 683
1 11 2
482 534
1 15 2
410 497
1 13 2
441 464
1 9 2
460 494
1 18 2
110 247
1 10 2
598 679
1 8 2
271 482
1 9 2
540 574
1 11 2
129 416
1 10 2
349 617
1 17 2
494 672
1 5 2
206 386
1 7 2
83 344
1 8 2
92 328
1 13 2
338 347
1 16 2
237 668
1 5 2
274 615
1 9 2
533 601
1 15 2
310 354
1 8 2
449 599
1 3 2
61 367
1 8 2
128 310
1 17 2
236 501
1 4 2
162 483
1 10 2
138 512
1 4 2
365 631
1 14 2
251 355
1 20 2
23 610
1 13 2
21 311
1 5 2
285 480
1 7 2
151 602
1 19 2
23 187
1 6 2
129 229
1 12 2
255 257
1 9 2
252 693
1 12 2
148 481
1 17 2
333 595
1 8 2
146 459
1 16 2
13 497
1 10 2
183 601
1 11 2
534 571
1 13 2
255 497
1 12 2
30 316
1 6 2
64 71
1 14 2
27 140
1 12 2
91 494
1 12 2
372 651
1 10 2
0 257
1 18 2
218 486
1 11 2
382 480
1 14 2
328 682
1 4 2
170 222
1 15 2
352 681
1 11 2
95 186
1 6 2
408 418
1 12 2
269 414
1 3 2
84 642
1 11 2
301 519
1 12 2
267 534
1 7 2
491 522
1 13 2
7 258
1 13 2
259 516
1 11 2
23 50
1 9 2
13 190
1 13 2
328 461
1 6 2
428 439
1 5 2
58 152
1 3 2
291 529
1 13 2
336 596
1 14 2
127 693
1 3 2
107 268
1 9 2
219 666
1 11 2
406 535
1 9 2
392 545
1 12 2
470 621
1 15 2
310 598
1 5 2
191 633
1 7 2
1 653
1 11 2
17 306
1 9 2
502 544
1 14 2
449 538
1 7 2
554 615
1 16 2
519 645
1 6 2
269 450
1 9 2
281 534
1 19 2
406 559
1 20 2
48 260
1 10 2
505 646
1 4 2
413 661
1 7 2
375 459
1 15 2
127 570
1 8 2
285 491
1 6 2
60 526
1 12 2
407 648
1 19 2
74 292
1 3 2
400 540
1 10 2
283 596
1 10 2
225 500
1 9 2
52 446
1 4 2
136 360
1 12 2
36 610
1 16 2
591 621
1 10 2
459 668
1 8 2
548 621
1 9 2
41 269
1 16 2
98 348
1 16 2
53 336
1 11 2
169 515
1 16 2
176 682
1 5 2
614 670
1 14 2
94 341
1 10 2
144 661
1 13 2
115 657
1 9 2
196 669
1 6 2
417 660
1 10 2
406 629
1 11 2
486 585
1 8 2
240 336
1 8 2
406 557
1 6 2
56 561
1 6 2
163 165
1 12 2
330 581
1 20 2
472 644
1 6 2
121 530
1 13 2
75 626
1 9 2
21 450
1 17 2
237 645
1 13 2
169 179
1 10 2
271 685
1 8 2
141 533
1 4 2
239 641
1 10 2
303 467
1 2 2
553 560
1 10 2
555 568
1 8 2
558 571
1 12 2
65 252
1 13 2
30 214
1 10 2
17 550
1 14 2
336 339
1 4 2
125 539
1 4 2
105 316
1 12 2
133 370
1 7 2
431 463
1 7 2
192 255
1 17 2
180 323
1 9 2
115 305
1 13 2
2 473
1 5 2
111 365
1 12 2
149 552
1 15 2
595 663
1 18 2
378 644
1 5 2
306 633
1 13 2
408 517
1 8 2
16 122
1 8 2
555 597
1 10 2
212 422
1 11 2
55 601
1 9 2
211 212
1 17 2
420 668
1 10 2
19 425
1 12 2
71 501
1 8 2
265 623
1 3 2
76 642
1 10 2
631 632
1 13 2
118 566
1 8 2
85 494
1 14 2
36 383
1 14 2
260 675
1 17 2
63 368
1 10 2
19 483
1 8 2
451 624
1 14 2
118 619
1 10 2
17 191
1 3 2
200 439
1 7 2
338 411
1 13 2
144 274
1 14 2
4 466
1 11 2
218 285
1 14 2
126 441
1 6 2
549 555
1 10 2
35 639
1 10 2
258 506
1 13 2
39 368
1 13 2
278 462
1 16 2
173 317
1 19 2
494 574
1 16 2
219 311
1 9 2
201 270
1 5 2
20 678
1 7 2
7 436
1 12 2
474 558
1 9 2
518 693
1 7 2
112 684
1 12 2
13 443
1 10 2
520 536
1 14 2
352 611
1 18 2
184 611
1 4 2
123 463
1 4 2
86 480
1 11 2
196 484
1 6 2
52 511
1 12 2
188 542
1 8 2
71 203
1 17 2
361 573
1 8 2
347 421
1 8 2
259 360
1 13 2
249 263
1 16 2
118 353
1 9 2
162 632
1 16 2
339 610
1 8 2
25 455
1 9 2
47 661
1 16 2
110 298
1 9 2
365 699
1 10 2
51 326
1 6 2
6 475
1 8 2
130 611
1 11 2
3 389
1 11 2
554 579
1 12 2
359 544
1 11 2
146 252
1 7 2
271 394
1 11 2
239 562
1 8 2
68 500
1 7 2
124 314
1 5 2
137 376
1 17 2
336 396
1 4 2
416 439
1 14 2
348 515
1 14 2
283 422
1 18 2
610 683
1 15 2
47 498
1 9 2
92 110
1 17 2
211 368
1 13 2
507 668
1 18 2
23 611
1 11 2
419 454
1 9 2
112 588
1 10 2
264 673
1 12 2
247 625
1 6 2
154 426
1 7 2
268 562
1 15 2
381 566
1 17 2
498 667
1 15 2
87 477
1 6 2
294 470
1 14 2
115 579
1 4 2
5 134
1 20 2
120 276
1 8 2
158 602
1 15 2
323 499
1 18 2
70 77
1 12 2
87 380
1 9 2
270 636
1 9 2
50 456
1 3 2
5 61
1 14 2
299 639
1 7 2
27 629
1 6 2
528 653
1 7 2
246 621
1 5 2
9 349
1 16 2
48 617
1 16 2
141 542
1 9 2
182 296
1 8 2
9 47
1 10 2
135 632
1 17 2
37 381
1 7 2
342 548
1 7 2
162 264
1 10 2
396 509
1 13 2
180 523
1 18 2
48 562
1 9 2
417 681
1 13 2
47 693
1 7 2
355 577
1 10 2
321 369
1 8 2
131 301
1 14 2
48 544
1 15 2
526 601
1 5 2
89 357
1 3 2
575 640
1 16 2
37 619
1 14 2
264 293
1 5 2
544 688
1 11 2
59 484
1 5 2
327 346
1 18 2
361 406
1 13 2
323 680
1 20 2
348 466
1 10 2
140 346
1 10 2
197 394
1 10 2
296 541
1 13 2
97 412
1 15 2
380 454
1 10 2
148 286
1 13 2
382 674
1 13 2
185 339
1 12 2
252 626
1 18 2
352 606
1 16 2
257 373
1 10 2
133 246
1 10 2
239 427
1 14 2
35 345
1 17 2
512 517
1 10 2
43 562
1 12 2
215 552
1 18 2
313 683
1 4 2
444 652
1 8 2
34 291
1 14 2
290 381
1 12 2
132 527
1 7 2
647 694
1 18 2
30 211
1 15 2
278 534
1 10 2
188 293
1 11 2
82 95
1 15 2
56 299
1 14 2
158 382
1 13 2
606 669
1 7 2
315 475
1 13 2
111 276
1 14 2
115 534
1 13 2
56 199
1 8 2
166 530
1 11 2
8 131
1 13 2
328 677
1 9 2
304 606
1 9 2
198 528
1 8 2
0 443
1 6 2
544 615
1 18 2
176 330
1 8 2
523 530
1 16 2
70 293
1 14 2
67 542
1 3 2
5 698
1 10 2
16 285
1 11 2
464 566
1 5 2
308 600
1 15 2
336 527
1 6 2
143 149
1 13 2
74 518
1 15 2
70 252
1 7 2
534 676
1 16 2
94 352
1 4 2
533 640
1 7 2
465 676
1 16 2
74 278
1 9 2
421 626
1 10 2
447 497
1 11 2
51 570
1 11 2
72 583
1 15 2
237 597
1 15 2
27 292
1 13 2
237 342
1 15 2
347 431
1 15 2
16 527
1 15 2
176 249
1 12 2
2 572
1 10 2
246 258
1 20 2
184 448
1 5 2
84 88
1 6 2
202 625
1 9 2
138 554
1 15 2
303 686
1 8 2
525 553
1 10 2
257 281
1 12 2
191 663
1 13 2
40 683
1 8 2
137 598
1 14 2
53 572
1 11 2
44 111
1 7 2
174 311
1 4 2
64 168
1 7 2
1 369
1 7 2
289 333
1 9 2
44 558
1 7 2
25 365
1 13 2
140 684
1 15 2
78 124
1 7 2
365 516
1 10 2
546 652
1 5 2
395 467
1 12 2
317 432
1 10 2
530 538
1 18 2
251 644
1 19 2
333 348
1 13 2
466 693
1 9 2
87 335
1 11 2
190 681
1 18 2
525 699
1 8 2
107 336
1 12 2
36 606
1 14 2
366 639
1 9 2
62 103
1 3 2
294 599
1 16 2
333 538
1 6 2
161 643
1 6 2
340 394
1 17 2
63 209
1 12 2
190 451
1 7 2
157 474
1 12 2
584 591
1 20 2
133 364
1 19 2
527 568
1 10 2
419 499
1 12 2
431 693
1 18 2
140 517
1 5 2
105 175
1 12 2
8 273
1 11 2
450 517
1 17 2
81 501
1 8 2
651 665
1 10 2
507 675
1 8 2
115 147
1 15 2
303 654
1 14 2
82 632
1 10 2
3 282
1 18 2
74 144
1 4 2
55 145
1 7 2
407 543
1 9 2
98 581
1 7 2
37 57
1 11 2
218 459
1 4 2
458 493
1 10 2
182 477
1 13 2
58 199
1 6 2
532 539
1 13 2
81 306
1 12 2
248 271
1 8 2
119 189
1 8 2
212 359
1 12 2
382 433
1 16 2
594 619
1 4 2
419 662
1 17 2
47 438
1 17 2
505 591
1 13 2
247 618
1 8 2
461 547
1 8 2
483 609
1 12 2
333 648
1 14 2
350 556
1 18 2
247 300
1 17 2
144 313
1 9 2
418 446
1 15 2
486 685
1 9 2
1 521
1 14 2
187 673
1 13 2
34 657
1 6 2
150 520
1 8 2
264 397
1 4 2
198 634
1 14 2
180 311
1 16 2
423 498
1 6 2
211 487
1 15 2
77 660
1 16 2
129 451
1 4 2
390 656
1 16 2
260 570
1 9 2
38 571
1 7 2
328 540
1 13 2
482 562
1 11 2
433 538
1 16 2
81 476
1 14 2
81 235
1 18 2
438 494
1 15 2
434 623
1 10 2
393 406
1 12 2
544 655
1 14 2
167 272
1 5 2
269 535
1 12 2
11 184
1 9 2
528 673
1 9 2
396 401
1 13 2
49 527
1 7 2
371 593
1 8 2
106 601
1 3 2
89 650
1 14 2
73 503
1 4 2
122 510
1 5 2
464 479
1 3 2
324 394
1 19 2
296 497
1 7 2
526 635
1 5 2
185 442
1 6 2
5 566
1 9 2
668 698
1 15 2
95 431
1 14 2
556 621
1 18 2
373 527
1 15 2
77 302
1 18 2
574 598
1 9 2
35 109
1 8 2
95 395
1 9 2
525 661
1 7 2
271 652
1 11 2
30 397
1 8 2
146 541
1 11 2
46 173
1 11 2
281 517
1 13 2
154 568
1 6 2
56 688
1 17 2
94 682
1 7 2
185 629
1 13 2
83 465
1 17 2
263 448
1 10 2
523 534
1 2 2
261 692
1 10 2
150 601
1 12 2
88 133
1 9 2
185 651
1 9 2
449 535
1 8 2
423 589
1 9 2
329 667
1 10 2
438 689
1 13 2
198 258
1 17 2
45 414
1 9 2
452 477
1 7 2
447 588
1 10 2
187 200
1 15 2
235 494
1 9 2
72 172
1 6 2
356 594
1 3 2
14 319
1 14 2
33 516
1 9 2
586 609
1 15 2
501 677
1 19 2
383 610
1 16 2
300 407
1 20 2
330 477
1 10 2
121 595
1 6 2
371 685
1 16 2
457 683
1 10 2
155 659
1 17 2
199 647
1 13 2
94 146
1 14 2
272 677
1 7 2
42 516
1 11 2
82 601
1 15 2
45 328
1 3 2
210 447
1 5 2
240 344
1 9 2
263 315
1 4 2
198 553
1 10 2
147 422
1 13 2
498 595
1 19 2
133 348
1 10 2
188 677
1 3 2
102 307
1 9 2
245 437
1 10 2
282 659
1 8 2
28 52
1 14 2
593 608
1 16 2
23 302
1 10 2
118 285
1 15 2
4 517
1 17 2
446 644
1 10 2
325 637
1 14 2
474 608
1 14 2
590 598
1 13 2
290 372
1 6 2
96 508
1 11 2
68 501
1 8 2
351 698
1 8 2
259 261
1 3 2
240 561
1 8 2
470 616
1 11 2
59 189
1 10 2
17 111
1 18 2
120 300
1 7 2
150 475
1 14 2
503 572
1 14 2
51 373
1 18 2
414 556
1 5 2
154 555
1 9 2
211 291
1 11 2
389 695
1 13 2
236 449
1 12 2
466 618
1 8 2
223 242
1 16 2
16 260
1 14 2
497 627
1 3 2
442 643
1 16 2
140 465
1 11 2
133 340
1 8 2
285 370
1 8 2
567 697
1 12 2
545 566
1 7 2
139 555
1 18 2
47 686
1 13 2
273 292
1 3 2
405 575
1 12 2
363 658
1 17 2
209 609
1 8 2
346 627
1 9 2
416 552
1 14 2
17 610
1 8 2
141 459
1 10 2
68 422
1 18 2
219 681
1 7 2
117 639
1 13 2
88 300
1 14 2
252 466
1 1 2
125 551
1 6 2
75 304
1 12 2
231 427
1 18 2
399 632
1 17 2
248 278
1 20 2
321 423
1 19 2
228 451
1 13 2
375 542
1 20 2
209 525
1 13 2
132 477
1 15 2
481 619
1 10 2
522 611
1 5 2
442 658
1 12 2
197 273
1 12 2
416 456
1 12 2
279 601
1 12 2
311 617
1 12 2
286 351
1 10 2
323 362
1 19 2
248 292
1 13 2
82 546
1 10 2
556 582
1 4 2
319 540
1 15 2
83 276
1 8 2
206 454
1 16 2
37 682
1 6 2
556 578
1 11 2
28 213
1 12 2
118 146
1 10 2
200 422
1 6 2
496 592
1 7 2
74 157
1 7 2
243 254
1 13 2
407 482
1 12 2
53 188
1 14 2
525 648
1 17 2
497 538
1 13 2
78 500
1 12 2
82 526
1 10 2
299 455
1 9 2
137 477
1 11 2
51 677
1 12 2
45 675
1 20 2
366 383
1 11 2
12 94
1 18 2
94 372
1 16 2
359 610
1 20 2
364 501
1 7 2
35 210
1 11 2
37 392
1 15 2
380 556
1 16 2
159 366
1 16 2
63 423
1 10 2
357 428
1 19 2
542 610
1 8 2
89 293
1 13 2
63 336
1 4 2
275 281
1 10 2
161 264
1 15 2
301 466
1 14 2
155 525
1 7 2
617 698
1 3 2
162 452
1 12 2
245 686
1 19 2
258 368
1 6 2
167 540
1 7 2
275 320
1 14 2
149 428
1 12 2
65 389
1 12 2
260 539
1 6 2
545 653
1 14 2
248 286
1 15 2
56 144
1 10 2
434 502
1 8 2
212 654
1 9 2
438 452
1 5 2
319 698
1 16 2
338 564
1 12 2
421 448
1 10 2
12 593
1 20 2
381 423
1 13 2
169 389
1 14 2
293 347
1 6 2
362 485
1 14 2
181 484
1 8 2
650 672
1 11 2
151 323
1 18 2
527 683
1 8 2
317 615
1 9 2
274 457
1 14 2
260 375
1 15 2
181 431
1 9 2
460 501
1 11 2
199 664
1 12 2
44 148
1 10 2
151 526
1 9 2
37 535
1 11 2
17 579
1 9 2
544 638
1 14 2
34 231
1 19 2
323 472
1 15 2
617 683
1 10 2
8 183
1 11 2
459 632
1 12 2
609 675
1 10 2
540 644
1 4 2
371 673
1 6 2
469 509
1 12 2
248 285
1 9 2
515 638
1 14 2
249 345
1 14 2
24 644
1 14 2
398 686
1 14 2
318 359
1 15 2
38 258
1 7 2
283 510
1 11 2
283 288
1 10 2
252 665
1 6 2
245 284
1 14 2
108 472
1 17 2
494 609
1 4 2
9 240
1 7 2
331 459
1 8 2
613 682
1 3 2
11 635
1 10 2
352 581
1 12 2
109 363
1 8 2
57 486
1 18 2
237 353
1 17 2
169 276
1 12 2
355 380
1 15 2
263 647
1 13 2
101 486
1 13 2
70 279
1 11 2
28 429
1 14 2
53 638
1 9 2
203 520
1 12 2
81 245
1 10 2
181 521
1 12 2
338 649
1 16 2
258 350
1 6 2
177 684
1 19 2
353 672
1 5 2
220 369
1 12 2
62 264
1 5 2
175 195
1 20 2
30 423
1 3 2
295 558
1 17 2
184 257
1 4 2
262 483
1 10 2
599 647
1 7 2
322 595
1 10 2
304 568
1 13 2
70 155
1 13 2
117 258
1 6 2
424 619
1 6 2
156 179
1 11 2
316 542
1 11 2
124 214
1 16 2
41 363
1 9 2
339 586
1 5 2
136 192
1 9 2
302 583
1 11 2
48 394
1 11 2
181 491
1 11 2
272 673
1 9 2
138 588
1 6 2
259 332
1 12 2
214 296
1 9 2
293 467
1 11 2
220 546
1 5 2
425 680
1 11 2
556 664
1 9 2
265 423
1 5 2
83 487
1 4 2
294 582
1 14 2
72 78
1 13 2
477 646
1 12 2
53 138
1 11 2
183 448
1 15 2
118 527
1 12 2
93 299
1 8 2
26 577
1 8 2
398 496
1 16 2
37 94
1 8 2
123 495
1 12 2
120 530
1 9 2
370 608
1 12 2
528 654
1 8 2
27 346
1 16 2
457 644
1 17 2
303 476
1 7 2
12 49
1 14 2
260 515
1 12 2
280 542
1 8 2
156 438
1 12 2
70 673
1 14 2
33 139
1 11 2
300 651
1 4 2
88 113
1 11 2
127 535
1 18 2
95 396
1 19 2
187 559
1 11 2
279 596
1 4 2
402 547
1 6 2
329 516
1 20 2
8 276
1 3 2
460 656
1 16 2
78 173
1 9 2
109 534
1 15 2
363 597
1 19 2
270 333
1 14 2
236 328
1 12 2
521 668
1 7 2
315 608
1 11 2
251 331
1 13 2
27 655
1 10 2
335 545
1 14 2
476 596
1 17 2
420 474
1 10 2
170 566
1 13 2
24 573
1 19 2
373 382
1 11 2
88 685
1 14 2
13 328
1 7 2
214 274
1 10 2
396 616
1 15 2
406 507
1 9 2
189 394
1 20 2
373 644
1 17 2
361 399
1 9 2
242 372
1 11 2
285 492
1 8 2
48 490
1 12 2
198 321
1 7 2
603 699
1 13 2
173 607
1 8 2
116 639
1 14 2
448 697
1 16 2
124 601
1 14 2
75 321
1 15 2
189 236
1 11 2
503 520
1 13 2
311 345
1 18 2
77 345
1 18 2
591 622
1 10 2
451 509
1 17 2
320 593
1 17 2
333 623
1 12 2
34 670
1 17 2
451 512
1 3 2
635 674
1 13 2
257 507
1 15 2
8 203
1 14 2
300 389
1 9 2
8 160
1 4 2
84 319
1 14 2
17 594
1 9 2
283 408
1 14 2
342 368
1 9 2
78 121
1 12 2
179 516
1 12 2
475 526
1 8 2
88 582
1 9 2
116 185
1 2 2
84 222
1 8 2
271 590
1 9 2
273 282
1 12 2
161 503
1 8 2
151 335
1 15 2
129 383
1 15 2
568 627
1 15 2
288 486
1 14 2
278 338
1 12 2
45 552
1 15 2
51 422
1 10 2
562 631
1 13 2
501 675
1 5 2
55 61
1 16 2
70 484
1 11 2
573 696
1 6 2
642 684
1 11 2
472 616
1 14 2
81 129
1 9 2
128 554
1 14 2
341 593
1 7 2
165 498
1 10 2
240 686
1 8 2
61 681
1 8 2
46 485
1 12 2
566 649
1 8 2
230 345
1 17 2
159 414
1 11 2
59 363
1 16 2
41 414
1 14 2
311 484
1 7 2
146 400
1 12 2
46 574
1 13 2
423 558
1 8 2
316 570
1 4 2
642 679
1 12 2
118 282
1 16 2
345 682
1 12 2
407 587
1 11 2
24 601
1 10 2
349 608
1 5 2
101 200
1 5 2
10 281
1 7 2
122 649
1 12 2
559 697
1 14 2
317 534
1 14 2
115 302
1 12 2
249 482
1 17 2
48 534
1 11 2
98 572
1 7 2
221 630
1 5 2
89 605
1 5 2
550 620
1 11 2
87 579
1 10 2
494 631
1 8 2
383 471
1 9 2
443 680
1 7 2
337 495
1 13 2
16 498
1 14 2
83 667
1 12 2
96 518
1 4 2
119 425
1 2 2
277 633
1 13 2
319 330
1 10 2
346 611
1 9 2
71 298
1 19 2
180 209
1 15 2
180 649
1 13 2
62 623
1 7 2
252 679
1 6 2
267 294
1 3 2
403 493
1 8 2
213 478
1 3 2
136 332
1 14 2
366 658
1 6 2
91 584
1 18 2
353 594
1 17 2
296 663
1 14 2
34 617
1 7 2
393 677
1 5 2
109 253
1 10 2
194 412
1 6 2
117 280
1 10 2
32 406
1 7 2
32 300
1 4 2
615 625
1 7 2
233 334
1 9 2
35 475
1 10 2
342 416
1 9 2
35 491
1 8 2
88 514
1 8 2
2 455
1 9 2
464 669
1 9 2
353 671
1 5 2
314 341
1 6 2
40 547
1 9 2
20 149
1 14 2
323 607
1 15 2
215 534
1 16 2
219 579
1 3 2
105 513
1 5 2
174 213
1 8 2
456 615
1 14 2
427 597
1 12 2
412 660
1 20 2
406 598
1 14 2
267 623
1 9 2
133 418
1 15 2
90 355
1 8 2
395 619
1 8 2
398 455
1 13 2
62 133
1 12 2
158 272
1 17 2
53 197
1 7 2
159 241
1 9 2
209 275
1 8 2
315 507
1 11 2
585 682
1 11 2
82 505
1 20 2
381 422
1 14 2
44 345
1 17 2
247 328
1 17 2
30 512
1 7 2
156 434
1 7 2
85 181
1 12 2
72 148
1 9 2
95 444
1 11 2
50 372
1 8 2
295 667
1 15 2
167 637
1 9 2
79 611
1 6 2
416 615
1 12 2
258 346
1 12 2
457 649
1 8 2
310 539
1 19 2
303 568
1 2 2
312 439
1 11 2
235 267
1 3 2
194 487
1 9 2
89 237
1 10 2
345 691
1 11 2
46 272
1 11 2
301 386
1 8 2
93 386
1 11 2
500 521
1 6 2
384 550
1 3 2
458 631
1 13 2
41 621
1 7 2
405 528
1 17 2
187 427
1 6 2
165 416
1 9 2
37 322
1 8 2
33 250
1 16 2
288 606
1 15 2
372 657
1 15 2
432 598
1 6 2
54 597
1 10 2
300 319
1 14 2
25 378
1 13 2
169 617
1 16 2
473 683
1 14 2
75 593
1 13 2
159 446
1 18 2
354 562
1 17 2
254 477
1 19 2
248 647
1 17 2
486 668
1 5 2
51 635
1 7 2
77 113
1 8 2
302 390
1 16 2
363 407
1 11 2
41 271
1 13 2
507 527
1 18 2
180 454
1 10 2
8 79
1 4 2
186 635
1 13 2
13 129
1 12 2
30 532
1 18 2
298 348
1 15 2
254 503
1 4 2
489 582
1 18 2
149 330
1 14 2
179 481
1 9 2
420 529
1 6 2
349 453
1 7 2
269 651
1 9 2
21 266
1 4 2
195 226
1 13 2
516 597
1 11 2
24 259
1 6 2
36 315
1 7 2
450 581
1 9 2
365 466
1 7 2
214 384
1 14 2
164 579
1 6 2
102 680
1 8 2
483 595
1 14 2
361 470
1 7 2
241 659
1 3 2
207 650
1 6 2
20 648
1 13 2
30 170
1 7 2
227 600
1 12 2
456 621
1 16 2
78 423
1 20 2
438 645
1 8 2
134 617
1 9 2
363 400
1 15 2
249 494
1 14 2
433 448
1 5 2
86 103
1 11 2
382 417
1 14 2
288 446
1 6 2
238 458
1 6 2
153 347
1 10 2
35 695
1 12 2
492 627
1 9 2
177 223
1 7 2
43 571
1 19 2
23 133
1 11 2
400 423
1 4 2
689 691
1 12 2
4 263
1 12 2
680 686
1 3 2
541 553
1 10 2
108 528
1 13 2
644 693
1 11 2
79 223
1 4 2
200 280
1 8 2
88 357
1 9 2
59 630
1 5 2
424 518
1 15 2
127 389
1 9 2
92 486
1 20 2
48 644
1 10 2
623 652
1 9 2
522 626
1 10 2
326 549
1 7 2
267 417
1 20 2
396 525
1 11 2
257 673
1 18 2
564 597
1 7 2
586 627
1 5 2
151 405
1 15 2
251 562
1 11 2
69 73
1 12 2
170 215
1 11 2
214 320
1 14 2
525 669
1 9 2
16 316
1 6 2
68 255
1 8 2
153 422
1 7 2
95 137
1 6 2
145 579
1 12 2
49 298
1 13 2
93 114
1 11 2
416 428
1 16 2
247 288
1 14 2
127 185
1 10 2
172 556
1 13 2
83 124
1 13 2
611 677
1 15 2
449 494
1 8 2
288 532
1 14 2
335 448
1 11 2
655 675
1 9 2
653 668
1 13 2
170 292
1 6 2
130 670
1 10 2
127 506
1 15 2
120 596
1 16 2
124 474
1 10 2
124 696
1 6 2
216 507
1 20 2
542 683
1 8 2
449 602
1 6 2
106 380
1 7 2
63 308
1 10 2
219 327
1 11 2
279 398
1 17 2
254 454
1 7 2
308 350
1 11 2
44 279
1 11 2
375 595
1 11 2
64 74
1 9 2
447 546
1 18 2
8 423
1 17 2
420 556
1 13 2
186 278
1 12 2
4 27
1 13 2
457 677
1 10 2
496 546
1 8 2
33 329
1 7 2
105 259
1 14 2
318 611
1 14 2
90 398
1 6 2
81 334
1 4 2
394 529
1 11 2
343 482
1 13 2
159 595
1 14 2
351 355
1 7 2
99 412
1 9 2
196 469
1 19 2
120 372
1 9 2
188 238
1 12 2
255 622
1 17 2
189 454
1 16 2
554 645
1 15 2
176 556
1 8 2
225 231
1 6 2
297 469
1 12 2
209 433
1 20 2
209 348
1 8 2
463 525
1 11 2
399 651
1 12 2
159 566
1 3 2
444 635
1 14 2
126 501
1 5 2
39 241
1 11 2
285 484
1 12 2
472 696
1 8 2
82 658
1 11 2
349 609
1 6 2
32 101
1 17 2
350 368
1 6 2
0 79
1 11 2
515 566
1 4 2
42 92
1 9 2
139 673
1 12 2
301 328
1 10 2
246 632
1 10 2
276 400
1 15 2
237 457
1 13 2
501 693
1 14 2
464 686
1 9 2
520 660
1 11 2
108 446
1 9 2
545 646
1 8 2
110 676
1 6 2
266 467
1 15 2
318 399
1 11 2
31 377
1 14 2
534 663
1 6 2
31 394
1 5 2
82 137
1 7 2
135 685
1 17 2
8 503
1 9 2
18 492
1 11 2
507 545
1 9 2
189 584
1 15 2
512 597
1 13 2
219 605
1 13 2
252 456
1 9 2
51 485
1 13 2
279 654
1 14 2
8 146
1 19 2
354 366
1 15 2
492 500
1 10 2
281 498
1 10 2
302 528
1 8 2
12 231
1 16 2
28 683
1 9 2
396 540
1 4 2
442 496
1 9 2
95 117
1 8 2
245 678
1 15 2
374 601
1 4 2
123 580
1 12 2
290 378
1 15 2
251 300
1 14 2
180 338
1 6 2
123 392
1 15 2
4 187
1 10 2
181 587
1 14 2
179 249
1 4 2
160 346
1 10 2
219 297
1 9 2
89 363
1 8 2
9 45
1 19 2
176 542
1 10 2
440 505
1 14 2
566 609
1 6 2
166 631
1 3 2
18 480
1 7 2
18 159
1 13 2
16 72
1 14 2
255 637
1 12 2
600 632
1 11 2
187 550
1 15 2
65 451
1 20 2
406 667
1 14 2
556 649
1 12 2
378 684
1 6 2
346 392
1 20 2
247 568
1 8 2
235 315
1 12 2
25 317
1 8 2
469 605
1 6 2
54 655
1 8 2
91 684
1 7 2
91 271
1 10 2
329 564
1 10 2
24 412
1 9 2
0 427
1 16 2
180 345
1 6 2
377 468
1 12 2
269 276
1 5 2
385 541
1 16 2
303 609
1 12 2
100 598
1 12 2
16 41
1 11 2
13 186
1 11 2
562 592
1 7 2
400 495
1 16 2
278 328
1 9 2
121 461
1 16 2
248 347
1 13 2
69 593
1 6 2
50 674
1 5 2
408 537
1 7 2
440 511
1 6 2
9 252
1 9 2
526 613
1 12 2
408 556
1 7 2
421 675
1 16 2
26 368
1 8 2
190 627
1 10 2
52 497
1 9 2
163 349
1 9 2
1 520
1 7 2
109 394
1 6 2
317 508
1 14 2
181 420
1 6 2
418 511
1 12 2
46 127
1 7 2
44 106
1 12 2
340 683
1 11 2
467 610
1 19 2
127 632
1 8 2
204 298
1 2 2
60 135
1 16 2
90 257
1 7 2
18 657
1 18 2
13 466
1 8 2
60 497
1 13 2
169 649
1 3 2
246 430
1 11 2
279 588
1 12 2
592 686
1 10 2
55 159
1 12 2
255 562
1 13 2
40 94
1 11 2
321 584
1 7 2
3 150
1 6 2
136 227
1 14 2
457 597
1 8 2
127 445
1 15 2
303 505
1 8 2
56 280
1 8 2
83 392
1 15 2
34 96
1 4 2
84 652
1 3 2
207 565
1 8 2
309 434
1 8 2
313 604
1 13 2
49 120
1 7 2
125 299
1 18 2
30 484
1 13 2
501 646
1 18 2
94 187
1 8 2
55 515
1 11 2
172 472
1 12 2
63 302
1 12 2
446 627
1 14 2
187 252
1 11 2
296 567
1 5 2
191 367
1 14 2
69 247
1 14 2
622 684
1 8 2
138 370
1 16 2
338 525
1 17 2
303 683
1 6 2
138 220
1 16 2
90 359
1 8 2
305 428
1 9 2
532 545
1 6 2
174 282
1 6 2
100 453
1 14 2
37 63
1 10 2
466 535
1 20 2
323 542
1 15 2
3 219
1 19 2
474 632
1 16 2
33 345
1 7 2
279 405
1 10 2
97 675
1 9 2
359 493
1 10 2
59 449
1 3 2
152 225
1 5 2
57 73
1 9 2
216 494
1 12 2
31 77
1 9 2
319 534
1 15 2
238 364
1 6 2
244 663
1 7 2
88 172
1 4 2
204 291
1 5 2
582 652
1 6 2
159 690
1 15 2
146 472
1 4 2
468 675
1 11 2
213 293
1 8 2
170 511
1 17 2
347 406
1 9 2
10 598
1 8 2
223 387
1 11 2
398 470
1 19 2
292 622
1 12 2
3 21
1 8 2
357 408
1 17 2
431 556
1 15 2
75 353
1 5 2
134 616
1 14 2
67 114
1 16 2
336 574
1 15 2
74 492
1 13 2
158 164
1 12 2
228 271
1 12 2
132 610
1 12 2
432 534
1 7 2
200 470
1 13 2
326 538
1 8 2
327 328
1 13 2
126 526
1 8 2
437 590
1 11 2
31 538
1 12 2
419 644
1 7 2
314 378
1 5 2
17 490
1 8 2
670 673
1 5 2
286 401
1 11 2
350 433
1 16 2
30 500
1 12 2
286 293
1 13 2
146 681
1 15 2
196 382
1 10 2
141 665
1 5 2
204 695
1 16 2
19 251
1 18 2
248 527
1 11 2
200 448
1 10 2
512 522
1 17 2
179 354
1 11 2
136 353
1 5 2
287 558
1 12 2
215 478
1 5 2
384 404
1 5 2
535 541
1 9 2
84 423
1 13 2
389 566
1 13 2
364 482
1 11 2
148 389
1 15 2
96 254
1 12 2
526 646
1 5 2
152 607
1 11 2
273 389
1 8 2
459 669
1 6 2
150 419
1 9 2
455 699
1 8 2
128 648
1 7 2
93 319
1 9 2
246 427
1 8 2
194 638
1 6 2
38 221
1 19 2
133 382
1 8 2
542 641
1 10 2
432 552
1 6 2
18 697
1 10 2
30 304
1 7 2
236 307
1 14 2
286 313
1 2 2
531 565
1 4 2
455 676
1 9 2
214 235
1 17 2
352 647
1 15 2
53 148
1 8 2
315 389
1 17 2
184 619
1 14 2
101 368
1 7 2
24 376
1 12 2
126 428
1 17 2
110 672
1 9 2
293 585
1 13 2
311 619
1 7 2
116 651
1 10 2
238 658
1 6 2
291 432
1 13 2
74 231
1 3 2
246 666
1 17 2
218 476
1 6 2
83 531
1 6 2
129 232
1 18 2
303 477
1 8 2
297 339
1 5 2
450 625
1 12 2
74 148
1 10 2
47 409
1 7 2
385 658
1 9 2
382 442
1 14 2
58 173
1 18 2
260 350
1 2 2
52 312
1 8 2
191 429
1 11 2
88 159
1 12 2
120 673
1 17 2
465 568
1 5 2
633 684
1 13 2
454 552
1 5 2
515 524
1 8 2
83 530
1 12 2
507 626
1 11 2
448 483
1 6 2
6 638
1 10 2
177 406
1 19 2
448 527
1 6 2
138 493
1 20 2
184 364
1 7 2
173 628
1 16 2
120 236
1 4 2
589 651
1 4 2
210 315
1 14 2
23 370
1 15 2
290 525
1 10 2
123 427
1 17 2
37 74
1 14 2
181 538
1 8 2
111 639
1 5 2
541 548
1 18 2
486 683
1 17 2
526 559
1 18 2
209 223
1 18 2
115 248
1 12 2
501 502
1 12 2
209 673
1 4 2
148 152
1 8 2
276 312
1 7 2
314 363
1 14 2
303 630
1 10 2
20 299
1 11 2
231 235
1 10 2
365 606
1 5 2
253 402
1 13 2
78 257
1 8 2
341 455
1 15 2
180 461
1 9 2
342 612
1 7 2
188 583
1 11 2
48 172
1 15 2
176 336
1 5 2
42 50
1 4 2
160 172
1 11 2
539 556
1 9 2
443 612
1 5 2
515 650
1 11 2
108 351
1 12 2
364 583
1 17 2
378 546
1 16 2
313 345
1 7 2
231 555
1 7 2
226 670
1 8 2
297 441
1 14 2
219 515
1 19 2
211 451
1 12 2
166 236
1 10 2
73 271
1 11 2
298 331
1 11 2
131 423
1 12 2
213 296
1 12 2
164 375
1 8 2
255 319
1 12 2
26 627
1 8 2
417 579
1 11 2
179 239
1 13 2
255 477
1 10 2
585 595
1 11 2
211 605
1 13 2
466 528
1 7 2
233 445
1 13 2
16 350
1 6 2
349 394
1 12 2
55 668
1 2 2
171 565
1 10 2
161 464
1 4 2
395 455
1 14 2
45 231
1 8 2
142 562
1 6 2
386 616
1 17 2
223 420
1 17 2
90 492
1 14 2
353 552
1 7 2
137 189
1 8 2
484 577
1 9 2
382 635
1 7 2
231 599
1 14 2
473 484
1 17 2
139 382
1 20 2
30 184
1 16 2
303 377
1 15 2
339 492
1 15 2
525 570
1 3 2
89 205
1 14 2
398 431
1 16 2
81 512
1 11 2
448 480
1 18 2
127 164
1 13 2
398 428
1 10 2
384 481
1 16 2
366 685
1 11 2
340 505
1 9 2
446 625
1 9 2
200 323
1 9 2
175 482
1 16 2
422 566
1 15 2
35 574
1 12 2
133 170
1 10 2
146 482
1 15 2
566 686
1 14 2
167 363
1 20 2
381 517
1 8 2
27 502
1 9 2
123 231
1 13 2
500 579
1 18 2
373 466
1 16 2
497 657
1 11 2
120 269
1 5 2
188 615
1 6 2
485 555
1 12 2
97 361
1 13 2
511 546
1 12 2
163 609
1 15 2
209 545
1 13 2
566 685
1 9 2
434 600
1 8 2
240 607
1 17 2
611 637
1 10 2
49 203
1 10 2
678 681
1 18 2
133 672
1 19 2
34 568
1 13 2
109 330
1 6 2
6 380
1 11 2
21 163
1 13 2
559 660
1 15 2
30 665
1 16 2
302 406
1 9 2
486 547
1 7 2
149 243
1 10 2
27 196
1 15 2
363 495
1 20 2
564 591
1 16 2
199 527
1 16 2
350 486
1 17 2
72 501
1 12 2
146 410
1 12 2
13 108
1 6 2
238 314
1 9 2
34 385
1 8 2
187 463
1 11 2
7 41
1 18 2
209 598
1 9 2
50 351
1 13 2
36 270
1 14 2
48 49
1 18 2
247 339
1 9 2
128 139
1 11 2
249 552
1 11 2
390 564
1 14 2
301 354
1 9 2
459 554
1 13 2
140 491
1 9 2
416 523
1 8 2
234 303
1 9 2
574 671
1 13 2
273 299
1 10 2
286 462
1 10 2
219 679
1 14 2
53 231
1 12 2
494 592
1 7 2
349 567
1 14 2
321 675
1 16 2
23 326
1 17 2
568 597
1 13 2
7 406
1 8 2
246 311
1 20 2
382 396
1 14 2
120 326
1 5 2
550 575
1 7 2
242 339
1 19 2
303 606
1 8 2
13 692
1 13 2
49 330
1 7 2
243 328
1 16 2
258 596
1 11 2
63 93
1 9 2
410 652
1 9 2
7 544
1 5 2
32 245
1 9 2
385 619
1 9 2
478 571
1 13 2
3 434
1 12 2
96 342
1 10 2
272 510
1 9 2
255 523
1 7 2
441 688
1 7 2
190 340
1 16 2
180 457
1 10 2
426 503
1 17 2
77 538
1 18 2
45 438
1 19 2
133 683
1 15 2
65 594
1 8 2
316 389
1 11 2
408 655
1 17 2
189 568
1 20 2
406 568
1 18 2
377 501
1 5 2
394 444
1 14 2
503 617
1 16 2
368 428
1 8 2
331 433
1 14 2
251 351
1 9 2
327 373
1 8 2
181 541
1 15 2
428 609
1 9 2
13 385
1 13 2
35 124
1 19 2
47 209
1 12 2
8 658
1 11 2
226 300
1 11 2
48 136
1 19 2
140 299
1 5 2
177 697
1 13 2
56 176
1 6 2
307 516
1 11 2
112 647
1 13 2
381 646
1 13 2
249 456
1 4 2
447 452
1 5 2
250 469
1 13 2
249 342
1 10 2
202 264
1 7 2
100 213
1 10 2
552 607
1 9 2
238 408
1 5 2
11 362
1 4 2
205 502
1 9 2
37 210
1 17 2
189 396
1 14 2
382 544
1 11 2
2 549
1 13 2
26 347
1 11 2
131 477
1 17 2
237 438
1 10 2
26 283
1 10 2
382 404
1 12 2
13 571
1 8 2
382 641
1 8 2
482 646
1 13 2
494 528
1 15 2
352 374
1 15 2
140 272
1 17 2
257 381
1 19 2
406 672
1 7 2
170 532
1 13 2
95 286
1 7 2
536 679
1 17 2
318 667
1 12 2
30 502
1 9 2
280 412
1 13 2
473 627
1 10 2
77 643
1 7 2
32 597
1 9 2
265 645
1 13 2
286 538
1 5 2
132 616
1 17 2
363 647
1 19 2
247 278
1 11 2
98 252
1 12 2
103 296
1 18 2
209 593
1 6 2
207 331
1 15 2
249 699
1 13 2
408 472
1 7 2
199 603
1 13 2
98 682
1 17 2
48 596
1 7 2
216 336
1 18 2
70 477
1 8 2
52 300
1 10 2
73 475
1 8 2
668 676
1 14 2
267 399
1 4 2
297 325
1 10 2
200 330
1 13 2
279 303
1 8 2
374 391
1 6 2
12 590
1 3 2
61 551
1 8 2
27 379
1 11 2
274 313
1 10 2
263 587
1 16 2
90 96
1 7 2
64 285
1 6 2
49 599
1 9 2
78 419
1 5 2
376 455
1 13 2
75 681
1 2 2
15 54
1 13 2
270 436
1 16 2
336 383
1 11 2
584 645
1 19 2
47 542
1 13 2
24 381
1 9 2
238 514
1 9 2
124 365
1 5 2
638 641
1 9 2
93 108
1 16 2
320 486
1 13 2
347 611
1 4 2
239 576
1 13 2
103 120
1 12 2
4 149
1 11 2
264 572
1 17 2
53 72
1 15 2
249 503
1 5 2
165 612
1 10 2
392 446
1 9 2
154 579
1 5 2
82 327
1 11 2
259 376
1 13 2
245 647
1 8 2
68 595
1 6 2
207 582
1 17 2
364 626
1 10 2
418 637
1 10 2
149 602
1 14 2
252 484
1 15 2
431 611
1 4 2
275 419
1 10 2
83 235
1 12 2
155 682
1 12 2
353 440
1 9 2
49 185
1 8 2
95 216
1 15 2
114 630
1 9 2
352 459
1 18 2
47 632
1 2 2
543 641
1 3 2
177 614
1 16 2
320 323
1 4 2
125 684
1 18 2
223 366
1 12 2
376 645
1 9 2
127 395
1 6 2
145 428
1 12 2
302 457
1 8 2
238 315
1 4 2
253 394
1 13 2
353 384
1 16 2
45 339
1 17 2
512 637
1 5 2
344 625
1 8 2
36 370
1 12 2
469 663
1 12 2
187 340
1 7 2
82 340
1 6 2
301 614
1 14 2
4 492
1 17 2
236 420
1 11 2
128 199
1 10 2
68 353
1 13 2
396 514
1 6 2
165 170
1 7 2
18 293
1 7 2
338 440
1 17 2
377 606
1 4 2
84 91
1 4 2
327 625
1 9 2
400 623
1 16 2
26 184
1 3 2
60 226
1 16 2
13 228
1 7 2
62 411
1 14 2
410 668
1 12 2
166 189
1 4 2
100 307
1 18 2
110 348
1 13 2
17 317
1 10 2
379 591
1 11 2
276 388
1 14 2
51 300
1 10 2
374 467
1 19 2
486 574
1 12 2
79 368
1 7 2
202 618
1 7 2
136 252
1 15 2
245 258
1 14 2
181 562
1 9 2
360 399
1 13 2
35 456
1 16 2
94 601
1 10 2
24 626
1 10 2
310 475
1 8 2
108 651
1 13 2
164 185
1 17 2
77 441
1 14 2
396 408
1 11 2
303 592
1 5 2
188 243
1 8 2
332 383
1 10 2
385 526
1 12 2
16 203
1 6 2
67 679
1 8 2
176 365
1 9 2
64 282
1 11 2
462 677
1 7 2
389 615
1 19 2
23 323
1 6 2
264 324
1 9 2
238 669
1 13 2
98 654
1 9 2
186 545
1 3 2
160 387
1 9 2
31 470
1 10 2
296 643
1 9 2
501 687
1 13 2
163 354
1 9 2
223 575
1 10 2
608 657
1 12 2
126 500
1 7 2
67 629
1 13 2
181 428
1 12 2
465 592
1 18 2
247 431
1 15 2
34 272
1 11 2
317 485
1 5 2
36 99
1 10 2
59 169
1 16 2
44 292
1 11 2
69 341
1 3 2
168 440
1 5 2
20 450
1 8 2
388 668
1 7 2
361 603
1 3 2
242 397
1 17 2
140 486
1 15 2
249 320
1 3 2
113 533
1 11 2
456 514
1 12 2
24 333
1 6 2
319 567
1 5 2
238 487
1 9 2
313 325
1 17 2
272 448
1 8 2
44 240
1 7 2
193 237
1 4 2
138 442
1 4 2
208 340
1 16 2
81 140
1 11 2
81 515
1 7 2
205 512
1 9 2
49 416
1 10 2
472 531
1 12 2
320 375
1 9 2
402 630
1 4 2
394 662
1 12 2
593 612
1 5 2
75 694
1 5 2
337 488
1 4 2
242 421
1 10 2
170 434
1 18 2
270 466
1 17 2
299 378
1 10 2
536 581
1 17 2
30 257
1 9 2
121 536
1 10 2
207 300
1 3 2
54 390
1 14 2
108 644
1 13 2
38 438
1 9 2
306 673
1 12 2
220 247
1 6 2
317 424
1 16 2
333 461
1 10 2
272 440
1 6 2
82 369
1 8 2
554 586
1 10 2
151 293
1 10 2
48 687
1 10 2
465 467
1 11 2
478 499
1 12 2
390 591
1 7 2
21 57
1 11 2
548 564
1 6 2
253 695
1 13 2
571 682
1 8 2
419 648
1 14 2
272 519
1 19 2
8 667
1 5 2
241 266
1 2 2
5 513
1 12 2
25 519
1 5 2
385 625
1 14 2
73 114
1 18 2
223 323
1 7 2
150 669
1 8 2
380 584
1 9 2
188 311
1 10 2
514 516
1 14 2
118 427
1 8 2
91 98
1 3 2
208 615
1 18 2
19 323
1 19 2
173 542
1 17 2
361 422
1 2 2
66 177
1 15 2
187 626
1 10 2
67 416
1 16 2
164 474
1 12 2
498 579
1 11 2
549 681
1 4 2
385 636
1 12 2
2 554
1 6 2
0 31
1 7 2
192 375
1 16 2
354 481
1 13 2
13 65
1 11 2
121 233
1 11 2
169 658
1 5 2
395 402
1 10 2
221 644
1 16 2
477 484
1 14 2
299 462
1 7 2
0 141
1 11 2
170 251
1 15 2
326 333
1 19 2
366 546
1 13 2
448 664
1 14 2
67 180
1 12 2
414 585
1 4 2
230 687
1 14 2
185 270
1 5 2
560 657
1 4 2
152 550
1 11 2
11 683
1 15 2
26 124
1 5 2
154 212
1 13 2
288 293
1 17 2
461 637
1 12 2
342 677
1 18 2
19 211
1 10 2
34 225
1 11 2
198 339
1 8 2
160 264
1 6 2
131 548
1 12 2
126 254
1 9 2
246 492
1 18 2
70 368
1 10 2
199 357
1 11 2
50 454
1 5 2
24 61
1 8 2
192 669
1 6 2
352 358
1 12 2
655 657
1 5 2
284 602
1 5 2
6 646
1 3 2
9 102
1 9 2
459 481
1 16 2
341 382
1 14 2
215 238
1 10 2
605 609
1 8 2
56 86
1 12 2
196 199
1 15 2
90 566
1 8 2
38 194
1 9 2
160 278
1 14 2
341 407
1 4 2
202 560
1 17 2
318 381
1 15 2
258 341
1 19 2
74 644
1 10 2
173 207
1 11 2
249 648
1 10 2
11 164
1 16 2
27 353
1 12 2
313 627
1 5 2
161 634
1 10 2
98 514
1 12 2
17 660
1 13 2
306 632
1 10 2
197 612
1 14 2
67 472
1 19 2
173 466
1 14 2
159 176
1 14 2
187 196
1 13 2
140 518
1 6 2
289 536
1 11 2
533 686
1 11 2
637 696
1 8 2
133 314
1 14 2
53 252
1 12 2
347 660
1 9 2
15 47
1 17 2
270 345
1 14 2
296 432
1 12 2
601 607
1 2 2
356 687
1 11 2
311 518
1 11 2
33 194
1 10 2
260 329
1 9 2
27 584
1 19 2
127 354
1 13 2
167 538
1 11 2
103 300
1 8 2
539 638
1 18 2
505 644
1 13 2
37 58
1 6 2
392 539
1 8 2
67 128
1 8 2
58 230
1 13 2
3 233
1 5 2
1 157
1 3 2
360 458
1 12 2
37 680
1 8 2
232 591
1 12 2
288 519
1 20 2
364 381
1 16 2
503 663
1 10 2
202 663
1 20 2
383 598
1 9 2
181 315
1 18 2
19 492
1 10 2
205 568
1 9 2
8 689
1 13 2
185 623
1 10 2
51 341
1 7 2
26 261
1 11 2
21 349
1 3 2
143 253
1 13 2
82 363
1 18 2
228 593
1 12 2
75 617
1 7 2
96 165
1 11 2
361 437
1 20 2
383 645
1 13 2
94 544
1 8 2
287 699
1 16 2
317 422
1 12 2
394 517
1 12 2
470 607
1 11 2
566 627
1 7 2
230 288
1 17 2
215 251
1 11 2
20 48
1 6 2
26 32
1 17 2
115 562
1 20 2
187 477
1 12 2
313 408
1 7 2
437 485
1 12 2
293 596
1 8 2
17 488
1 9 2
76 454
1 8 2
34 243
1 11 2
2 675
1 12 2
227 622
1 9 2
114 265
1 10 2
196 659
1 12 2
399 670
1 10 2
498 664
1 10 2
279 608
1 8 2
230 351
1 12 2
476 482
1 12 2
474 520
1 9 2
495 646
1 7 2
40 586
1 12 2
251 495
1 14 2
167 300
1 2 2
125 689
1 10 2
62 639
1 7 2
2 676
1 9 2
296 653
1 13 2
263 499
1 14 2
481 484
1 16 2
189 593
1 4 2
522 650
1 3 2
287 676
1 9 2
511 521
1 10 2
51 592
1 13 2
83 431
1 9 2
38 67
1 14 2
364 375
1 17 2
173 526
1 12 2
146 347
1 5 2
529 658
1 7 2
298 513
1 18 2
149 568
1 5 2
172 397
1 9 2
198 608
1 18 2
345 382
1 15 2
254 257
1 15 2
320 374
1 19 2
354 683
1 6 2
186 269
1 5 2
266 653
1 9 2
219 329
1 18 2
373 683
1 15 2
45 347
1 12 2
373 605
1 17 2
94 124
1 9 2
110 316
1 5 2
111 504
1 16 2
321 554
1 13 2
167 293
1 5 2
142 310
1 9 2
38 608
1 17 2
317 667
1 17 2
381 456
1 3 2
524 656
1 17 2
95 187
1 5 2
186 304
1 10 2
203 273
1 6 2
458 554
1 10 2
459 623
1 9 2
83 572
1 13 2
163 420
1 9 2
453 597
1 10 2
411 559
1 15 2
176 655
1 10 2
611 691
1 9 2
317 533
1 13 2
473 495
1 16 2
382 657
1 11 2
86 422
1 5 2
42 631
1 10 2
310 469
1 19 2
296 542
1 8 2
308 465
1 13 2
148 527
1 6 2
15 462
1 3 2
439 631
1 10 2
498 587
1 13 2
124 639
1 14 2
478 568
1 10 2
390 682
1 4 2
46 578
1 4 2
193 532
1 6 2
240 271
1 16 2
296 380
1 7 2
76 238
1 6 2
72 635
1 11 2
655 660
1 14 2
16 197
1 2 2
425 569
1 7 2
76 185
1 9 2
87 612
1 2 2
445 560
1 16 2
74 237
1 12 2
108 526
1 16 2
47 339
1 12 2
485 505
1 7 2
264 442
1 13 2
129 536
1 11 2
78 175
1 2 2
277 628
1 14 2
473 536
1 5 2
111 576
1 4 2
543 583
1 13 2
486 518
1 8 2
229 420
1 10 2
235 475
1 7 2
570 643
1 14 2
263 446
1 3 2
150 334
1 8 2
56 112
1 9 2
176 297
1 5 2
157 267
1 7 2
143 484
1 2 2
210 565
1 5 2
390 631
1 8 2
422 561
1 9 2
110 200
1 12 2
583 682
1 10 2
50 663
1 9 2
43 431
1 2 2
6 208
1 7 2
286 614
1 7 2
513 685
1 7 2
176 217
1 11 2
184 447
1 3 2
122 304
1 15 2
341 672
1 13 2
186 632
1 13 2
478 672
1 16 2
179 683
1 4 2
439 695
1 13 2
65 481
1 12 2
420 592
1 15 2
94 129
1 13 2
338 498
1 10 2
320 602
1 7 2
488 602
1 10 2
109 347
1 20 2
406 451
1 3 2
153 246
1 9 2
203 239
1 9 2
411 594
1 5 2
46 80
1 13 2
187 188
1 8 2
285 544
1 7 2
269 290
1 9 2
67 227
1 13 2
127 485
1 9 2
214 464
1 9 2
199 297
1 11 2
535 546
1 14 2
124 685
1 10 2
129 684
1 4 2
244 283
1 17 2
272 568
1 13 2
352 499
1 7 2
466 628
1 13 2
398 562
1 8 2
471 497
1 4 2
224 592
1 19 2
173 276
1 5 2
280 440
1 9 2
499 625
1 13 2
164 507
1 6 2
76 163
1 13 2
317 566
1 13 2
290 622
1 9 2
292 309
1 15 2
267 353
1 12 2
35 254
1 9 2
1 600
1 17 2
299 492
1 20 2
564 647
1 11 2
23 89
1 13 2
49 364
1 3 2
160 241
1 4 2
29 646
1 17 2
176 623
1 3 2
268 344
1 13 2
331 593
1 7 2
593 628
1 5 2
93 576
1 15 2
276 398
1 5 2
286 690
1 9 2
40 227
1 10 2
223 455
1 15 2
247 267
1 8 2
470 548
1 12 2
158 441
1 4 2
162 696
1 16 2
352 527
1 7 2
109 539
1 10 2
573 620
1 10 2
395 448
1 9 2
287 512
1 7 2
15 677
1 8 2
95 200
1 16 2
2 492
1 6 2
437 687
1 11 2
316 423
1 16 2
249 276
1 8 2
38 394
1 12 2
238 505
1 6 2
232 398
1 9 2
516 590
1 8 2
405 597
1 6 2
85 507
1 11 2
129 608
1 16 2
70 320
1 16 2
527 682
1 9 2
112 519
1 15 2
48 302
1 16 2
96 368
1 7 2
402 648
1 7 2
356 368
1 17 2
350 683
1 11 2
282 536
1 7 2
16 661
1 11 2
121 672
1 17 2
542 654
1 15 2
338 477
1 15 2
44 70
1 14 2
251 554
1 10 2
269 611
1 8 2
211 275
1 11 2
237 651
1 9 2
623 643
1 11 2
240 472
1 15 2
187 500
1 14 2
63 601
1 10 2
49 118
1 17 2
505 525
1 6 2
405 515
1 8 2
212 300
1 16 2
406 554
1 6 2
80 462
1 8 2
319 386
1 3 2
153 400
1 17 2
622 672
1 13 2
574 590
1 13 2
349 422
1 8 2
389 435
1 3 2
287 633
1 7 2
582 680
1 10 2
274 456
1 18 2
313 423
1 8 2
2 365
1 11 2
245 389
1 17 2
77 446
1 5 2
132 284
1 3 2
404 504
1 17 2
28 330
1 7 2
6 185
1 7 2
111 459
1 11 2
117 149
1 16 2
63 477
1 5 2
516 561
1 9 2
278 395
1 7 2
453 507
1 7 2
274 340
1 12 2
559 605
1 9 2
140 287
1 5 2
213 615
1 12 2
235 597
1 7 2
256 461
1 11 2
123 672
1 15 2
158 372
1 8 2
247 624
1 5 2
395 618
1 13 2
245 632
1 12 2
114 188
1 7 2
266 590
1 6 2
172 436
1 3 2
99 460
1 8 2
105 176
1 8 2
154 252
1 7 2
484 603
1 6 2
284 638
1 6 2
419 585
1 11 2
35 238
1 8 2
67 426
1 13 2
73 601
1 19 2
144 354
1 11 2
359 511
1 11 2
527 587
1 14 2
97 699
1 15 2
251 699
1 3 2
46 113
1 9 2
188 588
1 13 2
235 272
1 6 2
274 440
1 5 2
570 641
1 3 2
112 125
1 13 2
13 249
1 8 2
20 263
1 13 2
17 65
1 11 2
37 49
1 8 2
79 443
1 9 2
492 509
1 10 2
534 618
1 11 2
186 685
1 3 2
71 403
1 12 2
283 359
1 11 2
493 667
1 6 2
160 203
1 13 2
190 383
1 12 2
412 545
1 19 2
407 451
1 5 2
22 665
1 10 2
231 416
1 5 2
250 515
1 10 2
564 620
1 5 2
666 697
1 11 2
120 548
1 11 2
368 435
1 6 2
213 405
1 16 2
407 526
1 17 2
361 667
1 15 2
23 148
1 4 2
11 216
1 18 2
497 503
1 11 2
109 352
1 14 2
63 300
1 14 2
219 416
1 5 2
650 675
1 7 2
42 186
1 11 2
191 328
1 5 2
201 675
1 15 2
451 570
1 16 2
263 525
1 15 2
465 474
1 17 2
94 303
1 16 2
90 685
1 17 2
129 330
1 8 2
684 695
1 17 2
133 189
1 9 2
516 651
1 14 2
94 331
1 15 2
146 381
1 4 2
188 561
1 10 2
526 602
1 12 2
180 669
1 20 2
366 501
1 13 2
302 601
1 18 2
598 683
1 6 2
310 480
1 5 2
128 620
1 5 2
24 32
1 8 2
5 683
1 13 2
108 187
1 9 2
480 647
1 16 2
3 644
1 10 2
383 489
1 11 2
317 515
1 10 2
203 475
1 6 2
190 625
1 11 2
203 282
1 9 2
389 678
1 4 2
289 590
1 17 2
451 554
1 20 2
184 477
1 3 2
269 415
1 7 2
235 509
1 15 2
382 398
1 10 2
316 474
1 10 2
515 516
1 6 2
253 521
1 7 2
586 669
1 5 2
131 280
1 11 2
161 554
1 14 2
331 353
1 12 2
62 359
1 13 2
47 282
1 10 2
328 670
1 11 2
134 215
1 11 2
339 675
1 7 2
116 558
1 13 2
231 538
1 16 2
501 597
1 5 2
39 250
1 15 2
339 663
1 15 2
167 610
1 12 2
331 559
1 13 2
70 282
1 7 2
1 362
1 9 2
280 682
1 10 2
370 659
1 17 2
228 352
1 17 2
215 278
1 3 2
314 409
1 17 2
90 527
1 12 2
24 33
1 13 2
87 149
1 11 2
90 418
1 8 2
91 126
1 13 2
36 574
1 13 2
486 552
1 6 2
284 491
1 11 2
218 530
1 7 2
272 513
1 18 2
321 466
1 14 2
645 665
1 6 2
390 459
1 8 2
484 586
1 18 2
353 619
1 14 2
494 544
1 7 2
267 586
1 8 2
288 522
1 19 2
644 647
1 10 2
179 558
1 13 2
341 352
1 5 2
51 105
1 4 2
66 429
1 9 2
249 488
1 11 2
53 541
1 9 2
399 537
1 7 2
131 511
1 8 2
108 549
1 13 2
428 655
1 3 2
540 631
1 14 2
321 571
1 12 2
583 598
1 5 2
193 326
1 11 2
185 571
1 20 2
414 501
1 15 2
51 645
1 12 2
149 163
1 12 2
73 499
1 8 2
329 556
1 10 2
362 492
1 18 2
180 278
1 11 2
110 429
1 13 2
339 412
1 9 2
108 301
1 11 2
170 500
1 7 2
287 412
1 14 2
35 672
1 6 2
552 577
1 11 2
17 571
1 15 2
187 519
1 14 2
389 474
1 9 2
69 196
1 7 2
43 630
1 8 2
284 654
1 13 2
95 412
1 11 2
412 592
1 11 2
192 339
1 7 2
225 673
1 11 2
303 581
1 5 2
246 587
1 5 2
239 643
1 17 2
247 500
1 15 2
341 644
1 17 2
34 70
1 13 2
159 318
1 7 2
405 588
1 16 2
454 566
1 10 2
194 361
1 9 2
4 612
1 14 2
169 251
1 6 2
436 599
1 13 2
198 219
1 15 2
78 110
1 11 2
219 629
1 6 2
169 628
1 9 2
344 377
1 8 2
92 352
1 13 2
542 583
1 18 2
233 292
1 10 2
63 583
1 15 2
264 503
1 9 2
440 484
1 9 2
114 425
1 5 2
239 275
1 11 2
70 539
1 12 2
144 651
1 13 2
95 179
1 8 2
507 584
1 10 2
498 600
1 16 2
114 512
1 10 2
155 318
1 11 2
525 698
1 8 2
41 379
1 11 2
545 572
1 13 2
228 684
1 20 2
260 451
1 15 2
254 611
1 11 2
59 505
1 11 2
138 236
1 11 2
41 408
1 8 2
43 149
1 18 2
260 486
1 8 2
416 674
1 8 2
534 631
1 8 2
31 238
1 5 2
147 511
1 15 2
366 464
1 9 2
264 394
1 19 2
94 542
1 19 2
366 407
1 3 2
415 674
1 3 2
265 613
1 5 2
245 265
1 3 2
551 567
1 16 2
2 574
1 9 2
191 669
1 16 2
476 685
1 5 2
416 676
1 10 2
255 630
1 5 2
158 569
1 4 2
222 581
1 11 2
90 274
1 6 2
154 678
1 5 2
315 689
1 15 2
423 669
1 8 2
201 595
1 8 2
268 683
1 14 2
88 564
1 5 2
460 583
1 7 2
207 592
1 18 2
70 399
1 14 2
536 668
1 15 2
350 619
1 9 2
105 598
1 9 2
172 189
1 5 2
435 453
1 3 2
232 409
1 8 2
93 331
1 6 2
230 659
1 10 2
238 570
1 11 2
326 370
1 15 2
454 649
1 12 2
7 180
1 8 2
398 502
1 9 2
272 316
1 9 2
40 213
1 18 2
525 672
1 6 2
186 535
1 17 2
591 686
1 14 2
189 428
1 17 2
144 446
1 9 2
186 252
1 8 2
45 653
1 12 2
155 632
1 18 2
144 441
1 4 2
460 567
1 4 2
239 557
1 12 2
161 278
1 7 2
231 687
1 8 2
397 465
1 16 2
538 682
1 12 2
1 159
1 2 2
6 332
1 12 2
283 328
1 19 2
30 90
1 19 2
77 448
1 14 2
83 637
1 15 2
286 667
1 14 2
474 528
1 16 2
352 497
1 7 2
70 688
1 12 2
211 376
1 7 2
169 460
1 20 2
260 364
1 8 2
99 328
1 7 2
153 525
1 15 2
574 596
1 9 2
413 611
1 16 2
65 372
1 10 2
0 647
1 11 2
319 610
1 14 2
35 562
1 13 2
97 492
1 9 2
533 619
1 10 2
235 443
1 20 2
372 564
1 13 2
350 554
1 13 2
108 474
1 19 2
30 501
1 14 2
179 492
1 14 2
461 498
1 18 2
236 525
1 19 2
144 299
1 9 2
34 210
1 8 2
318 577
1 16 2
47 492
1 5 2
10 639
1 17 2
94 361
1 7 2
458 536
1 15 2
33 328
1 14 2
149 199
1 8 2
76 176
1 14 2
451 665
1 8 2
36 273
1 8 2
24 680
1 8 2
226 607
1 13 2
70 592
1 4 2
487 680
1 12 2
481 516
1 4 2
362 676
1 15 2
58 94
1 13 2
349 632
1 5 2
85 357
1 10 2
149 581
1 17 2
254 525
1 7 2
408 533
1 7 2
183 290
1 18 2
144 672
1 15 2
124 465
1 13 2
373 478
1 11 2
429 593
1 18 2
427 542
1 10 2
190 611
1 5 2
550 653
1 3 2
106 275
1 14 2
97 144
1 15 2
611 685
1 19 2
114 299
1 16 2
321 607
1 12 2
45 695
1 10 2
194 663
1 8 2
82 475
1 17 2
34 228
1 7 2
584 684
1 20 2
270 292
1 16 2
114 377
1 9 2
73 664
1 18 2
19 556
1 17 2
63 454
1 7 2
307 313
1 20 2
353 354
1 8 2
402 617
1 7 2
403 492
1 12 2
622 693
1 9 2
109 288
1 18 2
47 598
1 16 2
622 699
1 8 2
366 487
1 13 2
33 464
1 9 2
257 362
1 6 2
40 210
1 13 2
180 335
1 15 2
72 164
1 6 2
250 665
1 9 2
297 323
1 14 2
475 497
1 6 2
50 550
1 5 2
100 212
1 10 2
36 78
1 12 2
45 166
1 5 2
73 589
1 5 2
305 385
1 9 2
214 449
1 10 2
18 517
1 13 2
111 321
1 10 2
243 568
1 7 2
58 85
1 14 2
389 622
1 14 2
70 389
1 11 2
218 493
1 8 2
209 314
1 11 2
4 98
1 10 2
465 696
1 8 2
69 520
1 11 2
475 655
1 9 2
238 429
1 6 2
216 482
1 5 2
11 207
1 12 2
35 257
1 11 2
411 525
1 16 2
406 657
1 9 2
190 298
1 13 2
474 675
1 12 2
155 598
1 7 2
26 216
1 10 2
120 642
1 6 2
370 604
1 13 2
293 545
1 19 2
30 420
1 13 2
263 649
1 10 2
133 625
1 10 2
443 464
1 10 2
299 586
1 7 2
7 376
1 12 2
335 486
1 7 2
78 130
1 14 2
51 90
1 12 2
263 657
1 13 2
372 675
1 9 2
363 529
1 9 2
39 630
1 10 2
46 434
1 4 2
369 400
1 5 2
135 491
1 7 2
137 536
1 14 2
348 523
1 9 2
51 605
1 12 2
91 353
1 8 2
298 411
1 8 2
0 570
1 5 2
319 365
1 13 2
259 288
1 11 2
100 492
1 12 2
465 675
1 7 2
266 693
1 8 2
191 340
1 9 2
298 502
1 14 2
169 498
1 6 2
402 664
1 5 2
245 387
1 13 2
374 639
1 9 2
481 625
1 5 2
3 143
1 11 2
3 44
1 13 2
93 396
1 6 2
227 631
1 8 2
32 486
1 18 2
30 259
1 8 2
42 536
1 14 2
30 155
1 5 2
161 524
1 5 2
36 162
1 10 2
201 258
1 14 2
372 491
1 14 2
146 527
1 8 2
343 411
1 5 2
346 604
1 7 2
385 398
1 13 2
211 469
1 9 2
108 515
1 9 2
474 687
1 13 2
211 665
1 7 2
12 175
1 9 2
187 661
1 7 2
105 609
1 15 2
25 180
1 5 2
687 693
1 12 2
64 472
1 13 2
93 94
1 8 2
100 306
1 10 2
266 293
1 12 2
255 300
1 3 2
18 404
1 9 2
592 697
1 10 2
347 664
1 3 2
117 551
1 11 2
419 573
1 11 2
112 223
1 16 2
373 630
1 7 2
316 485
1 10 2
33 123
1 10 2
3 108
1 9 2
359 418
1 6 2
43 639
1 9 2
214 518
1 8 2
314 396
1 12 2
166 378
1 5 2
32 587
1 19 2
292 574
1 6 2
571 620
1 20 2
258 406
1 11 2
38 317
1 18 2
140 399
1 12 2
564 583
1 6 2
294 500
1 9 2
175 544
1 5 2
580 657
1 5 2
138 405
1 11 2
280 606
1 12 2
158 189
1 17 2
361 476
1 3 2
212 589
1 7 2
551 672
1 9 2
331 478
1 8 2
469 674
1 7 2
302 308
1 12 2
184 192
1 11 2
431 520
1 14 2
428 473
1 7 2
174 657
1 12 2
264 552
1 6 2
485 631
1 8 2
314 644
1 12 2
263 370
1 11 2
331 457
1 13 2
191 420
1 12 2
510 610
1 10 2
313 599
1 4 2
344 365
1 15 2
218 328
1 9 2
325 536
1 13 2
98 457
1 9 2
189 435
1 17 2
434 501
1 9 2
43 215
1 3 2
576 577
1 10 2
18 382
1 14 2
451 669
1 2 2
152 210
1 5 2
123 599
1 6 2
319 587
1 13 2
299 437
1 14 2
44 536
1 10 2
44 402
1 14 2
176 338
1 9 2
179 522
1 4 2
312 482
1 16 2
573 594
1 6 2
125 554
1 6 2
182 675
1 13 2
116 517
1 16 2
412 682
1 9 2
241 672
1 14 2
53 695
1 8 2
110 284
1 15 2
619 668
1 8 2
341 440
1 7 2
425 495
1 11 2
233 651
1 7 2
206 503
1 11 2
94 390
1 5 2
200 652
1 14 2
96 663
1 7 2
205 263
1 7 2
204 318
1 8 2
41 61
1 8 2
564 628
1 15 2
525 684
1 2 2
229 471
1 11 2
33 186
1 18 2
407 486
1 17 2
263 366
1 8 2
172 286
1 14 2
159 503
1 5 2
577 584
1 15 2
149 546
1 11 2
163 338
1 8 2
306 567
1 13 2
254 464
1 6 2
155 585
1 15 2
609 654
1 6 2
107 198
1 5 2
515 687
1 14 2
27 622
1 8 2
53 168
1 12 2
41 464
1 17 2
441 594
1 6 2
262 482
1 13 2
46 381
1 15 2
347 647
1 15 2
372 607
1 18 2
247 619
1 11 2
313 376
1 7 2
30 578
1 15 2
23 235
1 9 2
522 554
1 7 2
27 413
1 11 2
245 428
1 12 2
278 646
1 11 2
90 192
1 14 2
286 323
1 20 2
564 645
1 9 2
307 564
1 7 2
380 417
1 14 2
245 292
1 12 2
488 645
1 9 2
109 167
1 14 2
355 446
1 11 2
111 685
1 12 2
420 639
1 10 2
343 572
1 15 2
339 407
1 7 2
324 476
1 4 2
295 618
1 17 2
197 472
1 6 2
242 655
1 12 2
237 462
1 14 2
359 681
1 17 2
96 381
1 12 2
412 464
1 10 2
221 574
1 12 2
185 570
1 7 2
513 677
1 15 2
27 606
1 7 2
52 338
1 20 2
564 637
1 13 2
123 364
1 9 2
600 677
1 7 2
158 346
1 15 2
139 260
1 16 2
173 609
1 10 2
249 532
1 8 2
109 605
1 12 2
239 542
1 12 2
317 343
1 9 2
154 470
1 17 2
90 562
1 9 2
109 617
1 11 2
280 399
1 11 2
248 585
1 3 2
174 405
1 9 2
264 281
1 5 2
437 524
1 8 2
31 252
1 6 2
370 676
1 5 2
192 689
1 12 2
187 349
1 18 2
339 606
1 14 2
88 144
1 14 2
159 492
1 12 2
451 535
1 9 2
35 100
1 9 2
406 524
1 16 2
593 681
1 6 2
620 693
1 17 2
351 422
1 16 2
448 579
1 14 2
591 592
1 11 2
617 638
1 5 2
46 529
1 6 2
206 389
1 5 2
178 432
1 12 2
100 144
1 12 2
46 454
1 3 2
11 157
1 9 2
238 587
1 10 2
123 254
1 6 2
59 582
1 14 2
441 649
1 3 2
308 692
1 8 2
241 668
1 9 2
394 484
1 15 2
288 568
1 5 2
415 588
1 9 2
252 429
1 13 2
258 678
1 11 2
240 466
1 8 2
115 329
1 16 2
383 536
1 5 2
400 429
1 4 2
10 605
1 8 2
17 385
1 12 2
55 494
1 10 2
502 654
1 9 2
184 508
1 8 2
508 645
1 11 2
331 681
1 6 2
193 456
1 8 2
288 419
1 11 2
123 209
1 17 2
218 223
1 7 2
499 506
1 18 2
361 632
1 5 2
590 692
1 13 2
37 203
1 3 2
409 471
1 12 2
340 492
1 7 2
335 530
1 8 2
2 513
1 5 2
210 648
1 8 2
15 461
1 11 2
366 555
1 5 2
182 274
1 14 2
257 339
1 18 2
247 494
1 8 2
602 693
1 10 2
285 339
1 5 2
188 400
1 8 2
65 581
1 11 2
675 685
1 5 2
39 216
1 5 2
101 156
1 10 2
262 451
1 9 2
116 288
1 14 2
255 321
1 16 2
144 434
1 15 2
118 594
1 12 2
189 470
1 11 2
519 630
1 9 2
427 455
1 17 2
410 644
1 13 2
669 683
1 6 2
264 277
1 14 2
23 283
1 10 2
2 674
1 11 2
235 343
1 15 2
499 503
1 15 2
63 431
1 17 2
399 594
1 5 2
185 487
1 7 2
375 511
1 14 2
271 423
1 20 2
173 258
1 12 2
546 583
1 12 2
219 384
1 6 2
328 403
1 10 2
495 658
1 12 2
354 693
1 13 2
255 441
1 4 2
490 651
1 10 2
75 335
1 12 2
470 570
1 5 2
291 532
1 13 2
110 146
1 7 2
242 685
1 6 2
402 678
1 10 2
440 526
1 14 2
93 258
1 2 2
506 635
1 8 2
7 161
