700 4200 2100
6 25 25 17 17 7 24 10 18 6 24 25 8 8 23 20 20 21 15 24 5 20 12 17 11 16 12 23 13 5 15 12 25 11 23 24 25 21 18 14 12 22 17 8 11 6 5 16 13 13 7 13 5 25 19 12 5 24 14 5 24 7 19 16 13 18 12 14 22 5 25 19 12 25 20 21 12 25 20 14 5 23 23 18 11 21 15 8 24 9 5 17 22 21 10 8 14 9 17 16 7 5 23 17 19 7 15 20 12 18 24 16 14 12 23 7 18 16 22 10 7 24 21 12 7 9 20 13 13 24 12 24 14 24 8 8 22 21 21 15 23 17 24 13 9 14 15 9 11 18 5 5 5 8 6 17 12 23 19 13 10 7 22 15 16 5 16 22 20 16 9 18 14 21 23 25 23 22 8 23 21 16 22 6 8 23 6 24 25 17 22 22 25 21 7 6 24 13 20 15 14 9 7 14 24 12 15 8 11 19 17 19 18 25 10 13 22 16 14 16 24 13 9 6 9 6 15 20 24 9 24 14 21 21 18 20 11 12 16 11 20 17 8 17 11 18 23 5 7 6 13 6 23 6 17 7 7 8 23 15 7 21 5 15 21 22 19 8 5 15 21 5 13 23 18 17 17 17 10 9 16 5 16 19 7 24 15 17 16 6 8 24 10 10 22 5 12 14 25 8 21 11 13 14 12 10 20 16 7 18 11 17 24 5 5 24 11 6 18 14 17 23 14 23 25 7 22 8 25 20 5 23 6 11 14 10 22 20 20 22 20 23 19 24 12 9 10 16 6 9 24 10 16 10 19 6 21 22 25 24 21 23 24 5 11 7 20 11 11 12 15 6 7 23 10 16 17 8 13 12 16 17 19 21 11 19 5 22 5 14 11 19 7 14 16 11 10 5 15 14 22 16 5 13 5 23 14 10 14 19 20 12 17 10 20 11 18 15 9 10 16 18 5 19 18 14 6 7 22 17 25 19 11 5 25 11 23 7 20 14 11 22 15 13 20 20 7 11 20 5 15 19 19 11 10 22 16 21 7 14 14 17 11 23 23 23 8 11 21 7 15 8 14 20 17 9 18 11 8 23 15 15 22 8 24 14 13 21 17 9 6 14 7 22 15 17 25 6 22 25 14 16 23 5 17 13 20 24 23 9 12 14 18 8 24 24 14 15 13 23 17 17 15 13 24 14 9 25 20 12 10 10 9 8 6 19 9 18 25 19 24 15 25 21 13 25 12 22 15 11 12 10 25 21 15 24 22 14 6 15 5 23 5 14 9 12 10 11 7 8 16 22 18 23 16 25 18 9 13 6 23 5 13 17 15 18 15 11 13 12 18 16 22 22 14 18 20 24 12 22 17 9 5 16 10 6 18 22 20 20 20 11 15 25 20 5 17 23 6 6 9 18 14 21 12 11 8 13 15 24 14 23 24 15 16 8 14 24 5 19 8 13 11 6 20 10 6 15 22 25 18 15 6 24 5 16 17 18 13 24 10 25 15 23 11 21 22 23 7 13 17 19 6 8 24 13 5 19 24 20 6 6 6 17 16 18 20 16 20 8 23 13 20 12 16 22 13 8 7 24
20 9 15 13 10 11 16 13 18 18 5 13 15 11 4 18 12 17 7 17 19 20 3 14 20 16 4 6 11 15 6 3 20 9 9 10 7 15 6 13 18 10 8 3 4 8 3 15 19 16 9 14 12 9 17 18 9 4 15 8 9 4 10 4 13 20 11 3 16 19 4 9 3 14 19 7 15 9 16 12 6 9 16 3 16 6 4 3 16 14 17 12 11 3 20 5 17 4 20 6 19 17 7 5 13 18 9 6 3 3 17 3 19 11 19 8 4 12 19 8 10 11 7 9 3 13 14 8 18 17 8 15 9 12 20 14 15 11 9 19 7 13 14 13 11 6 4 7 18 9 19 19 7 6 5 16 4 8 12 8 19 3 14 19 3 13 19 13 13 4 16 16 19 20 4 14 17 4 6 17 13 4 11 7 9 4 12 7 16 4 4 15 9 18 3 17 7 6 7 3 14 13 9 15 11 15 20 14 6 10 10 17 18 12 11 17 10 6 14 15 15 14 5 5 10 7 10 8 15 12 14 15 12 10 5 15 12 14 17 3 9 18 5 19 19 9 12 16 19 11 15 6 5 16 19 20 17 7 19 20 3 9 16 4 10 12 16 20 18 10 15 9 3 19 17 7 6 15 11 11 14 19 19 9 17 17 8 8 12 8 6 10 12 5 7 9 8 17 15 13 16 5 9 18 13 8 10 8 11 6 12 11 10 14 3 16 20 8 3 9 10 5 13 14 17 19 10 18 11 12 8 10 6 12 12 14 18 6 20 8 15 4 7 15 16 15 18 10 16 3 16 16 8 7 18 4 9 7 19 12 8 18 7 3 6 11 7 3 4 7 19 18 17 10 7 15 17 13 15 7 6 8 7 13 11 18 17 19 15 11 14 14 5 5 14 10 18 20 4 8 14 16 18 3 7 12 20 15 8 18 6 6 4 3 5 6 4 12 13 6 17 11 15 20 14 7 12 19 4 19 14 5 9 20 3 7 12 3 13 8 17 17 3 18 13 7 16 13 7 10 18 3 11 8 9 7 3 13 18 9 11 18 13 8 17 3 7 8 14 13 3 12 18 19 11 13 14 15 20 5 12 3 14 12 7 7 20 17 18 6 11 14 15 3 15 4 20 17 12 13 17 18 13 17 15 19 19 15 17 9 17 6 3 15 16 14 14 13 14 3 19 10 17 6 5 18 9 5 12 13 4 6 15 15 19 10 9 5 5 18 19 6 14 14 14 8 9 11 6 17 17 11 14 6 5 13 20 5 7 11 19 19 5 5 8 13 11 14 7 12 19 6 20 18 4 16 5 14 9 4 14 7 6 3 8 7 20 3 7 4 7 4 6 13 9 6 13 18 15 18 14 16 20 15 18 6 18 19 17 14 4 9 15 11 17 13 6 18 17 4 6 8 7 17 7 14 9 8 3 4 19 8 15 13 20 4 12 3 19 7 15 3 3 11 14 10 19 16 14 17 11 20 16 19 10 13 16 9 17 15 4 14 5 15 14 17 9 10 20 20 18 14 9 14 4 12 16 6 6 20 14 5 17 16 20 9 13 19 12 5 4 20 4 3 4 8 5 11 12 10
1 18 2
36 498
1 16 2
1 318
1 14 2
168 270
1 13 2
32 500
1 9 2
300 582
1 11 2
329 683
1 12 2
336 470
1 12 2
430 544
1 7 2
147 590
1 12 2
352 357
1 13 2
3 387
1 10 2
356 675
1 17 2
227 499
1 11 2
411 663
1 18 2
73 561
1 9 2
16 691
1 13 2
481 515
1 13 2
631 684
1 10 2
62 219
1 10 2
144 552
1 13 2
385 688
1 7 2
238 353
1 15 2
373 431
1 8 2
204 332
1 14 2
32 352
1 9 2
23 417
1 12 2
315 511
1 11 2
60 432
1 13 2
187 439
1 14 2
185 621
1 12 2
495 695
1 13 2
1 511
1 5 2
99 317
1 18 2
92 555
1 14 2
140 512
1 7 2
388 405
1 10 2
293 561
1 11 2
26 464
1 16 2
179 180
1 18 2
387 613
1 15 2
468 482
1 6 2
610 652
1 6 2
505 578
1 15 2
107 387
1 18 2
81 177
1 11 2
451 647
1 6 2
422 593
1 9 2
3 603
1 10 2
391 511
1 15 2
340 441
1 7 2
344 516
1 18 2
177 499
1 10 2
275 520
1 14 2
196 416
1 6 2
224 481
1 14 2
10 694
1 15 2
1 616
1 6 2
250 696
1 16 2
32 590
1 12 2
486 514
1 8 2
219 370
1 11 2
2 26
1 16 2
324 539
1 17 2
73 547
1 13 2
383 671
1 13 2
311 507
1 11 2
272 356
1 16 2
114 438
1 7 2
557 598
1 16 2
382 538
1 5 2
135 172
1 14 2
220 280
1 10 2
14 351
1 7 2
518 559
1 8 2
158 625
1 11 2
340 656
1 12 2
540 594
1 10 2
145 414
1 7 2
103 333
1 7 2
95 608
1 16 2
220 665
1 8 2
429 505
1 2 2
45 560
1 14 2
261 414
1 18 2
179 515
1 8 2
85 664
1 10 2
274 429
1 11 2
455 481
1 5 2
311 640
1 7 2
119 274
1 19 2
60 142
1 15 2
519 671
1 6 2
0 107
1 15 2
104 220
1 10 2
351 405
1 5 2
29 189
1 12 2
263 502
1 13 2
517 580
1 18 2
32 339
1 15 2
157 438
1 8 2
18 106
1 7 2
103 368
1 13 2
240 444
1 14 2
109 252
1 14 2
428 537
1 8 2
226 586
1 10 2
519 611
1 12 2
541 561
1 11 2
14 403
1 4 2
202 425
1 9 2
301 383
1 11 2
218 405
1 10 2
62 347
1 8 2
177 569
1 12 2
259 294
1 8 2
381 586
1 7 2
319 570
1 9 2
346 357
1 4 2
513 567
1 11 2
240 541
1 7 2
139 334
1 19 2
361 434
1 6 2
265 581
1 11 2
188 625
1 9 2
252 689
1 13 2
445 692
1 12 2
136 319
1 8 2
86 117
1 7 2
50 455
1 12 2
230 406
1 13 2
167 380
1 16 2
121 198
1 18 2
118 661
1 14 2
140 211
1 9 2
217 276
1 15 2
14 414
1 8 2
407 457
1 7 2
370 425
1 4 2
393 619
1 3 2
503 645
1 14 2
514 520
1 19 2
204 663
1 7 2
242 264
1 5 2
462 505
1 15 2
116 273
1 18 2
264 285
1 7 2
23 305
1 7 2
376 660
1 6 2
322 333
1 7 2
12 240
1 10 2
116 288
1 14 2
88 206
1 7 2
416 467
1 19 2
19 613
1 20 2
114 358
1 9 2
520 696
1 3 2
268 641
1 7 2
270 437
1 16 2
473 552
1 9 2
463 483
1 12 2
439 607
1 6 2
518 611
1 11 2
57 696
1 11 2
114 624
1 13 2
4 482
1 11 2
326 486
1 14 2
35 670
1 14 2
92 671
1 4 2
29 559
1 14 2
109 167
1 11 2
205 540
1 11 2
484 658
1 17 2
191 561
1 9 2
209 559
1 10 2
310 326
1 8 2
455 601
1 13 2
504 556
1 9 2
360 379
1 11 2
36 384
1 14 2
514 522
1 11 2
627 699
1 9 2
27 413
1 8 2
413 535
1 16 2
62 196
1 14 2
106 649
1 4 2
625 626
1 10 2
351 359
1 11 2
2 244
1 14 2
109 179
1 16 2
324 590
1 17 2
552 608
1 18 2
493 678
1 9 2
309 584
1 13 2
149 300
1 6 2
242 277
1 4 2
492 516
1 17 2
228 265
1 10 2
521 650
1 12 2
410 634
1 10 2
167 587
1 8 2
367 391
1 9 2
64 639
1 5 2
267 588
1 18 2
17 430
1 13 2
88 91
1 7 2
377 679
1 4 2
248 269
1 13 2
114 352
1 16 2
11 512
1 18 2
514 666
1 7 2
71 626
1 10 2
231 644
1 13 2
264 606
1 9 2
649 680
1 7 2
8 12
1 12 2
79 674
1 14 2
164 359
1 17 2
133 340
1 8 2
328 330
1 8 2
243 582
1 2 2
308 325
1 17 2
136 228
1 7 2
634 696
1 4 2
215 279
1 12 2
182 501
1 11 2
218 360
1 10 2
634 650
1 17 2
78 538
1 11 2
14 48
1 7 2
206 641
1 6 2
485 529
1 14 2
77 628
1 11 2
529 699
1 6 2
311 673
1 12 2
545 664
1 16 2
82 235
1 3 2
372 549
1 12 2
384 499
1 16 2
323 623
1 7 2
327 337
1 15 2
228 621
1 9 2
96 141
1 19 2
73 246
1 12 2
79 341
1 4 2
143 284
1 8 2
160 556
1 13 2
217 552
1 6 2
368 442
1 4 2
46 517
1 6 2
166 551
1 3 2
308 620
1 13 2
54 451
1 8 2
239 438
1 7 2
100 553
1 8 2
243 578
1 9 2
55 211
1 14 2
527 570
1 10 2
60 604
1 4 2
52 425
1 5 2
89 630
1 5 2
511 536
1 4 2
160 301
1 15 2
230 382
1 8 2
332 343
1 15 2
191 209
1 16 2
187 410
1 10 2
37 505
1 19 2
73 667
1 6 2
13 219
1 5 2
63 120
1 16 2
216 479
1 20 2
298 514
1 4 2
348 500
1 4 2
156 327
1 12 2
233 634
1 12 2
444 537
1 19 2
524 678
1 9 2
49 409
1 16 2
593 667
1 9 2
119 631
1 14 2
185 211
1 14 2
139 192
1 15 2
306 436
1 16 2
34 107
1 11 2
128 137
1 15 2
376 545
1 8 2
351 607
1 11 2
57 432
1 10 2
362 645
1 20 2
507 524
1 15 2
10 149
1 9 2
49 235
1 17 2
240 507
1 13 2
30 192
1 13 2
177 576
1 19 2
73 140
1 2 2
170 680
1 16 2
71 653
1 14 2
211 336
1 18 2
265 514
1 8 2
308 573
1 10 2
216 316
1 19 2
10 464
1 12 2
659 675
1 4 2
578 581
1 8 2
117 548
1 6 2
96 108
1 3 2
278 325
1 13 2
102 311
1 10 2
31 273
1 4 2
330 494
1 7 2
381 403
1 9 2
98 494
1 17 2
85 436
1 4 2
58 330
1 9 2
400 413
1 8 2
83 368
1 18 2
129 666
1 4 2
368 532
1 8 2
650 693
1 10 2
525 543
1 14 2
38 455
1 14 2
23 188
1 10 2
396 555
1 16 2
15 133
1 2 2
80 134
1 20 2
110 434
1 11 2
40 373
1 17 2
196 294
1 2 2
29 526
1 9 2
129 478
1 14 2
91 196
1 9 2
182 292
1 8 2
481 594
1 15 2
136 227
1 14 2
1 517
1 15 2
326 608
1 11 2
40 246
1 5 2
160 250
1 12 2
463 651
1 14 2
359 381
1 11 2
19 128
1 12 2
196 369
1 4 2
145 558
1 12 2
209 639
1 13 2
455 606
1 12 2
517 631
1 9 2
283 625
1 10 2
31 126
1 13 2
266 692
1 10 2
17 588
1 8 2
75 87
1 8 2
469 599
1 20 2
324 434
1 7 2
15 533
1 7 2
302 456
1 4 2
255 334
1 11 2
510 667
1 8 2
390 688
1 20 2
157 496
1 19 2
131 661
1 4 2
76 392
1 1 2
46 615
1 8 2
185 271
1 10 2
190 303
1 6 2
135 606
1 19 2
315 343
1 15 2
77 320
1 9 2
283 470
1 12 2
85 155
1 8 2
202 230
1 5 2
411 691
1 10 2
34 333
1 13 2
133 200
1 15 2
34 173
1 11 2
92 494
1 8 2
135 507
1 4 2
415 577
1 8 2
306 390
1 15 2
133 424
1 12 2
300 309
1 6 2
322 611
1 14 2
27 99
1 5 2
251 537
1 13 2
171 688
1 8 2
54 549
1 10 2
206 421
1 2 2
151 374
1 5 2
25 325
1 12 2
137 155
1 13 2
30 519
1 9 2
293 508
1 4 2
450 619
1 9 2
311 594
1 7 2
634 642
1 19 2
60 359
1 11 2
129 367
1 12 2
106 508
1 16 2
175 688
1 8 2
239 614
1 12 2
71 98
1 8 2
16 94
1 17 2
77 596
1 13 2
11 641
1 14 2
1 420
1 5 2
89 541
1 8 2
184 463
1 6 2
127 598
1 15 2
391 674
1 8 2
102 348
1 6 2
270 581
1 7 2
488 645
1 6 2
344 522
1 19 2
182 499
1 9 2
293 599
1 12 2
3 428
1 15 2
300 473
1 17 2
538 671
1 8 2
582 657
1 20 2
545 659
1 16 2
196 644
1 16 2
343 671
1 11 2
126 628
1 9 2
456 683
1 11 2
309 423
1 8 2
118 124
1 18 2
507 617
1 5 2
224 517
1 10 2
215 438
1 14 2
573 606
1 9 2
501 670
1 16 2
107 179
1 11 2
351 678
1 16 2
162 265
1 3 2
348 351
1 5 2
156 624
1 15 2
298 412
1 7 2
347 378
1 7 2
103 407
1 18 2
230 593
1 18 2
14 542
1 13 2
53 406
1 11 2
145 667
1 9 2
113 686
1 12 2
474 596
1 10 2
73 229
1 7 2
389 675
1 6 2
203 411
1 8 2
505 590
1 3 2
29 345
1 9 2
407 441
1 19 2
285 561
1 16 2
131 383
1 15 2
140 209
1 17 2
294 502
1 12 2
198 275
1 8 2
297 655
1 16 2
8 188
1 12 2
128 361
1 9 2
345 617
1 18 2
502 573
1 7 2
106 611
1 2 2
569 605
1 8 2
421 658
1 9 2
97 617
1 9 2
241 548
1 5 2
76 418
1 18 2
157 220
1 7 2
521 530
1 18 2
196 285
1 18 2
193 358
1 20 2
53 70
1 5 2
99 290
1 10 2
208 674
1 6 2
112 316
1 12 2
57 221
1 4 2
96 101
1 19 2
484 637
1 6 2
127 411
1 4 2
533 588
1 14 2
75 688
1 7 2
161 182
1 11 2
493 658
1 8 2
296 429
1 16 2
126 540
1 13 2
16 609
1 6 2
143 658
1 7 2
261 615
1 12 2
121 297
1 12 2
361 517
1 6 2
55 517
1 17 2
528 653
1 7 2
48 461
1 5 2
292 627
1 5 2
201 408
1 16 2
204 665
1 14 2
198 543
1 8 2
274 415
1 13 2
111 179
1 14 2
254 508
1 18 2
246 678
1 2 2
87 449
1 17 2
356 538
1 9 2
399 431
1 14 2
506 608
1 16 2
193 373
1 17 2
1 366
1 8 2
86 334
1 11 2
448 522
1 7 2
89 656
1 20 2
213 220
1 12 2
196 442
1 10 2
162 472
1 13 2
220 276
1 15 2
171 617
1 13 2
486 527
1 14 2
42 220
1 9 2
429 570
1 11 2
21 164
1 7 2
345 671
1 11 2
126 352
1 18 2
191 463
1 12 2
499 693
1 9 2
587 608
1 14 2
85 126
1 5 2
236 696
1 9 2
97 350
1 10 2
117 380
1 15 2
149 228
1 19 2
70 699
1 13 2
190 694
1 16 2
240 538
1 9 2
1 492
1 6 2
17 422
1 7 2
367 595
1 2 2
89 330
1 17 2
68 515
1 5 2
475 636
1 16 2
171 661
1 12 2
342 431
1 12 2
401 457
1 18 2
60 93
1 7 2
124 428
1 8 2
601 679
1 16 2
74 350
1 13 2
3 487
1 2 2
223 247
1 13 2
280 285
1 13 2
539 610
1 13 2
47 540
1 16 2
232 400
1 14 2
176 591
1 14 2
421 502
1 8 2
141 205
1 18 2
502 659
1 14 2
37 438
1 17 2
258 343
1 11 2
276 609
1 12 2
200 561
1 4 2
178 305
1 20 2
204 220
1 10 2
23 591
1 12 2
19 494
1 10 2
411 617
1 20 2
298 358
1 9 2
329 505
1 16 2
6 423
1 9 2
408 444
1 6 2
290 309
1 12 2
146 182
1 11 2
495 576
1 12 2
177 591
1 16 2
220 410
1 5 2
155 251
1 7 2
377 457
1 10 2
512 591
1 7 2
136 386
1 15 2
258 537
1 9 2
383 447
1 9 2
389 677
1 13 2
270 318
1 17 2
182 373
1 5 2
89 200
1 12 2
34 408
1 4 2
389 698
1 14 2
461 666
1 15 2
321 572
1 11 2
378 561
1 18 2
122 659
1 11 2
21 280
1 18 2
81 484
1 20 2
73 661
1 15 2
306 543
1 10 2
121 407
1 10 2
173 630
1 9 2
320 420
1 13 2
417 555
1 7 2
480 544
1 6 2
584 693
1 16 2
136 326
1 11 2
27 696
1 18 2
300 661
1 5 2
402 429
1 7 2
396 685
1 13 2
254 678
1 9 2
231 421
1 14 2
35 650
1 15 2
590 661
1 19 2
496 498
1 4 2
244 255
1 12 2
312 486
1 6 2
375 435
1 5 2
49 170
1 12 2
2 664
1 20 2
358 373
1 8 2
60 332
1 16 2
331 596
1 9 2
354 622
1 6 2
119 217
1 14 2
60 217
1 14 2
155 632
1 10 2
68 367
1 12 2
375 383
1 10 2
25 394
1 10 2
266 633
1 10 2
23 606
1 14 2
47 57
1 8 2
421 486
1 10 2
447 463
1 3 2
281 563
1 4 2
178 510
1 11 2
117 338
1 17 2
571 695
1 8 2
291 355
1 13 2
157 375
1 12 2
376 410
1 6 2
72 203
1 6 2
409 560
1 7 2
299 309
1 7 2
48 272
1 9 2
7 561
1 7 2
295 524
1 11 2
10 119
1 13 2
519 694
1 12 2
173 381
1 8 2
172 241
1 15 2
338 515
1 11 2
411 507
1 10 2
393 596
1 12 2
172 699
1 15 2
394 575
1 6 2
124 385
1 7 2
304 694
1 13 2
473 476
1 13 2
86 436
1 9 2
477 592
1 11 2
85 286
1 7 2
510 574
1 6 2
183 512
1 12 2
323 628
1 20 2
11 464
1 14 2
463 670
1 11 2
41 334
1 15 2
245 484
1 16 2
142 233
1 15 2
8 661
1 6 2
13 685
1 17 2
17 246
1 16 2
220 595
1 14 2
320 555
1 19 2
294 649
1 9 2
625 686
1 12 2
463 505
1 13 2
6 303
1 6 2
349 476
1 12 2
71 596
1 4 2
26 229
1 11 2
414 417
1 8 2
447 585
1 8 2
330 499
1 15 2
464 609
1 7 2
477 683
1 10 2
340 554
1 9 2
1 680
1 8 2
410 564
1 8 2
445 587
1 6 2
440 636
1 13 2
294 685
1 13 2
358 578
1 18 2
273 540
1 15 2
35 311
1 15 2
34 209
1 9 2
39 254
1 18 2
383 538
1 12 2
64 555
1 5 2
544 642
1 8 2
477 692
1 6 2
511 578
1 2 2
256 267
1 4 2
459 635
1 15 2
34 329
1 7 2
147 243
1 13 2
112 659
1 9 2
571 660
1 9 2
221 283
1 15 2
158 273
1 7 2
208 495
1 12 2
450 580
1 18 2
273 464
1 15 2
270 666
1 19 2
179 597
1 11 2
65 382
1 10 2
3 277
1 8 2
346 366
1 9 2
156 671
1 16 2
228 356
1 8 2
242 336
1 18 2
121 592
1 15 2
82 535
1 7 2
123 574
1 12 2
78 243
1 10 2
272 506
1 19 2
121 464
1 7 2
391 418
1 20 2
507 545
1 12 2
556 683
1 5 2
109 646
1 9 2
589 644
1 13 2
463 656
1 11 2
16 488
1 6 2
58 302
1 15 2
342 400
1 12 2
387 522
1 13 2
63 341
1 8 2
150 678
1 9 2
39 657
1 8 2
57 248
1 20 2
121 192
1 10 2
460 644
1 11 2
23 107
1 13 2
470 637
1 8 2
385 664
1 7 2
72 634
1 19 2
121 361
1 5 2
104 422
1 8 2
621 693
1 9 2
164 634
1 16 2
539 659
1 12 2
32 611
1 11 2
205 538
1 14 2
501 519
1 9 2
114 475
1 9 2
33 173
1 6 2
429 531
1 7 2
132 406
1 19 2
110 484
1 9 2
290 323
1 12 2
51 73
1 11 2
230 344
1 17 2
122 436
1 11 2
546 555
1 19 2
140 188
1 9 2
126 205
1 10 2
86 337
1 11 2
204 669
1 20 2
2 174
1 7 2
272 522
1 8 2
273 427
1 8 2
410 660
1 11 2
282 679
1 20 2
57 230
1 7 2
317 336
1 14 2
209 428
1 17 2
648 659
1 9 2
140 292
1 4 2
100 480
1 15 2
192 352
1 11 2
265 491
1 10 2
243 656
1 9 2
138 526
1 10 2
65 376
1 15 2
2 585
1 11 2
528 591
1 13 2
593 694
1 13 2
109 457
1 11 2
296 653
1 7 2
394 625
1 13 2
83 502
1 11 2
137 630
1 12 2
39 514
1 13 2
502 554
1 12 2
21 274
1 9 2
616 655
1 17 2
168 324
1 4 2
33 184
1 17 2
82 246
1 9 2
464 513
1 12 2
218 613
1 9 2
213 513
1 14 2
663 670
1 14 2
88 670
1 12 2
58 331
1 11 2
350 435
1 2 2
69 134
1 10 2
27 390
1 20 2
373 661
1 3 2
388 418
1 8 2
608 664
1 12 2
62 382
1 9 2
116 226
1 10 2
140 390
1 19 2
273 359
1 16 2
216 457
1 11 2
303 573
1 14 2
174 309
1 17 2
220 387
1 15 2
318 542
1 7 2
72 603
1 13 2
315 684
1 5 2
415 523
1 11 2
368 561
1 6 2
93 317
1 10 2
60 301
1 13 2
116 177
1 12 2
297 575
1 7 2
69 498
1 15 2
81 506
1 6 2
286 390
1 13 2
3 162
1 11 2
408 482
1 11 2
480 607
1 9 2
134 285
1 16 2
74 519
1 9 2
3 662
1 4 2
210 397
1 15 2
228 585
1 7 2
47 143
1 11 2
494 592
1 20 2
1 131
1 11 2
4 677
1 8 2
100 174
1 11 2
276 528
1 10 2
47 103
1 8 2
481 694
1 14 2
81 309
1 15 2
265 665
1 12 2
287 528
1 11 2
27 395
1 19 2
434 629
1 17 2
337 499
1 13 2
380 599
1 5 2
311 348
1 17 2
70 294
1 14 2
323 412
1 18 2
428 613
1 14 2
8 326
1 17 2
545 686
1 10 2
171 280
1 11 2
91 639
1 9 2
307 694
1 17 2
362 592
1 10 2
571 664
1 11 2
383 389
1 11 2
177 651
1 15 2
32 277
1 17 2
157 463
1 10 2
44 230
1 13 2
417 699
1 15 2
479 596
1 8 2
103 523
1 7 2
400 619
1 11 2
141 340
1 15 2
92 543
1 13 2
2 628
1 13 2
540 570
1 12 2
276 487
1 4 2
522 654
1 13 2
521 561
1 12 2
590 688
1 17 2
126 358
1 16 2
614 674
1 5 2
86 178
1 19 2
542 607
1 11 2
176 218
1 12 2
275 599
1 11 2
93 203
1 7 2
224 671
1 10 2
136 462
1 11 2
123 631
1 13 2
62 688
1 10 2
168 651
1 11 2
350 453
1 14 2
3 690
1 14 2
240 610
1 8 2
451 567
1 13 2
487 639
1 6 2
154 539
1 11 2
155 451
1 8 2
183 613
1 5 2
43 548
1 12 2
16 376
1 5 2
120 442
1 14 2
258 409
1 15 2
53 476
1 7 2
412 601
1 15 2
173 336
1 17 2
93 175
1 16 2
515 553
1 10 2
324 437
1 10 2
23 670
1 13 2
399 597
1 14 2
359 684
1 7 2
293 421
1 13 2
25 41
1 11 2
531 629
1 19 2
192 667
1 15 2
441 614
1 20 2
19 213
1 11 2
309 421
1 15 2
11 65
1 12 2
319 508
1 3 2
5 374
1 14 2
53 269
1 10 2
585 662
1 6 2
66 304
1 16 2
444 464
1 7 2
12 423
1 17 2
321 484
1 16 2
10 104
1 7 2
59 593
1 17 2
637 679
1 8 2
273 513
1 20 2
188 674
1 9 2
127 391
1 9 2
37 301
1 14 2
104 321
1 10 2
688 696
1 7 2
272 494
1 11 2
357 630
1 13 2
91 232
1 19 2
68 73
1 17 2
92 294
1 8 2
259 594
1 19 2
129 359
1 18 2
129 663
1 7 2
153 610
1 16 2
107 540
1 4 2
113 419
1 9 2
119 136
1 11 2
91 614
1 18 2
343 436
1 19 2
35 121
1 7 2
337 478
1 8 2
57 183
1 12 2
104 126
1 11 2
589 663
1 10 2
310 629
1 11 2
110 567
1 4 2
244 640
1 10 2
206 608
1 6 2
193 295
1 12 2
176 486
1 4 2
269 402
1 9 2
536 690
1 7 2
160 210
1 8 2
7 644
1 8 2
652 659
1 8 2
114 577
1 13 2
167 451
1 14 2
15 609
1 11 2
210 512
1 15 2
81 171
1 14 2
385 556
1 5 2
141 682
1 8 2
66 209
1 6 2
664 691
1 10 2
107 525
1 20 2
110 328
1 9 2
124 359
1 7 2
62 532
1 8 2
183 361
1 12 2
206 666
1 14 2
15 593
1 16 2
382 507
1 8 2
250 474
1 15 2
204 342
1 5 2
275 513
1 10 2
252 664
1 11 2
407 524
1 9 2
22 610
1 8 2
350 386
1 18 2
383 499
1 15 2
465 609
1 9 2
38 651
1 19 2
121 527
1 13 2
190 318
1 6 2
130 218
1 9 2
155 472
1 10 2
254 694
1 20 2
291 540
1 7 2
282 664
1 11 2
515 565
1 18 2
27 649
1 14 2
155 649
1 9 2
239 340
1 6 2
390 662
1 11 2
250 341
1 16 2
193 463
1 4 2
558 696
1 11 2
539 662
1 17 2
142 617
1 6 2
625 634
1 10 2
240 344
1 13 2
104 679
1 13 2
298 641
1 14 2
342 592
1 17 2
213 553
1 3 2
483 660
1 12 2
63 366
1 17 2
441 629
1 12 2
206 300
1 8 2
536 665
1 3 2
97 682
1 11 2
350 691
1 15 2
121 318
1 10 2
239 496
1 11 2
674 693
1 11 2
98 596
1 13 2
36 51
1 14 2
187 212
1 7 2
202 264
1 9 2
64 227
1 12 2
326 495
1 11 2
6 447
1 11 2
353 434
1 10 2
128 608
1 15 2
234 573
1 5 2
76 390
1 4 2
344 635
1 13 2
401 524
1 13 2
265 420
1 5 2
42 289
1 9 2
282 570
1 10 2
6 611
1 15 2
6 583
1 10 2
139 595
1 8 2
111 525
1 8 2
351 455
1 12 2
27 221
1 12 2
17 380
1 6 2
558 608
1 15 2
543 648
1 9 2
266 691
1 10 2
224 499
1 8 2
546 650
1 10 2
6 419
1 15 2
68 409
1 6 2
596 672
1 15 2
176 309
1 11 2
155 644
1 18 2
188 294
1 9 2
242 499
1 9 2
171 237
1 20 2
230 496
1 9 2
510 686
1 9 2
417 576
1 11 2
306 694
1 16 2
597 609
1 6 2
537 673
1 13 2
173 576
1 15 2
83 661
1 11 2
118 500
1 16 2
122 666
1 17 2
140 400
1 14 2
653 670
1 4 2
443 577
1 11 2
70 454
1 17 2
82 162
1 14 2
41 98
1 7 2
406 627
1 12 2
614 683
1 14 2
209 387
1 15 2
409 542
1 18 2
73 360
1 11 2
117 414
1 7 2
147 452
1 11 2
79 493
1 12 2
149 240
1 5 2
243 426
1 9 2
517 670
1 15 2
473 592
1 9 2
86 574
1 11 2
383 691
1 11 2
51 493
1 13 2
92 621
1 15 2
677 699
1 7 2
69 193
1 12 2
173 657
1 6 2
330 468
1 7 2
12 356
1 12 2
288 294
1 5 2
130 532
1 12 2
445 595
1 16 2
21 228
1 16 2
306 515
1 14 2
131 683
1 8 2
287 696
1 14 2
176 277
1 13 2
520 547
1 12 2
71 452
1 16 2
187 338
1 16 2
121 410
1 10 2
302 366
1 16 2
213 240
1 7 2
197 628
1 7 2
461 477
1 11 2
216 218
1 7 2
31 517
1 9 2
194 358
1 11 2
47 329
1 14 2
162 266
1 12 2
473 606
1 8 2
207 498
1 14 2
36 662
1 18 2
36 479
1 11 2
71 234
1 6 2
283 426
1 12 2
616 688
1 17 2
220 482
1 17 2
291 338
1 16 2
252 366
1 9 2
105 434
1 6 2
458 621
1 8 2
19 308
1 9 2
211 485
1 16 2
179 623
1 11 2
108 607
1 13 2
19 541
1 8 2
153 573
1 17 2
356 499
1 12 2
191 218
1 6 2
261 281
1 17 2
508 663
1 4 2
247 456
1 7 2
633 693
1 17 2
19 502
1 18 2
41 434
1 16 2
445 514
1 16 2
137 140
1 11 2
187 384
1 11 2
181 414
1 10 2
236 502
1 14 2
85 283
1 11 2
25 610
1 10 2
149 647
1 13 2
86 484
1 20 2
32 133
1 10 2
236 252
1 10 2
7 157
1 11 2
122 472
1 7 2
221 480
1 18 2
53 428
1 12 2
270 376
1 13 2
358 370
1 18 2
70 185
1 4 2
296 308
1 9 2
292 487
1 14 2
198 261
1 10 2
585 684
1 13 2
288 547
1 8 2
270 551
1 11 2
384 507
1 17 2
122 515
1 10 2
380 685
1 16 2
60 337
1 18 2
182 430
1 7 2
44 521
1 3 2
223 368
1 11 2
159 232
1 8 2
3 132
1 10 2
51 173
1 11 2
10 344
1 14 2
166 613
1 13 2
405 603
1 7 2
54 95
1 11 2
366 517
1 18 2
191 499
1 6 2
13 656
1 9 2
349 632
1 6 2
16 195
1 19 2
196 575
1 5 2
43 472
1 10 2
71 675
1 15 2
155 597
1 10 2
396 496
1 13 2
252 683
1 14 2
210 552
1 8 2
93 292
1 2 2
95 372
1 10 2
546 679
1 17 2
167 663
1 5 2
69 276
1 18 2
285 573
1 14 2
216 451
1 5 2
28 467
1 13 2
106 129
1 6 2
211 422
1 18 2
265 653
1 11 2
414 470
1 7 2
420 660
1 8 2
320 641
1 16 2
228 688
1 7 2
307 675
1 11 2
487 501
1 7 2
144 600
1 17 2
270 343
1 14 2
70 269
1 7 2
12 109
1 7 2
512 624
1 13 2
98 667
1 14 2
17 416
1 13 2
517 674
1 4 2
183 554
1 8 2
137 353
1 5 2
478 647
1 13 2
450 527
1 4 2
112 533
1 10 2
16 67
1 10 2
44 362
1 7 2
168 353
1 10 2
318 417
1 7 2
303 398
1 6 2
198 271
1 12 2
405 450
1 11 2
167 286
1 12 2
272 524
1 5 2
50 238
1 14 2
210 649
1 11 2
63 126
1 13 2
35 429
1 18 2
35 185
1 12 2
74 671
1 12 2
77 128
1 8 2
247 285
1 15 2
198 561
1 10 2
444 523
1 13 2
163 464
1 6 2
544 578
1 11 2
357 525
1 7 2
229 576
1 13 2
486 545
1 7 2
199 598
1 18 2
19 273
1 2 2
29 184
1 12 2
67 185
1 8 2
482 532
1 8 2
291 371
1 7 2
107 178
1 7 2
40 399
1 10 2
143 339
1 11 2
571 662
1 14 2
4 545
1 10 2
657 670
1 13 2
331 656
1 15 2
60 211
1 17 2
92 482
1 19 2
465 538
1 5 2
86 419
1 15 2
191 553
1 6 2
7 206
1 4 2
95 367
1 6 2
269 477
1 13 2
81 380
1 9 2
92 278
1 17 2
93 343
1 8 2
71 413
1 5 2
146 305
1 8 2
196 248
1 5 2
429 672
1 14 2
133 394
1 5 2
159 407
1 15 2
68 473
1 10 2
22 294
1 15 2
409 436
1 8 2
65 624
1 5 2
248 442
1 8 2
532 556
1 6 2
197 578
1 14 2
328 439
1 7 2
115 138
1 12 2
91 261
1 8 2
103 546
1 9 2
306 669
1 16 2
129 329
1 5 2
31 567
1 1 2
52 330
1 7 2
176 271
1 12 2
133 511
1 14 2
326 385
1 11 2
421 476
1 5 2
31 369
1 11 2
11 565
1 14 2
23 632
1 6 2
541 642
1 12 2
525 540
1 4 2
9 47
1 11 2
110 346
1 17 2
527 644
1 17 2
17 204
1 10 2
94 321
1 10 2
506 630
1 11 2
96 264
1 17 2
137 192
1 8 2
227 301
1 7 2
155 588
1 9 2
78 292
1 10 2
333 405
1 15 2
585 674
1 14 2
37 679
1 10 2
480 657
1 15 2
71 315
1 16 2
19 71
1 14 2
298 352
1 9 2
516 590
1 16 2
85 341
1 6 2
446 609
1 18 2
88 114
1 8 2
392 607
1 11 2
128 230
1 11 2
114 529
1 14 2
650 699
1 5 2
231 536
1 9 2
421 582
1 15 2
133 671
1 12 2
578 678
1 16 2
36 54
1 15 2
82 688
1 19 2
542 637
1 8 2
413 423
1 16 2
75 631
1 10 2
520 656
1 8 2
266 278
1 10 2
109 166
1 7 2
225 233
1 20 2
499 649
1 12 2
193 417
1 11 2
196 565
1 16 2
545 671
1 10 2
405 611
1 5 2
62 676
1 16 2
167 457
1 7 2
87 410
1 12 2
319 571
1 12 2
11 215
1 7 2
393 406
1 12 2
174 417
1 13 2
164 659
1 13 2
291 554
1 12 2
297 484
1 8 2
243 334
1 2 2
392 652
1 19 2
323 434
1 3 2
262 364
1 16 2
434 452
1 7 2
55 380
1 15 2
391 678
1 7 2
42 440
1 6 2
337 681
1 7 2
172 231
1 14 2
85 438
1 9 2
134 545
1 6 2
271 444
1 11 2
369 515
1 10 2
233 641
1 17 2
60 543
1 18 2
216 597
1 13 2
3 341
1 15 2
362 391
1 11 2
123 324
1 10 2
226 473
1 7 2
66 481
1 11 2
15 219
1 15 2
136 639
1 19 2
187 542
1 6 2
98 396
1 8 2
75 645
1 12 2
321 557
1 11 2
624 632
1 16 2
667 679
1 13 2
167 671
1 9 2
275 282
1 7 2
40 456
1 11 2
11 551
1 9 2
311 352
1 13 2
436 694
1 18 2
331 575
1 11 2
103 476
1 13 2
121 574
1 6 2
229 287
1 13 2
167 382
1 6 2
471 537
1 2 2
153 558
1 18 2
298 357
1 14 2
38 312
1 15 2
400 599
1 9 2
335 400
1 6 2
16 680
1 18 2
482 659
1 14 2
241 649
1 12 2
112 357
1 5 2
242 393
1 13 2
238 339
1 5 2
106 257
1 8 2
213 560
1 10 2
279 678
1 8 2
227 642
1 8 2
229 665
1 17 2
173 430
1 10 2
235 319
1 12 2
450 482
1 17 2
173 228
1 4 2
460 503
1 7 2
464 615
1 9 2
658 685
1 6 2
244 494
1 3 2
313 624
1 18 2
356 575
1 11 2
521 671
1 16 2
373 610
1 7 2
8 478
1 7 2
470 588
1 14 2
62 553
1 12 2
190 456
1 12 2
283 320
1 10 2
474 595
1 9 2
370 474
1 9 2
98 263
1 2 2
165 673
1 13 2
341 574
1 15 2
294 666
1 16 2
57 445
1 7 2
338 536
1 14 2
340 473
1 9 2
27 467
1 9 2
421 651
1 13 2
131 297
1 9 2
216 620
1 16 2
19 686
1 11 2
541 592
1 16 2
131 639
1 12 2
337 685
1 19 2
321 661
1 3 2
49 388
1 7 2
186 326
1 5 2
489 691
1 9 2
164 189
1 18 2
36 648
1 19 2
60 527
1 5 2
194 622
1 4 2
440 564
1 11 2
171 583
1 13 2
391 553
1 12 2
352 679
1 10 2
130 357
1 16 2
359 596
1 11 2
200 300
1 20 2
187 192
1 10 2
126 578
1 5 2
411 477
1 16 2
306 479
1 8 2
146 622
1 16 2
593 690
1 12 2
252 633
1 10 2
553 627
1 10 2
272 448
1 13 2
210 356
1 9 2
34 267
1 12 2
64 649
1 9 2
594 671
1 7 2
126 668
1 13 2
77 132
1 14 2
168 240
1 4 2
418 477
1 5 2
25 654
1 19 2
527 663
1 6 2
209 676
1 13 2
75 590
1 14 2
520 555
1 15 2
109 653
1 6 2
96 301
1 14 2
545 574
1 7 2
489 688
1 13 2
298 485
1 13 2
321 412
1 14 2
65 179
1 8 2
94 234
1 8 2
301 488
1 16 2
8 430
1 10 2
159 593
1 11 2
418 613
1 20 2
88 196
1 4 2
466 611
1 8 2
393 541
1 13 2
103 561
1 2 2
365 568
1 13 2
356 423
1 14 2
373 401
1 15 2
315 595
1 11 2
411 561
1 13 2
177 585
1 4 2
297 422
1 10 2
376 495
1 14 2
670 674
1 11 2
436 523
1 10 2
316 361
1 8 2
84 309
1 12 2
218 631
1 7 2
167 248
1 17 2
220 366
1 16 2
137 179
1 5 2
115 146
1 8 2
74 278
1 4 2
13 588
1 19 2
185 228
1 11 2
71 280
1 17 2
209 496
1 17 2
182 580
1 10 2
261 525
1 10 2
104 393
1 20 2
324 573
1 12 2
523 690
1 12 2
381 482
1 9 2
575 646
1 17 2
191 341
1 11 2
16 30
1 14 2
323 595
1 10 2
36 351
1 18 2
27 678
1 17 2
57 107
1 14 2
241 514
1 7 2
92 332
1 8 2
126 532
1 20 2
515 552
1 8 2
16 531
1 12 2
171 431
1 8 2
437 482
1 7 2
145 505
1 14 2
409 479
1 13 2
98 663
1 8 2
30 39
1 13 2
73 480
1 9 2
344 688
1 18 2
60 216
1 11 2
30 428
1 8 2
240 489
1 17 2
414 496
1 7 2
181 239
1 4 2
89 440
1 8 2
217 221
1 17 2
543 580
1 6 2
443 550
1 15 2
552 657
1 14 2
10 245
1 7 2
48 370
1 14 2
341 385
1 17 2
362 607
1 11 2
556 630
1 13 2
131 633
1 10 2
527 640
1 9 2
30 103
1 9 2
277 442
1 19 2
142 252
1 10 2
163 391
1 10 2
406 596
1 17 2
19 190
1 14 2
410 438
1 15 2
350 657
1 16 2
167 648
1 8 2
482 489
1 4 2
239 577
1 6 2
203 205
1 16 2
298 306
1 15 2
54 140
1 15 2
121 276
1 19 2
496 617
1 13 2
177 320
1 13 2
321 417
1 6 2
345 376
1 12 2
198 694
1 9 2
40 233
1 11 2
2 529
1 12 2
400 687
1 11 2
373 546
1 6 2
356 676
1 8 2
1 151
1 10 2
49 138
1 8 2
442 563
1 9 2
629 646
1 8 2
284 464
1 7 2
362 560
1 4 2
551 567
1 13 2
254 294
1 8 2
122 577
1 4 2
97 467
1 16 2
338 540
1 14 2
285 287
1 2 2
50 248
1 8 2
11 422
1 11 2
360 647
1 7 2
292 412
1 16 2
300 690
1 14 2
261 596
1 14 2
164 315
1 8 2
30 491
1 13 2
2 494
1 14 2
227 306
1 12 2
3 414
1 11 2
132 270
1 15 2
88 671
1 6 2
411 651
1 11 2
91 227
1 19 2
2 216
1 17 2
92 331
1 16 2
88 639
1 10 2
138 485
1 12 2
32 582
1 17 2
179 321
1 5 2
416 534
1 9 2
32 248
1 13 2
507 541
1 14 2
240 438
1 13 2
398 405
1 15 2
82 665
1 19 2
102 358
1 12 2
228 250
1 18 2
484 524
1 12 2
57 550
1 11 2
655 686
1 5 2
148 304
1 2 2
223 371
1 7 2
460 636
1 8 2
494 584
1 4 2
166 348
1 7 2
423 645
1 8 2
288 658
1 9 2
282 655
1 13 2
528 585
1 14 2
209 592
1 10 2
60 214
1 19 2
140 659
1 19 2
140 649
1 13 2
70 525
1 17 2
191 246
1 8 2
181 389
1 9 2
346 498
1 11 2
210 337
1 12 2
48 230
1 6 2
209 579
1 17 2
592 631
1 11 2
65 347
1 11 2
390 552
1 4 2
407 467
1 11 2
511 561
1 14 2
180 608
1 11 2
93 219
1 8 2
382 432
1 13 2
420 498
1 15 2
6 650
1 13 2
280 331
1 12 2
98 190
1 11 2
192 577
1 8 2
543 668
1 13 2
238 323
1 7 2
589 685
1 9 2
83 594
1 10 2
269 412
1 13 2
324 628
1 4 2
202 403
1 15 2
6 391
1 11 2
85 375
1 11 2
36 475
1 4 2
76 353
1 11 2
448 480
1 9 2
290 661
1 9 2
350 533
1 9 2
289 545
1 14 2
133 420
1 15 2
311 661
1 14 2
424 436
1 12 2
470 573
1 14 2
54 176
1 8 2
256 667
1 16 2
213 539
1 11 2
78 288
1 11 2
508 544
1 10 2
243 670
1 17 2
553 699
1 17 2
340 661
1 15 2
329 547
1 15 2
15 373
1 12 2
103 665
1 11 2
92 612
1 8 2
227 353
1 10 2
14 84
1 16 2
448 631
1 15 2
318 540
1 9 2
87 555
1 14 2
288 434
1 7 2
197 647
1 20 2
1 53
1 9 2
72 300
1 13 2
180 266
1 10 2
343 531
1 17 2
527 599
1 12 2
617 630
1 12 2
505 649
1 12 2
91 107
1 7 2
276 374
1 17 2
359 441
1 18 2
362 690
1 5 2
59 416
1 5 2
485 513
1 8 2
126 462
1 8 2
322 616
1 12 2
17 417
1 6 2
368 559
1 9 2
454 556
1 10 2
270 500
1 7 2
86 250
1 16 2
171 358
1 9 2
171 612
1 8 2
58 491
1 16 2
131 609
1 6 2
431 638
1 9 2
115 175
1 10 2
71 219
1 18 2
430 592
1 7 2
194 468
1 17 2
68 387
1 7 2
300 646
1 15 2
540 576
1 18 2
75 613
1 6 2
319 462
1 5 2
61 456
1 2 2
95 253
1 12 2
307 482
1 9 2
107 319
1 8 2
73 402
1 16 2
37 162
1 15 2
252 473
1 13 2
102 347
1 13 2
1 302
1 14 2
38 323
1 12 2
409 639
1 6 2
333 662
1 12 2
2 333
1 14 2
60 234
1 11 2
468 574
1 10 2
252 565
1 16 2
366 515
1 10 2
171 694
1 13 2
212 593
1 8 2
270 564
1 14 2
189 252
1 8 2
481 600
1 9 2
481 606
1 8 2
382 390
1 10 2
175 305
1 2 2
404 564
1 18 2
60 360
1 11 2
128 174
1 5 2
146 248
1 18 2
68 659
1 12 2
188 486
1 12 2
352 465
1 9 2
496 497
1 10 2
309 491
1 20 2
213 362
1 16 2
126 463
1 14 2
70 103
1 9 2
48 391
1 15 2
27 431
1 17 2
32 671
1 18 2
85 192
1 6 2
239 443
1 11 2
24 524
1 7 2
229 535
1 7 2
166 453
1 14 2
556 644
1 9 2
354 550
1 14 2
25 430
1 4 2
9 563
1 13 2
14 320
1 10 2
537 574
1 11 2
362 411
1 6 2
144 219
1 11 2
160 499
1 10 2
219 342
1 12 2
205 637
1 15 2
209 273
1 13 2
103 479
1 11 2
127 580
1 6 2
319 364
1 11 2
378 592
1 7 2
30 334
1 15 2
283 479
1 6 2
120 621
1 14 2
19 650
1 6 2
289 639
1 9 2
447 556
1 14 2
387 644
1 8 2
267 441
1 11 2
17 272
1 13 2
315 319
1 16 2
74 545
1 20 2
131 175
1 6 2
24 485
1 8 2
153 644
1 9 2
215 423
1 8 2
26 141
1 8 2
71 624
1 11 2
387 460
1 12 2
282 339
1 7 2
171 335
1 13 2
485 678
1 14 2
270 410
1 4 2
647 698
1 8 2
214 283
1 2 2
313 454
1 7 2
48 189
1 12 2
187 691
1 6 2
51 334
1 4 2
567 601
1 6 2
180 371
1 10 2
54 106
1 12 2
219 571
1 19 2
597 631
1 8 2
267 336
1 19 2
53 667
1 9 2
51 168
1 7 2
196 271
1 16 2
75 92
1 5 2
26 604
1 7 2
110 152
1 15 2
498 679
1 19 2
133 204
1 11 2
331 462
1 10 2
198 470
1 6 2
21 605
1 7 2
492 593
1 12 2
68 522
1 12 2
243 356
1 20 2
11 230
1 10 2
128 138
1 11 2
40 661
1 9 2
352 406
1 6 2
144 537
1 16 2
573 609
1 9 2
144 294
1 7 2
74 144
1 8 2
415 679
1 12 2
662 666
1 17 2
498 667
1 7 2
18 693
1 16 2
473 502
1 17 2
182 185
1 19 2
315 617
1 5 2
44 664
1 19 2
35 187
1 19 2
60 674
1 12 2
300 554
1 8 2
18 511
1 14 2
245 597
1 5 2
98 568
1 16 2
126 617
1 18 2
216 555
1 14 2
507 583
1 4 2
207 485
1 15 2
264 463
1 10 2
55 167
1 18 2
405 484
1 5 2
475 486
1 16 2
116 358
1 9 2
62 554
1 7 2
445 577
1 13 2
451 639
1 10 2
84 561
1 7 2
392 441
1 10 2
349 350
1 14 2
380 659
1 10 2
377 499
1 10 2
221 648
1 12 2
482 520
1 20 2
315 324
1 18 2
85 88
1 4 2
18 363
1 20 2
73 597
1 13 2
323 488
1 8 2
333 354
1 11 2
57 113
1 14 2
357 576
1 12 2
149 608
1 4 2
186 472
1 9 2
291 345
1 7 2
203 398
1 3 2
31 646
1 20 2
10 496
1 8 2
272 535
1 19 2
464 545
1 16 2
10 692
1 11 2
428 459
1 8 2
267 498
1 6 2
26 286
1 5 2
651 673
1 5 2
509 582
1 14 2
19 488
1 7 2
143 684
1 8 2
40 254
1 10 2
54 459
1 12 2
272 405
1 13 2
117 508
1 12 2
356 520
1 11 2
15 495
1 7 2
33 495
1 9 2
84 264
1 4 2
278 529
1 10 2
576 651
1 12 2
405 584
1 12 2
191 254
1 16 2
34 93
1 8 2
353 547
1 11 2
44 358
1 9 2
477 665
1 10 2
410 522
1 7 2
586 691
1 9 2
396 465
1 8 2
223 678
1 17 2
527 535
1 8 2
252 446
1 18 2
502 637
1 6 2
221 567
1 10 2
81 148
1 7 2
214 307
1 17 2
400 436
1 3 2
69 425
1 8 2
99 200
1 13 2
219 336
1 15 2
234 524
1 20 2
515 527
1 9 2
60 471
1 8 2
156 429
1 8 2
81 533
1 9 2
147 328
1 11 2
75 375
1 10 2
275 420
1 15 2
78 441
1 16 2
102 180
1 10 2
19 160
1 10 2
77 513
1 2 2
668 681
1 10 2
33 273
1 16 2
68 457
1 11 2
441 662
1 9 2
612 656
1 13 2
280 321
1 10 2
209 612
1 17 2
414 499
1 12 2
27 226
1 15 2
179 679
1 11 2
329 380
1 10 2
211 655
1 7 2
26 424
1 12 2
64 291
1 13 2
83 593
1 17 2
338 649
1 4 2
404 425
1 8 2
479 490
1 11 2
387 425
1 14 2
116 142
1 17 2
137 350
1 11 2
10 55
1 14 2
141 341
1 9 2
587 639
1 12 2
28 617
1 11 2
131 447
1 11 2
322 609
1 9 2
158 459
1 4 2
134 221
1 16 2
597 679
1 14 2
246 656
1 18 2
37 88
1 17 2
92 515
1 16 2
258 383
1 17 2
438 538
1 10 2
155 375
1 9 2
310 608
1 6 2
289 572
1 18 2
441 597
1 10 2
391 548
1 12 2
647 653
1 8 2
259 548
1 10 2
107 486
1 15 2
4 32
1 7 2
396 687
1 14 2
309 400
1 13 2
501 648
1 18 2
133 580
1 12 2
132 323
1 11 2
104 670
1 6 2
288 483
1 16 2
527 539
1 10 2
334 543
1 10 2
231 610
1 15 2
306 464
1 15 2
11 243
1 12 2
114 525
1 17 2
493 519
1 11 2
92 559
1 17 2
140 631
1 6 2
113 563
1 8 2
10 646
1 15 2
16 629
1 11 2
104 488
1 17 2
14 436
1 8 2
480 481
1 7 2
308 383
1 5 2
237 310
1 6 2
242 520
1 12 2
288 543
1 14 2
275 545
1 8 2
317 552
1 17 2
37 538
1 10 2
495 583
1 7 2
489 623
1 14 2
554 659
1 15 2
114 448
1 19 2
11 343
1 15 2
354 479
1 15 2
136 438
1 19 2
187 484
1 13 2
8 487
1 8 2
417 647
1 20 2
70 464
1 13 2
177 501
1 14 2
597 600
1 15 2
34 171
1 16 2
359 473
1 3 2
295 691
1 17 2
93 358
1 5 2
89 584
1 10 2
679 696
1 9 2
161 674
1 19 2
285 649
1 15 2
416 663
1 5 2
127 483
1 14 2
233 473
1 11 2
197 326
1 12 2
630 632
1 20 2
32 175
1 10 2
510 599
1 6 2
51 297
1 14 2
21 173
1 6 2
207 416
1 14 2
480 496
1 9 2
3 288
1 7 2
198 646
1 10 2
123 543
1 9 2
212 612
1 18 2
468 527
1 9 2
279 383
1 9 2
114 407
1 7 2
154 190
1 11 2
380 614
1 14 2
476 699
1 11 2
417 556
1 9 2
141 146
1 18 2
180 298
1 17 2
2 75
1 11 2
173 491
1 2 2
242 260
1 17 2
6 482
1 10 2
309 417
1 7 2
219 642
1 10 2
693 695
1 3 2
225 551
1 8 2
158 208
1 8 2
595 611
1 13 2
53 525
1 13 2
617 694
1 7 2
211 626
1 8 2
92 526
1 8 2
311 641
1 9 2
263 429
1 17 2
176 428
1 15 2
266 361
1 10 2
79 543
1 14 2
41 337
1 9 2
299 498
1 7 2
510 636
1 5 2
194 650
1 9 2
416 658
1 12 2
78 585
1 18 2
68 575
1 8 2
308 326
1 3 2
183 415
1 8 2
258 446
1 11 2
590 657
1 11 2
496 693
1 12 2
10 18
1 10 2
65 557
1 17 2
623 699
1 6 2
316 470
1 17 2
167 580
1 14 2
121 476
1 7 2
71 147
1 20 2
496 514
1 20 2
32 140
1 19 2
331 545
1 15 2
493 686
1 14 2
306 428
1 14 2
86 133
1 15 2
235 561
1 14 2
68 448
1 12 2
252 406
1 12 2
217 356
1 16 2
519 688
1 6 2
124 423
1 10 2
235 425
1 15 2
414 667
1 12 2
42 137
1 16 2
361 487
1 7 2
550 590
1 11 2
40 162
1 10 2
82 550
1 9 2
117 628
1 9 2
263 488
1 10 2
238 416
1 8 2
229 553
1 8 2
181 206
1 16 2
357 464
1 12 2
542 578
1 7 2
309 467
1 5 2
26 587
1 17 2
137 678
1 6 2
106 214
1 7 2
226 237
1 15 2
273 283
1 15 2
122 571
1 11 2
324 566
1 8 2
488 578
1 19 2
36 508
1 17 2
177 258
1 10 2
382 525
1 11 2
24 434
1 12 2
19 39
1 16 2
107 552
1 13 2
359 570
1 18 2
114 430
1 7 2
217 374
1 13 2
21 245
1 16 2
227 575
1 12 2
15 456
1 5 2
335 565
1 4 2
272 581
1 6 2
257 274
1 15 2
423 666
1 14 2
109 573
1 9 2
346 360
1 12 2
516 666
1 12 2
245 423
1 7 2
160 277
1 20 2
298 637
1 7 2
336 568
1 7 2
63 197
1 20 2
70 661
1 7 2
207 391
1 9 2
91 206
1 10 2
306 411
1 14 2
441 528
1 11 2
157 563
1 18 2
362 468
1 17 2
357 430
1 8 2
279 644
1 5 2
449 634
1 15 2
329 663
1 7 2
151 273
1 18 2
177 527
1 17 2
136 176
1 6 2
214 472
1 12 2
113 324
1 9 2
130 261
1 19 2
649 678
1 6 2
3 327
1 14 2
23 507
1 19 2
298 571
1 8 2
323 532
1 9 2
145 451
1 7 2
83 660
1 7 2
268 457
1 15 2
463 608
1 9 2
65 96
1 12 2
73 221
1 18 2
508 545
1 10 2
282 621
1 8 2
467 677
1 8 2
559 628
1 17 2
264 661
1 3 2
214 422
1 10 2
319 607
1 13 2
438 535
1 13 2
182 347
1 13 2
8 232
1 15 2
476 678
1 15 2
212 228
1 9 2
167 418
1 9 2
254 603
1 13 2
169 350
1 5 2
332 616
1 10 2
319 410
1 6 2
414 681
1 13 2
157 288
1 11 2
243 274
1 8 2
76 431
1 8 2
470 522
1 8 2
116 310
1 12 2
131 406
1 7 2
261 569
1 11 2
40 527
1 14 2
233 553
1 9 2
508 536
1 7 2
420 693
1 14 2
162 235
1 17 2
41 57
1 16 2
136 573
1 9 2
94 122
1 13 2
252 554
1 15 2
191 383
1 8 2
289 661
1 17 2
360 597
1 13 2
157 461
1 8 2
37 184
1 7 2
474 567
1 11 2
156 343
1 7 2
195 547
1 11 2
261 307
1 13 2
309 383
1 14 2
328 687
1 3 2
184 475
1 16 2
192 385
1 15 2
438 571
1 8 2
283 344
1 12 2
91 556
1 11 2
177 486
1 8 2
86 238
1 11 2
600 679
1 8 2
82 95
1 18 2
36 400
1 8 2
113 590
1 7 2
306 564
1 11 2
357 622
1 9 2
395 623
1 17 2
175 235
1 10 2
385 517
1 11 2
132 373
1 8 2
123 155
1 7 2
59 204
1 17 2
464 667
1 4 2
268 557
1 18 2
519 540
1 10 2
72 338
1 9 2
316 666
1 9 2
180 244
1 12 2
146 405
1 4 2
72 257
1 8 2
389 516
1 10 2
102 549
1 18 2
336 343
1 7 2
33 600
1 12 2
198 423
1 11 2
409 683
1 16 2
54 359
1 13 2
421 667
1 13 2
468 528
1 12 2
303 648
1 11 2
250 592
1 20 2
430 629
1 9 2
267 637
1 12 2
65 245
1 11 2
185 369
1 8 2
505 656
1 14 2
190 474
1 7 2
108 651
1 10 2
498 529
1 11 2
347 444
1 14 2
14 23
1 13 2
93 452
1 14 2
218 434
1 7 2
116 305
1 15 2
118 506
1 5 2
490 539
1 9 2
125 220
1 19 2
57 430
1 19 2
175 339
1 19 2
14 613
1 5 2
218 564
1 17 2
191 695
1 5 2
33 303
1 15 2
122 177
1 5 2
407 460
1 9 2
261 565
1 3 2
24 365
1 5 2
245 317
1 7 2
34 668
1 13 2
648 650
1 18 2
357 649
1 8 2
633 636
1 12 2
274 431
1 7 2
193 605
1 4 2
466 486
1 10 2
31 294
1 13 2
573 656
1 6 2
199 645
1 9 2
353 593
1 9 2
301 400
1 10 2
239 573
1 10 2
550 631
1 11 2
190 389
1 7 2
130 590
1 14 2
233 539
1 7 2
267 685
1 7 2
262 465
1 10 2
83 181
1 9 2
30 381
1 12 2
71 149
1 8 2
95 540
1 10 2
333 400
1 11 2
68 459
1 14 2
62 617
1 9 2
63 226
1 8 2
197 572
1 4 2
31 620
1 15 2
416 545
1 10 2
519 530
1 8 2
59 121
1 17 2
74 499
1 16 2
157 593
1 5 2
156 611
1 16 2
122 246
1 16 2
527 679
1 13 2
538 691
1 11 2
17 584
1 12 2
6 658
1 14 2
168 468
1 13 2
117 555
1 7 2
64 588
1 14 2
70 488
1 12 2
280 410
1 14 2
326 576
1 9 2
24 610
1 16 2
515 644
1 7 2
394 582
1 15 2
16 561
1 18 2
258 321
1 9 2
147 177
1 13 2
456 573
1 8 2
104 128
1 10 2
382 563
1 8 2
269 584
1 9 2
177 368
1 6 2
275 536
1 15 2
336 385
1 13 2
405 612
1 14 2
169 230
1 11 2
173 282
1 4 2
31 207
1 11 2
44 315
1 17 2
571 629
1 14 2
114 149
1 10 2
49 216
1 10 2
102 384
1 12 2
172 507
1 7 2
151 193
1 3 2
40 646
1 8 2
154 176
1 13 2
233 474
1 9 2
438 486
1 5 2
51 551
1 14 2
228 683
1 5 2
108 333
1 9 2
259 694
1 9 2
236 436
1 14 2
515 590
1 10 2
48 240
1 10 2
74 259
1 13 2
118 275
1 17 2
300 519
1 11 2
126 370
1 18 2
179 405
1 7 2
345 685
1 9 2
164 181
1 17 2
27 285
1 8 2
3 197
1 16 2
573 610
1 12 2
300 347
1 9 2
64 451
1 9 2
12 515
1 12 2
19 86
1 14 2
179 429
1 9 2
109 641
1 8 2
675 687
1 14 2
300 677
1 13 2
103 252
1 8 2
28 461
1 11 2
179 378
1 15 2
187 243
1 19 2
358 359
1 7 2
265 652
1 6 2
418 584
1 6 2
7 63
1 18 2
162 362
1 14 2
102 189
1 11 2
191 439
1 6 2
87 412
1 5 2
197 693
1 8 2
398 559
1 9 2
357 566
1 6 2
218 351
1 5 2
144 522
1 11 2
199 356
1 11 2
208 575
1 8 2
464 533
1 9 2
116 612
1 12 2
340 537
1 7 2
626 679
1 12 2
361 380
1 13 2
1 48
1 10 2
366 460
1 8 2
689 695
1 8 2
308 519
1 9 2
366 550
1 12 2
420 623
1 14 2
126 487
1 16 2
140 233
1 16 2
157 644
1 8 2
256 373
1 16 2
74 484
1 8 2
329 454
1 10 2
323 415
1 12 2
192 630
1 6 2
574 604
1 9 2
311 450
1 13 2
193 610
1 6 2
392 600
1 16 2
17 508
1 15 2
665 666
1 13 2
137 595
1 10 2
2 530
1 13 2
328 563
1 8 2
178 180
1 20 2
2 362
1 15 2
60 512
1 11 2
217 266
1 14 2
104 338
1 14 2
193 445
1 12 2
169 464
1 10 2
347 461
1 6 2
303 435
1 9 2
130 639
1 12 2
196 439
1 7 2
208 554
1 3 2
29 379
1 9 2
92 346
1 6 2
135 243
1 18 2
60 182
1 15 2
265 692
1 14 2
234 252
1 9 2
277 687
1 18 2
484 648
1 16 2
573 692
1 12 2
93 171
1 8 2
36 558
1 7 2
417 491
1 10 2
438 622
1 13 2
196 662
1 9 2
432 479
1 11 2
297 607
1 9 2
70 492
1 7 2
150 561
1 14 2
6 109
1 9 2
65 205
1 15 2
70 116
1 8 2
62 435
1 7 2
47 384
1 8 2
6 249
1 15 2
596 666
1 9 2
94 182
1 8 2
51 347
1 3 2
113 682
1 18 2
343 653
1 10 2
292 430
1 17 2
2 270
1 13 2
633 699
1 16 2
19 535
1 7 2
287 369
1 19 2
185 187
1 7 2
199 319
1 11 2
548 692
1 14 2
8 92
1 18 2
27 341
1 17 2
340 542
1 19 2
175 597
1 5 2
221 290
1 5 2
407 625
1 8 2
97 543
1 15 2
114 138
1 9 2
464 601
1 15 2
217 324
1 6 2
72 403
1 7 2
122 426
1 9 2
519 697
1 14 2
400 424
1 9 2
307 570
1 6 2
237 541
1 11 2
78 570
1 4 2
66 466
1 10 2
39 306
1 16 2
580 614
1 10 2
68 172
1 9 2
83 582
1 7 2
172 516
1 15 2
444 607
1 11 2
82 529
1 13 2
58 315
1 13 2
321 559
1 18 2
324 610
1 4 2
248 505
1 13 2
187 280
1 14 2
666 671
1 10 2
92 565
1 14 2
42 575
1 13 2
246 495
1 20 2
129 484
1 8 2
248 258
1 5 2
108 310
1 14 2
211 508
1 12 2
185 200
1 4 2
544 626
1 9 2
428 551
1 7 2
40 417
1 18 2
613 663
1 14 2
524 537
1 5 2
144 282
1 15 2
252 409
1 20 2
175 629
1 10 2
309 456
1 10 2
322 410
1 8 2
149 297
1 9 2
156 438
1 18 2
258 400
1 4 2
145 668
1 7 2
62 587
1 14 2
32 412
1 15 2
73 574
1 4 2
363 633
1 13 2
342 457
1 6 2
313 644
1 9 2
180 467
1 13 2
187 655
1 14 2
306 414
1 16 2
423 527
1 6 2
52 547
1 15 2
324 394
1 4 2
64 365
1 14 2
436 576
1 15 2
342 667
1 13 2
401 653
1 6 2
418 574
1 19 2
434 617
1 14 2
464 474
1 8 2
280 628
1 15 2
68 609
1 8 2
243 516
1 4 2
112 256
1 11 2
98 409
1 11 2
180 662
1 3 2
290 349
1 8 2
492 561
1 14 2
171 540
1 16 2
82 356
1 4 2
124 146
1 18 2
175 428
1 17 2
629 695
1 17 2
93 362
1 14 2
157 656
1 12 2
157 408
1 12 2
593 628
1 12 2
328 467
1 11 2
44 661
1 6 2
170 442
1 9 2
118 351
1 14 2
291 616
1 12 2
286 479
1 18 2
10 92
1 12 2
93 621
1 13 2
193 535
1 12 2
463 481
1 10 2
86 416
1 8 2
339 454
1 7 2
203 589
1 11 2
17 491
1 7 2
116 229
1 7 2
167 533
1 20 2
70 629
1 16 2
93 136
1 7 2
50 191
1 10 2
8 352
1 14 2
60 277
1 15 2
133 621
1 14 2
416 597
1 13 2
488 498
1 11 2
63 614
1 10 2
130 204
1 15 2
141 496
1 13 2
455 600
1 14 2
312 412
1 10 2
296 561
1 11 2
283 576
1 18 2
157 373
1 16 2
298 685
1 15 2
11 420
1 6 2
96 505
1 18 2
53 482
1 18 2
321 561
1 13 2
498 520
1 9 2
500 657
1 8 2
469 498
1 12 2
163 265
1 8 2
95 326
1 10 2
357 578
1 10 2
351 362
1 12 2
93 103
1 20 2
507 527
1 17 2
6 695
1 14 2
191 283
1 8 2
95 193
1 13 2
164 326
1 9 2
573 660
1 12 2
362 486
1 16 2
16 479
1 6 2
280 477
1 11 2
60 395
1 9 2
49 329
1 8 2
244 535
1 13 2
303 430
1 11 2
7 36
1 8 2
365 373
1 17 2
188 543
1 12 2
64 228
1 17 2
1 692
1 10 2
204 413
1 4 2
239 536
1 8 2
627 694
1 11 2
414 603
1 11 2
552 660
1 14 2
514 583
1 17 2
350 614
1 8 2
221 238
1 16 2
455 519
1 8 2
362 433
1 17 2
34 356
1 5 2
245 271
1 15 2
93 216
1 3 2
390 676
1 5 2
86 418
1 16 2
179 498
1 20 2
285 542
1 10 2
16 443
1 15 2
191 306
1 4 2
231 497
1 8 2
213 314
1 5 2
305 691
1 7 2
199 565
1 7 2
541 588
1 18 2
136 659
1 11 2
329 352
1 9 2
380 398
1 7 2
302 594
1 8 2
451 462
1 16 2
193 312
1 15 2
63 188
1 10 2
445 588
1 8 2
476 505
1 13 2
129 651
1 11 2
234 537
1 9 2
118 244
1 7 2
161 556
1 8 2
44 85
1 8 2
3 432
1 9 2
434 605
1 13 2
116 623
1 5 2
160 567
1 5 2
554 601
1 13 2
476 573
1 14 2
380 540
1 7 2
189 415
1 20 2
228 507
1 7 2
143 146
1 10 2
39 686
1 15 2
275 678
1 8 2
3 40
1 9 2
30 210
1 17 2
383 515
1 8 2
115 140
1 13 2
185 219
1 5 2
439 689
1 19 2
182 613
1 16 2
341 648
1 12 2
574 599
1 14 2
265 276
1 18 2
228 515
1 4 2
186 630
1 16 2
473 663
1 9 2
293 573
1 12 2
174 485
1 12 2
428 670
1 19 2
175 547
1 8 2
183 196
1 8 2
582 639
1 18 2
261 699
1 8 2
394 584
1 18 2
498 678
1 2 2
224 682
1 5 2
302 396
1 11 2
58 502
1 15 2
574 649
1 3 2
207 513
1 8 2
16 642
1 11 2
19 578
1 19 2
121 496
1 13 2
336 461
1 14 2
142 603
1 4 2
437 450
1 9 2
146 595
1 4 2
195 425
1 10 2
296 519
1 8 2
97 607
1 10 2
49 441
1 13 2
177 212
1 9 2
60 327
1 10 2
464 642
1 8 2
54 467
1 8 2
356 601
1 10 2
18 180
1 16 2
54 545
1 5 2
124 662
1 12 2
291 472
1 11 2
3 340
1 8 2
182 533
1 10 2
219 409
1 9 2
396 663
1 12 2
68 259
1 10 2
86 366
1 4 2
308 491
1 7 2
191 427
1 19 2
629 653
1 9 2
354 378
1 7 2
397 571
1 14 2
36 461
1 4 2
89 587
1 13 2
2 163
1 14 2
193 410
1 14 2
445 457
1 14 2
291 585
1 17 2
561 580
1 16 2
81 665
1 13 2
38 93
1 16 2
32 54
1 10 2
21 269
1 6 2
159 395
1 5 2
223 429
1 16 2
27 498
1 9 2
141 662
1 14 2
65 321
1 11 2
312 316
1 11 2
347 445
1 16 2
261 339
1 7 2
198 345
1 13 2
259 632
1 13 2
212 528
1 16 2
326 665
1 8 2
384 535
1 13 2
382 644
1 10 2
192 290
1 9 2
97 519
1 8 2
34 392
1 18 2
464 637
1 18 2
514 580
1 11 2
264 485
1 8 2
475 648
1 11 2
436 627
1 5 2
242 481
1 6 2
66 389
1 14 2
495 507
1 9 2
37 395
1 7 2
172 406
1 6 2
155 536
1 10 2
358 532
1 9 2
145 209
1 10 2
439 448
1 12 2
563 659
1 17 2
32 444
1 14 2
182 685
1 17 2
131 695
1 14 2
129 494
1 12 2
48 552
1 5 2
501 698
1 8 2
279 556
1 13 2
73 206
1 8 2
533 614
1 19 2
70 493
1 7 2
22 517
1 16 2
104 131
1 9 2
103 481
1 8 2
260 400
1 13 2
298 612
1 19 2
514 561
1 10 2
340 594
1 15 2
444 631
1 5 2
470 689
1 9 2
76 528
1 12 2
294 591
1 6 2
63 566
1 6 2
260 495
1 15 2
350 576
1 14 2
661 687
1 13 2
164 174
1 6 2
28 51
1 18 2
323 484
1 18 2
213 457
1 3 2
325 601
1 19 2
121 187
1 19 2
142 323
1 16 2
240 464
1 9 2
134 350
1 12 2
270 537
1 11 2
254 539
1 14 2
264 416
1 15 2
276 545
1 14 2
21 168
1 8 2
246 371
1 14 2
382 623
1 8 2
505 554
1 14 2
174 590
1 11 2
445 559
1 16 2
2 198
1 13 2
174 647
1 9 2
83 481
1 12 2
310 613
1 9 2
92 279
1 7 2
495 587
1 16 2
383 573
1 14 2
385 428
1 13 2
81 470
1 7 2
665 673
1 5 2
219 426
1 9 2
300 567
1 11 2
11 278
1 12 2
226 514
1 3 2
260 697
1 5 2
46 337
1 16 2
473 678
1 8 2
424 550
1 12 2
191 459
1 8 2
146 491
1 6 2
215 485
1 4 2
559 581
1 5 2
59 614
1 13 2
459 545
1 12 2
19 658
1 12 2
417 436
1 12 2
521 553
1 14 2
162 539
1 14 2
93 356
1 16 2
283 667
1 10 2
114 148
1 13 2
181 666
1 14 2
168 409
1 16 2
85 179
1 16 2
2 473
1 14 2
77 684
1 10 2
148 465
1 9 2
242 678
1 19 2
110 187
1 3 2
533 536
1 10 2
211 319
1 16 2
15 228
1 13 2
474 519
1 12 2
65 104
1 7 2
118 386
1 2 2
183 426
1 9 2
160 400
1 11 2
55 273
1 14 2
121 683
1 10 2
210 456
1 6 2
407 557
1 6 2
47 97
1 12 2
321 334
1 9 2
616 687
1 14 2
600 699
1 17 2
227 555
1 17 2
341 498
1 6 2
368 481
1 6 2
485 625
1 7 2
403 548
1 9 2
329 598
1 13 2
8 387
1 16 2
102 493
1 10 2
339 406
1 8 2
67 99
1 14 2
140 376
1 10 2
15 206
1 5 2
529 546
1 6 2
149 153
1 6 2
413 456
1 6 2
79 239
1 6 2
349 352
1 18 2
434 688
1 9 2
517 657
1 14 2
548 699
1 6 2
143 611
1 16 2
121 356
1 13 2
482 655
1 7 2
24 320
1 3 2
87 475
1 18 2
204 441
1 12 2
16 476
1 10 2
76 592
1 7 2
177 560
1 20 2
1 77
1 9 2
431 550
1 14 2
235 487
1 7 2
226 231
1 14 2
138 473
1 6 2
224 504
1 10 2
126 378
1 12 2
36 511
1 17 2
68 187
1 13 2
132 298
1 15 2
131 539
1 7 2
28 633
1 14 2
16 607
1 14 2
3 463
1 12 2
252 442
1 10 2
159 665
1 8 2
231 277
1 2 2
13 46
1 7 2
333 352
1 6 2
417 419
1 13 2
63 220
1 5 2
269 466
1 15 2
21 648
1 19 2
649 695
1 11 2
143 629
1 9 2
76 261
1 13 2
307 343
1 9 2
219 656
1 9 2
557 683
1 13 2
37 429
1 8 2
410 530
1 10 2
543 641
1 9 2
511 639
1 13 2
103 383
1 11 2
136 443
1 9 2
5 60
1 13 2
343 525
1 18 2
542 547
1 5 2
202 541
1 9 2
327 430
1 9 2
19 620
1 11 2
133 477
1 18 2
294 699
1 13 2
169 387
1 13 2
382 448
1 3 2
134 284
1 13 2
173 537
1 5 2
536 594
1 20 2
228 527
1 11 2
425 502
1 15 2
356 357
1 19 2
213 561
1 8 2
182 345
1 16 2
60 445
1 14 2
41 320
1 8 2
67 616
1 9 2
550 571
1 13 2
8 623
1 13 2
58 350
1 16 2
321 337
1 9 2
273 377
1 14 2
512 607
1 17 2
162 464
1 4 2
351 440
1 12 2
455 574
1 18 2
133 167
1 17 2
235 285
1 13 2
220 522
1 10 2
149 429
1 12 2
137 687
1 9 2
131 257
1 14 2
2 375
1 9 2
62 64
1 9 2
97 441
1 8 2
578 633
1 4 2
404 491
1 7 2
602 667
1 8 2
107 364
1 6 2
491 565
1 17 2
213 596
1 12 2
157 460
1 8 2
25 500
1 20 2
53 617
1 12 2
226 674
1 10 2
387 467
1 9 2
284 315
1 8 2
99 420
1 11 2
224 298
1 13 2
541 661
1 10 2
110 532
1 9 2
242 552
1 16 2
366 428
1 13 2
425 430
1 7 2
287 598
1 13 2
623 639
1 3 2
150 675
1 11 2
408 593
1 4 2
492 691
1 13 2
109 233
1 2 2
418 602
1 10 2
10 611
1 15 2
98 527
1 9 2
441 645
1 7 2
391 532
1 8 2
315 371
1 14 2
141 359
1 2 2
80 327
1 10 2
78 322
1 10 2
395 463
1 18 2
233 538
1 16 2
14 21
1 13 2
142 636
1 10 2
112 688
1 8 2
381 411
1 8 2
456 633
1 11 2
205 653
1 14 2
57 683
1 16 2
213 444
1 15 2
57 409
1 11 2
316 629
1 17 2
53 452
1 20 2
315 552
1 12 2
18 674
1 16 2
131 360
1 17 2
686 699
1 2 2
61 635
1 6 2
313 340
1 10 2
1 396
1 10 2
113 493
1 4 2
250 271
1 17 2
14 174
1 17 2
324 639
1 8 2
192 255
1 9 2
25 442
1 13 2
126 473
1 3 2
345 392
1 11 2
216 378
1 15 2
400 665
1 10 2
156 648
1 15 2
463 487
1 5 2
207 630
1 7 2
221 518
1 18 2
57 695
1 7 2
72 591
1 8 2
309 344
1 17 2
162 246
1 9 2
32 308
1 14 2
209 321
1 4 2
84 526
1 10 2
264 563
1 17 2
573 593
1 7 2
256 677
1 4 2
271 522
1 14 2
175 586
1 17 2
110 455
1 12 2
382 677
1 10 2
241 656
1 8 2
266 549
1 12 2
25 191
1 12 2
320 409
1 13 2
297 613
1 10 2
75 516
1 10 2
12 527
1 2 2
284 534
1 14 2
109 607
1 12 2
79 436
1 12 2
597 598
1 10 2
216 669
1 12 2
559 653
1 13 2
114 548
1 8 2
423 529
1 5 2
99 253
1 8 2
35 427
1 9 2
286 603
1 13 2
110 111
1 4 2
483 624
1 20 2
11 133
1 4 2
100 636
1 11 2
62 217
1 10 2
320 429
1 11 2
414 616
1 7 2
82 223
1 14 2
561 621
1 10 2
274 495
1 7 2
306 325
1 13 2
608 621
1 9 2
87 252
1 9 2
400 418
1 13 2
96 228
1 3 2
526 615
1 11 2
264 696
1 16 2
85 190
1 18 2
122 133
1 10 2
187 395
1 11 2
75 554
1 11 2
162 578
1 11 2
512 639
1 16 2
457 498
1 5 2
201 578
1 18 2
114 538
1 5 2
325 370
1 8 2
453 692
1 14 2
38 232
1 12 2
193 655
1 13 2
230 491
1 12 2
234 329
1 13 2
210 341
1 9 2
3 282
1 9 2
347 376
1 5 2
206 257
1 11 2
383 398
1 5 2
205 454
1 11 2
1 84
1 15 2
448 556
1 10 2
74 517
1 18 2
157 699
1 20 2
36 350
1 8 2
100 493
1 13 2
132 552
1 16 2
93 323
1 14 2
216 590
1 14 2
204 274
1 5 2
368 531
1 13 2
62 173
1 14 2
182 245
1 12 2
169 191
1 6 2
80 137
1 14 2
21 445
1 9 2
358 458
1 19 2
6 555
1 11 2
41 296
1 9 2
48 382
1 11 2
505 667
1 12 2
220 557
1 6 2
226 419
1 18 2
73 473
1 4 2
160 413
1 12 2
108 496
1 14 2
414 457
1 14 2
461 465
1 6 2
344 559
1 17 2
300 613
1 13 2
381 556
1 9 2
319 572
1 10 2
84 331
1 7 2
487 492
1 13 2
210 233
1 12 2
405 627
1 14 2
320 323
1 16 2
27 168
1 9 2
199 591
1 18 2
463 674
1 13 2
382 410
1 14 2
77 106
1 8 2
65 675
1 12 2
231 479
1 12 2
283 385
1 5 2
40 156
1 7 2
297 523
1 14 2
200 324
1 12 2
188 642
1 6 2
424 466
1 8 2
192 268
1 11 2
189 685
1 15 2
341 610
1 9 2
378 476
1 11 2
23 78
1 20 2
213 515
1 15 2
11 98
1 18 2
15 527
1 7 2
384 476
1 17 2
468 555
1 13 2
37 688
1 15 2
41 596
1 6 2
153 166
1 11 2
180 347
1 10 2
26 357
1 15 2
540 595
1 17 2
173 196
1 20 2
220 358
1 10 2
21 30
1 9 2
170 341
1 16 2
158 507
1 13 2
168 444
1 10 2
145 445
1 14 2
445 553
1 17 2
138 552
1 9 2
170 699
1 9 2
96 309
1 9 2
279 519
1 8 2
170 300
1 20 2
552 555
1 10 2
287 603
1 15 2
23 230
1 13 2
233 512
1 9 2
421 548
1 13 2
338 596
1 9 2
74 658
1 8 2
30 591
1 13 2
32 302
1 13 2
116 617
1 16 2
193 294
1 10 2
37 675
1 8 2
203 259
1 9 2
282 651
1 16 2
213 385
1 9 2
444 696
1 15 2
232 464
1 11 2
4 318
1 7 2
177 602
1 9 2
612 650
1 9 2
463 549
1 10 2
331 587
1 4 2
443 492
1 8 2
31 275
1 10 2
293 298
1 3 2
40 680
1 10 2
199 329
1 9 2
130 445
1 8 2
491 522
1 16 2
121 609
1 17 2
436 540
1 9 2
145 670
1 11 2
391 576
1 13 2
188 238
1 9 2
399 476
1 10 2
67 356
1 4 2
219 619
1 10 2
149 163
1 18 2
592 613
1 18 2
220 233
1 5 2
272 349
1 14 2
644 665
1 9 2
111 657
1 12 2
55 142
1 12 2
321 516
1 12 2
226 599
1 12 2
423 520
1 13 2
146 315
1 16 2
157 482
1 9 2
474 603
1 11 2
340 634
1 12 2
112 121
1 3 2
492 640
1 9 2
307 470
1 10 2
617 625
1 5 2
322 335
1 6 2
644 676
1 11 2
473 522
1 16 2
438 484
1 8 2
338 353
1 18 2
162 430
1 11 2
175 407
1 4 2
284 586
1 17 2
36 506
1 20 2
315 496
1 7 2
476 549
1 8 2
121 652
1 17 2
527 688
1 19 2
524 667
1 15 2
232 326
1 15 2
211 527
1 7 2
55 199
1 13 2
172 661
1 9 2
49 78
1 17 2
227 230
1 8 2
320 550
1 9 2
561 620
1 2 2
202 698
1 14 2
238 629
1 10 2
168 272
1 13 2
57 172
1 15 2
216 329
1 7 2
357 449
1 9 2
32 469
1 10 2
400 625
1 7 2
46 599
1 13 2
99 187
1 15 2
177 383
1 13 2
136 155
1 9 2
244 614
1 6 2
22 491
1 8 2
341 698
1 8 2
240 435
1 12 2
122 259
1 19 2
188 405
1 14 2
30 430
1 13 2
300 616
1 17 2
191 667
1 7 2
94 149
1 14 2
117 552
1 14 2
121 616
1 4 2
392 480
1 16 2
38 175
1 9 2
452 485
1 8 2
3 48
1 19 2
174 507
1 6 2
279 684
1 3 2
374 577
1 11 2
339 523
1 17 2
468 538
1 10 2
4 286
1 11 2
25 421
1 12 2
82 557
1 8 2
460 657
1 8 2
67 583
1 14 2
38 41
1 19 2
11 678
1 7 2
382 483
1 7 2
370 523
1 16 2
179 506
1 12 2
591 666
1 17 2
484 608
1 19 2
597 649
1 19 2
77 265
1 9 2
108 264
1 14 2
270 688
1 16 2
35 75
1 15 2
14 487
1 5 2
59 283
1 6 2
587 687
1 10 2
75 200
1 9 2
155 276
1 10 2
207 285
1 15 2
341 528
1 6 2
46 122
1 10 2
40 592
1 5 2
125 459
1 9 2
214 468
1 13 2
157 480
1 14 2
42 436
1 13 2
276 690
1 19 2
246 540
1 15 2
448 487
1 13 2
233 683
1 11 2
302 487
1 10 2
41 236
1 9 2
127 421
1 6 2
452 458
1 8 2
79 401
1 8 2
525 633
1 13 2
155 177
1 5 2
397 576
1 8 2
50 465
1 12 2
576 590
1 9 2
106 420
1 5 2
39 345
1 12 2
28 540
1 8 2
271 515
1 7 2
386 631
1 16 2
198 341
1 13 2
659 687
1 9 2
77 178
1 8 2
324 363
1 12 2
307 596
1 15 2
294 445
1 12 2
136 439
1 11 2
116 576
1 13 2
595 695
1 18 2
121 312
1 6 2
126 289
1 11 2
395 555
1 10 2
274 470
1 14 2
543 679
1 10 2
234 320
1 7 2
439 563
1 14 2
359 591
1 17 2
14 663
1 17 2
168 315
1 17 2
36 431
1 7 2
286 589
1 11 2
302 502
1 16 2
496 609
1 10 2
128 414
1 11 2
78 238
1 6 2
292 521
1 14 2
8 196
1 12 2
123 524
1 17 2
121 556
1 4 2
43 221
1 16 2
175 614
1 7 2
221 662
1 14 2
528 648
1 15 2
23 552
1 17 2
17 555
1 13 2
57 634
1 6 2
293 408
1 17 2
11 357
1 9 2
303 391
1 15 2
496 616
1 16 2
179 340
1 13 2
274 609
1 8 2
424 664
1 9 2
57 299
1 11 2
168 586
1 13 2
527 603
1 18 2
142 176
1 19 2
192 361
1 7 2
76 169
1 15 2
157 614
1 10 2
48 338
1 11 2
338 557
1 4 2
485 668
1 4 2
333 395
1 17 2
142 261
1 18 2
14 538
1 13 2
138 650
1 11 2
74 169
1 11 2
167 588
1 7 2
354 566
1 9 2
504 634
1 16 2
196 318
1 15 2
315 606
1 5 2
40 453
1 8 2
528 604
1 8 2
178 547
1 14 2
274 441
1 2 2
194 386
1 6 2
595 681
1 8 2
525 657
1 9 2
9 496
1 18 2
19 182
1 6 2
325 476
1 12 2
341 470
1 15 2
17 85
1 9 2
95 552
1 18 2
213 357
1 14 2
188 286
1 19 2
405 575
1 13 2
273 481
1 9 2
522 639
1 5 2
364 691
1 17 2
315 373
1 10 2
34 549
1 9 2
138 601
1 7 2
274 345
1 11 2
23 342
1 8 2
132 517
1 7 2
210 660
1 20 2
204 527
1 8 2
12 599
1 15 2
514 539
1 6 2
159 302
1 8 2
88 698
1 14 2
387 474
1 13 2
71 528
1 12 2
288 695
1 18 2
102 508
1 16 2
167 270
1 9 2
244 387
1 6 2
401 566
1 16 2
329 502
1 8 2
565 616
1 10 2
171 495
1 8 2
303 684
1 4 2
302 626
1 6 2
334 379
1 10 2
42 98
1 7 2
165 441
1 8 2
25 132
1 10 2
164 429
1 10 2
28 543
1 11 2
517 592
1 20 2
53 175
1 6 2
302 523
1 4 2
96 497
1 11 2
287 683
1 20 2
2 142
1 13 2
65 444
1 6 2
366 469
1 11 2
276 657
1 14 2
157 429
1 12 2
235 656
1 12 2
493 670
1 17 2
137 484
1 8 2
8 24
1 3 2
386 549
1 8 2
339 626
1 10 2
110 407
1 12 2
219 455
1 15 2
246 610
1 6 2
69 209
1 6 2
271 607
1 14 2
14 416
1 7 2
540 562
1 6 2
244 612
1 18 2
27 36
1 11 2
16 199
1 10 2
310 479
1 12 2
326 634
1 20 2
10 70
1 7 2
237 394
1 6 2
151 409
1 8 2
171 550
1 16 2
436 695
1 4 2
443 568
1 16 2
54 350
1 10 2
311 318
1 8 2
389 525
1 5 2
0 280
1 17 2
1 623
1 13 2
81 210
1 16 2
315 614
1 10 2
132 692
1 10 2
21 296
1 6 2
208 226
1 19 2
230 508
1 17 2
60 357
1 9 2
232 335
1 19 2
484 667
1 13 2
468 520
1 9 2
365 555
1 11 2
132 667
1 10 2
221 679
1 13 2
410 608
1 14 2
166 220
1 15 2
240 357
1 15 2
318 484
1 2 2
222 386
1 11 2
480 556
1 11 2
378 514
1 17 2
41 455
1 17 2
140 177
1 7 2
296 684
1 8 2
233 478
1 15 2
62 131
1 11 2
611 661
1 9 2
238 456
1 7 2
173 355
1 7 2
134 448
1 7 2
471 608
1 13 2
238 343
1 16 2
547 623
1 11 2
424 476
1 17 2
361 482
1 8 2
438 533
1 8 2
110 427
1 7 2
386 482
1 8 2
494 696
1 19 2
182 298
1 13 2
164 176
1 13 2
259 540
1 8 2
145 318
1 12 2
300 494
1 4 2
128 446
1 13 2
552 586
1 5 2
483 594
1 17 2
21 496
1 14 2
75 240
1 15 2
10 65
1 8 2
122 390
1 13 2
2 442
1 8 2
38 529
1 6 2
288 569
1 7 2
292 512
1 10 2
23 287
1 17 2
436 667
1 10 2
64 573
1 8 2
302 495
1 12 2
580 622
1 12 2
85 584
1 14 2
428 610
1 14 2
176 670
1 16 2
121 137
1 12 2
277 360
1 12 2
309 512
1 8 2
202 695
1 9 2
256 350
1 13 2
92 212
1 14 2
149 690
1 7 2
154 436
1 5 2
207 297
1 11 2
221 519
1 6 2
171 345
1 20 2
204 542
1 4 2
120 439
1 16 2
2 277
1 8 2
42 691
1 6 2
89 219
1 8 2
27 120
1 20 2
192 661
1 12 2
541 593
1 14 2
499 670
1 6 2
439 440
1 12 2
586 667
1 18 2
137 175
1 11 2
64 482
1 19 2
133 637
1 4 2
186 557
1 11 2
416 495
1 12 2
439 465
1 9 2
38 658
1 9 2
87 175
1 5 2
267 548
1 16 2
126 663
1 17 2
176 667
1 13 2
182 283
1 17 2
14 547
1 19 2
515 561
1 14 2
198 300
1 10 2
438 633
1 4 2
63 313
1 7 2
250 500
1 11 2
62 684
1 20 2
77 187
1 11 2
126 591
1 16 2
93 514
1 15 2
391 540
1 5 2
241 471
1 10 2
311 461
1 11 2
259 270
1 6 2
355 528
1 13 2
14 376
1 10 2
84 674
1 2 2
12 45
1 12 2
75 238
1 15 2
400 610
1 12 2
235 283
1 15 2
35 451
1 7 2
449 674
1 10 2
112 383
1 14 2
291 687
1 8 2
367 553
1 10 2
243 394
1 8 2
86 647
1 10 2
83 263
1 6 2
135 576
1 15 2
414 547
1 7 2
311 529
1 8 2
300 604
1 14 2
464 657
1 7 2
246 490
1 18 2
185 699
1 18 2
185 246
1 14 2
210 362
1 12 2
182 259
1 17 2
10 695
1 15 2
632 685
1 14 2
198 448
1 10 2
40 553
1 8 2
552 646
1 12 2
174 491
1 18 2
493 545
1 11 2
76 649
1 3 2
472 654
1 8 2
26 62
1 13 2
383 610
1 8 2
11 251
1 16 2
73 409
1 15 2
142 277
1 13 2
3 264
1 6 2
28 439
1 12 2
196 641
1 6 2
619 623
1 9 2
532 597
1 8 2
22 318
1 20 2
11 321
1 12 2
288 607
1 11 2
606 687
1 9 2
334 644
1 13 2
19 612
1 11 2
340 516
1 7 2
86 567
1 7 2
122 178
1 5 2
583 618
1 16 2
107 507
1 18 2
35 373
1 10 2
494 576
1 16 2
168 527
1 19 2
328 592
1 8 2
74 551
1 4 2
80 516
1 20 2
545 649
1 10 2
383 647
1 11 2
102 598
1 18 2
81 547
1 12 2
198 318
1 15 2
366 690
1 18 2
11 547
1 18 2
68 133
1 12 2
79 190
1 19 2
358 361
1 9 2
197 338
1 10 2
49 360
1 11 2
366 495
1 9 2
256 324
1 18 2
265 649
1 12 2
118 145
1 7 2
28 203
1 20 2
358 575
1 7 2
100 340
1 16 2
373 448
1 7 2
39 491
1 17 2
6 167
1 15 2
92 445
1 10 2
17 49
1 12 2
4 326
1 14 2
259 575
1 9 2
145 354
1 8 2
393 461
1 12 2
473 583
1 7 2
3 510
1 10 2
389 431
1 10 2
34 367
1 10 2
323 395
1 5 2
161 491
1 2 2
396 402
1 7 2
168 640
1 8 2
164 263
1 10 2
203 599
1 8 2
202 405
1 7 2
427 593
1 11 2
17 86
1 7 2
151 192
1 8 2
369 451
1 15 2
38 110
1 16 2
198 540
1 7 2
478 576
1 7 2
58 505
1 5 2
147 582
1 6 2
319 625
1 13 2
175 622
1 12 2
401 543
1 11 2
128 502
1 13 2
111 350
1 18 2
556 699
1 10 2
233 578
1 14 2
171 463
1 14 2
556 679
1 20 2
527 575
1 6 2
227 568
1 3 2
308 697
1 19 2
187 204
1 16 2
258 688
1 14 2
575 655
1 7 2
205 516
1 17 2
300 464
1 14 2
430 694
1 10 2
48 487
1 12 2
617 675
1 12 2
27 303
1 4 2
471 477
1 14 2
294 585
1 13 2
3 216
1 8 2
660 679
1 12 2
166 571
1 6 2
332 685
1 13 2
99 258
1 5 2
7 411
1 14 2
228 476
1 19 2
527 690
1 19 2
121 507
1 10 2
306 570
1 10 2
431 442
1 12 2
343 669
1 10 2
47 572
1 7 2
299 607
1 17 2
180 312
1 20 2
1 175
1 5 2
302 509
1 8 2
107 566
1 6 2
349 590
1 6 2
45 209
1 9 2
265 349
1 10 2
74 322
1 10 2
92 344
1 7 2
537 660
1 4 2
351 532
1 14 2
110 424
1 15 2
137 593
1 14 2
47 538
1 12 2
241 648
1 18 2
185 430
1 16 2
528 663
1 7 2
177 186
1 4 2
525 605
1 6 2
74 105
1 6 2
209 652
1 20 2
430 542
1 18 2
140 555
1 19 2
436 514
1 10 2
81 664
1 12 2
37 634
1 4 2
470 638
1 16 2
329 607
1 19 2
508 542
1 13 2
14 470
1 19 2
10 102
1 12 2
480 667
1 5 2
404 412
1 8 2
51 91
1 13 2
323 517
1 11 2
111 473
1 8 2
65 344
1 15 2
140 382
1 14 2
321 670
1 5 2
38 154
1 4 2
332 641
1 9 2
492 649
1 10 2
394 488
1 16 2
479 665
1 10 2
301 665
1 8 2
138 377
1 11 2
68 322
1 10 2
316 545
1 9 2
372 519
1 14 2
230 606
1 9 2
350 418
1 13 2
394 455
1 18 2
329 496
1 9 2
162 279
1 11 2
307 431
1 17 2
15 632
1 14 2
277 343
1 12 2
163 593
1 9 2
103 334
1 16 2
173 216
1 16 2
1 107
1 11 2
420 610
1 18 2
174 228
1 12 2
266 614
1 5 2
272 293
1 7 2
0 428
1 14 2
104 339
1 12 2
266 342
1 10 2
10 333
1 14 2
53 634
1 12 2
32 642
1 13 2
3 350
1 17 2
110 180
1 16 2
21 273
1 13 2
85 149
1 4 2
586 605
1 12 2
1 384
1 6 2
512 568
1 13 2
429 648
1 17 2
176 593
1 6 2
189 466
1 4 2
50 443
1 10 2
235 481
1 17 2
131 438
1 10 2
212 586
1 7 2
419 650
1 19 2
35 88
1 8 2
57 61
1 10 2
171 274
1 9 2
201 659
1 13 2
27 282
1 17 2
328 438
1 7 2
25 390
1 8 2
265 579
1 18 2
204 252
1 7 2
344 541
1 18 2
185 515
1 15 2
318 362
1 8 2
490 629
1 8 2
47 322
1 10 2
76 356
1 10 2
173 304
1 14 2
158 177
1 10 2
642 667
1 8 2
556 635
1 8 2
97 191
1 17 2
285 623
1 18 2
182 285
1 17 2
157 331
1 14 2
463 677
1 12 2
176 554
1 14 2
464 537
1 11 2
221 361
1 14 2
311 629
1 9 2
198 529
1 14 2
484 585
1 11 2
121 316
1 18 2
191 228
1 5 2
259 372
1 14 2
228 461
1 3 2
207 489
1 15 2
324 683
1 20 2
1 220
1 8 2
43 508
1 7 2
8 601
1 17 2
32 543
1 4 2
49 568
1 18 2
331 434
1 7 2
308 441
1 11 2
300 394
1 12 2
424 438
1 8 2
23 518
1 10 2
22 428
1 8 2
76 275
1 8 2
368 688
1 12 2
470 547
1 10 2
185 368
1 9 2
63 163
1 5 2
404 461
1 19 2
6 361
1 10 2
309 370
1 4 2
47 268
1 16 2
270 561
1 7 2
185 618
1 9 2
217 352
1 10 2
193 231
1 15 2
16 252
1 16 2
11 391
1 10 2
301 543
1 10 2
275 376
1 10 2
98 420
1 12 2
375 686
1 20 2
2 77
1 15 2
10 354
1 13 2
226 285
1 10 2
40 357
1 16 2
321 493
1 9 2
229 387
1 13 2
16 688
1 6 2
250 691
1 15 2
75 294
1 15 2
174 198
1 9 2
11 248
1 15 2
187 621
1 13 2
217 496
1 2 2
249 253
1 10 2
25 104
1 7 2
236 241
1 11 2
352 444
1 13 2
37 576
1 14 2
306 487
1 7 2
128 651
1 3 2
12 673
1 3 2
20 693
1 14 2
169 699
1 17 2
473 524
1 10 2
84 360
1 12 2
286 571
1 3 2
355 642
1 9 2
226 670
1 10 2
149 633
1 10 2
76 162
1 11 2
116 429
1 12 2
320 339
1 15 2
464 572
1 12 2
274 342
1 18 2
176 502
1 19 2
204 690
1 6 2
113 403
1 16 2
209 524
1 8 2
19 534
1 4 2
52 522
1 13 2
507 633
1 15 2
211 258
1 13 2
81 141
1 11 2
265 511
1 7 2
147 476
1 12 2
16 287
1 7 2
248 592
1 13 2
439 527
1 15 2
180 294
1 7 2
415 576
1 10 2
201 555
1 4 2
49 161
1 6 2
360 503
1 14 2
138 445
1 10 2
67 679
1 15 2
519 677
1 5 2
71 271
1 17 2
350 463
1 18 2
270 324
1 4 2
449 500
1 11 2
461 608
1 5 2
171 560
1 17 2
34 561
1 5 2
458 634
1 14 2
162 416
1 11 2
235 687
1 13 2
82 495
1 13 2
38 553
1 10 2
252 440
1 16 2
137 362
1 17 2
468 597
1 7 2
45 455
1 19 2
499 667
1 8 2
350 497
1 10 2
282 474
1 8 2
28 219
1 9 2
272 671
1 5 2
3 490
1 16 2
216 663
1 12 2
62 590
1 12 2
141 270
1 16 2
75 326
1 7 2
26 42
1 10 2
19 413
1 8 2
281 661
1 13 2
520 629
1 5 2
245 602
1 16 2
514 543
1 7 2
147 338
1 12 2
2 691
1 12 2
102 554
1 2 2
52 478
1 12 2
315 544
1 6 2
227 402
1 16 2
75 498
1 7 2
49 166
1 11 2
233 288
1 7 2
377 621
1 17 2
362 631
1 16 2
137 666
1 12 2
412 468
1 10 2
339 505
1 6 2
64 156
1 3 2
267 601
1 13 2
231 699
1 13 2
110 651
1 7 2
242 448
1 14 2
38 326
1 11 2
489 552
1 7 2
290 679
1 8 2
56 502
1 9 2
121 577
1 12 2
465 633
1 14 2
182 670
1 4 2
345 435
1 12 2
373 406
1 3 2
296 581
1 2 2
317 568
1 10 2
63 576
1 15 2
514 535
1 4 2
7 477
1 9 2
33 93
1 5 2
287 497
1 4 2
0 647
1 15 2
339 535
1 15 2
331 424
1 14 2
57 380
1 8 2
484 672
1 10 2
205 695
1 12 2
312 548
1 16 2
528 674
1 10 2
133 564
1 9 2
203 657
1 8 2
162 427
1 15 2
110 576
1 10 2
245 687
1 8 2
143 671
1 11 2
236 315
1 13 2
482 572
1 5 2
626 628
1 15 2
182 414
1 9 2
57 195
1 13 2
245 294
1 9 2
167 564
1 13 2
21 671
1 8 2
344 431
1 11 2
96 357
1 12 2
212 233
1 12 2
586 653
1 12 2
498 628
1 15 2
11 639
1 8 2
83 335
1 18 2
324 373
1 11 2
14 582
1 17 2
176 294
1 17 2
85 555
1 7 2
309 367
1 20 2
175 220
1 4 2
7 278
1 12 2
15 416
1 7 2
595 635
1 12 2
179 408
1 14 2
243 538
1 12 2
98 339
1 5 2
214 443
1 20 2
2 192
1 18 2
15 213
1 14 2
37 342
1 14 2
219 464
1 15 2
445 465
1 17 2
68 556
1 14 2
358 480
1 15 2
315 535
1 6 2
76 480
1 12 2
311 329
1 6 2
402 498
1 20 2
77 542
1 15 2
175 590
1 5 2
276 371
1 14 2
41 686
1 9 2
420 633
1 8 2
62 403
1 16 2
6 240
1 5 2
100 603
1 9 2
164 606
1 8 2
483 493
1 13 2
192 691
1 12 2
323 439
1 12 2
261 634
1 10 2
49 354
1 19 2
27 312
1 8 2
168 344
1 6 2
209 689
1 8 2
184 191
1 12 2
17 199
1 14 2
121 421
1 17 2
173 507
1 4 2
195 259
1 16 2
233 285
1 7 2
391 471
1 9 2
156 473
1 17 2
457 507
1 17 2
204 607
1 5 2
101 347
1 6 2
7 58
1 7 2
537 569
1 14 2
53 522
1 10 2
132 235
1 5 2
206 689
1 20 2
175 187
1 16 2
191 331
1 4 2
161 369
1 2 2
100 568
1 11 2
75 117
1 17 2
506 575
1 16 2
182 592
1 16 2
198 661
1 9 2
341 532
1 7 2
57 332
1 15 2
74 81
1 12 2
496 518
1 9 2
343 458
1 2 2
345 560
1 14 2
204 394
1 14 2
389 538
1 7 2
141 604
1 12 2
233 656
1 12 2
414 583
1 13 2
146 479
1 9 2
21 529
1 11 2
359 523
1 10 2
114 364
1 5 2
26 467
1 15 2
306 441
1 3 2
135 478
1 14 2
34 621
1 10 2
126 500
1 18 2
19 285
1 18 2
162 555
1 15 2
354 631
1 9 2
107 669
1 19 2
140 315
1 13 2
107 677
1 9 2
15 128
1 10 2
467 502
1 6 2
238 620
1 3 2
161 564
1 2 2
325 635
1 10 2
410 687
1 6 2
55 403
1 13 2
177 287
1 13 2
139 637
1 12 2
138 633
