700 4200 2100
18 20 5 25 21 12 21 6 9 24 18 8 23 20 14 14 23 6 23 9 13 14 23 14 11 20 13 23 8 17 15 15 7 11 9 22 9 9 20 18 16 25 9 9 11 13 10 18 12 19 10 23 8 23 12 18 10 25 23 23 6 24 7 5 14 18 8 17 17 25 17 13 19 8 19 25 24 24 23 23 19 6 5 20 25 17 15 11 21 16 21 14 10 5 21 21 24 21 7 16 21 21 17 15 25 20 12 15 15 17 22 14 5 22 6 7 19 5 12 12 20 15 23 18 11 20 10 5 10 19 23 22 10 19 15 21 21 10 11 24 18 16 25 11 14 16 18 21 5 8 21 5 10 14 15 6 16 6 23 9 9 24 10 15 25 10 16 22 21 9 9 15 9 10 25 25 15 8 9 19 15 14 18 11 11 17 21 18 5 22 11 18 10 11 16 22 18 22 11 22 22 11 11 10 7 12 23 12 7 10 14 11 9 13 11 21 17 21 25 16 18 9 12 14 16 7 14 7 18 11 9 10 7 10 20 8 18 23 12 21 5 16 19 13 14 9 20 19 12 20 8 11 12 17 22 9 8 16 22 21 12 23 19 23 6 13 5 24 19 8 17 11 6 20 8 19 14 19 21 7 6 20 20 16 12 5 9 9 7 5 6 8 8 21 6 21 18 22 14 21 9 15 25 22 5 12 22 23 22 15 20 23 5 11 24 21 18 20 24 10 15 20 24 21 8 20 18 25 9 12 15 10 14 12 20 19 5 12 21 21 15 15 13 16 9 20 18 12 16 12 12 15 24 24 5 5 18 21 13 9 7 20 17 14 25 5 18 18 21 11 10 14 22 5 16 12 7 8 12 18 20 9 10 15 12 7 18 21 22 13 22 14 12 9 22 8 9 12 12 5 22 14 24 15 16 10 7 22 18 15 17 12 12 11 24 11 25 9 17 10 9 21 8 11 24 15 24 9 14 8 5 22 25 13 9 23 13 15 14 15 14 17 10 24 15 6 16 11 19 5 24 16 7 23 24 20 18 13 5 13 5 12 10 7 12 10 21 6 10 6 20 13 17 5 20 19 17 12 8 25 7 24 21 23 16 23 10 7 5 17 22 9 25 21 7 13 22 10 6 14 25 23 15 24 19 16 21 14 24 18 17 25 13 9 6 14 7 9 15 16 20 9 20 15 18 19 14 24 5 14 7 24 9 14 25 7 16 20 5 14 19 21 13 13 5 8 19 23 21 10 21 19 10 22 24 7 5 7 21 15 8 17 24 15 15 21 23 8 17 20 17 7 19 15 14 15 22 7 7 12 15 17 11 16 18 18 12 25 15 17 14 19 8 5 8 21 25 20 10 20 16 9 17 13 16 7 20 11 5 12 15 24 5 8 17 18 17 17 8 15 9 7 18 12 23 9 18 19 11 9 16 22 23 21 17 17 17 9 19 8 13 21 7 12 19 12 21 22 17 11 25 21 5 22 21 21 8 21 7 17 14 11 14 24 17 15 16 14 5 22 15 7 7 17 22 12 10 8 16 13 12 22 22 7 18 16 8 10 12 6 23 17 23 7 16 18 20 9 9 12
9 15 14 16 13 12 11 3 7 13 10 10 3 9 20 19 4 13 18 17 14 13 3 20 9 8 19 7 14 4 4 15 7 8 20 5 16 4 10 20 12 8 4 12 6 8 19 3 17 6 9 6 5 3 14 13 18 20 15 12 9 9 4 20 7 12 16 4 4 18 15 5 5 10 10 8 13 15 15 12 8 15 16 12 9 4 3 20 12 17 17 14 12 15 7 6 20 9 3 4 10 8 12 8 18 6 18 9 6 13 20 11 3 9 5 14 16 19 14 11 17 11 17 16 6 8 14 14 10 5 8 4 4 15 7 3 18 15 19 18 12 7 12 13 8 18 16 18 7 6 16 10 6 6 10 11 6 12 14 20 14 16 4 5 7 6 10 4 18 20 6 6 7 18 15 8 17 16 11 8 7 3 10 10 18 17 9 15 19 8 9 17 19 9 4 3 8 15 5 18 10 16 13 4 10 9 9 10 6 14 8 18 7 15 17 15 12 3 17 7 11 20 7 12 11 11 12 16 15 12 17 16 10 14 8 15 19 6 11 19 6 10 19 10 5 7 15 19 17 19 12 18 12 12 19 20 11 12 15 18 5 14 20 12 6 12 19 8 4 19 15 15 17 17 11 7 3 20 6 15 15 20 5 5 7 12 10 12 5 17 12 20 11 14 4 10 4 18 18 20 12 17 19 12 17 18 10 6 8 6 20 19 20 12 3 3 11 10 3 5 13 10 16 6 8 19 13 5 6 20 15 7 17 17 7 7 5 6 9 13 11 20 13 20 20 3 20 18 15 18 19 9 12 13 3 7 12 10 16 17 12 15 19 13 4 16 13 3 13 6 16 8 20 10 3 20 6 13 9 20 17 13 17 12 15 8 5 10 6 19 8 10 11 11 8 14 15 20 7 20 5 16 19 5 15 15 7 20 16 11 6 6 20 12 16 11 6 15 6 12 6 12 12 11 3 10 15 9 5 6 20 8 20 13 12 20 6 13 10 9 8 13 18 9 5 14 8 18 12 18 4 11 19 17 14 6 5 19 8 3 20 6 16 5 17 16 7 18 16 8 9 11 15 12 20 20 13 4 8 11 11 12 12 5 20 16 13 4 14 19 12 8 20 8 5 18 20 12 5 7 20 4 13 4 10 19 4 7 15 8 9 8 6 9 19 10 13 4 4 14 3 15 15 7 11 7 14 5 17 9 17 10 7 16 20 15 7 9 14 5 15 12 13 17 8 20 15 20 8 10 8 6 12 10 14 4 7 5 15 14 11 16 5 13 15 6 6 15 17 13 19 4 16 7 3 5 20 10 15 10 13 16 17 20 3 7 7 12 18 6 3 18 13 12 16 15 11 5 19 13 19 15 17 19 14 14 13 13 11 18 3 4 10 9 11 7 6 17 5 8 8 5 14 6 5 9 13 4 5 8 11 4 14 15 7 9 7 7 8 12 7 15 6 9 14 19 5 14 16 17 15 20 16 13 17 20 13 16 20 14 20 3 19 6 9 7 12 16 14 8 12 5 7 16 10 3 6 8 12 7 17 18 5 6 14 11 19 18 5 6 12 12 11 6 18 7 3 7 7 16
1 6 2
513 604
1 12 2
68 189
1 9 2
69 115
1 9 2
56 258
1 6 2
343 370
1 12 2
49 504
1 3 2
430 645
1 16 2
306 490
1 12 2
248 432
1 10 2
504 574
1 9 2
18 381
1 10 2
206 457
1 10 2
196 583
1 11 2
38 283
1 16 2
94 261
1 8 2
413 520
1 8 2
666 678
1 9 2
435 521
1 15 2
168 490
1 14 2
367 414
1 7 2
86 397
1 13 2
282 470
1 11 2
566 645
1 14 2
262 387
1 12 2
25 220
1 6 2
253 497
1 11 2
303 502
1 9 2
529 540
1 10 2
320 509
1 10 2
248 681
1 12 2
130 276
1 8 2
336 416
1 15 2
199 474
1 7 2
444 461
1 3 2
222 612
1 8 2
163 439
1 16 2
94 647
1 13 2
47 361
1 7 2
235 520
1 11 2
125 502
1 6 2
45 118
1 18 2
407 500
1 12 2
666 681
1 8 2
55 679
1 5 2
312 648
1 11 2
209 511
1 7 2
52 120
1 13 2
346 482
1 13 2
72 448
1 12 2
444 554
1 12 2
200 340
1 10 2
329 394
1 12 2
53 526
1 12 2
383 466
1 16 2
168 527
1 11 2
129 673
1 7 2
329 343
1 9 2
255 587
1 15 2
135 400
1 17 2
88 416
1 10 2
402 423
1 6 2
238 392
1 12 2
670 692
1 12 2
102 339
1 13 2
295 410
1 20 2
41 587
1 8 2
187 643
1 17 2
387 690
1 17 2
217 426
1 19 2
353 508
1 11 2
448 584
1 5 2
184 284
1 4 2
274 675
1 8 2
101 377
1 9 2
228 543
1 11 2
24 218
1 9 2
236 603
1 11 2
189 444
1 8 2
72 118
1 18 2
293 479
1 5 2
494 502
1 13 2
361 551
1 11 2
139 271
1 5 2
91 661
1 6 2
126 171
1 7 2
659 675
1 11 2
196 614
1 11 2
242 684
1 18 2
83 327
1 16 2
12 646
1 15 2
29 527
1 14 2
200 540
1 15 2
125 400
1 14 2
13 278
1 4 2
461 683
1 18 2
57 88
1 8 2
317 420
1 15 2
75 691
1 15 2
167 380
1 10 2
147 515
1 10 2
223 317
1 12 2
362 653
1 7 2
5 630
1 16 2
16 339
1 11 2
265 481
1 5 2
40 658
1 9 2
189 497
1 15 2
387 669
1 8 2
102 409
1 7 2
282 567
1 18 2
51 503
1 8 2
623 664
1 6 2
129 693
1 6 2
68 545
1 11 2
26 122
1 6 2
659 686
1 17 2
357 483
1 16 2
6 690
1 13 2
78 573
1 11 2
563 565
1 13 2
572 606
1 8 2
395 407
1 15 2
297 334
1 12 2
317 408
1 14 2
57 564
1 7 2
331 475
1 11 2
317 604
1 17 2
130 263
1 16 2
51 654
1 8 2
323 377
1 6 2
410 420
1 9 2
138 197
1 14 2
69 617
1 8 2
333 362
1 10 2
176 627
1 4 2
188 660
1 10 2
509 588
1 6 2
382 573
1 17 2
110 435
1 14 2
338 522
1 9 2
418 518
1 11 2
224 569
1 16 2
450 470
1 7 2
474 486
1 10 2
520 679
1 6 2
459 526
1 12 2
122 371
1 8 2
341 484
1 8 2
20 123
1 11 2
496 512
1 5 2
241 642
1 5 2
106 676
1 14 2
72 97
1 10 2
182 616
1 11 2
237 440
1 12 2
70 317
1 17 2
142 321
1 4 2
444 577
1 13 2
327 439
1 14 2
634 647
1 15 2
455 483
1 11 2
179 296
1 3 2
34 560
1 9 2
92 200
1 8 2
131 406
1 16 2
55 596
1 14 2
80 168
1 9 2
192 431
1 9 2
162 547
1 15 2
58 585
1 7 2
49 324
1 16 2
136 611
1 6 2
160 602
1 20 2
77 364
1 9 2
173 237
1 6 2
367 672
1 15 2
200 259
1 14 2
88 120
1 9 2
214 482
1 7 2
300 356
1 14 2
293 466
1 13 2
293 622
1 15 2
295 323
1 5 2
290 580
1 12 2
368 476
1 6 2
662 680
1 10 2
214 485
1 17 2
644 650
1 14 2
455 470
1 9 2
284 325
1 11 2
372 590
1 10 2
26 388
1 17 2
323 690
1 13 2
14 492
1 7 2
246 594
1 6 2
125 445
1 14 2
122 242
1 12 2
475 525
1 7 2
191 202
1 19 2
426 650
1 10 2
296 451
1 8 2
499 666
1 3 2
300 557
1 18 2
596 624
1 8 2
142 528
1 8 2
156 163
1 16 2
80 237
1 12 2
540 585
1 19 2
18 503
1 7 2
106 437
1 7 2
233 591
1 8 2
170 506
1 8 2
32 483
1 13 2
316 380
1 11 2
123 316
1 20 2
479 500
1 12 2
57 586
1 8 2
229 277
1 5 2
93 182
1 17 2
75 339
1 18 2
76 197
1 11 2
55 296
1 11 2
141 278
1 13 2
441 553
1 12 2
35 257
1 16 2
267 541
1 12 2
120 695
1 17 2
372 692
1 4 2
20 652
1 3 2
7 214
1 20 2
175 353
1 4 2
428 498
1 9 2
161 487
1 11 2
380 659
1 8 2
178 189
1 9 2
526 546
1 15 2
49 692
1 7 2
109 649
1 15 2
466 655
1 17 2
164 315
1 14 2
156 302
1 8 2
276 404
1 11 2
121 550
1 17 2
503 537
1 4 2
468 567
1 7 2
122 556
1 15 2
254 466
1 19 2
76 307
1 12 2
54 500
1 15 2
57 648
1 10 2
165 424
1 20 2
432 479
1 12 2
116 589
1 15 2
113 537
1 9 2
30 85
1 4 2
340 365
1 12 2
390 580
1 14 2
339 493
1 12 2
206 298
1 10 2
343 636
1 12 2
496 502
1 4 2
211 671
1 14 2
364 634
1 10 2
305 431
1 17 2
217 503
1 12 2
125 525
1 5 2
244 629
1 11 2
368 428
1 12 2
131 563
1 6 2
276 549
1 11 2
111 361
1 13 2
414 510
1 14 2
186 380
1 9 2
176 219
1 15 2
147 669
1 11 2
563 696
1 7 2
239 478
1 15 2
299 654
1 12 2
47 572
1 6 2
55 613
1 8 2
333 659
1 13 2
475 657
1 3 2
434 478
1 16 2
253 327
1 3 2
7 165
1 11 2
523 599
1 4 2
294 640
1 12 2
346 540
1 11 2
282 694
1 15 2
361 651
1 13 2
237 616
1 11 2
121 136
1 13 2
297 602
1 10 2
10 109
1 7 2
108 609
1 7 2
325 427
1 8 2
517 569
1 14 2
101 537
1 5 2
344 573
1 7 2
502 507
1 7 2
56 129
1 11 2
100 600
1 6 2
328 666
1 12 2
5 432
1 4 2
552 629
1 7 2
65 137
1 4 2
203 517
1 15 2
101 522
1 13 2
130 441
1 6 2
313 471
1 7 2
308 605
1 9 2
311 381
1 14 2
6 541
1 9 2
277 464
1 11 2
495 496
1 15 2
455 547
1 8 2
121 451
1 12 2
163 692
1 18 2
338 596
1 17 2
416 548
1 10 2
147 153
1 8 2
26 627
1 9 2
509 523
1 5 2
233 457
1 11 2
474 648
1 9 2
224 604
1 12 2
206 244
1 12 2
47 168
1 13 2
67 100
1 12 2
58 484
1 7 2
6 112
1 5 2
182 355
1 10 2
187 374
1 12 2
186 694
1 11 2
455 564
1 7 2
53 148
1 19 2
84 394
1 7 2
97 516
1 13 2
307 694
1 8 2
320 574
1 11 2
310 563
1 12 2
153 566
1 4 2
469 575
1 10 2
363 597
1 15 2
197 338
1 3 2
192 269
1 13 2
167 505
1 4 2
300 661
1 10 2
168 213
1 10 2
144 323
1 17 2
84 421
1 14 2
84 103
1 11 2
65 242
1 18 2
206 692
1 14 2
100 380
1 9 2
214 435
1 8 2
394 417
1 17 2
258 424
1 6 2
203 694
1 7 2
52 421
1 17 2
27 267
1 7 2
422 591
1 9 2
252 325
1 10 2
270 335
1 6 2
600 656
1 17 2
443 597
1 11 2
320 537
1 13 2
108 632
1 18 2
352 424
1 11 2
119 122
1 5 2
157 176
1 8 2
506 532
1 11 2
71 372
1 6 2
91 138
1 9 2
371 615
1 18 2
218 388
1 3 2
212 230
1 9 2
138 641
1 11 2
484 615
1 5 2
384 628
1 6 2
103 201
1 8 2
72 462
1 13 2
368 570
1 11 2
628 663
1 6 2
90 538
1 3 2
193 204
1 7 2
193 484
1 18 2
175 368
1 8 2
203 217
1 15 2
58 504
1 6 2
219 497
1 7 2
63 131
1 17 2
3 368
1 13 2
363 587
1 13 2
150 379
1 7 2
209 451
1 6 2
626 642
1 13 2
408 565
1 4 2
213 652
1 18 2
299 650
1 16 2
22 522
1 12 2
108 681
1 12 2
476 595
1 6 2
486 670
1 13 2
174 679
1 3 2
98 629
1 10 2
415 595
1 7 2
418 423
1 4 2
171 593
1 18 2
51 631
1 18 2
206 547
1 20 2
3 302
1 9 2
478 481
1 3 2
280 486
1 15 2
131 357
1 15 2
206 657
1 13 2
69 153
1 9 2
477 558
1 10 2
637 650
1 14 2
262 295
1 10 2
90 401
1 4 2
31 117
1 8 2
262 643
1 11 2
402 661
1 13 2
316 453
1 2 2
34 354
1 15 2
80 490
1 14 2
387 644
1 15 2
88 321
1 19 2
96 161
1 17 2
9 569
1 6 2
111 252
1 12 2
262 537
1 13 2
51 68
1 17 2
493 508
1 5 2
43 45
1 10 2
142 462
1 9 2
421 699
1 12 2
610 674
1 17 2
454 520
1 4 2
579 598
1 12 2
295 444
1 9 2
244 635
1 13 2
277 407
1 11 2
428 654
1 13 2
100 648
1 5 2
213 434
1 19 2
158 364
1 9 2
172 531
1 8 2
507 559
1 11 2
68 228
1 8 2
167 434
1 4 2
28 680
1 13 2
181 481
1 18 2
12 58
1 7 2
65 192
1 5 2
81 253
1 8 2
322 494
1 10 2
83 529
1 8 2
83 190
1 8 2
36 421
1 10 2
33 200
1 14 2
307 456
1 16 2
76 387
1 11 2
38 666
1 8 2
248 524
1 14 2
83 273
1 17 2
387 547
1 10 2
39 108
1 7 2
403 526
1 18 2
122 261
1 18 2
161 692
1 12 2
30 682
1 3 2
17 287
1 11 2
499 651
1 16 2
454 646
1 13 2
77 391
1 10 2
364 442
1 9 2
26 475
1 7 2
250 551
1 12 2
371 426
1 10 2
137 508
1 7 2
80 686
1 15 2
41 102
1 15 2
78 537
1 9 2
102 670
1 15 2
217 361
1 14 2
27 386
1 15 2
102 416
1 9 2
408 603
1 12 2
69 207
1 10 2
254 369
1 8 2
16 494
1 3 2
201 689
1 4 2
240 495
1 7 2
421 488
1 8 2
236 688
1 13 2
335 591
1 11 2
20 237
1 11 2
197 667
1 14 2
234 474
1 10 2
318 434
1 10 2
110 543
1 19 2
41 189
1 15 2
122 135
1 18 2
402 496
1 14 2
379 631
1 6 2
92 403
1 8 2
361 649
1 9 2
297 405
1 8 2
417 646
1 10 2
120 539
1 7 2
326 370
1 18 2
500 657
1 6 2
274 546
1 7 2
91 610
1 10 2
542 633
1 6 2
240 297
1 12 2
426 619
1 17 2
492 546
1 8 2
308 658
1 13 2
146 431
1 8 2
222 456
1 15 2
426 524
1 9 2
410 635
1 13 2
244 432
1 12 2
187 493
1 16 2
310 352
1 11 2
340 633
1 15 2
84 196
1 13 2
25 55
1 8 2
315 442
1 14 2
39 450
1 5 2
291 502
1 13 2
123 200
1 11 2
144 388
1 8 2
235 308
1 19 2
104 554
1 8 2
262 319
1 13 2
57 340
1 13 2
242 504
1 9 2
56 531
1 9 2
359 416
1 16 2
372 633
1 12 2
258 451
1 4 2
169 471
1 5 2
305 412
1 6 2
286 630
1 15 2
65 364
1 6 2
593 595
1 4 2
280 539
1 10 2
144 242
1 18 2
327 565
1 10 2
145 551
1 6 2
10 677
1 8 2
440 670
1 10 2
116 662
1 4 2
2 226
1 6 2
68 300
1 11 2
421 564
1 9 2
384 470
1 9 2
374 446
1 9 2
43 352
1 6 2
106 332
1 13 2
27 283
1 17 2
307 624
1 8 2
173 199
1 14 2
59 67
1 9 2
461 655
1 14 2
57 163
1 8 2
109 507
1 9 2
313 597
1 12 2
283 553
1 15 2
13 131
1 8 2
253 350
1 12 2
277 546
1 15 2
299 421
1 15 2
61 584
1 17 2
424 651
1 18 2
416 431
1 16 2
353 641
1 18 2
390 426
1 6 2
202 320
1 6 2
360 540
1 16 2
16 633
1 14 2
187 565
1 14 2
527 584
1 17 2
267 372
1 12 2
23 58
1 5 2
177 219
1 8 2
162 357
1 14 2
176 364
1 12 2
38 219
1 10 2
226 482
1 13 2
276 302
1 9 2
205 541
1 11 2
187 379
1 16 2
246 624
1 8 2
309 409
1 13 2
196 254
1 10 2
335 437
1 16 2
302 524
1 20 2
218 263
1 11 2
330 338
1 12 2
470 648
1 12 2
3 305
1 11 2
450 628
1 12 2
150 616
1 7 2
258 406
1 14 2
446 527
1 6 2
222 383
1 4 2
203 207
1 15 2
334 641
1 17 2
59 303
1 5 2
138 411
1 15 2
297 482
1 8 2
55 384
1 13 2
167 379
1 9 2
124 633
1 14 2
94 572
1 19 2
562 566
1 12 2
0 345
1 20 2
302 402
1 11 2
305 443
1 6 2
30 138
1 9 2
15 316
1 17 2
361 450
1 14 2
254 627
1 5 2
20 271
1 6 2
575 629
1 6 2
153 687
1 10 2
504 573
1 6 2
137 518
1 17 2
16 485
1 12 2
99 400
1 8 2
249 420
1 13 2
219 681
1 9 2
202 466
1 14 2
122 386
1 15 2
234 466
1 15 2
139 345
1 18 2
12 76
1 6 2
81 234
1 6 2
109 629
1 6 2
123 613
1 10 2
206 389
1 11 2
1 437
1 9 2
251 541
1 4 2
103 612
1 13 2
454 574
1 17 2
139 249
1 13 2
246 455
1 15 2
122 140
1 10 2
138 352
1 8 2
304 508
1 6 2
155 627
1 11 2
506 667
1 8 2
389 617
1 2 2
445 535
1 19 2
453 650
1 10 2
257 695
1 14 2
493 606
1 18 2
84 368
1 8 2
159 167
1 13 2
546 550
1 15 2
262 306
1 20 2
41 650
1 6 2
31 609
1 16 2
16 303
1 10 2
366 404
1 11 2
25 85
1 12 2
332 503
1 16 2
53 293
1 9 2
356 526
1 7 2
2 18
1 14 2
133 647
1 13 2
174 226
1 10 2
172 424
1 10 2
199 543
1 9 2
26 123
1 13 2
105 466
1 16 2
443 470
1 15 2
147 323
1 13 2
199 581
1 9 2
129 660
1 5 2
319 341
1 15 2
22 247
1 9 2
162 553
1 5 2
19 163
1 3 2
62 203
1 3 2
119 240
1 15 2
40 174
1 14 2
74 690
1 4 2
5 656
1 6 2
405 570
1 9 2
201 421
1 5 2
245 348
1 17 2
431 682
1 10 2
479 698
1 5 2
14 274
1 6 2
186 668
1 18 2
416 692
1 9 2
86 616
1 11 2
125 374
1 16 2
503 696
1 15 2
83 167
1 14 2
454 600
1 6 2
11 362
1 17 2
390 450
1 14 2
80 576
1 7 2
128 242
1 12 2
361 379
1 7 2
243 265
1 5 2
5 143
1 9 2
632 676
1 6 2
605 648
1 9 2
465 482
1 9 2
486 493
1 15 2
492 585
1 7 2
237 312
1 10 2
71 282
1 6 2
106 643
1 14 2
39 199
1 3 2
266 688
1 15 2
101 482
1 18 2
3 595
1 16 2
100 267
1 13 2
215 335
1 9 2
108 666
1 4 2
516 609
1 15 2
197 315
1 12 2
57 375
1 5 2
497 539
1 10 2
80 219
1 8 2
321 486
1 10 2
0 403
1 14 2
121 174
1 15 2
386 508
1 14 2
374 527
1 13 2
125 268
1 10 2
319 322
1 10 2
231 611
1 6 2
287 484
1 7 2
262 598
1 9 2
519 588
1 12 2
107 122
1 8 2
183 684
1 10 2
486 566
1 18 2
51 139
1 11 2
23 651
1 3 2
44 304
1 9 2
158 513
1 19 2
61 364
1 14 2
84 154
1 18 2
142 520
1 12 2
75 392
1 6 2
166 214
1 12 2
622 638
1 9 2
377 611
1 15 2
197 546
1 14 2
424 584
1 8 2
197 279
1 8 2
58 62
1 13 2
49 246
1 16 2
120 454
1 17 2
424 606
1 6 2
83 148
1 12 2
94 309
1 9 2
76 625
1 14 2
353 489
1 12 2
103 553
1 15 2
75 408
1 15 2
22 228
1 13 2
40 554
1 9 2
349 537
1 15 2
352 695
1 7 2
85 138
1 8 2
141 363
1 12 2
246 616
1 7 2
206 557
1 6 2
247 376
1 14 2
16 636
1 9 2
22 160
1 16 2
303 466
1 11 2
118 690
1 16 2
27 599
1 16 2
569 663
1 2 2
370 458
1 7 2
72 517
1 10 2
199 687
1 6 2
279 696
1 8 2
273 607
1 10 2
262 539
1 17 2
307 421
1 5 2
468 495
1 13 2
258 583
1 7 2
82 631
1 15 2
220 267
1 20 2
432 443
1 8 2
625 696
1 11 2
48 314
1 7 2
276 660
1 10 2
237 347
1 7 2
384 518
1 6 2
284 679
1 17 2
669 690
1 5 2
350 405
1 9 2
54 506
1 8 2
28 167
1 14 2
390 626
1 16 2
485 651
1 8 2
0 464
1 14 2
156 531
1 11 2
454 543
1 15 2
306 493
1 13 2
306 648
1 5 2
89 429
1 13 2
130 374
1 7 2
62 674
1 11 2
351 657
1 9 2
54 361
1 5 2
66 216
1 8 2
393 696
1 20 2
41 511
1 10 2
8 311
1 7 2
183 224
1 5 2
324 437
1 14 2
219 426
1 12 2
226 492
1 8 2
195 405
1 15 2
113 278
1 13 2
109 669
1 16 2
130 239
1 5 2
40 245
1 7 2
166 222
1 3 2
598 652
1 16 2
400 624
1 7 2
137 326
1 7 2
211 615
1 15 2
59 97
1 17 2
51 624
1 7 2
241 699
1 18 2
506 587
1 4 2
46 203
1 16 2
197 547
1 11 2
1 589
1 12 2
383 682
1 12 2
510 633
1 7 2
70 271
1 11 2
241 522
1 12 2
123 217
1 7 2
368 545
1 7 2
48 85
1 2 2
530 535
1 8 2
601 655
1 16 2
565 669
1 13 2
13 72
1 8 2
10 333
1 17 2
77 482
1 4 2
205 274
1 7 2
92 140
1 5 2
455 612
1 13 2
482 684
1 7 2
298 371
1 4 2
464 620
1 9 2
205 641
1 10 2
145 408
1 15 2
346 426
1 15 2
4 97
1 11 2
433 496
1 16 2
12 259
1 8 2
131 478
1 6 2
430 506
1 12 2
186 444
1 14 2
109 547
1 9 2
338 687
1 15 2
49 79
1 7 2
67 389
1 8 2
300 421
1 8 2
22 255
1 19 2
9 327
1 11 2
35 154
1 16 2
75 242
1 8 2
299 698
1 8 2
513 682
1 8 2
272 534
1 13 2
525 558
1 13 2
99 508
1 20 2
75 479
1 13 2
550 696
1 20 2
311 364
1 12 2
119 432
1 20 2
75 531
1 4 2
24 486
1 19 2
364 632
1 17 2
402 558
1 13 2
402 519
1 6 2
225 247
1 10 2
317 667
1 6 2
240 466
1 6 2
235 602
1 10 2
37 534
1 10 2
579 674
1 6 2
165 383
1 16 2
327 606
1 11 2
136 340
1 12 2
426 579
1 12 2
684 696
1 17 2
78 131
1 9 2
55 363
1 12 2
58 685
1 12 2
72 361
1 17 2
3 599
1 20 2
352 479
1 15 2
74 307
1 15 2
303 591
1 13 2
41 526
1 9 2
493 661
1 13 2
219 631
1 8 2
97 672
1 15 2
258 262
1 16 2
566 657
1 8 2
543 619
1 8 2
193 408
1 16 2
200 501
1 11 2
88 121
1 14 2
275 400
1 7 2
641 693
1 9 2
113 549
1 11 2
194 262
1 12 2
99 321
1 10 2
203 624
1 19 2
61 443
1 6 2
209 283
1 13 2
341 554
1 17 2
142 421
1 11 2
537 630
1 14 2
13 474
1 11 2
91 323
1 9 2
116 542
1 8 2
23 519
1 6 2
472 545
1 18 2
263 481
1 12 2
343 646
1 8 2
20 691
1 5 2
285 504
1 6 2
37 575
1 12 2
97 439
1 7 2
150 642
1 6 2
519 637
1 15 2
113 496
1 8 2
299 370
1 7 2
392 634
1 15 2
501 606
1 6 2
98 187
1 18 2
142 641
1 4 2
331 625
1 19 2
84 314
1 10 2
199 238
1 16 2
239 527
1 12 2
4 616
1 13 2
454 588
1 3 2
170 672
1 11 2
61 126
1 10 2
168 371
1 8 2
15 446
1 14 2
181 479
1 4 2
412 427
1 12 2
13 179
1 14 2
69 340
1 7 2
210 457
1 10 2
505 510
1 10 2
182 439
1 12 2
77 243
1 14 2
187 674
1 16 2
139 246
1 11 2
392 501
1 7 2
342 610
1 6 2
373 407
1 6 2
180 688
1 6 2
207 213
1 7 2
116 578
1 4 2
406 586
1 17 2
4 307
1 17 2
90 450
1 12 2
356 361
1 9 2
576 607
1 5 2
10 157
1 11 2
48 318
1 7 2
93 139
1 14 2
113 551
1 10 2
71 641
1 4 2
42 457
1 13 2
29 483
1 10 2
497 562
1 7 2
346 420
1 14 2
10 303
1 13 2
343 402
1 14 2
35 49
1 7 2
137 187
1 14 2
18 476
1 8 2
293 370
1 9 2
1 662
1 7 2
393 597
1 11 2
15 482
1 4 2
284 405
1 16 2
100 674
1 7 2
126 242
1 6 2
29 434
1 12 2
39 466
1 19 2
122 175
1 18 2
345 432
1 19 2
206 587
1 2 2
266 430
1 6 2
380 658
1 4 2
124 250
1 17 2
293 416
1 10 2
14 321
1 10 2
346 348
1 17 2
61 431
1 5 2
460 691
1 13 2
483 691
1 14 2
489 692
1 14 2
194 432
1 8 2
613 655
1 10 2
301 334
1 14 2
199 551
1 3 2
294 486
1 13 2
22 575
1 12 2
131 580
1 8 2
453 683
1 7 2
62 692
1 12 2
505 558
1 8 2
603 665
1 4 2
190 233
1 14 2
257 314
1 8 2
23 226
1 11 2
135 171
1 8 2
306 377
1 9 2
300 624
1 15 2
315 597
1 9 2
241 536
1 4 2
184 211
1 16 2
57 74
1 8 2
397 597
1 11 2
270 346
1 8 2
27 157
1 11 2
105 484
1 15 2
581 587
1 17 2
136 139
1 7 2
343 662
1 7 2
282 560
1 7 2
622 676
1 9 2
158 677
1 8 2
183 277
1 10 2
150 607
1 14 2
237 615
1 7 2
48 185
1 13 2
213 432
1 13 2
554 694
1 9 2
279 492
1 17 2
53 490
1 13 2
86 547
1 16 2
400 646
1 13 2
407 664
1 7 2
398 505
1 5 2
14 324
1 9 2
595 698
1 16 2
9 246
1 20 2
454 562
1 5 2
128 433
1 11 2
352 661
1 18 2
3 258
1 10 2
119 647
1 6 2
192 523
1 11 2
258 665
1 8 2
132 540
1 5 2
679 688
1 16 2
101 189
1 13 2
104 332
1 6 2
331 588
1 9 2
75 272
1 5 2
141 672
1 10 2
57 552
1 7 2
422 550
1 9 2
64 638
1 6 2
563 698
1 11 2
9 643
1 11 2
29 296
1 12 2
217 472
1 6 2
63 641
1 20 2
41 61
1 9 2
35 248
1 8 2
131 658
1 5 2
92 401
1 9 2
97 106
1 16 2
22 168
1 10 2
383 418
1 4 2
288 423
1 19 2
302 681
1 8 2
394 516
1 8 2
32 558
1 16 2
35 206
1 16 2
277 511
1 19 2
131 500
1 6 2
417 684
1 17 2
416 595
1 9 2
10 145
1 16 2
140 492
1 9 2
242 459
1 17 2
352 361
1 10 2
244 278
1 17 2
624 690
1 4 2
227 495
1 9 2
201 390
1 17 2
53 657
1 4 2
37 211
1 8 2
489 699
1 6 2
415 564
1 7 2
464 664
1 14 2
326 400
1 14 2
475 541
1 12 2
320 490
1 15 2
217 493
1 4 2
240 670
1 11 2
490 662
1 15 2
307 654
1 6 2
251 383
1 18 2
96 453
1 16 2
357 394
1 18 2
90 596
1 14 2
125 136
1 13 2
104 590
1 16 2
282 566
1 9 2
293 477
1 3 2
337 556
1 10 2
353 468
1 14 2
120 599
1 3 2
287 445
1 11 2
219 246
1 11 2
79 645
1 6 2
102 393
1 17 2
199 631
1 13 2
388 446
1 16 2
35 681
1 15 2
196 426
1 15 2
122 366
1 15 2
387 569
1 11 2
67 277
1 5 2
163 567
1 16 2
76 273
1 8 2
31 320
1 15 2
168 606
1 13 2
435 589
1 8 2
336 562
1 10 2
71 90
1 11 2
343 525
1 12 2
94 666
1 16 2
101 307
1 6 2
157 321
1 14 2
55 454
1 19 2
432 501
1 11 2
519 540
1 11 2
459 690
1 17 2
315 527
1 13 2
561 681
1 10 2
466 563
1 13 2
142 512
1 5 2
396 518
1 6 2
250 691
1 13 2
379 558
1 9 2
67 559
1 13 2
273 315
1 9 2
509 666
1 13 2
234 259
1 19 2
237 327
1 9 2
135 679
1 6 2
220 498
1 11 2
107 474
1 4 2
350 427
1 15 2
479 489
1 14 2
302 374
1 8 2
48 644
1 14 2
13 407
1 9 2
40 446
1 13 2
254 568
1 6 2
252 688
1 9 2
84 594
1 7 2
89 661
1 14 2
351 587
1 10 2
366 659
1 14 2
38 100
1 10 2
68 626
1 16 2
12 303
1 9 2
281 384
1 10 2
529 537
1 14 2
481 589
1 6 2
274 386
1 9 2
239 628
1 6 2
159 171
1 11 2
340 466
1 10 2
276 315
1 9 2
44 490
1 6 2
265 542
1 13 2
218 518
1 9 2
444 585
1 9 2
140 665
1 15 2
386 426
1 6 2
132 440
1 7 2
615 676
1 7 2
116 697
1 17 2
164 638
1 12 2
550 694
1 11 2
138 554
1 13 2
239 456
1 18 2
388 402
1 8 2
624 686
1 11 2
368 536
1 9 2
287 508
1 8 2
233 249
1 16 2
275 314
1 7 2
188 611
1 14 2
562 678
1 18 2
259 432
1 17 2
84 682
1 7 2
236 532
1 12 2
27 660
1 15 2
254 368
1 14 2
4 105
1 15 2
380 387
1 5 2
155 502
1 10 2
358 657
1 11 2
0 584
1 4 2
176 458
1 10 2
271 402
1 2 2
157 336
1 12 2
65 281
1 7 2
68 126
1 12 2
537 678
1 10 2
196 610
1 14 2
70 566
1 9 2
158 370
1 12 2
86 158
1 11 2
190 562
1 3 2
354 371
1 15 2
83 94
1 14 2
456 554
1 17 2
501 655
1 12 2
40 168
1 7 2
463 551
1 12 2
330 501
1 17 2
136 587
1 8 2
437 457
1 11 2
283 345
1 7 2
199 544
1 10 2
624 688
1 13 2
18 648
1 6 2
202 409
1 13 2
125 316
1 9 2
154 296
1 11 2
130 529
1 11 2
308 371
1 4 2
71 671
1 18 2
197 426
1 18 2
79 647
1 10 2
508 586
1 8 2
468 522
1 9 2
442 647
1 18 2
136 492
1 15 2
493 674
1 11 2
490 512
1 14 2
323 470
1 15 2
35 293
1 14 2
493 522
1 5 2
33 699
1 17 2
186 554
1 5 2
391 637
1 7 2
196 649
1 14 2
258 379
1 13 2
282 299
1 8 2
594 682
1 10 2
345 662
1 12 2
75 512
1 17 2
239 352
1 12 2
296 572
1 5 2
37 438
1 12 2
83 316
1 7 2
181 371
1 9 2
94 124
1 14 2
4 150
1 13 2
426 437
1 8 2
99 438
1 8 2
381 522
1 14 2
268 692
1 10 2
259 333
1 15 2
237 262
1 18 2
175 303
1 9 2
138 263
1 16 2
51 259
1 15 2
196 650
1 6 2
111 413
1 10 2
88 459
1 7 2
257 457
1 12 2
140 509
1 17 2
299 531
1 12 2
122 223
1 12 2
79 332
1 12 2
310 366
1 5 2
620 679
1 9 2
631 687
1 9 2
245 314
1 9 2
451 636
1 6 2
88 157
1 11 2
71 110
1 14 2
121 650
1 4 2
491 661
1 15 2
431 455
1 11 2
190 503
1 12 2
278 666
1 11 2
97 604
1 2 2
63 274
1 9 2
131 173
1 6 2
21 347
1 19 2
402 416
1 13 2
10 147
1 2 2
291 458
1 15 2
278 548
1 17 2
101 364
1 7 2
89 202
1 5 2
272 408
1 17 2
58 692
1 9 2
283 510
1 10 2
435 620
1 14 2
275 674
1 14 2
346 566
1 10 2
453 645
1 19 2
41 122
1 14 2
51 187
1 5 2
328 580
1 18 2
217 402
1 11 2
404 474
1 19 2
12 508
1 13 2
38 273
1 17 2
481 669
1 7 2
243 428
1 13 2
220 682
1 17 2
534 606
1 10 2
25 436
1 9 2
646 676
1 13 2
566 575
1 6 2
418 420
1 4 2
132 486
1 16 2
506 631
1 10 2
79 637
1 15 2
12 695
1 10 2
105 559
1 16 2
282 690
1 8 2
393 553
1 9 2
404 484
1 5 2
21 396
1 10 2
491 587
1 3 2
7 203
1 17 2
314 357
1 6 2
486 685
1 18 2
58 78
1 4 2
231 384
1 10 2
239 623
1 15 2
394 482
1 16 2
76 281
1 13 2
72 506
1 11 2
191 356
1 12 2
45 353
1 11 2
78 433
1 9 2
455 461
1 9 2
157 511
1 10 2
65 630
1 10 2
15 236
1 7 2
193 666
1 13 2
308 622
1 11 2
610 653
1 8 2
431 621
1 10 2
241 561
1 18 2
110 122
1 8 2
107 343
1 12 2
68 482
1 9 2
230 647
1 5 2
291 678
1 5 2
370 679
1 8 2
28 306
1 20 2
104 218
1 9 2
215 598
1 10 2
633 640
1 11 2
76 495
1 13 2
482 546
1 13 2
327 428
1 11 2
237 411
1 5 2
374 642
1 3 2
530 623
1 2 2
399 468
1 13 2
21 76
1 11 2
154 390
1 13 2
199 242
1 8 2
155 503
1 9 2
73 424
1 10 2
477 531
1 10 2
208 492
1 15 2
150 522
1 7 2
86 459
1 12 2
181 611
1 10 2
585 614
1 9 2
0 20
1 13 2
263 404
1 4 2
60 205
1 15 2
261 273
1 9 2
614 660
1 14 2
485 540
1 9 2
9 487
1 9 2
169 339
1 19 2
161 632
1 7 2
94 625
1 16 2
308 372
1 5 2
519 521
1 13 2
158 341
1 7 2
129 250
1 8 2
225 390
1 7 2
144 401
1 10 2
268 403
1 10 2
42 454
1 4 2
194 514
1 8 2
647 697
1 18 2
175 372
1 14 2
109 508
1 10 2
143 352
1 6 2
150 458
1 4 2
283 544
1 8 2
62 443
1 11 2
150 440
1 12 2
146 537
1 10 2
11 41
1 11 2
237 679
1 13 2
110 659
1 8 2
206 578
1 8 2
177 368
1 18 2
402 624
1 9 2
48 674
1 5 2
74 399
1 9 2
70 107
1 19 2
454 663
1 12 2
194 565
1 6 2
46 451
1 9 2
69 225
1 11 2
64 239
1 17 2
51 158
1 8 2
303 698
1 11 2
475 695
1 10 2
25 363
1 9 2
147 477
1 17 2
130 558
1 11 2
57 313
1 12 2
356 525
1 6 2
345 488
1 12 2
454 564
1 13 2
558 673
1 4 2
98 358
1 9 2
525 609
1 9 2
419 466
1 15 2
79 262
1 14 2
281 338
1 15 2
80 84
1 7 2
359 366
1 6 2
222 564
1 11 2
482 670
1 11 2
329 352
1 6 2
5 401
1 7 2
188 541
1 17 2
104 558
1 13 2
357 475
1 4 2
144 577
1 20 2
511 527
1 9 2
182 403
1 11 2
397 501
1 20 2
164 587
1 8 2
541 637
1 8 2
171 670
1 14 2
139 220
1 19 2
402 485
1 4 2
52 687
1 11 2
506 694
1 13 2
16 257
1 6 2
356 406
1 5 2
514 684
1 9 2
183 339
1 6 2
522 642
1 13 2
303 362
1 8 2
475 628
1 13 2
116 259
1 4 2
608 635
1 17 2
651 663
1 3 2
192 467
1 11 2
38 166
1 18 2
314 554
1 15 2
448 450
1 5 2
245 586
1 12 2
602 651
1 19 2
12 596
1 8 2
553 555
1 18 2
139 547
1 9 2
277 342
1 9 2
90 248
1 8 2
473 500
1 13 2
380 591
1 7 2
1 8
1 11 2
493 666
1 13 2
41 330
1 12 2
307 685
1 18 2
142 237
1 9 2
252 520
1 9 2
44 466
1 11 2
79 533
1 20 2
327 511
1 6 2
276 688
1 11 2
150 526
1 3 2
486 577
1 20 2
3 364
1 9 2
78 128
1 12 2
314 518
1 12 2
41 438
1 14 2
501 617
1 8 2
0 118
1 13 2
388 614
1 7 2
298 391
1 11 2
51 675
1 17 2
3 421
1 10 2
45 83
1 11 2
116 648
1 9 2
450 480
1 17 2
421 492
1 6 2
439 607
1 14 2
511 580
1 10 2
49 163
1 4 2
32 398
1 10 2
368 389
1 10 2
506 603
1 9 2
231 390
1 9 2
72 542
1 3 2
157 184
1 8 2
21 374
1 10 2
623 653
1 12 2
341 692
1 15 2
16 470
1 19 2
426 587
1 11 2
167 439
1 9 2
262 529
1 11 2
47 695
1 12 2
325 408
1 15 2
270 611
1 16 2
361 663
1 13 2
502 611
1 8 2
298 563
1 6 2
14 211
1 5 2
567 619
1 8 2
30 515
1 18 2
104 110
1 12 2
357 648
1 14 2
3 665
1 9 2
270 533
1 14 2
474 651
1 18 2
218 681
1 12 2
525 684
1 11 2
121 682
1 7 2
440 457
1 18 2
531 576
1 14 2
199 247
1 17 2
84 234
1 4 2
144 232
1 14 2
267 326
1 7 2
122 188
1 13 2
59 484
1 3 2
183 422
1 6 2
191 567
1 7 2
103 543
1 5 2
521 662
1 16 2
368 558
1 12 2
206 502
1 4 2
383 406
1 9 2
154 602
1 6 2
114 387
1 16 2
122 597
1 10 2
241 691
1 15 2
51 361
1 7 2
353 460
1 10 2
179 404
1 11 2
23 653
1 14 2
70 490
1 13 2
197 678
1 10 2
222 299
1 11 2
116 163
1 2 2
157 467
1 10 2
143 511
1 17 2
357 650
1 12 2
529 690
1 8 2
223 505
1 14 2
61 678
1 13 2
338 472
1 10 2
118 200
1 15 2
109 432
1 8 2
99 163
1 14 2
595 597
1 13 2
100 476
1 11 2
326 616
1 20 2
483 492
1 10 2
176 270
1 6 2
85 269
1 14 2
237 362
1 11 2
254 574
1 11 2
64 387
1 13 2
441 647
1 9 2
145 403
1 8 2
59 385
1 8 2
42 496
1 16 2
18 168
1 17 2
327 681
1 12 2
215 403
1 11 2
1 678
1 15 2
500 581
1 6 2
411 640
1 11 2
316 572
1 2 2
227 544
1 12 2
242 585
1 4 2
411 672
1 15 2
0 206
1 14 2
6 246
1 20 2
534 650
1 15 2
51 228
1 12 2
361 476
1 4 2
54 535
1 14 2
408 633
1 16 2
380 596
1 18 2
435 632
1 7 2
209 236
1 11 2
298 631
1 2 2
280 578
1 18 2
511 674
1 11 2
166 282
1 8 2
22 478
1 14 2
321 541
1 9 2
551 680
1 16 2
116 454
1 15 2
113 390
1 18 2
206 554
1 16 2
58 310
1 8 2
65 643
1 12 2
352 667
1 7 2
465 626
1 7 2
308 693
1 15 2
242 562
1 12 2
311 679
1 20 2
142 511
1 10 2
128 653
1 6 2
228 287
1 20 2
57 424
1 10 2
107 585
1 14 2
508 519
1 16 2
95 435
1 10 2
207 295
1 6 2
121 699
1 15 2
234 297
1 4 2
523 683
1 8 2
274 308
1 12 2
390 451
1 7 2
43 648
1 9 2
25 222
1 11 2
210 215
1 5 2
134 169
1 11 2
136 428
1 7 2
187 594
1 14 2
325 655
1 13 2
352 374
1 10 2
96 549
1 15 2
12 345
1 6 2
272 273
1 12 2
523 576
1 11 2
259 685
1 9 2
187 580
1 13 2
109 633
1 11 2
113 564
1 6 2
67 115
1 9 2
16 300
1 18 2
101 500
1 17 2
139 653
1 8 2
299 422
1 10 2
70 451
1 8 2
315 486
1 9 2
110 629
1 8 2
25 465
1 14 2
334 338
1 15 2
303 653
1 12 2
310 615
1 12 2
87 364
1 4 2
82 156
1 6 2
608 657
1 15 2
1 576
1 9 2
22 177
1 8 2
88 152
1 17 2
258 647
1 6 2
444 680
1 17 2
18 293
1 10 2
332 368
1 8 2
90 594
1 6 2
244 337
1 13 2
451 632
1 9 2
67 667
1 16 2
364 470
1 18 2
130 158
1 7 2
18 445
1 13 2
163 511
1 6 2
465 604
1 14 2
318 561
1 16 2
6 261
1 10 2
186 640
1 7 2
268 491
1 7 2
305 588
1 5 2
575 598
1 14 2
270 534
1 9 2
98 587
1 10 2
91 191
1 7 2
66 120
1 15 2
293 421
1 14 2
524 531
1 7 2
83 360
1 9 2
447 647
1 10 2
476 614
1 18 2
364 431
1 10 2
470 533
1 12 2
123 597
1 6 2
412 428
1 11 2
418 569
1 18 2
12 414
1 8 2
44 133
1 3 2
385 613
1 15 2
65 84
1 13 2
9 404
1 5 2
107 618
1 9 2
201 310
1 7 2
173 191
1 4 2
433 578
1 10 2
100 512
1 8 2
341 665
1 10 2
91 565
1 5 2
170 425
1 11 2
96 384
1 6 2
25 612
1 8 2
4 491
1 14 2
85 503
1 14 2
197 361
1 8 2
488 534
1 11 2
122 688
1 7 2
348 411
1 7 2
376 669
1 8 2
95 274
1 8 2
111 476
1 8 2
147 697
1 11 2
33 500
1 5 2
328 518
1 6 2
86 419
1 13 2
130 224
1 11 2
316 561
1 17 2
237 576
1 7 2
312 400
1 11 2
196 509
1 8 2
372 396
1 12 2
161 243
1 12 2
147 219
1 8 2
175 608
1 9 2
318 605
1 20 2
57 174
1 6 2
24 391
1 9 2
353 480
1 13 2
67 632
1 8 2
247 397
1 10 2
507 627
1 16 2
101 508
1 12 2
588 641
1 7 2
366 405
1 3 2
184 376
1 12 2
330 624
1 13 2
185 503
1 14 2
426 581
1 13 2
110 220
1 7 2
179 683
1 17 2
479 522
1 7 2
256 277
1 14 2
338 524
1 4 2
48 486
1 12 2
371 553
1 8 2
258 637
1 14 2
525 641
1 8 2
158 290
1 7 2
116 319
1 14 2
55 483
1 10 2
477 631
1 7 2
661 673
1 10 2
24 122
1 9 2
147 628
1 12 2
205 587
1 9 2
57 605
1 5 2
292 341
1 8 2
36 299
1 11 2
353 459
1 11 2
185 696
1 6 2
590 607
1 6 2
126 283
1 11 2
222 566
1 12 2
326 597
1 11 2
466 499
1 16 2
94 110
1 9 2
90 698
1 8 2
110 677
1 6 2
243 398
1 8 2
27 535
1 5 2
208 418
1 12 2
96 330
1 12 2
362 474
1 4 2
208 645
1 15 2
374 492
1 8 2
180 330
1 6 2
257 625
1 12 2
129 408
1 8 2
132 135
1 17 2
277 479
1 16 2
387 402
1 10 2
191 341
1 17 2
443 482
1 10 2
327 429
1 16 2
133 164
1 12 2
327 384
1 12 2
158 180
1 11 2
49 228
1 9 2
387 676
1 4 2
30 612
1 7 2
59 264
1 8 2
180 648
1 12 2
363 624
1 10 2
122 184
1 11 2
89 273
1 12 2
51 71
1 10 2
78 586
1 8 2
207 386
1 4 2
207 598
1 6 2
68 221
1 9 2
298 673
1 12 2
49 109
1 5 2
10 577
1 13 2
84 666
1 12 2
4 241
1 4 2
115 477
1 13 2
25 321
1 15 2
606 682
1 10 2
78 384
1 3 2
398 445
1 13 2
35 367
1 13 2
113 367
1 8 2
360 414
1 13 2
25 475
1 12 2
77 111
1 11 2
38 659
1 17 2
197 511
1 10 2
472 636
1 11 2
164 233
1 13 2
386 506
1 10 2
326 694
1 6 2
601 616
1 7 2
216 447
1 18 2
307 508
1 6 2
256 348
1 11 2
185 282
1 11 2
441 504
1 16 2
110 199
1 14 2
78 270
1 16 2
189 388
1 15 2
321 421
1 4 2
332 449
1 18 2
435 690
1 12 2
228 346
1 7 2
229 589
1 5 2
433 637
1 5 2
468 660
1 9 2
244 622
1 15 2
168 548
1 10 2
502 572
1 7 2
209 489
1 18 2
77 490
1 4 2
365 673
1 6 2
286 437
1 16 2
35 400
1 13 2
400 673
1 10 2
457 606
1 11 2
47 55
1 13 2
496 584
1 18 2
12 554
1 12 2
94 145
1 10 2
173 414
1 11 2
343 615
1 5 2
123 449
1 15 2
83 496
1 9 2
331 690
1 7 2
348 660
1 10 2
416 605
1 7 2
153 276
1 17 2
139 195
1 16 2
416 644
1 13 2
140 387
1 19 2
78 562
1 4 2
290 358
1 12 2
454 533
1 9 2
558 623
1 17 2
364 657
1 13 2
174 223
1 13 2
79 575
1 5 2
107 235
1 7 2
571 599
1 8 2
106 326
1 11 2
205 562
1 13 2
189 379
1 18 2
35 69
1 6 2
191 290
1 14 2
65 390
1 18 2
53 307
1 13 2
125 150
1 9 2
22 607
1 5 2
153 656
1 4 2
178 397
1 16 2
481 595
1 6 2
63 482
1 7 2
299 324
1 12 2
223 311
1 8 2
441 670
1 8 2
253 378
1 11 2
15 295
1 8 2
187 543
1 8 2
193 277
1 10 2
154 387
1 9 2
320 367
1 13 2
58 489
1 19 2
22 314
1 8 2
646 697
1 7 2
565 642
1 14 2
414 634
1 15 2
220 492
1 9 2
102 662
1 8 2
28 113
1 6 2
31 427
1 18 2
368 534
1 13 2
116 217
1 15 2
77 616
1 6 2
146 422
1 14 2
537 651
1 9 2
47 332
1 10 2
409 504
1 6 2
165 180
1 6 2
43 70
1 15 2
39 104
1 12 2
249 343
1 10 2
439 522
1 10 2
346 536
1 4 2
250 465
1 11 2
533 653
1 10 2
119 674
1 13 2
55 338
1 6 2
398 437
1 20 2
3 175
1 13 2
133 493
1 15 2
317 653
1 13 2
520 537
1 5 2
55 240
1 12 2
12 433
1 16 2
74 175
1 13 2
30 158
1 15 2
541 657
1 10 2
512 595
1 14 2
394 489
1 9 2
347 657
1 14 2
410 692
1 13 2
270 357
1 8 2
296 582
1 11 2
86 147
1 9 2
189 637
1 15 2
59 597
1 10 2
442 624
1 7 2
0 193
1 6 2
325 445
1 14 2
356 692
1 8 2
134 309
1 4 2
2 91
1 11 2
669 670
1 13 2
403 527
1 10 2
245 364
1 5 2
343 530
1 14 2
206 524
1 4 2
517 532
1 7 2
232 338
1 9 2
180 673
1 12 2
583 682
1 14 2
263 561
1 11 2
15 431
1 10 2
140 667
1 10 2
163 335
1 8 2
451 590
1 9 2
216 575
1 11 2
145 626
1 7 2
253 649
1 11 2
156 551
1 7 2
371 590
1 12 2
123 548
1 13 2
503 526
1 12 2
122 660
1 17 2
76 646
1 11 2
246 507
1 6 2
49 395
1 10 2
224 540
1 6 2
179 445
1 16 2
547 569
1 5 2
515 535
1 12 2
80 648
1 10 2
169 174
1 6 2
444 699
1 6 2
665 680
1 20 2
9 611
1 15 2
293 390
1 10 2
43 158
1 11 2
466 526
1 18 2
483 692
1 5 2
26 532
1 7 2
73 380
1 12 2
305 554
1 11 2
121 246
1 12 2
320 576
1 5 2
54 396
1 11 2
185 275
1 16 2
448 454
1 15 2
402 524
1 2 2
114 686
1 11 2
249 441
1 7 2
103 398
1 6 2
49 605
1 11 2
361 559
1 14 2
624 673
1 11 2
113 403
1 5 2
138 207
1 9 2
29 662
1 5 2
179 612
1 8 2
459 636
1 10 2
218 592
1 13 2
626 653
1 13 2
253 307
1 17 2
96 631
1 4 2
128 286
1 12 2
85 338
1 8 2
280 650
1 9 2
321 423
1 8 2
122 469
1 5 2
316 460
1 15 2
267 591
1 2 2
117 698
1 17 2
3 572
1 16 2
100 481
1 6 2
433 603
1 16 2
0 84
1 4 2
127 298
1 13 2
14 663
1 17 2
22 323
1 6 2
445 520
1 8 2
220 495
1 13 2
216 485
1 11 2
252 424
1 5 2
210 486
1 9 2
547 594
1 8 2
69 577
1 3 2
36 521
1 9 2
111 540
1 11 2
213 387
1 9 2
130 250
1 12 2
0 25
1 15 2
9 335
1 11 2
217 526
1 7 2
0 598
1 8 2
113 578
1 14 2
219 531
1 9 2
18 255
1 4 2
305 697
1 13 2
129 551
1 9 2
62 76
1 13 2
40 122
1 9 2
271 482
1 16 2
13 175
1 10 2
340 695
1 12 2
39 565
1 10 2
196 332
1 16 2
104 525
1 4 2
19 552
1 14 2
72 167
1 3 2
48 556
1 11 2
168 539
1 15 2
6 400
1 6 2
192 666
1 15 2
189 249
1 6 2
120 406
1 12 2
349 481
1 14 2
22 346
1 18 2
12 479
1 20 2
500 624
1 12 2
145 647
1 20 2
322 650
1 10 2
277 518
1 13 2
77 604
1 10 2
31 522
1 14 2
546 647
1 8 2
419 506
1 14 2
321 323
1 17 2
631 632
1 8 2
189 434
1 10 2
254 495
1 17 2
200 496
1 5 2
157 185
1 8 2
170 569
1 16 2
168 258
1 12 2
228 357
1 4 2
382 649
1 11 2
197 559
1 13 2
501 523
1 20 2
416 454
1 15 2
599 669
1 14 2
134 596
1 7 2
207 619
1 10 2
518 606
1 11 2
314 350
1 9 2
234 329
1 6 2
210 233
1 18 2
51 261
1 15 2
476 511
1 9 2
111 379
1 10 2
20 657
1 8 2
141 298
1 8 2
297 532
1 19 2
27 75
1 8 2
464 617
1 18 2
508 663
1 3 2
201 232
1 2 2
556 577
1 14 2
99 492
1 15 2
13 195
1 19 2
500 690
1 5 2
588 693
1 8 2
261 376
1 5 2
87 238
1 6 2
29 328
1 7 2
232 681
1 5 2
580 686
1 6 2
172 191
1 16 2
9 282
1 8 2
379 461
1 15 2
75 220
1 9 2
364 480
1 11 2
86 466
1 16 2
275 547
1 16 2
175 589
1 11 2
424 607
1 9 2
401 664
1 12 2
309 485
1 19 2
175 669
1 9 2
391 664
1 13 2
25 522
1 5 2
462 543
1 9 2
419 647
1 6 2
0 288
1 18 2
534 631
1 10 2
186 543
1 12 2
16 403
1 9 2
307 427
1 12 2
563 641
1 15 2
315 390
1 8 2
86 502
1 20 2
84 562
1 7 2
82 503
1 11 2
252 453
1 17 2
113 611
1 20 2
75 78
1 8 2
519 610
1 6 2
172 573
1 10 2
187 224
1 11 2
13 171
1 9 2
543 644
1 17 2
75 110
1 14 2
179 681
1 6 2
86 417
1 14 2
261 475
1 2 2
11 556
1 5 2
33 347
1 15 2
282 297
1 13 2
104 391
1 10 2
299 337
1 20 2
84 587
1 11 2
506 588
1 12 2
246 366
1 8 2
303 521
1 9 2
234 389
1 12 2
261 471
1 6 2
70 393
1 9 2
450 513
1 20 2
416 534
1 7 2
43 466
1 9 2
74 391
1 13 2
189 568
1 5 2
137 284
1 4 2
488 563
1 13 2
130 564
1 13 2
80 537
1 5 2
418 672
1 18 2
400 562
1 18 2
364 682
1 14 2
116 122
1 4 2
465 478
1 10 2
121 133
1 10 2
602 694
1 19 2
443 611
1 6 2
455 652
1 14 2
168 179
1 9 2
6 643
1 4 2
63 309
1 13 2
95 268
1 9 2
160 237
1 16 2
38 158
1 13 2
47 466
1 17 2
150 611
1 11 2
260 303
1 6 2
387 430
1 8 2
74 649
1 8 2
403 678
1 7 2
118 257
1 4 2
344 369
1 11 2
489 648
1 7 2
212 572
1 14 2
314 581
1 13 2
67 426
1 11 2
228 546
1 5 2
589 693
1 17 2
136 302
1 14 2
186 268
1 14 2
431 504
1 14 2
267 664
1 9 2
403 472
1 3 2
458 517
1 7 2
529 667
1 9 2
92 315
1 20 2
41 76
1 19 2
139 527
1 10 2
223 696
1 8 2
423 504
1 9 2
639 682
1 9 2
546 573
1 12 2
125 644
1 16 2
492 569
1 8 2
574 583
1 4 2
442 579
1 10 2
65 374
1 8 2
178 565
1 15 2
388 493
1 9 2
165 308
1 16 2
633 682
1 17 2
322 682
1 17 2
104 599
1 10 2
18 152
1 13 2
67 110
1 18 2
479 501
1 9 2
187 428
1 11 2
357 679
1 7 2
8 525
1 7 2
593 632
1 7 2
539 623
1 14 2
206 589
1 8 2
243 489
1 7 2
44 476
1 12 2
10 246
1 10 2
517 611
1 10 2
220 665
1 8 2
37 470
1 6 2
234 535
1 11 2
251 492
1 7 2
48 588
1 9 2
193 372
1 8 2
49 137
1 4 2
188 363
1 15 2
314 367
1 6 2
452 572
1 15 2
353 636
1 15 2
1 303
1 9 2
34 88
1 9 2
382 407
1 10 2
9 413
1 5 2
236 612
1 14 2
326 553
1 15 2
569 631
1 11 2
559 646
1 14 2
47 307
1 4 2
274 526
1 9 2
49 244
1 14 2
0 195
1 18 2
76 263
1 9 2
398 638
1 4 2
279 412
1 8 2
56 606
1 17 2
78 453
1 10 2
203 426
1 17 2
431 566
1 5 2
184 603
1 16 2
35 94
1 19 2
481 547
1 10 2
477 562
1 7 2
19 366
1 6 2
185 521
1 20 2
485 596
1 17 2
120 416
1 5 2
301 494
1 6 2
49 683
1 19 2
566 663
1 13 2
408 669
1 6 2
141 629
1 5 2
34 398
1 14 2
84 223
1 12 2
400 583
1 9 2
102 341
1 20 2
104 547
1 12 2
45 267
1 17 2
414 647
1 11 2
216 525
1 15 2
421 520
1 7 2
288 655
1 13 2
259 602
1 11 2
296 614
1 11 2
74 602
1 16 2
113 674
1 14 2
182 611
1 12 2
147 346
1 14 2
216 690
1 13 2
1 379
1 11 2
367 627
1 19 2
454 611
1 17 2
100 218
1 12 2
58 383
1 14 2
51 356
1 4 2
138 687
1 12 2
25 540
1 6 2
362 697
1 14 2
57 141
1 18 2
364 553
1 6 2
32 182
1 7 2
5 141
1 12 2
548 673
1 9 2
396 692
1 10 2
275 425
1 15 2
553 558
1 11 2
68 242
1 10 2
52 75
1 16 2
96 335
1 10 2
96 369
1 8 2
236 238
1 7 2
138 456
1 12 2
35 444
1 7 2
252 425
1 20 2
450 554
1 10 2
5 130
1 11 2
465 492
1 7 2
439 502
1 6 2
28 366
1 4 2
34 209
1 9 2
161 557
1 6 2
166 396
1 18 2
164 632
1 10 2
379 581
1 9 2
135 305
1 10 2
69 221
1 8 2
88 178
1 4 2
252 642
1 7 2
200 642
1 5 2
449 456
1 8 2
36 199
1 10 2
214 443
1 9 2
625 692
1 6 2
185 532
1 14 2
474 541
1 9 2
187 574
1 9 2
248 293
1 9 2
197 397
1 13 2
150 216
1 17 2
22 263
1 4 2
42 497
1 15 2
49 432
1 13 2
454 678
1 4 2
204 332
1 13 2
120 273
1 12 2
303 600
1 12 2
218 350
1 5 2
605 685
1 5 2
232 484
1 12 2
248 650
1 4 2
252 677
1 14 2
466 558
1 7 2
214 561
1 5 2
257 360
1 12 2
362 541
1 10 2
262 580
1 12 2
424 573
1 11 2
597 630
1 13 2
30 650
1 9 2
380 412
1 9 2
216 223
1 11 2
134 338
1 8 2
412 638
1 5 2
517 609
1 11 2
413 624
1 5 2
557 664
1 8 2
299 601
1 11 2
137 479
1 7 2
259 642
1 14 2
317 641
1 13 2
346 597
1 5 2
24 436
1 14 2
602 611
1 15 2
146 508
1 16 2
97 189
1 2 2
373 642
1 8 2
337 572
1 9 2
229 368
1 11 2
197 539
1 8 2
111 533
1 7 2
318 544
1 19 2
261 481
1 10 2
374 626
1 7 2
323 686
1 14 2
197 247
1 11 2
21 390
1 8 2
73 135
1 11 2
357 665
1 6 2
557 561
1 8 2
130 555
1 10 2
59 462
1 8 2
72 143
1 12 2
107 490
1 8 2
263 677
1 14 2
281 325
1 7 2
262 698
1 14 2
39 443
1 10 2
40 489
1 8 2
239 629
1 8 2
170 293
1 14 2
534 539
1 16 2
51 125
1 20 2
218 587
1 10 2
653 688
1 10 2
205 206
1 13 2
3 89
1 11 2
562 679
1 14 2
479 617
1 12 2
53 71
1 15 2
368 657
1 9 2
293 609
1 8 2
271 546
1 3 2
183 292
1 10 2
57 686
1 7 2
207 666
1 11 2
83 559
1 5 2
661 699
1 16 2
25 479
1 6 2
559 699
1 12 2
156 197
1 5 2
629 667
1 12 2
71 511
1 13 2
129 657
1 14 2
113 196
1 6 2
165 590
1 15 2
481 684
1 8 2
263 480
1 4 2
487 542
1 13 2
35 524
1 12 2
237 583
1 11 2
40 293
1 6 2
109 545
1 10 2
499 599
1 5 2
17 510
1 7 2
45 433
1 9 2
173 641
1 9 2
448 543
1 15 2
113 303
1 16 2
129 353
1 6 2
107 462
1 6 2
252 461
1 6 2
34 602
1 15 2
16 105
1 2 2
160 285
1 7 2
5 241
1 14 2
72 470
1 18 2
113 531
1 5 2
0 240
1 9 2
217 260
1 9 2
216 539
1 11 2
243 387
1 10 2
371 537
1 5 2
370 459
1 10 2
226 550
1 14 2
129 669
1 11 2
356 634
1 7 2
376 466
1 11 2
57 369
1 15 2
22 366
1 9 2
210 242
1 11 2
3 464
1 7 2
358 679
1 8 2
384 684
1 13 2
522 585
1 14 2
25 681
1 12 2
466 523
1 19 2
435 534
1 14 2
306 585
1 14 2
122 185
1 11 2
176 520
1 14 2
262 303
1 6 2
177 472
1 15 2
431 470
1 11 2
313 432
1 14 2
146 435
1 15 2
387 394
1 17 2
58 77
1 14 2
339 520
1 8 2
187 447
1 10 2
207 372
1 15 2
220 587
1 7 2
64 176
1 14 2
40 481
1 14 2
167 216
1 13 2
454 526
1 13 2
547 694
1 8 2
44 368
1 11 2
103 195
1 14 2
13 38
1 14 2
18 140
1 13 2
301 443
1 13 2
78 451
1 17 2
3 522
1 9 2
490 497
1 5 2
277 612
1 7 2
332 477
1 11 2
57 201
1 12 2
296 595
1 14 2
334 482
1 13 2
158 635
1 16 2
25 453
1 8 2
434 646
1 16 2
122 339
1 8 2
87 597
1 12 2
343 496
1 5 2
17 472
1 10 2
340 455
1 12 2
437 547
1 3 2
162 463
1 19 2
35 432
1 4 2
63 526
1 7 2
48 648
1 4 2
198 478
1 13 2
6 140
1 9 2
74 248
1 6 2
382 580
1 17 2
474 511
1 17 2
453 548
1 7 2
180 332
1 9 2
8 624
1 8 2
158 395
1 3 2
170 535
1 7 2
14 21
1 11 2
119 352
1 12 2
394 484
1 8 2
0 213
1 10 2
86 234
1 7 2
260 309
1 8 2
148 554
1 7 2
53 98
1 12 2
78 226
1 19 2
314 414
1 10 2
398 453
1 11 2
47 673
1 18 2
53 566
1 4 2
409 498
1 7 2
38 419
1 12 2
171 669
1 7 2
145 640
1 8 2
262 649
1 6 2
316 381
1 12 2
472 647
1 7 2
25 420
1 13 2
122 678
1 7 2
161 460
1 13 2
632 685
1 11 2
249 309
1 9 2
323 661
1 4 2
229 620
1 9 2
140 276
1 11 2
243 483
1 15 2
408 531
1 16 2
88 189
1 9 2
315 688
1 13 2
321 615
1 11 2
323 437
1 8 2
676 682
1 18 2
490 534
1 18 2
259 587
1 8 2
315 319
1 7 2
38 429
1 8 2
509 609
1 14 2
356 576
1 10 2
143 527
1 7 2
556 611
1 6 2
32 281
1 6 2
165 301
1 5 2
209 515
1 12 2
380 551
1 6 2
203 213
1 13 2
41 573
1 11 2
283 482
1 18 2
364 599
1 8 2
64 667
1 15 2
75 695
1 9 2
223 581
1 18 2
206 263
1 7 2
476 549
1 19 2
59 104
1 17 2
311 681
1 12 2
361 614
1 7 2
600 699
1 8 2
348 640
1 7 2
225 646
1 9 2
270 410
1 7 2
342 523
1 18 2
51 197
1 12 2
268 386
1 8 2
203 522
1 7 2
360 537
1 8 2
195 578
1 10 2
350 466
1 9 2
311 639
1 17 2
57 631
1 15 2
481 584
1 6 2
196 445
1 12 2
75 398
1 13 2
409 663
1 10 2
21 72
1 10 2
224 408
1 12 2
53 134
1 13 2
55 669
1 9 2
185 332
1 14 2
13 325
1 16 2
432 475
1 15 2
247 318
1 16 2
508 522
1 13 2
276 500
1 12 2
181 443
1 14 2
10 663
1 11 2
329 453
1 12 2
496 670
1 9 2
213 408
1 5 2
177 666
1 9 2
6 44
1 5 2
244 376
1 8 2
88 491
1 15 2
29 424
1 15 2
327 451
1 8 2
110 255
1 5 2
71 214
1 16 2
334 562
1 10 2
257 568
1 16 2
179 479
1 8 2
459 616
1 11 2
176 334
1 14 2
53 386
1 12 2
88 472
1 10 2
409 524
1 15 2
448 632
1 18 2
79 96
1 14 2
310 470
1 8 2
24 321
1 16 2
496 646
1 8 2
241 575
1 15 2
200 281
1 4 2
103 117
1 20 2
69 174
1 9 2
570 694
1 9 2
236 265
1 10 2
321 358
1 5 2
21 549
1 13 2
527 666
1 4 2
8 609
1 14 2
85 501
1 16 2
88 431
1 11 2
539 674
1 7 2
367 442
1 14 2
431 627
1 9 2
96 672
1 12 2
75 378
1 13 2
306 666
1 10 2
217 518
1 7 2
140 221
1 13 2
0 490
1 10 2
626 678
1 10 2
525 588
1 8 2
351 660
1 6 2
33 341
1 12 2
407 575
1 10 2
50 500
1 3 2
413 467
1 8 2
80 628
1 11 2
26 58
1 13 2
69 134
1 10 2
38 403
1 14 2
100 421
1 11 2
258 574
1 6 2
250 614
1 9 2
190 474
1 10 2
472 602
1 2 2
292 668
1 12 2
113 573
1 4 2
459 658
1 8 2
74 349
1 9 2
530 596
1 15 2
587 602
1 12 2
418 674
1 17 2
58 110
1 9 2
504 675
1 14 2
76 257
1 13 2
67 493
1 5 2
573 592
1 9 2
22 434
1 15 2
345 674
1 8 2
223 604
1 13 2
154 596
1 7 2
247 319
1 14 2
168 546
1 9 2
291 424
1 5 2
134 494
1 7 2
127 631
1 13 2
122 441
1 10 2
259 284
1 14 2
267 489
1 13 2
660 663
1 10 2
5 293
1 12 2
322 495
1 8 2
211 591
1 7 2
21 153
1 12 2
216 273
1 6 2
112 120
1 16 2
511 597
1 13 2
76 219
1 5 2
43 384
1 14 2
364 476
1 11 2
143 164
1 5 2
329 378
1 12 2
22 166
1 12 2
121 139
1 18 2
197 562
1 10 2
426 676
1 17 2
199 302
1 17 2
485 576
1 5 2
184 461
1 9 2
192 651
1 1 2
399 528
1 9 2
511 557
1 9 2
104 269
1 2 2
112 291
1 11 2
201 426
1 8 2
159 520
1 17 2
345 414
1 13 2
492 529
1 12 2
439 490
1 7 2
42 695
1 17 2
485 490
1 8 2
58 445
1 17 2
197 311
1 3 2
538 688
1 13 2
167 614
1 2 2
494 556
1 14 2
75 153
1 13 2
509 657
1 5 2
138 586
1 12 2
53 103
1 7 2
411 418
1 8 2
436 636
1 7 2
26 533
1 15 2
94 641
1 8 2
181 270
1 14 2
12 684
1 10 2
241 472
1 8 2
370 466
1 7 2
93 218
1 16 2
90 632
1 10 2
218 620
1 18 2
122 674
1 11 2
68 72
1 3 2
11 592
1 4 2
381 415
1 13 2
164 495
1 10 2
176 509
1 9 2
94 118
1 7 2
268 286
1 4 2
384 396
1 9 2
278 447
1 11 2
509 691
1 17 2
217 218
1 7 2
107 252
1 8 2
563 600
1 7 2
497 615
1 15 2
200 606
1 7 2
226 409
1 4 2
241 689
1 17 2
390 483
1 20 2
139 416
1 10 2
168 363
1 7 2
468 615
1 12 2
243 424
1 10 2
380 518
1 3 2
225 676
1 9 2
330 561
1 6 2
115 335
1 12 2
189 502
1 12 2
97 191
1 18 2
239 454
1 7 2
15 26
1 14 2
121 364
1 17 2
416 493
1 13 2
91 479
1 9 2
121 191
1 8 2
23 224
1 9 2
19 531
1 6 2
385 448
1 13 2
156 632
1 8 2
61 693
1 5 2
52 529
1 9 2
197 359
1 2 2
98 560
1 8 2
107 694
1 12 2
35 438
1 6 2
405 670
1 5 2
183 198
1 7 2
227 317
1 6 2
341 661
1 6 2
0 594
1 6 2
163 319
1 6 2
8 505
1 4 2
223 535
1 7 2
33 134
1 15 2
51 455
1 7 2
271 367
1 16 2
16 448
1 10 2
54 387
1 2 2
114 395
1 12 2
295 446
1 8 2
303 385
1 9 2
281 582
1 16 2
105 311
1 6 2
212 374
1 13 2
323 524
1 12 2
68 541
1 18 2
200 503
1 20 2
3 416
1 11 2
441 597
1 16 2
368 547
1 12 2
314 401
1 7 2
289 450
1 12 2
51 457
1 9 2
346 588
1 7 2
119 145
1 12 2
108 547
1 17 2
562 647
1 15 2
326 531
1 15 2
353 644
1 10 2
12 56
1 9 2
209 303
1 13 2
388 451
1 11 2
200 389
1 10 2
531 676
1 9 2
154 510
1 8 2
88 422
1 11 2
4 341
1 16 2
562 644
1 7 2
359 367
1 14 2
448 522
1 15 2
90 293
1 2 2
148 344
1 14 2
3 505
1 12 2
329 492
1 8 2
54 228
1 7 2
15 495
1 11 2
49 441
1 15 2
189 317
1 8 2
180 437
1 9 2
484 561
1 16 2
4 16
1 8 2
120 331
1 9 2
33 541
1 5 2
210 382
1 17 2
394 653
1 3 2
149 178
1 10 2
412 653
1 13 2
506 509
1 11 2
675 690
1 10 2
70 99
1 13 2
1 275
1 16 2
131 147
1 14 2
105 520
1 7 2
124 366
1 10 2
64 125
1 16 2
572 587
1 14 2
51 67
1 4 2
98 330
1 10 2
195 397
1 8 2
238 525
1 15 2
338 493
1 14 2
435 540
1 11 2
51 389
1 11 2
334 694
1 6 2
54 412
1 6 2
25 467
1 14 2
80 553
1 9 2
370 501
1 7 2
165 584
1 13 2
261 604
1 12 2
194 293
1 10 2
131 579
1 12 2
570 572
1 16 2
125 322
1 9 2
342 597
1 9 2
448 667
1 11 2
186 383
1 7 2
223 444
1 16 2
553 633
1 10 2
302 478
1 18 2
199 492
1 12 2
12 144
1 18 2
455 500
1 8 2
44 546
1 11 2
78 349
1 3 2
497 683
1 5 2
363 396
1 7 2
168 577
1 5 2
15 393
1 9 2
162 657
1 17 2
562 646
1 15 2
367 508
1 5 2
86 385
1 6 2
356 360
1 3 2
300 324
1 15 2
295 339
1 13 2
0 261
1 10 2
77 497
1 10 2
317 619
1 14 2
352 456
1 14 2
59 589
1 17 2
38 327
1 7 2
129 370
1 11 2
249 561
1 11 2
176 390
1 13 2
167 602
1 9 2
91 270
1 13 2
317 644
1 13 2
64 84
1 4 2
274 375
1 7 2
87 379
1 18 2
3 6
1 8 2
23 283
1 10 2
80 343
1 8 2
234 427
1 6 2
207 539
1 9 2
65 573
1 9 2
193 565
1 14 2
638 696
1 5 2
271 609
1 14 2
191 338
1 16 2
129 596
1 3 2
203 452
1 14 2
158 584
1 14 2
310 525
1 10 2
407 679
1 6 2
283 582
1 15 2
234 314
1 11 2
29 599
1 5 2
226 230
1 18 2
237 261
1 10 2
101 590
1 11 2
18 660
1 12 2
293 519
1 15 2
67 492
1 10 2
124 130
1 9 2
380 699
1 12 2
325 441
1 11 2
103 569
1 15 2
296 596
1 9 2
400 521
1 8 2
580 670
1 8 2
43 493
1 12 2
346 455
1 12 2
341 674
1 7 2
37 356
1 11 2
134 448
1 4 2
227 252
1 15 2
38 424
1 9 2
106 368
1 3 2
43 395
1 16 2
353 646
1 13 2
1 217
1 10 2
25 64
1 15 2
500 636
1 11 2
58 398
1 10 2
184 259
1 13 2
123 282
1 13 2
18 441
1 12 2
243 492
1 17 2
641 650
1 15 2
95 308
1 16 2
110 633
1 10 2
43 75
1 16 2
12 325
1 11 2
403 653
1 4 2
205 494
1 14 2
617 681
1 7 2
242 419
1 8 2
327 360
1 7 2
512 590
1 13 2
500 575
1 11 2
246 270
1 9 2
350 546
1 5 2
165 284
1 10 2
179 226
1 8 2
37 215
1 8 2
19 394
1 7 2
580 660
1 17 2
483 674
1 10 2
124 632
1 16 2
566 651
1 9 2
395 562
1 5 2
128 439
1 9 2
262 440
1 17 2
6 492
1 8 2
170 490
1 11 2
428 496
1 7 2
239 557
1 15 2
367 450
1 17 2
466 481
1 7 2
223 471
1 14 2
270 311
1 10 2
53 207
1 9 2
139 233
1 10 2
106 306
1 8 2
42 120
1 11 2
352 392
1 4 2
162 381
1 10 2
78 465
1 10 2
339 398
1 18 2
25 596
1 16 2
59 215
1 11 2
100 446
1 7 2
298 358
1 5 2
502 620
1 13 2
182 217
1 12 2
88 581
1 8 2
151 416
1 11 2
3 397
1 7 2
389 529
1 14 2
123 293
1 18 2
75 100
1 12 2
109 335
1 16 2
247 416
1 5 2
257 557
1 18 2
303 663
1 8 2
507 685
1 12 2
158 502
1 14 2
191 453
1 17 2
311 692
1 18 2
142 553
1 8 2
318 652
1 6 2
223 413
1 17 2
189 353
1 8 2
94 274
1 11 2
471 631
1 15 2
275 692
1 8 2
43 315
1 16 2
174 277
1 11 2
575 657
1 9 2
115 650
1 16 2
75 475
1 14 2
295 638
1 16 2
307 308
1 6 2
111 124
1 12 2
334 591
1 19 2
364 424
1 12 2
338 673
1 9 2
120 349
1 8 2
3 232
1 12 2
327 412
1 12 2
217 403
1 13 2
0 400
1 17 2
308 402
1 7 2
67 87
1 13 2
10 655
1 19 2
51 104
1 5 2
359 499
1 9 2
509 603
1 15 2
572 653
1 17 2
1 479
1 3 2
300 571
1 9 2
282 349
1 4 2
260 567
1 14 2
576 591
1 12 2
72 476
1 7 2
341 398
1 3 2
138 225
1 9 2
33 390
1 10 2
338 351
1 6 2
478 627
1 9 2
90 233
1 8 2
147 517
1 10 2
614 673
1 15 2
76 191
1 9 2
18 159
1 14 2
303 456
1 8 2
159 215
1 13 2
100 408
1 17 2
95 663
1 10 2
33 297
1 6 2
223 375
1 7 2
54 102
1 12 2
210 534
1 11 2
358 632
1 11 2
183 690
1 20 2
508 587
1 13 2
94 361
1 8 2
457 695
1 5 2
543 586
1 7 2
8 83
1 3 2
445 579
1 8 2
24 282
1 6 2
233 510
1 7 2
473 553
1 14 2
441 632
1 12 2
76 564
1 4 2
232 680
1 4 2
477 494
1 12 2
501 610
1 10 2
282 533
1 17 2
576 682
1 8 2
422 435
1 6 2
260 574
1 8 2
562 683
1 13 2
39 595
1 6 2
119 563
1 12 2
596 640
1 9 2
29 171
1 3 2
98 271
1 11 2
21 254
1 14 2
58 584
1 13 2
38 520
1 6 2
159 309
1 15 2
366 663
1 8 2
628 646
1 6 2
11 622
1 7 2
55 319
1 12 2
669 685
1 14 2
407 524
1 9 2
94 393
1 18 2
104 548
1 8 2
447 470
1 13 2
383 481
1 13 2
123 669
1 17 2
77 493
1 11 2
14 576
1 7 2
543 635
1 8 2
160 387
1 8 2
358 410
1 9 2
453 594
1 5 2
494 602
1 19 2
174 311
1 9 2
379 507
1 14 2
4 101
1 12 2
144 554
1 7 2
125 429
1 16 2
483 641
1 13 2
441 453
1 13 2
534 590
1 10 2
547 661
1 7 2
23 241
1 14 2
466 595
1 12 2
340 353
1 7 2
56 666
1 8 2
349 664
1 17 2
200 426
1 7 2
205 484
1 13 2
20 587
1 10 2
38 248
1 11 2
667 669
1 6 2
563 582
1 5 2
177 383
1 15 2
540 692
1 4 2
590 593
1 7 2
141 607
1 10 2
511 618
1 7 2
370 472
1 16 2
299 453
1 11 2
10 626
1 7 2
140 255
1 8 2
506 625
1 9 2
434 631
1 17 2
325 479
1 16 2
94 421
1 8 2
186 429
1 13 2
293 520
1 14 2
455 653
1 12 2
553 694
1 11 2
361 685
1 9 2
339 598
1 18 2
338 479
1 7 2
463 565
1 6 2
226 643
1 20 2
69 450
1 10 2
110 464
1 8 2
276 659
1 17 2
380 503
1 5 2
92 144
1 14 2
537 696
1 6 2
204 591
1 11 2
226 647
1 9 2
351 408
1 9 2
31 626
1 9 2
68 507
1 19 2
267 611
1 7 2
343 375
1 7 2
110 312
1 9 2
559 664
1 14 2
568 611
1 17 2
197 308
1 10 2
540 685
1 8 2
166 533
1 11 2
210 388
1 10 2
135 518
1 17 2
6 79
1 14 2
122 408
1 5 2
330 406
1 7 2
46 615
1 8 2
277 586
1 5 2
0 232
1 11 2
200 363
1 15 2
100 135
1 13 2
418 576
1 11 2
144 674
1 10 2
193 647
1 18 2
261 490
1 12 2
303 619
1 10 2
439 591
1 12 2
191 215
1 12 2
257 657
1 10 2
539 627
1 19 2
481 527
1 6 2
349 574
1 7 2
240 338
1 7 2
9 289
1 17 2
27 254
1 4 2
244 480
1 5 2
412 598
1 7 2
21 243
1 6 2
50 320
1 9 2
102 437
1 10 2
107 242
1 5 2
313 579
1 12 2
246 638
1 13 2
309 587
1 9 2
178 554
1 11 2
419 511
1 20 2
500 587
1 12 2
576 630
1 9 2
111 146
1 8 2
340 630
1 12 2
38 140
1 6 2
127 506
1 5 2
118 319
1 18 2
142 297
1 8 2
296 433
1 8 2
1 567
1 8 2
400 613
1 13 2
6 622
1 7 2
169 475
1 14 2
89 426
1 7 2
36 551
1 12 2
58 518
1 13 2
51 194
1 6 2
594 616
1 11 2
394 564
1 8 2
126 239
1 19 2
104 402
1 9 2
184 197
1 10 2
253 379
1 18 2
16 402
1 4 2
342 463
1 12 2
59 425
1 17 2
263 311
1 10 2
435 675
1 19 2
58 327
1 11 2
327 645
1 15 2
166 218
1 11 2
281 678
1 8 2
60 492
1 13 2
85 307
1 5 2
65 188
1 14 2
186 325
1 9 2
167 233
1 9 2
378 599
1 11 2
108 242
1 3 2
245 671
1 7 2
7 16
1 9 2
199 447
1 18 2
372 432
1 14 2
400 448
1 15 2
35 295
1 14 2
88 179
1 15 2
110 278
1 5 2
103 395
1 13 2
425 450
1 3 2
66 618
1 10 2
189 260
1 17 2
317 352
1 16 2
57 386
1 13 2
438 650
1 10 2
433 506
1 7 2
579 583
1 5 2
312 316
1 10 2
189 645
1 17 2
511 653
1 5 2
123 458
1 11 2
297 301
1 11 2
471 669
1 10 2
86 125
1 8 2
372 494
1 15 2
561 650
1 6 2
216 377
1 11 2
9 586
1 14 2
186 606
1 9 2
134 510
1 5 2
56 205
1 4 2
347 395
1 12 2
339 510
1 15 2
161 380
1 12 2
147 446
1 7 2
330 397
1 7 2
136 683
1 16 2
475 587
1 14 2
327 505
1 18 2
311 632
1 13 2
96 523
1 5 2
245 499
1 3 2
128 155
1 7 2
362 549
1 14 2
570 682
1 14 2
129 307
1 7 2
171 515
1 6 2
48 574
1 8 2
382 390
1 8 2
93 454
1 2 2
240 683
1 9 2
503 605
1 15 2
59 191
1 17 2
53 632
1 14 2
496 622
1 4 2
363 639
1 10 2
306 640
1 12 2
527 665
1 13 2
317 591
1 4 2
422 675
1 6 2
615 642
1 9 2
25 411
1 5 2
155 236
1 4 2
37 143
1 14 2
113 475
1 13 2
228 674
1 18 2
237 547
1 18 2
84 254
1 10 2
223 520
1 12 2
246 367
1 6 2
135 458
1 8 2
133 398
1 17 2
311 655
1 14 2
339 646
1 14 2
484 511
1 7 2
65 124
1 14 2
394 504
1 8 2
147 532
1 7 2
276 662
1 17 2
96 199
1 12 2
226 674
1 16 2
142 591
1 9 2
268 438
1 3 2
288 329
1 8 2
62 258
1 11 2
302 442
1 3 2
233 385
1 12 2
421 573
1 9 2
323 542
1 6 2
252 590
1 17 2
258 303
1 5 2
491 574
1 17 2
3 550
1 12 2
51 320
1 14 2
267 666
1 6 2
213 423
1 9 2
172 481
1 14 2
164 451
1 14 2
236 435
1 4 2
184 697
1 17 2
4 322
1 16 2
448 531
1 12 2
40 368
1 8 2
461 617
1 15 2
175 408
1 7 2
448 661
1 12 2
80 216
1 5 2
269 575
1 20 2
96 318
1 14 2
268 323
1 4 2
412 420
1 11 2
348 627
1 11 2
624 667
1 11 2
53 284
1 13 2
372 510
1 7 2
541 571
1 7 2
119 409
1 12 2
16 409
1 14 2
503 635
1 13 2
134 302
1 6 2
92 180
1 3 2
256 535
1 19 2
35 500
1 3 2
152 235
1 14 2
135 506
1 4 2
81 320
1 13 2
295 317
1 8 2
37 431
1 6 2
387 473
1 13 2
163 311
1 18 2
110 527
1 12 2
426 438
1 10 2
90 243
1 8 2
176 573
1 7 2
436 523
1 13 2
247 595
1 8 2
103 180
1 7 2
376 641
1 3 2
52 698
1 17 2
281 302
1 10 2
485 549
1 6 2
505 513
1 13 2
454 589
1 14 2
187 372
1 15 2
327 367
1 17 2
41 633
1 13 2
6 346
1 13 2
123 317
1 14 2
261 386
1 15 2
525 632
1 7 2
81 496
1 12 2
248 663
1 8 2
169 558
1 8 2
94 359
1 11 2
454 628
1 10 2
293 391
1 10 2
306 347
1 8 2
78 274
1 14 2
18 635
1 15 2
321 653
1 11 2
26 663
1 12 2
166 455
1 13 2
448 520
1 13 2
182 306
1 15 2
130 540
1 17 2
41 334
1 10 2
236 614
1 12 2
433 511
1 17 2
174 490
1 17 2
576 663
1 8 2
68 401
1 7 2
228 256
1 12 2
197 568
1 12 2
9 71
1 13 2
29 421
1 16 2
293 414
1 8 2
376 624
1 11 2
15 569
1 8 2
128 246
1 4 2
436 677
1 9 2
590 591
1 18 2
164 261
1 19 2
161 353
1 11 2
72 489
1 13 2
299 616
1 6 2
171 649
1 14 2
295 357
1 3 2
92 212
1 7 2
262 517
1 11 2
485 515
1 13 2
69 276
1 16 2
296 327
1 12 2
205 424
1 10 2
519 546
1 9 2
168 331
1 14 2
456 485
1 7 2
409 579
1 15 2
246 394
1 7 2
81 681
1 10 2
124 424
1 11 2
51 438
1 4 2
111 530
1 5 2
33 238
1 7 2
472 623
1 10 2
353 405
1 10 2
217 457
1 17 2
78 195
1 12 2
86 318
1 18 2
78 547
1 14 2
25 455
1 10 2
83 640
1 16 2
261 674
1 10 2
196 210
1 10 2
89 525
1 7 2
39 676
1 5 2
213 359
1 12 2
421 664
1 9 2
206 376
1 12 2
537 694
1 6 2
274 367
1 16 2
147 566
1 8 2
610 662
1 5 2
560 580
1 17 2
206 490
1 9 2
375 537
1 19 2
416 450
1 14 2
268 553
1 2 2
288 354
1 19 2
511 690
1 10 2
146 678
1 12 2
500 628
1 12 2
4 99
1 11 2
20 531
1 11 2
35 564
1 8 2
411 622
1 8 2
270 401
1 17 2
135 511
1 17 2
104 147
1 11 2
147 583
1 14 2
570 663
1 6 2
229 580
1 4 2
252 686
1 13 2
278 614
1 12 2
576 610
1 8 2
261 545
1 8 2
59 204
1 9 2
275 284
1 18 2
424 624
1 10 2
126 663
1 14 2
323 696
1 16 2
189 576
1 9 2
140 383
1 12 2
59 223
1 9 2
265 317
1 11 2
65 166
1 8 2
530 653
1 19 2
69 631
1 17 2
307 485
1 10 2
153 651
1 8 2
121 320
1 5 2
340 545
1 5 2
169 301
1 7 2
265 678
1 15 2
96 346
1 6 2
349 397
1 18 2
175 297
1 13 2
489 501
1 8 2
296 680
1 10 2
485 680
1 17 2
500 525
1 10 2
367 404
1 14 2
35 380
1 12 2
424 579
1 10 2
49 665
1 10 2
318 319
1 10 2
281 665
1 7 2
644 687
1 6 2
335 514
1 10 2
0 145
1 18 2
76 692
1 5 2
153 598
1 18 2
158 682
1 13 2
89 416
1 15 2
110 357
1 9 2
33 501
1 7 2
329 502
1 9 2
54 356
1 10 2
476 659
1 9 2
257 437
1 7 2
113 177
1 10 2
426 687
1 4 2
20 230
1 12 2
21 501
1 18 2
9 674
1 9 2
179 679
1 14 2
113 326
1 9 2
46 200
1 15 2
179 485
1 9 2
474 512
1 17 2
302 657
1 5 2
73 121
1 17 2
352 674
1 12 2
6 604
1 15 2
75 636
1 16 2
18 631
1 9 2
90 138
1 7 2
20 298
1 8 2
258 395
1 8 2
332 444
1 7 2
282 697
1 12 2
182 655
1 8 2
45 270
1 16 2
597 650
1 17 2
259 311
1 14 2
241 454
1 15 2
182 500
1 16 2
327 504
1 10 2
414 517
1 10 2
96 201
1 13 2
334 475
1 15 2
239 576
1 7 2
428 499
1 8 2
254 516
1 16 2
74 311
1 6 2
127 321
1 16 2
18 388
1 8 2
346 512
1 9 2
19 161
1 16 2
474 479
1 10 2
261 370
1 8 2
257 660
1 7 2
190 570
1 11 2
23 421
1 6 2
395 456
1 9 2
234 398
1 6 2
87 176
1 12 2
307 536
1 14 2
167 695
1 9 2
198 599
1 15 2
123 218
1 13 2
175 401
1 16 2
129 450
1 3 2
82 423
1 5 2
31 429
1 13 2
65 95
1 15 2
380 692
1 14 2
179 657
1 9 2
70 241
1 16 2
150 576
1 17 2
9 308
1 10 2
10 451
1 17 2
657 663
1 15 2
88 470
1 11 2
70 345
1 14 2
220 322
1 18 2
278 302
1 10 2
444 696
1 9 2
259 645
1 15 2
310 414
1 4 2
62 461
1 5 2
153 420
1 10 2
47 539
1 12 2
69 413
1 11 2
196 504
1 15 2
426 602
1 11 2
299 580
1 5 2
127 520
1 13 2
308 648
1 16 2
302 597
1 9 2
196 665
1 9 2
125 305
1 12 2
12 134
1 15 2
387 483
1 4 2
405 628
1 5 2
162 579
1 8 2
87 627
1 6 2
86 415
1 6 2
398 563
1 12 2
80 664
1 6 2
44 438
1 8 2
310 513
1 13 2
254 410
1 4 2
128 478
1 5 2
68 683
1 9 2
183 653
1 15 2
338 482
1 7 2
252 617
1 4 2
162 699
1 16 2
197 653
1 18 2
4 596
1 6 2
232 489
1 7 2
77 304
1 11 2
524 615
1 8 2
437 670
1 9 2
295 457
1 6 2
381 600
1 15 2
35 299
1 9 2
141 589
1 10 2
194 408
1 18 2
57 501
1 7 2
98 380
1 20 2
76 352
1 6 2
328 673
1 7 2
152 551
1 10 2
321 397
1 14 2
49 100
1 8 2
102 118
1 4 2
271 462
1 11 2
258 438
1 15 2
182 485
1 6 2
183 371
1 10 2
37 511
1 11 2
158 358
1 8 2
296 461
1 5 2
163 406
1 12 2
242 509
1 9 2
167 231
1 8 2
121 134
1 13 2
316 565
1 11 2
187 551
1 9 2
130 629
1 8 2
323 381
1 17 2
164 595
1 3 2
188 413
1 11 2
99 281
1 12 2
247 617
1 14 2
77 451
1 10 2
58 649
1 15 2
310 682
1 15 2
281 547
1 13 2
210 416
1 11 2
407 574
1 18 2
485 531
1 16 2
482 690
1 6 2
36 185
1 12 2
441 482
1 7 2
292 455
1 3 2
225 291
1 14 2
511 519
1 11 2
447 531
1 7 2
291 644
1 9 2
105 477
1 12 2
88 156
1 9 2
161 221
1 11 2
394 412
1 16 2
59 654
1 6 2
578 617
1 9 2
231 651
1 12 2
207 218
1 6 2
567 685
1 9 2
80 662
1 15 2
306 522
1 8 2
13 126
1 16 2
314 633
1 13 2
275 597
1 13 2
401 414
1 7 2
249 377
1 9 2
165 669
1 11 2
69 699
1 17 2
76 297
1 10 2
36 527
1 10 2
184 293
1 10 2
338 433
1 5 2
127 386
1 17 2
503 595
1 7 2
1 494
1 6 2
227 268
1 7 2
512 559
1 11 2
630 644
1 8 2
111 561
1 8 2
219 533
1 11 2
57 212
1 6 2
411 699
1 11 2
603 663
1 13 2
47 357
1 8 2
224 526
1 16 2
78 321
1 16 2
1 414
1 11 2
293 446
1 6 2
81 242
1 10 2
255 302
1 2 2
231 336
1 15 2
558 651
1 12 2
129 346
1 5 2
62 446
1 4 2
392 535
1 4 2
52 392
1 9 2
174 422
1 14 2
432 604
1 5 2
20 211
1 9 2
79 245
1 7 2
257 661
1 10 2
49 507
1 12 2
38 622
1 9 2
106 361
1 13 2
96 583
1 11 2
77 118
1 10 2
626 659
1 9 2
512 569
1 16 2
534 551
1 13 2
348 611
1 15 2
95 200
1 5 2
445 475
1 8 2
13 598
1 17 2
18 681
1 14 2
25 83
1 9 2
72 260
1 7 2
35 538
1 14 2
261 509
1 12 2
122 351
1 11 2
275 410
1 6 2
199 473
1 15 2
53 277
1 19 2
27 500
1 9 2
68 502
1 19 2
75 261
1 9 2
145 351
1 7 2
341 383
1 10 2
91 470
1 7 2
347 660
1 9 2
105 329
1 5 2
71 675
1 3 2
512 544
1 11 2
49 379
1 18 2
259 424
1 9 2
241 635
1 13 2
72 306
1 5 2
33 192
1 11 2
96 347
1 12 2
110 134
1 6 2
138 180
1 7 2
14 665
1 4 2
292 433
1 13 2
506 599
1 9 2
394 532
1 13 2
387 551
1 15 2
140 174
1 2 2
157 169
1 15 2
483 606
1 7 2
171 265
1 10 2
56 414
1 15 2
146 663
1 7 2
367 468
1 12 2
15 424
1 8 2
626 640
1 6 2
488 696
1 11 2
267 349
1 9 2
48 695
1 17 2
306 669
1 16 2
58 470
1 9 2
474 477
1 6 2
522 612
1 17 2
61 453
1 8 2
192 524
1 7 2
392 575
1 12 2
131 561
1 13 2
275 310
1 3 2
556 607
1 9 2
432 621
1 7 2
184 695
1 19 2
61 161
1 19 2
78 84
1 8 2
301 630
1 17 2
501 669
1 7 2
211 589
1 6 2
154 623
1 11 2
84 190
1 8 2
34 501
1 9 2
12 42
1 3 2
37 360
1 12 2
476 641
1 8 2
3 458
1 7 2
411 441
1 17 2
53 167
1 11 2
144 394
1 15 2
35 490
1 8 2
186 393
1 11 2
48 57
1 12 2
105 275
1 15 2
338 681
1 15 2
186 394
1 12 2
630 651
1 16 2
147 387
1 14 2
74 631
1 11 2
295 383
1 10 2
251 414
1 8 2
54 67
1 20 2
479 527
1 17 2
258 426
1 17 2
104 295
1 5 2
190 643
1 10 2
185 638
1 5 2
73 276
1 8 2
78 637
1 9 2
489 519
1 6 2
216 592
1 8 2
370 597
1 11 2
4 444
1 13 2
79 559
1 6 2
107 688
1 12 2
14 206
1 7 2
35 294
1 11 2
483 645
1 7 2
452 466
1 17 2
59 122
1 11 2
351 496
1 6 2
537 544
1 11 2
259 573
1 17 2
78 101
1 13 2
562 694
1 14 2
353 626
1 8 2
474 698
1 10 2
146 685
1 10 2
122 329
1 8 2
415 418
1 20 2
432 450
1 9 2
177 511
1 17 2
84 506
1 11 2
299 694
1 12 2
40 88
1 15 2
101 576
1 18 2
59 426
1 16 2
508 520
1 17 2
161 655
1 17 2
195 483
1 5 2
33 54
1 9 2
478 534
1 7 2
115 338
1 9 2
405 682
1 10 2
423 682
1 20 2
479 508
1 12 2
485 526
1 14 2
448 606
1 11 2
349 454
1 12 2
339 600
1 14 2
638 647
1 12 2
113 563
1 15 2
595 674
1 7 2
285 547
1 7 2
338 494
1 18 2
322 553
1 16 2
94 197
1 18 2
58 158
1 10 2
172 650
1 9 2
15 85
1 18 2
455 587
1 14 2
372 509
1 17 2
273 511
1 7 2
606 629
1 8 2
254 521
1 8 2
85 111
1 13 2
440 508
1 5 2
324 619
1 10 2
255 611
1 6 2
54 680
1 12 2
348 388
1 8 2
45 410
1 10 2
194 362
1 4 2
463 680
1 16 2
275 511
1 9 2
158 287
1 17 2
130 357
1 13 2
167 581
1 10 2
411 641
1 14 2
175 507
1 16 2
76 80
1 9 2
379 543
1 11 2
206 586
1 9 2
588 678
1 16 2
553 657
1 12 2
224 295
1 13 2
241 481
1 16 2
16 195
1 11 2
510 597
1 8 2
274 368
1 13 2
40 508
1 11 2
30 295
1 6 2
141 698
1 12 2
599 617
1 4 2
156 528
1 19 2
237 481
1 11 2
228 570
1 10 2
13 440
1 9 2
411 493
1 7 2
186 639
1 9 2
408 440
1 15 2
353 540
1 13 2
339 659
1 10 2
475 636
1 13 2
68 136
1 8 2
311 324
1 10 2
26 339
1 15 2
65 587
1 8 2
44 321
1 9 2
522 579
1 4 2
172 427
1 11 2
321 691
1 12 2
145 282
1 17 2
258 669
1 5 2
52 107
1 14 2
400 636
1 14 2
301 531
1 9 2
34 479
1 3 2
126 373
1 8 2
599 628
1 15 2
317 483
1 15 2
59 470
1 11 2
321 678
1 15 2
12 246
1 8 2
172 576
1 10 2
306 649
1 11 2
314 347
1 9 2
66 130
1 9 2
101 549
1 12 2
246 472
1 8 2
18 114
1 8 2
578 663
1 12 2
432 675
1 4 2
415 625
1 11 2
345 363
1 7 2
55 286
1 10 2
583 635
1 15 2
356 443
1 3 2
222 373
1 14 2
30 164
1 15 2
38 122
1 4 2
81 437
1 16 2
131 186
1 5 2
14 370
1 13 2
316 496
1 5 2
20 396
1 11 2
205 682
1 4 2
378 613
1 9 2
73 353
1 10 2
322 324
1 16 2
310 503
1 17 2
508 633
1 11 2
228 242
1 17 2
315 481
1 12 2
470 684
1 14 2
0 453
1 7 2
346 623
1 18 2
454 508
1 18 2
318 490
1 11 2
582 587
1 11 2
293 438
1 8 2
464 509
1 7 2
63 454
1 13 2
68 632
1 13 2
108 481
1 10 2
241 504
1 9 2
44 674
1 12 2
135 484
1 7 2
106 341
1 5 2
336 684
1 3 2
461 467
1 8 2
17 78
1 15 2
314 356
1 15 2
585 611
1 9 2
58 359
1 11 2
125 685
1 10 2
252 548
1 14 2
503 670
1 13 2
307 570
1 7 2
344 525
1 12 2
263 340
1 16 2
58 186
1 11 2
58 391
1 11 2
371 669
1 5 2
114 341
1 13 2
357 615
1 4 2
132 286
1 11 2
3 5
1 11 2
407 439
1 15 2
247 443
1 12 2
493 568
1 15 2
263 380
1 6 2
296 689
1 8 2
253 675
1 7 2
214 216
1 8 2
475 661
1 12 2
40 101
1 10 2
56 161
1 20 2
314 587
1 9 2
161 601
1 4 2
360 384
1 10 2
248 674
1 6 2
43 219
1 14 2
322 685
1 12 2
539 624
1 17 2
136 562
1 8 2
273 629
1 9 2
0 401
1 12 2
189 224
1 8 2
32 453
1 9 2
309 408
1 20 2
104 161
1 9 2
26 615
1 17 2
421 554
1 4 2
89 593
1 9 2
368 392
1 8 2
25 331
1 7 2
46 219
1 3 2
413 608
1 12 2
450 665
1 20 2
76 327
1 9 2
220 559
1 8 2
85 181
1 11 2
6 71
1 6 2
2 321
1 8 2
222 630
1 7 2
138 684
1 10 2
276 606
1 20 2
302 547
1 19 2
364 562
1 14 2
466 548
1 8 2
158 452
1 6 2
375 391
1 13 2
68 485
1 7 2
85 697
1 7 2
29 128
1 15 2
51 475
1 4 2
201 382
1 12 2
606 644
1 16 2
147 624
1 14 2
101 657
1 5 2
71 513
1 14 2
168 282
1 15 2
158 249
1 18 2
175 307
1 10 2
386 439
1 6 2
129 621
1 14 2
95 522
1 6 2
55 625
1 7 2
171 347
1 8 2
92 466
1 12 2
472 482
1 16 2
366 481
1 12 2
281 346
1 11 2
8 164
1 8 2
41 290
1 15 2
95 158
1 13 2
432 451
1 4 2
14 240
1 15 2
179 624
1 17 2
100 416
1 5 2
140 693
1 15 2
366 450
1 17 2
27 485
1 5 2
32 536
1 10 2
46 531
1 14 2
361 387
1 9 2
19 443
1 19 2
218 485
1 19 2
161 534
1 14 2
315 595
1 19 2
41 254
1 9 2
320 695
1 8 2
136 637
1 11 2
558 619
1 15 2
475 511
1 12 2
78 444
1 10 2
254 543
1 16 2
531 644
1 11 2
14 641
1 10 2
301 520
1 10 2
124 306
1 9 2
49 213
1 6 2
198 559
1 12 2
94 588
1 9 2
195 427
1 11 2
249 523
1 9 2
84 422
1 8 2
411 448
1 13 2
110 570
1 13 2
105 654
1 9 2
48 217
1 11 2
3 190
1 9 2
86 145
1 7 2
201 636
