700 4200 2100
20 5 6 10 13 7 14 12 17 15 14 6 10 22 15 6 5 10 21 6 8 14 10 25 19 20 13 17 23 6 21 22 21 21 19 11 12 8 24 14 14 20 20 14 6 13 8 21 17 19 21 9 16 14 20 10 24 24 23 13 7 12 11 25 25 9 24 5 10 25 15 6 23 24 12 9 22 6 8 11 8 11 25 24 15 12 25 25 21 25 7 24 14 21 24 12 17 5 12 8 8 19 24 5 20 7 14 12 16 21 6 5 24 6 20 19 5 10 25 9 17 24 19 5 8 24 13 20 6 11 22 19 22 18 20 14 18 13 7 14 15 7 10 16 9 18 21 20 18 20 23 12 5 7 12 5 9 13 19 18 20 19 19 13 5 23 19 19 10 16 22 18 15 22 8 18 23 13 18 16 23 18 19 23 20 5 25 12 12 19 24 11 21 25 6 13 9 20 20 13 19 6 13 25 23 5 11 22 20 8 12 13 9 12 10 21 14 25 22 14 9 13 16 17 15 22 13 21 10 22 7 15 20 16 15 12 24 19 23 10 22 14 5 20 9 6 15 25 18 5 24 14 21 11 24 25 16 23 19 15 22 11 17 14 19 7 6 25 25 5 20 23 21 21 16 18 15 24 6 12 8 16 10 9 6 22 5 6 15 5 6 23 7 9 22 21 9 9 11 10 8 14 9 17 15 6 6 22 15 25 12 12 18 12 13 14 17 23 9 14 25 6 17 7 11 21 7 11 14 9 19 15 20 10 7 5 9 17 9 25 12 11 19 14 12 14 18 7 19 6 13 11 23 5 21 19 22 25 5 7 7 7 21 12 6 19 6 16 21 15 8 14 25 15 15 17 21 25 25 25 20 9 6 14 14 14 16 15 25 19 16 7 25 5 23 22 15 5 6 10 6 11 7 21 14 21 19 7 18 15 25 6 20 5 5 14 12 5 7 13 5 5 24 14 17 11 19 15 23 12 14 25 10 11 5 22 21 12 6 15 21 19 14 24 13 15 13 21 6 5 18 5 24 12 9 7 5 18 18 10 22 6 11 21 25 16 10 11 18 8 12 10 11 13 8 18 7 18 14 16 18 22 11 15 5 21 24 20 20 18 7 7 11 15 7 10 14 19 12 6 19 8 14 14 5 17 19 12 9 16 11 23 14 15 13 14 14 14 15 15 22 7 10 17 17 8 7 15 9 6 24 10 18 25 25 11 21 14 18 20 24 6 25 19 24 24 14 19 9 16 9 16 22 19 10 17 11 18 23 19 9 24 19 14 8 7 14 23 7 20 13 7 17 15 14 11 23 17 25 5 24 13 15 19 5 11 23 6 21 18 5 21 5 10 5 13 24 6 5 12 23 21 24 7 9 17 10 13 16 11 16 18 25 9 7 8 9 19 19 5 16 20 12 5 18 16 7 6 22 13 22 14 23 25 16 22 12 7 10 21 16 25 22 13 15 7 19 25 23 24 18 16 18 12 15 8 21 25 22 22 5 13 20 22 18 25 21 6 17 5 21 17 6 15 24 12 14 18 22 5 21 22 15 7 19 22 6 6 24 8 6 19 20 24 17 12 19 15 18 22
7 7 19 11 11 18 18 18 19 10 10 10 14 18 13 17 18 5 10 13 16 19 4 10 15 11 17 5 3 13 3 11 10 14 4 4 3 7 9 16 9 3 10 19 6 7 8 7 11 10 17 6 14 4 5 4 13 4 18 13 7 13 20 8 10 20 9 20 5 16 15 19 12 5 10 6 12 7 6 3 12 15 9 20 13 5 18 10 3 6 17 10 15 12 5 7 12 20 10 8 11 3 6 8 12 11 11 6 3 4 11 12 15 8 18 15 16 16 11 20 14 13 11 6 16 5 5 15 20 16 13 10 13 15 9 7 17 13 13 11 17 6 17 4 4 15 14 12 14 18 7 17 17 18 15 6 12 10 18 15 7 5 6 13 16 19 11 16 19 10 4 3 12 11 9 9 20 13 18 8 5 9 8 8 4 16 3 14 14 8 3 16 16 11 19 5 13 11 20 19 11 6 13 8 3 17 4 16 14 6 13 8 12 16 7 7 9 8 15 11 9 5 16 14 3 3 16 5 14 3 11 4 17 6 15 18 10 6 16 18 5 15 14 12 11 15 17 9 10 20 5 12 6 7 9 14 13 20 17 7 5 12 13 15 9 18 16 19 12 9 18 13 16 16 19 10 4 14 15 20 12 20 5 16 17 6 17 6 18 9 7 6 17 19 9 18 4 15 17 19 20 14 19 19 13 14 17 10 12 20 5 13 19 16 11 14 11 5 3 19 5 14 16 7 7 14 12 15 16 19 3 11 4 17 16 9 17 4 13 6 10 15 10 19 17 7 7 13 9 7 6 15 14 16 8 8 19 11 7 5 18 9 15 6 7 17 6 10 20 10 17 3 4 17 19 15 16 9 5 3 5 9 11 11 5 18 15 10 15 5 15 6 13 17 14 11 15 13 7 6 6 12 11 3 12 12 9 3 6 7 3 5 7 10 19 6 10 15 4 19 12 12 9 12 7 18 15 17 5 7 9 5 16 9 9 3 6 11 3 10 8 18 17 10 20 16 6 3 6 17 4 6 8 6 17 19 10 13 19 8 5 12 20 14 6 8 17 9 14 10 18 12 7 4 11 20 19 3 19 7 17 11 4 15 14 14 9 13 15 15 7 6 17 15 12 4 13 7 9 9 16 18 17 20 12 16 12 11 11 6 3 12 7 17 7 10 12 11 20 16 6 13 9 4 10 6 14 18 20 13 18 13 19 7 6 13 4 9 4 17 5 15 11 17 12 10 16 15 15 19 13 10 20 13 5 14 3 13 11 9 13 4 10 19 19 4 18 18 4 4 14 5 16 16 3 7 16 15 14 5 19 11 16 15 3 6 14 4 18 14 20 8 10 15 19 19 9 19 14 7 6 9 14 15 18 9 3 12 12 20 12 11 3 20 18 9 5 19 20 15 8 6 20 14 18 12 19 5 5 11 18 6 4 9 4 17 6 14 11 11 9 9 6 8 12 20 12 4 18 3 16 11 13 8 10 5 15 15 19 16 11 4 18 20 19 7 5 6 12 10 12 15 12 12 18 6 7 10 20 19 15 18 18 16 18 11 8 9 12 12 14 17 10 8 15 4 4 18 19 20
1 3 2
7 490
1 11 2
47 108
1 9 2
391 542
1 4 2
108 266
1 13 2
42 457
1 12 2
72 503
1 14 2
596 605
1 8 2
27 429
1 8 2
3 273
1 19 2
165 540
1 11 2
345 520
1 8 2
292 422
1 17 2
325 602
1 12 2
148 312
1 8 2
87 382
1 13 2
147 589
1 4 2
11 515
1 7 2
92 682
1 13 2
158 406
1 8 2
135 634
1 4 2
319 400
1 8 2
70 517
1 11 2
232 304
1 13 2
148 362
1 6 2
202 241
1 11 2
25 140
1 6 2
156 605
1 11 2
617 671
1 5 2
35 319
1 16 2
443 463
1 7 2
387 607
1 12 2
233 436
1 10 2
262 589
1 2 2
77 361
1 5 2
476 640
1 9 2
552 653
1 13 2
50 232
1 7 2
78 147
1 15 2
539 680
1 10 2
453 666
1 17 2
72 642
1 14 2
23 483
1 10 2
12 150
1 15 2
149 165
1 9 2
54 74
1 14 2
452 555
1 13 2
178 405
1 12 2
92 612
1 10 2
389 503
1 8 2
368 482
1 8 2
3 215
1 15 2
161 236
1 17 2
189 641
1 16 2
659 699
1 14 2
354 389
1 6 2
248 418
1 17 2
580 628
1 7 2
523 636
1 7 2
609 652
1 6 2
274 327
1 19 2
203 257
1 16 2
57 368
1 7 2
437 573
1 12 2
179 285
1 10 2
200 222
1 7 2
148 213
1 12 2
450 684
1 7 2
215 461
1 19 2
23 693
1 2 2
522 594
1 10 2
177 198
1 13 2
147 380
1 8 2
557 622
1 18 2
28 561
1 16 2
203 559
1 3 2
526 556
1 7 2
264 548
1 14 2
222 410
1 14 2
520 532
1 12 2
43 372
1 5 2
334 673
1 9 2
554 600
1 8 2
340 477
1 16 2
257 395
1 11 2
4 520
1 17 2
13 268
1 7 2
421 630
1 14 2
198 539
1 7 2
325 521
1 14 2
28 162
1 13 2
125 549
1 19 2
534 693
1 10 2
253 352
1 7 2
213 651
1 6 2
476 650
1 6 2
7 385
1 9 2
419 652
1 12 2
43 236
1 10 2
517 652
1 8 2
329 583
1 6 2
449 559
1 11 2
352 416
1 13 2
477 586
1 6 2
181 290
1 12 2
224 481
1 8 2
166 327
1 10 2
555 620
1 6 2
157 575
1 5 2
455 651
1 7 2
314 367
1 13 2
49 332
1 11 2
140 639
1 13 2
167 536
1 6 2
182 360
1 3 2
360 622
1 19 2
238 277
1 16 2
121 258
1 11 2
41 328
1 10 2
341 486
1 8 2
229 318
1 11 2
317 343
1 2 2
499 689
1 17 2
165 632
1 20 2
647 693
1 17 2
197 649
1 5 2
155 175
1 18 2
56 165
1 20 2
250 542
1 11 2
291 314
1 11 2
516 658
1 5 2
44 312
1 10 2
208 631
1 16 2
150 662
1 15 2
118 698
1 5 2
329 384
1 16 2
193 557
1 12 2
465 685
1 18 2
586 648
1 11 2
267 282
1 4 2
51 467
1 8 2
262 453
1 17 2
25 542
1 17 2
204 227
1 18 2
410 558
1 15 2
64 108
1 9 2
22 252
1 3 2
417 471
1 9 2
170 363
1 20 2
118 578
1 6 2
273 417
1 12 2
146 671
1 18 2
378 658
1 11 2
49 145
1 8 2
10 303
1 14 2
276 693
1 19 2
170 186
1 7 2
4 620
1 12 2
72 224
1 6 2
346 474
1 12 2
177 648
1 14 2
536 692
1 17 2
42 64
1 12 2
137 372
1 12 2
169 662
1 14 2
48 254
1 15 2
27 377
1 10 2
331 389
1 14 2
136 511
1 15 2
352 650
1 7 2
137 651
1 7 2
424 675
1 5 2
123 457
1 11 2
273 610
1 10 2
280 377
1 17 2
89 243
1 9 2
478 694
1 14 2
215 691
1 12 2
96 273
1 20 2
86 186
1 12 2
102 231
1 9 2
160 636
1 11 2
670 676
1 15 2
31 658
1 15 2
240 680
1 7 2
233 433
1 16 2
558 591
1 13 2
40 86
1 9 2
406 570
1 9 2
381 545
1 15 2
175 357
1 16 2
602 618
1 5 2
345 399
1 16 2
47 76
1 14 2
133 447
1 4 2
16 52
1 16 2
160 170
1 15 2
32 639
1 10 2
570 663
1 7 2
105 692
1 11 2
210 665
1 12 2
112 139
1 20 2
193 674
1 10 2
643 659
1 12 2
112 514
1 16 2
190 412
1 3 2
155 344
1 13 2
617 639
1 6 2
244 654
1 10 2
368 416
1 9 2
419 506
1 12 2
337 656
1 12 2
126 544
1 14 2
317 624
1 12 2
9 663
1 7 2
4 551
1 9 2
36 237
1 14 2
583 642
1 11 2
139 463
1 11 2
47 430
1 14 2
112 223
1 18 2
252 464
1 11 2
91 327
1 18 2
207 254
1 7 2
385 676
1 13 2
339 442
1 13 2
260 610
1 9 2
444 621
1 12 2
234 460
1 13 2
395 625
1 14 2
118 246
1 10 2
161 631
1 15 2
628 691
1 8 2
261 441
1 8 2
196 648
1 6 2
297 605
1 18 2
294 464
1 12 2
267 546
1 6 2
123 642
1 17 2
530 630
1 6 2
275 568
1 13 2
52 57
1 13 2
362 468
1 12 2
250 563
1 18 2
89 173
1 14 2
197 685
1 12 2
485 555
1 9 2
320 597
1 7 2
51 506
1 11 2
173 234
1 13 2
10 665
1 5 2
668 672
1 3 2
470 590
1 11 2
507 665
1 18 2
66 486
1 13 2
232 332
1 8 2
349 665
1 11 2
184 573
1 14 2
30 365
1 15 2
346 534
1 8 2
193 290
1 12 2
150 445
1 9 2
218 556
1 17 2
285 642
1 10 2
333 443
1 9 2
110 431
1 13 2
512 612
1 6 2
412 598
1 14 2
322 428
1 5 2
29 513
1 2 2
326 672
1 15 2
109 376
1 20 2
379 544
1 7 2
322 416
1 8 2
8 415
1 8 2
6 9
1 10 2
261 540
1 11 2
135 552
1 4 2
526 682
1 6 2
416 697
1 19 2
72 102
1 13 2
24 646
1 11 2
114 386
1 13 2
388 518
1 17 2
72 511
1 6 2
279 314
1 13 2
247 546
1 18 2
83 395
1 9 2
339 469
1 15 2
56 572
1 18 2
203 600
1 7 2
182 381
1 8 2
369 555
1 5 2
263 433
1 10 2
101 274
1 8 2
240 604
1 9 2
112 526
1 14 2
88 362
1 16 2
237 247
1 14 2
58 408
1 9 2
214 229
1 10 2
208 328
1 9 2
139 171
1 6 2
445 522
1 16 2
441 665
1 17 2
193 270
1 10 2
204 554
1 9 2
473 696
1 10 2
106 646
1 4 2
276 323
1 17 2
307 630
1 12 2
104 337
1 12 2
56 315
1 7 2
55 316
1 10 2
360 392
1 13 2
70 452
1 8 2
253 506
1 18 2
602 699
1 10 2
233 424
1 9 2
64 597
1 4 2
153 371
1 8 2
94 434
1 13 2
132 281
1 9 2
426 575
1 16 2
69 617
1 16 2
330 357
1 15 2
285 500
1 15 2
27 633
1 12 2
145 463
1 9 2
33 531
1 6 2
29 477
1 12 2
154 320
1 4 2
2 319
1 15 2
348 648
1 13 2
460 572
1 17 2
54 203
1 7 2
235 518
1 14 2
480 545
1 5 2
65 470
1 4 2
3 550
1 20 2
464 632
1 10 2
45 376
1 7 2
33 587
1 11 2
130 496
1 13 2
45 641
1 8 2
328 549
1 13 2
180 303
1 13 2
537 612
1 8 2
261 342
1 10 2
136 224
1 14 2
252 539
1 14 2
120 307
1 17 2
378 488
1 8 2
440 501
1 10 2
399 460
1 4 2
469 473
1 8 2
521 670
1 7 2
161 525
1 15 2
94 145
1 14 2
355 600
1 12 2
515 596
1 15 2
120 193
1 13 2
179 632
1 12 2
39 56
1 13 2
83 246
1 7 2
323 684
1 2 2
592 619
1 12 2
310 357
1 8 2
262 502
1 18 2
192 647
1 11 2
84 122
1 12 2
88 120
1 17 2
83 536
1 12 2
599 647
1 10 2
237 634
1 15 2
264 580
1 15 2
88 368
1 12 2
356 478
1 7 2
274 574
1 9 2
274 409
1 12 2
599 633
1 14 2
268 625
1 4 2
361 573
1 12 2
182 375
1 12 2
139 339
1 5 2
598 694
1 11 2
272 430
1 18 2
66 132
1 11 2
277 535
1 17 2
218 257
1 8 2
220 539
1 10 2
270 574
1 6 2
459 479
1 12 2
43 431
1 8 2
133 261
1 11 2
106 632
1 6 2
163 595
1 2 2
293 579
1 12 2
208 549
1 6 2
195 695
1 13 2
339 385
1 14 2
405 559
1 8 2
69 451
1 3 2
151 155
1 10 2
454 486
1 20 2
57 203
1 12 2
132 385
1 12 2
641 675
1 5 2
235 606
1 10 2
121 214
1 16 2
354 630
1 14 2
93 232
1 11 2
396 666
1 3 2
95 420
1 7 2
509 595
1 17 2
376 377
1 14 2
519 578
1 11 2
120 181
1 19 2
23 257
1 16 2
193 488
1 18 2
377 403
1 13 2
172 649
1 8 2
604 639
1 9 2
223 373
1 13 2
200 588
1 6 2
226 235
1 6 2
302 611
1 12 2
48 412
1 12 2
647 695
1 11 2
498 674
1 9 2
74 232
1 19 2
94 561
1 9 2
519 617
1 5 2
253 675
1 8 2
427 517
1 6 2
5 171
1 10 2
371 380
1 16 2
125 463
1 10 2
263 662
1 14 2
150 589
1 11 2
339 599
1 9 2
503 509
1 9 2
136 177
1 11 2
13 473
1 6 2
476 532
1 8 2
588 606
1 5 2
139 341
1 6 2
329 493
1 12 2
294 527
1 15 2
339 523
1 6 2
249 487
1 19 2
431 693
1 12 2
39 520
1 14 2
567 652
1 6 2
136 359
1 3 2
220 360
1 11 2
256 538
1 8 2
426 695
1 14 2
183 365
1 15 2
31 588
1 11 2
447 573
1 20 2
23 534
1 6 2
188 427
1 16 2
388 468
1 8 2
259 518
1 20 2
28 534
1 20 2
83 89
1 9 2
31 333
1 16 2
146 632
1 5 2
302 563
1 7 2
399 477
1 6 2
162 627
1 18 2
588 665
1 15 2
132 680
1 14 2
63 427
1 12 2
408 621
1 12 2
70 567
1 17 2
372 506
1 9 2
396 684
1 9 2
312 442
1 5 2
78 573
1 6 2
402 553
1 6 2
253 518
1 13 2
160 500
1 8 2
56 598
1 14 2
254 671
1 13 2
386 648
1 10 2
216 506
1 12 2
54 222
1 13 2
91 625
1 19 2
69 481
1 8 2
162 314
1 5 2
367 597
1 15 2
395 621
1 2 2
124 499
1 10 2
492 688
1 6 2
436 672
1 12 2
567 651
1 10 2
85 685
1 13 2
578 682
1 13 2
13 27
1 11 2
250 467
1 11 2
544 643
1 8 2
181 202
1 11 2
36 558
1 12 2
6 422
1 10 2
263 642
1 8 2
0 151
1 13 2
540 608
1 6 2
208 590
1 7 2
371 675
1 9 2
215 466
1 6 2
300 577
1 6 2
116 354
1 16 2
64 237
1 13 2
33 303
1 5 2
494 551
1 4 2
499 503
1 9 2
147 466
1 9 2
430 500
1 9 2
215 575
1 15 2
250 543
1 12 2
57 595
1 7 2
154 316
1 11 2
422 498
1 8 2
399 488
1 4 2
314 571
1 8 2
99 481
1 13 2
31 143
1 19 2
73 277
1 6 2
258 603
1 6 2
136 293
1 11 2
342 577
1 15 2
247 640
1 12 2
390 536
1 6 2
266 692
1 10 2
440 695
1 15 2
260 441
1 5 2
71 275
1 15 2
562 649
1 16 2
520 635
1 5 2
461 652
1 12 2
190 473
1 10 2
191 317
1 14 2
58 275
1 14 2
523 612
1 12 2
191 641
1 16 2
257 354
1 9 2
534 615
1 17 2
380 612
1 18 2
558 628
1 13 2
563 665
1 13 2
82 301
1 15 2
218 681
1 9 2
203 326
1 11 2
279 632
1 14 2
316 693
1 12 2
243 375
1 4 2
265 502
1 17 2
586 658
1 12 2
547 553
1 17 2
130 576
1 5 2
444 510
1 12 2
340 578
1 14 2
63 634
1 12 2
204 385
1 14 2
677 693
1 13 2
167 208
1 8 2
523 570
1 6 2
76 152
1 12 2
589 621
1 9 2
105 357
1 6 2
96 613
1 14 2
27 86
1 15 2
523 533
1 9 2
122 139
1 4 2
575 593
1 12 2
160 262
1 14 2
136 486
1 11 2
27 167
1 7 2
97 250
1 15 2
485 621
1 5 2
454 516
1 10 2
572 650
1 6 2
25 421
1 15 2
73 559
1 13 2
104 295
1 11 2
237 605
1 6 2
1 149
1 12 2
536 572
1 11 2
94 444
1 15 2
69 275
1 13 2
479 674
1 5 2
60 427
1 9 2
173 606
1 4 2
231 603
1 8 2
304 328
1 9 2
523 546
1 13 2
145 412
1 14 2
169 339
1 17 2
130 207
1 4 2
279 381
1 13 2
488 553
1 13 2
32 426
1 6 2
16 109
1 6 2
279 518
1 14 2
275 307
1 9 2
396 524
1 15 2
64 303
1 17 2
73 663
1 10 2
188 272
1 5 2
249 505
1 6 2
402 506
1 7 2
213 304
1 16 2
118 696
1 16 2
309 553
1 12 2
332 480
1 16 2
63 303
1 18 2
218 674
1 11 2
390 691
1 8 2
79 406
1 17 2
342 657
1 12 2
303 588
1 4 2
563 619
1 11 2
33 84
1 20 2
530 533
1 14 2
42 132
1 12 2
112 503
1 9 2
40 346
1 17 2
25 544
1 10 2
154 170
1 11 2
210 580
1 5 2
333 444
1 12 2
190 537
1 8 2
60 394
1 14 2
112 668
1 4 2
347 496
1 9 2
148 439
1 15 2
87 605
1 11 2
275 650
1 9 2
66 90
1 17 2
118 252
1 7 2
258 381
1 9 2
39 559
1 14 2
122 569
1 9 2
527 668
1 11 2
392 606
1 5 2
326 549
1 7 2
265 621
1 6 2
59 106
1 9 2
353 388
1 14 2
252 406
1 10 2
389 483
1 15 2
225 354
1 20 2
357 372
1 15 2
536 588
1 16 2
254 621
1 8 2
135 502
1 18 2
186 642
1 13 2
150 608
1 7 2
317 619
1 17 2
552 649
1 11 2
221 680
1 9 2
4 131
1 15 2
238 264
1 7 2
291 619
1 7 2
163 331
1 9 2
232 444
1 10 2
330 518
1 16 2
376 658
1 7 2
46 559
1 10 2
277 336
1 10 2
403 570
1 4 2
473 598
1 13 2
8 356
1 14 2
255 483
1 12 2
295 555
1 8 2
274 514
1 5 2
327 433
1 7 2
26 676
1 19 2
580 641
1 9 2
495 552
1 13 2
257 551
1 13 2
91 374
1 9 2
351 656
1 8 2
43 640
1 7 2
36 234
1 9 2
148 172
1 12 2
339 351
1 13 2
612 697
1 18 2
63 588
1 13 2
104 468
1 6 2
509 638
1 5 2
222 381
1 15 2
236 624
1 4 2
3 459
1 2 2
421 494
1 2 2
123 333
1 10 2
216 601
1 10 2
126 295
1 17 2
197 693
1 3 2
421 522
1 8 2
280 403
1 11 2
52 562
1 18 2
352 693
1 15 2
87 624
1 11 2
122 316
1 14 2
258 699
1 14 2
102 479
1 9 2
608 697
1 19 2
372 699
1 2 2
461 623
1 4 2
111 654
1 10 2
285 566
1 9 2
98 127
1 17 2
87 325
1 12 2
49 197
1 7 2
456 641
1 13 2
25 691
1 8 2
94 269
1 15 2
611 693
1 12 2
107 377
1 8 2
23 269
1 7 2
291 420
1 12 2
331 699
1 12 2
66 310
1 8 2
481 614
1 14 2
258 271
1 20 2
89 544
1 13 2
272 275
1 18 2
481 657
1 9 2
248 429
1 14 2
375 540
1 16 2
32 225
1 6 2
360 652
1 8 2
170 593
1 13 2
378 513
1 9 2
17 678
1 13 2
506 569
1 5 2
358 547
1 11 2
352 695
1 12 2
9 428
1 10 2
368 599
1 8 2
138 291
1 20 2
578 688
1 4 2
43 626
1 16 2
207 403
1 12 2
481 608
1 11 2
31 137
1 13 2
553 680
1 15 2
339 477
1 12 2
569 698
1 4 2
550 622
1 5 2
402 523
1 16 2
357 389
1 10 2
39 342
1 20 2
64 542
1 9 2
112 655
1 15 2
23 34
1 10 2
308 450
1 4 2
292 629
1 16 2
204 294
1 12 2
135 422
1 4 2
289 610
1 15 2
13 104
1 20 2
89 580
1 8 2
268 421
1 6 2
251 471
1 17 2
158 357
1 3 2
448 528
1 5 2
96 290
1 8 2
4 553
1 13 2
317 322
1 5 2
111 555
1 8 2
136 609
1 2 2
117 434
1 6 2
259 554
1 13 2
301 561
1 10 2
43 131
1 14 2
618 659
1 8 2
8 14
1 15 2
134 649
1 9 2
402 533
1 15 2
534 650
1 12 2
203 340
1 9 2
102 528
1 5 2
430 474
1 12 2
14 176
1 15 2
621 632
1 9 2
30 61
1 14 2
167 601
1 16 2
66 131
1 15 2
588 678
1 10 2
118 265
1 10 2
176 401
1 12 2
154 665
1 11 2
408 605
1 20 2
64 647
1 15 2
25 295
1 10 2
107 485
1 12 2
48 368
1 10 2
588 675
1 17 2
229 659
1 14 2
18 32
1 4 2
5 478
1 6 2
65 505
1 20 2
64 388
1 11 2
191 372
1 2 2
5 687
1 16 2
325 511
1 11 2
354 427
1 19 2
186 452
1 12 2
310 544
1 14 2
147 680
1 13 2
50 450
1 9 2
17 317
1 7 2
503 573
1 9 2
45 189
1 15 2
309 316
1 15 2
47 232
1 15 2
291 557
1 11 2
325 385
1 12 2
165 172
1 8 2
97 203
1 17 2
255 376
1 5 2
61 510
1 10 2
582 646
1 6 2
354 414
1 9 2
377 683
1 10 2
530 609
1 6 2
215 579
1 17 2
57 642
1 14 2
102 181
1 13 2
159 678
1 12 2
534 636
1 10 2
162 445
1 20 2
250 443
1 12 2
127 698
1 16 2
136 267
1 8 2
246 479
1 12 2
207 233
1 7 2
107 169
1 11 2
30 172
1 11 2
121 137
1 15 2
658 659
1 9 2
274 424
1 7 2
353 362
1 14 2
146 489
1 15 2
109 632
1 17 2
42 388
1 9 2
191 460
1 18 2
125 663
1 3 2
22 411
1 8 2
386 546
1 6 2
197 242
1 11 2
87 416
1 20 2
217 379
1 9 2
401 642
1 10 2
355 527
1 7 2
666 686
1 8 2
168 200
1 11 2
79 410
1 20 2
561 674
1 12 2
10 170
1 17 2
180 699
1 13 2
354 555
1 19 2
73 254
1 11 2
192 509
1 7 2
109 280
1 8 2
206 624
1 13 2
227 426
1 16 2
89 618
1 6 2
593 620
1 10 2
312 409
1 18 2
372 440
1 15 2
452 698
1 5 2
248 490
1 9 2
303 439
1 8 2
161 433
1 14 2
114 692
1 10 2
345 685
1 9 2
143 251
1 7 2
312 531
1 15 2
176 355
1 10 2
100 203
1 17 2
562 612
1 16 2
431 696
1 7 2
105 562
1 10 2
477 509
1 9 2
4 136
1 4 2
202 321
1 9 2
439 523
1 10 2
329 339
1 13 2
160 692
1 7 2
228 441
1 3 2
249 343
1 7 2
135 423
1 11 2
186 522
1 10 2
109 163
1 11 2
41 386
1 12 2
442 658
1 3 2
344 686
1 14 2
73 573
1 11 2
26 72
1 11 2
136 256
1 11 2
162 549
1 4 2
364 483
1 10 2
137 663
1 5 2
15 159
1 19 2
112 277
1 9 2
12 680
1 4 2
45 438
1 8 2
281 328
1 8 2
393 443
1 7 2
241 673
1 12 2
493 530
1 14 2
24 463
1 10 2
495 649
1 7 2
295 679
1 12 2
104 618
1 11 2
135 208
1 15 2
13 50
1 14 2
169 250
1 12 2
238 328
1 13 2
192 577
1 7 2
138 240
1 12 2
30 233
1 13 2
166 670
1 4 2
220 338
1 15 2
232 699
1 12 2
373 670
1 10 2
158 519
1 8 2
140 625
1 16 2
545 547
1 14 2
114 666
1 11 2
225 644
1 10 2
202 481
1 13 2
190 396
1 14 2
509 649
1 13 2
544 676
1 12 2
257 274
1 12 2
8 160
1 7 2
182 239
1 2 2
124 306
1 6 2
498 563
1 19 2
236 422
1 14 2
25 436
1 13 2
267 517
1 16 2
18 481
1 11 2
165 319
1 9 2
532 629
1 16 2
352 436
1 13 2
561 566
1 8 2
615 670
1 12 2
84 540
1 13 2
255 512
1 13 2
184 412
1 8 2
519 549
1 11 2
47 566
1 17 2
130 218
1 9 2
213 332
1 10 2
291 616
1 8 2
337 512
1 9 2
9 143
1 15 2
25 486
1 9 2
502 618
1 12 2
53 544
1 13 2
277 573
1 10 2
412 661
1 12 2
368 450
1 7 2
60 621
1 17 2
260 428
1 7 2
228 624
1 12 2
232 458
1 14 2
161 271
1 9 2
322 513
1 15 2
443 589
1 16 2
150 460
1 19 2
254 379
1 12 2
134 572
1 19 2
238 320
1 15 2
176 680
1 4 2
300 599
1 5 2
160 335
1 12 2
373 639
1 20 2
23 647
1 9 2
51 291
1 8 2
8 622
1 12 2
133 475
1 13 2
93 441
1 11 2
235 428
1 8 2
212 362
1 12 2
441 457
1 4 2
251 414
1 10 2
383 488
1 13 2
328 464
1 11 2
325 415
1 4 2
331 571
1 14 2
207 698
1 12 2
436 524
1 15 2
34 339
1 14 2
58 684
1 3 2
414 609
1 13 2
362 408
1 7 2
350 661
1 14 2
586 589
1 17 2
647 691
1 6 2
568 621
1 12 2
403 523
1 12 2
246 685
1 10 2
86 655
1 18 2
86 463
1 14 2
271 348
1 17 2
32 600
1 16 2
32 685
1 15 2
348 452
1 16 2
102 583
1 10 2
276 624
1 6 2
299 343
1 12 2
159 184
1 10 2
204 213
1 7 2
78 440
1 13 2
24 134
1 12 2
106 558
1 6 2
182 584
1 17 2
76 320
1 18 2
165 648
1 10 2
512 547
1 18 2
236 600
1 6 2
631 653
1 18 2
132 647
1 13 2
406 488
1 18 2
69 511
1 18 2
481 542
1 16 2
87 677
1 13 2
178 218
1 14 2
132 559
1 7 2
284 428
1 16 2
23 698
1 9 2
95 264
1 11 2
460 570
1 19 2
190 443
1 15 2
540 559
1 6 2
473 607
1 18 2
91 422
1 2 2
16 75
1 18 2
203 218
1 10 2
25 574
1 8 2
92 479
1 7 2
166 381
1 6 2
46 179
1 11 2
214 464
1 1 2
286 484
1 12 2
226 254
1 16 2
267 562
1 12 2
208 611
1 9 2
181 478
1 8 2
313 458
1 3 2
26 579
1 9 2
80 165
1 3 2
323 363
1 11 2
54 216
1 8 2
223 423
1 14 2
31 342
1 13 2
273 408
1 8 2
143 636
1 5 2
92 302
1 11 2
547 605
1 10 2
624 682
1 12 2
165 513
1 16 2
184 203
1 17 2
204 394
1 9 2
26 332
1 7 2
108 261
1 17 2
197 236
1 6 2
187 607
1 12 2
122 166
1 9 2
22 368
1 5 2
142 473
1 13 2
181 208
1 10 2
118 554
1 18 2
586 628
1 7 2
394 619
1 11 2
107 422
1 17 2
255 332
1 11 2
104 523
1 18 2
317 530
1 15 2
303 464
1 8 2
287 431
1 8 2
303 537
1 9 2
165 209
1 4 2
154 306
1 18 2
240 693
1 9 2
157 617
1 8 2
164 378
1 16 2
268 475
1 10 2
424 634
1 13 2
184 457
1 8 2
336 601
1 10 2
114 423
1 17 2
580 621
1 14 2
294 365
1 13 2
130 577
1 17 2
38 699
1 17 2
149 596
1 8 2
180 397
1 4 2
304 541
1 15 2
190 547
1 20 2
89 190
1 17 2
204 635
1 4 2
2 4
1 15 2
186 233
1 12 2
159 480
1 5 2
44 468
1 6 2
211 631
1 18 2
63 436
1 12 2
76 631
1 4 2
105 371
1 17 2
91 176
1 10 2
45 294
1 13 2
405 458
1 3 2
521 638
1 9 2
243 498
1 17 2
73 170
1 11 2
352 401
1 7 2
111 180
1 11 2
41 479
1 10 2
119 277
1 8 2
475 492
1 7 2
84 210
1 13 2
92 102
1 7 2
6 21
1 10 2
8 288
1 16 2
130 291
1 14 2
148 699
1 8 2
330 636
1 11 2
180 221
1 12 2
146 322
1 4 2
12 296
1 14 2
147 487
1 7 2
99 696
1 8 2
51 435
1 19 2
13 87
1 16 2
602 662
1 15 2
207 270
1 12 2
89 213
1 9 2
431 455
1 12 2
6 83
1 12 2
6 130
1 11 2
218 314
1 19 2
255 632
1 16 2
130 307
1 6 2
406 584
1 14 2
272 539
1 6 2
324 328
1 11 2
250 653
1 13 2
109 569
1 8 2
175 187
1 16 2
477 612
1 12 2
122 175
1 3 2
471 645
1 18 2
125 271
1 11 2
653 678
1 10 2
342 608
1 16 2
252 443
1 7 2
422 623
1 6 2
536 579
1 11 2
279 545
1 5 2
299 515
1 10 2
341 542
1 9 2
52 517
1 10 2
314 569
1 12 2
532 662
1 18 2
66 544
1 9 2
261 569
1 17 2
544 680
1 16 2
125 684
1 7 2
295 590
1 7 2
95 337
1 8 2
322 433
1 9 2
307 695
1 17 2
372 559
1 7 2
99 362
1 15 2
189 435
1 9 2
331 538
1 20 2
250 534
1 12 2
572 699
1 18 2
102 666
1 19 2
66 443
1 20 2
190 647
1 11 2
190 510
1 14 2
668 688
1 6 2
11 34
1 11 2
279 428
1 4 2
123 574
1 13 2
330 389
1 2 2
242 293
1 20 2
23 392
1 12 2
181 680
1 10 2
36 681
1 2 2
153 623
1 8 2
249 268
1 16 2
270 530
1 6 2
67 229
1 14 2
225 611
1 6 2
541 621
1 4 2
400 695
1 3 2
129 278
1 6 2
345 575
1 15 2
532 632
1 16 2
240 463
1 4 2
16 281
1 9 2
259 650
1 17 2
320 330
1 11 2
307 404
1 8 2
562 593
1 4 2
269 651
1 16 2
89 677
1 14 2
374 612
1 19 2
534 648
1 10 2
184 315
1 7 2
20 147
1 12 2
234 567
1 15 2
38 553
1 7 2
613 668
1 9 2
288 424
1 17 2
86 198
1 8 2
356 418
1 13 2
320 384
1 12 2
143 307
1 13 2
273 458
1 13 2
50 389
1 7 2
184 283
1 4 2
7 499
1 8 2
41 351
1 8 2
424 566
1 11 2
303 692
1 17 2
50 190
1 12 2
59 102
1 17 2
630 658
1 11 2
197 276
1 11 2
443 453
1 16 2
392 583
1 11 2
406 573
1 8 2
226 458
1 11 2
493 617
1 7 2
317 687
1 15 2
173 678
1 6 2
227 421
1 13 2
38 259
1 4 2
308 413
1 13 2
148 218
1 14 2
477 685
1 13 2
408 662
1 16 2
87 136
1 15 2
377 589
1 10 2
296 320
1 7 2
185 659
1 3 2
209 381
1 18 2
356 464
1 9 2
134 470
1 7 2
116 431
1 9 2
466 486
1 20 2
186 379
1 12 2
419 530
1 13 2
87 157
1 9 2
367 650
1 6 2
11 588
1 7 2
68 477
1 5 2
278 523
1 5 2
40 60
1 13 2
247 404
1 8 2
505 575
1 11 2
416 632
1 3 2
62 407
1 13 2
64 513
1 15 2
173 692
1 13 2
681 698
1 16 2
435 460
1 17 2
176 540
1 15 2
173 569
1 5 2
278 355
1 12 2
441 696
1 11 2
348 465
1 9 2
531 596
1 17 2
309 656
1 15 2
69 181
1 13 2
145 192
1 6 2
5 181
1 12 2
268 498
1 14 2
567 605
1 10 2
562 634
1 11 2
253 255
1 17 2
57 271
1 18 2
580 642
1 11 2
121 151
1 16 2
33 132
1 15 2
277 355
1 11 2
176 219
1 14 2
108 125
1 17 2
436 580
1 8 2
319 465
1 16 2
170 635
1 10 2
101 331
1 11 2
43 207
1 7 2
137 654
1 8 2
594 612
1 8 2
196 642
1 8 2
144 656
1 5 2
187 324
1 10 2
200 582
1 9 2
568 649
1 15 2
596 618
1 8 2
257 490
1 9 2
27 517
1 12 2
473 544
1 15 2
624 648
1 8 2
535 562
1 9 2
168 254
1 10 2
546 691
1 9 2
147 517
1 17 2
317 403
1 5 2
124 493
1 12 2
342 532
1 13 2
104 332
1 12 2
385 530
1 3 2
128 338
1 14 2
131 576
1 7 2
419 502
1 4 2
360 676
1 17 2
260 693
1 17 2
130 649
1 10 2
213 229
1 8 2
70 595
1 17 2
30 94
1 8 2
333 468
1 12 2
136 677
1 11 2
66 98
1 7 2
55 175
1 16 2
91 198
1 15 2
149 362
1 16 2
76 658
1 8 2
323 663
1 7 2
111 511
1 7 2
96 188
1 13 2
258 621
1 6 2
101 529
1 9 2
98 684
1 9 2
104 310
1 6 2
326 652
1 17 2
431 543
1 7 2
181 282
1 16 2
379 450
1 9 2
13 606
1 8 2
254 672
1 7 2
292 354
1 6 2
6 310
1 5 2
228 473
1 9 2
403 425
1 8 2
450 609
1 9 2
3 112
1 8 2
227 432
1 13 2
73 375
1 9 2
87 174
1 14 2
33 412
1 11 2
34 288
1 16 2
339 652
1 17 2
64 488
1 19 2
422 633
1 10 2
419 441
1 9 2
479 573
1 9 2
516 583
1 15 2
215 642
1 14 2
372 549
1 12 2
14 180
1 18 2
73 271
1 15 2
88 173
1 11 2
570 674
1 7 2
231 350
1 5 2
474 509
1 20 2
125 193
1 14 2
641 673
1 16 2
248 649
1 12 2
159 680
1 11 2
26 362
1 5 2
140 302
1 19 2
38 267
1 18 2
362 486
1 13 2
49 487
1 7 2
353 460
1 15 2
267 303
1 11 2
534 556
1 7 2
340 654
1 14 2
506 628
1 5 2
26 351
1 16 2
150 229
1 7 2
211 233
1 13 2
676 688
1 10 2
140 348
1 3 2
15 85
1 11 2
468 664
1 10 2
557 620
1 12 2
149 551
1 4 2
409 579
1 16 2
166 422
1 8 2
217 347
1 9 2
98 412
1 17 2
30 83
1 16 2
121 696
1 13 2
158 562
1 11 2
472 693
1 15 2
23 159
1 10 2
101 673
1 6 2
465 492
1 17 2
132 165
1 18 2
56 428
1 11 2
43 132
1 13 2
511 555
1 15 2
162 693
1 5 2
375 626
1 10 2
30 253
1 5 2
603 625
1 17 2
13 520
1 7 2
216 385
1 8 2
157 610
1 14 2
272 617
1 6 2
342 587
1 8 2
514 694
1 11 2
380 651
1 17 2
114 580
1 6 2
220 375
1 8 2
293 412
1 6 2
570 661
1 6 2
49 265
1 12 2
372 653
1 17 2
218 635
1 10 2
522 545
1 4 2
226 300
1 10 2
427 539
1 6 2
404 510
1 12 2
572 621
1 14 2
312 602
1 16 2
440 628
1 10 2
139 264
1 8 2
49 429
1 15 2
189 203
1 15 2
307 656
1 19 2
118 635
1 14 2
217 445
1 15 2
250 559
1 9 2
12 481
1 14 2
173 662
1 15 2
559 602
1 13 2
131 552
1 5 2
455 654
1 16 2
380 596
1 10 2
198 546
1 7 2
12 468
1 18 2
377 428
1 20 2
86 534
1 8 2
110 649
1 8 2
125 564
1 10 2
118 142
1 5 2
484 489
1 12 2
224 635
1 4 2
397 610
1 13 2
83 345
1 8 2
87 353
1 5 2
445 525
1 10 2
295 442
1 18 2
317 596
1 13 2
27 567
1 6 2
194 252
1 9 2
56 672
1 10 2
236 522
1 6 2
403 456
1 8 2
176 568
1 8 2
316 343
1 14 2
268 308
1 5 2
494 572
1 7 2
440 474
1 20 2
23 268
1 12 2
147 651
1 14 2
42 93
1 11 2
23 324
1 11 2
158 458
1 14 2
167 663
1 8 2
246 373
1 9 2
350 557
1 15 2
178 558
1 5 2
97 468
1 7 2
381 497
1 13 2
0 198
1 9 2
43 475
1 9 2
224 337
1 7 2
1 291
1 17 2
109 602
1 14 2
255 697
1 13 2
435 671
1 16 2
58 295
1 9 2
446 652
1 6 2
149 679
1 9 2
337 608
1 11 2
38 507
1 11 2
41 108
1 13 2
180 316
1 9 2
275 386
1 15 2
394 405
1 10 2
22 422
1 10 2
467 632
1 4 2
202 645
1 2 2
474 669
1 20 2
388 693
1 14 2
546 633
1 8 2
157 646
1 7 2
14 199
1 5 2
75 137
1 18 2
69 252
1 18 2
601 612
1 11 2
654 692
1 13 2
189 569
1 8 2
387 631
1 11 2
219 252
1 10 2
70 332
1 8 2
652 675
1 2 2
100 565
1 10 2
611 697
1 18 2
125 681
1 13 2
56 120
1 8 2
336 621
1 4 2
80 191
1 9 2
36 149
1 16 2
176 227
1 17 2
247 684
1 9 2
232 636
1 13 2
63 409
1 15 2
586 698
1 12 2
79 641
1 13 2
403 650
1 8 2
28 526
1 9 2
117 511
1 11 2
574 586
1 8 2
252 508
1 15 2
54 277
1 6 2
95 384
1 10 2
243 496
1 15 2
406 542
1 12 2
203 478
1 11 2
84 237
1 18 2
254 436
1 9 2
85 332
1 8 2
422 592
1 7 2
331 574
1 16 2
150 487
1 8 2
212 317
1 14 2
485 559
1 11 2
178 677
1 15 2
238 488
1 13 2
56 387
1 15 2
312 320
1 16 2
198 542
1 10 2
42 442
1 19 2
240 377
1 15 2
41 257
1 10 2
210 639
1 13 2
101 270
1 10 2
109 211
1 16 2
28 307
1 12 2
215 316
1 15 2
316 379
1 7 2
185 204
1 20 2
388 431
1 9 2
351 601
1 10 2
644 677
1 15 2
392 509
1 12 2
137 580
1 5 2
219 495
1 20 2
217 578
1 14 2
275 285
1 5 2
68 308
1 16 2
362 481
1 8 2
110 422
1 11 2
513 670
1 6 2
231 622
1 12 2
363 641
1 20 2
379 431
1 10 2
342 445
1 13 2
569 677
1 5 2
212 396
1 6 2
48 333
1 11 2
301 663
1 13 2
227 553
1 7 2
396 653
1 4 2
290 396
1 15 2
112 136
1 2 2
466 584
1 13 2
161 680
1 11 2
136 497
1 4 2
164 387
1 16 2
357 662
1 10 2
173 199
1 16 2
34 236
1 8 2
246 483
1 5 2
100 563
1 16 2
160 561
1 14 2
217 513
1 5 2
439 626
1 7 2
403 490
1 12 2
225 315
1 11 2
267 433
1 6 2
459 640
1 14 2
352 375
1 17 2
639 649
1 20 2
91 545
1 9 2
25 191
1 10 2
485 492
1 9 2
542 568
1 8 2
186 397
1 9 2
342 429
1 10 2
243 387
1 19 2
121 558
1 9 2
208 279
1 13 2
135 578
1 19 2
91 150
1 4 2
407 607
1 13 2
237 356
1 7 2
373 636
1 12 2
170 546
1 4 2
266 371
1 7 2
212 618
1 11 2
226 440
1 19 2
56 250
1 8 2
17 403
1 6 2
48 228
1 9 2
52 682
1 9 2
259 355
1 15 2
127 130
1 7 2
133 299
1 8 2
368 522
1 8 2
351 412
1 12 2
178 487
1 11 2
264 483
1 4 2
29 310
1 14 2
64 644
1 16 2
30 648
1 2 2
153 155
1 8 2
159 235
1 20 2
320 388
1 8 2
288 503
1 8 2
197 298
1 12 2
315 395
1 13 2
48 632
1 14 2
516 665
1 7 2
122 525
1 17 2
229 236
1 7 2
150 249
1 14 2
569 591
1 12 2
42 337
1 11 2
298 674
1 18 2
64 146
1 15 2
31 463
1 13 2
101 362
1 13 2
523 685
1 18 2
150 165
1 12 2
131 275
1 14 2
222 357
1 12 2
238 246
1 13 2
58 523
1 8 2
395 501
1 15 2
33 41
1 8 2
59 224
1 17 2
252 674
1 8 2
99 628
1 8 2
303 629
1 16 2
591 628
1 15 2
250 480
1 6 2
74 187
1 9 2
604 635
1 15 2
63 322
1 17 2
82 553
1 7 2
272 421
1 11 2
562 651
1 16 2
13 428
1 13 2
33 258
1 10 2
307 609
1 11 2
36 207
1 8 2
437 450
1 12 2
175 691
1 14 2
148 681
1 19 2
94 665
1 11 2
256 468
1 9 2
331 346
1 11 2
101 409
1 5 2
293 427
1 12 2
159 162
1 17 2
380 388
1 18 2
291 377
1 3 2
129 584
1 9 2
312 634
1 16 2
54 271
1 13 2
184 365
1 5 2
374 597
1 16 2
635 699
1 13 2
89 673
1 7 2
92 328
1 9 2
208 211
1 15 2
388 500
1 9 2
450 546
1 12 2
34 189
1 13 2
257 610
1 12 2
520 582
1 18 2
125 628
1 14 2
460 621
1 9 2
160 653
1 7 2
29 295
1 19 2
165 267
1 10 2
182 512
1 7 2
491 639
1 16 2
57 149
1 11 2
248 477
1 9 2
468 515
1 3 2
531 687
1 17 2
72 271
1 12 2
545 581
1 9 2
52 178
1 9 2
503 532
1 11 2
394 575
1 20 2
66 69
1 18 2
362 641
1 11 2
180 385
1 13 2
477 635
1 10 2
139 664
1 15 2
663 684
1 14 2
254 572
1 16 2
76 600
1 13 2
82 473
1 8 2
561 669
1 17 2
267 692
1 10 2
224 553
1 7 2
102 286
1 11 2
225 279
1 14 2
475 511
1 16 2
49 649
1 9 2
59 506
1 10 2
129 218
1 11 2
375 553
1 14 2
480 558
1 18 2
250 394
1 8 2
37 47
1 10 2
94 142
1 7 2
394 448
1 7 2
280 646
1 12 2
118 599
1 6 2
327 427
1 9 2
606 666
1 14 2
161 663
1 8 2
42 613
1 4 2
77 126
1 19 2
193 540
1 10 2
332 496
1 18 2
121 586
1 14 2
291 312
1 16 2
88 520
1 14 2
130 458
1 16 2
38 101
1 10 2
41 493
1 14 2
64 96
1 9 2
168 428
1 6 2
71 101
1 14 2
34 170
1 13 2
109 480
1 20 2
357 530
1 13 2
430 665
1 13 2
131 330
1 20 2
247 443
1 14 2
558 646
1 9 2
191 252
1 13 2
377 546
1 6 2
232 335
1 8 2
370 376
1 6 2
51 479
1 3 2
164 496
1 13 2
238 634
1 13 2
365 588
1 12 2
0 450
1 10 2
252 263
1 17 2
218 663
1 6 2
333 527
1 3 2
212 336
1 15 2
86 650
1 10 2
258 465
1 12 2
394 519
1 10 2
54 251
1 9 2
172 475
1 16 2
58 325
1 8 2
487 535
1 13 2
31 668
1 19 2
229 268
1 8 2
415 608
1 9 2
27 350
1 10 2
227 537
1 8 2
233 373
1 11 2
462 693
1 3 2
284 606
1 15 2
639 692
1 6 2
98 675
1 12 2
368 369
1 13 2
543 685
1 9 2
291 528
1 12 2
277 493
1 13 2
171 403
1 6 2
469 650
1 11 2
181 258
1 5 2
65 640
1 11 2
45 600
1 8 2
308 574
1 7 2
59 493
1 12 2
518 666
1 9 2
254 526
1 12 2
486 546
1 12 2
523 670
1 15 2
277 524
1 10 2
115 483
1 12 2
295 671
1 11 2
389 505
1 10 2
92 621
1 8 2
190 683
1 5 2
166 499
1 7 2
273 690
1 6 2
361 458
1 8 2
169 386
1 10 2
39 197
1 7 2
425 617
1 5 2
244 636
1 11 2
223 406
1 5 2
35 282
1 5 2
84 455
1 12 2
502 576
1 15 2
408 578
1 11 2
143 149
1 9 2
408 573
1 2 2
105 597
1 15 2
254 532
1 12 2
444 649
1 17 2
102 127
1 12 2
34 477
1 12 2
198 365
1 4 2
385 637
1 9 2
178 213
1 7 2
583 655
1 10 2
231 441
1 9 2
303 573
1 10 2
515 684
1 9 2
53 149
1 15 2
378 562
1 2 2
2 302
1 11 2
538 611
1 14 2
190 523
1 9 2
121 626
1 10 2
555 577
1 13 2
295 468
1 6 2
269 506
1 14 2
274 578
1 16 2
354 520
1 14 2
386 443
1 13 2
109 148
1 10 2
264 516
1 13 2
267 415
1 16 2
377 539
1 12 2
114 256
1 10 2
94 228
1 14 2
441 656
1 9 2
437 692
1 12 2
70 540
1 15 2
109 127
1 15 2
236 605
1 7 2
390 607
1 16 2
243 317
1 14 2
447 670
1 11 2
114 517
1 7 2
171 298
1 4 2
235 280
1 16 2
83 436
1 17 2
180 558
1 10 2
158 465
1 8 2
78 183
1 11 2
166 256
1 3 2
290 310
1 6 2
494 611
1 20 2
56 647
1 18 2
47 217
1 9 2
125 548
1 7 2
452 690
1 5 2
370 512
1 15 2
295 376
1 14 2
562 663
1 8 2
129 159
1 14 2
118 566
1 5 2
299 629
1 10 2
169 248
1 20 2
545 674
1 13 2
488 497
1 8 2
96 216
1 12 2
63 177
1 11 2
168 578
1 10 2
573 662
1 10 2
547 574
1 15 2
146 273
1 12 2
59 649
1 11 2
94 661
1 12 2
216 647
1 7 2
113 236
1 14 2
180 389
1 10 2
93 195
1 8 2
115 228
1 4 2
212 595
1 12 2
273 650
1 15 2
86 457
1 13 2
47 426
1 13 2
45 612
1 8 2
80 291
1 15 2
87 671
1 3 2
228 604
1 10 2
161 509
1 8 2
91 526
1 10 2
261 561
1 14 2
642 650
1 17 2
372 670
1 7 2
223 399
1 3 2
20 501
1 8 2
30 318
1 14 2
49 76
1 10 2
572 624
1 9 2
142 307
1 12 2
576 610
1 6 2
4 85
1 14 2
41 362
1 11 2
559 640
1 13 2
108 544
1 14 2
486 605
1 12 2
95 657
1 12 2
146 179
1 17 2
380 431
1 10 2
260 350
1 11 2
496 632
1 11 2
298 534
1 8 2
340 646
1 17 2
47 236
1 4 2
55 554
1 18 2
23 285
1 9 2
81 591
1 14 2
533 671
1 15 2
342 580
1 6 2
473 599
1 13 2
93 677
1 13 2
348 601
1 9 2
276 549
1 8 2
48 221
1 9 2
8 322
1 9 2
146 311
1 9 2
254 280
1 7 2
515 675
1 10 2
154 294
1 5 2
20 231
1 8 2
220 684
1 5 2
26 432
1 4 2
188 501
1 10 2
114 444
1 13 2
13 133
1 15 2
223 452
1 12 2
229 513
1 17 2
403 533
1 12 2
163 186
1 10 2
61 285
1 6 2
336 524
1 5 2
263 323
1 14 2
331 561
1 4 2
106 623
1 15 2
130 147
1 12 2
379 570
1 5 2
263 296
1 14 2
184 252
1 9 2
48 505
1 18 2
395 561
1 8 2
346 675
1 10 2
178 572
1 9 2
329 632
1 7 2
39 108
1 8 2
291 407
1 8 2
500 531
1 13 2
238 513
1 8 2
603 649
1 7 2
437 673
1 5 2
281 565
1 12 2
367 558
1 14 2
41 601
1 16 2
388 691
1 17 2
443 678
1 16 2
356 628
1 16 2
112 355
1 17 2
215 352
1 6 2
568 618
1 9 2
151 273
1 18 2
320 447
1 6 2
327 640
1 17 2
320 463
1 12 2
443 498
1 9 2
325 556
1 12 2
24 557
1 8 2
303 437
1 13 2
56 430
1 12 2
21 112
1 15 2
109 436
1 9 2
308 651
1 6 2
46 468
1 11 2
368 551
1 20 2
64 464
1 7 2
208 606
1 14 2
485 569
1 10 2
84 412
1 10 2
85 368
1 11 2
76 177
1 17 2
447 612
1 10 2
159 233
1 7 2
222 341
1 19 2
89 693
1 8 2
135 682
1 14 2
64 483
1 9 2
346 386
1 10 2
415 447
1 9 2
229 528
1 7 2
204 667
1 9 2
235 463
1 7 2
521 569
1 14 2
145 165
1 8 2
127 220
1 13 2
633 634
1 7 2
102 269
1 10 2
367 457
1 16 2
348 372
1 7 2
210 396
1 9 2
22 649
1 17 2
0 217
1 11 2
216 395
1 8 2
531 553
1 13 2
620 642
1 5 2
96 361
1 17 2
49 320
1 14 2
87 682
1 18 2
325 530
1 4 2
345 418
1 7 2
126 246
1 4 2
201 537
1 6 2
75 625
1 14 2
13 538
1 10 2
197 415
1 5 2
6 283
1 7 2
61 140
1 7 2
42 334
1 17 2
121 170
1 14 2
133 271
1 4 2
433 459
1 14 2
190 479
1 11 2
288 365
1 6 2
216 514
1 9 2
285 297
1 14 2
337 410
1 12 2
180 517
1 17 2
412 561
1 9 2
374 509
1 9 2
74 197
1 7 2
188 505
1 11 2
179 227
1 13 2
277 610
1 7 2
398 680
1 17 2
149 203
1 17 2
320 405
1 5 2
415 560
1 5 2
370 373
1 15 2
186 457
1 6 2
59 629
1 5 2
525 654
1 17 2
325 596
1 13 2
204 233
1 16 2
150 240
1 11 2
330 640
1 6 2
43 311
1 11 2
575 596
1 15 2
189 339
1 9 2
341 666
1 11 2
527 656
1 11 2
40 666
1 12 2
304 395
1 10 2
215 514
1 13 2
415 596
1 10 2
150 282
1 10 2
288 412
1 15 2
147 376
1 10 2
224 348
1 6 2
177 188
1 17 2
325 372
1 14 2
229 696
1 16 2
600 662
1 15 2
165 547
1 6 2
68 478
1 13 2
229 424
1 13 2
452 549
1 8 2
142 158
1 12 2
258 553
1 10 2
234 662
1 16 2
376 463
1 2 2
2 626
1 7 2
343 566
1 6 2
349 583
1 19 2
91 254
1 15 2
264 545
1 10 2
188 204
1 13 2
346 569
1 14 2
377 620
1 20 2
89 204
1 11 2
270 303
1 13 2
91 608
1 5 2
512 626
1 20 2
254 486
1 19 2
647 648
1 11 2
312 426
1 11 2
482 648
1 10 2
272 563
1 10 2
211 635
1 13 2
423 649
1 4 2
151 230
1 4 2
449 555
1 9 2
477 673
1 15 2
262 578
1 16 2
93 317
1 9 2
246 624
1 13 2
422 442
1 6 2
280 652
1 3 2
61 266
1 12 2
172 240
1 8 2
490 567
1 6 2
45 363
1 17 2
112 198
1 11 2
73 154
1 7 2
387 419
1 3 2
476 613
1 20 2
530 641
1 14 2
460 547
1 9 2
45 115
1 17 2
173 379
1 8 2
313 346
1 16 2
190 436
1 12 2
231 600
1 12 2
38 373
1 8 2
274 563
1 3 2
77 168
1 15 2
558 583
1 15 2
96 118
1 5 2
8 660
1 13 2
133 403
1 5 2
154 429
1 5 2
337 411
1 15 2
24 394
1 7 2
438 588
1 8 2
182 638
1 5 2
108 128
1 4 2
40 672
1 7 2
303 531
1 9 2
90 267
1 9 2
42 661
1 5 2
74 151
1 16 2
450 533
1 15 2
189 443
1 18 2
544 674
1 14 2
362 666
1 18 2
73 173
1 4 2
220 351
1 17 2
41 486
1 10 2
548 649
1 15 2
49 173
1 8 2
21 70
1 8 2
40 694
1 7 2
35 248
1 17 2
18 372
1 6 2
128 441
1 16 2
114 277
1 20 2
339 612
1 11 2
85 612
1 12 2
477 506
1 13 2
463 611
1 7 2
48 498
1 12 2
150 682
1 12 2
611 684
1 6 2
393 699
1 12 2
39 121
1 7 2
554 562
1 6 2
240 249
1 14 2
178 632
1 9 2
43 557
1 12 2
190 439
1 10 2
574 588
1 8 2
29 657
1 9 2
376 593
1 8 2
361 544
1 15 2
34 130
1 15 2
208 685
1 16 2
0 558
1 15 2
33 130
1 9 2
237 498
1 11 2
133 650
1 14 2
101 680
1 7 2
276 415
1 11 2
586 695
1 20 2
66 578
1 9 2
563 611
1 11 2
197 513
1 5 2
466 661
1 9 2
91 329
1 19 2
236 561
1 15 2
641 650
1 7 2
52 622
1 10 2
351 567
1 11 2
475 698
1 17 2
125 240
1 16 2
352 618
1 4 2
135 364
1 15 2
543 648
1 13 2
41 342
1 12 2
122 237
1 9 2
211 589
1 18 2
63 183
1 5 2
246 454
1 11 2
10 294
1 4 2
335 390
1 7 2
167 212
1 8 2
498 538
1 13 2
618 662
1 11 2
7 257
1 9 2
6 583
1 8 2
145 251
1 17 2
146 567
1 11 2
109 654
1 9 2
167 427
1 17 2
355 665
1 10 2
25 85
1 6 2
228 308
1 13 2
387 410
1 9 2
211 237
1 13 2
131 354
1 9 2
355 570
1 7 2
293 589
1 7 2
491 692
1 9 2
130 469
1 8 2
48 415
1 11 2
488 549
1 8 2
264 585
1 5 2
381 419
1 17 2
506 641
1 14 2
252 342
1 12 2
118 202
1 15 2
150 348
1 18 2
578 591
1 5 2
364 390
1 17 2
229 552
1 16 2
88 238
1 10 2
508 578
1 5 2
96 113
1 11 2
337 589
1 17 2
380 693
1 8 2
104 244
1 15 2
33 149
1 9 2
81 355
1 16 2
118 389
1 10 2
150 333
1 6 2
135 188
1 16 2
223 255
1 4 2
119 314
1 13 2
322 394
1 13 2
125 369
1 7 2
146 448
1 12 2
331 663
1 5 2
446 556
1 5 2
290 668
1 16 2
170 628
1 14 2
559 635
1 15 2
30 601
1 15 2
267 543
1 11 2
200 509
1 16 2
41 596
1 10 2
73 351
1 16 2
87 101
1 8 2
572 574
1 10 2
197 383
1 17 2
54 86
1 11 2
104 367
1 13 2
121 374
1 7 2
18 71
1 11 2
426 524
1 12 2
48 295
1 7 2
417 693
1 6 2
314 419
1 9 2
27 39
1 4 2
299 338
1 19 2
229 392
1 15 2
633 664
1 14 2
255 551
1 15 2
362 681
1 7 2
230 272
1 8 2
580 645
1 19 2
204 255
1 3 2
196 302
1 7 2
404 661
1 5 2
491 697
1 14 2
88 275
1 11 2
56 213
1 10 2
538 668
1 10 2
369 652
1 3 2
214 501
1 9 2
156 422
1 16 2
50 596
1 2 2
100 461
1 16 2
165 488
1 4 2
119 341
1 11 2
101 259
1 10 2
237 574
1 9 2
73 174
1 16 2
130 260
1 8 2
416 572
1 11 2
91 643
1 12 2
273 577
1 4 2
98 616
1 2 2
128 155
1 4 2
369 598
1 17 2
76 82
1 13 2
378 676
1 12 2
109 557
1 13 2
375 405
1 16 2
88 580
1 17 2
121 260
1 4 2
108 672
1 9 2
61 93
1 13 2
389 547
1 14 2
312 632
1 9 2
188 198
1 15 2
118 159
1 7 2
270 302
1 10 2
171 427
1 13 2
73 409
1 7 2
141 460
1 10 2
437 447
1 12 2
54 175
1 8 2
196 197
1 10 2
87 604
1 10 2
93 385
1 4 2
124 695
1 12 2
582 596
1 19 2
377 580
1 16 2
72 285
1 18 2
58 602
1 6 2
43 142
1 17 2
173 204
1 10 2
160 202
1 12 2
57 59
1 10 2
256 365
1 5 2
329 518
1 7 2
106 537
1 9 2
188 698
1 6 2
468 613
1 18 2
257 540
1 12 2
586 595
1 8 2
29 190
1 6 2
4 599
1 13 2
76 694
1 10 2
316 524
1 14 2
108 118
1 14 2
181 658
1 18 2
540 552
1 17 2
207 271
1 9 2
346 573
1 12 2
10 38
1 6 2
226 241
1 6 2
208 438
1 16 2
0 540
1 3 2
351 565
1 7 2
489 554
1 8 2
64 411
1 15 2
354 440
1 17 2
271 325
1 10 2
481 643
1 7 2
85 424
1 16 2
356 440
1 2 2
1 529
1 12 2
232 605
1 15 2
208 368
1 12 2
183 288
1 5 2
141 537
1 11 2
69 261
1 13 2
178 481
1 14 2
173 646
1 9 2
439 677
1 14 2
76 181
1 13 2
167 184
1 12 2
248 656
1 9 2
258 575
1 6 2
334 557
1 10 2
47 135
1 16 2
294 356
1 17 2
132 176
1 12 2
21 121
1 8 2
84 231
1 10 2
346 519
1 4 2
234 476
1 11 2
309 528
1 11 2
192 483
1 12 2
530 654
1 6 2
184 287
1 8 2
184 333
1 13 2
47 450
1 8 2
339 448
1 14 2
567 694
1 7 2
109 334
1 8 2
503 697
1 10 2
243 582
1 12 2
86 202
1 5 2
1 256
1 10 2
343 485
1 14 2
647 654
1 12 2
234 536
1 11 2
295 549
1 5 2
423 455
1 8 2
524 599
1 14 2
483 657
1 15 2
158 204
1 10 2
22 320
1 9 2
92 559
1 14 2
617 659
1 19 2
309 552
1 8 2
83 138
1 16 2
248 379
1 10 2
200 651
1 13 2
342 591
1 3 2
326 336
1 14 2
271 559
1 12 2
540 661
1 13 2
231 578
1 10 2
154 658
1 12 2
264 611
1 12 2
415 693
1 8 2
152 542
1 14 2
539 699
1 17 2
200 612
1 2 2
16 44
1 8 2
193 266
1 12 2
520 668
1 12 2
49 127
1 12 2
268 416
1 7 2
74 84
1 5 2
90 143
1 14 2
647 694
1 8 2
439 546
1 18 2
31 217
1 7 2
314 673
1 5 2
117 697
1 13 2
320 573
1 10 2
573 671
1 9 2
55 295
1 10 2
246 468
1 15 2
101 678
1 10 2
316 698
1 14 2
182 257
1 9 2
169 605
1 12 2
264 569
1 7 2
12 605
1 5 2
338 651
1 10 2
150 433
1 4 2
249 673
1 7 2
413 642
1 17 2
30 357
1 6 2
326 457
1 12 2
146 256
1 4 2
419 615
1 12 2
45 254
1 8 2
386 595
1 5 2
311 462
1 5 2
400 610
1 11 2
170 423
1 17 2
109 238
1 12 2
519 630
1 17 2
94 160
1 11 2
435 574
1 7 2
218 476
1 14 2
50 405
1 7 2
129 374
1 7 2
555 556
1 12 2
496 688
1 20 2
23 254
1 15 2
218 435
1 18 2
72 533
1 2 2
1 100
1 7 2
446 644
1 9 2
362 609
1 12 2
42 348
1 17 2
511 600
1 18 2
83 642
1 17 2
452 658
1 8 2
159 453
1 11 2
228 379
1 10 2
232 234
1 6 2
279 537
1 17 2
102 204
1 8 2
45 355
1 5 2
468 667
1 8 2
281 515
1 13 2
218 237
1 5 2
158 185
1 17 2
114 542
1 9 2
266 339
1 15 2
277 389
1 20 2
63 217
1 7 2
445 478
1 10 2
412 416
1 11 2
43 666
1 18 2
150 545
1 5 2
363 492
1 5 2
84 280
1 8 2
95 262
1 11 2
487 644
1 7 2
131 501
1 11 2
192 234
1 10 2
310 642
1 13 2
179 183
1 15 2
435 656
1 12 2
150 259
1 6 2
274 454
1 4 2
570 679
1 9 2
121 296
1 13 2
13 275
1 11 2
464 522
1 6 2
237 637
1 6 2
376 686
1 15 2
303 309
1 15 2
86 248
1 11 2
66 522
1 11 2
226 294
1 8 2
147 168
1 7 2
27 492
1 11 2
256 547
1 5 2
85 119
1 9 2
409 549
1 13 2
233 255
1 7 2
191 489
1 11 2
158 551
1 9 2
399 511
1 8 2
387 661
1 7 2
196 380
1 9 2
294 333
1 4 2
44 139
1 5 2
36 79
1 9 2
153 309
1 8 2
214 468
1 15 2
612 698
1 4 2
525 622
1 7 2
80 539
1 6 2
7 498
1 19 2
66 596
1 10 2
396 475
1 16 2
357 538
1 16 2
218 463
1 8 2
85 275
1 11 2
137 544
1 12 2
38 419
1 17 2
83 632
1 8 2
382 431
1 8 2
98 342
1 13 2
388 537
1 8 2
331 563
1 17 2
147 193
1 5 2
198 414
1 12 2
109 532
1 10 2
161 493
1 6 2
489 565
1 10 2
567 695
1 8 2
2 57
1 5 2
226 655
1 13 2
89 574
1 11 2
85 511
1 10 2
38 214
1 18 2
30 379
1 15 2
332 659
1 14 2
260 303
1 11 2
369 685
1 17 2
89 630
1 13 2
591 650
1 14 2
25 173
1 3 2
17 571
1 7 2
334 646
1 14 2
450 693
1 9 2
446 691
1 5 2
626 682
1 13 2
108 443
1 7 2
210 222
1 12 2
369 558
1 14 2
190 557
1 9 2
81 463
1 9 2
319 342
1 17 2
69 362
1 14 2
162 520
1 16 2
109 317
1 4 2
305 384
1 15 2
547 558
1 10 2
454 647
1 14 2
38 70
1 8 2
229 244
1 9 2
6 532
1 11 2
237 694
1 3 2
282 597
1 19 2
648 693
1 18 2
64 173
1 11 2
33 315
1 14 2
143 357
1 8 2
545 587
1 8 2
561 690
1 15 2
32 356
1 5 2
8 111
1 10 2
655 665
1 5 2
108 690
1 8 2
222 445
1 9 2
132 593
1 16 2
69 457
1 13 2
588 677
1 10 2
315 497
1 11 2
165 507
1 16 2
192 436
1 8 2
168 348
1 8 2
268 402
1 20 2
203 540
1 13 2
258 601
1 10 2
148 479
1 15 2
66 677
1 6 2
421 552
1 14 2
131 658
1 8 2
72 490
1 5 2
321 532
1 19 2
66 112
1 9 2
237 607
1 7 2
523 556
1 15 2
270 394
1 13 2
222 632
1 9 2
6 147
1 11 2
170 514
1 9 2
570 618
1 14 2
64 246
1 12 2
511 654
1 8 2
283 601
1 13 2
40 217
1 11 2
45 291
1 9 2
157 691
1 18 2
225 277
1 8 2
96 106
1 12 2
0 572
1 19 2
86 580
1 5 2
178 667
1 20 2
82 533
1 15 2
183 662
1 6 2
261 516
1 7 2
61 439
1 17 2
264 268
1 16 2
488 544
1 16 2
133 388
1 7 2
19 520
1 12 2
58 581
1 9 2
158 607
1 8 2
136 599
1 3 2
253 587
1 7 2
81 549
1 7 2
474 692
1 12 2
181 547
1 15 2
176 264
1 8 2
250 614
1 9 2
280 649
1 5 2
100 427
1 17 2
86 101
1 5 2
228 675
1 20 2
23 183
1 17 2
558 678
1 16 2
257 285
1 6 2
179 471
1 10 2
380 513
1 8 2
161 606
1 11 2
136 559
1 20 2
247 257
1 8 2
203 679
1 9 2
468 620
1 15 2
232 481
1 11 2
154 392
1 6 2
589 683
1 9 2
81 520
1 12 2
8 88
1 18 2
47 357
1 6 2
120 212
1 11 2
275 677
1 17 2
600 688
1 10 2
169 237
1 19 2
94 186
1 7 2
535 572
1 10 2
13 221
1 5 2
195 298
1 8 2
145 211
1 10 2
3 339
1 11 2
195 552
1 16 2
82 380
1 18 2
112 630
1 3 2
280 454
1 14 2
136 567
1 17 2
83 601
1 19 2
176 647
1 7 2
176 245
1 7 2
246 636
1 5 2
59 636
1 11 2
96 136
1 11 2
337 652
1 9 2
144 486
1 9 2
606 663
1 2 2
499 598
1 12 2
88 386
1 4 2
582 587
1 15 2
13 134
1 15 2
121 553
1 6 2
131 476
1 10 2
452 609
1 6 2
498 503
1 11 2
256 543
1 10 2
73 638
1 18 2
368 410
1 10 2
322 532
1 19 2
207 309
1 18 2
94 422
1 8 2
26 684
1 17 2
356 511
1 13 2
166 198
1 12 2
183 651
1 20 2
82 410
1 10 2
503 543
1 10 2
536 636
1 9 2
172 644
1 16 2
223 641
1 16 2
291 539
1 15 2
76 252
1 10 2
145 367
1 11 2
307 384
1 11 2
512 658
1 9 2
304 677
1 19 2
57 83
1 5 2
434 671
1 8 2
89 598
1 7 2
210 223
1 7 2
130 420
1 10 2
390 562
1 5 2
189 400
1 3 2
554 687
1 10 2
193 196
1 11 2
179 405
1 10 2
112 191
1 9 2
240 585
1 16 2
127 165
1 10 2
137 436
1 16 2
330 392
1 4 2
341 615
1 13 2
146 583
1 5 2
35 401
1 11 2
86 606
1 17 2
47 600
1 14 2
439 542
1 15 2
362 628
1 8 2
91 335
1 7 2
154 233
1 7 2
126 512
1 19 2
633 663
1 3 2
490 675
1 16 2
215 218
1 12 2
247 496
1 9 2
400 641
1 10 2
357 469
1 5 2
17 385
1 6 2
65 233
1 6 2
384 556
1 6 2
10 68
1 16 2
540 547
1 14 2
352 694
1 13 2
139 534
1 2 2
123 476
1 8 2
398 561
1 8 2
374 427
1 10 2
135 408
1 16 2
204 435
1 14 2
145 225
1 14 2
600 618
1 11 2
312 346
1 14 2
198 207
1 13 2
108 580
1 9 2
209 544
1 9 2
601 638
1 12 2
112 599
1 19 2
69 294
1 8 2
211 624
1 7 2
365 432
1 14 2
31 149
1 2 2
318 393
1 12 2
431 643
1 9 2
184 214
1 7 2
225 587
1 13 2
440 589
1 8 2
18 196
1 12 2
7 255
1 10 2
574 656
1 3 2
228 366
1 9 2
33 79
1 15 2
131 558
1 15 2
332 632
1 7 2
262 585
1 10 2
143 389
1 20 2
357 534
1 7 2
44 628
1 14 2
148 678
1 11 2
339 609
1 9 2
526 647
1 8 2
297 621
1 10 2
64 550
1 14 2
193 445
1 14 2
352 365
1 10 2
181 611
1 7 2
441 689
1 14 2
303 612
1 14 2
500 658
1 6 2
467 496
1 13 2
87 343
1 14 2
394 694
1 16 2
252 648
1 11 2
547 555
1 9 2
206 227
1 11 2
3 89
1 4 2
242 308
1 5 2
35 85
1 5 2
434 553
1 18 2
294 647
1 15 2
87 171
1 6 2
117 172
1 7 2
577 653
1 18 2
88 89
1 8 2
227 329
1 15 2
192 681
1 18 2
320 435
1 9 2
136 423
1 9 2
345 489
1 16 2
208 255
1 5 2
119 396
1 16 2
89 114
1 18 2
50 542
1 11 2
166 408
1 12 2
7 410
1 12 2
389 557
1 12 2
132 573
1 15 2
83 583
1 12 2
516 530
1 10 2
219 692
1 7 2
286 678
1 9 2
172 668
1 20 2
339 464
1 7 2
604 650
1 12 2
175 232
1 8 2
367 654
1 6 2
155 189
1 17 2
215 530
1 12 2
84 635
1 4 2
504 516
1 12 2
509 666
1 5 2
36 510
1 11 2
554 647
1 9 2
346 503
1 8 2
198 297
1 12 2
403 479
1 13 2
18 162
1 9 2
347 633
1 13 2
233 394
1 6 2
310 319
1 18 2
633 642
1 5 2
51 384
1 11 2
246 536
1 14 2
274 464
1 6 2
21 599
1 13 2
102 644
1 13 2
478 674
1 19 2
534 600
1 20 2
82 674
1 6 2
213 429
1 14 2
330 485
1 7 2
154 493
1 14 2
268 549
1 7 2
272 407
1 12 2
257 527
1 3 2
117 266
1 15 2
379 577
1 11 2
192 423
1 11 2
271 581
1 7 2
18 287
1 9 2
155 392
1 10 2
42 515
1 8 2
86 413
1 14 2
362 497
1 8 2
144 229
1 9 2
312 516
1 13 2
23 251
1 6 2
227 686
1 4 2
128 512
1 13 2
540 573
1 6 2
459 668
1 11 2
263 536
1 6 2
623 678
1 10 2
537 692
1 8 2
504 612
1 13 2
485 668
1 4 2
185 211
1 20 2
190 320
1 11 2
555 646
1 20 2
203 268
1 3 2
326 472
1 6 2
162 407
1 10 2
363 659
1 10 2
117 647
1 20 2
267 392
1 15 2
102 158
1 11 2
39 173
1 12 2
58 172
1 7 2
427 581
1 17 2
146 464
1 10 2
170 199
1 18 2
190 218
1 10 2
271 333
1 9 2
5 648
1 15 2
145 534
1 14 2
551 633
1 9 2
475 507
1 18 2
317 633
1 6 2
141 275
1 17 2
0 612
1 13 2
527 596
1 7 2
105 325
1 7 2
446 516
1 5 2
549 637
1 19 2
150 657
1 18 2
567 602
1 8 2
40 52
1 7 2
301 396
1 13 2
215 569
1 9 2
189 514
1 11 2
388 675
1 20 2
91 378
1 9 2
80 649
1 6 2
242 481
1 17 2
76 112
1 10 2
616 633
1 19 2
576 674
1 6 2
6 298
1 13 2
125 319
1 9 2
133 563
1 7 2
322 613
1 11 2
270 644
1 11 2
312 646
1 14 2
18 441
1 13 2
167 258
1 13 2
234 428
1 7 2
30 402
1 14 2
378 634
1 20 2
86 378
1 18 2
190 681
1 8 2
310 524
1 7 2
148 482
1 8 2
216 337
1 16 2
112 182
1 6 2
252 592
1 14 2
271 577
1 12 2
147 175
1 16 2
392 668
1 2 2
592 613
1 12 2
115 468
1 12 2
189 523
1 11 2
109 384
1 18 2
207 372
1 12 2
89 211
1 7 2
53 653
1 5 2
283 546
1 20 2
38 193
1 8 2
353 647
1 14 2
325 692
1 8 2
570 640
1 6 2
2 24
1 19 2
255 511
1 11 2
218 695
1 9 2
106 553
1 11 2
320 471
1 13 2
147 618
1 17 2
388 684
1 14 2
30 380
1 7 2
507 573
1 15 2
271 489
1 18 2
215 578
1 10 2
84 258
1 8 2
12 591
1 15 2
670 680
1 5 2
514 548
1 10 2
556 576
1 10 2
318 647
1 19 2
73 236
1 13 2
559 588
1 8 2
181 310
1 6 2
42 153
1 5 2
276 655
1 6 2
135 472
1 17 2
270 641
1 10 2
9 243
1 14 2
250 694
1 11 2
424 652
1 15 2
475 649
1 14 2
179 596
1 10 2
222 223
1 15 2
83 696
1 12 2
546 567
1 14 2
524 632
1 2 2
97 110
1 9 2
331 671
1 15 2
158 630
1 19 2
486 648
1 7 2
408 548
1 16 2
368 520
1 8 2
495 630
1 10 2
506 512
1 13 2
66 315
1 16 2
147 277
1 7 2
191 457
1 3 2
155 606
1 19 2
57 309
1 4 2
144 467
1 7 2
441 564
1 10 2
182 251
1 13 2
86 371
1 5 2
4 100
1 13 2
267 503
1 14 2
18 569
1 16 2
93 580
1 14 2
223 580
1 6 2
243 349
1 12 2
14 558
1 16 2
557 641
1 13 2
264 403
1 10 2
109 607
1 5 2
459 535
1 8 2
622 651
1 9 2
227 471
1 10 2
85 165
1 19 2
378 602
1 7 2
133 333
1 9 2
423 457
1 18 2
291 352
1 6 2
336 523
1 5 2
98 593
1 20 2
379 665
1 3 2
85 269
1 19 2
121 428
1 7 2
362 370
1 15 2
160 580
1 6 2
105 450
1 14 2
133 681
1 17 2
436 602
1 14 2
215 617
1 7 2
46 662
1 9 2
25 261
1 15 2
118 555
1 19 2
89 291
1 18 2
377 658
1 7 2
108 609
1 10 2
288 524
1 14 2
198 552
1 8 2
553 581
1 18 2
422 576
1 7 2
467 654
1 19 2
165 236
1 19 2
410 530
1 19 2
649 688
1 7 2
175 609
1 13 2
83 96
1 12 2
95 277
1 14 2
121 322
1 15 2
112 692
1 7 2
65 248
1 14 2
58 475
1 11 2
458 562
1 9 2
494 674
1 20 2
320 431
1 6 2
275 626
1 9 2
112 329
1 14 2
50 270
1 14 2
127 158
1 6 2
387 433
1 9 2
394 471
1 6 2
266 543
1 17 2
31 260
1 12 2
563 688
1 19 2
254 600
1 14 2
309 465
1 14 2
346 693
1 11 2
319 403
1 13 2
523 678
1 14 2
354 646
1 11 2
14 166
1 10 2
54 574
1 5 2
97 264
1 6 2
482 661
1 14 2
32 487
1 2 2
205 414
1 20 2
72 388
1 8 2
40 396
1 11 2
255 482
1 19 2
268 586
1 13 2
136 601
1 16 2
66 569
1 12 2
66 430
1 14 2
130 547
1 6 2
549 616
1 14 2
54 227
1 15 2
332 481
1 12 2
238 304
1 11 2
368 651
1 8 2
373 631
1 12 2
23 53
1 11 2
608 617
1 17 2
380 578
1 18 2
578 659
1 11 2
401 540
1 8 2
337 607
1 15 2
378 538
1 8 2
396 518
1 3 2
119 144
1 13 2
112 512
1 4 2
92 456
1 7 2
49 65
1 14 2
488 539
1 13 2
48 576
1 5 2
154 279
1 7 2
4 404
1 10 2
32 345
1 7 2
92 139
1 17 2
254 273
1 11 2
275 406
1 12 2
281 376
1 8 2
651 676
1 6 2
325 679
1 12 2
40 567
1 12 2
500 621
1 5 2
178 321
1 12 2
121 199
1 7 2
76 434
1 19 2
533 600
1 11 2
375 624
1 16 2
431 557
1 10 2
43 175
1 8 2
173 615
1 6 2
292 538
1 5 2
224 370
1 5 2
147 434
1 6 2
151 385
1 10 2
346 671
1 15 2
192 663
1 14 2
218 264
1 9 2
38 521
1 13 2
223 460
1 13 2
620 648
1 16 2
271 628
1 15 2
94 178
1 8 2
236 626
1 8 2
52 430
1 11 2
3 23
1 10 2
149 581
1 14 2
32 93
1 10 2
10 115
1 13 2
631 641
1 8 2
44 254
1 17 2
38 576
1 13 2
73 527
1 8 2
599 617
1 9 2
126 457
1 13 2
189 354
1 10 2
187 662
1 13 2
496 544
1 16 2
182 533
1 9 2
343 559
1 12 2
154 431
1 16 2
243 633
1 18 2
69 225
1 9 2
166 607
1 6 2
143 454
1 8 2
12 184
1 6 2
143 604
1 13 2
82 84
1 11 2
316 441
1 6 2
338 611
1 9 2
310 342
1 13 2
419 542
1 7 2
105 198
1 12 2
295 427
1 11 2
121 444
1 10 2
374 652
1 5 2
177 498
1 15 2
267 465
1 10 2
135 147
1 10 2
431 466
1 7 2
31 284
1 2 2
359 413
1 15 2
58 553
1 11 2
253 267
1 13 2
527 558
1 19 2
69 674
1 8 2
167 282
1 6 2
385 585
1 7 2
329 538
1 16 2
83 182
1 17 2
47 57
1 20 2
186 693
1 9 2
45 562
1 12 2
207 620
1 6 2
61 570
1 9 2
644 652
1 18 2
240 422
1 9 2
83 528
1 12 2
237 477
1 7 2
179 510
1 3 2
210 456
1 16 2
94 115
1 15 2
641 677
1 16 2
443 485
1 6 2
312 326
1 4 2
111 519
1 5 2
231 491
1 15 2
208 460
1 10 2
339 508
1 9 2
37 561
1 19 2
544 576
1 12 2
41 145
1 14 2
8 392
1 5 2
314 433
1 17 2
339 355
1 15 2
102 684
1 15 2
132 646
1 10 2
49 387
1 13 2
139 309
1 13 2
493 561
1 8 2
359 558
1 9 2
85 192
1 16 2
162 203
1 9 2
490 649
1 12 2
574 632
1 9 2
271 459
1 16 2
149 452
1 7 2
40 404
1 7 2
316 510
1 12 2
224 511
1 6 2
483 575
1 14 2
422 557
1 16 2
198 486
1 16 2
18 699
1 8 2
74 569
1 14 2
86 256
1 12 2
72 139
1 9 2
168 207
1 12 2
453 612
1 9 2
337 519
1 12 2
332 523
1 13 2
330 405
1 10 2
246 330
1 6 2
7 172
1 9 2
389 514
1 8 2
27 599
1 16 2
66 500
1 9 2
624 644
1 6 2
297 513
1 15 2
192 601
1 17 2
357 552
1 9 2
213 354
1 12 2
403 664
1 14 2
32 104
1 16 2
147 596
1 14 2
307 489
1 7 2
156 539
1 8 2
98 312
1 20 2
87 530
1 10 2
509 553
1 14 2
93 618
1 10 2
561 609
1 13 2
66 673
1 8 2
234 634
1 17 2
217 440
1 14 2
426 435
1 12 2
171 664
1 11 2
299 410
1 16 2
271 639
1 14 2
439 533
1 4 2
429 454
1 16 2
109 352
1 18 2
183 186
1 15 2
377 424
1 10 2
173 313
1 15 2
83 668
1 10 2
39 189
1 10 2
510 663
1 7 2
298 465
1 7 2
447 615
1 5 2
235 636
1 13 2
308 596
1 16 2
132 485
1 12 2
229 367
1 9 2
75 291
1 5 2
21 100
1 6 2
144 624
1 17 2
173 699
1 16 2
481 621
1 6 2
44 547
1 12 2
443 496
1 19 2
320 674
1 12 2
378 516
1 9 2
247 484
1 14 2
386 410
1 13 2
133 354
1 10 2
180 459
1 15 2
125 477
1 11 2
674 675
1 18 2
204 602
1 12 2
126 190
1 3 2
98 421
1 14 2
13 646
1 4 2
527 660
1 12 2
362 386
1 5 2
188 340
1 15 2
181 545
1 6 2
33 421
1 17 2
28 520
1 9 2
50 471
1 11 2
427 681
1 3 2
74 687
1 5 2
156 661
1 10 2
327 511
1 17 2
88 94
1 9 2
140 671
1 12 2
232 477
1 6 2
191 513
1 18 2
339 362
1 9 2
20 443
1 8 2
58 645
1 20 2
63 112
1 6 2
263 472
1 9 2
112 525
1 5 2
21 300
1 8 2
8 172
1 4 2
177 292
1 9 2
69 402
1 12 2
384 561
1 5 2
221 550
1 17 2
42 378
1 12 2
274 601
1 8 2
339 461
1 15 2
57 312
1 8 2
30 616
1 7 2
387 563
1 9 2
293 641
1 10 2
322 509
1 5 2
11 373
1 4 2
253 560
1 17 2
317 659
1 9 2
163 237
1 10 2
82 525
1 15 2
192 699
1 13 2
24 680
1 7 2
427 695
1 7 2
560 562
1 16 2
102 198
1 7 2
469 677
1 16 2
134 545
1 5 2
85 154
1 8 2
463 471
1 14 2
120 586
1 19 2
320 576
1 9 2
68 663
1 7 2
308 363
1 6 2
115 679
1 7 2
47 78
1 8 2
277 499
1 12 2
109 450
1 12 2
24 158
1 18 2
257 678
1 10 2
367 677
1 9 2
202 621
1 17 2
50 410
1 9 2
375 465
1 4 2
194 517
1 11 2
181 365
1 3 2
107 686
1 14 2
166 207
1 14 2
180 275
1 17 2
112 273
1 14 2
140 388
1 7 2
331 622
1 8 2
429 569
1 11 2
184 551
1 11 2
224 569
1 5 2
351 462
1 11 2
4 435
1 16 2
630 681
1 11 2
40 639
1 4 2
116 343
1 13 2
112 409
1 10 2
559 682
1 7 2
425 671
1 19 2
561 612
1 11 2
195 394
1 6 2
108 432
1 10 2
62 632
1 15 2
389 561
1 20 2
72 186
1 4 2
98 560
1 17 2
681 693
1 19 2
58 657
1 9 2
125 297
1 15 2
362 569
1 6 2
606 631
1 11 2
85 545
1 10 2
104 516
1 15 2
91 348
1 8 2
181 279
1 14 2
379 493
1 13 2
387 596
1 5 2
99 517
1 18 2
354 534
1 10 2
119 533
1 10 2
53 497
1 16 2
30 632
1 14 2
440 691
1 10 2
49 513
1 13 2
133 252
1 14 2
179 203
1 13 2
555 630
1 7 2
225 484
1 10 2
106 447
1 12 2
643 665
1 19 2
38 612
1 15 2
392 408
1 10 2
7 642
1 9 2
6 458
1 16 2
362 586
1 4 2
503 686
1 9 2
32 191
1 12 2
106 121
1 16 2
83 272
1 8 2
282 447
1 13 2
497 639
1 9 2
178 385
1 15 2
89 543
1 13 2
428 610
1 13 2
506 536
1 14 2
475 561
1 13 2
108 271
1 10 2
136 577
1 9 2
2 379
1 20 2
410 542
1 15 2
457 649
1 20 2
63 612
1 7 2
180 598
1 13 2
25 559
1 16 2
31 204
1 9 2
528 580
1 12 2
162 477
1 20 2
121 545
1 11 2
261 693
1 8 2
161 283
1 10 2
112 495
1 12 2
376 523
1 9 2
135 303
1 5 2
453 606
1 6 2
273 669
1 14 2
131 356
1 18 2
180 236
1 14 2
316 674
1 9 2
302 685
1 11 2
39 204
1 8 2
336 662
1 12 2
53 580
1 7 2
276 515
1 14 2
136 176
1 10 2
210 271
1 6 2
154 661
1 18 2
659 674
1 16 2
215 635
1 2 2
242 459
1 10 2
50 328
1 9 2
93 433
1 11 2
399 578
1 6 2
55 555
1 19 2
578 685
1 9 2
219 694
1 15 2
458 530
1 15 2
218 500
1 9 2
156 368
1 12 2
235 431
1 11 2
376 682
1 8 2
25 302
1 12 2
21 576
1 16 2
190 332
1 11 2
211 632
1 7 2
21 304
1 13 2
69 92
1 20 2
193 217
1 4 2
311 494
1 17 2
18 600
1 16 2
63 167
1 7 2
97 567
1 12 2
224 352
1 10 2
489 698
1 8 2
386 404
1 5 2
117 515
1 10 2
445 698
1 12 2
134 605
1 4 2
226 615
1 4 2
5 404
1 9 2
61 440
1 14 2
136 218
1 11 2
439 681
1 8 2
166 214
1 11 2
183 343
1 11 2
233 553
1 18 2
50 372
1 5 2
278 480
1 17 2
150 659
1 19 2
58 277
1 11 2
25 316
1 17 2
540 681
1 20 2
66 641
1 14 2
229 426
1 17 2
114 118
1 11 2
104 563
1 17 2
41 268
1 7 2
240 364
1 19 2
63 635
1 14 2
54 104
1 7 2
160 174
1 12 2
122 557
1 5 2
282 374
1 13 2
24 691
1 8 2
266 533
1 7 2
350 371
1 20 2
309 545
1 7 2
315 496
1 17 2
317 520
1 15 2
346 533
1 15 2
422 487
1 20 2
309 674
1 14 2
170 543
1 4 2
199 571
1 7 2
126 483
1 5 2
24 594
1 6 2
160 494
1 12 2
122 475
1 8 2
607 684
1 10 2
488 516
1 15 2
431 652
1 6 2
84 327
1 17 2
72 680
1 6 2
362 669
1 13 2
181 656
1 15 2
101 102
1 5 2
17 429
1 14 2
102 159
1 16 2
506 688
1 15 2
203 553
1 6 2
84 416
1 8 2
78 678
1 7 2
104 196
1 9 2
81 127
1 15 2
271 543
1 15 2
200 486
1 8 2
297 588
1 14 2
165 610
1 15 2
30 109
1 14 2
88 547
1 13 2
509 576
1 9 2
146 581
1 20 2
268 641
1 9 2
39 487
1 13 2
27 170
1 7 2
270 476
1 16 2
42 72
1 10 2
101 373
1 4 2
383 438
1 4 2
78 470
1 14 2
175 183
1 18 2
82 656
1 3 2
214 326
1 7 2
68 523
1 8 2
100 252
1 17 2
486 536
1 5 2
75 423
1 15 2
69 605
1 20 2
82 176
1 16 2
207 481
1 4 2
55 65
1 8 2
201 561
1 18 2
422 552
1 10 2
259 680
1 8 2
287 357
1 9 2
279 412
1 9 2
73 455
1 17 2
238 558
1 6 2
34 370
1 9 2
202 696
1 8 2
571 576
1 7 2
179 344
1 7 2
28 335
1 14 2
25 32
1 6 2
149 278
1 13 2
92 372
1 13 2
173 475
1 5 2
493 508
1 13 2
131 642
1 9 2
126 159
1 13 2
559 684
1 15 2
291 348
1 8 2
373 516
1 14 2
32 167
1 14 2
23 465
1 17 2
91 666
1 9 2
120 179
1 16 2
271 536
1 17 2
31 649
1 10 2
171 651
1 12 2
21 452
1 13 2
331 567
1 11 2
429 586
1 19 2
165 378
1 10 2
208 304
1 15 2
34 240
1 3 2
35 417
1 8 2
229 299
1 18 2
28 352
1 10 2
325 622
1 8 2
147 188
1 17 2
208 665
1 12 2
165 383
1 12 2
223 240
1 12 2
410 570
1 8 2
129 166
1 8 2
18 244
1 11 2
38 607
1 7 2
151 527
1 10 2
211 294
1 16 2
389 542
1 11 2
572 696
1 5 2
101 242
1 9 2
10 166
1 15 2
408 561
1 12 2
33 367
1 10 2
149 251
1 8 2
19 431
1 15 2
41 146
1 13 2
223 699
1 9 2
175 445
1 5 2
153 608
1 7 2
140 513
1 11 2
260 409
1 7 2
237 613
1 5 2
304 399
1 9 2
109 535
1 6 2
296 549
1 9 2
521 657
1 11 2
27 122
1 18 2
436 542
1 15 2
109 681
1 6 2
258 491
1 6 2
598 685
1 17 2
618 647
1 7 2
196 208
1 9 2
126 198
1 8 2
120 311
1 18 2
378 447
1 20 2
186 277
1 13 2
13 664
1 19 2
657 685
1 8 2
357 504
1 14 2
254 605
1 11 2
85 190
1 11 2
212 542
1 5 2
15 387
1 8 2
18 689
1 9 2
153 612
1 6 2
434 670
1 11 2
26 428
1 16 2
146 447
1 14 2
395 557
1 15 2
275 530
1 9 2
134 340
1 7 2
46 539
1 10 2
40 50
1 6 2
344 517
1 15 2
41 173
1 12 2
59 118
1 14 2
431 651
1 18 2
254 630
1 10 2
288 664
1 12 2
309 425
1 12 2
405 634
1 8 2
110 125
1 19 2
58 378
1 8 2
120 135
1 17 2
102 252
1 7 2
106 226
1 9 2
62 621
1 16 2
87 104
1 16 2
0 394
1 9 2
380 433
1 11 2
122 179
1 5 2
444 471
1 7 2
304 430
1 6 2
233 296
1 9 2
201 530
1 8 2
407 552
1 14 2
216 641
1 12 2
316 330
1 8 2
177 322
1 19 2
69 260
1 20 2
56 87
1 17 2
229 460
1 10 2
183 492
1 10 2
135 285
1 7 2
70 415
1 20 2
268 410
1 4 2
12 282
1 17 2
352 463
1 10 2
143 677
1 14 2
57 694
1 11 2
204 343
1 15 2
377 532
1 5 2
153 673
1 14 2
122 394
1 18 2
89 600
1 4 2
6 78
1 15 2
457 464
1 10 2
215 695
1 13 2
375 642
1 13 2
88 131
1 12 2
58 259
1 18 2
204 530
1 17 2
354 377
1 14 2
47 559
1 11 2
150 157
1 4 2
26 571
1 16 2
63 441
1 7 2
278 530
1 16 2
122 217
1 11 2
440 563
1 4 2
19 374
1 10 2
8 316
1 8 2
156 463
1 17 2
104 674
1 14 2
539 635
1 9 2
207 432
1 9 2
135 406
1 8 2
53 276
1 11 2
10 58
1 11 2
435 515
1 4 2
242 516
1 15 2
50 93
1 15 2
23 500
1 12 2
136 666
1 8 2
316 409
1 7 2
296 406
1 10 2
8 652
1 17 2
561 591
1 7 2
344 519
1 8 2
69 185
1 5 2
644 689
1 14 2
332 487
1 19 2
176 217
1 8 2
126 322
1 11 2
480 634
1 7 2
234 416
1 9 2
337 572
1 7 2
79 367
1 13 2
135 443
1 8 2
3 562
1 10 2
32 137
1 11 2
134 222
1 14 2
463 485
1 3 2
478 590
1 17 2
158 203
1 18 2
91 207
1 6 2
104 592
1 11 2
125 202
1 9 2
175 517
1 10 2
54 473
1 9 2
250 280
1 16 2
145 217
1 9 2
104 385
1 7 2
195 383
1 4 2
153 154
1 12 2
13 92
1 11 2
125 419
1 9 2
143 605
1 10 2
133 172
1 9 2
450 483
1 11 2
121 459
1 7 2
39 246
1 13 2
150 489
1 10 2
344 376
1 7 2
451 602
1 8 2
19 57
1 19 2
64 635
1 6 2
3 513
1 8 2
17 88
1 12 2
72 383
1 13 2
356 457
1 13 2
182 200
1 15 2
49 102
1 12 2
182 547
1 14 2
73 346
1 15 2
392 406
1 11 2
47 483
1 15 2
58 208
1 15 2
443 475
1 6 2
669 692
1 12 2
26 379
1 3 2
391 425
1 17 2
146 377
1 4 2
397 415
1 8 2
215 560
1 19 2
277 443
1 3 2
62 491
1 11 2
270 518
1 11 2
388 599
1 10 2
43 166
1 10 2
188 649
1 19 2
121 377
1 9 2
278 410
1 16 2
389 392
1 15 2
130 285
1 13 2
91 308
1 7 2
293 692
1 4 2
653 655
1 5 2
9 280
1 11 2
248 532
1 14 2
309 644
1 8 2
469 530
1 9 2
257 370
1 10 2
497 566
1 12 2
224 238
1 18 2
72 602
1 10 2
216 617
1 8 2
43 625
1 14 2
38 136
1 12 2
84 252
1 15 2
159 596
1 16 2
330 641
1 1 2
205 335
1 4 2
48 420
1 12 2
115 171
1 15 2
89 625
1 9 2
427 611
1 3 2
11 61
1 18 2
520 649
1 6 2
365 407
1 7 2
154 577
1 11 2
404 591
1 8 2
43 671
1 10 2
385 547
1 9 2
35 488
1 9 2
459 699
1 15 2
189 277
1 15 2
422 506
1 14 2
84 377
1 13 2
6 309
1 9 2
416 426
1 13 2
308 665
1 11 2
327 693
1 8 2
183 476
1 7 2
152 204
1 7 2
43 439
1 14 2
229 698
1 8 2
83 393
1 8 2
516 671
1 9 2
27 369
1 9 2
492 588
1 9 2
327 536
1 7 2
481 615
1 19 2
73 511
1 4 2
3 213
1 19 2
352 410
1 10 2
435 535
1 12 2
190 301
1 15 2
481 488
1 17 2
118 229
1 5 2
546 638
1 10 2
136 169
1 10 2
92 536
1 12 2
165 651
1 9 2
187 412
1 11 2
222 559
1 18 2
534 663
1 11 2
85 633
1 13 2
277 374
1 9 2
175 304
1 18 2
33 255
1 12 2
231 260
1 9 2
606 630
1 11 2
253 647
1 11 2
248 583
1 17 2
215 464
1 13 2
236 322
1 5 2
226 239
1 19 2
193 260
1 18 2
193 215
1 9 2
482 591
1 11 2
186 507
1 14 2
268 605
1 17 2
0 118
1 9 2
125 334
1 15 2
82 424
1 10 2
167 345
1 11 2
146 513
1 9 2
482 567
1 10 2
474 542
1 16 2
229 666
1 14 2
572 586
1 8 2
5 83
1 15 2
685 692
1 18 2
229 410
1 13 2
18 696
1 10 2
53 252
1 6 2
32 397
1 12 2
25 237
1 6 2
39 311
1 17 2
186 696
1 15 2
33 273
1 6 2
35 654
1 17 2
267 662
1 13 2
389 562
1 3 2
26 461
1 12 2
7 542
1 8 2
367 383
1 11 2
115 275
1 9 2
203 230
1 7 2
285 529
1 19 2
66 542
1 9 2
129 543
1 6 2
185 208
1 5 2
375 571
1 15 2
24 268
1 11 2
395 582
1 15 2
365 443
1 11 2
18 43
1 15 2
223 665
1 7 2
226 419
1 13 2
591 652
1 10 2
246 450
1 14 2
356 505
1 17 2
32 203
1 7 2
108 371
1 8 2
177 489
1 16 2
131 254
1 9 2
460 462
1 15 2
647 698
1 14 2
440 506
1 12 2
176 304
1 7 2
489 604
1 10 2
183 462
1 9 2
69 287
1 9 2
310 332
1 14 2
130 197
1 5 2
476 505
1 8 2
206 696
1 10 2
428 453
1 4 2
242 343
1 13 2
379 419
1 17 2
165 678
1 12 2
150 219
1 14 2
31 171
1 6 2
319 482
1 18 2
76 633
1 20 2
392 422
1 13 2
109 617
1 18 2
47 443
1 4 2
242 373
1 5 2
248 590
1 10 2
446 678
1 13 2
63 231
1 17 2
54 392
1 17 2
49 665
1 11 2
437 580
1 14 2
121 408
1 6 2
261 634
1 16 2
146 207
1 10 2
70 147
1 7 2
14 224
1 18 2
236 596
1 9 2
159 517
1 6 2
467 512
1 14 2
42 628
1 17 2
285 576
1 9 2
11 66
1 6 2
0 326
1 8 2
457 473
1 10 2
84 684
1 5 2
1 159
1 18 2
320 536
1 16 2
294 317
1 11 2
256 380
1 15 2
112 424
1 13 2
172 317
1 8 2
6 445
1 17 2
291 403
1 7 2
139 581
1 16 2
54 257
1 9 2
224 505
1 5 2
402 631
1 13 2
118 343
1 10 2
426 697
1 5 2
174 427
1 6 2
51 84
1 9 2
60 431
1 10 2
27 246
1 5 2
382 523
1 4 2
92 185
1 4 2
667 676
1 10 2
9 506
1 11 2
109 478
1 9 2
522 699
1 10 2
339 604
1 9 2
322 427
1 13 2
509 580
1 10 2
297 534
1 17 2
87 547
1 16 2
612 617
1 6 2
214 465
1 6 2
220 465
1 9 2
189 546
1 20 2
339 372
1 16 2
184 576
1 12 2
263 271
1 20 2
63 657
1 11 2
485 573
1 12 2
72 661
1 15 2
215 227
1 10 2
36 460
1 4 2
319 334
1 9 2
152 612
1 12 2
104 108
1 15 2
480 561
1 13 2
88 175
1 18 2
121 678
1 10 2
443 459
1 8 2
280 405
1 15 2
115 260
1 20 2
268 647
1 12 2
211 544
1 6 2
365 571
1 8 2
38 529
1 12 2
83 195
1 9 2
362 695
1 18 2
58 352
1 20 2
186 649
1 7 2
543 550
1 8 2
61 167
1 17 2
146 247
1 14 2
634 674
1 17 2
66 670
1 15 2
255 583
1 16 2
64 646
1 7 2
55 275
1 10 2
593 612
1 17 2
146 388
1 8 2
530 626
1 17 2
203 621
1 13 2
137 320
1 20 2
540 542
1 16 2
357 553
1 8 2
312 444
1 13 2
167 646
1 4 2
446 525
1 7 2
554 589
1 13 2
458 463
1 12 2
198 375
1 11 2
312 408
1 13 2
101 134
1 14 2
276 464
1 14 2
330 362
1 10 2
13 107
1 16 2
562 602
1 11 2
268 459
1 11 2
224 681
1 15 2
25 356
1 12 2
410 643
1 10 2
172 178
1 8 2
85 538
1 14 2
190 222
1 11 2
385 552
1 14 2
203 233
1 9 2
33 425
1 14 2
276 443
1 18 2
82 165
1 10 2
23 604
1 12 2
502 659
1 15 2
161 394
1 8 2
23 451
1 11 2
129 268
1 16 2
452 583
1 13 2
216 545
1 9 2
224 624
1 17 2
217 252
1 10 2
161 518
1 6 2
514 537
1 18 2
130 602
1 13 2
308 320
1 10 2
157 588
1 5 2
74 206
1 13 2
56 288
1 4 2
366 644
1 8 2
365 695
1 17 2
203 208
1 7 2
76 686
1 6 2
145 196
1 8 2
505 675
1 4 2
213 568
1 12 2
112 517
1 5 2
276 329
1 13 2
247 259
1 3 2
74 590
1 11 2
237 698
1 11 2
85 183
1 14 2
178 540
1 8 2
421 665
1 18 2
307 309
1 16 2
112 666
1 11 2
514 688
1 6 2
528 697
1 18 2
146 392
1 6 2
98 369
1 7 2
277 448
1 13 2
325 555
1 18 2
147 255
1 19 2
13 612
1 5 2
537 616
1 16 2
170 218
1 13 2
320 631
1 14 2
583 648
1 6 2
575 673
1 8 2
218 338
1 16 2
379 408
1 12 2
240 301
1 7 2
26 644
1 8 2
146 381
1 16 2
237 320
1 14 2
171 678
1 16 2
42 307
1 13 2
330 500
1 6 2
18 19
1 12 2
150 509
1 8 2
485 638
1 4 2
124 213
1 11 2
339 340
1 11 2
453 530
1 6 2
269 601
1 10 2
68 578
1 11 2
109 445
1 14 2
523 602
1 2 2
65 679
1 12 2
120 270
1 11 2
308 678
1 20 2
58 64
1 14 2
82 644
1 8 2
390 574
1 8 2
31 119
1 7 2
191 538
1 5 2
483 501
1 7 2
107 373
1 14 2
24 260
1 15 2
30 184
1 7 2
75 523
1 10 2
96 557
1 11 2
322 662
1 9 2
27 256
1 9 2
117 354
1 9 2
653 696
1 12 2
94 202
1 4 2
226 402
1 6 2
338 374
1 14 2
54 691
1 8 2
564 635
1 8 2
4 684
