800 4800 2400
14 17 7 20 25 13 18 20 13 13 23 7 21 25 22 10 7 6 9 8 25 19 20 9 16 13 17 13 12 8 10 18 15 18 23 20 12 10 12 9 25 15 7 15 21 18 10 24 22 10 5 18 5 13 12 24 15 13 17 25 11 13 20 11 17 7 19 17 15 19 13 11 22 13 7 24 7 17 11 12 20 19 14 12 23 16 9 25 18 19 9 25 8 6 19 19 25 17 13 8 17 22 16 8 14 13 8 16 23 17 18 7 24 21 17 20 20 11 19 18 6 15 24 14 5 13 13 15 6 20 21 23 21 17 18 24 6 19 9 16 16 15 14 19 12 5 17 19 22 10 25 23 25 17 15 17 12 13 20 13 8 9 6 18 24 21 6 12 20 12 11 20 19 15 17 22 5 25 17 5 11 22 25 17 25 13 10 21 17 13 7 6 25 17 9 9 20 19 13 14 12 6 11 22 13 7 8 20 23 19 12 13 15 18 22 16 25 21 11 20 16 8 20 18 22 8 10 10 12 12 24 25 23 7 12 25 24 15 12 19 6 6 5 15 13 25 12 15 7 23 14 12 10 20 9 18 18 13 21 25 24 12 10 10 10 22 20 5 17 20 12 21 14 17 21 9 14 19 16 14 5 5 11 14 7 19 6 11 25 20 6 23 21 18 6 5 17 12 7 16 17 17 12 9 7 17 14 12 11 23 5 16 20 7 23 13 13 17 16 7 24 6 12 15 17 11 14 11 9 25 21 8 23 16 10 17 22 20 7 18 22 19 23 15 25 25 6 10 6 15 8 18 17 10 22 10 9 6 19 24 6 23 11 18 22 12 21 9 22 13 14 13 17 6 13 17 24 7 11 5 23 7 18 24 16 9 23 5 9 13 20 9 10 6 11 17 24 17 18 7 23 18 11 18 8 25 5 5 25 11 15 23 10 6 25 12 24 17 10 18 12 19 11 9 13 10 16 5 8 23 5 5 17 8 14 23 18 23 16 24 23 18 12 20 8 7 12 17 25 11 13 16 25 9 18 8 10 16 24 14 5 15 18 5 19 15 18 18 19 16 19 17 14 15 22 20 17 19 6 5 6 16 16 12 17 17 16 17 10 24 23 19 6 15 25 19 17 21 22 10 7 16 5 8 14 14 10 24 5 25 11 6 24 18 16 7 9 25 9 9 7 22 5 19 20 5 20 15 24 8 16 7 5 21 18 20 15 23 14 7 14 9 22 9 9 13 24 12 5 24 24 18 20 25 5 23 7 21 16 8 24 13 19 20 8 11 7 15 14 18 6 17 13 17 18 13 6 21 21 9 5 9 25 17 10 6 20 19 23 5 6 7 8 19 6 14 16 19 23 19 21 19 19 5 21 24 25 12 16 19 24 7 7 7 10 18 13 19 16 6 20 15 25 20 19 17 19 7 9 19 19 16 13 20 6 15 19 14 20 17 13 18 25 23 6 16 13 6 16 25 11 25 16 7 24 21 15 21 13 19 23 13 10 13 13 25 6 5 8 6 10 25 22 6 6 7 23 15 18 15 6 5 24 24 16 10 18 17 14 9 16 19 16 18 9 11 14 23 22 15 16 21 22 23 25 10 24 9 8 19 21 7 16 13 5 6 17 9 15 15 23 9 15 14 11 22 9 6 23 5 11 25 23 9 22 11 8 25 22 10 11 5 8 11 21 12 24 20 17 24 13 6 10 22 9 7 15 5 9 24 17 10 23 17 10 13 21 11 9 5 24 6 20 11 25 16 12 11 11 5 12 14 18 19 20 5 8 25 17 21 15 9 11 22 16 19 19 18 8 12
19 5 12 20 13 13 10 10 18 4 5 19 18 7 4 16 4 5 12 13 3 11 20 11 4 18 15 6 14 13 3 12 16 14 11 14 15 11 17 10 20 8 10 7 14 12 7 13 19 8 13 15 18 20 13 7 4 3 15 4 14 7 15 7 15 18 19 16 13 3 5 4 12 9 18 17 17 13 9 10 4 14 19 16 17 9 6 9 11 10 19 9 16 12 14 6 6 10 5 15 6 17 7 12 18 12 8 9 9 8 15 3 10 15 20 15 18 18 17 13 12 19 17 5 11 8 12 13 3 13 17 16 5 5 6 10 7 3 10 12 12 20 9 14 5 13 5 15 4 20 7 15 18 15 14 15 19 5 18 11 8 17 10 3 5 15 13 11 7 10 12 9 20 18 18 9 4 10 9 14 19 16 4 4 11 20 18 19 20 13 10 15 8 10 17 19 14 10 16 3 18 12 3 19 9 9 11 10 6 11 3 7 13 4 3 14 7 7 6 5 17 14 15 20 18 8 19 16 20 20 8 13 17 9 15 3 8 10 3 5 3 3 12 14 8 13 8 14 5 16 9 12 3 6 5 14 10 11 18 18 14 8 13 5 12 19 6 4 20 19 19 8 15 7 3 9 6 7 20 11 5 8 9 8 10 6 7 11 16 20 19 19 5 16 13 19 7 10 4 11 10 9 14 14 16 15 6 8 12 6 8 6 8 17 10 19 15 17 10 6 8 14 15 9 20 19 3 10 20 5 10 18 9 6 5 6 12 20 6 17 14 4 3 17 14 7 14 5 9 3 17 4 15 11 11 15 3 15 9 14 5 17 9 13 7 20 9 4 5 16 20 13 20 14 4 18 16 9 14 8 10 20 20 18 5 9 3 9 11 14 20 14 5 14 6 3 15 10 14 13 8 11 8 3 18 4 6 11 12 19 11 16 17 11 3 18 14 4 7 13 5 3 19 11 9 5 5 20 13 14 15 17 20 6 7 7 16 13 18 16 19 3 3 9 12 11 3 6 11 20 14 14 18 7 10 15 15 7 15 20 12 13 14 18 4 10 6 4 10 13 20 20 16 17 7 15 8 12 9 12 4 11 5 11 15 3 5 4 5 7 13 15 9 14 7 18 5 14 14 11 14 7 18 11 15 9 8 8 12 20 12 13 12 5 5 12 9 7 8 16 16 17 6 11 9 3 7 9 6 20 20 20 20 15 20 13 15 13 14 16 11 9 7 18 13 19 12 14 10 12 19 11 14 17 14 10 17 9 20 13 12 11 10 15 9 16 13 7 12 6 8 15 12 8 3 15 15 6 20 20 11 11 18 6 5 16 9 9 16 9 6 19 6 5 5 4 4 10 18 12 18 9 5 14 5 7 10 6 13 17 5 4 14 8 15 9 6 5 11 19 5 13 5 5 17 18 20 17 5 16 8 17 8 7 6 17 6 14 17 7 11 20 15 4 18 16 19 12 9 16 10 4 9 10 5 3 6 13 8 17 3 17 10 20 14 10 9 17 5 6 12 10 6 10 7 19 20 20 13 11 14 3 13 8 20 16 20 17 12 12 9 16 15 12 16 8 3 12 3 4 5 6 15 11 10 10 20 7 5 5 20 3 20 11 13 4 16 16 16 13 8 18 17 4 16 17 12 4 14 8 10 10 20 6 6 7 19 10 3 19 16 17 6 13 6 12 20 9 4 20 14 7 3 12 8 20 3 15 20 10 16 7 18 4 18 4 17 6 7 15 3 8 16 14 16 20 20 16 5 3 6 16 9 13 5 10 9 15 18 17 4 17 11 12 20 17 4 8 11 14
1 18 2
91 542
1 4 2
688 727
1 11 2
131 308
1 7 2
90 693
1 11 2
152 218
1 9 2
283 636
1 13 2
660 690
1 9 2
403 658
1 5 2
305 357
1 17 2
80 683
1 12 2
473 521
1 7 2
334 486
1 10 2
207 722
1 13 2
274 629
1 14 2
495 657
1 5 2
237 516
1 18 2
553 657
1 13 2
41 380
1 17 2
236 340
1 4 2
645 680
1 9 2
330 510
1 15 2
435 795
1 12 2
81 223
1 9 2
22 369
1 11 2
368 493
1 15 2
21 732
1 5 2
261 739
1 9 2
140 645
1 17 2
557 671
1 15 2
490 513
1 17 2
440 682
1 6 2
27 776
1 13 2
109 753
1 6 2
78 154
1 19 2
683 746
1 6 2
51 786
1 13 2
87 645
1 17 2
3 20
1 17 2
84 340
1 10 2
314 584
1 11 2
4 251
1 19 2
75 236
1 11 2
450 498
1 5 2
79 392
1 12 2
563 596
1 5 2
221 493
1 6 2
143 348
1 15 2
66 546
1 15 2
443 537
1 7 2
106 600
1 7 2
126 141
1 11 2
80 212
1 14 2
301 555
1 4 2
567 576
1 13 2
621 704
1 11 2
468 645
1 15 2
119 231
1 20 2
152 731
1 12 2
104 490
1 10 2
505 655
1 6 2
279 325
1 16 2
359 633
1 15 2
118 550
1 8 2
26 575
1 11 2
152 362
1 5 2
200 695
1 8 2
390 453
1 15 2
72 181
1 15 2
398 703
1 10 2
516 553
1 11 2
47 547
1 13 2
598 686
1 2 2
145 427
1 15 2
122 467
1 15 2
34 337
1 13 2
578 693
1 9 2
234 312
1 7 2
251 370
1 11 2
40 246
1 9 2
190 230
1 9 2
68 432
1 15 2
209 642
1 10 2
164 425
1 14 2
383 419
1 6 2
239 500
1 10 2
672 750
1 12 2
244 291
1 15 2
219 400
1 12 2
268 552
1 7 2
145 537
1 14 2
175 398
1 13 2
153 762
1 8 2
305 607
1 13 2
107 706
1 18 2
20 101
1 14 2
467 738
1 10 2
345 721
1 10 2
101 446
1 7 2
19 269
1 9 2
494 515
1 9 2
598 786
1 13 2
359 472
1 12 2
208 426
1 12 2
197 693
1 12 2
137 466
1 13 2
496 701
1 10 2
116 272
1 14 2
223 474
1 5 2
90 486
1 19 2
651 732
1 6 2
317 518
1 6 2
70 79
1 6 2
551 591
1 4 2
394 791
1 6 2
105 144
1 18 2
122 489
1 12 2
156 787
1 8 2
171 264
1 8 2
113 721
1 9 2
0 421
1 9 2
625 790
1 18 2
366 408
1 13 2
249 794
1 16 2
150 401
1 6 2
450 724
1 9 2
364 758
1 8 2
63 484
1 16 2
269 762
1 9 2
237 273
1 8 2
276 567
1 5 2
39 558
1 4 2
102 348
1 6 2
639 708
1 8 2
279 395
1 4 2
393 663
1 10 2
352 372
1 18 2
320 643
1 15 2
230 255
1 12 2
33 94
1 13 2
51 165
1 8 2
237 276
1 8 2
452 525
1 7 2
293 499
1 13 2
164 652
1 12 2
443 624
1 15 2
344 363
1 10 2
442 533
1 11 2
513 639
1 10 2
378 643
1 13 2
489 608
1 5 2
39 459
1 13 2
255 475
1 16 2
62 753
1 8 2
79 421
1 16 2
168 606
1 15 2
468 651
1 15 2
601 683
1 12 2
181 527
1 14 2
569 746
1 14 2
339 703
1 11 2
134 255
1 9 2
169 629
1 6 2
144 696
1 11 2
305 467
1 15 2
40 782
1 4 2
52 608
1 9 2
399 671
1 16 2
22 448
1 16 2
604 749
1 6 2
132 310
1 14 2
100 230
1 5 2
9 226
1 4 2
263 519
1 3 2
39 488
1 16 2
209 439
1 13 2
155 396
1 9 2
153 750
1 11 2
451 604
1 7 2
254 693
1 13 2
100 697
1 14 2
512 763
1 9 2
351 616
1 6 2
103 398
1 9 2
150 689
1 17 2
452 766
1 2 2
430 492
1 9 2
171 302
1 13 2
371 642
1 9 2
72 252
1 9 2
254 732
1 9 2
32 432
1 12 2
521 608
1 12 2
189 774
1 5 2
204 483
1 8 2
298 400
1 10 2
141 274
1 11 2
287 512
1 13 2
274 285
1 11 2
214 756
1 15 2
171 728
1 10 2
56 289
1 13 2
207 744
1 17 2
177 196
1 7 2
499 782
1 17 2
411 672
1 14 2
333 344
1 7 2
256 518
1 16 2
192 363
1 11 2
47 735
1 10 2
261 330
1 15 2
143 148
1 5 2
272 331
1 12 2
130 639
1 14 2
235 788
1 6 2
331 648
1 20 2
345 517
1 10 2
70 542
1 14 2
62 340
1 10 2
235 262
1 7 2
279 472
1 14 2
47 193
1 12 2
110 269
1 7 2
459 540
1 12 2
314 384
1 13 2
231 621
1 15 2
134 732
1 11 2
3 700
1 15 2
440 784
1 18 2
108 429
1 4 2
212 611
1 13 2
212 651
1 8 2
402 587
1 9 2
63 702
1 17 2
332 400
1 11 2
41 623
1 10 2
45 417
1 8 2
204 693
1 20 2
84 651
1 12 2
474 618
1 9 2
161 336
1 14 2
368 382
1 12 2
401 709
1 11 2
7 790
1 13 2
306 344
1 18 2
4 732
1 6 2
713 792
1 10 2
141 597
1 8 2
246 382
1 7 2
323 568
1 20 2
59 706
1 14 2
416 551
1 12 2
107 655
1 8 2
142 677
1 17 2
181 414
1 8 2
266 607
1 14 2
526 657
1 5 2
315 456
1 9 2
788 794
1 15 2
383 763
1 18 2
292 774
1 8 2
255 743
1 15 2
593 698
1 20 2
152 192
1 8 2
58 125
1 6 2
28 632
1 9 2
243 454
1 7 2
188 226
1 14 2
416 690
1 14 2
471 605
1 9 2
703 705
1 2 2
508 647
1 11 2
443 596
1 15 2
101 289
1 6 2
24 221
1 11 2
359 713
1 11 2
21 100
1 15 2
58 288
1 15 2
622 797
1 9 2
277 640
1 16 2
91 398
1 15 2
3 766
1 4 2
8 543
1 15 2
118 528
1 11 2
257 560
1 14 2
342 363
1 19 2
184 734
1 15 2
119 164
1 9 2
12 792
1 16 2
219 458
1 5 2
73 685
1 13 2
274 636
1 18 2
528 720
1 6 2
655 667
1 7 2
178 186
1 7 2
233 368
1 10 2
30 489
1 15 2
148 701
1 8 2
700 776
1 11 2
353 622
1 12 2
9 96
1 2 2
124 319
1 8 2
435 564
1 12 2
302 345
1 10 2
630 790
1 11 2
45 760
1 12 2
185 376
1 11 2
468 794
1 5 2
568 689
1 10 2
328 598
1 14 2
514 606
1 15 2
67 150
1 18 2
494 555
1 8 2
132 425
1 5 2
170 270
1 8 2
3 449
1 11 2
95 311
1 10 2
296 467
1 12 2
58 562
1 6 2
196 727
1 6 2
63 700
1 5 2
469 653
1 9 2
192 566
1 12 2
266 794
1 9 2
102 395
1 12 2
257 697
1 15 2
45 774
1 16 2
168 440
1 11 2
288 650
1 9 2
116 218
1 8 2
34 612
1 16 2
249 609
1 15 2
140 494
1 5 2
382 463
1 14 2
10 317
1 10 2
643 662
1 8 2
210 609
1 12 2
196 534
1 6 2
401 727
1 19 2
437 651
1 13 2
271 419
1 14 2
135 324
1 6 2
170 465
1 15 2
494 608
1 6 2
481 721
1 20 2
96 260
1 12 2
517 650
1 6 2
261 637
1 7 2
765 788
1 19 2
704 706
1 7 2
598 711
1 15 2
22 364
1 8 2
328 366
1 19 2
230 260
1 12 2
265 493
1 13 2
609 617
1 14 2
521 523
1 12 2
53 236
1 4 2
373 699
1 5 2
52 335
1 10 2
130 250
1 9 2
61 523
1 18 2
177 437
1 5 2
447 502
1 12 2
567 720
1 15 2
220 731
1 14 2
14 219
1 13 2
116 341
1 5 2
556 687
1 15 2
258 702
1 6 2
157 424
1 7 2
532 542
1 9 2
336 353
1 12 2
337 636
1 10 2
231 564
1 11 2
288 325
1 8 2
378 593
1 5 2
539 794
1 12 2
34 438
1 14 2
363 368
1 10 2
91 768
1 12 2
210 408
1 8 2
55 478
1 11 2
45 530
1 9 2
105 587
1 6 2
308 596
1 6 2
5 446
1 13 2
129 436
1 8 2
228 293
1 6 2
16 114
1 6 2
79 750
1 10 2
32 155
1 3 2
442 589
1 3 2
385 444
1 5 2
32 685
1 9 2
277 415
1 7 2
317 730
1 7 2
236 554
1 14 2
343 452
1 16 2
45 329
1 12 2
27 706
1 16 2
44 380
1 9 2
391 542
1 9 2
76 665
1 11 2
558 783
1 7 2
510 686
1 11 2
218 549
1 10 2
317 618
1 11 2
20 662
1 8 2
18 474
1 12 2
192 257
1 15 2
137 549
1 11 2
264 452
1 8 2
232 381
1 10 2
527 784
1 18 2
108 184
1 11 2
53 439
1 16 2
14 533
1 4 2
504 531
1 14 2
439 596
1 9 2
112 758
1 6 2
574 736
1 16 2
147 512
1 7 2
243 745
1 13 2
115 239
1 14 2
115 623
1 20 2
13 345
1 15 2
129 732
1 5 2
690 711
1 14 2
230 569
1 15 2
521 623
1 7 2
37 134
1 7 2
202 573
1 12 2
68 265
1 8 2
118 334
1 13 2
368 523
1 19 2
192 340
1 6 2
743 775
1 15 2
6 770
1 15 2
165 702
1 7 2
226 305
1 13 2
305 440
1 6 2
403 444
1 3 2
206 225
1 14 2
546 631
1 15 2
537 630
1 4 2
205 424
1 13 2
368 558
1 8 2
192 594
1 15 2
89 320
1 14 2
153 683
1 9 2
102 212
1 4 2
198 531
1 13 2
568 649
1 12 2
20 362
1 15 2
168 732
1 9 2
67 699
1 12 2
45 94
1 7 2
234 692
1 12 2
224 311
1 10 2
287 342
1 11 2
134 351
1 15 2
403 439
1 17 2
435 660
1 12 2
156 231
1 12 2
426 555
1 13 2
20 459
1 9 2
275 550
1 4 2
99 282
1 4 2
257 453
1 12 2
5 13
1 8 2
463 610
1 16 2
491 605
1 10 2
197 318
1 18 2
151 606
1 8 2
441 658
1 8 2
140 459
1 6 2
183 726
1 10 2
64 67
1 3 2
50 778
1 18 2
235 744
1 17 2
40 477
1 5 2
377 684
1 16 2
182 436
1 9 2
333 438
1 17 2
20 336
1 8 2
615 663
1 8 2
18 274
1 17 2
586 731
1 20 2
359 439
1 17 2
89 642
1 13 2
121 682
1 9 2
583 608
1 9 2
586 740
1 4 2
742 781
1 17 2
209 582
1 6 2
266 532
1 12 2
713 774
1 4 2
297 350
1 8 2
163 446
1 10 2
325 555
1 11 2
382 485
1 7 2
252 491
1 9 2
682 685
1 10 2
175 238
1 6 2
213 768
1 10 2
418 770
1 10 2
398 652
1 10 2
195 759
1 12 2
0 703
1 20 2
230 622
1 20 2
177 376
1 14 2
207 725
1 8 2
185 679
1 15 2
599 720
1 9 2
143 198
1 16 2
222 235
1 12 2
173 497
1 4 2
229 356
1 12 2
62 119
1 5 2
561 764
1 14 2
1 151
1 12 2
306 489
1 18 2
604 642
1 16 2
31 787
1 11 2
212 421
1 10 2
82 523
1 8 2
200 678
1 6 2
23 722
1 10 2
596 609
1 5 2
374 758
1 8 2
406 720
1 9 2
53 209
1 10 2
80 250
1 20 2
245 728
1 7 2
203 771
1 14 2
119 429
1 10 2
571 709
1 6 2
25 595
1 14 2
259 775
1 17 2
13 274
1 15 2
101 709
1 12 2
1 784
1 3 2
37 321
1 13 2
69 115
1 16 2
452 602
1 13 2
199 260
1 7 2
293 456
1 20 2
414 682
1 12 2
56 132
1 9 2
423 512
1 14 2
411 583
1 12 2
94 119
1 15 2
31 671
1 14 2
317 671
1 9 2
528 755
1 12 2
198 605
1 15 2
375 704
1 16 2
177 239
1 6 2
54 409
1 11 2
458 650
1 12 2
175 432
1 6 2
0 640
1 7 2
6 412
1 10 2
28 766
1 7 2
84 379
1 4 2
377 713
1 9 2
306 629
1 19 2
236 414
1 16 2
110 509
1 4 2
104 589
1 15 2
88 405
1 9 2
222 297
1 14 2
265 495
1 10 2
89 621
1 10 2
328 651
1 8 2
402 626
1 15 2
448 625
1 12 2
51 772
1 9 2
64 530
1 6 2
410 764
1 5 2
253 460
1 17 2
55 557
1 3 2
15 611
1 20 2
414 440
1 7 2
432 743
1 10 2
130 211
1 8 2
219 544
1 15 2
396 462
1 4 2
61 455
1 17 2
116 787
1 9 2
695 702
1 12 2
441 475
1 3 2
708 768
1 11 2
236 282
1 9 2
315 436
1 9 2
17 184
1 9 2
457 472
1 15 2
181 709
1 7 2
370 473
1 12 2
132 278
1 13 2
82 259
1 11 2
104 181
1 17 2
208 380
1 13 2
645 698
1 8 2
116 670
1 12 2
411 561
1 19 2
87 376
1 4 2
157 206
1 6 2
228 237
1 10 2
105 497
1 18 2
386 528
1 11 2
277 324
1 4 2
282 584
1 11 2
748 784
1 10 2
390 688
1 19 2
96 249
1 5 2
248 317
1 6 2
132 502
1 7 2
307 438
1 7 2
54 139
1 13 2
243 546
1 5 2
712 755
1 4 2
350 584
1 13 2
458 504
1 5 2
125 745
1 10 2
625 690
1 3 2
362 413
1 6 2
399 623
1 4 2
32 406
1 15 2
91 223
1 5 2
388 459
1 16 2
177 266
1 17 2
235 738
1 14 2
269 366
1 15 2
490 563
1 6 2
220 412
1 18 2
364 749
1 14 2
639 749
1 15 2
354 497
1 16 2
143 507
1 13 2
158 587
1 6 2
367 690
1 4 2
378 758
1 14 2
112 686
1 15 2
542 784
1 10 2
175 773
1 8 2
650 709
1 9 2
394 657
1 6 2
375 564
1 12 2
435 536
1 10 2
107 401
1 9 2
439 612
1 15 2
235 496
1 10 2
544 737
1 8 2
92 208
1 20 2
288 440
1 7 2
438 640
1 15 2
135 372
1 15 2
309 464
1 20 2
606 665
1 19 2
396 400
1 15 2
155 259
1 18 2
249 359
1 16 2
259 277
1 4 2
544 640
1 14 2
187 269
1 13 2
474 476
1 11 2
77 523
1 6 2
470 529
1 14 2
181 609
1 14 2
21 535
1 19 2
214 494
1 3 2
331 764
1 7 2
25 139
1 15 2
309 526
1 18 2
151 762
1 13 2
528 595
1 16 2
172 549
1 14 2
359 631
1 7 2
355 795
1 11 2
341 426
1 20 2
152 329
1 10 2
82 113
1 8 2
388 623
1 3 2
221 675
1 10 2
440 730
1 12 2
484 789
1 10 2
71 555
1 9 2
578 740
1 15 2
397 610
1 9 2
8 657
1 12 2
109 143
1 15 2
574 728
1 6 2
486 499
1 10 2
160 288
1 5 2
461 566
1 10 2
196 568
1 10 2
316 701
1 5 2
306 334
1 12 2
359 568
1 5 2
318 515
1 12 2
165 317
1 18 2
112 549
1 11 2
148 326
1 12 2
498 583
1 16 2
95 649
1 10 2
422 429
1 17 2
80 582
1 6 2
261 719
1 13 2
112 716
1 13 2
3 266
1 13 2
139 291
1 6 2
335 764
1 10 2
125 475
1 3 2
422 590
1 8 2
39 638
1 10 2
418 605
1 8 2
130 353
1 9 2
248 405
1 5 2
39 374
1 20 2
383 682
1 3 2
30 205
1 15 2
376 447
1 5 2
250 404
1 20 2
152 528
1 10 2
451 797
1 12 2
85 720
1 20 2
108 553
1 14 2
397 528
1 8 2
420 574
1 15 2
119 448
1 11 2
28 386
1 11 2
78 731
1 7 2
173 483
1 8 2
378 788
1 10 2
317 335
1 18 2
236 676
1 10 2
504 657
1 9 2
225 654
1 12 2
615 772
1 8 2
59 176
1 3 2
674 721
1 20 2
216 344
1 9 2
133 527
1 8 2
105 397
1 10 2
134 466
1 13 2
534 600
1 7 2
498 769
1 14 2
31 342
1 14 2
452 487
1 10 2
87 786
1 15 2
265 470
1 13 2
417 604
1 10 2
135 227
1 4 2
634 781
1 9 2
123 441
1 16 2
549 747
1 12 2
471 784
1 12 2
258 395
1 13 2
21 557
1 7 2
739 782
1 15 2
411 641
1 7 2
293 518
1 10 2
513 700
1 14 2
177 457
1 6 2
176 586
1 12 2
395 563
1 6 2
279 418
1 13 2
364 398
1 7 2
518 797
1 6 2
461 510
1 12 2
131 323
1 14 2
440 624
1 15 2
88 458
1 6 2
119 433
1 14 2
116 497
1 19 2
40 320
1 6 2
83 200
1 15 2
80 734
1 12 2
315 546
1 4 2
170 402
1 12 2
725 748
1 11 2
362 671
1 7 2
258 755
1 19 2
361 414
1 15 2
20 513
1 13 2
22 475
1 16 2
563 665
1 15 2
132 744
1 11 2
110 700
1 8 2
107 493
1 12 2
84 315
1 8 2
277 730
1 5 2
142 592
1 8 2
251 403
1 13 2
237 665
1 13 2
471 537
1 4 2
327 503
1 9 2
208 328
1 3 2
15 294
1 7 2
438 740
1 13 2
318 672
1 7 2
86 586
1 16 2
113 720
1 7 2
228 645
1 19 2
13 164
1 8 2
69 778
1 7 2
157 301
1 8 2
35 308
1 20 2
40 396
1 13 2
486 605
1 14 2
174 546
1 9 2
236 356
1 10 2
688 744
1 11 2
237 292
1 8 2
155 640
1 13 2
535 795
1 12 2
146 474
1 10 2
14 632
1 18 2
269 787
1 13 2
345 658
1 14 2
524 766
1 18 2
112 175
1 14 2
129 258
1 18 2
151 440
1 18 2
383 498
1 10 2
147 212
1 14 2
320 760
1 17 2
10 164
1 15 2
168 521
1 17 2
537 672
1 5 2
317 727
1 2 2
206 280
1 12 2
197 599
1 7 2
223 518
1 9 2
218 702
1 16 2
416 526
1 12 2
631 710
1 12 2
83 236
1 8 2
502 671
1 12 2
157 606
1 3 2
433 590
1 8 2
617 650
1 12 2
94 470
1 18 2
549 698
1 11 2
193 293
1 10 2
149 654
1 15 2
555 587
1 5 2
430 624
1 16 2
659 746
1 18 2
604 606
1 13 2
352 521
1 17 2
14 416
1 9 2
279 659
1 7 2
302 583
1 10 2
153 300
1 20 2
383 651
1 7 2
460 528
1 11 2
300 562
1 13 2
236 538
1 13 2
100 292
1 13 2
332 447
1 15 2
577 772
1 8 2
29 698
1 12 2
207 454
1 12 2
4 105
1 14 2
578 657
1 12 2
245 607
1 10 2
270 289
1 2 2
103 532
1 6 2
104 488
1 11 2
66 684
1 8 2
264 604
1 6 2
46 447
1 13 2
469 643
1 7 2
190 604
1 10 2
526 621
1 6 2
375 791
1 12 2
203 278
1 8 2
12 506
1 4 2
254 315
1 12 2
20 568
1 16 2
47 772
1 17 2
181 737
1 13 2
222 292
1 15 2
269 672
1 14 2
216 300
1 6 2
306 685
1 4 2
536 589
1 19 2
759 762
1 7 2
342 785
1 16 2
34 734
1 5 2
589 716
1 10 2
39 528
1 9 2
74 87
1 13 2
491 497
1 16 2
209 452
1 10 2
110 472
1 7 2
30 471
1 6 2
513 634
1 5 2
106 718
1 16 2
80 383
1 16 2
116 746
1 12 2
41 440
1 14 2
523 578
1 14 2
235 299
1 2 2
628 757
1 13 2
192 688
1 20 2
549 683
1 7 2
367 747
1 9 2
90 396
1 15 2
181 672
1 9 2
355 400
1 7 2
273 483
1 7 2
159 748
1 15 2
168 676
1 18 2
214 550
1 13 2
130 796
1 11 2
273 312
1 13 2
273 429
1 18 2
376 429
1 8 2
258 768
1 11 2
85 196
1 5 2
27 103
1 16 2
72 435
1 9 2
457 684
1 6 2
18 311
1 16 2
232 271
1 6 2
116 576
1 9 2
654 736
1 8 2
110 234
1 9 2
250 339
1 5 2
493 612
1 5 2
463 709
1 7 2
270 476
1 12 2
193 217
1 9 2
134 370
1 18 2
553 747
1 4 2
15 46
1 10 2
35 43
1 15 2
20 333
1 12 2
31 470
1 7 2
32 202
1 16 2
411 552
1 11 2
188 466
1 16 2
150 172
1 5 2
172 667
1 15 2
249 626
1 11 2
152 261
1 5 2
289 580
1 6 2
241 289
1 14 2
610 700
1 3 2
241 385
1 11 2
87 262
1 14 2
91 718
1 6 2
363 515
1 8 2
570 737
1 8 2
362 609
1 13 2
370 671
1 6 2
355 530
1 8 2
464 510
1 8 2
159 513
1 17 2
361 366
1 16 2
277 683
1 9 2
231 611
1 14 2
80 657
1 17 2
265 725
1 7 2
88 786
1 12 2
345 472
1 11 2
458 745
1 10 2
364 545
1 10 2
49 122
1 16 2
13 636
1 14 2
220 759
1 11 2
692 747
1 9 2
165 227
1 14 2
363 429
1 7 2
14 99
1 12 2
250 320
1 6 2
172 500
1 16 2
135 563
1 15 2
119 288
1 7 2
354 480
1 15 2
293 737
1 12 2
224 775
1 14 2
536 731
1 18 2
231 274
1 7 2
185 278
1 12 2
416 750
1 15 2
421 654
1 15 2
213 452
1 5 2
37 567
1 5 2
162 395
1 11 2
43 623
1 16 2
549 766
1 11 2
68 330
1 6 2
73 472
1 11 2
138 509
1 11 2
58 476
1 5 2
425 790
1 11 2
156 208
1 9 2
149 753
1 15 2
80 497
1 8 2
36 213
1 13 2
665 684
1 15 2
14 597
1 11 2
285 375
1 16 2
411 497
1 16 2
345 466
1 12 2
403 691
1 11 2
403 487
1 9 2
672 695
1 17 2
361 725
1 8 2
221 655
1 12 2
224 457
1 12 2
243 314
1 11 2
97 477
1 8 2
434 625
1 7 2
167 687
1 13 2
679 706
1 10 2
132 765
1 8 2
568 763
1 7 2
443 500
1 20 2
231 749
1 13 2
139 435
1 17 2
130 737
1 8 2
609 740
1 19 2
216 342
1 14 2
181 513
1 5 2
541 696
1 13 2
68 208
1 5 2
325 607
1 9 2
108 773
1 13 2
7 586
1 7 2
711 734
1 12 2
701 775
1 11 2
69 487
1 19 2
643 737
1 12 2
435 775
1 6 2
246 765
1 3 2
42 506
1 8 2
66 117
1 14 2
569 697
1 11 2
415 437
1 17 2
416 738
1 7 2
5 43
1 8 2
61 333
1 14 2
498 534
1 10 2
3 663
1 12 2
41 354
1 7 2
97 149
1 3 2
162 394
1 17 2
512 734
1 13 2
146 537
1 19 2
380 414
1 9 2
370 593
1 8 2
5 583
1 11 2
301 341
1 20 2
87 383
1 8 2
752 793
1 6 2
5 180
1 6 2
174 758
1 5 2
78 202
1 17 2
69 405
1 15 2
268 329
1 3 2
385 544
1 16 2
119 509
1 13 2
250 682
1 3 2
547 757
1 4 2
63 717
1 11 2
185 386
1 5 2
166 255
1 13 2
208 481
1 7 2
82 473
1 6 2
378 567
1 7 2
104 140
1 11 2
8 224
1 6 2
57 238
1 11 2
213 782
1 4 2
15 418
1 8 2
127 318
1 5 2
674 693
1 13 2
414 505
1 8 2
332 644
1 11 2
642 792
1 9 2
137 780
1 3 2
17 316
1 12 2
344 394
1 8 2
467 730
1 16 2
470 509
1 14 2
266 337
1 14 2
32 87
1 9 2
457 723
1 9 2
676 761
1 14 2
716 746
1 10 2
7 349
1 12 2
384 703
1 16 2
474 738
1 9 2
582 675
1 8 2
155 538
1 6 2
449 645
1 13 2
72 401
1 11 2
95 631
1 7 2
44 511
1 13 2
719 720
1 5 2
457 647
1 18 2
148 665
1 19 2
164 329
1 12 2
322 512
1 17 2
207 517
1 20 2
344 697
1 17 2
672 734
1 13 2
332 615
1 13 2
140 598
1 8 2
548 654
1 11 2
22 692
1 6 2
36 157
1 13 2
266 747
1 7 2
107 663
1 7 2
49 599
1 9 2
207 696
1 12 2
183 577
1 9 2
125 691
1 9 2
36 784
1 9 2
204 593
1 18 2
108 489
1 9 2
77 243
1 7 2
188 792
1 7 2
307 608
1 16 2
602 787
1 12 2
305 524
1 17 2
115 512
1 10 2
485 487
1 7 2
402 469
1 5 2
65 395
1 9 2
58 573
1 2 2
310 388
1 11 2
144 676
1 17 2
10 728
1 11 2
126 203
1 15 2
217 292
1 6 2
316 658
1 11 2
588 799
1 13 2
105 150
1 6 2
675 782
1 14 2
311 509
1 11 2
141 239
1 13 2
182 712
1 15 2
77 649
1 15 2
12 354
1 2 2
404 714
1 15 2
35 380
1 4 2
323 644
1 14 2
14 193
1 11 2
109 466
1 12 2
104 793
1 11 2
87 792
1 8 2
473 684
1 17 2
80 654
1 9 2
454 514
1 18 2
249 408
1 15 2
209 288
1 8 2
131 295
1 15 2
4 760
1 8 2
189 193
1 14 2
192 595
1 17 2
112 720
1 7 2
16 783
1 8 2
443 694
1 16 2
130 728
1 12 2
563 597
1 7 2
186 318
1 10 2
220 398
1 5 2
197 785
1 14 2
530 731
1 8 2
164 669
1 19 2
55 555
1 9 2
69 745
1 10 2
365 789
1 7 2
72 798
1 8 2
133 640
1 5 2
648 798
1 5 2
561 745
1 8 2
68 481
1 11 2
47 125
1 18 2
231 474
1 12 2
633 797
1 7 2
97 169
1 6 2
276 297
1 8 2
157 335
1 6 2
499 631
1 12 2
469 789
1 9 2
110 688
1 12 2
253 299
1 18 2
75 521
1 4 2
200 529
1 15 2
148 219
1 14 2
384 706
1 15 2
115 720
1 19 2
383 517
1 6 2
28 229
1 19 2
13 314
1 6 2
592 693
1 19 2
683 749
1 11 2
62 370
1 2 2
427 673
1 8 2
149 577
1 15 2
21 291
1 7 2
71 323
1 10 2
571 573
1 5 2
501 755
1 18 2
361 440
1 6 2
268 385
1 6 2
198 442
1 16 2
341 509
1 9 2
395 677
1 7 2
108 111
1 10 2
461 477
1 9 2
54 239
1 8 2
158 412
1 10 2
13 254
1 8 2
9 462
1 14 2
154 517
1 11 2
173 702
1 13 2
465 537
1 15 2
183 651
1 6 2
339 346
1 11 2
28 549
1 8 2
53 318
1 6 2
65 551
1 9 2
209 540
1 13 2
231 493
1 13 2
82 606
1 4 2
395 681
1 9 2
416 445
1 13 2
260 469
1 13 2
158 629
1 6 2
56 180
1 12 2
311 676
1 4 2
308 705
1 15 2
150 300
1 17 2
400 702
1 9 2
367 704
1 13 2
10 748
1 14 2
537 782
1 7 2
157 212
1 9 2
119 199
1 7 2
38 237
1 5 2
724 776
1 15 2
110 376
1 11 2
380 402
1 12 2
105 528
1 7 2
207 726
1 10 2
137 317
1 7 2
534 717
1 16 2
361 655
1 12 2
12 133
1 12 2
108 540
1 13 2
80 535
1 15 2
292 354
1 19 2
14 408
1 8 2
247 410
1 9 2
472 573
1 15 2
203 659
1 8 2
138 526
1 6 2
71 790
1 12 2
62 88
1 5 2
436 714
1 14 2
45 660
1 16 2
429 533
1 10 2
32 586
1 11 2
8 458
1 7 2
42 577
1 14 2
96 323
1 6 2
30 352
1 9 2
151 543
1 13 2
109 364
1 10 2
349 401
1 15 2
207 498
1 11 2
482 593
1 10 2
82 366
1 9 2
153 283
1 13 2
13 722
1 11 2
151 664
1 17 2
526 654
1 12 2
537 722
1 17 2
400 643
1 15 2
113 253
1 11 2
663 697
1 6 2
461 516
1 5 2
503 712
1 12 2
400 486
1 13 2
577 796
1 4 2
54 92
1 8 2
524 614
1 15 2
91 471
1 19 2
494 528
1 5 2
515 756
1 19 2
91 746
1 7 2
580 649
1 12 2
51 222
1 4 2
237 463
1 16 2
249 364
1 3 2
456 548
1 20 2
550 606
1 4 2
472 681
1 12 2
494 688
1 11 2
185 676
1 2 2
160 508
1 11 2
323 600
1 6 2
198 637
1 10 2
389 698
1 14 2
102 731
1 8 2
371 419
1 7 2
227 384
1 15 2
152 551
1 17 2
309 490
1 16 2
158 380
1 6 2
120 143
1 14 2
521 617
1 18 2
131 435
1 11 2
80 395
1 15 2
375 737
1 18 2
152 702
1 8 2
749 771
1 17 2
383 655
1 19 2
96 643
1 4 2
290 434
1 8 2
21 227
1 5 2
516 688
1 10 2
26 301
1 4 2
225 483
1 11 2
130 410
1 10 2
552 632
1 6 2
323 409
1 10 2
513 514
1 7 2
686 752
1 10 2
468 469
1 14 2
521 602
1 12 2
493 720
1 6 2
205 301
1 14 2
243 649
1 4 2
754 776
1 8 2
600 768
1 14 2
20 299
1 12 2
34 370
1 9 2
276 601
1 9 2
365 535
1 9 2
351 424
1 13 2
333 528
1 4 2
28 128
1 16 2
184 686
1 15 2
528 574
1 14 2
497 795
1 9 2
30 366
1 12 2
266 609
1 15 2
208 620
1 15 2
88 606
1 5 2
104 160
1 12 2
230 637
1 12 2
84 123
1 11 2
203 279
1 13 2
452 472
1 10 2
172 410
1 14 2
72 89
1 8 2
688 794
1 11 2
243 623
1 17 2
332 411
1 7 2
493 658
1 14 2
354 491
1 14 2
193 762
1 17 2
289 654
1 6 2
41 764
1 3 2
233 254
1 18 2
208 249
1 16 2
89 452
1 9 2
296 790
1 13 2
40 722
1 6 2
384 791
1 12 2
142 405
1 11 2
247 577
1 7 2
204 632
1 16 2
528 597
1 11 2
245 685
1 11 2
274 688
1 13 2
131 639
1 14 2
578 630
1 18 2
731 766
1 12 2
158 382
1 3 2
65 503
1 13 2
343 550
1 11 2
604 712
1 8 2
164 681
1 13 2
235 538
1 15 2
340 366
1 16 2
466 606
1 2 2
262 430
1 18 2
605 672
1 13 2
359 699
1 18 2
175 582
1 16 2
40 609
1 11 2
175 635
1 19 2
230 749
1 13 2
24 236
1 15 2
72 266
1 14 2
13 24
1 9 2
316 586
1 11 2
483 793
1 13 2
380 615
1 14 2
216 349
1 7 2
21 252
1 14 2
482 605
1 13 2
62 636
1 8 2
202 609
1 16 2
40 289
1 8 2
323 718
1 8 2
374 763
1 18 2
521 582
1 12 2
24 203
1 17 2
725 732
1 13 2
31 672
1 7 2
201 655
1 11 2
354 635
1 12 2
416 646
1 16 2
386 766
1 12 2
59 616
1 15 2
265 277
1 14 2
26 359
1 16 2
196 649
1 7 2
364 502
1 9 2
47 388
1 17 2
265 588
1 14 2
485 553
1 11 2
437 661
1 16 2
266 605
1 4 2
510 721
1 13 2
57 582
1 5 2
362 392
1 9 2
664 716
1 12 2
219 339
1 10 2
235 519
1 13 2
137 533
1 11 2
96 264
1 4 2
18 378
1 6 2
147 647
1 10 2
211 390
1 10 2
439 579
1 9 2
272 301
1 8 2
378 763
1 12 2
419 678
1 12 2
43 744
1 7 2
56 83
1 13 2
258 454
1 13 2
163 390
1 5 2
580 686
1 20 2
458 509
1 8 2
364 754
1 9 2
229 271
1 9 2
336 662
1 13 2
110 289
1 16 2
89 683
1 8 2
6 510
1 8 2
702 708
1 5 2
51 360
1 16 2
704 796
1 14 2
21 710
1 7 2
37 110
1 12 2
22 608
1 15 2
610 636
1 8 2
300 307
1 12 2
132 608
1 14 2
335 376
1 8 2
75 360
1 13 2
458 684
1 7 2
140 157
1 15 2
55 209
1 8 2
117 197
1 5 2
186 251
1 10 2
287 429
1 10 2
73 181
1 11 2
584 759
1 9 2
148 579
1 10 2
243 624
1 18 2
47 320
1 13 2
243 490
1 13 2
598 635
1 10 2
20 592
1 13 2
382 660
1 20 2
152 235
1 12 2
238 517
1 13 2
324 386
1 18 2
34 660
1 6 2
356 648
1 6 2
60 410
1 7 2
68 664
1 12 2
21 339
1 7 2
63 77
1 15 2
654 678
1 15 2
44 219
1 9 2
426 782
1 18 2
112 546
1 5 2
60 664
1 19 2
59 734
1 20 2
396 553
1 7 2
65 535
1 6 2
89 515
1 5 2
417 669
1 3 2
270 348
1 10 2
282 396
1 18 2
682 734
1 11 2
213 333
1 13 2
368 788
1 10 2
132 780
1 20 2
122 231
1 16 2
582 633
1 10 2
311 630
1 14 2
148 495
1 11 2
122 607
1 16 2
443 489
1 4 2
327 579
1 6 2
97 581
1 9 2
61 207
1 12 2
219 375
1 10 2
497 646
1 9 2
575 617
1 11 2
471 782
1 11 2
61 265
1 15 2
158 744
1 10 2
105 521
1 9 2
659 679
1 15 2
737 763
1 6 2
581 782
1 5 2
479 747
1 8 2
592 744
1 8 2
146 561
1 4 2
658 727
1 11 2
558 626
1 11 2
311 678
1 3 2
90 791
1 14 2
209 224
1 4 2
298 696
1 13 2
75 631
1 3 2
252 791
1 8 2
105 363
1 13 2
336 462
1 15 2
351 376
1 12 2
41 537
1 17 2
600 683
1 7 2
168 455
1 10 2
577 663
1 12 2
312 686
1 10 2
568 597
1 20 2
20 549
1 16 2
467 731
1 5 2
571 634
1 13 2
486 549
1 8 2
89 743
1 10 2
624 635
1 12 2
129 339
1 8 2
62 685
1 4 2
0 17
1 17 2
34 728
1 14 2
403 753
1 11 2
88 401
1 11 2
291 389
1 18 2
132 405
1 11 2
185 521
1 14 2
375 753
1 5 2
215 751
1 14 2
58 230
1 5 2
228 664
1 16 2
288 467
1 8 2
291 559
1 11 2
344 730
1 10 2
293 375
1 11 2
123 151
1 5 2
276 328
1 6 2
94 166
1 13 2
349 598
1 5 2
8 328
1 7 2
26 325
1 8 2
451 661
1 12 2
370 396
1 5 2
82 628
1 13 2
22 593
1 4 2
226 385
1 19 2
216 320
1 9 2
14 758
1 19 2
34 177
1 9 2
259 479
1 7 2
261 268
1 5 2
220 556
1 6 2
547 781
1 9 2
94 637
1 13 2
359 530
1 11 2
597 716
1 14 2
330 533
1 5 2
41 385
1 2 2
233 379
1 16 2
231 239
1 3 2
353 727
1 12 2
250 654
1 6 2
371 415
1 4 2
105 284
1 7 2
526 529
1 10 2
568 586
1 19 2
4 84
1 19 2
549 560
1 8 2
389 513
1 13 2
549 596
1 3 2
238 669
1 9 2
235 727
1 10 2
1 335
1 13 2
12 615
1 8 2
451 722
1 6 2
477 589
1 15 2
62 203
1 9 2
126 219
1 6 2
441 515
1 11 2
626 700
1 13 2
72 398
1 12 2
125 549
1 11 2
414 499
1 19 2
177 702
1 13 2
45 620
1 14 2
405 485
1 19 2
249 345
1 12 2
301 526
1 11 2
78 396
1 15 2
336 604
1 5 2
198 418
1 9 2
491 538
1 10 2
558 563
1 11 2
306 474
1 12 2
115 625
1 18 2
47 746
1 10 2
609 690
1 13 2
163 655
1 10 2
461 623
1 11 2
426 597
1 5 2
143 779
1 12 2
58 601
1 7 2
486 767
1 8 2
11 494
1 15 2
296 408
1 12 2
464 772
1 15 2
223 314
1 7 2
202 461
1 11 2
497 504
1 19 2
4 698
1 11 2
211 498
1 4 2
186 607
1 11 2
424 676
1 16 2
497 697
1 10 2
283 734
1 10 2
80 257
1 16 2
165 332
1 5 2
346 372
1 10 2
526 790
1 8 2
415 417
1 6 2
276 449
1 19 2
582 605
1 17 2
72 706
1 4 2
632 751
1 18 2
512 588
1 4 2
334 767
1 6 2
263 621
1 3 2
28 554
1 13 2
121 720
1 11 2
13 195
1 15 2
462 749
1 9 2
41 476
1 10 2
150 264
1 3 2
179 745
1 19 2
75 610
1 12 2
45 523
1 10 2
223 397
1 7 2
148 381
1 13 2
75 621
1 14 2
116 578
1 18 2
336 560
1 5 2
343 391
1 15 2
697 784
1 5 2
487 675
1 7 2
569 670
1 6 2
353 677
1 6 2
299 758
1 14 2
72 597
1 8 2
473 718
1 7 2
98 719
1 10 2
152 611
1 9 2
56 441
1 11 2
635 734
1 8 2
14 205
1 16 2
207 216
1 13 2
498 748
1 12 2
582 780
1 8 2
584 629
1 7 2
278 661
1 11 2
174 686
1 3 2
39 786
1 7 2
401 694
1 14 2
33 439
1 18 2
48 376
1 16 2
66 91
1 9 2
461 700
1 20 2
643 774
1 7 2
322 481
1 6 2
331 470
1 14 2
526 747
1 14 2
34 417
1 20 2
20 452
1 8 2
8 748
1 13 2
504 704
1 15 2
147 598
1 17 2
129 610
1 9 2
211 587
1 7 2
193 362
1 13 2
577 609
1 12 2
44 67
1 8 2
33 36
1 15 2
4 487
1 16 2
87 487
1 11 2
382 467
1 8 2
311 446
1 11 2
270 509
1 10 2
133 372
1 9 2
424 495
1 18 2
396 676
1 6 2
93 523
1 4 2
297 669
1 5 2
286 461
1 11 2
150 308
1 9 2
19 177
1 16 2
134 448
1 17 2
192 702
1 8 2
343 568
1 14 2
96 794
1 5 2
616 778
1 5 2
104 313
1 15 2
69 660
1 15 2
197 435
1 11 2
314 799
1 12 2
22 693
1 14 2
184 775
1 6 2
478 638
1 18 2
10 703
1 3 2
28 522
1 19 2
405 676
1 14 2
288 335
1 7 2
410 561
1 11 2
210 706
1 20 2
20 704
1 14 2
215 405
1 20 2
40 649
1 8 2
418 655
1 4 2
0 128
1 6 2
761 790
1 8 2
149 475
1 4 2
199 564
1 13 2
260 343
1 6 2
7 647
1 4 2
270 455
1 6 2
100 195
1 12 2
22 372
1 9 2
224 717
1 15 2
682 709
1 15 2
171 732
1 7 2
207 707
1 12 2
135 369
1 14 2
485 676
1 15 2
329 491
1 8 2
121 618
1 8 2
205 498
1 14 2
265 285
1 9 2
278 482
1 6 2
99 436
1 15 2
416 466
1 9 2
101 791
1 10 2
150 391
1 19 2
47 774
1 10 2
535 656
1 7 2
423 526
1 11 2
244 361
1 11 2
56 710
1 16 2
435 542
1 14 2
34 118
1 7 2
463 560
1 15 2
288 436
1 19 2
13 291
1 15 2
100 622
1 14 2
247 622
1 18 2
557 731
1 8 2
200 587
1 15 2
411 620
1 7 2
9 493
1 9 2
163 322
1 19 2
260 440
1 8 2
159 305
1 9 2
153 154
1 7 2
330 681
1 17 2
458 655
1 8 2
27 476
1 4 2
92 218
1 6 2
51 162
1 9 2
63 258
1 16 2
330 720
1 14 2
526 655
1 11 2
53 354
1 13 2
56 87
1 9 2
459 486
1 15 2
12 526
1 4 2
202 422
1 12 2
435 640
1 15 2
471 749
1 6 2
244 646
1 12 2
118 143
1 9 2
485 493
1 12 2
95 256
1 7 2
92 292
1 8 2
656 719
1 13 2
171 468
1 10 2
151 156
1 12 2
81 772
1 4 2
275 579
1 9 2
345 511
1 16 2
435 657
1 8 2
36 601
1 10 2
89 426
1 17 2
20 562
1 9 2
196 663
1 12 2
114 629
1 15 2
165 292
1 6 2
46 188
1 10 2
235 754
1 11 2
419 693
1 10 2
102 573
1 7 2
122 431
1 6 2
79 234
1 19 2
376 651
1 6 2
28 257
1 7 2
538 684
1 11 2
224 656
1 9 2
77 173
1 12 2
48 133
1 9 2
64 690
1 19 2
231 359
1 20 2
555 787
1 9 2
495 688
1 9 2
536 625
1 10 2
638 679
1 14 2
203 636
1 6 2
477 786
1 19 2
235 440
1 11 2
663 732
1 16 2
293 550
1 7 2
377 738
1 10 2
3 369
1 8 2
3 251
1 16 2
69 550
1 10 2
188 339
1 10 2
195 230
1 4 2
120 472
1 18 2
706 793
1 4 2
60 499
1 5 2
297 378
1 11 2
269 300
1 9 2
704 727
1 14 2
95 698
1 19 2
550 697
1 10 2
449 676
1 15 2
339 546
1 9 2
87 176
1 12 2
257 704
1 7 2
2 95
1 10 2
85 443
1 19 2
184 537
1 11 2
157 265
1 20 2
550 649
1 3 2
99 206
1 13 2
285 626
1 13 2
245 323
1 8 2
350 604
1 8 2
358 394
1 11 2
143 454
1 4 2
298 322
1 16 2
213 759
1 20 2
665 728
1 10 2
89 306
1 12 2
153 187
1 13 2
731 781
1 9 2
313 787
1 6 2
28 621
1 15 2
107 235
1 7 2
355 763
1 16 2
122 277
1 15 2
35 555
1 12 2
159 682
1 3 2
290 547
1 10 2
523 538
1 7 2
269 742
1 17 2
14 676
1 7 2
334 421
1 9 2
32 419
1 16 2
101 435
1 15 2
265 784
1 16 2
414 602
1 10 2
312 465
1 13 2
45 600
1 11 2
14 781
1 3 2
499 594
1 12 2
45 403
1 3 2
479 724
1 5 2
430 630
1 19 2
4 549
1 10 2
3 126
1 13 2
213 793
1 7 2
15 421
1 8 2
110 327
1 6 2
193 225
1 17 2
115 622
1 15 2
207 682
1 14 2
1 649
1 16 2
118 182
1 8 2
66 764
1 15 2
273 345
1 20 2
40 288
1 8 2
651 757
1 11 2
81 335
1 9 2
614 725
1 11 2
151 210
1 11 2
235 297
1 20 2
59 259
1 10 2
459 795
1 16 2
274 734
1 19 2
759 787
1 11 2
114 296
1 6 2
53 568
1 8 2
62 579
1 15 2
129 728
1 9 2
77 538
1 16 2
20 116
1 19 2
314 560
1 6 2
9 442
1 15 2
390 521
1 15 2
432 651
1 7 2
186 464
1 12 2
495 686
1 10 2
83 437
1 10 2
633 635
1 12 2
366 551
1 6 2
239 525
1 9 2
209 420
1 11 2
236 745
1 13 2
51 555
1 13 2
130 398
1 16 2
271 537
1 12 2
424 737
1 2 2
460 733
1 18 2
245 734
1 7 2
276 572
1 3 2
145 371
1 3 2
221 791
1 9 2
23 749
1 10 2
390 621
1 18 2
746 762
1 15 2
260 747
1 8 2
289 388
1 14 2
441 605
1 8 2
628 657
1 16 2
175 600
1 12 2
59 98
1 10 2
68 691
1 14 2
396 716
1 15 2
312 720
1 6 2
535 611
1 12 2
44 551
1 16 2
217 320
1 19 2
405 762
1 14 2
289 312
1 11 2
247 271
1 16 2
239 288
1 6 2
699 773
1 17 2
81 231
1 16 2
101 151
1 8 2
139 389
1 15 2
235 268
1 14 2
335 582
1 8 2
14 298
1 13 2
101 153
1 16 2
546 609
1 7 2
58 210
1 2 2
23 729
1 19 2
55 509
1 13 2
277 364
1 7 2
165 313
1 18 2
702 703
1 12 2
51 187
1 12 2
1 657
1 19 2
309 416
1 20 2
429 671
1 13 2
596 725
1 6 2
551 611
1 16 2
512 636
1 8 2
56 481
1 4 2
308 367
1 9 2
34 543
1 13 2
265 514
1 7 2
637 790
1 13 2
203 625
1 10 2
351 571
1 13 2
150 723
1 7 2
244 625
1 9 2
461 551
1 13 2
260 700
1 7 2
353 599
1 5 2
42 335
1 15 2
35 101
1 12 2
129 617
1 8 2
124 288
1 11 2
573 630
1 10 2
12 370
1 5 2
218 362
1 10 2
74 448
1 11 2
643 750
1 6 2
32 308
1 2 2
145 689
1 5 2
294 476
1 18 2
34 542
1 17 2
75 390
1 16 2
208 734
1 11 2
285 763
1 14 2
235 493
1 14 2
496 550
1 14 2
496 598
1 13 2
10 237
1 15 2
266 676
1 8 2
90 593
1 13 2
10 154
1 12 2
139 274
1 8 2
201 734
1 15 2
312 676
1 9 2
382 473
1 17 2
44 546
1 12 2
67 526
1 6 2
154 409
1 8 2
237 631
1 9 2
198 464
1 19 2
122 151
1 7 2
110 506
1 5 2
352 548
1 12 2
533 718
1 13 2
119 710
1 20 2
231 606
1 10 2
115 389
1 15 2
137 437
1 10 2
354 799
1 9 2
421 434
1 7 2
580 697
1 12 2
571 672
1 13 2
552 710
1 18 2
344 474
1 9 2
22 572
1 4 2
385 456
1 12 2
64 495
1 9 2
35 306
1 9 2
33 493
1 9 2
35 189
1 18 2
386 396
1 16 2
277 329
1 12 2
403 535
1 11 2
131 658
1 16 2
89 122
1 10 2
135 444
1 6 2
594 783
1 10 2
420 759
1 10 2
472 623
1 13 2
139 598
1 11 2
354 595
1 9 2
640 709
1 13 2
87 369
1 15 2
523 774
1 13 2
271 693
1 14 2
317 738
1 9 2
544 720
1 5 2
89 463
1 4 2
29 83
1 9 2
302 784
1 15 2
376 421
1 12 2
82 671
1 16 2
59 197
1 16 2
475 697
1 14 2
147 655
1 16 2
643 725
1 8 2
244 317
1 18 2
236 598
1 4 2
295 561
1 10 2
394 746
1 15 2
421 588
1 9 2
575 615
1 13 2
116 266
1 7 2
436 506
1 8 2
567 719
1 5 2
326 736
1 16 2
132 660
1 9 2
86 753
1 11 2
78 553
1 7 2
14 377
1 16 2
293 345
1 18 2
309 314
1 5 2
580 796
1 7 2
199 450
1 14 2
414 567
1 19 2
96 588
1 12 2
4 246
1 11 2
573 615
1 14 2
314 690
1 18 2
749 789
1 12 2
198 682
1 10 2
58 441
1 20 2
182 452
1 12 2
358 593
1 9 2
480 606
1 11 2
311 691
1 14 2
236 273
1 7 2
170 686
1 12 2
219 471
1 9 2
463 774
1 17 2
312 344
1 12 2
251 452
1 8 2
569 792
1 14 2
22 101
1 5 2
473 733
1 12 2
154 497
1 4 2
590 640
1 18 2
458 474
1 14 2
429 686
1 13 2
438 720
1 13 2
309 372
1 9 2
616 636
1 5 2
111 438
1 8 2
506 593
1 9 2
369 443
1 9 2
595 782
1 10 2
34 229
1 8 2
321 671
1 12 2
34 215
1 15 2
382 759
1 4 2
353 453
1 12 2
557 763
1 8 2
61 760
1 7 2
8 718
1 9 2
66 415
1 15 2
13 421
1 13 2
501 654
1 13 2
459 642
1 14 2
278 448
1 13 2
151 372
1 6 2
476 675
1 11 2
87 506
1 8 2
268 790
1 12 2
523 623
1 8 2
34 742
1 6 2
286 464
1 11 2
21 482
1 4 2
57 592
1 9 2
7 740
1 6 2
139 768
1 11 2
6 223
1 15 2
96 299
1 4 2
200 428
1 13 2
269 563
1 13 2
342 375
1 19 2
291 737
1 17 2
135 340
1 8 2
571 646
1 19 2
75 759
1 12 2
376 765
1 5 2
650 792
1 7 2
109 303
1 4 2
37 307
1 6 2
545 640
1 13 2
569 672
1 3 2
446 751
1 3 2
420 612
1 2 2
463 653
1 8 2
247 723
1 12 2
466 691
1 13 2
339 361
1 5 2
503 690
1 10 2
287 725
1 12 2
636 716
1 20 2
494 582
1 19 2
40 762
1 3 2
422 634
1 17 2
274 671
1 16 2
84 557
1 8 2
85 185
1 8 2
368 404
1 16 2
214 600
1 6 2
299 506
1 17 2
135 702
1 17 2
271 380
1 5 2
348 349
1 11 2
625 686
1 12 2
217 451
1 7 2
319 657
1 9 2
335 718
1 12 2
67 197
1 12 2
370 660
1 9 2
22 362
1 7 2
250 374
1 9 2
234 600
1 6 2
104 664
1 4 2
369 556
1 6 2
248 636
1 7 2
423 578
1 5 2
134 570
1 9 2
439 531
1 13 2
214 748
1 12 2
69 268
1 12 2
55 302
1 11 2
235 510
1 14 2
203 468
1 9 2
130 394
1 9 2
160 787
1 8 2
155 750
1 4 2
120 237
1 9 2
53 196
1 14 2
471 642
1 15 2
148 207
1 7 2
302 493
1 6 2
471 591
1 5 2
50 615
1 18 2
383 588
1 14 2
109 649
1 5 2
294 419
1 14 2
3 793
1 6 2
280 744
1 14 2
657 797
1 4 2
263 308
1 11 2
105 108
1 15 2
155 671
1 18 2
208 509
1 6 2
567 717
1 9 2
466 567
1 12 2
107 115
1 10 2
85 419
1 9 2
255 459
1 8 2
574 661
1 12 2
470 602
1 4 2
505 769
1 7 2
18 454
1 14 2
551 578
1 10 2
299 763
1 10 2
43 398
1 16 2
108 366
1 9 2
412 437
1 12 2
273 600
1 6 2
360 638
1 16 2
118 416
1 12 2
255 609
1 9 2
514 722
1 7 2
419 670
1 18 2
342 649
1 14 2
4 496
1 6 2
705 718
1 10 2
264 606
1 10 2
43 686
1 14 2
84 432
1 14 2
140 182
1 12 2
137 747
1 14 2
116 526
1 16 2
101 129
1 16 2
4 351
1 6 2
45 248
1 4 2
322 694
1 3 2
15 338
1 6 2
321 601
1 3 2
18 515
1 14 2
249 395
1 13 2
269 609
1 10 2
8 738
1 17 2
537 720
1 10 2
114 375
1 7 2
391 419
1 10 2
7 8
1 7 2
526 768
1 10 2
107 693
1 13 2
475 638
1 8 2
156 462
1 7 2
147 356
1 14 2
550 596
1 7 2
358 743
1 12 2
318 330
1 10 2
9 312
1 10 2
564 649
1 20 2
75 288
1 11 2
199 291
1 11 2
66 193
1 9 2
87 286
1 8 2
241 706
1 9 2
147 283
1 17 2
314 435
1 8 2
75 668
1 3 2
502 595
1 11 2
300 633
1 13 2
375 537
1 15 2
10 626
1 12 2
332 536
1 18 2
165 448
1 15 2
512 693
1 10 2
397 796
1 15 2
196 340
1 12 2
359 688
1 8 2
1 343
1 15 2
172 732
1 18 2
555 654
1 8 2
41 608
1 12 2
109 524
1 5 2
133 580
1 17 2
96 390
1 10 2
418 439
1 20 2
164 605
1 12 2
536 604
1 16 2
152 441
1 3 2
592 662
1 9 2
3 261
1 15 2
13 471
1 12 2
265 397
1 11 2
69 760
1 11 2
3 718
1 7 2
90 625
1 19 2
152 230
1 9 2
247 395
1 12 2
89 183
1 11 2
15 177
1 20 2
605 622
1 20 2
549 737
1 6 2
178 694
1 19 2
216 224
1 15 2
45 259
1 17 2
94 184
1 10 2
141 436
1 10 2
225 344
1 10 2
620 790
1 20 2
231 553
1 13 2
148 712
1 9 2
274 307
1 12 2
621 728
1 17 2
429 474
1 9 2
665 668
1 20 2
622 665
1 11 2
392 649
1 11 2
178 209
1 5 2
176 712
1 18 2
366 405
1 7 2
356 382
1 12 2
169 288
1 10 2
88 719
1 10 2
593 712
1 7 2
153 198
1 16 2
131 340
1 12 2
72 278
1 7 2
17 762
1 20 2
230 649
1 11 2
189 588
1 8 2
500 649
1 8 2
104 719
1 5 2
485 508
1 9 2
309 579
1 16 2
175 702
1 8 2
185 395
1 15 2
386 609
1 14 2
273 512
1 12 2
375 657
1 15 2
497 747
1 5 2
121 445
1 8 2
7 777
1 16 2
253 651
1 7 2
82 756
1 15 2
597 683
1 11 2
538 710
1 7 2
39 797
1 13 2
34 481
1 13 2
366 659
1 9 2
215 790
1 16 2
380 766
1 12 2
131 723
1 8 2
551 646
1 6 2
273 423
1 11 2
101 465
1 5 2
257 442
1 11 2
256 454
1 16 2
135 602
1 16 2
259 421
1 7 2
73 471
1 13 2
215 309
1 17 2
4 366
1 7 2
249 715
1 17 2
376 702
1 9 2
24 716
1 12 2
95 782
1 18 2
230 437
1 11 2
261 546
1 19 2
546 683
1 14 2
318 440
1 7 2
66 455
1 10 2
139 209
1 13 2
150 486
1 10 2
91 628
1 8 2
126 447
1 9 2
493 716
1 14 2
237 731
1 13 2
12 485
1 4 2
327 792
1 6 2
580 795
1 13 2
134 337
1 10 2
410 551
1 7 2
234 596
1 11 2
432 788
1 9 2
185 629
1 9 2
21 307
1 7 2
77 745
1 13 2
526 659
1 16 2
383 620
1 11 2
688 738
1 18 2
411 682
1 18 2
175 509
1 10 2
370 597
1 6 2
169 595
1 4 2
689 743
1 14 2
485 546
1 11 2
7 645
1 13 2
87 635
1 10 2
336 685
1 19 2
288 309
1 5 2
529 645
1 12 2
394 494
1 13 2
208 215
1 12 2
80 134
1 2 2
39 644
1 15 2
89 230
1 10 2
429 780
1 14 2
223 512
1 14 2
239 249
1 4 2
346 616
1 11 2
648 701
1 8 2
395 568
1 10 2
327 676
1 11 2
530 796
1 5 2
290 436
1 9 2
213 696
1 18 2
150 697
1 11 2
198 697
1 7 2
339 735
1 10 2
56 119
1 5 2
172 346
1 13 2
174 676
1 11 2
173 766
1 18 2
112 396
1 15 2
239 546
1 9 2
196 251
1 17 2
292 671
1 5 2
69 511
1 9 2
64 333
1 11 2
220 602
1 7 2
277 425
1 5 2
162 417
1 13 2
80 526
1 14 2
88 230
1 15 2
72 292
1 18 2
411 582
1 5 2
141 328
1 12 2
137 524
1 9 2
44 422
1 15 2
146 452
1 7 2
128 148
1 9 2
257 659
1 8 2
244 277
1 10 2
505 586
1 3 2
238 480
1 8 2
1 326
1 9 2
374 535
1 16 2
113 703
1 10 2
341 775
1 7 2
487 730
1 8 2
415 617
1 8 2
334 772
1 9 2
81 696
1 17 2
164 165
1 7 2
48 619
1 9 2
35 125
1 6 2
281 524
1 10 2
217 234
1 11 2
84 105
1 6 2
19 760
1 6 2
578 714
1 4 2
205 461
1 12 2
325 642
1 12 2
31 562
1 14 2
146 383
1 12 2
526 716
1 5 2
234 263
1 10 2
61 586
1 20 2
288 329
1 13 2
193 474
1 11 2
78 135
1 16 2
172 651
1 13 2
223 475
1 13 2
84 215
1 15 2
196 429
1 5 2
556 645
1 9 2
551 663
1 6 2
11 277
1 6 2
79 98
1 18 2
604 665
1 18 2
4 535
1 20 2
414 770
1 12 2
268 789
1 13 2
375 793
1 8 2
292 388
1 7 2
457 506
1 10 2
402 437
1 16 2
452 617
1 8 2
604 670
1 12 2
461 683
1 12 2
450 731
1 14 2
317 549
1 12 2
558 710
1 14 2
135 255
1 6 2
601 751
1 11 2
353 671
1 14 2
271 701
1 11 2
117 259
1 11 2
143 760
1 14 2
97 605
1 12 2
396 472
1 12 2
189 749
1 18 2
34 182
1 13 2
464 477
1 20 2
320 610
1 12 2
586 763
1 12 2
113 318
1 6 2
157 246
1 13 2
112 193
1 10 2
63 672
1 2 2
248 267
1 9 2
306 691
1 12 2
274 300
1 7 2
635 695
1 9 2
76 494
1 7 2
469 745
1 6 2
262 648
1 8 2
211 645
1 12 2
150 595
1 5 2
459 612
1 12 2
716 783
1 7 2
625 662
1 11 2
398 593
1 10 2
473 709
1 2 2
281 769
1 7 2
46 163
1 18 2
528 762
1 12 2
100 691
1 6 2
195 514
1 13 2
81 219
1 4 2
278 463
1 8 2
130 388
1 17 2
101 542
1 11 2
365 697
1 16 2
641 671
1 6 2
563 673
1 7 2
37 335
1 13 2
524 623
1 18 2
182 655
1 16 2
312 731
1 8 2
15 710
1 20 2
344 528
1 12 2
657 782
1 8 2
39 523
1 15 2
320 419
1 15 2
67 448
1 20 2
184 528
1 10 2
54 148
1 9 2
539 605
1 8 2
171 254
1 7 2
212 415
1 20 2
13 177
1 4 2
76 244
1 14 2
10 285
1 19 2
416 439
1 7 2
204 465
1 4 2
201 349
1 14 2
85 411
1 11 2
38 528
1 5 2
82 515
1 17 2
672 683
1 13 2
51 148
1 11 2
12 493
1 12 2
123 643
1 9 2
271 724
1 16 2
464 549
1 6 2
63 173
1 13 2
59 369
1 13 2
691 784
1 6 2
566 615
1 18 2
452 701
1 7 2
93 364
1 14 2
375 396
1 12 2
75 646
1 4 2
584 730
1 6 2
234 656
1 13 2
10 716
1 12 2
494 799
1 16 2
119 651
1 15 2
114 288
1 12 2
330 352
1 9 2
343 351
1 13 2
153 643
1 11 2
3 690
1 8 2
401 607
1 6 2
712 768
1 4 2
297 444
1 16 2
177 772
1 17 2
4 266
1 8 2
331 749
1 8 2
36 796
1 6 2
36 756
1 11 2
432 443
1 12 2
153 744
1 15 2
629 649
1 20 2
288 651
1 9 2
53 795
1 13 2
175 693
1 12 2
118 398
1 5 2
43 516
1 13 2
339 672
1 7 2
352 418
1 12 2
55 247
1 19 2
517 549
1 13 2
366 466
1 3 2
378 445
1 7 2
104 567
1 7 2
363 614
1 3 2
532 568
1 7 2
687 767
1 3 2
322 619
1 9 2
1 567
1 20 2
260 622
1 5 2
395 511
1 14 2
349 642
1 10 2
473 747
1 16 2
3 720
1 12 2
316 704
1 17 2
118 642
1 13 2
582 637
1 19 2
47 770
1 17 2
314 437
1 7 2
510 712
1 18 2
458 762
1 9 2
385 437
1 12 2
323 546
1 12 2
247 560
1 12 2
5 288
1 15 2
495 672
1 10 2
155 296
1 3 2
15 65
1 8 2
87 785
1 17 2
744 787
1 4 2
76 125
1 8 2
283 305
1 4 2
140 667
1 11 2
21 487
1 14 2
58 122
1 8 2
283 317
1 9 2
139 687
1 10 2
513 716
1 8 2
142 648
1 16 2
44 175
1 9 2
63 292
1 17 2
108 113
1 9 2
305 690
1 3 2
246 511
1 10 2
140 462
1 9 2
375 692
1 11 2
51 484
1 5 2
65 716
1 12 2
62 324
1 9 2
19 396
1 13 2
132 630
1 3 2
106 653
1 5 2
162 716
1 14 2
133 651
1 11 2
645 691
1 9 2
95 157
1 19 2
231 342
1 12 2
279 759
1 10 2
153 719
1 8 2
27 482
1 13 2
134 535
1 10 2
340 616
1 13 2
448 640
1 7 2
9 276
1 11 2
41 784
1 7 2
364 619
1 11 2
307 746
1 7 2
165 520
1 9 2
562 750
1 11 2
437 745
1 6 2
61 730
1 12 2
108 243
1 3 2
548 767
1 4 2
637 675
1 14 2
121 359
1 10 2
23 746
1 13 2
44 253
1 12 2
368 631
1 8 2
317 637
1 8 2
249 520
1 11 2
340 688
1 18 2
20 702
1 8 2
402 467
1 11 2
395 468
1 6 2
221 395
1 18 2
359 654
1 10 2
432 466
1 18 2
150 411
1 9 2
517 627
1 7 2
619 702
1 7 2
93 396
1 10 2
609 722
1 8 2
39 214
1 14 2
91 141
1 5 2
100 445
1 18 2
235 537
1 18 2
75 203
1 7 2
82 371
1 13 2
41 774
1 17 2
314 698
1 13 2
164 568
1 5 2
360 567
1 8 2
309 556
1 9 2
386 758
1 19 2
314 774
1 11 2
66 426
1 11 2
305 470
1 14 2
165 524
1 9 2
353 753
1 5 2
455 679
1 13 2
107 606
1 18 2
132 517
1 6 2
269 594
1 14 2
583 651
1 17 2
429 682
1 6 2
418 700
1 8 2
168 735
1 12 2
657 700
1 10 2
26 43
1 14 2
260 569
1 2 2
242 556
1 9 2
512 592
1 4 2
18 792
1 6 2
310 659
1 5 2
315 584
1 8 2
399 550
1 8 2
246 571
1 16 2
45 787
1 13 2
471 725
1 10 2
61 602
1 7 2
149 513
1 6 2
11 626
1 14 2
247 606
1 14 2
621 651
1 5 2
46 696
1 5 2
82 786
1 12 2
299 701
1 3 2
65 743
1 16 2
48 557
1 8 2
459 677
1 15 2
55 69
1 18 2
582 725
1 14 2
197 265
1 5 2
278 785
1 19 2
517 682
1 8 2
165 519
1 9 2
235 721
1 17 2
3 517
1 8 2
53 109
1 15 2
259 339
1 8 2
198 432
1 10 2
119 712
1 17 2
20 744
1 3 2
313 510
1 13 2
631 732
1 18 2
13 702
1 19 2
47 610
1 8 2
181 544
1 10 2
553 694
1 5 2
352 769
1 16 2
122 470
1 8 2
519 620
1 9 2
126 441
1 12 2
536 542
1 6 2
653 691
1 13 2
289 597
1 7 2
169 438
1 9 2
105 403
1 7 2
10 613
1 18 2
4 498
1 18 2
231 340
1 4 2
83 584
1 9 2
367 380
1 15 2
97 546
1 8 2
234 477
1 10 2
163 699
1 7 2
306 572
1 9 2
144 563
1 17 2
265 314
1 7 2
330 714
1 5 2
433 677
1 17 2
390 517
1 13 2
586 782
1 6 2
31 544
1 10 2
287 494
1 6 2
195 395
1 16 2
288 358
1 11 2
315 400
1 9 2
26 100
1 20 2
96 606
1 14 2
278 386
1 11 2
273 587
1 16 2
521 672
1 7 2
137 275
1 12 2
110 462
1 4 2
199 379
1 7 2
169 699
1 12 2
48 279
1 12 2
47 713
1 12 2
84 575
1 7 2
372 695
1 13 2
587 702
1 9 2
24 349
1 7 2
421 758
1 11 2
22 679
1 4 2
221 650
1 15 2
586 605
1 13 2
491 710
1 13 2
177 279
1 14 2
209 292
1 6 2
237 579
1 20 2
150 452
1 9 2
342 752
1 12 2
329 409
1 5 2
18 527
1 12 2
104 164
1 14 2
528 678
1 9 2
593 595
1 11 2
14 57
1 17 2
546 698
1 6 2
267 577
1 13 2
323 458
1 8 2
151 592
1 10 2
388 770
1 2 2
338 348
1 13 2
462 604
1 16 2
582 796
1 12 2
83 549
1 7 2
103 336
1 10 2
97 530
1 12 2
198 749
1 6 2
420 465
1 18 2
148 235
1 16 2
81 737
1 6 2
600 667
1 18 2
152 429
1 11 2
250 732
1 5 2
204 579
1 8 2
127 567
1 6 2
522 524
1 16 2
75 597
1 13 2
158 421
1 7 2
623 711
1 8 2
278 323
1 13 2
601 630
1 15 2
84 686
1 9 2
375 514
1 10 2
28 698
1 3 2
373 547
1 15 2
626 702
1 7 2
49 783
1 8 2
36 495
1 18 2
598 676
1 12 2
185 260
1 5 2
495 589
1 9 2
0 317
1 11 2
163 615
1 6 2
78 185
1 10 2
26 300
1 13 2
132 687
1 18 2
10 122
1 16 2
192 691
1 7 2
94 388
1 10 2
447 467
1 12 2
110 258
1 15 2
364 796
1 11 2
177 418
1 8 2
35 356
1 8 2
47 769
1 12 2
796 797
1 13 2
253 277
1 11 2
266 567
1 8 2
135 241
1 11 2
123 474
1 18 2
258 774
1 10 2
151 186
1 16 2
147 396
1 12 2
315 654
1 4 2
170 685
1 17 2
231 784
1 17 2
132 610
1 12 2
32 489
1 5 2
68 564
1 15 2
549 574
1 17 2
22 649
1 14 2
212 683
1 12 2
21 110
1 13 2
260 618
1 10 2
229 292
1 14 2
88 260
1 6 2
465 506
1 14 2
309 693
1 13 2
59 621
1 9 2
60 578
1 7 2
346 734
1 7 2
159 545
1 17 2
271 553
1 17 2
177 601
1 14 2
526 604
1 19 2
494 749
1 8 2
21 394
1 7 2
3 373
1 3 2
409 667
1 8 2
484 656
1 5 2
218 402
1 17 2
452 593
1 9 2
660 695
1 6 2
241 337
1 14 2
4 567
1 5 2
179 783
1 13 2
466 563
1 13 2
41 720
1 7 2
206 709
1 4 2
290 658
1 7 2
415 505
1 7 2
2 337
1 12 2
351 655
1 4 2
243 290
1 13 2
512 781
1 10 2
322 533
1 16 2
21 164
1 13 2
219 601
1 15 2
253 578
1 5 2
24 589
1 4 2
594 637
1 18 2
40 521
1 9 2
97 212
1 13 2
44 339
1 14 2
258 782
1 11 2
318 709
1 7 2
271 373
1 14 2
174 703
1 7 2
361 381
1 19 2
440 610
1 17 2
203 439
1 12 2
493 762
1 6 2
485 612
1 14 2
558 654
1 14 2
62 196
1 8 2
619 672
1 12 2
123 660
1 11 2
38 329
1 13 2
441 734
1 6 2
640 745
1 13 2
454 620
1 9 2
492 582
1 20 2
184 216
1 5 2
571 653
1 12 2
573 638
1 7 2
73 272
1 17 2
91 366
1 15 2
55 487
1 16 2
557 697
1 10 2
268 417
1 5 2
764 781
1 6 2
267 597
1 10 2
89 469
1 5 2
142 791
1 15 2
235 300
1 8 2
424 514
1 14 2
14 115
1 12 2
432 709
1 8 2
126 134
1 17 2
216 253
1 5 2
45 124
1 10 2
56 462
1 4 2
18 717
1 14 2
558 649
1 13 2
43 665
1 15 2
354 366
1 4 2
79 423
1 8 2
76 521
1 8 2
218 268
1 8 2
166 605
1 13 2
188 380
1 12 2
8 309
1 15 2
80 112
1 11 2
66 220
1 7 2
190 766
1 5 2
294 716
1 8 2
322 638
1 17 2
168 787
1 10 2
143 637
1 12 2
574 620
1 16 2
236 274
1 4 2
180 194
1 7 2
437 580
1 16 2
21 706
1 10 2
289 424
1 9 2
438 692
1 15 2
638 660
1 11 2
127 609
1 15 2
174 651
1 6 2
360 523
1 3 2
46 76
1 7 2
384 778
1 6 2
146 227
1 13 2
51 249
1 17 2
175 383
1 13 2
4 5
1 4 2
49 544
1 12 2
87 105
1 16 2
421 610
1 7 2
119 761
1 7 2
73 306
1 16 2
175 440
1 12 2
8 383
1 5 2
36 456
1 11 2
318 477
1 10 2
275 704
1 14 2
615 753
1 17 2
113 749
1 12 2
220 490
1 9 2
398 568
1 9 2
336 740
1 11 2
117 448
1 11 2
6 45
1 8 2
115 170
1 12 2
211 416
1 13 2
188 400
1 3 2
264 428
1 9 2
425 749
1 8 2
50 683
1 7 2
237 422
1 12 2
192 640
1 14 2
416 438
1 11 2
439 450
1 18 2
108 288
1 9 2
3 28
1 11 2
33 468
1 12 2
35 569
1 13 2
323 386
1 3 2
38 162
1 10 2
333 523
1 13 2
69 475
1 11 2
724 774
1 10 2
47 518
1 12 2
274 775
1 12 2
349 657
1 14 2
351 676
1 16 2
292 411
1 12 2
692 766
1 11 2
53 342
1 6 2
32 584
1 16 2
33 344
1 10 2
54 332
1 10 2
39 509
1 6 2
76 193
1 4 2
275 581
1 15 2
625 706
1 14 2
95 336
1 16 2
151 691
1 13 2
687 734
1 3 2
76 388
1 10 2
129 307
1 15 2
151 562
1 14 2
55 363
1 7 2
46 648
1 18 2
340 787
1 11 2
198 416
1 10 2
47 149
1 8 2
88 422
1 10 2
68 573
1 5 2
188 406
1 16 2
62 762
1 8 2
243 712
1 13 2
171 223
1 13 2
424 671
1 8 2
91 771
1 8 2
292 519
1 6 2
197 515
1 4 2
121 479
1 17 2
364 512
1 7 2
100 724
1 6 2
172 190
1 12 2
22 470
1 4 2
322 707
1 13 2
137 586
1 19 2
259 720
1 9 2
344 736
1 8 2
510 562
1 11 2
459 490
1 12 2
429 635
1 7 2
559 617
1 16 2
358 582
1 14 2
113 600
1 4 2
199 556
1 15 2
58 96
1 7 2
708 796
1 12 2
361 719
1 3 2
456 634
1 13 2
4 719
1 11 2
134 155
1 15 2
255 512
1 16 2
235 747
1 15 2
602 746
1 13 2
330 609
1 6 2
423 501
1 10 2
181 378
1 11 2
269 426
1 15 2
130 312
1 6 2
317 628
1 9 2
109 775
1 9 2
237 335
1 14 2
132 253
1 17 2
638 706
1 10 2
156 437
1 4 2
719 751
1 5 2
126 743
1 18 2
489 720
1 17 2
528 535
1 5 2
480 775
1 11 2
116 299
1 7 2
424 684
1 10 2
130 204
1 8 2
147 717
1 9 2
330 565
1 9 2
358 575
1 2 2
502 708
1 19 2
75 408
1 19 2
683 706
1 8 2
261 339
1 11 2
426 617
1 12 2
143 601
1 6 2
8 9
1 10 2
21 794
1 11 2
257 507
1 10 2
621 782
1 8 2
42 682
1 14 2
140 448
1 17 2
253 731
1 9 2
72 86
1 15 2
94 236
1 14 2
383 432
1 11 2
309 663
1 4 2
29 308
1 11 2
139 207
1 11 2
202 509
1 19 2
84 553
1 10 2
388 774
1 8 2
290 345
1 9 2
243 395
1 14 2
188 770
1 10 2
514 609
1 8 2
75 280
1 8 2
207 758
1 8 2
3 365
1 17 2
507 747
1 12 2
121 203
1 9 2
91 377
1 3 2
412 742
1 9 2
142 471
1 15 2
665 748
1 12 2
58 443
1 8 2
512 570
1 10 2
228 738
1 6 2
656 735
1 13 2
578 686
1 13 2
268 728
1 19 2
490 737
1 14 2
435 513
1 13 2
507 763
1 18 2
101 184
1 8 2
164 508
1 17 2
546 600
1 19 2
55 512
1 20 2
177 787
1 5 2
111 608
1 12 2
110 513
1 12 2
403 443
1 8 2
161 784
1 3 2
263 294
1 11 2
341 397
1 6 2
23 482
1 7 2
576 697
1 12 2
137 587
1 11 2
31 462
1 10 2
437 767
1 10 2
223 482
1 7 2
527 719
1 9 2
63 116
1 14 2
21 702
1 16 2
630 774
1 16 2
66 553
1 13 2
602 636
1 15 2
582 700
1 13 2
68 320
1 14 2
133 622
1 13 2
197 783
1 6 2
453 639
1 6 2
323 378
1 17 2
207 528
1 8 2
637 648
1 11 2
270 660
1 7 2
264 763
1 6 2
267 468
1 5 2
93 397
1 11 2
28 344
1 12 2
35 109
1 8 2
160 753
1 4 2
190 327
1 9 2
125 795
1 10 2
125 744
1 11 2
403 464
1 7 2
171 541
1 18 2
289 642
1 10 2
467 536
1 9 2
0 183
1 12 2
400 656
1 3 2
356 367
1 13 2
33 563
1 9 2
483 630
1 5 2
251 425
1 6 2
98 750
1 5 2
295 333
1 14 2
40 692
1 18 2
366 622
1 8 2
450 583
1 8 2
571 777
1 7 2
358 733
1 16 2
148 697
1 10 2
470 608
1 8 2
115 730
1 6 2
63 410
1 8 2
171 367
1 11 2
73 725
1 14 2
4 699
1 14 2
131 615
1 14 2
3 95
1 4 2
70 522
1 16 2
623 683
1 13 2
164 237
1 14 2
734 748
1 14 2
489 615
1 17 2
416 604
1 14 2
81 497
1 13 2
436 563
1 18 2
710 749
1 9 2
205 774
1 18 2
654 728
1 14 2
273 490
1 4 2
11 156
1 13 2
107 651
1 14 2
207 214
1 10 2
318 641
1 9 2
413 509
1 11 2
259 282
1 14 2
80 624
1 18 2
309 542
1 20 2
344 414
1 9 2
93 184
1 8 2
183 719
1 13 2
32 131
1 11 2
43 113
1 12 2
188 277
1 6 2
261 538
1 8 2
234 341
1 8 2
122 751
1 12 2
171 639
1 10 2
66 486
1 8 2
30 165
1 9 2
255 616
1 7 2
285 529
1 17 2
22 359
1 11 2
252 494
1 14 2
672 747
1 13 2
648 703
1 6 2
2 239
1 19 2
175 344
1 10 2
412 509
1 18 2
654 738
1 6 2
15 652
1 15 2
6 452
1 6 2
607 756
1 19 2
135 344
1 16 2
217 654
1 10 2
134 318
1 11 2
85 274
1 11 2
632 738
1 12 2
251 414
1 8 2
627 728
1 10 2
121 617
1 16 2
147 787
1 10 2
140 324
1 13 2
66 292
1 17 2
131 232
1 17 2
314 702
1 16 2
10 701
1 11 2
725 790
1 10 2
58 481
1 10 2
178 782
1 7 2
289 726
1 7 2
15 163
1 7 2
141 450
1 19 2
643 749
1 5 2
77 321
1 14 2
417 606
1 6 2
22 280
1 9 2
262 474
1 7 2
442 712
1 10 2
153 268
1 18 2
400 660
1 5 2
178 413
1 15 2
609 642
1 17 2
222 494
1 17 2
271 512
1 19 2
164 440
1 10 2
13 488
1 13 2
105 216
1 16 2
235 783
1 12 2
610 679
1 15 2
256 408
1 17 2
448 795
1 14 2
537 617
1 14 2
359 514
1 15 2
110 606
1 11 2
215 285
1 4 2
566 713
1 15 2
512 641
1 15 2
408 421
1 11 2
69 335
1 12 2
127 400
1 8 2
262 475
1 14 2
203 593
1 10 2
183 268
1 10 2
193 629
1 13 2
175 639
1 9 2
384 501
1 6 2
564 716
1 9 2
367 676
1 8 2
204 255
1 5 2
68 194
1 6 2
242 330
1 10 2
144 789
1 16 2
620 749
1 5 2
343 488
1 10 2
66 690
1 8 2
398 646
1 14 2
220 642
1 5 2
385 545
1 13 2
493 610
1 6 2
67 518
1 12 2
155 168
1 17 2
265 549
1 4 2
515 658
1 16 2
288 636
1 20 2
87 112
1 7 2
554 706
1 3 2
251 357
1 5 2
0 531
1 8 2
93 439
1 11 2
32 130
1 16 2
774 783
1 12 2
309 349
1 14 2
134 560
1 11 2
158 343
1 7 2
257 410
1 19 2
345 605
1 12 2
8 762
1 5 2
195 756
1 11 2
763 795
1 7 2
472 781
1 10 2
279 552
1 9 2
115 262
1 11 2
25 265
1 12 2
183 784
1 7 2
363 689
1 8 2
445 542
1 8 2
64 446
1 10 2
434 597
1 5 2
6 294
1 9 2
391 676
1 11 2
185 258
1 7 2
660 729
1 4 2
646 653
1 11 2
293 397
1 8 2
521 755
1 13 2
332 501
1 8 2
531 759
1 13 2
369 774
1 7 2
239 519
1 7 2
482 799
1 6 2
186 220
1 10 2
279 524
1 8 2
39 557
1 12 2
110 587
1 18 2
231 330
1 3 2
502 724
1 11 2
426 466
1 13 2
533 626
1 8 2
340 579
1 20 2
182 489
1 8 2
230 653
1 10 2
123 569
1 7 2
172 544
1 14 2
255 416
1 7 2
370 690
1 14 2
345 496
1 12 2
507 658
1 9 2
272 587
1 18 2
72 665
1 8 2
185 188
1 20 2
96 774
1 6 2
9 483
1 14 2
231 397
1 14 2
203 602
1 10 2
552 664
1 20 2
40 582
1 14 2
22 165
1 8 2
226 274
1 11 2
442 683
1 10 2
265 664
1 16 2
330 376
1 17 2
122 524
1 17 2
181 396
1 3 2
673 780
1 8 2
256 664
1 9 2
234 552
1 12 2
14 684
1 9 2
38 253
1 8 2
57 178
1 9 2
20 338
1 4 2
86 685
1 7 2
121 189
1 8 2
131 399
1 9 2
87 736
1 5 2
74 100
1 4 2
327 334
1 8 2
408 590
1 5 2
257 670
1 11 2
125 458
1 11 2
118 426
1 8 2
315 481
1 11 2
307 309
1 3 2
49 319
1 9 2
139 788
1 15 2
66 676
1 8 2
299 719
1 8 2
270 687
1 10 2
75 392
1 18 2
131 411
1 11 2
615 691
1 5 2
204 721
1 11 2
228 345
1 10 2
188 375
1 18 2
44 452
1 8 2
60 796
1 4 2
104 445
1 6 2
5 616
1 9 2
582 786
1 10 2
203 450
1 4 2
392 740
1 14 2
452 688
1 11 2
114 615
1 13 2
155 732
1 11 2
174 551
1 19 2
231 314
1 18 2
12 582
1 10 2
392 703
1 7 2
422 648
1 9 2
528 708
1 5 2
482 503
1 11 2
437 616
1 10 2
167 336
1 14 2
59 687
1 8 2
382 575
1 4 2
272 681
1 11 2
731 778
1 8 2
499 738
1 6 2
645 705
1 6 2
252 699
1 9 2
106 259
1 9 2
73 341
1 12 2
249 621
1 10 2
257 600
1 14 2
102 216
1 10 2
40 328
1 13 2
283 665
1 17 2
549 633
1 14 2
258 443
1 7 2
206 577
1 10 2
88 608
1 14 2
277 643
1 6 2
194 693
1 13 2
130 763
1 9 2
753 773
1 16 2
91 574
1 17 2
443 759
1 14 2
164 273
1 9 2
698 739
1 4 2
302 428
1 9 2
97 104
1 15 2
51 706
1 15 2
435 709
1 17 2
598 698
1 14 2
10 147
1 7 2
289 771
1 13 2
440 748
1 14 2
278 762
1 16 2
33 259
1 8 2
358 730
1 9 2
403 465
1 12 2
363 766
1 14 2
163 364
1 14 2
273 737
1 12 2
217 652
1 1 2
281 379
1 12 2
213 277
1 16 2
133 665
1 13 2
47 648
1 5 2
505 559
1 8 2
171 768
1 3 2
186 566
1 4 2
243 727
1 12 2
351 710
1 18 2
203 260
1 5 2
334 799
1 9 2
148 391
1 4 2
179 718
1 8 2
394 686
1 4 2
670 776
1 10 2
250 358
1 2 2
502 520
1 14 2
606 631
1 10 2
37 329
1 12 2
25 746
1 20 2
91 507
1 9 2
403 696
1 20 2
13 396
1 11 2
55 750
1 14 2
475 535
1 9 2
237 501
1 11 2
203 323
1 16 2
269 682
1 12 2
26 604
1 6 2
202 538
1 7 2
618 739
1 11 2
485 513
1 5 2
444 568
1 8 2
333 538
1 4 2
313 538
1 17 2
546 555
1 9 2
227 702
1 6 2
444 716
1 9 2
31 326
1 16 2
207 732
1 10 2
574 583
1 15 2
625 787
1 6 2
366 508
1 14 2
383 436
1 5 2
305 681
1 5 2
748 755
1 14 2
438 683
1 8 2
214 564
1 8 2
464 778
1 10 2
30 517
1 8 2
293 434
1 6 2
8 369
1 7 2
459 663
1 5 2
567 628
1 15 2
345 398
1 18 2
340 489
1 12 2
5 245
1 15 2
34 617
1 8 2
357 458
1 14 2
330 701
1 9 2
47 254
1 7 2
304 578
1 8 2
301 389
1 10 2
22 664
1 18 2
216 747
1 12 2
183 747
1 15 2
436 555
1 5 2
379 534
1 12 2
0 411
1 10 2
73 219
1 10 2
457 686
1 8 2
180 766
1 8 2
324 370
1 9 2
446 784
1 8 2
660 669
1 8 2
210 382
1 16 2
196 411
1 9 2
551 568
1 5 2
127 350
1 10 2
626 652
1 19 2
344 588
1 20 2
549 682
1 7 2
388 636
1 7 2
71 163
1 17 2
600 706
1 4 2
238 668
1 19 2
344 512
1 13 2
25 651
1 14 2
141 606
1 13 2
224 339
1 10 2
565 746
1 6 2
144 595
1 17 2
208 676
1 16 2
542 793
1 14 2
143 655
1 9 2
365 524
1 16 2
129 386
1 5 2
573 666
1 20 2
682 759
1 13 2
363 586
1 11 2
208 765
1 5 2
585 797
1 12 2
53 528
1 10 2
562 616
1 17 2
405 526
1 18 2
231 793
1 19 2
14 150
1 13 2
31 474
1 9 2
562 719
1 10 2
323 495
1 12 2
484 563
1 12 2
14 679
1 9 2
256 465
1 11 2
170 550
1 11 2
146 587
1 17 2
440 720
1 9 2
245 319
1 13 2
332 716
1 12 2
610 750
1 19 2
177 762
1 7 2
646 722
1 19 2
416 555
1 8 2
411 566
1 2 2
445 729
1 13 2
414 679
1 12 2
33 526
1 7 2
526 708
1 13 2
258 464
1 13 2
437 618
1 15 2
317 737
1 11 2
189 309
1 12 2
183 497
1 7 2
436 510
1 7 2
427 749
1 17 2
84 672
1 6 2
393 569
1 12 2
171 432
1 10 2
71 654
1 9 2
63 766
1 13 2
633 784
1 16 2
10 354
1 6 2
140 275
1 7 2
256 378
1 12 2
312 351
1 10 2
30 448
1 13 2
114 386
1 14 2
408 438
1 7 2
190 340
1 13 2
434 509
1 6 2
247 282
1 16 2
147 774
1 7 2
48 431
1 6 2
283 424
1 12 2
47 415
1 13 2
96 472
1 13 2
482 654
1 10 2
130 315
1 15 2
236 339
1 8 2
325 615
1 12 2
335 521
1 14 2
462 660
1 7 2
7 367
1 5 2
141 566
1 6 2
308 472
1 8 2
595 621
1 4 2
225 685
1 5 2
412 504
1 4 2
310 631
1 14 2
546 608
1 14 2
493 671
1 9 2
212 639
1 8 2
326 403
1 9 2
165 777
1 3 2
675 730
1 4 2
117 611
1 12 2
47 198
1 14 2
690 704
1 5 2
97 681
1 6 2
251 663
1 6 2
356 625
1 16 2
528 600
1 14 2
26 521
1 6 2
423 677
1 12 2
151 723
1 17 2
13 217
1 4 2
32 729
1 7 2
123 699
1 9 2
68 618
1 13 2
555 618
1 18 2
437 703
1 13 2
66 468
1 8 2
588 611
1 8 2
325 468
1 2 2
407 570
1 8 2
578 689
1 16 2
464 770
1 15 2
231 341
1 11 2
114 636
1 4 2
126 611
1 7 2
167 496
1 13 2
648 734
1 11 2
102 436
1 4 2
57 145
1 6 2
567 791
1 9 2
569 713
1 20 2
184 236
1 8 2
66 371
1 14 2
116 657
1 14 2
309 678
1 15 2
40 693
1 13 2
289 659
1 8 2
102 459
1 5 2
149 664
1 7 2
206 219
1 5 2
675 686
1 18 2
259 368
1 8 2
5 678
1 16 2
416 533
1 4 2
18 37
1 10 2
229 490
1 16 2
72 710
1 15 2
175 796
1 10 2
417 487
1 10 2
127 763
1 2 2
413 455
1 13 2
75 567
1 6 2
33 708
1 12 2
142 546
1 11 2
178 358
1 13 2
85 738
1 8 2
426 750
1 11 2
530 533
1 4 2
520 765
1 7 2
149 763
1 14 2
146 342
1 7 2
207 579
1 13 2
384 682
1 6 2
27 658
1 13 2
4 688
1 20 2
517 787
1 13 2
215 706
1 14 2
34 174
1 6 2
433 486
1 10 2
116 343
1 10 2
38 598
1 10 2
155 311
1 11 2
140 497
1 19 2
265 344
1 11 2
540 738
1 13 2
329 677
1 8 2
149 620
1 5 2
514 755
1 9 2
494 592
1 13 2
143 421
1 10 2
148 228
1 7 2
34 757
1 13 2
121 344
1 14 2
770 775
1 15 2
259 487
1 11 2
274 635
1 13 2
490 648
1 17 2
91 562
1 5 2
299 570
1 11 2
222 465
1 15 2
31 452
1 16 2
253 706
1 17 2
165 235
1 19 2
230 291
1 11 2
229 528
1 6 2
166 636
1 13 2
299 336
1 17 2
546 702
1 14 2
448 775
1 3 2
99 531
1 9 2
55 754
1 9 2
26 621
1 6 2
225 436
1 12 2
31 289
1 15 2
22 588
1 12 2
244 546
1 11 2
107 495
1 10 2
37 245
1 7 2
498 592
1 11 2
237 586
1 15 2
84 609
1 14 2
64 400
1 15 2
305 553
1 13 2
137 289
1 17 2
158 230
1 5 2
311 736
1 17 2
62 731
1 15 2
112 485
1 14 2
135 635
1 13 2
116 587
1 8 2
487 756
1 18 2
260 672
1 8 2
61 299
1 13 2
390 533
1 8 2
78 382
1 14 2
573 671
1 8 2
579 702
1 17 2
59 207
1 8 2
239 745
1 11 2
253 677
1 12 2
228 414
1 8 2
266 488
1 12 2
369 682
1 19 2
368 553
1 17 2
224 683
1 15 2
330 604
1 14 2
784 793
1 10 2
282 521
1 4 2
281 718
1 8 2
268 663
1 10 2
307 703
1 16 2
437 633
1 16 2
517 795
1 8 2
330 377
1 9 2
19 376
1 8 2
35 287
1 15 2
329 618
1 6 2
45 233
1 17 2
116 383
1 10 2
441 451
1 8 2
119 144
1 7 2
320 667
1 7 2
53 631
1 16 2
507 638
1 13 2
217 574
1 11 2
446 731
1 12 2
82 429
1 4 2
9 786
1 9 2
736 746
1 7 2
115 628
1 8 2
223 664
1 16 2
437 657
1 13 2
175 317
1 3 2
360 662
1 12 2
274 296
1 11 2
443 635
1 13 2
344 389
1 4 2
39 218
1 15 2
512 563
1 14 2
1 654
1 10 2
758 774
1 8 2
132 752
1 11 2
110 534
1 15 2
87 397
1 10 2
250 578
1 4 2
438 580
1 20 2
414 610
1 11 2
305 401
1 10 2
218 676
1 9 2
91 556
1 18 2
40 148
1 15 2
51 509
1 9 2
125 601
1 10 2
243 339
1 8 2
167 534
1 13 2
77 376
1 10 2
542 640
1 12 2
320 446
1 16 2
110 152
1 10 2
394 703
1 5 2
241 432
1 15 2
606 615
1 9 2
639 700
1 20 2
437 553
1 11 2
55 159
1 12 2
189 649
1 18 2
260 793
1 9 2
208 758
1 10 2
62 765
1 9 2
585 651
1 12 2
230 243
1 15 2
440 626
1 7 2
129 503
1 10 2
621 772
1 15 2
617 698
1 13 2
82 517
1 6 2
229 279
1 7 2
397 506
1 8 2
306 462
1 7 2
115 566
1 6 2
163 313
1 13 2
395 533
1 19 2
408 528
1 9 2
158 316
1 8 2
42 610
1 15 2
452 687
1 17 2
158 329
1 13 2
131 794
1 7 2
185 664
1 8 2
167 239
1 4 2
194 227
1 13 2
567 774
1 10 2
37 598
1 6 2
85 356
1 12 2
596 784
1 3 2
445 695
1 13 2
199 329
1 15 2
116 557
1 17 2
265 435
1 12 2
163 789
1 12 2
415 704
1 17 2
271 704
1 6 2
121 186
1 7 2
322 648
1 15 2
87 97
1 19 2
440 605
1 12 2
300 337
1 10 2
598 777
1 14 2
299 439
1 10 2
71 643
1 7 2
527 538
1 13 2
376 595
1 20 2
96 309
1 4 2
104 786
1 5 2
74 690
1 7 2
701 798
1 9 2
169 443
1 6 2
527 773
1 3 2
407 632
1 12 2
340 493
1 9 2
110 663
1 11 2
203 713
1 14 2
260 482
1 11 2
212 638
1 18 2
112 164
1 15 2
115 672
1 10 2
62 105
1 19 2
249 414
1 15 2
550 569
1 10 2
192 227
1 8 2
343 712
1 11 2
224 237
1 19 2
230 452
1 6 2
144 790
1 14 2
110 291
1 11 2
129 299
1 6 2
60 765
1 16 2
94 96
1 14 2
417 582
1 5 2
31 145
1 11 2
495 678
1 6 2
104 252
1 10 2
461 597
1 9 2
219 369
1 15 2
51 605
1 19 2
235 512
1 13 2
4 215
1 17 2
490 598
1 15 2
6 131
1 8 2
313 672
1 11 2
477 678
1 15 2
116 676
1 9 2
334 702
1 8 2
45 83
1 15 2
26 344
1 10 2
64 146
1 7 2
180 339
1 7 2
119 607
1 8 2
113 412
1 12 2
207 324
1 17 2
84 498
1 12 2
64 209
1 7 2
351 764
1 12 2
95 797
1 14 2
130 271
1 11 2
35 618
1 11 2
0 48
1 7 2
319 390
1 11 2
279 738
1 7 2
464 685
1 9 2
236 733
1 10 2
301 482
1 6 2
617 741
1 7 2
264 760
1 13 2
85 148
1 8 2
362 784
1 14 2
359 372
1 8 2
224 613
1 3 2
206 347
1 9 2
266 575
1 6 2
46 700
1 6 2
266 267
1 16 2
48 600
1 8 2
143 764
1 7 2
532 702
1 11 2
69 193
1 13 2
265 641
1 14 2
3 196
1 12 2
167 396
1 11 2
181 472
1 18 2
408 676
1 14 2
494 699
1 10 2
38 734
1 7 2
169 352
1 10 2
63 789
1 15 2
704 760
1 8 2
112 162
1 8 2
115 425
1 8 2
547 782
1 5 2
496 714
1 17 2
364 660
1 10 2
335 343
1 12 2
395 577
1 18 2
75 437
1 9 2
15 474
1 7 2
128 354
1 3 2
18 791
1 2 2
431 564
1 16 2
209 606
1 19 2
20 340
1 7 2
220 287
1 4 2
297 506
1 12 2
84 493
1 13 2
118 586
1 12 2
142 408
1 4 2
27 190
1 5 2
775 786
1 12 2
243 361
1 16 2
115 542
1 14 2
223 380
1 11 2
236 315
1 12 2
224 536
1 16 2
181 364
1 17 2
108 604
1 9 2
368 423
1 12 2
489 572
1 3 2
544 680
1 20 2
230 553
1 20 2
122 408
1 18 2
184 672
1 19 2
309 344
1 12 2
266 700
1 16 2
454 787
1 3 2
29 721
1 18 2
216 332
1 4 2
287 356
1 3 2
373 378
1 8 2
400 455
1 11 2
363 686
1 8 2
140 185
1 11 2
85 686
1 12 2
265 540
1 13 2
368 716
1 15 2
101 158
1 6 2
261 472
1 10 2
464 536
1 10 2
194 489
1 7 2
438 767
1 9 2
97 155
1 12 2
184 370
1 10 2
127 209
1 15 2
96 438
1 16 2
217 703
1 16 2
526 549
1 9 2
80 392
1 9 2
354 721
1 10 2
223 558
1 9 2
296 621
1 18 2
101 208
1 17 2
344 524
1 5 2
304 514
1 15 2
14 795
1 15 2
266 411
1 14 2
55 645
1 15 2
320 375
1 4 2
205 483
1 7 2
226 285
1 15 2
655 698
1 14 2
127 408
1 9 2
237 691
1 12 2
369 787
1 12 2
475 495
1 8 2
368 613
1 19 2
59 546
1 6 2
190 563
1 11 2
415 549
1 5 2
349 433
1 5 2
357 618
1 10 2
504 734
1 12 2
363 593
1 9 2
271 670
1 7 2
424 530
1 16 2
14 702
1 13 2
462 753
1 6 2
328 763
1 15 2
354 443
1 3 2
392 541
1 18 2
542 550
1 16 2
266 749
1 10 2
158 244
1 7 2
461 568
1 7 2
78 782
1 11 2
70 396
1 13 2
458 567
1 10 2
25 340
1 7 2
80 190
1 14 2
113 337
1 17 2
309 340
1 7 2
614 625
1 10 2
127 784
1 20 2
396 651
1 18 2
184 354
1 4 2
211 393
1 10 2
439 705
1 12 2
132 133
1 5 2
712 771
1 9 2
396 647
1 4 2
86 327
1 9 2
265 409
1 10 2
285 568
1 6 2
388 514
1 4 2
170 362
1 8 2
55 136
1 8 2
333 696
1 12 2
87 228
1 8 2
152 346
1 10 2
141 599
1 16 2
266 697
1 8 2
466 632
1 5 2
92 631
1 8 2
358 650
1 9 2
42 582
1 10 2
343 454
1 8 2
537 755
1 7 2
697 715
1 16 2
537 563
1 8 2
116 735
1 12 2
59 125
1 15 2
113 274
1 2 2
280 662
1 9 2
261 366
1 4 2
316 338
1 11 2
104 332
1 10 2
4 739
1 11 2
334 489
1 13 2
215 537
1 14 2
605 693
1 17 2
192 578
1 13 2
12 470
1 16 2
468 549
1 13 2
249 300
1 10 2
227 706
1 7 2
123 561
1 12 2
278 698
1 17 2
330 435
1 8 2
240 245
1 15 2
601 649
1 12 2
159 439
1 9 2
501 652
1 9 2
442 747
1 18 2
489 728
1 14 2
172 342
1 13 2
82 112
1 9 2
503 683
1 12 2
158 398
1 17 2
13 604
1 14 2
490 795
1 10 2
458 724
1 6 2
575 792
1 12 2
323 440
1 11 2
222 268
1 10 2
559 787
1 17 2
364 458
1 4 2
767 786
1 16 2
118 704
1 14 2
216 648
1 13 2
557 686
1 15 2
6 152
1 5 2
434 670
1 14 2
342 495
1 8 2
141 677
1 5 2
322 777
1 12 2
468 659
1 17 2
475 704
1 8 2
39 655
1 5 2
73 516
1 11 2
158 417
1 20 2
720 787
1 11 2
155 629
1 10 2
558 636
1 9 2
114 471
1 16 2
337 474
1 2 2
254 479
1 5 2
690 771
1 10 2
380 764
1 12 2
104 259
1 10 2
163 596
1 11 2
648 691
1 8 2
132 650
1 14 2
62 115
1 11 2
200 682
1 12 2
467 526
1 11 2
49 452
1 9 2
388 517
1 5 2
185 730
1 13 2
75 486
1 16 2
217 332
1 7 2
412 551
1 13 2
133 151
1 10 2
89 237
1 10 2
189 390
1 10 2
215 397
1 6 2
417 456
1 16 2
629 770
1 17 2
340 731
1 11 2
41 604
1 10 2
262 320
1 18 2
34 383
1 10 2
126 292
1 6 2
98 198
1 14 2
181 615
1 5 2
700 755
1 12 2
354 719
1 12 2
285 624
1 5 2
52 569
1 14 2
89 411
1 10 2
514 534
1 8 2
348 396
1 9 2
32 797
1 11 2
609 700
1 15 2
163 550
1 13 2
5 774
1 20 2
458 553
1 8 2
419 792
1 18 2
87 366
1 12 2
214 278
1 20 2
231 260
1 13 2
232 397
1 14 2
26 245
1 15 2
436 606
1 10 2
54 101
1 12 2
114 701
1 14 2
158 219
1 11 2
449 528
1 14 2
305 507
1 11 2
246 435
1 10 2
323 629
1 7 2
248 474
1 9 2
185 533
1 3 2
111 777
1 18 2
359 732
1 9 2
227 435
1 14 2
113 593
1 10 2
178 466
1 10 2
225 231
1 5 2
42 447
1 6 2
399 617
1 15 2
604 672
1 8 2
700 765
1 8 2
497 579
1 8 2
552 689
1 6 2
185 446
1 15 2
474 623
1 14 2
193 216
1 8 2
307 436
1 16 2
209 245
1 13 2
473 606
1 14 2
485 683
1 10 2
254 654
1 19 2
416 651
1 17 2
131 274
1 18 2
405 490
1 13 2
329 635
1 20 2
610 642
1 8 2
668 672
1 16 2
22 108
1 11 2
699 766
1 13 2
75 438
1 9 2
200 475
1 4 2
733 758
1 16 2
222 400
1 10 2
388 598
1 9 2
158 561
1 20 2
405 416
1 20 2
135 405
1 4 2
290 318
1 8 2
244 788
1 12 2
312 693
1 19 2
135 291
1 15 2
55 464
1 19 2
150 386
1 10 2
29 235
1 7 2
148 201
1 10 2
133 339
1 9 2
139 631
1 6 2
274 669
1 10 2
352 514
1 11 2
14 250
1 16 2
119 654
1 7 2
202 656
1 6 2
160 788
1 7 2
389 426
1 8 2
280 361
1 14 2
67 759
1 8 2
477 743
1 4 2
346 568
1 16 2
703 710
1 8 2
69 425
1 8 2
555 644
1 6 2
227 536
1 16 2
51 152
1 12 2
322 528
1 9 2
61 601
1 5 2
422 750
1 8 2
57 684
1 7 2
170 223
1 11 2
7 127
1 6 2
283 402
1 7 2
19 623
1 12 2
177 545
1 12 2
437 596
1 7 2
51 325
1 15 2
217 738
1 5 2
50 491
1 13 2
230 493
1 7 2
304 586
1 14 2
150 296
1 7 2
250 326
1 5 2
142 668
1 9 2
382 561
1 6 2
561 572
1 14 2
557 744
1 11 2
481 620
1 14 2
259 438
1 14 2
94 113
1 15 2
213 654
1 9 2
146 527
1 12 2
574 747
1 15 2
476 649
1 8 2
82 278
1 9 2
32 220
1 13 2
56 774
1 13 2
538 746
1 7 2
151 427
1 9 2
250 443
1 7 2
110 446
1 9 2
624 781
1 18 2
366 553
1 13 2
239 626
1 11 2
395 454
1 11 2
301 491
1 13 2
719 749
1 10 2
412 588
1 17 2
533 546
1 8 2
453 552
1 5 2
246 422
1 14 2
245 756
1 8 2
624 754
1 7 2
42 766
1 20 2
414 749
1 12 2
61 329
1 13 2
114 643
1 10 2
38 232
1 16 2
498 734
1 16 2
101 620
1 9 2
200 747
1 4 2
85 644
1 10 2
246 437
1 15 2
230 782
1 13 2
123 320
1 18 2
112 411
1 10 2
218 793
1 6 2
443 757
1 16 2
96 524
1 7 2
325 432
1 13 2
235 648
1 11 2
85 659
1 6 2
139 149
1 7 2
661 722
1 6 2
462 500
1 16 2
289 706
1 4 2
79 516
1 9 2
38 526
1 15 2
4 684
1 14 2
490 495
1 16 2
62 555
1 12 2
62 382
1 14 2
630 676
1 8 2
378 783
1 5 2
296 757
1 13 2
58 354
1 13 2
345 765
1 12 2
339 563
1 8 2
107 306
1 5 2
256 304
1 13 2
366 523
1 8 2
143 650
1 13 2
212 549
1 4 2
117 378
1 18 2
253 774
1 12 2
222 491
1 10 2
218 342
1 13 2
96 608
1 13 2
482 728
1 7 2
447 483
1 9 2
111 396
1 9 2
118 776
1 18 2
359 521
1 12 2
13 316
1 7 2
429 714
1 17 2
336 746
1 12 2
336 763
1 7 2
277 519
1 6 2
312 680
1 7 2
261 775
1 9 2
149 364
1 8 2
24 465
1 12 2
164 389
1 8 2
416 590
1 14 2
467 672
1 9 2
143 261
1 16 2
222 245
1 10 2
409 435
1 6 2
160 401
1 5 2
76 457
1 7 2
317 773
1 19 2
208 546
1 18 2
10 452
1 12 2
184 325
1 8 2
169 305
1 17 2
151 368
1 8 2
139 536
1 12 2
697 699
1 10 2
278 485
1 14 2
3 784
1 9 2
104 597
1 11 2
415 458
1 15 2
615 654
1 15 2
683 784
1 14 2
44 586
1 13 2
70 96
1 5 2
31 554
1 18 2
411 605
1 19 2
749 759
1 11 2
167 654
1 19 2
245 314
1 4 2
126 711
1 15 2
94 605
1 13 2
163 701
1 16 2
182 626
1 15 2
13 569
1 5 2
392 776
1 17 2
164 772
1 10 2
398 536
1 11 2
10 54
1 9 2
67 311
1 7 2
66 499
1 8 2
311 410
1 3 2
418 511
1 14 2
55 684
1 8 2
36 94
1 19 2
14 671
1 10 2
187 658
1 13 2
439 716
1 9 2
687 775
1 8 2
189 372
1 9 2
150 393
1 15 2
329 571
1 10 2
436 790
1 5 2
107 503
1 12 2
181 625
1 14 2
55 794
1 19 2
208 528
1 18 2
411 598
1 8 2
232 711
1 7 2
238 596
1 9 2
618 677
1 9 2
152 755
1 11 2
602 693
1 6 2
275 631
1 15 2
462 649
1 16 2
81 605
1 13 2
359 722
1 8 2
136 259
1 6 2
374 510
1 7 2
543 633
1 16 2
314 578
1 20 2
231 703
1 13 2
426 672
1 9 2
396 453
1 12 2
250 676
1 8 2
199 447
1 17 2
209 259
1 16 2
47 599
1 15 2
260 351
1 5 2
360 481
1 9 2
43 530
1 13 2
113 255
1 17 2
224 437
1 10 2
60 728
1 5 2
185 761
1 7 2
603 676
1 5 2
255 603
1 15 2
94 734
1 8 2
82 153
1 8 2
203 500
1 8 2
349 469
1 5 2
227 565
1 10 2
409 546
1 15 2
549 636
1 11 2
131 261
1 13 2
134 738
1 7 2
257 690
1 12 2
119 597
1 15 2
332 633
1 11 2
175 316
1 5 2
109 594
1 15 2
734 766
1 15 2
464 728
1 4 2
518 614
1 9 2
246 535
1 14 2
32 622
1 6 2
268 334
1 14 2
89 793
1 13 2
6 710
1 12 2
181 567
1 16 2
131 533
1 7 2
18 574
1 9 2
375 677
1 10 2
394 400
1 8 2
520 598
1 5 2
105 547
1 10 2
102 464
1 14 2
146 230
1 14 2
215 582
1 10 2
24 88
1 10 2
461 602
1 6 2
220 388
1 20 2
507 651
1 15 2
288 763
1 15 2
553 797
1 9 2
217 764
1 12 2
51 468
1 13 2
341 597
1 11 2
109 196
1 14 2
305 720
1 8 2
208 531
1 12 2
118 223
1 12 2
12 352
1 9 2
68 335
1 17 2
416 497
1 6 2
202 690
1 12 2
68 702
1 9 2
122 581
1 15 2
411 491
1 16 2
192 593
1 6 2
70 202
1 7 2
431 490
1 15 2
112 118
1 14 2
88 498
1 11 2
610 616
1 17 2
34 521
1 15 2
236 293
1 14 2
458 693
1 10 2
604 661
1 12 2
142 152
1 8 2
602 661
1 9 2
467 547
1 10 2
417 652
1 15 2
435 599
1 8 2
8 398
1 10 2
316 330
1 11 2
143 384
1 8 2
582 727
1 11 2
77 626
1 20 2
152 184
1 13 2
214 496
1 16 2
702 789
1 9 2
320 444
1 15 2
62 533
1 11 2
266 530
1 17 2
115 260
1 14 2
309 317
1 15 2
312 440
1 9 2
44 743
1 14 2
75 686
1 12 2
293 796
1 8 2
97 369
1 6 2
71 250
1 11 2
274 493
1 19 2
651 676
1 8 2
679 718
1 14 2
235 318
1 13 2
34 212
1 9 2
403 723
1 6 2
264 635
1 15 2
474 710
1 9 2
403 712
1 12 2
311 600
1 11 2
220 443
1 13 2
507 656
1 9 2
33 173
1 11 2
526 645
1 11 2
545 738
1 6 2
60 141
1 15 2
691 720
1 11 2
123 340
1 17 2
720 728
1 9 2
313 329
1 7 2
141 270
1 8 2
51 189
1 14 2
59 700
1 11 2
192 510
1 14 2
112 790
1 10 2
402 588
1 4 2
141 548
1 10 2
378 683
1 13 2
12 397
1 8 2
232 428
1 10 2
154 601
1 14 2
400 788
1 6 2
388 457
1 11 2
167 542
1 16 2
137 192
1 18 2
40 701
1 7 2
327 333
1 9 2
206 546
1 8 2
151 515
1 10 2
487 648
1 9 2
137 450
1 5 2
199 579
1 13 2
193 332
1 7 2
267 560
1 9 2
3 646
1 13 2
185 245
1 19 2
135 605
1 12 2
127 507
1 7 2
252 513
1 10 2
354 640
1 6 2
68 442
1 18 2
112 490
1 14 2
253 744
1 9 2
428 683
1 11 2
277 782
1 13 2
21 659
1 11 2
84 545
1 13 2
255 366
1 16 2
44 672
1 11 2
117 683
1 8 2
376 413
1 14 2
266 542
1 6 2
343 412
1 5 2
513 532
1 14 2
439 493
1 12 2
203 712
1 15 2
401 671
1 9 2
410 419
1 11 2
132 536
1 8 2
117 626
1 20 2
135 345
1 16 2
224 753
1 5 2
511 583
1 5 2
111 476
1 12 2
189 231
1 17 2
72 509
1 12 2
593 636
1 10 2
549 733
1 12 2
228 665
1 17 2
14 437
1 16 2
31 448
1 18 2
368 610
1 16 2
130 214
1 10 2
217 244
1 8 2
533 584
1 5 2
226 780
1 7 2
600 736
1 15 2
451 671
1 4 2
445 799
1 8 2
262 636
1 15 2
140 774
1 5 2
350 540
1 16 2
175 676
1 18 2
368 683
1 8 2
156 296
1 15 2
320 686
1 14 2
317 512
1 12 2
271 530
1 7 2
396 522
1 12 2
174 701
1 14 2
441 725
1 6 2
397 721
1 6 2
247 565
1 6 2
191 747
1 14 2
686 732
1 8 2
35 685
1 10 2
400 743
1 14 2
209 710
1 16 2
47 477
1 12 2
148 775
1 10 2
185 744
1 12 2
277 796
1 4 2
70 433
1 9 2
264 265
1 15 2
309 784
1 11 2
411 547
1 7 2
148 715
1 5 2
119 295
1 9 2
172 228
1 11 2
375 691
1 9 2
625 679
1 7 2
328 341
1 14 2
213 342
1 12 2
372 474
1 12 2
36 150
1 14 2
447 550
1 8 2
210 597
1 17 2
312 737
1 7 2
233 354
1 12 2
157 245
1 15 2
452 583
1 14 2
130 147
1 9 2
389 796
1 9 2
194 359
1 12 2
273 557
1 7 2
517 785
1 14 2
59 748
1 8 2
135 674
1 18 2
672 746
1 10 2
146 447
1 11 2
13 778
1 4 2
585 723
1 16 2
236 562
1 12 2
100 443
1 9 2
369 796
1 9 2
57 796
1 5 2
559 658
1 8 2
749 769
1 10 2
654 768
1 18 2
414 725
1 13 2
56 435
1 10 2
605 726
1 12 2
211 528
1 10 2
467 788
1 10 2
121 795
1 10 2
234 793
1 7 2
94 515
1 5 2
213 295
1 14 2
208 476
1 8 2
406 550
1 9 2
69 369
1 10 2
337 374
1 12 2
151 311
1 11 2
306 577
1 13 2
10 639
1 8 2
98 471
1 10 2
158 637
1 15 2
112 491
1 18 2
87 130
1 7 2
32 204
1 13 2
330 624
