800 4800 2400
6 7 17 15 9 21 5 17 13 18 7 23 6 23 9 23 11 18 20 18 18 16 13 12 14 9 15 22 23 6 18 13 11 25 11 16 15 20 6 8 25 16 21 23 16 17 10 5 20 15 22 17 10 22 8 19 7 7 6 21 22 8 13 20 18 16 25 13 7 17 21 6 23 16 24 12 17 9 5 12 17 8 25 22 15 23 7 9 15 6 23 18 24 24 23 14 21 18 24 20 10 19 10 19 21 18 23 16 19 14 5 22 23 6 12 24 7 24 16 15 14 22 19 6 17 6 10 14 9 20 5 21 7 7 7 8 10 24 18 12 6 13 15 6 12 6 15 15 15 5 13 8 9 25 24 15 23 24 25 5 20 25 15 23 5 22 20 10 22 23 6 13 22 10 7 17 11 16 9 15 11 10 22 22 5 18 13 5 9 17 23 22 7 19 21 13 10 15 10 23 9 25 14 14 8 20 7 15 16 6 23 17 20 10 25 6 19 23 9 20 20 11 7 11 5 17 25 15 19 9 9 8 19 10 6 16 14 10 19 18 22 20 7 14 11 9 15 12 19 5 19 23 24 20 21 13 20 9 25 16 9 10 19 24 20 23 23 15 5 13 7 14 5 15 21 22 18 21 19 13 21 17 9 5 5 6 24 16 6 20 14 6 24 22 25 24 17 5 10 5 15 17 16 6 10 13 19 23 22 6 13 11 16 21 19 7 22 9 15 7 22 22 18 15 14 19 10 17 8 18 14 14 16 14 25 13 17 11 22 18 7 10 12 17 18 19 18 5 21 22 20 25 25 5 5 21 14 16 13 25 15 22 6 9 6 15 9 12 11 13 19 6 13 11 15 9 17 11 15 6 12 8 19 18 15 21 8 11 19 6 16 19 11 23 11 23 23 17 9 18 12 7 8 5 19 22 24 14 5 11 12 21 20 9 13 9 8 8 15 20 16 19 13 8 14 11 18 23 11 19 24 13 24 11 15 9 13 25 11 22 15 21 10 10 12 5 22 7 13 15 17 10 5 24 17 9 21 18 21 17 15 13 19 8 13 25 19 16 15 7 14 25 11 8 19 15 21 11 12 8 13 23 13 8 20 6 12 19 20 24 14 9 7 11 17 14 6 5 13 11 19 7 11 24 5 13 22 8 17 11 6 16 18 17 25 20 14 23 19 10 14 14 10 5 23 12 20 14 7 9 10 14 16 15 18 19 12 9 9 16 16 10 5 19 14 19 9 18 20 20 8 14 11 24 23 13 19 13 21 11 9 7 16 14 12 7 15 7 17 9 7 9 16 24 8 15 23 22 7 17 9 6 19 20 10 16 11 5 14 22 10 19 19 14 9 10 20 20 13 19 13 16 11 21 7 12 13 7 16 20 23 15 12 17 13 24 6 21 11 10 7 24 6 13 22 25 6 7 24 24 14 6 14 22 20 16 14 16 9 17 15 25 15 16 6 20 24 14 24 6 14 11 16 25 23 23 12 15 13 8 11 24 16 6 12 19 14 22 25 10 23 14 12 14 15 14 17 7 14 24 14 12 5 14 14 17 16 23 16 16 22 22 6 22 25 7 9 10 15 22 11 17 15 17 13 13 16 22 23 19 22 21 24 5 22 20 18 15 25 23 15 25 14 12 21 9 22 25 20 16 15 25 7 21 25 5 22 21 20 11 20 19 18 7 9 12 9 6 14 14 23 22 6 14 6 19 22 24 12 14 17 22 5 18 15 11 20 22 9 18 25 6 7 9 13 14 25 15 23 24 25 17 21 20 9 10 14 10 21 10 6 15 20 13 18 6 6 11 23 10
17 18 3 9 5 19 6 11 3 18 10 5 3 12 4 17 16 4 6 10 5 5 7 17 3 17 20 16 12 8 5 14 15 7 12 11 9 12 12 19 11 9 6 17 7 9 19 5 13 13 6 8 15 9 15 19 15 12 16 17 20 5 20 14 6 13 3 4 8 10 18 18 4 16 13 3 10 18 11 9 12 18 8 10 8 14 12 11 14 20 5 13 16 9 7 4 3 16 18 11 17 11 19 16 6 5 20 3 11 12 16 12 10 19 14 15 11 19 11 16 19 18 14 9 6 6 5 16 12 11 8 15 8 12 16 5 6 10 16 15 16 4 7 7 8 7 10 8 8 6 12 16 16 19 8 4 3 7 4 9 7 18 7 13 5 16 4 20 18 20 14 8 7 17 6 7 18 20 3 8 13 10 20 14 10 7 20 7 3 17 4 8 18 12 20 14 16 7 15 11 20 12 13 17 8 15 20 5 8 10 20 3 4 19 15 11 14 13 7 4 17 7 16 10 20 11 17 8 20 7 16 17 14 19 5 19 5 17 14 13 6 11 6 17 6 4 9 15 7 18 7 18 10 13 19 12 19 20 15 19 9 6 9 14 18 6 17 12 9 19 7 7 10 10 14 15 13 3 5 9 18 18 17 5 12 20 13 16 18 13 6 11 12 9 5 12 16 17 5 13 14 5 17 13 12 10 16 14 3 7 11 13 8 9 17 16 18 19 12 4 5 15 12 9 9 13 19 7 16 11 8 6 20 16 10 15 12 7 11 3 16 13 15 17 11 4 14 5 15 18 6 8 5 11 8 18 11 20 6 9 19 16 18 18 10 14 5 16 15 17 7 4 19 6 4 6 11 14 19 13 14 8 5 8 4 14 16 9 18 5 6 11 5 15 16 14 18 19 5 15 19 11 17 12 12 5 7 3 16 12 4 14 20 7 5 12 9 7 3 12 15 12 12 11 20 18 4 9 20 15 9 14 10 13 12 19 5 19 7 7 10 18 8 17 19 5 10 14 8 18 5 4 16 8 16 5 13 3 5 4 20 8 4 4 7 13 19 3 10 15 15 3 7 15 17 3 12 17 15 13 9 13 3 9 15 4 17 3 3 6 14 16 3 9 10 14 12 6 4 5 15 3 13 19 4 5 15 16 20 13 20 5 12 7 18 11 13 4 17 15 8 4 6 15 10 13 15 8 16 11 4 19 18 17 12 3 9 5 17 8 6 7 12 17 13 18 17 19 5 8 4 18 6 10 17 10 5 13 9 16 10 20 20 17 18 16 15 5 9 4 17 4 12 4 9 20 11 10 10 5 18 13 7 11 16 4 7 9 6 7 18 10 8 13 7 19 9 6 14 11 16 7 18 17 12 12 4 18 9 9 15 19 10 18 10 17 16 12 20 8 18 6 9 10 17 16 11 5 9 4 13 4 19 17 10 8 20 3 9 9 6 17 8 10 3 18 14 18 13 15 3 20 12 5 14 17 8 20 17 16 5 13 4 19 5 11 5 17 13 8 15 11 9 10 18 18 14 18 3 7 11 6 3 13 13 9 5 5 12 8 4 13 9 12 13 5 17 20 10 8 6 5 8 19 12 9 3 19 4 16 6 7 9 7 15 17 9 5 16 10 11 20 19 15 16 3 6 19 7 5 5 15 15 17 13 9 14 6 4 9 8 19 4 9 5 8 7 15 6 5 18 3 13 18 19 15 14 4 5 11 20 11 3 14 12 13 14 6 15 5 19 14 12 9 15 13 16 15 18 10 18 17 12 7 19 17 6 20 16 12 13 15 9 4 5 12 20 14 14 4
1 16 2
158 755
1 9 2
329 555
1 17 2
240 453
1 6 2
363 513
1 13 2
459 524
1 6 2
342 684
1 11 2
372 393
1 9 2
22 645
1 11 2
208 421
1 11 2
229 727
1 10 2
477 699
1 6 2
213 637
1 13 2
94 547
1 12 2
235 441
1 9 2
325 614
1 12 2
114 292
1 12 2
505 661
1 11 2
70 683
1 11 2
307 544
1 6 2
369 753
1 11 2
17 138
1 10 2
167 334
1 16 2
161 645
1 4 2
187 336
1 13 2
280 370
1 15 2
238 338
1 12 2
105 456
1 12 2
189 458
1 3 2
86 192
1 19 2
115 573
1 6 2
640 799
1 7 2
212 435
1 9 2
31 355
1 9 2
419 498
1 9 2
573 799
1 4 2
25 499
1 10 2
74 328
1 14 2
225 750
1 11 2
82 773
1 18 2
11 661
1 7 2
12 750
1 18 2
489 798
1 5 2
593 696
1 7 2
560 763
1 17 2
43 761
1 13 2
157 300
1 9 2
412 486
1 8 2
370 525
1 8 2
60 282
1 17 2
92 313
1 9 2
135 292
1 15 2
5 667
1 8 2
294 622
1 5 2
229 358
1 12 2
321 376
1 8 2
62 189
1 5 2
435 775
1 8 2
340 633
1 5 2
202 595
1 18 2
338 406
1 8 2
252 501
1 12 2
464 489
1 13 2
349 716
1 8 2
215 780
1 20 2
158 214
1 9 2
195 238
1 5 2
229 563
1 15 2
2 718
1 10 2
21 301
1 16 2
314 453
1 13 2
227 554
1 9 2
17 636
1 15 2
50 549
1 14 2
437 508
1 7 2
10 348
1 12 2
256 494
1 7 2
440 588
1 8 2
189 753
1 7 2
277 663
1 11 2
105 534
1 4 2
659 774
1 13 2
30 42
1 12 2
344 665
1 3 2
249 337
1 15 2
251 488
1 7 2
27 145
1 14 2
345 670
1 9 2
547 611
1 15 2
481 512
1 14 2
404 751
1 7 2
128 709
1 7 2
57 458
1 13 2
154 189
1 5 2
213 636
1 10 2
377 712
1 10 2
505 788
1 9 2
112 586
1 9 2
507 615
1 4 2
150 607
1 8 2
288 432
1 14 2
238 320
1 10 2
219 335
1 8 2
575 640
1 9 2
300 459
1 13 2
165 185
1 7 2
578 724
1 11 2
124 278
1 14 2
609 788
1 18 2
43 757
1 10 2
100 628
1 9 2
770 796
1 2 2
14 297
1 17 2
11 576
1 10 2
20 45
1 14 2
471 639
1 14 2
80 646
1 19 2
98 437
1 7 2
531 671
1 15 2
339 432
1 8 2
184 779
1 17 2
40 193
1 17 2
667 751
1 8 2
201 581
1 9 2
339 764
1 15 2
2 430
1 13 2
678 721
1 19 2
90 776
1 11 2
468 624
1 15 2
345 726
1 19 2
121 731
1 12 2
642 693
1 12 2
613 766
1 12 2
414 757
1 7 2
21 368
1 7 2
682 699
1 7 2
91 522
1 11 2
101 613
1 11 2
475 715
1 15 2
101 576
1 10 2
316 536
1 4 2
81 95
1 12 2
99 539
1 16 2
28 441
1 7 2
748 753
1 13 2
90 601
1 6 2
81 703
1 19 2
93 670
1 12 2
418 798
1 9 2
231 646
1 19 2
43 573
1 13 2
318 694
1 12 2
639 740
1 10 2
530 615
1 18 2
13 92
1 17 2
157 603
1 13 2
359 630
1 11 2
583 635
1 13 2
690 794
1 4 2
68 777
1 10 2
154 394
1 16 2
129 153
1 4 2
377 477
1 14 2
82 575
1 9 2
562 585
1 8 2
62 107
1 5 2
408 792
1 2 2
209 222
1 5 2
71 591
1 11 2
278 562
1 8 2
181 788
1 6 2
389 597
1 11 2
433 757
1 12 2
191 702
1 5 2
447 566
1 15 2
573 639
1 15 2
18 481
1 16 2
228 628
1 14 2
391 751
1 13 2
334 516
1 10 2
8 577
1 4 2
44 125
1 8 2
181 458
1 7 2
147 520
1 8 2
499 741
1 17 2
253 646
1 12 2
182 494
1 13 2
92 374
1 11 2
103 296
1 9 2
107 330
1 10 2
90 100
1 6 2
387 527
1 16 2
251 707
1 12 2
169 470
1 7 2
369 482
1 8 2
666 676
1 8 2
470 539
1 12 2
138 205
1 16 2
217 484
1 13 2
239 349
1 15 2
182 558
1 13 2
28 390
1 6 2
470 789
1 14 2
28 462
1 8 2
265 570
1 10 2
453 700
1 10 2
118 582
1 7 2
36 62
1 9 2
441 442
1 16 2
182 254
1 7 2
19 537
1 19 2
694 714
1 14 2
276 724
1 18 2
33 320
1 15 2
92 250
1 9 2
657 794
1 15 2
419 506
1 17 2
11 191
1 6 2
130 313
1 11 2
72 407
1 14 2
548 558
1 10 2
236 262
1 11 2
44 48
1 11 2
41 645
1 10 2
205 305
1 9 2
85 569
1 8 2
119 127
1 13 2
382 782
1 3 2
245 784
1 7 2
276 522
1 10 2
144 190
1 7 2
234 320
1 14 2
488 740
1 3 2
114 347
1 10 2
350 674
1 7 2
228 784
1 5 2
0 676
1 7 2
210 299
1 3 2
261 283
1 7 2
10 108
1 11 2
334 341
1 5 2
415 632
1 16 2
55 757
1 5 2
20 284
1 17 2
471 741
1 16 2
361 476
1 11 2
266 422
1 17 2
648 738
1 8 2
427 507
1 18 2
286 670
1 6 2
450 725
1 11 2
63 208
1 2 2
130 784
1 12 2
90 764
1 3 2
100 366
1 10 2
282 694
1 18 2
154 553
1 8 2
136 166
1 13 2
80 441
1 7 2
78 751
1 16 2
719 726
1 7 2
106 523
1 17 2
254 393
1 10 2
653 784
1 7 2
176 582
1 11 2
629 745
1 9 2
484 656
1 12 2
514 588
1 3 2
68 128
1 16 2
500 776
1 9 2
213 348
1 14 2
63 596
1 17 2
430 515
1 7 2
297 667
1 17 2
488 776
1 10 2
310 446
1 8 2
494 720
1 19 2
182 694
1 13 2
214 563
1 8 2
1 385
1 12 2
117 647
1 10 2
412 495
1 9 2
42 409
1 7 2
232 789
1 16 2
437 763
1 13 2
646 749
1 13 2
239 506
1 11 2
348 635
1 5 2
69 354
1 6 2
436 675
1 11 2
337 731
1 20 2
226 258
1 8 2
217 389
1 17 2
85 736
1 11 2
122 512
1 11 2
246 280
1 7 2
165 234
1 9 2
20 378
1 13 2
194 419
1 6 2
148 167
1 9 2
684 794
1 11 2
33 213
1 9 2
394 549
1 4 2
284 290
1 8 2
19 480
1 10 2
139 277
1 8 2
191 260
1 8 2
212 564
1 13 2
99 103
1 8 2
189 495
1 15 2
190 205
1 6 2
37 192
1 19 2
718 726
1 18 2
338 553
1 12 2
18 494
1 10 2
8 96
1 4 2
100 380
1 6 2
502 753
1 11 2
262 585
1 10 2
231 780
1 6 2
146 311
1 15 2
265 421
1 6 2
213 271
1 11 2
139 453
1 18 2
98 427
1 6 2
206 609
1 16 2
82 306
1 14 2
169 185
1 11 2
566 634
1 14 2
582 691
1 8 2
36 639
1 13 2
277 429
1 6 2
95 559
1 12 2
289 662
1 7 2
232 538
1 20 2
252 679
1 4 2
135 400
1 19 2
265 514
1 17 2
220 653
1 12 2
278 534
1 8 2
393 771
1 13 2
194 426
1 14 2
43 278
1 11 2
183 531
1 12 2
533 726
1 15 2
15 19
1 12 2
127 712
1 12 2
114 721
1 8 2
29 395
1 7 2
627 737
1 12 2
163 323
1 11 2
119 783
1 9 2
339 369
1 6 2
0 103
1 15 2
388 757
1 9 2
412 664
1 8 2
706 748
1 5 2
71 512
1 20 2
351 776
1 15 2
11 99
1 6 2
146 435
1 13 2
226 630
1 5 2
371 426
1 9 2
517 537
1 3 2
387 752
1 2 2
363 735
1 9 2
2 449
1 9 2
410 548
1 10 2
157 326
1 15 2
621 755
1 20 2
286 625
1 5 2
61 324
1 11 2
387 625
1 15 2
17 670
1 8 2
356 680
1 14 2
388 710
1 15 2
458 699
1 6 2
81 450
1 18 2
679 761
1 16 2
99 708
1 11 2
160 635
1 13 2
726 763
1 11 2
337 679
1 17 2
484 514
1 7 2
446 644
1 7 2
556 746
1 17 2
226 782
1 15 2
64 471
1 8 2
726 768
1 10 2
129 202
1 9 2
95 545
1 6 2
335 745
1 16 2
93 597
1 10 2
261 719
1 10 2
18 300
1 13 2
15 36
1 12 2
450 782
1 9 2
186 194
1 13 2
466 474
1 8 2
406 626
1 12 2
352 505
1 13 2
51 714
1 11 2
96 673
1 8 2
296 671
1 14 2
131 737
1 5 2
39 449
1 15 2
205 458
1 17 2
172 641
1 5 2
377 394
1 11 2
153 745
1 11 2
361 566
1 8 2
440 520
1 9 2
14 74
1 19 2
648 779
1 8 2
58 263
1 9 2
253 785
1 10 2
524 595
1 7 2
127 748
1 15 2
276 481
1 8 2
4 690
1 11 2
220 640
1 9 2
398 679
1 20 2
258 294
1 12 2
17 755
1 16 2
98 325
1 14 2
98 426
1 6 2
80 231
1 14 2
55 106
1 14 2
568 712
1 13 2
540 624
1 17 2
708 711
1 11 2
254 520
1 10 2
685 794
1 7 2
652 745
1 8 2
310 540
1 4 2
618 797
1 7 2
199 695
1 10 2
3 108
1 7 2
310 557
1 8 2
410 556
1 2 2
61 234
1 7 2
22 673
1 7 2
173 572
1 15 2
20 654
1 16 2
308 320
1 13 2
352 730
1 9 2
385 564
1 7 2
268 427
1 14 2
470 780
1 3 2
541 692
1 7 2
356 657
1 13 2
388 767
1 13 2
274 591
1 9 2
192 621
1 14 2
484 690
1 5 2
340 786
1 11 2
348 563
1 11 2
287 665
1 8 2
151 589
1 8 2
293 565
1 12 2
107 476
1 15 2
707 792
1 10 2
475 518
1 13 2
494 654
1 10 2
395 525
1 5 2
30 587
1 11 2
259 763
1 14 2
9 779
1 16 2
157 264
1 8 2
572 650
1 4 2
62 303
1 7 2
22 267
1 5 2
167 748
1 9 2
269 591
1 18 2
240 286
1 7 2
140 667
1 7 2
407 593
1 13 2
232 321
1 17 2
53 439
1 6 2
634 677
1 20 2
153 359
1 17 2
517 751
1 7 2
237 709
1 13 2
399 441
1 9 2
116 226
1 12 2
119 506
1 12 2
295 775
1 7 2
623 678
1 10 2
521 634
1 7 2
97 317
1 15 2
92 344
1 10 2
128 670
1 3 2
326 371
1 3 2
87 319
1 15 2
266 709
1 11 2
90 557
1 8 2
21 490
1 2 2
151 297
1 11 2
246 710
1 8 2
301 793
1 11 2
97 343
1 10 2
79 411
1 10 2
425 610
1 10 2
87 727
1 17 2
240 393
1 13 2
281 761
1 10 2
40 87
1 14 2
585 629
1 16 2
137 543
1 7 2
312 793
1 12 2
488 513
1 11 2
131 358
1 5 2
185 403
1 6 2
472 551
1 12 2
150 292
1 11 2
298 780
1 14 2
262 750
1 7 2
17 126
1 13 2
169 259
1 9 2
534 786
1 9 2
160 400
1 13 2
333 718
1 13 2
166 543
1 11 2
250 383
1 10 2
304 427
1 12 2
70 639
1 11 2
106 527
1 16 2
577 633
1 10 2
596 748
1 13 2
468 514
1 12 2
112 673
1 9 2
99 311
1 6 2
141 614
1 6 2
592 772
1 6 2
326 613
1 5 2
176 180
1 5 2
175 752
1 5 2
504 639
1 4 2
100 435
1 7 2
365 407
1 14 2
43 688
1 10 2
31 254
1 20 2
82 226
1 10 2
352 785
1 13 2
628 642
1 13 2
115 227
1 18 2
13 85
1 6 2
248 677
1 14 2
37 219
1 19 2
115 757
1 15 2
349 385
1 10 2
119 276
1 11 2
428 625
1 15 2
277 506
1 7 2
410 701
1 10 2
99 318
1 6 2
194 347
1 14 2
40 357
1 12 2
137 680
1 10 2
162 391
1 6 2
23 246
1 14 2
43 703
1 17 2
252 761
1 6 2
133 665
1 13 2
122 634
1 12 2
246 690
1 4 2
47 637
1 10 2
155 738
1 7 2
185 519
1 7 2
53 242
1 13 2
95 514
1 7 2
325 567
1 13 2
456 579
1 18 2
334 724
1 6 2
420 787
1 19 2
27 465
1 14 2
286 327
1 12 2
311 731
1 17 2
405 554
1 12 2
276 466
1 6 2
373 791
1 11 2
583 643
1 10 2
382 703
1 10 2
20 374
1 5 2
44 550
1 8 2
314 745
1 16 2
63 252
1 7 2
451 769
1 10 2
376 742
1 12 2
488 685
1 10 2
298 553
1 11 2
286 681
1 6 2
233 579
1 11 2
271 577
1 19 2
655 779
1 7 2
91 188
1 11 2
632 726
1 11 2
339 357
1 8 2
575 764
1 8 2
253 438
1 9 2
103 279
1 17 2
37 286
1 16 2
42 183
1 13 2
199 459
1 5 2
44 68
1 14 2
175 727
1 7 2
12 690
1 17 2
111 112
1 6 2
501 547
1 10 2
126 432
1 17 2
517 655
1 10 2
199 530
1 16 2
295 548
1 5 2
236 565
1 12 2
92 202
1 7 2
532 697
1 8 2
274 455
1 13 2
189 320
1 6 2
225 619
1 13 2
294 300
1 6 2
595 650
1 14 2
239 767
1 8 2
153 497
1 8 2
69 486
1 4 2
384 743
1 11 2
97 579
1 12 2
137 490
1 11 2
331 670
1 18 2
338 437
1 9 2
311 751
1 13 2
489 531
1 6 2
331 368
1 16 2
289 668
1 13 2
427 494
1 13 2
96 591
1 12 2
217 566
1 9 2
257 779
1 15 2
11 741
1 4 2
529 552
1 4 2
113 236
1 13 2
503 588
1 14 2
5 322
1 2 2
497 796
1 11 2
208 350
1 13 2
228 306
1 11 2
345 467
1 6 2
487 622
1 12 2
370 549
1 9 2
162 702
1 9 2
32 726
1 14 2
154 508
1 11 2
168 305
1 16 2
419 629
1 7 2
537 556
1 12 2
383 487
1 8 2
3 673
1 18 2
190 295
1 11 2
65 645
1 11 2
103 547
1 20 2
641 780
1 13 2
228 549
1 20 2
66 430
1 15 2
63 348
1 14 2
50 591
1 17 2
355 668
1 16 2
157 558
1 10 2
289 490
1 3 2
447 744
1 8 2
83 538
1 11 2
180 718
1 12 2
427 614
1 14 2
302 625
1 15 2
253 750
1 7 2
316 319
1 6 2
141 704
1 7 2
442 769
1 14 2
370 782
1 13 2
239 274
1 18 2
66 405
1 12 2
138 543
1 19 2
258 554
1 4 2
563 790
1 7 2
538 592
1 14 2
161 467
1 13 2
248 726
1 15 2
33 568
1 9 2
207 312
1 7 2
32 568
1 7 2
358 372
1 5 2
243 550
1 11 2
705 750
1 12 2
26 719
1 8 2
449 532
1 9 2
83 136
1 12 2
540 603
1 16 2
348 395
1 5 2
720 772
1 10 2
121 380
1 11 2
90 588
1 15 2
547 708
1 14 2
19 117
1 12 2
195 731
1 11 2
275 675
1 15 2
314 393
1 16 2
33 741
1 14 2
514 652
1 13 2
429 458
1 13 2
611 694
1 18 2
361 628
1 8 2
368 740
1 12 2
339 549
1 12 2
37 343
1 5 2
218 236
1 6 2
342 722
1 7 2
141 179
1 6 2
35 571
1 12 2
450 711
1 10 2
18 324
1 14 2
287 731
1 14 2
166 241
1 10 2
343 383
1 14 2
345 761
1 9 2
264 335
1 18 2
275 573
1 4 2
550 623
1 8 2
219 229
1 8 2
39 405
1 18 2
441 625
1 14 2
115 211
1 17 2
334 556
1 12 2
157 358
1 3 2
288 410
1 8 2
470 652
1 8 2
61 687
1 5 2
373 425
1 16 2
265 313
1 7 2
438 579
1 8 2
352 713
1 7 2
7 773
1 18 2
94 687
1 13 2
687 720
1 11 2
429 511
1 11 2
118 609
1 13 2
177 615
1 17 2
28 690
1 9 2
401 653
1 11 2
117 438
1 8 2
202 318
1 7 2
147 505
1 8 2
365 606
1 16 2
241 432
1 12 2
141 432
1 13 2
33 555
1 4 2
227 347
1 16 2
53 624
1 7 2
61 160
1 18 2
210 621
1 18 2
13 286
1 6 2
128 302
1 10 2
166 539
1 19 2
307 351
1 10 2
162 232
1 10 2
367 788
1 9 2
23 419
1 7 2
107 221
1 14 2
460 625
1 12 2
194 662
1 16 2
183 348
1 11 2
316 675
1 10 2
219 611
1 18 2
121 406
1 10 2
257 453
1 10 2
214 669
1 13 2
287 393
1 12 2
18 343
1 16 2
42 707
1 10 2
40 530
1 15 2
518 648
1 7 2
22 36
1 19 2
334 655
1 10 2
67 441
1 8 2
108 400
1 11 2
599 674
1 6 2
26 317
1 13 2
106 450
1 8 2
662 684
1 12 2
280 390
1 9 2
306 658
1 13 2
378 779
1 6 2
171 255
1 4 2
490 561
1 19 2
629 655
1 3 2
116 746
1 18 2
72 92
1 13 2
207 734
1 8 2
450 632
1 15 2
248 396
1 14 2
239 670
1 12 2
189 241
1 7 2
490 673
1 5 2
67 231
1 20 2
33 226
1 11 2
107 609
1 9 2
592 600
1 13 2
228 506
1 8 2
360 781
1 10 2
95 264
1 11 2
21 665
1 8 2
28 123
1 15 2
37 615
1 14 2
241 264
1 9 2
154 746
1 12 2
367 621
1 9 2
41 376
1 19 2
90 734
1 6 2
103 469
1 6 2
392 563
1 11 2
73 599
1 16 2
166 252
1 10 2
444 737
1 13 2
295 365
1 10 2
76 397
1 16 2
582 628
1 13 2
688 719
1 18 2
11 721
1 16 2
20 641
1 14 2
641 674
1 17 2
63 115
1 14 2
219 338
1 12 2
41 506
1 11 2
227 462
1 12 2
31 489
1 15 2
554 741
1 19 2
11 625
1 10 2
109 344
1 20 2
153 514
1 10 2
97 177
1 12 2
412 688
1 4 2
133 171
1 15 2
258 508
1 15 2
628 709
1 7 2
67 791
1 17 2
158 182
1 15 2
313 736
1 10 2
552 757
1 7 2
132 355
1 4 2
392 502
1 3 2
204 743
1 8 2
464 568
1 8 2
278 425
1 18 2
714 734
1 7 2
446 692
1 11 2
275 684
1 16 2
92 715
1 7 2
335 764
1 8 2
46 515
1 8 2
178 737
1 12 2
91 583
1 11 2
161 425
1 13 2
131 738
1 12 2
344 466
1 14 2
17 708
1 15 2
121 280
1 7 2
285 526
1 8 2
355 773
1 9 2
397 527
1 10 2
225 399
1 5 2
579 587
1 10 2
23 624
1 8 2
394 741
1 18 2
265 610
1 8 2
80 333
1 8 2
44 171
1 12 2
211 253
1 11 2
85 656
1 8 2
421 669
1 10 2
470 599
1 5 2
181 478
1 17 2
653 733
1 5 2
366 678
1 15 2
280 441
1 11 2
74 745
1 9 2
400 736
1 17 2
15 183
1 15 2
254 767
1 15 2
19 437
1 13 2
40 236
1 6 2
42 796
1 8 2
342 701
1 9 2
176 549
1 6 2
600 671
1 5 2
177 204
1 12 2
490 648
1 14 2
124 286
1 3 2
288 580
1 14 2
338 738
1 16 2
320 456
1 5 2
477 664
1 14 2
21 153
1 9 2
68 158
1 16 2
466 770
1 8 2
563 703
1 6 2
177 659
1 13 2
251 685
1 11 2
412 572
1 15 2
286 487
1 13 2
404 439
1 11 2
163 431
1 19 2
115 307
1 10 2
131 555
1 7 2
328 597
1 16 2
82 262
1 6 2
242 457
1 9 2
67 429
1 7 2
235 377
1 9 2
62 421
1 12 2
293 585
1 8 2
118 177
1 7 2
118 478
1 16 2
85 711
1 10 2
99 643
1 10 2
290 558
1 5 2
662 695
1 10 2
470 667
1 12 2
432 516
1 11 2
155 275
1 5 2
181 749
1 7 2
21 664
1 15 2
11 515
1 9 2
332 601
1 18 2
441 471
1 9 2
154 483
1 11 2
329 397
1 13 2
94 397
1 8 2
71 661
1 12 2
243 292
1 6 2
488 732
1 13 2
185 609
1 13 2
597 740
1 9 2
67 788
1 9 2
330 336
1 15 2
153 296
1 17 2
201 556
1 16 2
103 294
1 13 2
124 183
1 6 2
218 540
1 9 2
24 101
1 20 2
115 776
1 15 2
70 667
1 8 2
17 525
1 12 2
688 714
1 10 2
219 287
1 17 2
117 458
1 8 2
136 239
1 14 2
41 757
1 6 2
564 672
1 5 2
417 702
1 8 2
88 730
1 4 2
86 142
1 12 2
314 549
1 6 2
609 649
1 4 2
267 649
1 10 2
210 392
1 9 2
122 759
1 9 2
25 430
1 9 2
380 388
1 16 2
169 264
1 15 2
42 308
1 12 2
250 763
1 9 2
430 768
1 16 2
101 453
1 8 2
141 399
1 12 2
556 766
1 16 2
348 554
1 8 2
374 640
1 9 2
124 632
1 17 2
129 430
1 13 2
43 662
1 7 2
446 649
1 14 2
318 503
1 10 2
69 454
1 9 2
68 432
1 14 2
251 716
1 18 2
158 316
1 6 2
414 664
1 9 2
43 181
1 4 2
71 544
1 19 2
60 66
1 15 2
599 751
1 13 2
108 599
1 14 2
526 737
1 5 2
186 594
1 11 2
136 437
1 11 2
400 514
1 10 2
328 694
1 11 2
301 454
1 14 2
465 706
1 4 2
340 407
1 10 2
193 748
1 8 2
643 775
1 6 2
450 455
1 11 2
194 533
1 4 2
479 521
1 7 2
104 328
1 7 2
148 448
1 12 2
13 717
1 14 2
513 615
1 8 2
36 786
1 8 2
21 179
1 19 2
679 718
1 9 2
305 322
1 16 2
258 382
1 15 2
40 332
1 17 2
432 691
1 15 2
289 726
1 10 2
191 559
1 9 2
121 304
1 10 2
177 421
1 16 2
556 712
1 7 2
383 787
1 12 2
11 608
1 13 2
193 736
1 15 2
349 484
1 12 2
276 355
1 7 2
278 375
1 15 2
515 517
1 8 2
166 433
1 13 2
441 599
1 10 2
536 687
1 7 2
322 560
1 7 2
331 671
1 14 2
239 679
1 16 2
345 734
1 17 2
266 699
1 12 2
19 97
1 9 2
66 371
1 13 2
709 766
1 6 2
380 702
1 11 2
742 760
1 14 2
573 662
1 10 2
355 678
1 7 2
187 275
1 9 2
258 435
1 5 2
149 278
1 8 2
192 214
1 12 2
609 742
1 7 2
8 36
1 6 2
282 601
1 17 2
33 597
1 8 2
215 265
1 8 2
696 740
1 15 2
348 740
1 20 2
226 465
1 8 2
403 641
1 13 2
45 517
1 12 2
405 632
1 16 2
104 726
1 18 2
359 558
1 10 2
313 758
1 9 2
121 282
1 4 2
215 356
1 12 2
457 518
1 11 2
235 253
1 15 2
294 599
1 13 2
64 405
1 10 2
280 448
1 19 2
92 798
1 10 2
266 311
1 8 2
2 774
1 7 2
17 229
1 11 2
115 704
1 9 2
526 739
1 6 2
564 680
1 10 2
352 569
1 15 2
160 307
1 11 2
583 764
1 13 2
292 418
1 11 2
539 596
1 8 2
361 677
1 4 2
143 722
1 16 2
351 382
1 15 2
446 788
1 11 2
212 720
1 17 2
334 535
1 4 2
310 754
1 15 2
320 788
1 5 2
237 774
1 12 2
456 575
1 16 2
320 361
1 7 2
654 735
1 7 2
165 510
1 9 2
269 526
1 4 2
373 725
1 8 2
208 360
1 12 2
453 600
1 13 2
359 647
1 10 2
620 653
1 10 2
263 522
1 15 2
406 543
1 5 2
492 791
1 15 2
115 450
1 16 2
488 798
1 13 2
156 688
1 17 2
27 156
1 15 2
13 715
1 12 2
278 515
1 10 2
4 351
1 11 2
197 277
1 9 2
278 623
1 15 2
583 624
1 9 2
279 645
1 16 2
385 655
1 18 2
194 779
1 14 2
7 157
1 7 2
53 61
1 16 2
314 621
1 12 2
359 495
1 12 2
441 547
1 13 2
72 300
1 14 2
238 767
1 6 2
428 791
1 8 2
149 648
1 9 2
519 667
1 7 2
574 603
1 12 2
175 456
1 8 2
635 753
1 11 2
308 632
1 9 2
117 447
1 9 2
519 726
1 9 2
88 225
1 14 2
131 596
1 10 2
545 684
1 12 2
101 597
1 15 2
262 503
1 7 2
134 183
1 17 2
28 308
1 6 2
448 505
1 17 2
160 334
1 10 2
19 45
1 7 2
419 789
1 14 2
210 685
1 5 2
213 722
1 4 2
222 753
1 15 2
253 307
1 13 2
201 271
1 12 2
387 718
1 4 2
297 593
1 6 2
97 389
1 15 2
13 104
1 11 2
171 573
1 6 2
392 683
1 14 2
388 737
1 12 2
489 775
1 16 2
153 599
1 7 2
244 511
1 14 2
41 648
1 5 2
4 563
1 15 2
334 494
1 9 2
466 704
1 16 2
108 668
1 4 2
109 130
1 7 2
473 556
1 8 2
135 756
1 19 2
396 629
1 2 2
209 725
1 7 2
425 426
1 8 2
14 446
1 10 2
322 781
1 5 2
44 340
1 17 2
350 621
1 5 2
287 463
1 12 2
352 723
1 8 2
276 392
1 11 2
514 656
1 9 2
537 576
1 8 2
473 693
1 15 2
591 778
1 11 2
390 534
1 18 2
121 712
1 14 2
111 344
1 15 2
251 419
1 17 2
393 446
1 9 2
219 433
1 18 2
307 654
1 12 2
323 393
1 15 2
129 137
1 14 2
258 608
1 14 2
336 694
1 8 2
303 517
1 9 2
90 415
1 9 2
225 702
1 4 2
717 747
1 8 2
305 706
1 9 2
479 629
1 8 2
338 363
1 13 2
122 314
1 7 2
176 540
1 18 2
163 690
1 18 2
679 750
1 7 2
147 433
1 13 2
210 225
1 8 2
274 546
1 7 2
400 642
1 9 2
134 351
1 2 2
386 713
1 7 2
21 377
1 8 2
186 426
1 15 2
43 583
1 11 2
193 327
1 9 2
131 443
1 18 2
40 165
1 13 2
467 629
1 9 2
158 616
1 7 2
245 741
1 16 2
474 734
1 15 2
252 474
1 13 2
339 714
1 9 2
509 788
1 10 2
614 707
1 14 2
153 533
1 12 2
308 593
1 14 2
216 517
1 3 2
181 631
1 4 2
186 743
1 18 2
93 172
1 4 2
398 586
1 9 2
327 705
1 11 2
338 698
1 10 2
527 582
1 20 2
201 641
1 11 2
227 733
1 14 2
205 274
1 16 2
252 262
1 17 2
254 780
1 15 2
60 724
1 7 2
299 453
1 6 2
14 360
1 11 2
43 120
1 11 2
76 741
1 13 2
51 199
1 12 2
45 596
1 5 2
261 358
1 14 2
158 331
1 6 2
152 235
1 10 2
589 623
1 15 2
121 441
1 15 2
769 778
1 19 2
514 693
1 10 2
602 750
1 14 2
137 760
1 9 2
308 773
1 9 2
305 429
1 4 2
470 747
1 10 2
275 605
1 17 2
48 694
1 8 2
39 191
1 12 2
73 112
1 11 2
456 611
1 6 2
311 777
1 9 2
365 384
1 4 2
510 588
1 18 2
439 694
1 8 2
196 274
1 8 2
120 540
1 17 2
190 348
1 2 2
587 638
1 15 2
106 160
1 17 2
194 573
1 9 2
11 415
1 10 2
138 208
1 9 2
77 154
1 13 2
17 411
1 8 2
103 167
1 11 2
220 343
1 5 2
364 500
1 10 2
308 723
1 14 2
212 462
1 15 2
108 646
1 19 2
201 712
1 15 2
437 579
1 16 2
535 727
1 8 2
528 654
1 12 2
203 661
1 15 2
307 728
1 14 2
287 430
1 11 2
94 704
1 4 2
245 261
1 11 2
17 108
1 11 2
557 621
1 12 2
320 397
1 13 2
42 794
1 11 2
50 521
1 13 2
96 138
1 10 2
588 709
1 18 2
553 629
1 15 2
411 690
1 13 2
13 378
1 16 2
106 724
1 9 2
239 290
1 14 2
190 250
1 4 2
366 486
1 13 2
280 582
1 11 2
11 436
1 15 2
577 738
1 12 2
623 779
1 9 2
53 373
1 2 2
61 224
1 12 2
63 781
1 8 2
318 331
1 9 2
24 64
1 9 2
614 728
1 15 2
72 487
1 13 2
278 391
1 13 2
225 506
1 13 2
388 792
1 16 2
138 694
1 10 2
127 609
1 14 2
583 736
1 13 2
138 783
1 15 2
226 686
1 17 2
131 712
1 6 2
312 789
1 15 2
217 634
1 7 2
5 561
1 6 2
534 607
1 17 2
558 770
1 17 2
292 624
1 17 2
427 589
1 5 2
605 656
1 11 2
92 342
1 8 2
59 257
1 11 2
311 352
1 13 2
154 642
1 15 2
359 601
1 8 2
137 209
1 9 2
33 288
1 10 2
75 782
1 5 2
487 504
1 14 2
307 769
1 6 2
1 760
1 11 2
365 738
1 20 2
396 625
1 5 2
136 563
1 11 2
122 642
1 12 2
344 592
1 5 2
100 195
1 9 2
466 636
1 6 2
189 245
1 18 2
251 263
1 12 2
634 794
1 11 2
276 508
1 15 2
194 205
1 12 2
98 498
1 19 2
183 770
1 13 2
131 232
1 2 2
110 242
1 13 2
210 281
1 13 2
718 748
1 18 2
432 558
1 11 2
563 751
1 11 2
131 678
1 4 2
482 501
1 10 2
370 449
1 9 2
18 24
1 9 2
533 579
1 18 2
11 573
1 19 2
668 736
1 15 2
232 687
1 9 2
239 555
1 9 2
265 529
1 12 2
624 680
1 8 2
347 719
1 6 2
77 494
1 4 2
557 677
1 12 2
156 562
1 17 2
293 721
1 8 2
92 713
1 5 2
29 635
1 15 2
72 250
1 8 2
3 791
1 18 2
596 721
1 11 2
219 513
1 12 2
277 568
1 5 2
231 572
1 12 2
489 555
1 15 2
711 792
1 13 2
679 689
1 18 2
226 691
1 9 2
7 684
1 17 2
158 711
1 14 2
289 548
1 12 2
310 655
1 20 2
82 334
1 8 2
236 689
1 5 2
239 403
1 12 2
117 495
1 11 2
612 641
1 15 2
37 699
1 7 2
87 794
1 13 2
720 798
1 6 2
35 443
1 8 2
327 449
1 14 2
59 484
1 14 2
13 276
1 13 2
41 690
1 6 2
353 782
1 11 2
320 360
1 13 2
487 617
1 9 2
399 516
1 18 2
40 476
1 10 2
670 672
1 10 2
158 560
1 11 2
566 690
1 6 2
319 543
1 14 2
124 163
1 13 2
320 467
1 8 2
50 230
1 16 2
74 129
1 9 2
49 585
1 18 2
524 778
1 15 2
726 766
1 17 2
629 733
1 11 2
313 572
1 6 2
95 602
1 8 2
135 711
1 8 2
207 777
1 9 2
83 559
1 5 2
555 784
1 12 2
131 450
1 8 2
198 306
1 4 2
224 775
1 15 2
85 216
1 8 2
16 508
1 18 2
721 733
1 11 2
23 615
1 13 2
124 693
1 10 2
36 346
1 13 2
20 589
1 9 2
156 229
1 13 2
300 359
1 15 2
225 648
1 13 2
312 554
1 9 2
185 324
1 11 2
34 661
1 5 2
270 449
1 12 2
275 300
1 18 2
286 554
1 6 2
676 784
1 12 2
169 717
1 13 2
591 728
1 16 2
345 694
1 16 2
122 453
1 11 2
94 588
1 6 2
65 537
1 8 2
120 426
1 3 2
375 417
1 16 2
603 778
1 8 2
247 500
1 10 2
152 776
1 20 2
286 718
1 11 2
424 476
1 11 2
405 793
1 6 2
180 563
1 14 2
474 778
1 11 2
155 220
1 12 2
197 320
1 8 2
71 90
1 18 2
191 406
1 13 2
166 488
1 18 2
617 694
1 10 2
73 278
1 16 2
165 321
1 13 2
211 661
1 8 2
86 430
1 7 2
500 744
1 13 2
520 573
1 3 2
81 538
1 4 2
279 469
1 7 2
247 579
1 7 2
18 479
1 16 2
699 726
1 7 2
77 426
1 15 2
292 534
1 8 2
385 768
1 19 2
295 648
1 7 2
377 511
1 7 2
256 746
1 10 2
138 703
1 10 2
119 160
1 10 2
70 753
1 8 2
183 744
1 14 2
382 724
1 13 2
60 76
1 7 2
19 697
1 14 2
513 736
1 13 2
286 527
1 16 2
175 201
1 9 2
328 432
1 2 2
408 790
1 11 2
367 628
1 14 2
355 411
1 15 2
238 621
1 11 2
755 760
1 15 2
153 346
1 6 2
178 508
1 9 2
144 439
1 11 2
202 558
1 13 2
668 753
1 11 2
344 613
1 12 2
338 729
1 11 2
440 782
1 10 2
20 384
1 9 2
579 608
1 13 2
246 718
1 11 2
212 703
1 16 2
484 727
1 8 2
294 542
1 15 2
190 429
1 14 2
757 769
1 11 2
313 630
1 11 2
216 703
1 11 2
208 558
1 18 2
633 668
1 11 2
307 516
1 17 2
70 610
1 12 2
466 599
1 13 2
45 50
1 12 2
177 711
1 3 2
174 768
1 12 2
330 554
1 15 2
258 343
1 9 2
494 685
1 10 2
35 760
1 6 2
508 570
1 4 2
536 594
1 12 2
13 148
1 12 2
210 551
1 7 2
81 350
1 10 2
369 693
1 7 2
22 332
1 10 2
424 782
1 6 2
18 354
1 9 2
248 342
1 12 2
185 592
1 8 2
107 365
1 7 2
339 491
1 14 2
108 168
1 7 2
65 433
1 8 2
33 682
1 15 2
5 308
1 6 2
296 696
1 17 2
190 275
1 15 2
238 405
1 11 2
142 216
1 13 2
37 250
1 10 2
227 383
1 7 2
366 526
1 6 2
656 753
1 4 2
319 527
1 8 2
24 568
1 13 2
88 359
1 6 2
51 773
1 12 2
105 518
1 12 2
568 667
1 13 2
106 676
1 14 2
107 489
1 8 2
401 524
1 16 2
165 308
1 13 2
301 603
1 5 2
208 542
1 7 2
77 238
1 16 2
156 488
1 12 2
142 396
1 8 2
28 151
1 17 2
506 576
1 5 2
187 327
1 14 2
258 572
1 8 2
300 365
1 16 2
345 776
1 5 2
51 790
1 14 2
289 724
1 9 2
492 621
1 19 2
163 679
1 13 2
51 506
1 11 2
688 742
1 7 2
287 448
1 17 2
294 313
1 3 2
297 786
1 14 2
399 405
1 9 2
345 490
1 18 2
154 441
1 10 2
264 323
1 20 2
40 625
1 15 2
82 716
1 7 2
86 558
1 7 2
31 657
1 8 2
278 337
1 18 2
199 307
1 7 2
113 446
1 4 2
410 530
1 7 2
566 745
1 20 2
514 712
1 4 2
89 555
1 11 2
421 717
1 5 2
310 546
1 12 2
137 333
1 9 2
151 576
1 7 2
122 594
1 9 2
449 701
1 15 2
70 411
1 10 2
592 632
1 11 2
172 673
1 16 2
28 788
1 11 2
160 730
1 7 2
228 416
1 11 2
409 721
1 12 2
339 603
1 13 2
64 172
1 13 2
122 238
1 11 2
146 724
1 10 2
183 311
1 10 2
465 529
1 15 2
76 779
1 5 2
146 192
1 10 2
432 522
1 9 2
59 75
1 18 2
27 115
1 14 2
72 769
1 5 2
178 516
1 5 2
148 529
1 11 2
64 339
1 2 2
170 752
1 7 2
197 758
1 5 2
551 569
1 13 2
593 718
1 13 2
471 575
1 12 2
382 716
1 6 2
394 678
1 15 2
420 731
1 12 2
426 484
1 12 2
154 791
1 18 2
458 727
1 8 2
386 624
1 10 2
320 598
1 11 2
84 96
1 4 2
102 218
1 12 2
698 736
1 18 2
308 776
1 10 2
511 760
1 10 2
100 767
1 10 2
557 726
1 9 2
7 786
1 5 2
79 451
1 10 2
474 717
1 8 2
220 477
1 12 2
531 798
1 12 2
239 383
1 12 2
508 782
1 4 2
222 269
1 10 2
405 595
1 7 2
608 793
1 10 2
409 691
1 11 2
115 555
1 9 2
24 547
1 8 2
252 663
1 11 2
34 40
1 5 2
231 460
1 13 2
148 625
1 7 2
496 667
1 7 2
552 685
1 6 2
455 532
1 9 2
711 787
1 11 2
109 589
1 9 2
4 736
1 16 2
48 98
1 8 2
416 589
1 5 2
454 485
1 7 2
423 462
1 15 2
258 579
1 12 2
679 745
1 17 2
137 439
1 6 2
394 643
1 10 2
373 756
1 12 2
274 760
1 15 2
103 610
1 18 2
93 190
1 11 2
526 675
1 14 2
572 727
1 5 2
463 686
1 11 2
157 765
1 17 2
169 654
1 6 2
459 732
1 16 2
549 661
1 4 2
149 365
1 12 2
138 518
1 16 2
15 577
1 9 2
605 711
1 6 2
188 329
1 15 2
108 628
1 4 2
242 243
1 9 2
287 662
1 9 2
185 657
1 7 2
556 638
1 17 2
240 265
1 12 2
112 468
1 10 2
454 585
1 11 2
147 487
1 16 2
70 183
1 15 2
212 265
1 10 2
158 341
1 19 2
106 117
1 11 2
419 539
1 6 2
285 548
1 9 2
46 274
1 14 2
265 534
1 9 2
462 520
1 10 2
207 783
1 11 2
277 706
1 13 2
124 191
1 11 2
163 564
1 13 2
296 476
1 4 2
12 643
1 16 2
679 715
1 8 2
719 732
1 12 2
119 621
1 7 2
63 644
1 7 2
763 785
1 14 2
40 637
1 11 2
520 610
1 11 2
345 568
1 7 2
169 682
1 13 2
652 750
1 13 2
189 385
1 18 2
668 756
1 12 2
73 733
1 11 2
691 793
1 19 2
226 307
1 13 2
694 791
1 10 2
112 139
1 13 2
359 636
1 11 2
280 333
1 9 2
42 366
1 10 2
248 511
1 19 2
66 577
1 12 2
551 670
1 5 2
164 457
1 9 2
439 660
1 11 2
414 577
1 14 2
30 313
1 11 2
295 499
1 8 2
616 621
1 10 2
91 572
1 4 2
202 473
1 15 2
548 576
1 15 2
293 665
1 7 2
520 678
1 13 2
107 554
1 15 2
161 185
1 6 2
61 613
1 3 2
145 438
1 7 2
149 156
1 19 2
66 757
1 13 2
210 781
1 8 2
435 458
1 14 2
183 301
1 7 2
382 541
1 14 2
782 792
1 17 2
42 621
1 12 2
35 558
1 9 2
311 778
1 7 2
407 636
1 11 2
20 794
1 15 2
103 265
1 11 2
82 586
1 13 2
259 338
1 12 2
624 675
1 2 2
379 491
1 10 2
108 650
1 9 2
166 536
1 17 2
220 471
1 10 2
702 709
1 10 2
413 718
1 14 2
219 446
1 8 2
539 775
1 8 2
3 777
1 12 2
197 576
1 12 2
69 277
1 17 2
646 736
1 5 2
245 588
1 7 2
138 493
1 12 2
266 601
1 16 2
707 710
1 7 2
794 799
1 6 2
17 659
1 9 2
293 669
1 13 2
345 526
1 4 2
436 570
1 13 2
518 783
1 12 2
101 339
1 4 2
200 560
1 4 2
6 640
1 10 2
83 367
1 17 2
115 396
1 16 2
5 13
1 20 2
33 82
1 8 2
120 301
1 11 2
246 788
1 16 2
101 115
1 13 2
157 608
1 10 2
378 645
1 17 2
714 736
1 5 2
394 478
1 6 2
400 775
1 11 2
106 203
1 16 2
625 665
1 16 2
169 624
1 6 2
207 559
1 10 2
220 324
1 11 2
189 545
1 13 2
355 508
1 16 2
66 741
1 10 2
726 786
1 15 2
37 321
1 14 2
59 526
1 7 2
8 505
1 13 2
211 576
1 9 2
39 780
1 9 2
493 667
1 7 2
32 246
1 8 2
228 377
1 12 2
250 568
1 15 2
131 751
1 6 2
116 219
1 12 2
313 579
1 7 2
195 608
1 6 2
75 186
1 5 2
311 387
1 10 2
658 691
1 13 2
219 740
1 7 2
12 199
1 3 2
299 422
1 5 2
402 495
1 14 2
98 637
1 8 2
180 582
1 4 2
140 374
1 8 2
334 445
1 10 2
630 755
1 11 2
518 613
1 4 2
269 473
1 14 2
589 639
1 18 2
265 615
1 11 2
124 487
1 18 2
115 719
1 17 2
74 751
1 12 2
667 688
1 15 2
458 667
1 13 2
127 661
1 12 2
490 628
1 8 2
42 423
1 5 2
559 739
1 8 2
566 689
1 16 2
11 48
1 6 2
533 700
1 13 2
83 450
1 17 2
320 761
1 18 2
708 719
1 11 2
275 490
1 12 2
37 64
1 13 2
421 476
1 12 2
85 753
1 10 2
228 357
1 17 2
106 121
1 16 2
307 711
1 15 2
265 597
1 9 2
45 539
1 3 2
381 501
1 13 2
219 763
1 13 2
419 766
1 5 2
284 508
1 9 2
56 82
1 18 2
106 721
1 17 2
653 738
1 18 2
427 573
1 11 2
160 585
1 14 2
253 254
1 13 2
162 718
1 8 2
533 544
1 9 2
300 643
1 13 2
55 70
1 8 2
155 468
1 9 2
410 645
1 10 2
20 107
1 7 2
83 795
1 10 2
33 260
1 20 2
295 780
1 13 2
232 313
1 9 2
208 420
1 8 2
648 752
1 12 2
83 420
1 8 2
411 529
1 16 2
419 517
1 11 2
486 712
1 2 2
485 574
1 10 2
146 457
1 8 2
363 741
1 6 2
70 125
1 8 2
447 489
1 15 2
690 767
1 18 2
74 183
1 17 2
33 733
1 15 2
74 741
1 6 2
131 303
1 10 2
418 543
1 14 2
374 625
1 17 2
779 792
1 8 2
168 529
1 11 2
186 411
1 10 2
335 484
1 9 2
63 480
1 17 2
60 307
1 6 2
298 611
1 12 2
632 751
1 4 2
539 713
1 11 2
172 675
1 7 2
105 233
1 12 2
112 511
1 9 2
148 585
1 5 2
175 249
1 8 2
211 680
1 15 2
489 738
1 16 2
70 751
1 16 2
617 670
1 9 2
261 624
1 2 2
178 283
1 13 2
122 411
1 12 2
150 653
1 12 2
109 757
1 19 2
294 761
1 19 2
719 770
1 7 2
84 425
1 8 2
207 384
1 13 2
72 579
1 3 2
337 747
1 9 2
59 619
1 12 2
158 431
1 10 2
517 785
1 18 2
70 352
1 10 2
219 775
1 11 2
76 138
1 13 2
295 343
1 20 2
74 93
1 18 2
106 653
1 13 2
484 583
1 3 2
229 231
1 9 2
386 721
1 10 2
162 289
1 9 2
107 676
1 8 2
263 315
1 15 2
205 711
1 8 2
136 728
1 8 2
259 683
1 6 2
231 562
1 15 2
603 610
1 20 2
295 653
1 14 2
40 729
1 7 2
313 538
1 9 2
8 634
1 11 2
103 312
1 11 2
647 670
1 7 2
90 268
1 8 2
65 470
1 12 2
243 621
1 12 2
194 225
1 14 2
596 782
1 10 2
59 424
1 12 2
707 729
1 8 2
122 188
1 8 2
312 630
1 7 2
374 486
1 8 2
326 543
1 7 2
123 275
1 13 2
115 490
1 10 2
83 472
1 4 2
31 546
1 19 2
201 432
1 13 2
11 572
1 12 2
211 280
1 11 2
434 737
1 10 2
324 515
1 13 2
33 593
1 16 2
53 182
1 7 2
497 514
1 12 2
17 741
1 8 2
717 777
1 16 2
266 767
1 4 2
170 632
1 13 2
572 779
1 12 2
35 778
1 9 2
396 469
1 14 2
359 764
1 9 2
477 634
1 17 2
50 405
1 5 2
179 496
1 19 2
66 667
1 10 2
73 302
1 19 2
694 756
1 18 2
718 756
1 16 2
399 718
1 20 2
85 294
1 8 2
564 706
1 11 2
37 281
1 11 2
694 700
1 12 2
533 712
1 14 2
240 548
1 19 2
430 757
1 17 2
66 238
1 13 2
131 281
1 9 2
65 155
1 7 2
26 84
1 16 2
199 405
1 9 2
221 355
1 7 2
448 650
1 19 2
161 338
1 5 2
282 495
1 9 2
488 660
1 7 2
200 738
1 17 2
405 610
1 10 2
60 400
1 9 2
93 151
1 7 2
177 552
1 9 2
18 552
1 7 2
507 556
1 8 2
116 252
1 13 2
161 480
1 14 2
603 740
1 9 2
279 345
1 2 2
12 567
1 9 2
500 758
1 18 2
385 646
1 17 2
515 718
1 5 2
177 485
1 8 2
72 379
1 19 2
82 251
1 4 2
167 173
1 11 2
50 109
1 12 2
281 783
1 6 2
68 193
1 7 2
397 799
1 12 2
330 615
1 12 2
369 629
1 16 2
345 625
1 3 2
242 341
1 7 2
418 482
1 4 2
181 584
1 9 2
367 792
1 5 2
272 399
1 15 2
165 474
1 12 2
108 344
1 18 2
66 524
1 8 2
350 552
1 19 2
98 554
1 7 2
31 698
1 15 2
122 321
1 8 2
753 781
1 4 2
174 470
1 5 2
475 565
1 19 2
201 687
1 9 2
365 457
1 5 2
218 414
1 15 2
82 494
1 17 2
411 757
1 15 2
158 239
1 10 2
75 792
1 16 2
252 289
1 16 2
219 286
1 16 2
388 489
1 10 2
313 367
1 15 2
185 226
1 8 2
429 651
1 13 2
370 518
1 10 2
369 690
1 15 2
252 547
1 5 2
257 331
1 5 2
669 673
1 7 2
397 660
1 9 2
484 598
1 16 2
190 240
1 11 2
323 737
1 6 2
76 607
1 14 2
63 205
1 13 2
556 634
1 14 2
275 339
1 14 2
21 718
1 11 2
360 691
1 7 2
279 600
1 5 2
244 436
1 10 2
18 460
1 16 2
169 726
1 18 2
90 265
1 3 2
23 89
1 18 2
158 733
1 6 2
688 725
1 12 2
701 756
1 12 2
51 711
1 11 2
543 689
1 14 2
21 201
1 10 2
678 709
1 13 2
344 596
1 3 2
443 790
1 13 2
426 634
1 11 2
194 614
1 17 2
734 738
1 9 2
247 419
1 6 2
475 493
1 3 2
38 660
1 16 2
201 370
1 17 2
182 750
1 15 2
613 727
1 10 2
522 648
1 9 2
5 377
1 7 2
3 588
1 7 2
165 528
1 13 2
308 572
1 8 2
373 582
1 15 2
756 788
1 10 2
239 508
1 6 2
356 605
1 8 2
210 626
1 10 2
240 369
1 5 2
296 771
1 13 2
460 471
1 16 2
214 382
1 15 2
124 137
1 8 2
581 712
1 11 2
182 267
1 8 2
23 760
1 19 2
201 779
1 11 2
339 535
1 14 2
252 685
1 9 2
281 730
1 11 2
8 761
1 12 2
165 281
1 10 2
75 191
1 13 2
338 494
1 19 2
396 653
1 8 2
98 283
1 12 2
597 794
1 9 2
462 464
1 14 2
111 783
1 13 2
70 728
1 8 2
155 208
1 18 2
427 432
1 7 2
104 455
1 11 2
36 693
1 11 2
385 418
1 15 2
97 294
1 10 2
9 702
1 5 2
188 380
1 16 2
325 430
1 10 2
576 797
1 12 2
329 549
1 10 2
183 372
1 12 2
98 330
1 14 2
63 274
1 6 2
142 213
1 5 2
319 701
1 11 2
262 312
1 19 2
226 714
1 11 2
438 727
1 9 2
619 719
1 4 2
420 752
1 13 2
121 426
1 4 2
21 754
1 14 2
45 265
1 5 2
400 425
1 13 2
64 183
1 8 2
756 773
1 15 2
17 721
1 14 2
323 465
1 9 2
23 740
1 10 2
525 670
1 11 2
380 661
1 12 2
75 721
1 8 2
360 460
1 14 2
250 737
1 8 2
382 498
1 6 2
185 578
1 12 2
280 794
1 13 2
628 640
1 12 2
327 634
1 4 2
206 673
1 11 2
250 302
1 20 2
154 334
1 9 2
245 710
1 16 2
307 603
1 9 2
524 580
1 17 2
11 280
1 9 2
551 645
1 12 2
207 736
1 16 2
307 355
1 11 2
254 318
1 4 2
29 202
1 1 2
47 762
1 6 2
543 570
1 6 2
298 688
1 8 2
160 451
1 5 2
138 234
1 11 2
232 454
1 15 2
55 307
1 3 2
47 342
1 10 2
228 414
1 15 2
355 589
1 8 2
65 279
1 11 2
517 704
1 13 2
344 603
1 8 2
562 749
1 17 2
465 733
1 11 2
70 563
1 10 2
566 742
1 13 2
335 351
1 4 2
283 686
1 8 2
457 505
1 7 2
2 723
1 13 2
48 193
1 11 2
67 191
1 16 2
710 761
1 12 2
109 628
1 11 2
26 59
1 14 2
264 690
1 5 2
6 228
1 7 2
181 548
1 9 2
63 79
1 20 2
117 648
1 12 2
465 614
1 9 2
318 639
1 14 2
349 508
1 8 2
539 702
1 10 2
702 741
1 13 2
715 763
1 14 2
396 592
1 6 2
681 753
1 6 2
400 551
1 16 2
59 308
1 16 2
55 161
1 18 2
210 694
1 9 2
91 434
1 14 2
280 792
1 10 2
295 529
1 5 2
527 559
1 6 2
71 256
1 8 2
400 613
1 4 2
491 584
1 10 2
223 395
1 12 2
263 632
1 8 2
81 156
1 15 2
453 613
1 11 2
385 673
1 11 2
263 564
1 8 2
344 377
1 10 2
216 786
1 12 2
387 694
1 14 2
412 456
1 17 2
280 721
1 7 2
358 551
1 17 2
687 710
1 10 2
280 495
1 7 2
504 708
1 15 2
201 450
1 10 2
489 696
1 4 2
431 784
1 9 2
248 470
1 9 2
427 530
1 7 2
347 621
1 16 2
157 345
1 14 2
108 481
1 11 2
630 788
1 15 2
503 760
1 7 2
147 335
1 14 2
351 688
1 12 2
103 248
1 12 2
286 407
1 12 2
404 755
1 5 2
73 309
1 8 2
3 305
1 10 2
96 544
1 11 2
345 769
1 11 2
158 486
1 12 2
273 798
1 11 2
440 543
1 9 2
461 512
1 18 2
641 737
1 19 2
396 489
1 9 2
80 705
1 12 2
42 420
1 11 2
280 356
1 20 2
214 294
1 14 2
281 694
1 11 2
419 636
1 9 2
45 95
1 5 2
49 257
1 7 2
185 368
1 7 2
285 761
1 8 2
410 512
1 12 2
346 556
1 6 2
162 477
1 14 2
334 562
1 3 2
328 442
1 10 2
3 250
1 9 2
681 738
1 14 2
153 562
1 8 2
162 330
1 16 2
576 583
1 12 2
121 635
1 3 2
222 237
1 19 2
117 294
1 14 2
48 355
1 18 2
275 780
1 12 2
117 436
1 16 2
458 629
1 14 2
84 153
1 14 2
262 767
1 7 2
237 327
1 12 2
323 708
1 12 2
225 484
1 13 2
308 420
1 19 2
121 334
1 6 2
448 557
1 16 2
355 690
1 10 2
69 639
1 11 2
23 92
1 13 2
533 615
1 13 2
90 639
1 4 2
680 732
1 10 2
64 635
1 15 2
613 641
1 15 2
50 476
1 18 2
13 111
1 11 2
179 711
1 13 2
418 708
1 5 2
76 469
1 2 2
270 504
1 3 2
244 469
1 3 2
159 598
1 18 2
153 715
1 9 2
135 648
1 15 2
217 241
1 7 2
67 748
1 11 2
706 783
1 8 2
480 688
1 12 2
34 201
1 7 2
552 639
1 12 2
459 726
1 10 2
464 782
1 10 2
332 794
1 12 2
120 154
1 17 2
289 334
1 12 2
349 356
1 18 2
359 515
1 3 2
304 762
1 9 2
305 709
1 6 2
65 81
1 16 2
90 456
1 7 2
29 714
1 6 2
237 652
1 17 2
256 757
1 14 2
361 474
1 5 2
268 599
1 6 2
167 207
1 14 2
124 393
1 4 2
249 722
1 19 2
33 690
1 6 2
10 459
1 12 2
15 460
1 20 2
719 734
1 19 2
90 629
1 9 2
63 606
1 17 2
265 439
1 15 2
20 727
1 11 2
266 369
1 8 2
244 792
1 12 2
562 798
1 13 2
205 741
1 11 2
154 477
1 5 2
315 467
1 5 2
371 450
1 10 2
163 509
1 15 2
256 506
1 8 2
235 674
1 3 2
304 550
1 9 2
213 783
1 9 2
424 457
1 12 2
314 474
1 10 2
586 661
1 10 2
624 723
1 9 2
109 421
1 13 2
163 475
1 9 2
62 346
1 8 2
115 732
1 11 2
518 540
1 9 2
383 636
1 12 2
563 750
1 8 2
17 789
1 7 2
635 793
1 8 2
378 729
1 10 2
160 490
1 10 2
387 756
1 6 2
3 552
1 4 2
209 563
1 7 2
250 317
1 4 2
447 683
1 12 2
391 426
1 12 2
210 374
1 14 2
185 576
1 7 2
8 175
1 12 2
655 748
1 10 2
382 440
1 11 2
210 536
1 7 2
329 363
1 8 2
143 163
1 5 2
639 752
1 6 2
65 580
1 9 2
201 328
1 19 2
624 694
1 15 2
30 295
1 19 2
11 770
1 16 2
396 767
1 13 2
376 517
1 12 2
329 728
1 11 2
124 253
1 12 2
177 667
1 11 2
589 632
1 20 2
286 292
1 13 2
190 729
1 7 2
644 736
1 14 2
518 610
1 11 2
357 500
1 11 2
177 728
1 7 2
195 356
1 12 2
97 711
1 7 2
498 521
1 12 2
518 741
1 12 2
251 563
1 17 2
471 609
1 19 2
648 734
1 18 2
163 554
1 8 2
208 480
1 15 2
301 776
1 16 2
42 85
1 12 2
269 610
1 14 2
489 689
1 12 2
83 749
1 8 2
387 474
1 19 2
93 727
1 4 2
496 753
1 13 2
276 693
1 15 2
232 708
1 9 2
327 674
1 7 2
79 155
1 15 2
108 396
1 12 2
111 601
1 9 2
171 228
1 7 2
16 512
1 7 2
254 510
1 17 2
194 694
1 8 2
241 595
1 7 2
557 642
1 13 2
535 755
1 8 2
0 712
1 10 2
172 704
1 10 2
80 613
1 18 2
307 757
1 11 2
526 642
1 5 2
490 785
1 7 2
212 229
1 14 2
111 160
1 7 2
98 587
1 12 2
251 684
1 13 2
186 653
1 7 2
57 191
1 14 2
112 262
1 15 2
239 503
1 12 2
240 601
1 14 2
163 329
1 9 2
604 653
1 11 2
590 646
1 9 2
48 525
1 10 2
210 223
1 3 2
229 317
1 11 2
52 653
1 13 2
76 655
1 14 2
662 694
1 11 2
601 766
1 9 2
46 782
1 14 2
5 715
1 16 2
359 766
1 8 2
537 726
1 15 2
160 456
1 14 2
93 344
1 5 2
233 509
1 15 2
634 733
1 3 2
620 638
1 17 2
129 161
1 12 2
83 533
1 5 2
594 636
1 13 2
55 63
1 9 2
74 196
1 19 2
106 770
1 15 2
13 18
1 9 2
109 512
1 15 2
251 738
1 15 2
718 781
1 16 2
193 653
1 7 2
411 567
1 17 2
359 456
1 13 2
287 694
1 18 2
393 736
1 15 2
596 633
1 12 2
698 707
1 4 2
34 607
1 17 2
294 526
1 16 2
583 625
1 9 2
30 279
1 11 2
65 766
1 14 2
5 597
1 12 2
214 410
1 13 2
592 634
1 8 2
239 311
1 10 2
122 666
1 12 2
183 579
1 11 2
533 597
1 14 2
783 788
1 12 2
334 600
1 12 2
240 273
1 10 2
17 562
1 12 2
414 481
1 12 2
280 674
1 12 2
42 185
1 10 2
220 793
1 8 2
697 714
1 10 2
118 689
1 9 2
362 641
1 7 2
300 480
1 8 2
21 119
1 11 2
177 741
1 10 2
42 575
1 8 2
507 714
1 17 2
334 487
1 7 2
81 382
1 10 2
527 724
1 7 2
8 470
1 13 2
287 708
1 9 2
20 684
1 15 2
17 432
1 4 2
330 379
1 13 2
203 757
1 20 2
33 625
1 17 2
715 718
1 9 2
88 208
1 11 2
703 715
1 9 2
92 746
1 9 2
431 591
1 14 2
18 741
1 17 2
98 583
1 12 2
65 256
1 12 2
169 422
1 7 2
18 61
1 9 2
493 711
1 7 2
206 715
1 10 2
543 650
1 7 2
148 636
1 16 2
393 526
1 11 2
311 757
1 10 2
404 449
1 7 2
557 764
1 12 2
24 321
1 10 2
470 738
1 12 2
97 738
1 11 2
654 666
1 14 2
543 707
1 15 2
103 137
1 4 2
170 372
1 3 2
32 771
1 9 2
550 798
1 9 2
3 769
1 5 2
369 538
1 10 2
527 634
1 9 2
388 748
1 9 2
226 546
1 12 2
23 471
1 12 2
225 737
1 3 2
68 560
1 18 2
182 648
1 12 2
84 292
1 8 2
100 633
1 12 2
94 384
1 9 2
280 373
1 16 2
169 582
1 6 2
145 556
1 10 2
67 348
1 10 2
108 686
1 10 2
531 599
1 15 2
314 690
1 5 2
213 279
1 7 2
30 218
1 17 2
275 624
1 10 2
100 252
1 9 2
240 477
1 15 2
256 767
1 15 2
129 633
1 6 2
108 510
1 12 2
633 703
1 4 2
337 604
1 9 2
191 442
1 12 2
324 393
1 13 2
271 406
1 11 2
205 207
1 11 2
255 307
1 11 2
313 662
1 9 2
251 784
1 11 2
406 505
1 8 2
329 522
1 15 2
115 466
1 16 2
183 349
1 12 2
685 690
1 13 2
50 73
1 12 2
450 624
1 6 2
71 487
1 12 2
548 701
1 12 2
201 367
1 18 2
355 359
1 7 2
186 531
1 13 2
641 717
1 15 2
385 583
1 7 2
91 697
1 5 2
360 375
1 12 2
106 107
1 15 2
240 741
1 15 2
2 226
1 15 2
48 121
1 10 2
320 428
1 7 2
109 300
1 8 2
510 750
1 17 2
182 712
1 9 2
515 700
1 10 2
457 674
1 11 2
521 558
1 13 2
15 685
1 15 2
458 740
1 7 2
136 388
1 12 2
236 712
1 8 2
125 359
1 12 2
566 654
1 11 2
525 718
1 6 2
433 774
1 7 2
39 466
1 4 2
649 759
1 14 2
582 751
1 6 2
202 660
1 15 2
9 115
1 7 2
14 665
1 6 2
335 394
1 14 2
189 573
1 3 2
386 423
1 16 2
456 690
1 7 2
75 521
1 11 2
148 348
1 20 2
40 199
1 6 2
57 220
1 17 2
183 506
1 5 2
65 68
1 10 2
767 793
1 15 2
122 648
1 19 2
11 489
1 10 2
467 508
1 9 2
220 394
1 15 2
653 763
1 7 2
461 611
1 10 2
404 684
1 9 2
11 196
1 13 2
250 264
1 10 2
104 331
1 14 2
129 726
1 4 2
587 701
1 12 2
468 576
1 12 2
562 750
1 16 2
92 205
1 9 2
386 465
1 11 2
94 598
1 7 2
427 644
1 9 2
365 585
1 10 2
9 639
1 9 2
229 610
1 13 2
293 301
1 9 2
275 594
1 11 2
462 781
1 11 2
293 310
1 19 2
82 779
1 17 2
214 733
1 10 2
323 515
1 14 2
441 741
1 9 2
178 694
1 5 2
492 701
1 8 2
411 594
1 7 2
203 384
1 10 2
176 699
1 9 2
59 433
1 8 2
612 742
1 8 2
510 776
1 8 2
206 798
1 6 2
67 141
1 6 2
308 713
1 9 2
29 628
1 20 2
437 625
1 15 2
339 573
1 8 2
179 689
1 12 2
194 539
1 6 2
602 674
1 18 2
653 798
1 16 2
70 396
1 17 2
121 240
1 3 2
288 493
1 5 2
414 602
1 8 2
433 535
1 9 2
591 793
1 11 2
358 708
1 11 2
109 121
1 13 2
3 169
1 5 2
381 635
1 4 2
525 784
1 7 2
216 529
1 6 2
0 419
1 8 2
37 502
1 12 2
376 458
1 18 2
252 690
1 9 2
169 317
1 11 2
411 720
1 10 2
92 139
1 20 2
161 201
1 15 2
327 625
1 10 2
731 785
1 10 2
365 548
1 17 2
254 263
1 7 2
218 543
1 9 2
380 783
1 14 2
489 511
1 8 2
41 146
1 9 2
119 138
1 12 2
121 420
1 9 2
102 439
1 13 2
420 481
1 4 2
29 636
1 9 2
432 561
1 18 2
430 712
1 13 2
454 615
1 10 2
356 740
1 17 2
70 432
1 6 2
32 674
1 6 2
136 531
1 7 2
364 655
1 11 2
506 598
1 11 2
279 576
1 9 2
329 424
1 11 2
255 573
1 10 2
167 183
1 16 2
250 266
1 15 2
108 573
1 12 2
312 526
1 15 2
11 582
1 16 2
94 691
1 3 2
46 620
1 6 2
379 476
1 13 2
514 684
1 5 2
47 532
1 4 2
134 730
1 16 2
74 253
1 6 2
198 585
1 13 2
112 652
1 6 2
179 223
1 14 2
514 636
1 9 2
375 712
1 5 2
271 618
1 8 2
144 376
1 12 2
275 729
1 10 2
548 704
1 14 2
190 547
1 18 2
465 583
1 5 2
44 447
1 10 2
625 784
1 12 2
667 760
1 20 2
106 153
1 8 2
586 769
1 11 2
628 672
1 8 2
231 396
1 9 2
157 375
1 9 2
554 669
1 12 2
49 240
1 16 2
48 117
1 19 2
191 721
1 14 2
83 556
1 12 2
83 246
1 8 2
219 552
1 14 2
199 466
1 8 2
475 511
1 12 2
396 575
1 8 2
63 257
1 7 2
45 557
1 9 2
36 608
1 13 2
156 643
1 7 2
97 697
1 18 2
168 201
1 9 2
322 468
1 5 2
134 729
1 16 2
20 712
1 5 2
468 620
1 15 2
635 718
1 10 2
333 535
1 9 2
281 365
1 5 2
73 288
1 8 2
27 631
1 8 2
258 347
1 10 2
318 755
1 15 2
210 547
1 18 2
53 82
1 19 2
217 731
1 11 2
17 306
1 11 2
165 658
1 13 2
258 434
1 13 2
314 792
1 5 2
269 326
1 9 2
568 636
1 16 2
33 429
1 9 2
175 418
1 5 2
469 475
1 15 2
27 191
1 11 2
64 676
1 7 2
46 500
1 10 2
4 334
1 10 2
321 704
1 10 2
262 300
1 10 2
439 722
1 5 2
570 585
1 19 2
15 286
1 8 2
37 773
1 17 2
165 699
1 10 2
384 487
1 12 2
500 665
1 12 2
262 592
1 15 2
112 391
1 9 2
2 540
1 6 2
310 438
1 8 2
104 472
1 8 2
275 435
1 5 2
271 784
1 14 2
106 781
1 13 2
111 763
1 8 2
63 651
1 4 2
365 627
1 4 2
362 753
1 6 2
114 440
1 10 2
506 623
1 19 2
352 453
1 5 2
144 598
1 13 2
42 769
1 11 2
683 767
1 6 2
279 606
1 14 2
487 524
1 9 2
50 538
1 9 2
290 457
1 8 2
171 494
1 8 2
279 376
1 8 2
125 286
1 18 2
274 721
1 14 2
709 719
1 12 2
376 589
1 18 2
385 668
1 15 2
60 582
1 7 2
248 695
1 19 2
82 710
1 11 2
239 676
1 4 2
81 502
1 6 2
358 745
1 12 2
642 733
1 9 2
189 197
1 12 2
124 603
1 13 2
93 179
1 16 2
50 517
1 2 2
284 417
1 12 2
199 461
1 15 2
426 615
1 13 2
361 511
1 11 2
94 195
1 12 2
287 634
1 11 2
348 575
1 12 2
96 791
1 6 2
408 589
1 13 2
637 757
1 12 2
325 388
1 16 2
253 757
1 10 2
327 794
1 18 2
165 190
1 19 2
393 430
1 14 2
383 693
1 8 2
7 470
1 5 2
45 496
1 7 2
446 523
1 7 2
196 420
1 7 2
0 736
1 7 2
479 711
1 18 2
183 721
1 16 2
412 779
1 9 2
101 444
1 5 2
14 657
1 6 2
381 579
1 5 2
127 204
1 19 2
286 553
1 15 2
183 484
1 17 2
350 471
1 11 2
201 669
1 6 2
204 259
1 13 2
55 558
1 10 2
138 635
1 5 2
324 443
1 7 2
373 566
1 12 2
99 276
1 16 2
714 788
1 15 2
60 205
1 4 2
139 627
1 15 2
50 250
1 13 2
356 621
1 8 2
413 456
1 11 2
105 344
1 13 2
482 514
1 7 2
445 489
1 16 2
161 212
1 12 2
183 575
1 9 2
490 556
1 11 2
361 775
1 10 2
48 422
1 14 2
535 687
1 18 2
338 465
1 8 2
385 509
1 18 2
82 724
1 15 2
226 794
1 10 2
36 703
1 10 2
348 681
1 10 2
434 548
1 6 2
260 376
1 17 2
106 405
1 18 2
72 74
1 13 2
94 764
1 4 2
310 581
1 6 2
120 464
1 8 2
89 628
1 18 2
83 679
1 12 2
397 667
1 16 2
13 711
1 8 2
127 675
1 8 2
318 511
1 9 2
131 221
1 17 2
306 437
1 12 2
26 307
1 8 2
475 533
1 10 2
205 575
1 6 2
376 789
1 6 2
123 212
1 9 2
138 495
1 13 2
275 397
1 10 2
172 758
1 4 2
477 550
1 14 2
106 462
1 6 2
314 485
1 19 2
252 610
1 7 2
656 698
1 14 2
250 349
1 7 2
198 591
1 6 2
478 490
1 2 2
272 416
1 18 2
624 776
1 18 2
93 757
1 16 2
292 783
1 6 2
125 582
1 8 2
531 566
1 4 2
527 620
1 2 2
510 649
1 19 2
576 615
1 14 2
18 361
1 15 2
476 589
1 11 2
106 600
1 5 2
312 510
1 13 2
201 323
1 8 2
608 680
1 3 2
237 242
1 12 2
48 97
1 8 2
283 670
1 17 2
191 798
1 3 2
445 672
1 12 2
27 273
1 4 2
255 381
1 14 2
514 585
1 11 2
228 579
1 11 2
2 329
1 13 2
624 760
1 6 2
234 599
1 15 2
250 471
1 12 2
650 693
1 3 2
223 299
1 6 2
315 508
1 15 2
307 716
1 10 2
338 656
1 7 2
81 500
1 4 2
459 497
1 3 2
257 381
1 18 2
719 779
1 12 2
318 736
1 14 2
457 733
1 13 2
382 488
1 13 2
137 764
1 2 2
282 485
1 13 2
185 313
1 11 2
281 487
1 7 2
14 404
1 15 2
250 778
1 9 2
313 546
1 4 2
170 177
1 12 2
263 658
1 8 2
643 748
1 11 2
314 468
1 13 2
99 241
1 19 2
721 798
1 9 2
339 642
1 10 2
198 646
1 11 2
18 124
1 12 2
457 545
1 9 2
122 636
1 15 2
306 453
1 12 2
156 470
1 11 2
316 598
1 13 2
45 617
1 12 2
544 691
1 8 2
306 602
1 7 2
535 619
1 7 2
329 398
1 6 2
53 735
1 15 2
115 741
1 9 2
319 641
1 12 2
418 736
1 7 2
324 666
1 14 2
390 641
1 6 2
640 787
1 14 2
248 690
1 14 2
33 69
1 6 2
560 562
1 9 2
101 424
1 10 2
40 261
1 5 2
32 171
1 7 2
90 616
1 12 2
63 388
1 8 2
24 460
1 13 2
235 726
1 13 2
429 715
1 13 2
189 577
1 13 2
262 583
1 16 2
214 339
1 9 2
207 511
1 9 2
699 785
1 17 2
253 286
1 18 2
165 779
1 11 2
23 210
1 13 2
453 460
1 16 2
183 385
1 13 2
421 458
1 11 2
203 396
1 16 2
576 577
1 6 2
8 424
1 18 2
308 625
1 14 2
376 395
1 15 2
441 751
1 12 2
137 236
1 14 2
518 736
1 15 2
106 138
1 10 2
21 382
1 10 2
395 425
1 14 2
161 608
1 4 2
398 584
1 10 2
357 556
1 2 2
143 187
1 14 2
64 628
1 12 2
179 254
1 12 2
201 444
1 15 2
91 263
1 14 2
312 653
1 16 2
262 776
1 7 2
212 483
1 16 2
193 615
1 2 2
68 622
1 7 2
505 675
1 16 2
48 779
1 9 2
53 681
1 15 2
96 254
1 16 2
122 655
1 17 2
776 783
1 3 2
56 342
1 5 2
200 422
1 8 2
482 585
1 17 2
316 719
1 12 2
572 792
1 7 2
34 613
1 6 2
454 501
1 4 2
773 799
1 7 2
105 167
1 11 2
372 615
1 8 2
112 423
1 12 2
441 575
1 6 2
24 552
1 8 2
311 583
1 10 2
357 512
1 10 2
161 493
1 17 2
484 776
1 8 2
22 142
1 10 2
562 709
1 7 2
257 763
1 4 2
29 575
1 7 2
495 640
1 8 2
168 659
1 9 2
194 541
1 11 2
18 706
1 18 2
395 517
1 11 2
474 643
1 17 2
396 687
1 18 2
432 481
1 16 2
654 766
1 8 2
397 516
1 6 2
590 652
1 4 2
148 504
1 17 2
427 767
1 8 2
469 667
1 5 2
230 324
1 11 2
220 332
1 4 2
373 590
1 9 2
334 580
1 9 2
569 648
1 13 2
193 256
1 13 2
750 764
1 7 2
202 431
1 17 2
628 767
1 14 2
131 262
1 4 2
162 469
1 13 2
26 646
1 7 2
244 300
1 5 2
7 452
1 12 2
384 396
1 2 2
483 682
1 15 2
254 577
1 11 2
34 621
1 18 2
503 624
1 17 2
503 714
1 14 2
532 621
1 11 2
396 544
1 4 2
319 410
1 7 2
20 415
1 9 2
359 402
1 3 2
132 507
1 7 2
423 429
1 11 2
55 613
1 15 2
327 679
1 10 2
317 359
1 12 2
131 729
1 12 2
55 596
1 4 2
67 134
1 12 2
185 344
1 10 2
281 508
1 10 2
107 185
1 13 2
27 287
1 16 2
43 439
1 3 2
126 567
1 13 2
654 760
1 10 2
223 726
1 6 2
291 763
1 19 2
161 798
1 4 2
159 683
1 4 2
271 649
1 11 2
404 613
1 10 2
19 332
1 9 2
156 541
1 9 2
621 744
1 17 2
316 432
1 15 2
639 776
1 5 2
151 374
1 10 2
63 505
1 19 2
396 648
1 9 2
119 742
1 8 2
287 748
1 11 2
286 335
1 16 2
185 694
1 5 2
52 431
1 12 2
43 490
1 16 2
476 481
1 5 2
150 618
1 12 2
335 453
1 8 2
511 533
1 8 2
478 579
1 9 2
248 521
1 3 2
22 89
1 14 2
2 553
1 7 2
362 506
1 12 2
265 475
1 9 2
550 615
1 8 2
431 457
1 10 2
155 515
1 16 2
190 338
1 13 2
82 791
1 8 2
261 724
1 19 2
115 625
1 13 2
13 197
1 10 2
344 468
1 10 2
399 630
1 9 2
314 564
1 10 2
154 784
1 14 2
129 549
1 4 2
188 304
1 8 2
311 500
1 9 2
32 42
1 9 2
238 664
1 14 2
582 711
1 13 2
490 646
1 12 2
55 512
1 15 2
783 798
1 14 2
20 286
1 9 2
335 346
1 4 2
126 773
1 8 2
176 500
1 5 2
285 794
1 6 2
1 397
1 14 2
55 667
1 9 2
611 763
1 12 2
121 318
1 6 2
35 229
1 12 2
24 624
1 7 2
429 789
1 13 2
667 703
1 11 2
85 749
1 5 2
91 149
1 12 2
359 723
1 12 2
266 722
1 10 2
229 653
1 11 2
323 484
1 16 2
90 782
1 5 2
202 242
1 16 2
405 782
1 10 2
98 799
1 18 2
275 292
1 11 2
154 451
1 6 2
236 486
1 9 2
195 582
1 15 2
361 714
1 15 2
294 344
1 7 2
400 749
1 18 2
265 757
1 11 2
337 770
1 16 2
94 441
1 3 2
438 627
1 11 2
543 781
1 15 2
429 430
1 16 2
220 432
1 8 2
262 442
1 12 2
67 292
1 9 2
24 91
1 5 2
204 650
1 13 2
158 418
1 7 2
487 529
1 11 2
248 572
1 7 2
417 582
1 4 2
364 777
1 11 2
547 599
1 16 2
157 728
1 10 2
402 406
1 16 2
193 708
1 9 2
281 468
1 5 2
204 662
1 14 2
635 721
1 5 2
81 203
1 18 2
137 719
1 8 2
248 422
1 10 2
84 216
1 15 2
690 724
1 14 2
613 757
1 7 2
542 554
1 14 2
301 694
1 19 2
294 690
1 3 2
581 584
1 19 2
251 471
1 16 2
240 321
1 8 2
152 220
1 10 2
290 361
1 8 2
105 337
1 7 2
323 730
1 8 2
424 470
1 10 2
124 185
1 3 2
223 297
1 11 2
217 482
1 10 2
337 751
1 10 2
23 83
1 13 2
118 621
1 13 2
251 420
1 14 2
160 726
1 12 2
708 759
1 17 2
355 573
1 8 2
66 796
1 7 2
330 630
1 12 2
154 203
1 14 2
338 412
1 9 2
73 330
1 12 2
486 731
1 14 2
468 471
1 7 2
185 375
1 6 2
143 737
1 8 2
15 567
1 14 2
426 779
1 2 2
501 752
1 16 2
411 615
1 13 2
731 753
1 8 2
531 688
1 12 2
307 722
1 12 2
80 592
1 6 2
4 302
1 8 2
492 691
1 9 2
60 651
1 3 2
299 739
1 7 2
310 593
1 9 2
488 722
1 9 2
539 643
1 2 2
54 528
1 10 2
52 266
1 4 2
538 590
1 12 2
378 427
1 13 2
207 471
1 8 2
49 460
1 11 2
296 421
1 10 2
235 391
1 17 2
66 665
1 7 2
192 274
1 8 2
538 792
1 10 2
420 547
1 20 2
161 265
1 12 2
312 576
1 7 2
466 604
1 11 2
37 148
1 11 2
419 702
1 16 2
154 474
1 12 2
348 611
1 17 2
63 653
1 13 2
9 761
1 11 2
99 585
1 10 2
181 655
1 12 2
59 276
1 11 2
24 736
1 9 2
336 520
1 6 2
659 729
1 8 2
711 768
1 17 2
191 258
1 9 2
50 502
1 14 2
138 691
1 12 2
112 674
1 14 2
526 767
1 19 2
165 625
1 10 2
74 428
1 7 2
627 667
1 13 2
112 611
1 2 2
542 569
1 13 2
534 667
1 10 2
480 515
1 9 2
279 382
1 19 2
15 33
1 15 2
82 760
1 11 2
208 518
1 11 2
729 788
1 10 2
339 454
1 12 2
20 105
1 5 2
105 285
1 8 2
350 536
1 7 2
222 617
1 7 2
5 649
1 18 2
280 514
1 14 2
92 706
1 18 2
70 465
1 14 2
527 770
1 12 2
115 673
1 4 2
52 181
1 14 2
240 484
1 15 2
190 545
1 10 2
269 624
1 15 2
190 738
1 6 2
310 380
1 11 2
83 563
1 11 2
74 765
1 9 2
11 398
1 9 2
520 534
1 5 2
7 140
1 9 2
16 691
1 8 2
19 759
1 10 2
122 544
1 10 2
334 768
1 5 2
298 683
1 19 2
553 718
1 16 2
42 648
1 19 2
349 780
1 2 2
215 695
1 9 2
318 454
1 15 2
59 264
1 8 2
82 403
1 8 2
378 662
1 11 2
172 331
1 10 2
518 791
1 4 2
222 605
1 6 2
211 787
1 13 2
129 474
1 5 2
213 414
1 7 2
527 601
1 13 2
48 547
1 5 2
683 696
1 15 2
406 462
1 10 2
438 782
1 4 2
312 713
1 19 2
72 82
1 17 2
33 70
1 6 2
519 640
1 19 2
90 503
1 6 2
662 785
1 8 2
309 770
1 10 2
320 400
1 17 2
55 465
1 6 2
21 638
1 5 2
301 364
1 5 2
189 790
1 14 2
91 610
1 14 2
323 359
1 8 2
404 519
1 13 2
253 345
1 13 2
294 600
1 10 2
63 390
1 18 2
66 253
1 12 2
7 596
1 12 2
3 90
1 10 2
55 267
1 14 2
300 653
1 6 2
400 672
1 17 2
169 172
1 6 2
255 647
1 18 2
338 712
1 8 2
385 651
1 15 2
129 182
1 10 2
172 221
1 6 2
181 378
1 11 2
225 457
1 9 2
193 593
1 14 2
137 329
1 13 2
490 727
1 7 2
236 759
1 15 2
351 568
1 11 2
227 458
1 4 2
445 729
1 13 2
266 273
1 14 2
33 730
1 10 2
390 741
1 13 2
534 736
1 9 2
220 493
1 5 2
347 688
1 10 2
199 472
1 9 2
76 490
1 12 2
31 629
1 10 2
393 765
1 6 2
162 552
1 6 2
174 253
1 18 2
199 517
1 17 2
158 205
1 8 2
221 526
1 8 2
643 698
1 10 2
160 460
1 5 2
238 754
1 8 2
73 675
1 13 2
193 526
1 15 2
18 111
1 8 2
512 664
1 6 2
48 284
1 7 2
314 366
1 10 2
343 457
1 11 2
119 411
1 6 2
232 389
1 3 2
126 192
1 8 2
1 5
1 10 2
370 698
1 16 2
603 648
1 4 2
198 451
1 8 2
71 780
1 11 2
95 634
1 9 2
171 322
1 10 2
167 668
1 8 2
17 797
1 2 2
496 649
1 16 2
48 210
1 9 2
240 590
1 4 2
616 635
1 12 2
441 717
1 18 2
169 621
1 8 2
360 551
1 6 2
541 579
1 9 2
483 731
1 11 2
84 526
1 10 2
759 782
1 9 2
119 383
1 8 2
114 512
1 11 2
775 798
1 12 2
11 127
1 4 2
279 796
1 12 2
325 419
1 8 2
61 573
1 6 2
20 192
1 12 2
376 711
1 8 2
142 207
1 14 2
80 648
1 9 2
440 601
1 7 2
49 202
1 4 2
638 704
1 7 2
563 647
1 9 2
158 229
1 14 2
334 764
1 11 2
460 462
1 11 2
262 685
1 12 2
48 459
1 16 2
172 726
1 7 2
229 592
1 10 2
24 728
1 13 2
208 489
1 10 2
724 786
1 13 2
131 515
1 17 2
112 320
1 9 2
106 428
1 19 2
199 648
1 20 2
465 615
1 17 2
40 306
1 8 2
672 709
1 3 2
116 700
1 14 2
137 702
1 13 2
254 314
1 4 2
315 335
1 8 2
110 214
1 12 2
168 312
1 6 2
407 422
1 12 2
374 767
1 15 2
82 613
1 2 2
473 616
1 4 2
38 147
1 15 2
17 292
1 16 2
156 264
1 15 2
393 412
1 16 2
161 755
1 6 2
26 799
1 4 2
247 473
1 9 2
381 734
1 6 2
534 604
1 9 2
572 729
1 10 2
244 615
1 5 2
409 612
1 3 2
139 570
1 14 2
104 741
1 17 2
395 405
1 11 2
395 505
1 12 2
424 707
1 8 2
204 699
1 10 2
647 763
1 18 2
106 576
1 19 2
514 750
1 6 2
216 303
1 5 2
39 793
1 8 2
314 656
1 6 2
81 322
1 4 2
204 244
1 5 2
380 664
1 13 2
227 252
1 15 2
228 293
1 11 2
421 794
1 13 2
329 711
1 12 2
11 107
1 13 2
90 637
1 9 2
229 798
1 13 2
318 641
1 11 2
30 80
1 9 2
190 375
1 9 2
239 372
1 15 2
548 648
1 13 2
514 673
1 13 2
106 118
1 8 2
302 630
1 6 2
160 283
1 5 2
530 544
1 10 2
18 705
1 4 2
234 372
1 16 2
43 289
1 9 2
438 738
1 8 2
326 740
1 8 2
682 780
1 12 2
248 474
1 10 2
307 552
1 17 2
395 503
1 6 2
196 227
1 10 2
160 702
1 6 2
23 722
1 10 2
193 555
1 11 2
19 466
1 5 2
604 688
1 12 2
2 289
1 6 2
104 272
1 3 2
16 57
1 18 2
393 679
1 9 2
556 557
1 8 2
2 598
1 4 2
127 215
1 11 2
157 368
1 9 2
307 574
1 15 2
168 603
1 3 2
279 735
1 13 2
148 214
1 10 2
516 756
1 14 2
250 280
1 14 2
106 513
1 9 2
205 431
1 15 2
306 653
1 13 2
450 610
1 5 2
375 683
1 7 2
31 45
1 5 2
468 744
1 11 2
329 370
1 15 2
488 778
1 2 2
317 408
1 8 2
7 195
1 12 2
687 753
1 9 2
213 667
1 17 2
241 294
1 18 2
252 293
1 13 2
193 733
1 8 2
277 326
1 9 2
507 718
1 5 2
491 555
1 6 2
88 261
1 8 2
145 489
1 14 2
42 64
1 15 2
212 736
1 10 2
262 601
1 13 2
694 749
1 13 2
356 734
1 18 2
137 316
1 9 2
175 686
1 7 2
32 652
1 11 2
129 148
1 10 2
43 425
1 9 2
129 602
1 9 2
30 179
1 8 2
555 685
1 14 2
122 280
1 10 2
55 671
1 16 2
334 634
1 8 2
215 661
1 11 2
376 728
1 19 2
66 736
1 6 2
31 704
1 11 2
449 711
1 10 2
511 742
1 9 2
437 479
1 12 2
212 228
1 10 2
204 615
1 18 2
33 316
1 5 2
139 443
1 8 2
663 719
1 20 2
40 92
1 11 2
385 671
1 13 2
104 238
1 10 2
405 723
1 11 2
516 737
1 12 2
359 464
1 8 2
769 774
1 10 2
480 782
1 13 2
488 783
1 12 2
153 342
1 12 2
228 665
1 16 2
27 481
1 7 2
70 319
1 7 2
424 593
1 15 2
266 609
1 5 2
704 787
1 9 2
26 420
1 13 2
72 312
1 8 2
57 115
1 10 2
19 118
1 11 2
431 646
1 8 2
313 744
1 15 2
334 457
1 9 2
199 443
1 4 2
120 215
1 14 2
524 547
1 11 2
22 137
1 17 2
441 719
1 5 2
287 626
1 13 2
390 655
1 7 2
19 198
1 19 2
263 489
1 15 2
518 624
1 10 2
618 798
1 10 2
22 289
1 14 2
30 458
1 10 2
376 585
1 15 2
131 280
1 7 2
156 445
1 11 2
48 674
1 8 2
742 765
1 15 2
60 350
1 8 2
45 114
1 5 2
23 509
1 8 2
119 227
1 11 2
101 332
1 7 2
76 482
1 12 2
405 642
1 12 2
201 774
1 2 2
315 772
1 8 2
193 326
1 9 2
585 608
1 18 2
50 214
1 9 2
325 704
1 12 2
117 650
1 9 2
662 698
1 12 2
49 191
1 7 2
166 695
1 8 2
298 792
1 12 2
656 776
1 16 2
474 641
1 14 2
172 220
1 7 2
22 764
1 9 2
15 135
1 7 2
255 611
1 18 2
355 514
1 10 2
498 633
1 13 2
98 107
1 12 2
376 487
1 12 2
112 148
1 10 2
101 611
1 6 2
46 531
1 6 2
391 692
1 7 2
575 671
1 8 2
476 627
1 16 2
548 621
1 15 2
212 321
1 12 2
547 617
1 7 2
119 290
1 17 2
633 661
1 3 2
180 627
1 13 2
331 625
1 11 2
70 702
1 9 2
122 498
1 6 2
76 768
1 15 2
295 518
1 6 2
333 552
1 9 2
517 768
1 19 2
727 750
1 15 2
264 453
1 10 2
418 421
1 16 2
295 645
1 9 2
519 710
1 15 2
307 526
1 10 2
500 632
1 7 2
145 549
1 6 2
305 431
1 11 2
316 333
1 6 2
387 650
1 16 2
98 250
1 11 2
277 378
1 14 2
27 715
1 11 2
292 774
1 13 2
500 545
1 14 2
235 352
1 5 2
62 188
1 5 2
499 705
1 10 2
42 722
1 8 2
467 636
1 8 2
285 316
1 7 2
508 529
1 9 2
217 787
1 13 2
18 314
1 3 2
497 612
1 11 2
332 385
1 9 2
25 168
1 10 2
202 792
1 6 2
537 716
1 14 2
21 628
1 11 2
73 515
1 16 2
274 395
1 13 2
69 321
1 11 2
429 613
1 5 2
323 473
1 10 2
245 359
1 6 2
433 678
1 9 2
472 617
1 12 2
190 640
1 10 2
398 757
1 19 2
169 286
1 20 2
641 712
1 11 2
111 269
1 9 2
190 204
1 9 2
573 594
1 12 2
137 141
1 5 2
622 635
1 11 2
226 433
1 12 2
278 665
1 18 2
201 446
1 19 2
106 295
1 7 2
415 474
1 17 2
106 699
1 10 2
256 678
1 5 2
565 585
1 13 2
345 733
1 13 2
295 572
1 10 2
648 797
1 14 2
280 738
1 6 2
638 777
1 6 2
474 677
1 11 2
66 660
1 8 2
515 669
1 13 2
94 791
1 7 2
12 320
1 16 2
210 275
1 7 2
103 282
1 7 2
421 435
1 7 2
64 499
1 12 2
227 761
1 7 2
178 346
1 9 2
298 361
1 9 2
67 462
1 5 2
176 461
1 10 2
8 782
1 7 2
57 545
1 16 2
212 481
1 11 2
210 482
1 13 2
359 759
1 2 2
58 354
1 8 2
210 483
1 16 2
548 750
1 14 2
545 707
1 5 2
151 323
1 15 2
693 699
1 8 2
377 783
1 18 2
439 721
1 7 2
296 557
1 11 2
166 540
1 20 2
453 648
1 5 2
493 552
1 7 2
236 475
1 8 2
182 213
1 16 2
476 554
1 13 2
248 262
1 10 2
304 721
1 16 2
603 667
1 10 2
451 780
1 15 2
329 778
1 12 2
50 764
1 4 2
261 387
1 10 2
181 610
1 19 2
201 427
1 3 2
176 747
1 17 2
42 750
1 6 2
202 448
1 9 2
124 418
1 8 2
50 479
1 12 2
137 356
1 6 2
31 774
1 17 2
471 526
1 15 2
137 383
1 5 2
369 619
1 11 2
259 350
1 13 2
355 716
1 15 2
286 325
1 10 2
372 466
1 14 2
105 726
1 8 2
344 758
1 4 2
491 765
1 12 2
122 484
1 7 2
48 209
1 9 2
21 643
1 5 2
329 340
1 9 2
294 463
1 11 2
314 397
1 9 2
328 471
1 9 2
36 637
1 7 2
632 675
1 18 2
577 694
1 16 2
37 307
1 17 2
258 456
1 15 2
175 295
1 10 2
701 781
1 8 2
346 433
1 18 2
254 294
1 12 2
314 484
1 5 2
717 732
1 9 2
475 703
1 13 2
43 468
1 7 2
61 487
1 8 2
36 791
1 8 2
12 112
1 17 2
321 670
1 13 2
376 446
1 13 2
154 318
1 9 2
65 95
1 15 2
599 670
1 8 2
9 797
1 10 2
426 720
1 7 2
9 167
1 7 2
361 796
1 5 2
148 752
1 11 2
356 724
1 9 2
225 611
1 9 2
37 373
1 18 2
691 779
1 3 2
123 152
1 11 2
545 637
1 18 2
217 573
1 12 2
183 207
1 7 2
516 614
1 8 2
79 701
1 11 2
66 672
1 13 2
108 738
1 9 2
515 793
1 9 2
264 758
1 11 2
421 703
1 10 2
111 461
1 15 2
503 742
1 8 2
266 754
1 9 2
450 730
1 9 2
119 332
1 13 2
80 240
1 12 2
17 228
1 11 2
101 513
1 10 2
467 592
1 11 2
179 484
1 11 2
338 614
1 9 2
108 247
1 8 2
215 292
1 7 2
209 419
1 10 2
34 517
1 10 2
109 205
1 10 2
3 70
1 14 2
194 248
1 9 2
58 780
1 17 2
43 104
1 17 2
40 253
1 12 2
629 702
1 12 2
165 730
1 10 2
671 792
1 7 2
331 520
1 9 2
161 402
1 8 2
62 608
1 11 2
202 737
1 6 2
415 459
1 14 2
94 769
1 11 2
722 736
1 7 2
159 661
1 8 2
502 591
1 16 2
138 471
1 9 2
699 700
1 14 2
43 276
1 9 2
193 598
1 12 2
544 655
1 7 2
368 440
1 11 2
105 466
1 10 2
396 656
1 4 2
89 418
1 13 2
165 794
1 11 2
85 127
1 6 2
729 744
1 14 2
376 670
1 14 2
9 719
1 6 2
392 657
1 18 2
286 316
1 12 2
252 520
1 13 2
360 646
1 15 2
489 582
1 4 2
38 197
1 7 2
32 197
1 14 2
166 168
1 15 2
264 699
1 12 2
166 370
1 17 2
289 437
1 13 2
280 419
1 15 2
40 568
1 14 2
103 172
1 6 2
178 685
1 6 2
2 61
1 16 2
226 783
1 16 2
226 484
1 14 2
28 345
1 15 2
205 736
1 9 2
276 657
1 15 2
63 719
1 7 2
280 371
1 15 2
137 450
1 12 2
637 766
1 9 2
186 429
1 15 2
137 556
1 13 2
513 761
1 14 2
216 603
1 14 2
241 761
1 14 2
484 535
1 16 2
294 339
1 11 2
436 655
1 2 2
140 340
1 4 2
237 744
1 6 2
46 568
1 14 2
43 185
1 10 2
636 645
1 20 2
201 679
1 14 2
94 701
1 10 2
205 460
1 9 2
499 782
1 5 2
394 495
1 9 2
248 683
1 4 2
288 358
1 10 2
374 591
1 8 2
753 794
1 10 2
571 629
1 10 2
465 768
1 13 2
98 390
1 8 2
59 638
1 10 2
177 399
1 9 2
495 592
1 10 2
255 667
1 14 2
625 748
1 8 2
241 451
1 11 2
67 654
1 12 2
31 770
1 8 2
512 758
1 16 2
321 693
1 7 2
235 704
1 20 2
294 770
1 12 2
468 589
1 7 2
272 503
1 13 2
42 91
1 10 2
205 593
1 18 2
40 274
1 11 2
380 721
1 5 2
21 215
1 4 2
38 786
1 11 2
35 355
1 11 2
634 643
1 11 2
250 635
1 12 2
117 141
1 5 2
244 337
1 14 2
212 241
1 10 2
277 671
1 5 2
336 692
1 9 2
24 281
1 14 2
517 755
1 13 2
13 336
1 15 2
138 779
1 14 2
325 733
1 20 2
82 153
1 12 2
274 399
1 11 2
210 516
1 13 2
138 166
1 17 2
219 780
1 13 2
500 597
1 6 2
410 702
1 12 2
5 459
1 17 2
37 158
1 6 2
382 408
1 8 2
611 753
1 10 2
226 317
1 12 2
460 577
1 17 2
112 165
1 16 2
263 313
1 18 2
603 641
1 12 2
551 770
1 5 2
317 647
1 16 2
190 484
1 15 2
405 733
1 16 2
158 264
1 16 2
251 609
1 11 2
312 466
1 7 2
22 698
1 11 2
238 420
1 17 2
33 129
1 5 2
511 644
1 17 2
679 710
1 8 2
335 556
1 8 2
146 360
1 3 2
31 113
1 7 2
52 276
1 17 2
308 712
1 10 2
361 377
1 14 2
548 582
1 8 2
587 721
1 9 2
50 100
1 13 2
55 583
1 8 2
665 723
1 15 2
334 454
1 7 2
545 570
1 9 2
519 603
1 9 2
676 686
1 8 2
468 540
1 14 2
83 262
1 11 2
466 676
1 9 2
213 699
1 6 2
675 739
1 9 2
472 609
1 6 2
539 784
1 9 2
70 368
1 8 2
235 698
1 13 2
189 355
1 13 2
74 467
1 7 2
46 239
1 13 2
278 466
1 15 2
388 798
1 6 2
125 794
1 16 2
274 427
1 15 2
85 549
1 11 2
525 712
1 3 2
565 669
1 8 2
383 586
1 18 2
286 788
1 14 2
306 361
1 16 2
274 750
1 3 2
6 480
1 13 2
175 393
1 4 2
311 695
1 13 2
201 658
1 11 2
338 434
1 13 2
300 573
1 6 2
586 683
1 13 2
210 562
1 12 2
141 628
1 11 2
511 535
1 7 2
109 203
1 11 2
9 769
1 13 2
163 572
1 8 2
437 644
1 6 2
565 715
1 9 2
96 221
1 6 2
324 478
1 10 2
223 712
1 12 2
360 655
1 8 2
118 636
1 7 2
364 548
1 6 2
372 598
1 18 2
506 719
1 12 2
652 740
1 11 2
122 572
1 14 2
312 750
1 11 2
334 444
1 6 2
256 288
1 9 2
41 227
1 12 2
250 429
1 18 2
313 780
1 12 2
31 668
1 6 2
89 545
1 15 2
625 763
1 8 2
199 242
1 5 2
86 225
1 8 2
287 424
1 14 2
138 798
1 11 2
120 792
1 9 2
181 576
1 9 2
635 640
1 19 2
351 361
1 8 2
413 624
1 12 2
124 262
1 11 2
248 657
1 8 2
360 791
1 10 2
414 624
1 5 2
317 475
1 5 2
306 663
1 4 2
237 538
1 14 2
601 770
1 12 2
24 334
1 8 2
81 183
1 14 2
548 549
1 17 2
83 251
1 6 2
238 795
1 7 2
113 172
1 7 2
585 739
1 14 2
370 441
1 15 2
711 733
1 13 2
155 481
1 11 2
643 733
1 7 2
275 644
1 9 2
281 637
1 4 2
237 377
1 10 2
32 98
1 6 2
46 468
1 12 2
307 384
1 11 2
82 499
1 19 2
258 553
1 15 2
471 494
1 16 2
51 776
1 16 2
395 761
1 10 2
541 734
1 15 2
9 13
1 8 2
135 589
1 10 2
37 749
1 20 2
82 210
1 9 2
169 173
1 16 2
359 421
1 6 2
64 340
1 6 2
267 438
1 8 2
460 598
1 12 2
365 517
1 13 2
489 585
1 5 2
522 723
1 9 2
662 706
1 16 2
60 610
1 13 2
163 702
1 12 2
446 675
1 8 2
259 330
1 8 2
448 513
1 6 2
77 534
1 9 2
451 488
1 7 2
243 566
1 6 2
81 459
1 4 2
177 445
1 11 2
305 679
1 11 2
515 703
1 11 2
19 329
1 9 2
404 786
1 8 2
688 722
1 9 2
45 494
1 13 2
613 756
1 14 2
308 329
1 7 2
551 748
1 17 2
453 488
1 15 2
263 665
1 8 2
302 632
1 20 2
43 258
1 10 2
7 376
1 6 2
118 700
1 11 2
211 549
1 5 2
7 57
1 17 2
226 316
1 18 2
214 293
1 14 2
147 437
1 6 2
332 595
1 12 2
15 674
1 11 2
84 634
1 4 2
242 704
1 9 2
282 708
1 5 2
171 392
1 4 2
272 791
1 13 2
653 678
1 8 2
17 536
1 11 2
535 688
1 9 2
377 487
1 10 2
431 726
1 10 2
16 83
1 15 2
238 646
1 20 2
646 780
1 11 2
665 674
1 9 2
5 442
1 9 2
286 768
1 11 2
322 457
1 15 2
83 355
1 8 2
474 739
1 3 2
299 480
1 12 2
64 742
1 8 2
331 674
1 8 2
231 589
1 6 2
357 584
1 15 2
294 635
1 4 2
224 310
1 17 2
240 395
1 9 2
508 608
1 10 2
326 770
1 5 2
345 408
1 10 2
146 313
1 7 2
391 784
1 14 2
74 189
1 16 2
432 488
1 8 2
88 384
1 14 2
63 715
1 7 2
422 635
1 10 2
201 491
1 17 2
265 736
1 19 2
654 770
1 4 2
461 744
1 7 2
64 77
1 10 2
321 358
1 14 2
454 646
1 13 2
573 678
1 10 2
82 200
1 17 2
351 738
1 9 2
40 58
1 14 2
96 548
1 16 2
50 756
1 15 2
98 742
1 15 2
210 597
1 13 2
466 711
1 3 2
126 215
1 8 2
540 588
1 8 2
207 287
1 16 2
111 714
1 8 2
382 605
1 8 2
454 461
1 13 2
15 454
1 11 2
168 673
1 6 2
23 378
1 16 2
286 634
1 9 2
461 609
1 4 2
527 587
1 5 2
392 647
1 9 2
254 664
1 12 2
50 327
1 4 2
451 602
1 15 2
160 172
1 13 2
516 625
1 11 2
155 412
1 13 2
55 500
1 10 2
398 668
1 5 2
269 638
1 17 2
583 776
1 16 2
183 277
1 16 2
210 710
1 19 2
226 266
1 15 2
348 603
1 5 2
599 795
1 7 2
110 321
1 11 2
7 239
1 12 2
359 564
1 11 2
396 605
1 8 2
17 22
1 13 2
471 636
1 13 2
729 757
1 11 2
185 391
1 14 2
462 690
1 6 2
95 664
1 16 2
278 625
1 14 2
157 281
1 7 2
525 540
1 9 2
638 653
1 15 2
274 458
1 7 2
587 687
1 10 2
521 603
1 10 2
26 457
1 11 2
122 426
1 20 2
727 779
1 10 2
466 657
1 12 2
432 759
1 10 2
244 708
1 6 2
142 438
1 8 2
386 707
1 8 2
288 453
1 7 2
31 608
1 10 2
101 118
1 9 2
254 394
1 10 2
348 444
1 8 2
90 151
1 15 2
240 788
1 16 2
471 755
1 10 2
358 361
1 16 2
40 709
1 15 2
500 577
1 7 2
564 652
1 8 2
528 778
1 12 2
163 593
1 4 2
32 152
1 11 2
589 647
1 18 2
338 625
1 14 2
165 262
1 14 2
160 740
1 10 2
100 453
1 14 2
316 769
1 8 2
325 409
1 10 2
20 468
1 20 2
137 770
1 10 2
606 751
1 14 2
613 712
1 15 2
205 624
1 5 2
150 612
1 5 2
560 666
1 11 2
179 633
1 15 2
668 676
1 11 2
21 248
1 12 2
169 675
1 10 2
124 508
1 8 2
107 195
1 17 2
82 278
1 12 2
227 481
1 14 2
277 741
1 17 2
524 724
1 15 2
191 350
1 13 2
648 671
1 9 2
594 646
1 10 2
157 499
1 4 2
167 499
1 17 2
582 718
1 18 2
13 503
1 13 2
160 474
1 13 2
9 254
1 11 2
314 701
1 4 2
46 229
1 7 2
521 598
1 16 2
334 462
1 19 2
94 453
1 7 2
104 604
1 13 2
265 689
1 9 2
24 289
1 18 2
117 750
1 18 2
96 625
1 9 2
474 678
1 15 2
308 526
1 8 2
86 628
1 8 2
544 689
1 9 2
55 310
1 15 2
476 788
1 12 2
83 197
1 12 2
524 657
1 12 2
154 333
1 13 2
534 610
1 15 2
165 535
1 9 2
114 276
1 6 2
381 585
1 11 2
230 351
1 16 2
199 617
1 8 2
7 436
1 9 2
183 499
1 7 2
332 410
1 9 2
529 553
1 8 2
167 382
1 9 2
15 136
1 18 2
94 589
1 10 2
172 745
1 14 2
489 781
1 13 2
50 457
1 6 2
152 267
1 16 2
411 767
1 11 2
360 693
1 5 2
578 657
1 9 2
166 438
1 8 2
162 686
1 15 2
395 582
1 13 2
577 676
1 11 2
3 456
1 7 2
171 273
1 8 2
176 591
1 9 2
424 508
1 14 2
458 741
1 11 2
339 562
1 14 2
205 412
1 11 2
137 144
1 7 2
99 413
1 2 2
353 519
1 4 2
34 530
1 14 2
388 708
1 13 2
726 781
1 9 2
62 80
1 5 2
440 501
1 4 2
575 695
1 4 2
347 674
1 7 2
439 496
1 10 2
538 708
1 14 2
441 556
1 14 2
721 777
1 5 2
221 486
1 19 2
33 798
1 9 2
474 748
1 8 2
228 739
1 12 2
190 305
1 12 2
424 661
1 6 2
170 599
1 18 2
165 718
1 6 2
46 601
1 4 2
57 647
1 9 2
487 498
1 9 2
396 768
1 9 2
475 764
1 11 2
177 592
1 9 2
519 708
1 8 2
108 152
1 5 2
119 659
1 13 2
33 588
1 9 2
590 756
1 6 2
215 277
1 19 2
352 446
1 8 2
198 558
1 10 2
555 766
1 11 2
618 719
1 16 2
28 515
1 4 2
297 611
1 9 2
44 459
1 10 2
329 777
1 11 2
396 551
1 10 2
490 755
1 8 2
81 96
1 17 2
85 756
1 18 2
694 766
1 16 2
74 404
1 8 2
395 663
1 5 2
394 636
1 15 2
9 453
1 9 2
357 601
1 10 2
211 513
1 15 2
55 767
1 7 2
2 52
1 16 2
348 610
1 4 2
1 664
1 9 2
693 700
1 7 2
337 454
1 11 2
35 500
1 11 2
577 630
1 19 2
465 655
1 7 2
239 428
1 10 2
185 539
1 10 2
525 576
1 5 2
317 764
1 13 2
301 654
1 19 2
117 757
1 15 2
275 419
1 5 2
124 492
1 7 2
22 41
1 16 2
458 489
1 8 2
308 340
1 11 2
214 799
1 11 2
370 512
1 16 2
182 577
1 12 2
348 720
1 12 2
544 726
1 14 2
281 646
1 13 2
246 694
1 10 2
491 778
1 5 2
326 650
1 16 2
506 707
1 13 2
322 690
1 18 2
60 214
1 13 2
175 736
1 10 2
330 609
1 8 2
42 81
1 16 2
166 770
1 10 2
263 787
1 10 2
292 326
1 8 2
101 499
1 12 2
352 660
1 14 2
208 734
1 13 2
63 783
1 8 2
209 655
1 9 2
522 558
1 16 2
382 471
1 6 2
608 744
1 14 2
256 724
1 13 2
553 684
1 8 2
53 455
1 15 2
277 549
1 8 2
510 661
1 15 2
264 517
1 10 2
22 205
1 19 2
430 646
1 7 2
97 136
1 20 2
252 770
1 4 2
173 176
1 6 2
180 684
1 11 2
85 407
1 17 2
40 617
1 11 2
189 769
1 12 2
66 600
1 11 2
455 776
1 12 2
448 779
1 12 2
558 562
1 5 2
623 797
1 11 2
70 637
1 5 2
114 269
1 13 2
43 124
1 18 2
40 554
1 14 2
240 645
1 11 2
331 624
1 10 2
621 697
1 7 2
551 636
1 10 2
106 745
1 8 2
227 786
1 12 2
9 241
1 10 2
22 348
1 6 2
331 472
1 7 2
392 742
1 19 2
40 50
1 9 2
471 570
1 9 2
22 665
1 11 2
72 636
1 4 2
550 551
1 10 2
59 564
1 11 2
50 673
1 8 2
65 544
1 13 2
227 646
1 6 2
409 608
1 9 2
227 703
1 7 2
41 636
1 8 2
366 715
1 10 2
314 378
1 11 2
588 767
1 7 2
63 570
1 16 2
597 646
1 6 2
155 602
1 9 2
327 365
1 9 2
9 764
1 17 2
205 286
1 9 2
155 301
1 3 2
342 735
1 15 2
411 645
1 8 2
537 707
1 12 2
302 439
1 11 2
390 634
1 15 2
429 625
1 5 2
537 722
1 8 2
355 413
1 15 2
97 292
1 13 2
48 382
1 18 2
258 439
1 11 2
293 374
1 12 2
70 635
1 19 2
393 489
1 14 2
191 450
1 7 2
426 725
1 7 2
123 707
1 11 2
599 601
1 16 2
624 690
1 14 2
115 197
1 18 2
50 158
1 6 2
138 483
1 11 2
293 331
1 9 2
322 544
1 8 2
318 539
1 8 2
307 616
1 7 2
388 541
1 20 2
158 406
1 8 2
384 516
1 20 2
190 514
1 2 2
299 725
1 14 2
596 603
1 8 2
279 306
1 16 2
13 350
1 4 2
502 743
1 4 2
132 544
1 19 2
731 757
1 16 2
214 596
1 15 2
91 359
1 17 2
228 352
1 17 2
456 778
1 8 2
257 724
1 7 2
167 518
1 14 2
278 293
1 12 2
97 429
1 12 2
84 183
1 17 2
112 733
1 14 2
248 320
1 10 2
223 441
1 4 2
215 420
1 15 2
124 668
1 18 2
158 693
1 7 2
305 657
1 6 2
250 550
1 9 2
104 443
1 12 2
84 308
1 8 2
429 552
1 11 2
256 585
1 20 2
115 351
1 16 2
610 728
1 12 2
186 757
1 14 2
37 63
1 20 2
214 798
1 17 2
488 648
1 7 2
17 428
1 12 2
699 729
1 6 2
133 794
1 9 2
70 244
1 9 2
176 280
1 12 2
41 165
1 7 2
469 645
1 8 2
107 642
1 7 2
599 743
1 9 2
427 784
1 11 2
332 591
1 13 2
271 734
1 17 2
18 489
1 15 2
90 232
1 14 2
106 547
1 12 2
251 358
1 10 2
212 236
1 13 2
96 108
1 9 2
46 355
1 8 2
318 650
1 8 2
185 705
1 16 2
72 690
1 7 2
569 755
1 10 2
282 576
1 15 2
411 439
1 10 2
331 583
1 9 2
236 769
1 10 2
98 173
1 10 2
112 387
1 7 2
549 725
1 7 2
530 547
1 11 2
564 654
1 7 2
150 202
1 15 2
494 779
1 8 2
256 725
1 11 2
611 699
1 7 2
245 488
1 14 2
576 716
1 3 2
125 619
1 9 2
163 746
1 18 2
40 321
1 4 2
24 754
1 5 2
187 794
1 11 2
157 431
1 12 2
193 794
1 10 2
605 719
1 14 2
80 217
1 17 2
352 740
1 16 2
419 465
1 11 2
193 287
1 9 2
352 752
1 14 2
246 351
1 5 2
452 742
1 8 2
287 551
1 3 2
285 739
1 10 2
72 651
1 16 2
93 241
1 5 2
296 790
1 8 2
67 339
1 14 2
60 545
1 14 2
207 514
1 16 2
471 769
1 14 2
91 489
1 6 2
140 412
1 13 2
59 556
1 6 2
14 197
1 17 2
615 750
1 10 2
82 530
1 4 2
78 88
1 8 2
205 590
1 19 2
137 199
1 15 2
165 665
1 11 2
197 385
1 13 2
157 177
1 7 2
464 791
1 13 2
199 227
1 4 2
472 507
1 14 2
166 349
1 13 2
585 654
1 16 2
226 474
1 8 2
239 680
1 10 2
378 518
1 10 2
101 197
1 12 2
141 514
1 10 2
367 733
1 5 2
302 752
1 12 2
103 306
1 17 2
161 728
1 15 2
115 339
1 4 2
173 444
1 12 2
169 521
1 13 2
201 434
1 16 2
293 761
1 19 2
163 641
1 9 2
261 736
1 7 2
365 478
1 15 2
320 740
1 12 2
69 348
1 9 2
433 439
1 8 2
142 468
1 15 2
55 191
1 10 2
221 648
1 8 2
140 576
1 6 2
279 431
1 14 2
225 770
1 15 2
210 548
1 18 2
274 734
1 17 2
111 625
1 14 2
539 553
1 20 2
33 734
1 13 2
211 654
1 8 2
233 709
1 6 2
16 674
1 9 2
488 605
1 14 2
476 549
1 10 2
28 433
1 10 2
264 722
1 8 2
642 701
1 8 2
90 170
1 15 2
63 710
1 8 2
41 521
1 11 2
62 307
1 17 2
321 489
1 14 2
289 761
1 8 2
675 703
1 9 2
318 339
1 12 2
399 462
1 18 2
295 439
1 14 2
441 457
1 10 2
714 745
1 15 2
216 687
1 11 2
349 372
1 6 2
62 358
