800 4800 2400
17 16 16 21 14 23 12 14 12 14 18 7 21 11 23 25 21 12 12 18 7 12 18 20 17 6 24 13 25 18 8 5 14 24 19 24 17 5 11 8 19 14 11 20 6 9 12 5 24 15 9 18 25 14 15 22 17 20 8 25 5 6 9 21 14 6 21 5 21 17 20 6 5 10 20 6 21 16 8 23 11 21 7 24 6 19 14 24 10 8 25 25 5 23 18 22 21 5 9 23 8 9 19 6 19 17 7 20 13 13 8 14 9 8 14 11 13 5 19 24 21 17 21 15 15 10 21 19 25 20 14 25 8 7 20 13 18 21 9 20 14 22 16 14 7 9 14 14 5 16 13 9 22 6 5 13 25 10 5 21 7 22 7 16 23 8 6 20 23 15 16 22 13 11 23 11 13 7 5 17 21 13 20 25 18 11 10 14 12 17 6 16 6 18 21 19 18 24 21 14 16 25 24 25 23 13 16 5 21 24 20 6 18 8 8 13 5 25 17 11 22 6 6 13 20 6 11 9 11 13 17 19 5 24 16 18 6 8 19 11 6 17 19 17 5 23 8 20 13 23 14 7 11 5 25 18 22 14 5 24 10 25 6 16 18 22 16 12 17 11 21 19 18 24 17 9 21 21 11 23 9 8 24 24 6 15 19 15 10 10 22 25 19 21 13 6 22 15 25 8 25 15 11 11 12 19 25 18 24 8 11 20 15 25 20 5 12 11 25 20 16 11 9 11 6 14 16 16 13 9 13 10 7 17 10 24 15 6 11 15 21 20 15 8 11 18 25 19 25 12 7 6 10 12 21 15 23 22 25 21 12 8 12 22 21 6 9 24 16 21 15 11 23 19 25 16 20 6 10 10 23 25 9 25 14 5 13 20 22 21 12 7 6 8 12 11 24 20 21 14 25 8 9 25 16 14 10 9 7 5 21 18 5 24 11 6 13 11 21 18 21 15 20 12 19 24 25 6 6 8 6 10 5 25 13 14 19 10 19 24 16 9 21 21 10 22 18 7 24 19 13 10 10 15 14 16 9 10 21 17 9 19 25 22 20 9 12 20 24 23 23 18 8 8 6 17 20 20 24 16 16 10 17 8 24 25 8 13 21 25 17 25 19 20 24 16 10 23 10 10 7 13 9 20 24 16 7 8 13 15 21 10 17 16 5 12 14 13 14 15 10 17 7 20 22 16 13 11 9 13 9 23 17 23 11 23 11 10 17 12 8 24 7 16 22 21 20 19 22 16 21 23 24 15 23 13 22 8 22 16 11 11 13 6 14 14 10 21 6 20 23 10 6 9 13 25 17 18 10 24 6 7 5 18 10 24 15 8 19 21 22 7 25 13 24 10 6 21 12 16 11 25 18 14 9 8 18 16 13 21 12 5 11 11 19 16 21 16 19 5 25 5 8 5 10 14 12 9 8 19 8 5 24 6 24 22 15 11 12 9 22 5 15 23 19 23 9 19 16 7 17 12 9 11 7 14 5 23 10 20 18 11 8 16 20 19 7 20 11 14 23 6 14 14 9 11 25 17 19 20 15 15 20 12 14 12 5 20 10 6 14 17 6 6 6 11 20 24 21 12 9 24 12 14 10 23 17 16 14 6 17 11 10 12 25 24 16 8 15 19 18 10 11 12 16 25 19 12 22 17 12 20 5 6 19 9 13 24 9 22 6 11 15 8 11 16 15 8 13 6 19 8 11 9 17 19 15 17 16 20 24 7 12 9 18 6 9 21 7 15 9 11 6 12 18 24 6 21 21 9 14 11 21 19 14 16 16 25 23 13 18 15 8 23 6 6 12 6 15 16
16 13 16 9 4 7 6 19 17 9 12 15 7 11 5 4 3 14 6 8 7 15 12 3 19 19 16 8 20 20 5 19 8 3 17 9 3 11 18 12 20 20 20 11 15 9 4 20 8 3 9 4 16 16 9 10 16 20 6 6 19 11 3 18 10 14 18 16 19 20 4 18 16 19 18 9 3 14 7 8 19 8 8 12 14 7 5 14 15 20 7 19 18 16 3 13 4 11 9 18 11 15 20 16 8 15 14 7 15 12 11 6 3 18 16 11 15 9 17 12 11 6 13 13 3 16 4 18 11 17 13 15 10 4 12 11 17 14 18 15 4 17 10 15 18 7 17 3 5 3 15 12 16 5 20 9 4 17 9 19 12 6 11 13 19 5 8 11 16 15 20 3 5 14 5 20 5 9 7 13 15 17 4 4 19 12 18 14 11 12 10 17 20 6 16 10 5 4 14 15 13 4 7 4 4 8 6 7 7 6 14 12 13 13 18 20 6 15 5 17 18 20 5 10 19 14 18 14 11 13 5 7 6 15 8 16 20 11 10 10 10 18 16 12 20 9 13 19 13 11 9 13 12 6 11 12 7 5 16 14 18 15 16 9 8 9 14 4 7 17 18 4 18 10 17 18 13 3 15 18 4 16 12 14 18 16 14 11 3 10 15 6 8 18 16 11 11 17 17 16 16 19 13 3 20 7 9 3 12 10 13 11 9 17 7 15 8 12 18 19 12 3 4 6 7 4 19 20 6 19 19 12 19 20 9 13 19 16 16 6 6 11 4 17 20 15 6 3 8 8 20 16 8 5 14 7 18 8 12 7 15 12 13 15 13 12 12 20 9 15 19 7 11 19 8 3 11 4 7 4 13 8 5 20 13 11 7 3 4 13 4 12 5 10 16 6 12 7 8 17 7 18 20 8 3 7 16 3 8 14 11 9 4 13 12 6 9 6 9 3 12 9 3 9 4 5 12 17 17 15 19 15 5 4 16 8 7 20 15 9 19 11 15 5 10 12 17 18 13 4 20 18 7 3 6 13 12 11 5 7 9 20 17 18 19 19 8 18 4 20 16 12 5 5 7 7 11 7 9 18 17 9 6 17 6 4 18 15 19 17 9 3 10 16 10 18 10 18 12 15 7 13 8 11 4 16 9 10 10 20 10 11 12 3 14 13 6 15 16 12 20 20 18 16 4 11 7 12 18 15 15 18 10 11 10 3 7 18 11 15 3 6 7 17 15 18 19 3 6 20 15 17 14 19 3 13 19 11 14 5 7 19 18 7 12 3 8 15 16 4 13 16 11 14 8 4 5 17 19 8 11 16 5 5 14 14 9 20 5 19 13 20 9 4 13 10 8 10 9 5 10 14 15 7 5 13 19 9 4 19 17 5 13 11 3 9 7 9 17 15 15 9 6 3 8 8 10 13 15 20 20 3 19 12 9 16 3 11 17 11 12 11 18 19 12 3 11 16 17 5 13 16 6 19 4 18 17 6 16 12 16 17 17 20 10 16 11 9 19 19 4 19 3 19 8 13 16 13 19 11 3 8 8 3 14 13 6 4 4 11 17 13 10 20 7 14 10 7 13 12 20 9 18 17 11 18 7 3 16 3 10 4 10 7 14 3 17 10 19 5 13 16 5 15 20 12 7 9 5 19 13 15 16 18 5 4 9 8 8 4 19 20 18 9 4 5 20 3 8 15 14 17 18 3 10 11 16 15 9 18 7 17 18 5 9 20 8 4 14 12 14 7 6 8 6 19 20 14 17 16 7 14 16 20 3 5 15 13 4 4 12 14 20 18 6 19 7 5 4 5
1 8 2
456 550
1 11 2
215 413
1 19 2
156 468
1 10 2
255 274
1 11 2
3 785
1 5 2
89 327
1 9 2
362 755
1 8 2
533 749
1 17 2
484 548
1 12 2
217 435
1 14 2
142 318
1 13 2
93 370
1 4 2
452 652
1 8 2
144 168
1 6 2
319 582
1 9 2
59 214
1 14 2
204 218
1 10 2
454 777
1 11 2
201 496
1 6 2
628 660
1 10 2
425 770
1 6 2
427 492
1 7 2
265 776
1 8 2
113 640
1 8 2
339 681
1 14 2
59 599
1 13 2
24 279
1 9 2
381 581
1 14 2
220 618
1 12 2
83 736
1 9 2
272 294
1 9 2
504 622
1 10 2
114 387
1 5 2
0 58
1 6 2
142 431
1 4 2
328 700
1 20 2
202 346
1 13 2
28 124
1 20 2
300 367
1 20 2
283 787
1 11 2
228 425
1 10 2
8 354
1 11 2
346 651
1 11 2
140 418
1 6 2
227 521
1 18 2
300 556
1 13 2
220 745
1 7 2
215 769
1 18 2
59 493
1 11 2
285 340
1 9 2
420 626
1 16 2
203 347
1 18 2
83 282
1 20 2
485 787
1 12 2
56 590
1 13 2
589 710
1 8 2
206 574
1 7 2
512 637
1 10 2
171 781
1 7 2
188 230
1 3 2
329 441
1 5 2
56 65
1 19 2
433 701
1 16 2
383 790
1 15 2
12 589
1 16 2
489 734
1 16 2
373 676
1 17 2
458 494
1 11 2
450 558
1 4 2
146 221
1 8 2
355 399
1 16 2
311 697
1 13 2
102 238
1 9 2
417 778
1 14 2
197 576
1 15 2
164 347
1 8 2
15 631
1 15 2
43 524
1 11 2
217 303
1 16 2
296 793
1 13 2
167 270
1 15 2
327 433
1 12 2
308 789
1 12 2
194 742
1 14 2
163 367
1 17 2
715 739
1 10 2
298 437
1 8 2
63 747
1 14 2
189 701
1 8 2
124 355
1 10 2
402 433
1 3 2
240 723
1 18 2
335 357
1 12 2
298 384
1 6 2
193 649
1 15 2
120 152
1 8 2
338 436
1 16 2
346 687
1 15 2
136 367
1 3 2
222 573
1 16 2
63 554
1 16 2
307 491
1 7 2
644 738
1 6 2
593 651
1 7 2
169 267
1 18 2
319 592
1 6 2
210 244
1 11 2
360 469
1 15 2
462 629
1 14 2
76 510
1 3 2
67 423
1 11 2
5 612
1 10 2
256 651
1 10 2
135 679
1 8 2
168 797
1 9 2
345 748
1 4 2
173 366
1 8 2
182 460
1 12 2
32 478
1 10 2
48 752
1 6 2
327 573
1 10 2
74 746
1 16 2
168 467
1 5 2
613 730
1 8 2
10 574
1 10 2
208 501
1 9 2
389 624
1 17 2
168 256
1 15 2
643 759
1 7 2
80 136
1 8 2
146 297
1 9 2
752 778
1 4 2
165 748
1 10 2
152 598
1 9 2
426 507
1 6 2
170 496
1 14 2
363 734
1 11 2
316 348
1 16 2
33 667
1 7 2
45 577
1 3 2
412 610
1 8 2
140 421
1 16 2
209 597
1 17 2
137 381
1 19 2
296 601
1 11 2
475 774
1 7 2
187 250
1 9 2
400 427
1 10 2
245 536
1 4 2
72 555
1 15 2
249 696
1 9 2
322 497
1 10 2
156 763
1 12 2
579 780
1 15 2
139 567
1 11 2
282 723
1 17 2
476 634
1 18 2
276 594
1 8 2
8 212
1 12 2
189 782
1 8 2
342 708
1 19 2
168 714
1 7 2
68 350
1 7 2
364 792
1 5 2
512 761
1 11 2
367 394
1 9 2
23 150
1 14 2
95 606
1 8 2
150 200
1 6 2
125 342
1 15 2
308 411
1 3 2
246 280
1 17 2
276 634
1 13 2
121 194
1 8 2
318 623
1 12 2
471 665
1 9 2
27 734
1 11 2
1 659
1 16 2
305 592
1 9 2
321 590
1 11 2
111 556
1 9 2
319 653
1 13 2
504 617
1 15 2
535 755
1 10 2
565 767
1 10 2
370 449
1 13 2
220 320
1 14 2
277 609
1 7 2
33 621
1 13 2
200 705
1 9 2
337 400
1 7 2
271 605
1 5 2
115 593
1 6 2
86 748
1 10 2
29 576
1 14 2
411 551
1 10 2
122 417
1 16 2
171 397
1 12 2
297 439
1 11 2
381 561
1 8 2
357 540
1 7 2
449 537
1 18 2
300 767
1 7 2
5 211
1 8 2
577 744
1 10 2
570 688
1 10 2
64 734
1 18 2
204 245
1 5 2
237 336
1 10 2
590 637
1 14 2
404 676
1 6 2
193 351
1 8 2
200 404
1 14 2
28 49
1 11 2
155 640
1 13 2
49 79
1 8 2
476 560
1 9 2
180 352
1 18 2
128 410
1 15 2
212 470
1 9 2
561 696
1 17 2
87 359
1 9 2
147 235
1 9 2
59 246
1 7 2
8 490
1 15 2
425 476
1 10 2
317 469
1 14 2
141 790
1 10 2
127 786
1 13 2
609 774
1 16 2
664 670
1 20 2
52 787
1 8 2
216 313
1 12 2
131 487
1 11 2
94 235
1 12 2
345 510
1 9 2
191 218
1 15 2
245 438
1 9 2
193 330
1 3 2
672 686
1 7 2
54 173
1 13 2
3 272
1 10 2
24 691
1 6 2
688 707
1 20 2
318 348
1 8 2
519 736
1 10 2
304 544
1 15 2
422 782
1 7 2
176 206
1 18 2
202 705
1 7 2
458 621
1 10 2
200 438
1 5 2
235 284
1 10 2
136 368
1 10 2
16 487
1 10 2
564 679
1 13 2
307 469
1 13 2
83 549
1 11 2
254 595
1 8 2
123 508
1 16 2
346 614
1 14 2
389 467
1 5 2
375 382
1 13 2
5 742
1 3 2
628 700
1 7 2
118 753
1 9 2
94 416
1 9 2
6 471
1 7 2
366 665
1 8 2
30 551
1 11 2
759 798
1 11 2
125 634
1 16 2
28 196
1 14 2
259 606
1 6 2
252 312
1 9 2
136 325
1 12 2
589 758
1 13 2
314 420
1 8 2
477 561
1 17 2
418 697
1 20 2
131 313
1 5 2
38 330
1 7 2
96 221
1 14 2
127 524
1 6 2
573 602
1 17 2
544 775
1 13 2
212 276
1 19 2
52 484
1 15 2
19 504
1 17 2
55 645
1 8 2
683 764
1 9 2
140 521
1 11 2
490 660
1 6 2
710 761
1 3 2
568 600
1 10 2
679 796
1 9 2
552 622
1 20 2
35 87
1 5 2
206 623
1 9 2
119 654
1 13 2
224 731
1 9 2
450 547
1 9 2
193 703
1 8 2
102 248
1 20 2
203 601
1 11 2
156 267
1 18 2
491 782
1 12 2
19 493
1 12 2
435 775
1 3 2
190 792
1 10 2
43 435
1 12 2
286 532
1 18 2
396 590
1 20 2
308 585
1 9 2
218 435
1 13 2
381 608
1 9 2
257 734
1 7 2
375 499
1 11 2
196 268
1 10 2
81 515
1 14 2
273 785
1 7 2
20 118
1 6 2
369 409
1 16 2
489 783
1 9 2
115 640
1 13 2
5 49
1 1 2
37 148
1 14 2
212 388
1 2 2
37 177
1 8 2
25 93
1 16 2
136 156
1 5 2
188 699
1 8 2
538 669
1 9 2
144 737
1 4 2
88 417
1 10 2
501 643
1 10 2
450 569
1 16 2
279 388
1 17 2
425 679
1 8 2
201 709
1 19 2
131 296
1 10 2
226 634
1 6 2
228 703
1 10 2
14 600
1 5 2
304 763
1 14 2
33 757
1 15 2
93 208
1 13 2
488 665
1 8 2
406 443
1 4 2
103 519
1 8 2
572 579
1 8 2
152 761
1 8 2
73 734
1 12 2
524 543
1 13 2
268 558
1 9 2
81 289
1 12 2
780 793
1 8 2
560 577
1 15 2
203 734
1 7 2
77 386
1 9 2
26 763
1 5 2
352 752
1 19 2
152 348
1 12 2
123 589
1 10 2
145 426
1 8 2
20 380
1 11 2
439 598
1 7 2
662 667
1 11 2
489 498
1 9 2
247 260
1 13 2
381 421
1 17 2
28 127
1 7 2
160 558
1 8 2
197 765
1 9 2
21 503
1 9 2
515 682
1 8 2
420 520
1 15 2
137 249
1 4 2
239 587
1 11 2
348 456
1 8 2
73 159
1 14 2
96 464
1 7 2
108 250
1 14 2
373 597
1 8 2
492 741
1 13 2
168 758
1 7 2
100 588
1 19 2
52 168
1 5 2
228 780
1 6 2
540 614
1 16 2
359 788
1 9 2
239 687
1 16 2
422 775
1 5 2
366 555
1 17 2
462 640
1 6 2
130 267
1 5 2
434 688
1 18 2
99 426
1 5 2
62 111
1 14 2
439 729
1 16 2
400 614
1 9 2
4 212
1 18 2
141 308
1 8 2
576 593
1 7 2
284 705
1 10 2
121 716
1 16 2
126 728
1 14 2
448 757
1 4 2
287 580
1 6 2
96 232
1 11 2
667 785
1 10 2
499 737
1 3 2
329 412
1 11 2
358 613
1 17 2
57 59
1 4 2
267 639
1 15 2
63 510
1 14 2
105 119
1 9 2
96 741
1 6 2
232 477
1 18 2
164 484
1 8 2
715 797
1 15 2
193 533
1 11 2
80 426
1 7 2
102 792
1 6 2
89 127
1 9 2
498 697
1 14 2
107 159
1 7 2
606 675
1 8 2
212 637
1 18 2
567 725
1 17 2
14 778
1 10 2
448 771
1 8 2
468 794
1 11 2
449 615
1 14 2
79 576
1 10 2
120 416
1 14 2
120 387
1 11 2
463 791
1 6 2
365 438
1 4 2
98 626
1 19 2
164 594
1 12 2
601 789
1 11 2
56 286
1 8 2
198 652
1 14 2
174 271
1 6 2
135 390
1 9 2
88 728
1 11 2
129 421
1 16 2
167 551
1 13 2
147 183
1 15 2
335 720
1 17 2
52 719
1 12 2
105 443
1 13 2
369 664
1 11 2
94 706
1 15 2
161 354
1 9 2
440 680
1 7 2
6 729
1 11 2
4 220
1 12 2
54 497
1 10 2
645 712
1 8 2
364 444
1 18 2
300 422
1 10 2
89 156
1 9 2
55 520
1 9 2
16 498
1 11 2
228 489
1 16 2
23 313
1 8 2
200 784
1 15 2
51 531
1 9 2
459 516
1 15 2
74 245
1 7 2
122 666
1 4 2
38 98
1 11 2
453 590
1 14 2
139 296
1 5 2
343 525
1 10 2
122 394
1 13 2
1 273
1 10 2
441 715
1 9 2
231 325
1 10 2
265 267
1 8 2
257 650
1 6 2
500 644
1 9 2
187 678
1 17 2
554 705
1 13 2
298 501
1 9 2
220 444
1 8 2
163 339
1 12 2
585 681
1 20 2
156 592
1 7 2
163 730
1 20 2
90 403
1 9 2
368 495
1 17 2
33 364
1 16 2
255 291
1 16 2
57 119
1 3 2
101 605
1 16 2
249 698
1 7 2
66 366
1 10 2
114 167
1 8 2
108 307
1 10 2
143 597
1 13 2
70 493
1 13 2
49 273
1 10 2
173 635
1 14 2
313 746
1 15 2
34 35
1 13 2
234 535
1 17 2
141 381
1 8 2
84 233
1 8 2
4 471
1 16 2
265 476
1 12 2
1 469
1 15 2
68 357
1 8 2
163 360
1 15 2
333 676
1 10 2
353 679
1 11 2
220 223
1 8 2
493 613
1 6 2
440 652
1 10 2
64 81
1 13 2
118 122
1 19 2
5 634
1 7 2
285 435
1 5 2
339 587
1 6 2
264 674
1 6 2
18 574
1 15 2
388 659
1 10 2
371 556
1 5 2
130 649
1 9 2
380 721
1 11 2
600 676
1 16 2
422 570
1 17 2
485 782
1 12 2
504 708
1 14 2
43 120
1 12 2
552 673
1 7 2
386 681
1 16 2
245 247
1 10 2
86 461
1 9 2
243 680
1 16 2
164 546
1 19 2
91 220
1 15 2
120 137
1 7 2
5 221
1 16 2
292 620
1 15 2
463 734
1 9 2
34 730
1 7 2
637 716
1 9 2
229 614
1 4 2
248 528
1 18 2
296 306
1 7 2
297 353
1 7 2
160 422
1 11 2
256 598
1 5 2
514 720
1 6 2
97 127
1 11 2
120 716
1 9 2
197 743
1 3 2
337 338
1 13 2
74 446
1 10 2
160 298
1 6 2
690 789
1 13 2
83 339
1 12 2
290 453
1 6 2
61 546
1 8 2
99 751
1 4 2
658 738
1 3 2
50 735
1 12 2
311 607
1 18 2
5 346
1 8 2
100 535
1 8 2
300 772
1 16 2
467 601
1 15 2
87 677
1 16 2
233 783
1 11 2
156 498
1 11 2
169 277
1 18 2
95 300
1 13 2
152 512
1 15 2
182 570
1 11 2
134 234
1 9 2
564 691
1 13 2
81 411
1 5 2
490 694
1 13 2
41 197
1 9 2
378 556
1 9 2
55 457
1 13 2
2 541
1 16 2
249 443
1 4 2
165 325
1 8 2
269 614
1 17 2
462 682
1 8 2
133 357
1 10 2
14 304
1 10 2
230 482
1 4 2
86 284
1 9 2
188 588
1 7 2
311 351
1 11 2
599 667
1 4 2
65 421
1 10 2
577 710
1 5 2
88 539
1 7 2
133 134
1 13 2
553 620
1 17 2
739 775
1 14 2
105 131
1 20 2
59 273
1 3 2
322 472
1 15 2
308 790
1 17 2
57 592
1 10 2
115 635
1 14 2
70 314
1 8 2
195 362
1 12 2
459 782
1 13 2
118 364
1 15 2
449 645
1 10 2
325 667
1 8 2
14 190
1 16 2
66 657
1 8 2
228 471
1 9 2
608 755
1 10 2
48 457
1 9 2
140 438
1 15 2
264 491
1 19 2
26 318
1 11 2
547 764
1 5 2
368 500
1 13 2
570 617
1 14 2
300 509
1 4 2
187 427
1 9 2
64 286
1 10 2
487 524
1 9 2
442 722
1 11 2
169 364
1 9 2
202 393
1 9 2
149 525
1 11 2
306 560
1 7 2
646 731
1 16 2
28 602
1 9 2
237 697
1 15 2
141 477
1 12 2
422 583
1 11 2
479 734
1 12 2
168 642
1 9 2
773 778
1 8 2
549 672
1 19 2
14 259
1 8 2
278 644
1 13 2
33 336
1 5 2
408 576
1 14 2
51 544
1 19 2
439 570
1 10 2
102 756
1 13 2
57 750
1 12 2
490 588
1 8 2
187 440
1 16 2
594 696
1 14 2
410 424
1 13 2
446 739
1 9 2
481 731
1 14 2
545 750
1 8 2
483 705
1 3 2
361 738
1 14 2
389 438
1 6 2
75 492
1 13 2
107 546
1 14 2
300 553
1 15 2
94 308
1 8 2
734 781
1 7 2
237 438
1 11 2
91 610
1 15 2
544 569
1 4 2
401 529
1 7 2
479 584
1 8 2
124 543
1 10 2
455 786
1 11 2
109 168
1 9 2
78 634
1 11 2
200 314
1 20 2
570 575
1 5 2
746 753
1 18 2
137 313
1 15 2
296 687
1 6 2
66 689
1 14 2
462 495
1 5 2
414 613
1 11 2
355 546
1 6 2
754 761
1 7 2
520 525
1 11 2
121 459
1 16 2
313 687
1 14 2
383 786
1 9 2
120 520
1 11 2
273 304
1 4 2
42 662
1 7 2
360 440
1 18 2
202 308
1 11 2
287 767
1 2 2
299 686
1 14 2
476 545
1 9 2
36 170
1 5 2
143 382
1 6 2
50 268
1 9 2
270 699
1 13 2
217 257
1 15 2
233 492
1 12 2
108 425
1 7 2
253 643
1 7 2
586 744
1 11 2
105 644
1 17 2
180 203
1 16 2
104 273
1 14 2
1 676
1 12 2
114 541
1 11 2
102 255
1 13 2
40 503
1 15 2
425 726
1 15 2
396 734
1 9 2
331 488
1 8 2
414 678
1 15 2
209 490
1 9 2
176 238
1 13 2
380 532
1 16 2
48 665
1 12 2
523 559
1 8 2
95 506
1 8 2
355 480
1 4 2
80 288
1 17 2
261 359
1 17 2
380 463
1 6 2
401 790
1 10 2
172 544
1 5 2
116 344
1 6 2
107 166
1 20 2
90 318
1 11 2
24 255
1 15 2
546 609
1 14 2
254 617
1 6 2
134 216
1 6 2
638 672
1 8 2
309 396
1 7 2
54 181
1 9 2
5 186
1 20 2
273 298
1 10 2
218 505
1 7 2
116 791
1 8 2
344 597
1 8 2
586 746
1 15 2
469 660
1 6 2
646 757
1 11 2
53 220
1 7 2
332 546
1 10 2
490 716
1 16 2
314 775
1 7 2
169 487
1 8 2
166 657
1 6 2
406 553
1 12 2
234 635
1 18 2
131 670
1 16 2
592 647
1 9 2
195 669
1 17 2
164 356
1 17 2
277 367
1 9 2
461 796
1 13 2
139 411
1 13 2
464 618
1 10 2
201 331
1 6 2
19 530
1 17 2
33 55
1 9 2
136 625
1 8 2
80 783
1 7 2
449 637
1 10 2
42 279
1 11 2
127 538
1 14 2
272 545
1 6 2
140 683
1 11 2
41 389
1 12 2
95 404
1 12 2
274 546
1 6 2
118 761
1 12 2
10 492
1 13 2
139 755
1 12 2
461 659
1 11 2
137 780
1 9 2
667 781
1 14 2
333 551
1 10 2
157 725
1 13 2
301 358
1 13 2
455 760
1 13 2
87 791
1 17 2
383 567
1 16 2
265 556
1 12 2
68 615
1 9 2
138 478
1 15 2
16 340
1 18 2
90 167
1 9 2
70 416
1 9 2
23 608
1 9 2
70 730
1 6 2
515 642
1 10 2
29 703
1 10 2
50 491
1 6 2
219 479
1 17 2
340 470
1 12 2
355 701
1 8 2
505 529
1 11 2
256 608
1 3 2
125 337
1 12 2
224 576
1 18 2
497 645
1 18 2
202 445
1 18 2
128 609
1 9 2
13 609
1 7 2
474 524
1 18 2
87 209
1 9 2
178 403
1 18 2
15 276
1 9 2
234 513
1 17 2
400 767
1 11 2
442 564
1 11 2
345 424
1 17 2
120 478
1 20 2
91 634
1 14 2
575 707
1 9 2
299 485
1 7 2
57 192
1 10 2
722 760
1 9 2
307 593
1 5 2
114 334
1 14 2
620 691
1 8 2
401 567
1 16 2
570 739
1 9 2
146 271
1 14 2
206 701
1 9 2
241 553
1 3 2
186 792
1 10 2
235 475
1 14 2
70 778
1 14 2
403 642
1 17 2
590 592
1 14 2
7 298
1 7 2
555 642
1 10 2
58 489
1 9 2
403 596
1 11 2
196 212
1 3 2
181 262
1 12 2
49 468
1 9 2
345 780
1 6 2
24 639
1 11 2
95 229
1 17 2
74 91
1 20 2
494 775
1 20 2
28 33
1 6 2
506 750
1 4 2
77 772
1 10 2
49 347
1 14 2
380 757
1 5 2
401 454
1 10 2
535 661
1 9 2
200 648
1 16 2
16 220
1 5 2
361 742
1 4 2
339 656
1 10 2
722 739
1 9 2
231 501
1 12 2
34 446
1 8 2
50 523
1 6 2
215 362
1 11 2
241 311
1 4 2
322 390
1 11 2
403 530
1 10 2
22 663
1 6 2
457 799
1 9 2
273 622
1 9 2
111 347
1 10 2
320 449
1 5 2
702 773
1 4 2
185 393
1 17 2
55 152
1 12 2
147 531
1 13 2
234 259
1 9 2
243 266
1 12 2
305 678
1 8 2
647 727
1 14 2
121 714
1 14 2
79 482
1 5 2
223 652
1 14 2
85 380
1 3 2
392 721
1 13 2
131 625
1 12 2
270 691
1 8 2
115 231
1 12 2
195 569
1 10 2
612 657
1 9 2
386 397
1 6 2
210 631
1 10 2
224 773
1 11 2
577 602
1 16 2
594 665
1 16 2
313 644
1 10 2
41 443
1 11 2
87 176
1 16 2
734 760
1 20 2
59 261
1 10 2
77 512
1 8 2
407 458
1 7 2
303 729
1 17 2
35 463
1 14 2
152 644
1 12 2
181 533
1 10 2
212 404
1 9 2
398 773
1 7 2
546 622
1 7 2
352 576
1 5 2
411 765
1 4 2
80 457
1 18 2
448 635
1 4 2
78 713
1 11 2
590 784
1 20 2
217 300
1 10 2
107 147
1 14 2
592 724
1 7 2
206 638
1 6 2
250 267
1 6 2
536 663
1 11 2
173 183
1 6 2
440 781
1 3 2
100 299
1 9 2
486 594
1 9 2
115 164
1 10 2
55 395
1 8 2
388 447
1 18 2
306 778
1 6 2
324 398
1 17 2
400 569
1 8 2
34 796
1 10 2
303 420
1 9 2
364 395
1 8 2
2 708
1 10 2
204 695
1 17 2
290 383
1 12 2
523 577
1 11 2
91 457
1 19 2
291 554
1 2 2
97 747
1 10 2
339 678
1 4 2
4 166
1 18 2
220 552
1 9 2
311 685
1 10 2
319 703
1 19 2
381 439
1 10 2
266 268
1 10 2
455 532
1 20 2
131 462
1 17 2
87 590
1 9 2
5 587
1 16 2
79 141
1 13 2
374 509
1 19 2
372 579
1 15 2
198 277
1 10 2
537 670
1 6 2
120 244
1 5 2
337 707
1 13 2
405 676
1 9 2
554 604
1 6 2
378 538
1 8 2
469 580
1 9 2
650 718
1 10 2
755 791
1 9 2
273 712
1 10 2
147 354
1 15 2
372 419
1 15 2
400 577
1 14 2
81 550
1 4 2
117 325
1 15 2
657 719
1 7 2
470 619
1 10 2
150 469
1 6 2
2 587
1 11 2
373 758
1 15 2
196 279
1 16 2
96 705
1 16 2
107 249
1 10 2
181 548
1 17 2
413 635
1 16 2
273 777
1 11 2
479 665
1 6 2
399 608
1 17 2
426 488
1 10 2
402 448
1 14 2
241 335
1 14 2
293 698
1 11 2
629 757
1 11 2
489 711
1 7 2
327 672
1 4 2
6 145
1 9 2
102 466
1 7 2
651 769
1 15 2
127 544
1 5 2
42 176
1 5 2
216 707
1 17 2
168 524
1 8 2
243 434
1 12 2
15 252
1 13 2
147 403
1 9 2
276 773
1 13 2
79 710
1 16 2
52 118
1 7 2
343 376
1 11 2
252 552
1 18 2
66 485
1 14 2
126 547
1 6 2
309 490
1 14 2
314 476
1 14 2
348 684
1 16 2
141 488
1 9 2
550 762
1 12 2
495 616
1 12 2
22 546
1 12 2
610 634
1 6 2
132 243
1 11 2
283 653
1 11 2
23 756
1 11 2
532 755
1 14 2
3 311
1 3 2
158 735
1 7 2
124 353
1 10 2
52 343
1 12 2
541 610
1 11 2
121 750
1 11 2
29 492
1 11 2
710 759
1 7 2
275 292
1 14 2
467 679
1 11 2
191 569
1 10 2
274 459
1 9 2
683 759
1 19 2
14 737
1 19 2
356 601
1 11 2
209 451
1 7 2
394 459
1 18 2
197 550
1 14 2
137 159
1 18 2
282 640
1 8 2
70 481
1 11 2
0 10
1 13 2
231 286
1 15 2
347 469
1 10 2
139 181
1 10 2
197 763
1 10 2
485 530
1 8 2
221 634
1 13 2
122 345
1 5 2
191 251
1 16 2
76 152
1 17 2
128 589
1 14 2
589 696
1 7 2
580 696
1 7 2
355 555
1 16 2
164 616
1 9 2
123 272
1 17 2
202 679
1 10 2
91 280
1 7 2
0 18
1 8 2
606 771
1 6 2
73 121
1 10 2
297 411
1 9 2
287 543
1 9 2
0 655
1 10 2
161 302
1 9 2
342 512
1 13 2
159 464
1 18 2
442 714
1 15 2
645 679
1 11 2
422 480
1 3 2
175 611
1 14 2
548 569
1 10 2
338 715
1 10 2
386 398
1 11 2
515 551
1 9 2
435 576
1 18 2
249 714
1 6 2
252 301
1 18 2
364 541
1 14 2
210 277
1 7 2
95 732
1 9 2
249 612
1 15 2
400 602
1 10 2
439 481
1 6 2
74 733
1 7 2
100 231
1 13 2
126 264
1 16 2
367 467
1 13 2
107 272
1 15 2
184 601
1 10 2
189 333
1 8 2
2 32
1 6 2
74 514
1 18 2
76 313
1 15 2
94 554
1 17 2
410 715
1 8 2
261 621
1 8 2
139 753
1 5 2
457 661
1 8 2
365 570
1 13 2
342 541
1 7 2
479 773
1 8 2
30 63
1 19 2
93 592
1 12 2
291 435
1 7 2
419 738
1 4 2
97 691
1 8 2
285 757
1 11 2
497 638
1 13 2
212 364
1 3 2
97 302
1 19 2
245 298
1 13 2
159 650
1 4 2
303 662
1 15 2
14 292
1 10 2
496 541
1 3 2
610 732
1 15 2
94 283
1 12 2
286 665
1 13 2
63 490
1 7 2
323 509
1 15 2
546 643
1 14 2
184 497
1 8 2
305 501
1 11 2
328 356
1 11 2
16 312
1 6 2
605 650
1 4 2
72 673
1 15 2
120 161
1 6 2
133 167
1 11 2
423 478
1 20 2
52 491
1 17 2
300 782
1 16 2
259 449
1 10 2
155 265
1 20 2
28 259
1 12 2
529 632
1 12 2
575 684
1 3 2
101 649
1 10 2
614 648
1 7 2
123 330
1 10 2
83 624
1 18 2
204 462
1 14 2
461 657
1 9 2
564 660
1 13 2
210 272
1 11 2
85 648
1 19 2
174 504
1 6 2
472 650
1 9 2
404 745
1 14 2
191 273
1 18 2
489 679
1 19 2
48 249
1 14 2
245 268
1 11 2
645 672
1 17 2
759 775
1 4 2
566 753
1 7 2
264 534
1 18 2
83 87
1 6 2
454 658
1 7 2
57 214
1 17 2
57 775
1 16 2
19 374
1 4 2
392 421
1 9 2
335 391
1 9 2
40 730
1 14 2
247 548
1 9 2
38 122
1 9 2
189 519
1 10 2
14 498
1 8 2
518 691
1 17 2
12 634
1 8 2
7 607
1 18 2
273 356
1 14 2
34 778
1 5 2
322 586
1 8 2
599 684
1 12 2
195 512
1 4 2
80 735
1 10 2
472 676
1 16 2
601 687
1 10 2
137 416
1 5 2
487 675
1 11 2
374 539
1 15 2
533 698
1 15 2
90 449
1 18 2
567 737
1 10 2
185 249
1 12 2
368 556
1 11 2
653 793
1 8 2
349 479
1 20 2
156 308
1 14 2
131 455
1 12 2
413 673
1 12 2
255 373
1 14 2
531 764
1 12 2
43 790
1 18 2
609 725
1 15 2
198 759
1 3 2
72 157
1 11 2
198 479
1 16 2
95 589
1 15 2
5 12
1 7 2
243 658
1 11 2
142 208
1 10 2
354 626
1 18 2
220 541
1 7 2
199 626
1 8 2
578 759
1 9 2
22 142
1 5 2
186 390
1 10 2
403 441
1 18 2
558 585
1 8 2
69 114
1 13 2
136 445
1 12 2
296 706
1 3 2
42 611
1 11 2
147 567
1 14 2
464 698
1 8 2
183 412
1 8 2
7 549
1 7 2
221 705
1 16 2
91 678
1 13 2
327 701
1 5 2
193 692
1 12 2
495 759
1 14 2
2 298
1 11 2
115 403
1 7 2
41 603
1 5 2
736 781
1 16 2
556 777
1 11 2
302 346
1 19 2
28 760
1 4 2
132 555
1 14 2
306 599
1 6 2
223 529
1 10 2
726 756
1 5 2
60 286
1 15 2
449 643
1 11 2
328 504
1 11 2
269 541
1 14 2
464 493
1 10 2
174 534
1 8 2
100 208
1 4 2
146 580
1 12 2
469 636
1 6 2
149 281
1 14 2
346 607
1 4 2
11 626
1 6 2
733 782
1 6 2
678 693
1 9 2
173 180
1 9 2
286 636
1 17 2
74 403
1 11 2
370 388
1 4 2
0 582
1 9 2
265 741
1 18 2
256 701
1 7 2
232 367
1 13 2
454 787
1 6 2
368 527
1 11 2
291 566
1 7 2
189 288
1 6 2
252 501
1 12 2
0 410
1 12 2
86 728
1 11 2
48 321
1 19 2
48 775
1 8 2
89 96
1 8 2
64 525
1 12 2
726 754
1 7 2
651 710
1 10 2
135 305
1 10 2
242 455
1 3 2
304 631
1 16 2
277 535
1 10 2
126 638
1 13 2
59 64
1 7 2
115 191
1 2 2
39 412
1 17 2
283 470
1 14 2
468 513
1 10 2
279 685
1 14 2
220 588
1 11 2
312 609
1 8 2
39 778
1 4 2
267 520
1 11 2
167 355
1 7 2
518 780
1 9 2
336 449
1 15 2
168 547
1 9 2
564 734
1 8 2
28 97
1 15 2
374 459
1 11 2
203 239
1 6 2
481 746
1 7 2
228 729
1 7 2
369 486
1 7 2
54 773
1 17 2
634 696
1 12 2
1 782
1 16 2
388 554
1 15 2
291 373
1 5 2
269 560
1 7 2
2 498
1 10 2
169 424
1 15 2
40 504
1 19 2
95 485
1 6 2
262 341
1 17 2
504 533
1 5 2
339 751
1 17 2
70 201
1 15 2
296 449
1 10 2
202 321
1 14 2
119 189
1 19 2
570 760
1 7 2
597 749
1 14 2
426 706
1 7 2
58 476
1 19 2
197 283
1 7 2
266 713
1 18 2
531 793
1 8 2
138 387
1 14 2
319 589
1 19 2
35 425
1 8 2
597 646
1 10 2
238 490
1 8 2
376 456
1 12 2
176 348
1 12 2
443 663
1 8 2
80 719
1 5 2
188 498
1 16 2
291 583
1 15 2
102 367
1 17 2
5 643
1 11 2
518 524
1 12 2
239 318
1 5 2
262 677
1 13 2
66 243
1 19 2
183 541
1 16 2
233 750
1 13 2
122 411
1 9 2
177 494
1 9 2
40 769
1 8 2
516 708
1 3 2
42 392
1 10 2
546 672
1 9 2
674 788
1 7 2
267 482
1 8 2
198 752
1 17 2
346 398
1 8 2
58 359
1 14 2
194 492
1 10 2
129 339
1 16 2
348 602
1 12 2
556 742
1 20 2
131 306
1 16 2
254 373
1 9 2
10 780
1 12 2
345 606
1 12 2
21 183
1 8 2
306 795
1 14 2
85 777
1 16 2
159 579
1 14 2
77 585
1 7 2
211 524
1 5 2
163 530
1 18 2
359 400
1 2 2
148 753
1 12 2
355 670
1 13 2
105 635
1 4 2
133 748
1 14 2
305 354
1 16 2
156 664
1 11 2
469 539
1 8 2
218 555
1 13 2
104 238
1 10 2
273 275
1 5 2
25 691
1 14 2
525 579
1 17 2
141 283
1 8 2
591 594
1 10 2
34 370
1 11 2
14 683
1 16 2
546 594
1 16 2
449 601
1 17 2
277 291
1 17 2
26 420
1 11 2
445 562
1 15 2
208 359
1 7 2
47 180
1 17 2
85 462
1 5 2
630 791
1 11 2
130 364
1 15 2
131 274
1 6 2
29 749
1 9 2
79 165
1 8 2
84 484
1 14 2
273 509
1 11 2
589 607
1 8 2
419 699
1 10 2
333 532
1 8 2
483 767
1 12 2
787 789
1 8 2
429 484
1 7 2
141 611
1 9 2
237 645
1 16 2
547 775
1 5 2
1 666
1 16 2
74 657
1 16 2
93 463
1 9 2
167 762
1 10 2
76 518
1 16 2
340 367
1 11 2
374 651
1 10 2
95 762
1 14 2
0 403
1 13 2
33 342
1 8 2
255 517
1 13 2
400 703
1 6 2
78 212
1 10 2
182 248
1 13 2
104 464
1 7 2
427 545
1 13 2
503 647
1 11 2
172 470
1 10 2
53 373
1 4 2
37 150
1 11 2
370 558
1 6 2
118 427
1 3 2
429 766
1 8 2
168 792
1 20 2
367 592
1 15 2
29 183
1 12 2
15 399
1 9 2
298 581
1 8 2
8 754
1 8 2
378 503
1 7 2
12 507
1 13 2
118 247
1 12 2
277 532
1 14 2
230 249
1 14 2
147 348
1 10 2
150 488
1 3 2
571 794
1 12 2
181 346
1 11 2
378 592
1 10 2
210 565
1 14 2
141 755
1 9 2
41 492
1 11 2
616 716
1 6 2
34 65
1 4 2
62 744
1 14 2
545 782
1 18 2
448 541
1 12 2
93 543
1 15 2
245 720
1 19 2
161 485
1 17 2
76 504
1 11 2
728 784
1 7 2
64 562
1 6 2
339 379
1 5 2
536 610
1 10 2
286 724
1 10 2
227 358
1 17 2
52 488
1 10 2
648 764
1 10 2
286 384
1 4 2
412 549
1 8 2
365 676
1 15 2
5 424
1 9 2
533 779
1 19 2
59 357
1 7 2
513 598
1 5 2
130 560
1 2 2
67 633
1 12 2
2 122
1 14 2
438 767
1 12 2
398 786
1 17 2
425 767
1 10 2
724 750
1 14 2
182 420
1 5 2
431 434
1 10 2
435 546
1 8 2
99 596
1 4 2
39 595
1 19 2
433 469
1 16 2
383 734
1 5 2
393 746
1 13 2
174 333
1 8 2
388 627
1 16 2
95 364
1 9 2
182 349
1 6 2
411 441
1 11 2
311 769
1 11 2
218 492
1 8 2
101 463
1 6 2
297 394
1 15 2
68 682
1 7 2
502 546
1 7 2
88 513
1 9 2
224 330
1 6 2
170 437
1 13 2
307 597
1 6 2
205 713
1 15 2
156 411
1 12 2
510 707
1 14 2
468 724
1 14 2
59 607
1 15 2
445 759
1 6 2
595 615
1 20 2
15 676
1 9 2
164 674
1 13 2
32 298
1 7 2
56 653
1 10 2
261 768
1 13 2
55 719
1 10 2
388 626
1 19 2
439 620
1 9 2
51 355
1 18 2
79 645
1 14 2
327 697
1 9 2
242 564
1 10 2
259 371
1 12 2
86 760
1 18 2
433 731
1 13 2
90 434
1 19 2
48 634
1 15 2
475 592
1 8 2
649 715
1 12 2
33 199
1 15 2
204 376
1 7 2
345 520
1 8 2
289 488
1 4 2
441 537
1 9 2
201 295
1 12 2
346 416
1 15 2
202 292
1 9 2
13 418
1 5 2
88 353
1 12 2
398 785
1 12 2
140 356
1 5 2
47 726
1 9 2
422 450
1 15 2
193 620
1 14 2
442 477
1 17 2
347 485
1 11 2
19 618
1 7 2
220 621
1 9 2
241 625
1 15 2
29 308
1 11 2
467 495
1 7 2
324 544
1 14 2
533 691
1 11 2
504 610
1 6 2
115 455
1 7 2
60 701
1 6 2
286 500
1 9 2
458 730
1 14 2
264 265
1 10 2
325 410
1 12 2
613 620
1 20 2
59 201
1 8 2
279 709
1 18 2
372 468
1 3 2
641 669
1 7 2
1 638
1 9 2
594 646
1 9 2
373 519
1 3 2
557 591
1 5 2
100 650
1 11 2
505 682
1 17 2
357 760
1 5 2
301 334
1 9 2
558 560
1 4 2
237 423
1 19 2
59 533
1 13 2
298 405
1 11 2
638 701
1 17 2
182 433
1 18 2
468 551
1 18 2
579 788
1 8 2
4 745
1 16 2
546 793
1 9 2
33 502
1 10 2
135 664
1 11 2
159 603
1 9 2
299 348
1 8 2
519 532
1 16 2
438 485
1 10 2
379 552
1 9 2
40 748
1 10 2
64 597
1 18 2
346 556
1 11 2
360 551
1 16 2
270 367
1 20 2
202 489
1 17 2
283 314
1 2 2
225 794
1 8 2
214 363
1 11 2
193 274
1 20 2
128 775
1 15 2
210 632
1 11 2
492 576
1 9 2
357 612
1 11 2
74 399
1 15 2
387 715
1 9 2
286 625
1 10 2
194 593
1 18 2
261 544
1 3 2
483 622
1 12 2
159 184
1 7 2
533 768
1 7 2
63 391
1 11 2
169 182
1 4 2
344 431
1 12 2
245 336
1 9 2
131 162
1 7 2
61 129
1 9 2
334 510
1 7 2
472 783
1 9 2
99 322
1 13 2
16 345
1 7 2
38 650
1 15 2
676 754
1 16 2
632 731
1 5 2
84 559
1 11 2
18 93
1 5 2
177 455
1 10 2
87 185
1 8 2
636 642
1 11 2
127 475
1 15 2
189 425
1 20 2
233 433
1 17 2
443 570
1 5 2
508 520
1 6 2
637 703
1 11 2
184 754
1 4 2
112 352
1 16 2
307 787
1 15 2
632 764
1 8 2
181 583
1 8 2
390 602
1 20 2
346 725
1 11 2
35 303
1 12 2
147 249
1 3 2
561 628
1 9 2
145 439
1 11 2
199 590
1 17 2
52 120
1 14 2
383 798
1 16 2
425 467
1 3 2
522 744
1 10 2
49 184
1 16 2
10 90
1 5 2
573 748
1 19 2
592 705
1 7 2
332 759
1 10 2
3 684
1 9 2
380 401
1 8 2
91 761
1 7 2
328 480
1 16 2
161 198
1 18 2
468 640
1 9 2
424 668
1 15 2
523 570
1 4 2
299 685
1 15 2
254 754
1 11 2
455 550
1 12 2
264 644
1 13 2
137 602
1 13 2
121 554
1 17 2
83 357
1 5 2
17 329
1 10 2
169 235
1 12 2
202 516
1 16 2
131 235
1 8 2
230 711
1 5 2
227 370
1 9 2
193 785
1 18 2
311 725
1 5 2
151 718
1 7 2
262 439
1 13 2
326 533
1 17 2
670 739
1 11 2
317 775
1 3 2
329 573
1 16 2
583 701
1 8 2
272 637
1 12 2
489 703
1 11 2
443 625
1 16 2
183 264
1 12 2
223 592
1 8 2
9 758
1 10 2
27 569
1 13 2
81 373
1 19 2
358 728
1 9 2
525 757
1 9 2
154 346
1 11 2
187 372
1 6 2
130 466
1 12 2
34 136
1 9 2
149 333
1 16 2
119 777
1 20 2
261 426
1 12 2
69 477
1 14 2
292 293
1 6 2
172 205
1 15 2
389 788
1 11 2
446 644
1 6 2
555 562
1 15 2
346 606
1 7 2
659 689
1 7 2
268 539
1 11 2
305 615
1 11 2
139 617
1 8 2
137 721
1 12 2
489 560
1 11 2
156 638
1 12 2
422 576
1 11 2
446 745
1 8 2
436 560
1 6 2
53 186
1 8 2
59 797
1 4 2
185 735
1 20 2
400 697
1 5 2
103 169
1 6 2
330 702
1 11 2
301 464
1 14 2
491 599
1 12 2
137 191
1 15 2
55 276
1 11 2
274 734
1 13 2
212 354
1 7 2
7 784
1 17 2
367 777
1 17 2
12 87
1 7 2
319 507
1 15 2
249 376
1 5 2
125 386
1 5 2
215 366
1 9 2
228 271
1 20 2
90 119
1 11 2
130 443
1 15 2
180 550
1 8 2
85 402
1 15 2
28 255
1 16 2
194 494
1 16 2
134 197
1 9 2
618 730
1 13 2
184 389
1 7 2
263 722
1 7 2
206 466
1 8 2
4 505
1 3 2
138 343
1 14 2
358 370
1 11 2
18 259
1 9 2
461 690
1 9 2
554 573
1 12 2
413 466
1 9 2
604 670
1 12 2
276 475
1 9 2
16 304
1 15 2
388 698
1 17 2
357 367
1 18 2
556 697
1 14 2
118 777
1 16 2
137 259
1 8 2
95 165
1 7 2
42 179
1 14 2
313 375
1 14 2
19 81
1 4 2
371 661
1 3 2
62 709
1 13 2
335 607
1 15 2
347 497
1 12 2
53 793
1 15 2
34 308
1 12 2
14 742
1 12 2
187 380
1 4 2
310 622
1 7 2
266 789
1 10 2
140 210
1 9 2
366 463
1 13 2
339 620
1 8 2
202 649
1 5 2
353 668
1 16 2
439 476
1 11 2
226 348
1 12 2
181 282
1 18 2
87 164
1 14 2
482 620
1 7 2
279 284
1 15 2
265 449
1 10 2
687 690
1 10 2
383 722
1 8 2
165 545
1 12 2
272 449
1 16 2
174 376
1 13 2
199 552
1 5 2
112 320
1 9 2
368 519
1 20 2
298 725
1 14 2
381 691
1 14 2
170 504
1 6 2
11 23
1 7 2
375 773
1 14 2
95 292
1 11 2
263 311
1 11 2
314 525
1 15 2
83 449
1 5 2
329 564
1 4 2
225 450
1 10 2
241 268
1 8 2
340 770
1 13 2
523 755
1 9 2
77 625
1 7 2
430 524
1 3 2
150 409
1 7 2
105 560
1 9 2
134 781
1 6 2
236 664
1 12 2
347 647
1 14 2
340 422
1 12 2
218 319
1 13 2
93 577
1 6 2
23 580
1 14 2
263 645
1 13 2
24 767
1 5 2
20 200
1 17 2
489 687
1 8 2
155 602
1 11 2
264 583
1 17 2
204 380
1 15 2
197 790
1 11 2
175 725
1 4 2
281 536
1 6 2
376 412
1 6 2
77 239
1 7 2
481 691
1 7 2
366 523
1 9 2
96 699
1 10 2
293 349
1 11 2
598 705
1 8 2
21 786
1 12 2
368 777
1 7 2
295 418
1 13 2
0 95
1 12 2
418 519
1 7 2
328 509
1 12 2
87 147
1 15 2
118 128
1 8 2
325 648
1 12 2
48 384
1 17 2
35 493
1 8 2
211 335
1 6 2
752 784
1 9 2
545 722
1 10 2
271 287
1 11 2
29 305
1 9 2
265 771
1 8 2
101 589
1 16 2
286 715
1 10 2
369 626
1 8 2
491 740
1 8 2
25 202
1 19 2
15 739
1 13 2
326 478
1 9 2
209 674
1 10 2
414 616
1 17 2
137 575
1 18 2
697 705
1 9 2
171 735
1 15 2
16 134
1 9 2
40 294
1 3 2
299 391
1 6 2
561 716
1 2 2
385 721
1 8 2
109 614
1 19 2
203 632
1 10 2
198 390
1 9 2
219 376
1 19 2
245 433
1 10 2
499 725
1 6 2
264 540
1 6 2
86 613
1 4 2
173 371
1 11 2
59 534
1 8 2
41 179
1 3 2
84 431
1 19 2
83 273
1 15 2
272 714
1 6 2
230 511
1 10 2
46 793
1 6 2
218 366
1 14 2
124 261
1 8 2
445 674
1 10 2
277 501
1 16 2
91 755
1 20 2
348 620
1 16 2
396 687
1 7 2
242 578
1 17 2
99 775
1 7 2
137 246
1 19 2
291 413
1 12 2
63 559
1 16 2
68 504
1 10 2
321 533
1 9 2
667 727
1 8 2
70 382
1 6 2
138 482
1 7 2
336 748
1 8 2
398 753
1 16 2
134 552
1 14 2
475 701
1 9 2
0 342
1 2 2
154 309
1 15 2
59 345
1 12 2
272 340
1 10 2
458 625
1 15 2
68 208
1 13 2
217 336
1 19 2
291 643
1 7 2
205 421
1 17 2
313 492
1 10 2
311 586
1 11 2
228 346
1 10 2
468 646
1 10 2
217 502
1 16 2
632 664
1 11 2
91 406
1 14 2
123 396
1 2 2
568 628
1 10 2
339 492
1 13 2
355 439
1 7 2
109 724
1 13 2
142 273
1 16 2
95 470
1 14 2
634 648
1 5 2
77 221
1 5 2
379 722
1 10 2
34 250
1 10 2
79 414
1 17 2
210 346
1 14 2
79 729
1 17 2
420 489
1 12 2
533 607
1 14 2
220 665
1 8 2
276 299
1 20 2
261 620
1 16 2
171 357
1 8 2
157 477
1 15 2
373 484
1 10 2
270 736
1 16 2
238 594
1 15 2
238 478
1 4 2
31 636
1 8 2
343 640
1 13 2
279 421
1 5 2
132 257
1 7 2
64 434
1 14 2
629 657
1 10 2
182 516
1 3 2
366 630
1 13 2
279 525
1 9 2
298 694
1 13 2
697 742
1 9 2
106 313
1 19 2
403 478
1 6 2
172 684
1 15 2
197 678
1 16 2
462 726
1 9 2
325 492
1 7 2
325 526
1 13 2
519 788
1 10 2
32 389
1 11 2
336 782
1 17 2
463 728
1 4 2
362 654
1 5 2
89 187
1 9 2
338 698
1 8 2
296 652
1 18 2
131 597
1 11 2
422 538
1 11 2
86 739
1 10 2
3 651
1 8 2
180 275
1 19 2
90 283
1 13 2
122 606
1 7 2
435 603
1 7 2
61 357
1 14 2
272 296
1 8 2
176 755
1 16 2
470 488
1 4 2
447 501
1 18 2
12 714
1 8 2
53 333
1 14 2
629 739
1 15 2
445 767
1 11 2
250 398
1 16 2
28 734
1 16 2
159 657
1 18 2
220 433
1 9 2
98 400
1 8 2
252 618
1 8 2
243 330
1 12 2
87 155
1 14 2
687 759
1 6 2
434 574
1 17 2
131 442
1 8 2
12 73
1 10 2
29 241
1 9 2
567 688
1 12 2
171 756
1 13 2
489 748
1 10 2
64 68
1 15 2
387 739
1 11 2
354 586
1 9 2
243 607
1 11 2
278 737
1 3 2
408 502
1 11 2
484 517
1 8 2
669 710
1 14 2
276 547
1 16 2
293 640
1 10 2
622 632
1 4 2
100 405
1 19 2
356 425
1 10 2
353 616
1 14 2
439 490
1 14 2
410 436
1 16 2
398 760
1 20 2
203 760
1 19 2
249 594
1 6 2
162 376
1 19 2
594 697
1 12 2
607 777
1 11 2
49 57
1 12 2
126 475
1 14 2
576 775
1 8 2
226 231
1 5 2
310 536
1 9 2
179 495
1 18 2
194 358
1 11 2
273 539
1 14 2
83 193
1 17 2
306 759
1 13 2
294 348
1 8 2
21 532
1 5 2
252 423
1 15 2
152 548
1 17 2
83 249
1 14 2
659 783
1 15 2
14 167
1 6 2
268 401
1 9 2
237 524
1 14 2
57 767
1 8 2
43 571
1 4 2
8 227
1 14 2
359 376
1 11 2
21 585
1 17 2
314 725
1 7 2
46 200
1 10 2
101 283
1 4 2
406 610
1 10 2
80 290
1 13 2
122 373
1 6 2
167 258
1 8 2
147 336
1 14 2
139 644
1 8 2
66 622
1 7 2
430 550
1 9 2
367 460
1 14 2
194 458
1 18 2
152 787
1 4 2
573 704
1 15 2
293 782
1 14 2
714 786
1 9 2
592 749
1 10 2
229 418
1 7 2
210 456
1 5 2
559 792
1 10 2
505 750
1 7 2
339 526
1 16 2
152 398
1 7 2
120 337
1 6 2
507 729
1 20 2
202 737
1 4 2
441 624
1 12 2
314 576
1 6 2
142 310
1 12 2
182 375
1 17 2
23 348
1 12 2
107 347
1 4 2
112 395
1 11 2
291 613
1 11 2
578 594
1 9 2
50 489
1 15 2
136 233
1 4 2
144 199
1 12 2
294 439
1 5 2
240 459
1 6 2
392 614
1 8 2
509 642
1 20 2
52 433
1 9 2
141 451
1 6 2
179 530
1 9 2
263 297
1 13 2
478 680
1 19 2
164 552
1 10 2
661 670
1 16 2
476 775
1 13 2
538 544
1 14 2
425 650
1 5 2
379 536
1 9 2
40 384
1 8 2
481 503
1 12 2
4 35
1 14 2
301 478
1 5 2
13 598
1 5 2
515 752
1 11 2
163 503
1 14 2
410 719
1 6 2
428 719
1 7 2
454 603
1 4 2
32 240
1 10 2
318 406
1 10 2
645 711
1 12 2
546 547
1 13 2
2 233
1 15 2
35 471
1 16 2
645 777
1 10 2
541 566
1 9 2
112 335
1 12 2
397 577
1 12 2
346 612
1 9 2
58 705
1 17 2
137 489
1 4 2
166 312
1 15 2
510 523
1 9 2
145 463
1 12 2
544 565
1 9 2
86 677
1 10 2
116 635
1 7 2
101 398
1 15 2
63 319
1 8 2
530 546
1 11 2
184 449
1 17 2
76 99
1 10 2
612 714
1 14 2
354 464
1 8 2
213 249
1 18 2
164 728
1 7 2
186 196
1 8 2
239 247
1 9 2
125 670
1 4 2
332 529
1 14 2
121 413
1 17 2
445 793
1 6 2
466 526
1 16 2
446 676
1 10 2
527 643
1 11 2
125 300
1 7 2
4 730
1 7 2
81 133
1 7 2
389 392
1 6 2
115 703
1 12 2
220 336
1 6 2
185 742
1 18 2
52 265
1 14 2
57 387
1 10 2
404 618
1 8 2
247 527
1 7 2
343 616
1 10 2
79 727
1 16 2
127 131
1 17 2
99 290
1 17 2
33 488
1 17 2
15 678
1 11 2
396 723
1 20 2
233 282
1 10 2
614 745
1 19 2
433 760
1 14 2
152 345
1 5 2
31 224
1 13 2
648 657
1 9 2
153 381
1 13 2
250 601
1 6 2
218 361
1 12 2
478 508
1 10 2
2 419
1 6 2
366 368
1 3 2
573 595
1 7 2
51 578
1 15 2
357 364
1 10 2
7 247
1 18 2
55 254
1 6 2
113 274
1 13 2
23 759
1 15 2
273 319
1 15 2
388 442
1 17 2
96 575
1 15 2
131 691
1 8 2
77 140
1 3 2
427 699
1 15 2
167 544
1 13 2
23 159
1 18 2
388 787
1 10 2
126 223
1 6 2
139 148
1 7 2
502 588
1 15 2
26 136
1 7 2
584 665
1 12 2
463 549
1 15 2
134 782
1 13 2
455 570
1 18 2
335 777
1 7 2
405 526
1 14 2
314 442
1 16 2
102 725
1 5 2
280 526
1 17 2
126 202
1 12 2
645 746
1 20 2
59 468
1 8 2
195 414
1 8 2
205 355
1 13 2
182 438
1 17 2
14 164
1 3 2
656 713
1 13 2
201 297
1 12 2
99 170
1 11 2
80 318
1 16 2
33 493
1 7 2
76 190
1 8 2
35 412
1 11 2
414 697
1 17 2
550 620
1 9 2
384 650
1 13 2
509 705
1 7 2
101 419
1 15 2
189 273
1 14 2
57 739
1 18 2
128 180
1 7 2
507 778
1 12 2
464 729
1 14 2
87 521
1 7 2
408 778
1 13 2
285 439
1 16 2
57 300
1 18 2
354 620
1 7 2
69 612
1 7 2
127 537
1 19 2
282 585
1 16 2
286 714
1 20 2
59 620
1 12 2
559 616
1 16 2
231 335
1 12 2
575 762
1 14 2
2 5
1 8 2
49 607
1 14 2
388 606
1 13 2
386 462
1 6 2
674 786
1 4 2
58 501
1 15 2
171 755
1 15 2
74 425
1 9 2
389 741
1 7 2
210 765
1 7 2
60 283
1 13 2
443 687
1 6 2
226 325
1 8 2
115 311
1 17 2
298 340
1 8 2
200 509
1 12 2
64 79
1 6 2
349 796
1 18 2
374 698
1 12 2
242 286
1 15 2
305 670
1 7 2
225 308
1 10 2
298 557
1 9 2
39 283
1 5 2
165 285
1 8 2
341 394
1 9 2
125 152
1 7 2
328 339
1 8 2
219 644
1 3 2
112 770
1 18 2
96 552
1 12 2
34 461
1 11 2
336 467
1 18 2
74 217
1 17 2
443 489
1 6 2
67 644
1 5 2
100 257
1 11 2
607 755
1 16 2
48 397
1 4 2
21 761
1 16 2
589 715
1 13 2
74 319
1 6 2
660 671
1 10 2
549 588
1 7 2
17 77
1 14 2
56 261
1 13 2
419 535
1 14 2
476 510
1 14 2
286 388
1 15 2
208 293
1 10 2
52 595
1 8 2
42 660
1 14 2
174 660
1 17 2
203 247
1 16 2
373 426
1 19 2
52 164
1 12 2
13 300
1 9 2
81 595
1 7 2
223 798
1 16 2
374 461
1 7 2
238 763
1 10 2
314 518
1 16 2
90 422
1 11 2
226 313
1 17 2
348 719
1 10 2
341 574
1 14 2
282 521
1 11 2
521 691
1 6 2
430 698
1 14 2
433 543
1 13 2
1 632
1 13 2
16 193
1 17 2
357 548
1 8 2
296 628
1 3 2
362 633
1 4 2
58 781
1 9 2
420 534
1 7 2
327 637
1 18 2
14 594
1 7 2
271 688
1 8 2
80 602
1 16 2
714 731
1 6 2
269 297
1 14 2
163 313
1 8 2
32 532
1 15 2
346 754
1 18 2
433 477
1 18 2
55 701
1 17 2
167 259
1 13 2
524 644
1 6 2
94 401
1 12 2
359 495
1 14 2
293 660
1 9 2
349 476
1 8 2
112 569
1 17 2
168 705
1 7 2
302 375
1 11 2
159 519
1 19 2
485 715
1 14 2
270 682
1 15 2
14 644
1 9 2
86 268
1 12 2
311 745
1 3 2
89 237
1 13 2
200 335
1 15 2
424 590
1 17 2
308 418
1 10 2
254 662
1 12 2
257 715
1 6 2
186 617
1 10 2
250 488
1 4 2
160 187
1 15 2
16 544
1 15 2
282 577
1 11 2
86 570
1 12 2
359 648
1 6 2
157 339
1 19 2
552 585
1 20 2
291 552
1 14 2
10 308
1 4 2
100 450
1 12 2
271 583
1 7 2
310 660
1 11 2
380 603
1 3 2
671 735
1 20 2
413 433
1 14 2
137 569
1 16 2
282 790
1 10 2
118 191
1 18 2
93 306
1 11 2
230 614
1 13 2
114 346
1 20 2
254 306
1 4 2
114 654
1 20 2
26 52
1 18 2
217 418
1 8 2
204 329
1 19 2
504 541
1 6 2
135 223
1 11 2
95 798
1 16 2
492 620
1 10 2
297 389
1 8 2
667 753
1 9 2
223 790
1 15 2
10 552
1 3 2
17 631
1 8 2
64 480
1 8 2
703 798
1 9 2
77 480
1 5 2
269 562
1 7 2
469 666
1 15 2
198 477
1 15 2
308 424
1 6 2
310 342
1 5 2
674 718
1 20 2
346 489
1 14 2
76 136
1 7 2
199 655
1 11 2
274 667
1 17 2
367 470
1 12 2
124 171
1 10 2
307 479
1 6 2
122 619
1 11 2
463 708
1 9 2
347 655
1 11 2
341 745
1 4 2
160 342
1 10 2
691 758
1 14 2
142 448
1 18 2
420 426
1 12 2
706 726
1 7 2
429 476
1 2 2
84 738
1 20 2
306 485
1 11 2
9 279
1 20 2
203 485
1 19 2
533 725
1 15 2
182 635
1 8 2
93 795
1 17 2
422 433
1 6 2
114 431
1 7 2
377 550
1 16 2
15 34
1 7 2
138 467
1 12 2
614 691
1 6 2
582 767
1 11 2
118 475
1 6 2
452 785
1 15 2
194 645
1 7 2
100 767
1 7 2
60 494
1 9 2
126 269
1 10 2
202 781
1 12 2
33 370
1 11 2
394 715
1 5 2
509 700
1 9 2
325 758
1 10 2
173 388
1 14 2
57 759
1 7 2
597 740
1 7 2
211 510
1 9 2
48 101
1 9 2
524 571
1 7 2
589 633
1 9 2
102 108
1 6 2
360 434
1 11 2
51 436
1 18 2
201 546
1 13 2
70 198
1 11 2
524 681
1 14 2
259 339
1 6 2
741 780
1 7 2
73 512
1 8 2
71 714
1 8 2
109 347
1 14 2
136 443
1 11 2
54 290
1 13 2
535 745
1 5 2
148 243
1 9 2
63 323
1 10 2
469 771
1 16 2
63 83
1 6 2
194 694
1 6 2
106 182
1 15 2
493 634
1 11 2
48 661
1 19 2
358 705
1 16 2
167 645
1 9 2
414 682
1 17 2
403 443
1 11 2
549 759
1 12 2
364 663
1 12 2
370 478
1 15 2
90 479
1 13 2
114 273
1 12 2
118 492
1 20 2
128 470
1 20 2
298 372
1 17 2
194 478
1 13 2
141 724
1 11 2
359 368
1 14 2
191 601
1 5 2
405 499
1 17 2
396 463
1 6 2
27 384
1 15 2
87 238
1 4 2
65 330
1 13 2
189 698
1 8 2
4 124
1 11 2
33 637
1 18 2
14 87
1 10 2
98 254
1 10 2
255 607
1 6 2
338 555
1 17 2
439 463
1 8 2
36 508
1 10 2
539 767
1 18 2
90 354
1 15 2
137 767
1 9 2
88 418
1 10 2
16 294
1 11 2
341 455
1 7 2
327 796
1 5 2
309 663
1 13 2
32 425
1 7 2
142 781
1 10 2
553 644
1 10 2
414 533
1 17 2
180 494
1 18 2
551 585
1 18 2
171 356
1 7 2
248 327
1 15 2
59 218
1 12 2
96 599
1 5 2
605 673
1 3 2
27 619
1 11 2
175 491
1 19 2
15 164
1 13 2
579 636
1 9 2
440 677
1 2 2
580 753
1 13 2
12 547
1 14 2
495 701
1 11 2
33 434
1 6 2
316 384
1 11 2
55 416
1 8 2
354 639
1 9 2
16 451
1 14 2
3 503
1 14 2
99 576
1 15 2
354 698
1 17 2
201 208
1 10 2
7 458
1 5 2
100 135
1 6 2
0 45
1 16 2
204 359
1 9 2
397 653
1 6 2
364 776
1 10 2
349 657
1 15 2
19 254
1 15 2
241 462
1 15 2
290 524
1 7 2
472 728
1 2 2
71 211
1 13 2
164 234
1 20 2
90 491
1 10 2
141 526
1 14 2
283 660
1 11 2
369 454
1 14 2
300 480
1 8 2
125 777
1 8 2
21 650
1 8 2
40 310
1 4 2
27 78
1 18 2
550 737
1 8 2
18 521
1 10 2
125 697
1 6 2
181 702
1 7 2
599 713
1 12 2
139 549
1 11 2
199 728
1 11 2
371 592
1 15 2
171 476
1 12 2
200 204
1 12 2
517 541
1 9 2
173 256
1 8 2
343 739
1 6 2
145 453
1 15 2
469 750
1 14 2
308 677
1 20 2
249 254
1 16 2
255 374
1 10 2
384 569
1 12 2
9 282
1 12 2
396 593
1 8 2
256 596
1 16 2
76 670
1 13 2
54 439
1 18 2
91 141
1 17 2
346 503
1 12 2
335 519
1 7 2
251 388
1 9 2
213 632
1 15 2
272 478
1 11 2
90 722
1 8 2
26 82
1 15 2
74 159
1 8 2
280 687
1 7 2
160 567
1 10 2
406 634
1 16 2
129 594
1 11 2
359 703
1 6 2
50 51
1 13 2
347 503
1 7 2
417 716
1 3 2
500 766
1 7 2
93 619
1 11 2
210 339
1 12 2
372 526
1 5 2
230 432
1 5 2
77 409
1 11 2
34 272
1 4 2
229 473
1 14 2
261 285
1 6 2
564 730
1 14 2
134 354
1 16 2
74 634
1 8 2
94 638
1 12 2
70 234
1 14 2
455 484
1 3 2
281 507
1 15 2
193 701
1 15 2
354 387
1 16 2
134 551
1 5 2
366 703
1 9 2
333 454
1 10 2
129 405
1 13 2
448 742
1 11 2
183 185
1 9 2
271 516
1 12 2
478 769
1 19 2
5 87
1 17 2
26 488
1 7 2
174 377
1 8 2
322 510
1 10 2
26 73
1 10 2
0 455
1 5 2
213 454
1 19 2
99 197
1 14 2
306 754
1 14 2
26 680
1 15 2
167 469
1 10 2
120 517
1 15 2
389 698
1 9 2
247 781
1 10 2
121 691
1 8 2
118 520
1 17 2
458 714
1 4 2
145 395
1 8 2
452 629
1 8 2
229 710
1 15 2
99 419
1 8 2
50 782
1 12 2
363 599
1 13 2
139 292
1 14 2
40 95
1 10 2
27 410
1 2 2
30 428
1 11 2
494 653
1 11 2
140 445
1 10 2
697 779
1 15 2
202 576
1 7 2
12 284
1 5 2
263 733
1 7 2
319 391
1 9 2
499 767
1 11 2
49 388
1 15 2
134 697
1 14 2
263 491
1 11 2
303 318
1 10 2
208 565
1 11 2
368 750
1 12 2
137 234
1 13 2
51 418
1 17 2
318 719
1 17 2
120 282
1 4 2
302 792
1 12 2
43 710
1 12 2
76 333
1 5 2
34 621
1 14 2
83 757
1 4 2
520 712
1 6 2
580 588
1 10 2
518 588
1 11 2
57 677
1 12 2
57 678
1 12 2
68 404
1 14 2
85 510
1 15 2
23 198
1 7 2
165 410
1 6 2
210 580
1 12 2
301 728
1 7 2
704 790
1 8 2
234 655
1 5 2
251 786
1 7 2
336 501
1 15 2
307 484
1 6 2
244 247
1 11 2
344 358
1 16 2
3 793
1 7 2
186 482
1 4 2
537 598
1 15 2
270 340
1 15 2
290 664
1 16 2
335 597
1 5 2
49 213
1 13 2
34 492
1 17 2
83 120
1 9 2
362 696
1 16 2
293 788
1 14 2
34 442
1 3 2
258 516
1 8 2
430 760
1 13 2
681 775
1 13 2
632 780
1 8 2
140 607
1 5 2
97 264
1 7 2
7 708
1 7 2
511 734
1 7 2
8 648
1 12 2
668 676
1 8 2
259 709
1 9 2
742 786
1 10 2
201 735
1 9 2
170 200
1 13 2
618 783
1 15 2
96 341
1 8 2
505 642
1 17 2
174 439
1 11 2
176 643
1 11 2
468 713
1 11 2
163 782
1 16 2
43 535
1 7 2
547 712
1 20 2
59 676
1 9 2
262 367
1 7 2
218 722
1 14 2
201 495
1 2 2
412 639
1 12 2
476 549
1 7 2
292 753
1 6 2
170 571
1 9 2
18 74
1 19 2
403 715
1 11 2
54 458
1 17 2
469 531
1 10 2
247 669
1 7 2
72 439
1 11 2
224 368
1 12 2
616 729
1 10 2
40 716
1 10 2
174 406
1 4 2
135 500
1 11 2
169 418
1 18 2
28 777
1 14 2
546 664
1 10 2
340 395
1 7 2
76 106
1 4 2
526 580
1 8 2
326 707
1 4 2
351 518
1 6 2
115 146
1 8 2
118 330
1 11 2
485 600
1 5 2
114 511
1 6 2
106 618
1 7 2
239 680
1 8 2
3 627
1 14 2
254 729
1 6 2
543 717
1 3 2
465 563
1 13 2
642 657
1 7 2
187 603
1 12 2
691 783
1 13 2
261 501
1 16 2
182 697
1 13 2
59 386
1 20 2
634 725
1 4 2
689 718
1 11 2
134 455
1 13 2
137 182
1 14 2
589 687
1 10 2
318 460
1 18 2
87 544
1 5 2
639 769
1 16 2
389 541
1 13 2
531 724
1 6 2
64 80
1 8 2
152 281
1 12 2
342 739
1 18 2
426 546
1 17 2
443 575
1 7 2
342 651
1 6 2
167 568
1 11 2
390 634
1 12 2
292 397
1 15 2
34 697
1 9 2
355 764
1 16 2
594 659
1 15 2
238 554
1 13 2
171 446
1 8 2
198 779
1 10 2
353 698
1 11 2
215 701
1 14 2
433 455
1 8 2
249 432
1 7 2
186 230
1 10 2
585 695
1 10 2
93 511
1 19 2
35 448
1 16 2
194 541
1 14 2
122 755
1 16 2
273 734
1 6 2
431 516
1 14 2
94 470
1 12 2
5 672
1 18 2
33 152
1 16 2
413 438
1 15 2
193 374
1 8 2
451 550
1 10 2
259 444
1 7 2
561 757
1 8 2
56 796
1 15 2
233 618
1 11 2
41 728
1 4 2
260 331
1 9 2
334 667
1 10 2
373 780
1 10 2
452 705
1 9 2
24 149
1 5 2
303 304
1 3 2
507 772
1 9 2
48 628
1 18 2
93 484
1 7 2
42 479
1 18 2
256 283
1 5 2
500 525
1 9 2
224 248
1 16 2
139 308
1 11 2
161 742
1 13 2
142 579
1 12 2
245 769
1 15 2
128 764
1 15 2
458 567
1 6 2
660 795
1 10 2
141 675
1 14 2
79 272
1 13 2
79 538
1 7 2
761 778
1 20 2
87 787
1 6 2
2 639
1 7 2
0 481
1 19 2
298 640
1 18 2
254 389
1 13 2
191 254
1 12 2
394 478
1 5 2
382 517
1 8 2
242 661
1 16 2
609 640
1 9 2
243 519
1 15 2
15 438
1 8 2
250 602
1 9 2
128 563
1 4 2
666 769
1 15 2
12 569
1 12 2
197 248
1 11 2
152 562
1 4 2
7 162
1 6 2
375 674
1 13 2
107 134
1 6 2
278 495
1 11 2
23 285
1 7 2
175 243
1 5 2
105 391
1 9 2
562 618
1 9 2
418 771
1 8 2
208 628
1 11 2
64 194
1 8 2
80 618
1 5 2
150 402
1 9 2
369 722
1 12 2
243 397
1 11 2
77 783
1 19 2
439 725
1 8 2
454 799
1 9 2
261 596
1 13 2
179 458
1 15 2
230 697
1 11 2
212 710
1 3 2
27 580
1 6 2
226 648
1 9 2
4 292
1 11 2
336 734
1 9 2
89 381
1 9 2
167 219
1 5 2
1 662
1 9 2
338 467
1 11 2
695 775
1 15 2
235 697
1 13 2
191 279
1 11 2
86 705
1 8 2
520 659
1 19 2
400 469
1 6 2
305 377
1 9 2
597 721
1 12 2
274 589
1 9 2
109 341
1 5 2
520 789
1 10 2
151 367
1 5 2
455 656
1 11 2
90 626
1 18 2
35 590
1 14 2
389 397
1 17 2
620 731
1 17 2
203 687
1 4 2
144 515
1 14 2
136 282
1 11 2
388 636
1 4 2
65 147
1 12 2
29 139
1 12 2
147 556
1 11 2
87 773
1 19 2
33 358
1 16 2
276 737
1 18 2
489 788
1 10 2
463 655
1 6 2
169 511
1 18 2
504 645
1 5 2
243 772
1 17 2
364 470
1 7 2
496 614
1 5 2
185 598
1 20 2
217 676
1 4 2
395 537
1 4 2
366 748
1 8 2
86 326
1 4 2
11 529
1 13 2
492 524
1 12 2
48 487
1 9 2
276 536
1 10 2
241 606
1 6 2
532 605
1 13 2
642 788
1 15 2
296 467
1 9 2
126 595
1 8 2
419 555
1 8 2
475 526
1 8 2
241 539
1 13 2
19 418
1 2 2
237 392
1 13 2
22 224
1 13 2
445 607
1 9 2
38 319
1 7 2
47 556
1 5 2
138 248
1 16 2
156 438
1 12 2
328 396
1 11 2
70 742
1 7 2
0 661
1 9 2
384 783
1 7 2
454 758
1 10 2
56 677
1 14 2
263 489
1 14 2
96 373
1 9 2
28 160
1 11 2
42 254
1 4 2
192 564
1 12 2
223 484
1 15 2
265 597
1 10 2
490 553
1 8 2
650 669
1 11 2
687 785
1 7 2
285 517
1 14 2
478 785
1 20 2
156 204
1 11 2
362 426
1 16 2
358 588
1 15 2
95 523
1 16 2
194 488
1 13 2
136 363
1 18 2
261 364
1 10 2
476 608
1 6 2
144 664
1 12 2
606 719
1 17 2
313 667
1 16 2
233 667
1 5 2
215 661
1 6 2
135 561
1 8 2
376 431
1 9 2
287 312
1 9 2
421 479
1 19 2
535 697
1 8 2
228 726
1 15 2
300 512
1 13 2
7 426
1 17 2
182 209
1 16 2
120 249
1 13 2
70 196
1 9 2
32 411
1 8 2
141 595
1 14 2
546 719
1 10 2
334 491
1 8 2
179 360
1 14 2
51 119
1 2 2
409 582
1 12 2
16 375
1 15 2
217 648
1 4 2
405 633
1 15 2
182 554
1 9 2
372 382
1 9 2
280 535
1 18 2
28 533
1 3 2
393 456
1 12 2
482 667
1 9 2
660 703
1 17 2
314 396
1 14 2
490 787
1 6 2
100 618
1 8 2
519 549
1 3 2
465 662
1 7 2
228 586
1 8 2
165 497
1 7 2
605 678
1 6 2
56 281
1 6 2
186 650
1 15 2
341 554
1 4 2
518 572
1 5 2
191 747
1 5 2
92 196
1 6 2
285 595
1 12 2
304 348
1 16 2
74 313
1 18 2
5 470
1 8 2
74 661
1 8 2
122 382
1 7 2
422 428
1 20 2
491 787
1 14 2
5 707
1 19 2
383 760
1 20 2
254 374
1 6 2
243 700
1 8 2
301 636
1 4 2
593 747
1 9 2
81 269
1 4 2
407 613
1 17 2
463 635
1 18 2
314 433
1 7 2
109 163
1 7 2
176 677
1 17 2
313 398
1 13 2
245 549
1 17 2
478 657
1 8 2
130 404
1 6 2
180 216
1 20 2
59 306
1 13 2
271 597
1 10 2
501 609
1 11 2
497 685
1 7 2
294 505
1 14 2
665 782
1 10 2
416 510
1 16 2
16 594
1 20 2
381 714
1 10 2
135 687
1 15 2
305 470
1 8 2
98 122
1 19 2
308 374
1 14 2
105 601
1 9 2
678 727
1 7 2
361 443
1 17 2
356 609
1 6 2
395 562
1 10 2
115 363
1 13 2
195 276
1 6 2
351 678
1 16 2
23 737
1 20 2
318 504
1 10 2
1 419
1 3 2
628 741
1 7 2
9 312
1 12 2
81 490
1 7 2
543 702
1 6 2
213 411
1 11 2
233 675
1 13 2
202 355
1 7 2
50 389
1 12 2
2 550
1 10 2
367 770
1 5 2
176 675
1 18 2
462 643
1 11 2
419 538
1 9 2
356 763
1 9 2
268 454
1 14 2
79 320
1 7 2
185 559
1 15 2
469 503
1 17 2
99 198
1 8 2
231 668
1 20 2
15 28
1 6 2
266 661
1 7 2
121 688
1 7 2
10 451
1 17 2
523 701
1 13 2
3 532
1 11 2
424 475
1 9 2
125 220
1 12 2
168 375
1 16 2
19 298
1 9 2
107 304
1 17 2
23 156
1 9 2
108 503
1 18 2
68 261
1 17 2
119 182
1 14 2
479 585
1 10 2
538 583
1 9 2
510 675
1 9 2
372 401
1 11 2
122 513
1 12 2
129 758
1 12 2
521 609
1 12 2
182 230
1 18 2
161 346
1 7 2
268 773
1 11 2
53 635
1 10 2
426 498
1 15 2
400 660
1 15 2
380 618
1 12 2
164 513
1 13 2
640 764
1 16 2
68 265
1 12 2
18 346
1 16 2
164 567
1 9 2
206 320
1 12 2
74 521
1 8 2
442 573
1 20 2
261 697
1 10 2
79 613
1 8 2
82 126
1 19 2
161 306
1 9 2
46 545
1 7 2
314 498
1 4 2
222 297
1 7 2
333 352
1 6 2
327 530
1 19 2
256 358
1 15 2
374 691
1 10 2
88 374
1 12 2
109 318
1 16 2
79 523
1 8 2
354 751
1 12 2
307 698
1 10 2
196 375
1 10 2
544 555
1 4 2
329 394
1 16 2
570 609
1 15 2
411 425
1 8 2
61 548
1 4 2
13 401
1 6 2
710 768
1 12 2
254 362
1 12 2
387 660
1 3 2
39 474
1 11 2
130 137
1 8 2
250 549
1 11 2
647 799
1 5 2
260 414
1 16 2
159 531
1 17 2
66 283
1 13 2
94 161
1 3 2
252 332
1 10 2
3 9
1 18 2
26 168
1 12 2
504 517
1 15 2
206 291
1 6 2
32 278
1 13 2
231 778
1 11 2
194 756
1 8 2
511 664
1 10 2
26 451
1 15 2
55 271
1 9 2
116 734
1 18 2
283 635
1 11 2
525 783
1 17 2
425 659
1 7 2
76 500
1 11 2
96 285
1 11 2
536 657
1 9 2
505 758
1 8 2
13 107
1 7 2
285 784
1 17 2
90 503
1 15 2
396 475
1 13 2
69 788
1 15 2
546 760
1 10 2
486 601
1 8 2
405 756
1 7 2
289 505
1 11 2
376 758
1 15 2
433 479
1 8 2
52 251
1 11 2
95 109
1 6 2
116 762
1 14 2
463 644
1 4 2
188 751
1 16 2
93 231
1 6 2
312 444
1 6 2
339 431
1 11 2
328 488
1 14 2
5 241
1 17 2
220 715
1 19 2
533 620
1 3 2
771 772
1 6 2
124 511
1 3 2
78 246
1 9 2
590 627
1 16 2
369 551
1 9 2
605 775
1 19 2
256 348
1 4 2
9 67
1 11 2
40 200
1 3 2
219 572
1 7 2
69 260
1 14 2
56 217
1 19 2
259 725
1 7 2
436 688
1 4 2
378 465
1 8 2
583 796
1 16 2
306 755
1 15 2
183 678
1 11 2
242 757
1 14 2
136 442
1 10 2
212 724
1 15 2
716 725
1 11 2
726 785
1 10 2
210 769
1 12 2
171 495
1 16 2
102 261
1 10 2
290 529
1 11 2
10 118
1 8 2
284 439
1 3 2
456 761
1 10 2
247 516
1 12 2
108 197
1 6 2
130 303
1 8 2
47 579
1 16 2
364 739
1 12 2
4 83
1 11 2
601 658
1 6 2
499 669
1 18 2
119 570
1 18 2
233 497
1 9 2
710 789
1 8 2
12 695
1 11 2
182 268
1 17 2
90 194
1 6 2
783 792
1 11 2
104 576
1 8 2
326 672
1 10 2
197 323
1 3 2
75 138
1 14 2
189 348
1 6 2
84 493
1 11 2
28 371
1 9 2
200 786
1 19 2
233 254
1 14 2
3 347
1 10 2
33 175
1 8 2
631 793
1 7 2
146 355
1 15 2
292 439
1 9 2
529 667
1 8 2
532 703
1 6 2
147 741
1 5 2
80 683
1 10 2
446 663
1 15 2
68 364
1 12 2
515 592
1 10 2
73 579
1 12 2
107 193
1 12 2
424 446
1 2 2
299 337
1 8 2
246 535
1 7 2
263 267
1 12 2
349 413
1 6 2
366 648
1 12 2
163 442
1 16 2
249 293
1 16 2
217 376
1 14 2
484 615
1 15 2
74 369
1 13 2
376 523
1 9 2
12 527
1 11 2
215 728
1 10 2
173 372
1 10 2
24 243
1 19 2
367 554
1 11 2
590 789
1 7 2
264 361
1 11 2
730 787
1 17 2
367 550
1 16 2
256 311
1 4 2
362 604
1 7 2
307 431
1 8 2
81 528
1 12 2
0 208
1 17 2
87 126
1 7 2
457 607
1 12 2
156 405
1 12 2
41 725
1 9 2
86 307
1 18 2
15 76
1 10 2
194 789
1 13 2
547 629
1 14 2
233 710
1 9 2
383 743
1 13 2
77 531
1 8 2
123 543
1 11 2
231 532
1 14 2
242 793
1 16 2
57 128
1 16 2
102 306
1 15 2
218 282
1 3 2
165 522
1 8 2
589 766
1 16 2
167 504
1 12 2
298 330
1 13 2
204 525
1 3 2
148 219
1 14 2
19 554
1 13 2
588 698
1 10 2
233 624
1 8 2
123 142
1 11 2
55 130
1 12 2
282 316
1 16 2
575 759
1 15 2
438 541
1 6 2
69 662
1 10 2
721 728
1 11 2
187 503
1 9 2
124 163
1 5 2
189 582
1 14 2
313 525
1 12 2
16 480
1 9 2
283 486
1 10 2
5 275
1 12 2
697 736
1 10 2
539 594
1 9 2
59 281
1 8 2
186 767
1 10 2
342 597
1 7 2
116 339
1 8 2
302 359
1 19 2
164 197
1 10 2
615 750
1 5 2
205 498
1 5 2
44 543
1 11 2
339 687
1 6 2
559 763
1 7 2
18 758
1 4 2
27 563
1 5 2
542 780
1 13 2
24 161
1 18 2
550 787
1 7 2
164 656
1 9 2
353 629
1 15 2
137 546
1 15 2
12 389
1 12 2
16 764
1 7 2
82 734
1 4 2
162 487
1 11 2
48 108
1 4 2
536 627
1 13 2
49 448
1 7 2
78 777
1 16 2
714 750
1 9 2
228 354
1 12 2
321 491
1 9 2
110 632
1 10 2
46 737
1 12 2
86 396
1 8 2
558 688
1 10 2
208 718
1 8 2
210 395
1 8 2
672 758
1 13 2
139 523
1 9 2
116 238
1 7 2
469 686
1 8 2
369 613
1 9 2
138 256
1 4 2
223 401
1 14 2
576 645
1 8 2
320 736
1 12 2
397 532
1 11 2
485 499
1 13 2
164 375
1 8 2
80 471
1 15 2
52 268
1 15 2
202 790
1 4 2
109 385
1 17 2
68 552
1 9 2
730 750
1 10 2
159 205
1 16 2
493 556
1 4 2
661 770
1 14 2
326 335
1 9 2
269 545
1 18 2
249 259
1 7 2
8 617
1 12 2
176 484
1 9 2
147 193
1 12 2
255 503
1 16 2
425 719
1 4 2
106 173
1 15 2
296 389
1 9 2
14 402
1 19 2
426 705
1 7 2
142 219
1 17 2
306 422
1 3 2
58 214
1 10 2
280 462
1 9 2
214 445
1 15 2
182 594
1 9 2
378 389
1 8 2
247 402
1 7 2
293 686
1 11 2
108 396
1 9 2
78 217
1 15 2
3 256
1 8 2
296 361
1 13 2
107 118
1 11 2
400 527
1 13 2
697 708
1 15 2
118 645
1 7 2
221 439
1 9 2
229 438
1 12 2
210 274
1 13 2
505 697
1 4 2
27 65
1 10 2
6 55
1 11 2
301 767
1 14 2
23 731
1 12 2
344 383
1 11 2
53 290
1 7 2
310 681
1 16 2
305 676
1 2 2
542 649
1 13 2
40 734
1 11 2
677 783
1 19 2
183 356
1 20 2
396 634
1 19 2
282 372
1 7 2
67 570
1 11 2
90 310
1 10 2
132 209
1 12 2
29 583
1 13 2
298 708
1 8 2
39 194
1 8 2
85 741
1 8 2
501 583
1 1 2
117 732
1 16 2
504 589
1 10 2
100 403
1 13 2
170 760
1 8 2
520 778
1 13 2
327 448
1 17 2
66 468
1 8 2
754 789
1 13 2
491 756
1 13 2
532 551
1 9 2
168 227
1 9 2
180 338
1 6 2
44 51
1 9 2
59 332
1 16 2
87 373
1 7 2
21 218
1 8 2
135 169
1 8 2
282 391
1 8 2
182 744
1 16 2
12 174
1 6 2
186 564
1 9 2
757 786
1 17 2
5 204
1 13 2
249 791
1 10 2
238 479
1 9 2
382 616
1 11 2
395 396
1 7 2
45 492
1 8 2
269 759
1 15 2
306 663
1 14 2
419 552
1 4 2
452 584
1 3 2
46 514
1 19 2
79 489
1 11 2
108 657
1 8 2
228 523
1 7 2
70 361
1 10 2
292 327
1 14 2
183 729
1 16 2
369 372
1 8 2
270 289
1 6 2
498 513
1 18 2
161 620
1 7 2
64 297
1 14 2
19 478
1 12 2
513 558
1 15 2
204 734
1 10 2
218 786
1 11 2
191 546
1 10 2
126 564
1 9 2
212 565
1 7 2
561 599
1 13 2
397 410
1 7 2
447 665
1 12 2
270 455
1 15 2
127 308
1 17 2
12 48
1 9 2
267 319
1 16 2
410 609
1 7 2
471 658
1 15 2
455 601
1 18 2
249 725
1 12 2
142 545
1 12 2
159 326
1 10 2
199 247
1 11 2
199 558
1 12 2
95 724
1 11 2
120 287
1 17 2
139 254
1 9 2
212 672
1 9 2
4 492
1 6 2
226 708
1 17 2
396 445
1 16 2
271 358
1 19 2
306 497
1 16 2
66 197
1 8 2
677 748
1 11 2
265 655
1 12 2
140 396
1 17 2
425 503
1 11 2
18 209
1 15 2
200 714
1 9 2
196 603
1 14 2
372 729
1 7 2
370 414
1 15 2
357 464
1 12 2
10 449
1 11 2
445 603
1 5 2
324 505
1 12 2
95 142
1 15 2
68 359
1 15 2
209 734
1 10 2
217 766
1 12 2
93 250
1 8 2
152 214
1 16 2
95 356
1 7 2
302 754
1 3 2
260 472
1 18 2
363 374
1 10 2
488 685
1 12 2
196 493
1 11 2
181 777
1 4 2
299 675
1 9 2
590 600
1 8 2
136 362
1 4 2
211 519
1 8 2
394 532
1 8 2
411 685
1 11 2
134 440
1 9 2
745 786
1 7 2
277 581
1 9 2
303 550
1 4 2
351 517
1 16 2
296 418
1 10 2
217 530
1 8 2
573 759
1 8 2
105 349
1 10 2
52 366
1 17 2
478 545
1 11 2
598 787
1 15 2
107 635
1 4 2
227 349
1 12 2
70 505
1 13 2
140 592
1 9 2
24 336
1 11 2
118 617
1 7 2
47 632
1 8 2
126 331
1 9 2
490 746
1 9 2
53 255
1 13 2
7 52
1 14 2
443 719
1 8 2
328 706
1 12 2
230 442
1 13 2
548 648
1 17 2
531 597
1 18 2
590 676
1 13 2
433 708
1 11 2
238 512
1 3 2
112 447
1 18 2
291 616
1 14 2
85 357
1 14 2
374 799
1 8 2
0 702
1 4 2
9 631
1 8 2
328 710
1 18 2
737 788
1 4 2
343 499
1 8 2
391 793
1 2 2
361 776
1 10 2
212 320
1 11 2
566 676
1 9 2
322 504
1 4 2
526 542
1 17 2
156 340
1 12 2
531 718
1 10 2
49 242
1 8 2
283 391
1 7 2
165 731
1 17 2
318 614
1 12 2
268 438
1 11 2
86 524
1 8 2
389 591
1 13 2
212 418
1 8 2
556 795
1 15 2
23 164
1 11 2
210 479
1 17 2
122 585
1 12 2
69 616
1 6 2
651 798
1 13 2
424 682
1 8 2
194 520
1 8 2
293 751
1 12 2
328 358
1 18 2
383 544
1 15 2
119 731
1 8 2
83 633
1 7 2
200 610
1 5 2
496 730
1 18 2
313 443
1 8 2
21 436
1 8 2
210 406
1 18 2
426 463
1 11 2
508 728
1 5 2
487 752
1 13 2
381 780
1 15 2
70 96
1 15 2
55 755
1 16 2
55 159
1 7 2
414 648
1 13 2
697 724
1 19 2
433 643
1 16 2
193 575
1 14 2
546 698
1 10 2
233 534
1 11 2
550 615
1 15 2
231 313
1 14 2
129 293
1 11 2
96 370
1 14 2
14 583
1 7 2
419 557
1 12 2
64 87
1 15 2
242 245
1 6 2
127 671
1 12 2
130 535
1 5 2
215 722
1 12 2
238 629
1 5 2
112 798
1 3 2
456 465
1 7 2
122 144
1 4 2
58 722
1 3 2
288 427
1 9 2
40 669
1 16 2
292 485
1 9 2
113 531
1 13 2
194 647
1 16 2
76 388
1 10 2
127 342
1 2 2
31 393
1 9 2
446 690
1 6 2
50 479
1 19 2
131 657
1 17 2
182 632
1 5 2
434 770
1 6 2
342 695
1 11 2
139 648
1 7 2
192 554
1 3 2
295 498
1 9 2
3 88
1 9 2
226 376
1 9 2
137 395
1 12 2
220 342
1 9 2
175 477
1 10 2
435 665
1 9 2
127 147
1 4 2
360 688
1 8 2
69 199
1 10 2
73 554
1 5 2
0 337
1 11 2
198 421
1 12 2
305 783
1 13 2
286 726
1 13 2
19 159
1 6 2
407 650
1 3 2
155 385
1 12 2
760 773
1 8 2
378 696
1 16 2
590 609
1 15 2
28 538
1 11 2
504 638
1 15 2
94 462
1 9 2
700 760
1 4 2
321 452
1 17 2
159 367
1 7 2
157 606
1 11 2
147 245
1 9 2
279 628
1 18 2
306 364
1 17 2
545 737
1 18 2
254 442
1 10 2
301 618
1 14 2
68 783
1 16 2
202 461
1 13 2
484 742
1 20 2
426 491
1 13 2
367 673
1 10 2
659 798
1 10 2
83 138
1 12 2
360 381
1 13 2
485 769
1 11 2
107 274
1 13 2
170 544
1 10 2
521 665
1 14 2
308 706
1 3 2
192 539
1 11 2
123 488
1 10 2
462 520
1 10 2
15 587
1 16 2
442 448
1 12 2
28 762
1 13 2
583 687
1 15 2
311 356
1 10 2
39 594
1 17 2
83 171
1 13 2
234 541
1 7 2
39 443
1 12 2
135 531
1 6 2
288 707
1 15 2
29 676
1 12 2
218 778
1 15 2
22 494
1 6 2
490 557
1 9 2
473 737
1 3 2
61 317
1 6 2
190 195
1 9 2
126 566
1 4 2
675 763
1 13 2
634 681
1 13 2
171 264
1 18 2
358 558
1 14 2
171 419
1 17 2
3 164
1 16 2
43 403
1 7 2
139 743
1 3 2
11 700
1 16 2
161 380
1 12 2
290 681
1 9 2
637 778
1 15 2
95 410
1 7 2
13 599
1 5 2
17 613
1 11 2
152 312
1 6 2
49 537
1 7 2
173 404
1 16 2
272 575
1 16 2
389 445
1 12 2
169 259
1 13 2
63 719
1 4 2
20 316
1 14 2
48 512
1 10 2
147 583
1 6 2
430 614
1 9 2
399 755
1 12 2
594 736
1 8 2
249 630
1 2 2
251 795
1 10 2
255 599
1 17 2
91 182
1 2 2
236 253
1 16 2
609 701
1 18 2
531 533
1 19 2
400 413
1 14 2
202 230
1 17 2
367 670
1 10 2
252 372
1 3 2
38 351
1 8 2
111 599
1 10 2
265 713
1 9 2
532 559
1 12 2
193 647
1 12 2
206 524
1 2 2
20 580
1 9 2
366 575
1 15 2
59 549
1 11 2
182 754
1 12 2
249 312
1 10 2
293 565
1 8 2
272 711
1 12 2
70 707
1 13 2
586 701
1 12 2
139 720
1 14 2
5 774
1 3 2
353 582
1 14 2
488 547
1 5 2
555 662
1 11 2
470 501
1 9 2
243 769
1 4 2
177 612
1 16 2
198 363
1 3 2
382 662
1 20 2
592 715
1 9 2
545 675
1 8 2
684 798
1 9 2
41 94
1 16 2
33 679
1 9 2
234 758
1 17 2
273 657
1 9 2
340 466
1 13 2
459 504
1 9 2
54 263
1 5 2
349 600
1 4 2
414 743
1 17 2
347 725
1 9 2
567 612
1 16 2
389 594
1 11 2
347 543
1 4 2
82 672
1 11 2
521 569
1 15 2
90 538
1 11 2
48 466
1 11 2
543 759
1 12 2
384 433
1 18 2
298 767
1 8 2
464 700
1 17 2
202 640
1 11 2
206 376
1 16 2
439 614
1 10 2
243 710
1 9 2
55 770
1 7 2
543 610
1 12 2
325 470
1 3 2
11 722
1 13 2
493 660
1 11 2
475 588
1 6 2
214 650
1 11 2
589 642
1 17 2
5 137
1 12 2
480 778
1 2 2
474 794
1 11 2
24 314
1 14 2
69 533
1 20 2
91 202
1 12 2
384 470
1 11 2
306 310
1 4 2
58 702
1 14 2
180 696
1 15 2
33 195
1 8 2
444 726
1 13 2
567 729
1 20 2
313 592
1 7 2
463 740
1 8 2
94 612
1 10 2
460 491
1 11 2
234 442
1 16 2
369 570
1 19 2
183 760
1 18 2
52 463
1 14 2
200 585
1 8 2
53 521
1 10 2
642 706
1 6 2
297 321
1 16 2
59 467
1 8 2
419 466
1 18 2
535 552
1 17 2
198 356
1 9 2
278 347
1 9 2
23 252
1 20 2
90 358
1 5 2
627 780
1 18 2
413 728
1 5 2
46 466
1 16 2
634 682
1 16 2
533 640
1 16 2
554 590
1 14 2
418 523
1 17 2
57 725
1 11 2
357 780
1 12 2
461 476
1 17 2
59 122
1 11 2
56 644
1 6 2
532 540
1 6 2
3 97
1 11 2
531 673
1 7 2
751 777
1 15 2
356 550
1 4 2
154 512
1 19 2
5 348
1 17 2
35 57
1 18 2
204 632
1 16 2
510 535
1 7 2
211 359
1 14 2
94 570
1 7 2
139 662
1 7 2
255 712
1 20 2
374 579
1 8 2
77 146
1 8 2
263 655
1 8 2
141 246
1 5 2
8 379
1 8 2
665 722
1 4 2
88 702
1 13 2
124 367
1 7 2
414 509
1 6 2
476 631
1 13 2
179 463
1 8 2
549 799
1 12 2
9 470
1 7 2
527 757
1 13 2
494 505
1 9 2
128 794
1 13 2
254 509
1 8 2
175 569
1 9 2
542 725
1 9 2
27 644
1 10 2
243 446
1 11 2
52 334
1 12 2
99 642
1 9 2
342 424
1 10 2
14 338
1 14 2
462 525
1 10 2
712 760
1 14 2
99 345
1 7 2
593 703
1 9 2
113 634
1 13 2
547 767
1 8 2
589 779
1 6 2
465 707
1 9 2
13 734
1 7 2
407 588
1 11 2
242 729
1 10 2
730 782
1 10 2
298 766
1 8 2
65 128
1 16 2
139 283
1 19 2
374 737
1 6 2
355 646
1 16 2
347 676
1 6 2
234 371
1 8 2
427 701
1 6 2
528 724
1 9 2
341 515
1 8 2
31 775
1 9 2
538 756
1 10 2
373 455
1 12 2
53 485
1 7 2
327 344
1 11 2
55 529
1 10 2
87 395
1 16 2
208 209
1 11 2
119 699
1 3 2
211 349
1 9 2
263 607
1 13 2
495 533
1 17 2
687 787
1 10 2
194 603
1 9 2
79 674
1 8 2
480 564
1 5 2
257 534
1 13 2
57 247
1 4 2
192 263
1 10 2
69 333
1 15 2
364 635
1 15 2
66 567
1 5 2
444 466
1 12 2
19 57
1 11 2
687 799
1 10 2
599 790
1 14 2
167 208
1 4 2
302 668
1 15 2
26 238
1 8 2
333 394
1 17 2
152 256
1 7 2
507 609
1 11 2
32 443
1 9 2
297 521
1 10 2
136 475
1 13 2
95 345
1 17 2
400 679
1 9 2
278 597
1 20 2
168 787
1 9 2
266 786
1 10 2
231 607
1 12 2
15 147
1 16 2
134 469
1 12 2
300 555
1 12 2
127 333
1 4 2
49 154
1 11 2
278 478
1 17 2
410 552
1 8 2
107 186
1 8 2
166 383
1 9 2
189 287
1 20 2
197 259
1 12 2
372 509
1 3 2
71 331
1 11 2
261 338
1 8 2
112 679
1 7 2
328 786
1 11 2
267 579
1 7 2
362 440
1 11 2
304 558
1 15 2
283 720
1 12 2
739 791
1 12 2
119 176
1 6 2
362 450
1 17 2
367 558
1 9 2
208 527
1 15 2
425 576
1 14 2
170 775
1 13 2
123 254
1 8 2
372 689
1 13 2
247 418
1 10 2
395 533
1 9 2
512 553
1 6 2
299 411
1 16 2
485 664
1 13 2
85 664
1 19 2
203 470
1 18 2
68 485
1 6 2
179 779
1 9 2
270 796
1 9 2
224 685
1 7 2
335 514
1 5 2
41 429
1 15 2
510 782
1 9 2
169 588
1 7 2
167 628
1 8 2
355 564
1 5 2
606 732
1 7 2
53 518
1 12 2
531 791
1 12 2
533 681
1 11 2
375 569
1 7 2
557 734
1 15 2
230 403
1 4 2
355 797
1 19 2
462 541
1 12 2
223 261
1 11 2
297 463
1 12 2
369 706
1 11 2
367 668
1 14 2
292 640
1 12 2
94 345
1 12 2
564 657
1 6 2
244 629
1 8 2
54 454
1 13 2
467 614
1 8 2
134 779
1 18 2
28 363
1 15 2
19 128
1 13 2
123 585
1 9 2
411 791
1 11 2
197 294
1 3 2
444 743
1 17 2
201 755
1 9 2
122 228
1 8 2
467 704
1 12 2
333 397
1 13 2
22 389
1 11 2
68 586
1 16 2
545 635
1 10 2
66 625
1 14 2
443 589
1 13 2
79 327
1 11 2
266 286
1 16 2
346 446
1 9 2
45 367
1 16 2
224 396
1 9 2
444 445
1 9 2
108 569
1 4 2
610 662
1 9 2
212 791
1 9 2
5 456
1 7 2
264 465
1 5 2
429 450
1 14 2
156 681
1 17 2
282 389
1 16 2
195 541
1 13 2
313 553
1 16 2
504 569
1 20 2
298 426
1 13 2
421 585
1 10 2
330 477
1 10 2
51 648
1 12 2
266 497
1 19 2
131 445
1 9 2
575 751
1 11 2
143 558
1 8 2
581 670
1 14 2
23 167
1 18 2
256 484
1 8 2
415 439
1 13 2
585 599
1 20 2
131 308
1 8 2
429 470
1 19 2
697 714
1 9 2
267 547
1 8 2
147 421
1 18 2
87 635
1 8 2
565 576
1 15 2
575 576
1 5 2
574 683
1 15 2
283 790
1 16 2
478 755
1 7 2
24 536
1 5 2
177 421
1 20 2
346 383
1 17 2
463 715
1 19 2
15 245
1 18 2
95 203
1 12 2
297 544
1 11 2
488 684
1 4 2
331 639
1 11 2
276 553
1 2 2
151 641
1 8 2
121 672
1 14 2
271 524
1 14 2
179 217
1 12 2
96 677
1 15 2
85 367
1 14 2
94 168
1 11 2
169 556
1 5 2
321 560
1 2 2
385 511
1 10 2
155 467
1 16 2
245 696
1 18 2
676 782
1 4 2
8 797
1 3 2
627 753
1 16 2
418 579
1 17 2
83 161
1 12 2
127 397
1 17 2
335 609
1 9 2
556 646
1 6 2
24 465
1 10 2
139 384
1 6 2
103 198
1 8 2
186 569
1 8 2
63 652
1 18 2
458 491
1 10 2
497 610
1 12 2
8 383
1 14 2
547 698
1 9 2
682 702
1 16 2
161 544
1 12 2
156 353
1 9 2
84 217
1 12 2
286 446
1 14 2
247 767
1 9 2
778 779
1 13 2
369 606
1 5 2
660 689
1 11 2
49 314
1 15 2
29 470
1 7 2
418 428
1 7 2
316 368
1 13 2
201 339
1 12 2
53 697
1 10 2
398 555
1 18 2
403 767
1 7 2
573 777
1 9 2
191 716
1 11 2
18 793
1 13 2
464 467
1 15 2
356 438
1 4 2
416 717
1 12 2
625 670
1 17 2
270 469
1 19 2
156 265
1 13 2
259 669
1 19 2
308 439
1 13 2
388 446
1 10 2
26 499
1 13 2
141 706
1 13 2
49 787
1 10 2
469 699
1 11 2
288 585
1 7 2
200 466
1 18 2
551 725
1 11 2
91 537
1 9 2
28 557
1 12 2
22 242
1 6 2
422 692
1 15 2
397 554
1 7 2
630 664
1 12 2
445 742
1 11 2
105 411
1 13 2
102 340
1 6 2
11 583
1 19 2
380 760
1 5 2
520 529
1 7 2
77 598
1 11 2
1 94
1 8 2
134 753
1 10 2
33 530
1 6 2
480 661
1 18 2
131 705
1 11 2
527 554
1 9 2
191 742
1 10 2
213 620
1 7 2
330 501
1 3 2
379 429
1 9 2
287 559
1 8 2
379 422
1 8 2
98 458
1 17 2
119 171
1 7 2
295 739
1 15 2
293 387
1 6 2
309 577
1 10 2
87 452
1 8 2
286 771
1 17 2
63 413
1 19 2
478 551
1 20 2
383 579
1 8 2
169 285
1 11 2
300 536
1 10 2
179 411
1 11 2
399 535
1 6 2
316 608
1 10 2
578 697
1 13 2
159 492
1 5 2
88 669
1 12 2
77 698
1 6 2
45 509
1 13 2
300 636
1 9 2
393 494
1 12 2
119 708
1 20 2
335 714
1 3 2
100 344
1 4 2
21 214
1 10 2
523 539
1 10 2
308 444
1 14 2
354 503
1 11 2
55 798
1 11 2
8 204
1 10 2
201 334
1 9 2
63 175
1 11 2
601 612
1 9 2
635 722
1 7 2
251 443
1 5 2
370 628
1 5 2
136 582
1 6 2
454 713
1 9 2
1 599
1 17 2
400 442
1 15 2
0 183
1 18 2
99 594
1 9 2
375 475
1 7 2
129 486
1 14 2
381 525
1 17 2
171 396
1 9 2
305 730
1 11 2
130 276
1 6 2
429 505
1 10 2
316 443
1 19 2
128 265
1 7 2
164 641
1 12 2
558 636
1 14 2
547 793
1 10 2
249 278
1 8 2
186 436
1 10 2
357 773
1 5 2
11 455
1 9 2
272 690
1 17 2
277 448
1 5 2
18 352
1 7 2
580 788
1 12 2
769 778
1 4 2
47 648
1 11 2
368 397
1 17 2
376 575
1 6 2
27 608
1 7 2
369 506
1 9 2
33 50
1 10 2
321 697
1 9 2
455 716
1 11 2
331 426
1 16 2
83 588
1 17 2
476 592
1 13 2
767 790
1 12 2
203 325
1 9 2
169 577
1 3 2
655 732
1 8 2
289 647
1 10 2
46 550
1 17 2
95 413
1 20 2
273 313
1 10 2
74 487
1 12 2
518 645
1 19 2
26 313
1 14 2
446 535
1 18 2
728 737
1 14 2
469 492
1 8 2
451 577
1 8 2
503 721
1 8 2
541 797
1 13 2
245 479
1 16 2
167 233
1 14 2
418 647
1 10 2
45 99
1 7 2
355 384
1 12 2
172 701
1 14 2
198 446
1 16 2
545 788
1 14 2
231 782
1 11 2
490 492
1 15 2
3 635
1 13 2
277 471
1 9 2
127 539
1 7 2
437 577
1 16 2
372 589
1 7 2
243 752
1 5 2
604 655
1 10 2
210 593
1 8 2
27 307
1 13 2
285 318
1 8 2
402 731
1 8 2
408 594
1 8 2
388 770
1 16 2
489 618
1 5 2
232 774
1 9 2
66 125
1 5 2
625 735
1 8 2
121 565
1 2 2
281 689
1 12 2
381 781
1 10 2
73 283
1 11 2
127 764
1 16 2
380 777
1 18 2
90 556
1 15 2
247 445
1 11 2
74 230
1 12 2
300 773
1 10 2
579 704
1 9 2
423 767
1 19 2
259 601
1 14 2
358 519
1 7 2
459 560
1 6 2
163 566
1 10 2
735 787
1 15 2
320 358
1 7 2
384 784
1 13 2
615 640
1 6 2
546 694
1 8 2
382 477
1 6 2
746 752
1 17 2
376 433
1 13 2
14 543
1 9 2
116 755
1 14 2
179 470
1 12 2
268 616
1 9 2
109 231
1 12 2
55 716
1 20 2
217 485
1 16 2
374 678
1 10 2
40 435
1 11 2
243 667
1 6 2
692 726
1 14 2
52 370
1 10 2
391 426
1 8 2
208 717
1 6 2
577 596
1 5 2
329 593
1 11 2
551 673
1 10 2
188 245
1 14 2
129 139
1 8 2
458 628
1 5 2
13 405
1 4 2
399 761
1 17 2
203 357
1 11 2
323 601
1 12 2
267 725
1 9 2
355 729
1 9 2
482 607
1 6 2
9 228
1 9 2
249 406
1 7 2
74 795
1 5 2
339 540
1 14 2
33 512
1 16 2
105 298
1 7 2
122 299
1 15 2
79 271
1 6 2
610 703
1 9 2
21 122
1 6 2
145 754
1 15 2
29 52
1 5 2
627 684
1 20 2
203 209
1 7 2
227 569
1 6 2
138 255
1 16 2
308 347
1 13 2
389 720
1 9 2
236 318
1 13 2
370 448
1 9 2
243 553
1 8 2
150 480
1 20 2
183 346
1 11 2
454 548
1 12 2
305 660
1 12 2
458 785
1 10 2
503 505
1 5 2
205 741
1 16 2
247 701
1 4 2
124 709
1 11 2
128 457
1 8 2
109 193
1 13 2
16 307
1 15 2
710 725
1 6 2
361 726
1 10 2
423 554
1 20 2
620 787
1 16 2
306 311
1 10 2
513 648
1 12 2
470 718
1 18 2
95 403
1 3 2
18 377
1 7 2
499 549
1 8 2
496 679
1 15 2
139 777
1 9 2
517 629
1 13 2
273 421
1 14 2
677 760
1 13 2
333 550
1 12 2
76 404
1 20 2
48 128
1 10 2
616 736
1 5 2
668 712
1 11 2
231 327
1 14 2
57 664
1 18 2
152 448
1 14 2
68 397
1 12 2
171 263
1 12 2
29 292
1 3 2
382 473
1 9 2
538 703
1 9 2
55 622
1 13 2
23 231
1 11 2
91 781
1 10 2
179 786
1 13 2
680 760
1 16 2
141 198
1 12 2
94 476
1 6 2
10 628
1 7 2
129 540
1 17 2
137 283
1 14 2
398 755
1 13 2
124 298
1 6 2
17 399
1 16 2
286 634
1 2 2
211 430
1 4 2
260 753
1 11 2
22 599
1 12 2
373 532
1 9 2
369 600
1 15 2
254 764
1 14 2
1 400
1 17 2
220 448
1 12 2
290 745
1 9 2
292 517
1 8 2
720 748
1 20 2
87 348
1 7 2
30 410
1 17 2
209 782
1 14 2
163 283
1 10 2
102 516
1 5 2
47 292
1 9 2
282 361
1 12 2
355 554
1 19 2
470 592
1 9 2
1 453
1 12 2
195 247
1 15 2
83 755
1 8 2
584 750
1 9 2
26 138
1 6 2
118 332
1 17 2
156 389
1 11 2
32 372
1 5 2
205 622
1 16 2
256 369
1 13 2
290 404
1 9 2
612 767
1 12 2
4 697
1 6 2
311 428
1 7 2
416 421
1 8 2
645 794
1 20 2
201 233
1 3 2
97 334
1 18 2
567 634
1 14 2
9 426
1 14 2
320 634
1 15 2
12 359
1 9 2
441 497
1 15 2
300 404
1 18 2
448 657
1 6 2
231 447
1 7 2
200 789
1 11 2
66 780
1 11 2
678 691
1 8 2
152 457
1 14 2
120 195
1 19 2
119 469
1 18 2
96 601
1 10 2
122 501
1 13 2
4 201
1 9 2
289 590
1 10 2
558 661
1 7 2
49 135
1 8 2
117 282
1 14 2
163 462
1 11 2
40 724
1 13 2
355 634
1 12 2
443 586
1 11 2
76 684
1 20 2
59 374
1 4 2
561 735
1 13 2
592 789
1 4 2
322 498
1 9 2
396 779
1 18 2
357 634
1 5 2
721 771
1 10 2
497 600
1 8 2
258 491
1 4 2
100 108
1 13 2
156 342
1 20 2
497 676
1 10 2
387 529
1 10 2
62 348
1 4 2
338 605
1 17 2
48 63
1 8 2
145 198
1 9 2
254 654
1 8 2
136 150
1 9 2
78 313
1 6 2
192 292
1 9 2
349 389
1 4 2
162 316
1 9 2
303 759
1 14 2
380 774
1 7 2
320 584
1 19 2
15 468
1 6 2
92 422
1 13 2
255 476
1 12 2
43 235
1 11 2
167 703
1 10 2
108 609
1 14 2
287 448
1 11 2
485 744
1 14 2
640 726
1 18 2
87 551
1 14 2
475 640
1 11 2
63 114
1 14 2
90 124
1 11 2
586 616
1 6 2
488 656
1 17 2
380 478
1 17 2
445 531
1 9 2
101 657
1 11 2
302 439
1 10 2
603 782
1 15 2
1 433
1 11 2
197 498
1 6 2
713 736
1 17 2
91 104
1 4 2
428 529
1 9 2
451 590
1 14 2
10 737
1 8 2
7 375
1 7 2
720 735
1 10 2
460 788
1 14 2
121 645
1 5 2
661 712
1 20 2
676 775
1 10 2
229 277
1 6 2
149 735
1 11 2
431 541
1 9 2
70 362
1 9 2
323 616
1 13 2
14 105
1 18 2
478 535
1 17 2
247 592
1 13 2
139 477
1 17 2
420 592
1 11 2
254 675
1 5 2
408 553
1 8 2
404 416
1 11 2
194 234
1 5 2
158 538
1 7 2
390 586
1 15 2
418 778
1 19 2
119 439
1 15 2
204 418
1 7 2
525 638
1 10 2
289 676
1 14 2
357 629
1 9 2
177 705
1 9 2
249 288
1 16 2
359 585
1 5 2
310 574
1 19 2
554 575
1 15 2
29 261
1 17 2
204 363
1 14 2
306 553
1 9 2
139 771
1 14 2
29 585
1 7 2
557 659
1 16 2
545 670
1 13 2
54 585
1 9 2
355 615
1 9 2
139 431
1 13 2
156 565
1 11 2
356 598
1 20 2
279 592
1 10 2
57 564
1 20 2
33 52
1 6 2
54 481
1 4 2
21 391
1 10 2
163 790
1 7 2
72 161
1 14 2
189 290
1 8 2
292 536
1 13 2
29 597
1 11 2
338 552
1 14 2
206 400
1 3 2
61 511
1 9 2
142 200
1 10 2
40 642
1 10 2
289 737
1 6 2
302 342
1 13 2
26 480
1 17 2
95 657
1 4 2
71 663
1 7 2
117 531
1 6 2
31 180
1 8 2
652 667
1 11 2
159 375
1 13 2
129 224
1 8 2
31 485
1 11 2
231 326
1 4 2
80 653
1 19 2
197 551
1 18 2
81 156
1 14 2
15 642
1 8 2
49 187
1 15 2
478 644
1 7 2
670 693
1 12 2
0 107
1 7 2
196 561
1 13 2
489 791
1 5 2
638 695
1 6 2
451 479
1 13 2
449 682
1 17 2
397 697
1 13 2
76 243
1 10 2
450 550
1 10 2
131 246
1 9 2
184 454
1 10 2
5 317
1 17 2
488 787
1 16 2
413 618
1 8 2
330 648
1 10 2
548 612
1 9 2
242 536
1 6 2
177 311
1 12 2
356 404
1 11 2
217 600
1 11 2
38 552
1 4 2
53 580
1 12 2
68 785
1 6 2
10 689
1 7 2
102 688
1 4 2
172 743
1 5 2
310 598
1 19 2
91 396
1 7 2
651 707
1 13 2
23 647
1 4 2
417 752
1 4 2
297 649
1 10 2
114 679
1 8 2
671 705
1 10 2
406 645
1 17 2
249 715
1 15 2
357 477
1 12 2
283 336
1 7 2
150 342
1 6 2
493 732
1 18 2
52 609
1 7 2
70 770
1 12 2
24 488
1 6 2
77 226
1 7 2
466 690
1 17 2
68 725
1 15 2
438 494
1 7 2
715 772
1 4 2
316 662
1 5 2
320 662
1 11 2
310 358
1 20 2
15 787
1 14 2
418 461
1 10 2
273 378
1 18 2
204 233
1 17 2
291 589
1 13 2
57 614
1 20 2
335 725
1 14 2
55 184
1 11 2
335 796
1 13 2
164 710
1 10 2
172 467
1 15 2
118 202
1 9 2
249 451
1 11 2
257 531
1 2 2
656 763
1 15 2
77 485
1 9 2
659 702
1 13 2
618 667
1 11 2
336 590
1 8 2
500 737
1 11 2
489 651
1 18 2
290 396
1 7 2
184 252
1 13 2
445 475
1 18 2
28 354
1 5 2
406 727
1 9 2
463 498
1 7 2
25 55
1 17 2
5 767
1 13 2
217 756
1 20 2
128 531
1 13 2
56 290
1 12 2
304 381
1 9 2
677 785
1 18 2
340 601
1 6 2
70 225
1 18 2
14 26
1 15 2
171 777
1 16 2
488 533
1 17 2
201 210
1 7 2
331 720
1 18 2
433 470
1 16 2
341 697
1 4 2
110 317
1 11 2
9 550
1 15 2
195 291
1 8 2
208 520
1 6 2
627 642
1 11 2
198 326
1 12 2
313 574
1 11 2
491 537
1 9 2
345 454
1 9 2
88 290
1 8 2
368 564
1 10 2
19 56
1 10 2
76 109
1 12 2
601 713
1 19 2
59 233
1 14 2
373 558
1 7 2
347 366
1 20 2
156 233
1 11 2
592 683
1 20 2
233 313
1 3 2
447 566
1 10 2
8 357
1 16 2
298 419
1 5 2
301 542
1 19 2
433 570
1 6 2
188 730
