800 4800 2400
18 6 18 17 22 18 8 10 14 22 16 9 23 8 19 12 25 9 24 11 15 6 11 20 19 14 8 23 7 21 7 7 16 13 14 22 21 21 14 18 21 22 19 20 21 7 16 23 15 24 25 15 5 13 11 12 11 16 16 25 24 9 9 13 9 16 20 9 25 5 17 20 13 5 14 11 6 13 5 20 8 15 25 16 25 24 9 16 16 20 6 7 14 9 6 13 12 24 25 12 21 23 17 19 8 13 6 5 17 6 10 21 14 22 24 6 12 19 6 23 22 5 20 11 15 13 15 10 16 21 5 5 6 20 5 6 11 18 21 8 17 24 10 11 6 23 22 20 14 21 24 22 20 19 24 7 20 11 11 5 12 17 13 11 16 12 14 9 22 6 18 15 10 13 14 15 18 11 25 19 9 19 7 13 12 23 18 20 7 17 24 17 13 19 9 12 12 8 25 6 11 17 25 25 17 7 22 5 6 7 13 8 9 11 8 7 20 12 20 13 11 23 18 21 17 11 14 21 8 18 9 23 8 13 10 18 13 15 15 22 15 15 5 18 9 25 22 25 22 21 23 12 16 12 17 20 20 9 25 5 20 11 19 14 10 23 20 14 12 12 13 17 12 23 19 20 24 6 17 15 5 15 21 22 19 8 16 12 18 17 22 8 23 16 25 23 7 16 22 6 14 15 15 20 23 22 15 22 10 11 24 14 25 6 14 25 19 11 5 14 13 24 8 8 9 23 9 18 23 6 10 19 23 10 12 15 16 16 23 7 7 12 14 21 23 16 20 7 5 17 18 12 18 9 14 11 21 18 8 16 8 22 17 19 12 13 17 6 14 17 22 6 14 17 25 22 16 25 6 9 13 20 22 18 7 19 7 5 24 23 19 5 21 17 25 21 22 6 25 6 7 17 13 7 9 14 10 5 22 17 13 20 22 23 23 7 23 23 22 13 7 21 12 9 10 10 17 25 12 25 20 16 19 17 17 23 6 20 17 9 16 6 9 18 12 14 6 12 12 18 20 8 7 11 17 16 15 9 24 7 7 9 7 20 25 15 19 18 9 6 8 24 13 11 15 11 21 14 20 14 12 13 22 13 10 5 22 14 16 18 23 18 22 21 20 13 11 12 22 23 13 13 19 11 19 14 15 13 20 5 9 6 8 9 11 8 12 21 21 8 8 20 16 16 5 16 22 7 16 19 21 11 13 11 12 17 21 25 18 6 19 6 8 25 15 23 21 11 8 14 6 13 12 25 11 21 5 11 8 21 8 6 15 16 17 22 17 25 9 25 11 23 13 11 12 19 25 23 23 25 20 21 16 16 19 16 17 12 20 6 13 17 5 21 20 19 20 19 12 16 9 18 15 21 6 21 23 25 7 16 21 23 25 20 20 24 10 23 20 20 22 11 13 16 6 15 16 20 14 23 17 18 18 23 10 12 10 5 16 22 21 15 9 6 9 14 22 7 25 21 23 24 21 8 9 18 23 22 14 25 11 21 9 25 12 19 18 18 18 15 21 15 24 16 17 23 20 17 6 8 7 7 16 11 22 6 10 21 5 11 12 21 16 25 5 25 21 12 8 17 8 8 17 17 19 11 18 13 24 6 16 5 19 6 8 9 12 21 12 8 5 14 12 25 17 23 7 12 15 12 11 21 18 20 8 22 14 9 20 19 18 8 21 24 7 24 17 5 5 15 9 17 14 18 13 13 24 9 17 9 18 18 10 15 18 20 18 12 11 13 7 18 10 11 8 17 6 5 15 10 24 19 18 22 10 22 12 11 22 8 24 8 18 15 22 20 8 14 12 24
9 15 11 3 12 12 12 9 14 15 6 11 6 13 14 18 17 15 8 15 14 6 3 13 17 12 15 18 18 10 13 7 6 5 10 19 5 19 10 17 14 13 12 18 17 10 15 4 7 19 5 15 11 11 9 17 17 15 10 18 4 13 6 18 7 17 10 18 16 9 7 4 18 20 8 8 11 8 4 18 7 19 3 4 16 10 6 12 18 13 8 15 13 18 3 16 14 20 17 16 12 6 3 18 10 4 18 7 8 12 18 4 18 3 11 10 17 13 14 5 16 4 15 5 14 12 8 6 4 16 14 15 12 3 16 14 13 9 20 19 10 9 15 9 4 19 12 12 14 9 18 14 9 17 20 9 8 8 8 17 11 6 7 8 9 3 17 15 16 3 9 16 7 11 9 7 11 12 11 5 7 6 17 5 20 5 16 19 20 7 6 18 9 20 15 11 4 4 15 16 19 10 14 10 11 7 3 8 11 8 12 10 10 20 17 9 6 13 14 6 5 10 12 8 7 16 13 15 16 6 15 14 15 15 5 3 7 6 10 9 10 14 18 5 9 4 10 17 9 3 19 13 10 6 11 8 4 14 11 8 18 8 12 15 18 15 3 14 9 5 6 9 8 9 4 20 15 15 11 8 15 17 12 8 10 18 15 17 3 14 4 14 19 3 11 17 12 15 18 19 3 10 4 16 15 20 19 12 13 19 12 7 5 14 5 5 7 14 7 3 15 16 17 4 10 13 6 6 18 4 5 12 15 19 11 7 15 11 7 15 9 13 16 12 3 16 13 17 4 18 20 11 18 3 15 17 19 17 19 5 7 8 15 12 4 10 20 10 12 15 19 12 10 15 12 3 7 7 14 10 19 7 9 14 9 10 11 12 10 5 5 18 8 5 3 14 17 11 4 6 15 15 10 13 11 8 5 12 14 12 7 16 17 11 12 11 12 7 3 5 16 10 6 13 12 3 17 18 5 9 9 7 17 4 16 18 8 15 6 6 10 19 3 16 14 5 9 3 9 18 11 16 14 18 15 5 20 4 8 13 6 7 9 13 20 3 14 19 10 7 5 13 3 18 19 9 15 3 20 4 11 3 9 6 9 4 10 20 16 7 17 17 17 7 12 16 20 16 6 5 4 13 18 16 7 18 6 8 7 3 7 6 14 6 12 11 5 4 3 8 3 4 11 10 17 16 3 12 13 6 20 16 12 3 17 15 17 19 10 4 7 20 3 16 5 11 12 4 18 17 13 4 4 18 15 7 16 20 15 12 5 7 12 14 14 16 7 20 16 4 10 18 16 14 13 7 13 16 11 19 19 15 13 15 19 3 9 20 4 5 9 7 12 11 10 13 10 7 20 7 14 13 13 6 17 5 14 15 15 3 5 9 13 6 20 15 20 5 16 13 17 13 4 10 9 6 12 6 7 15 11 10 7 3 7 8 8 19 9 11 10 16 18 5 20 16 18 3 14 7 15 19 12 7 6 16 10 5 8 10 10 4 17 20 17 6 11 14 3 18 12 8 13 12 3 10 4 5 3 14 18 8 5 11 6 16 16 10 12 5 4 13 8 10 7 4 9 17 3 19 7 8 16 3 7 3 5 3 7 9 4 9 15 18 13 14 8 11 16 7 13 7 4 9 17 4 19 10 12 15 6 19 19 20 16 20 10 6 7 18 7 6 4 3 11 8 4 6 5 12 17 17 4 15 16 9 9 12 12 18 9 3 11 13 18 3 17 6 6 7 9 4 3 11 19 16 17 4 5 17 20 5 12 20 9 8 20 11 5 9 15 10 5 8 16 7 5 9 15 20
1 13 2
502 665
1 14 2
284 486
1 14 2
275 594
1 14 2
36 43
1 12 2
553 773
1 11 2
525 676
1 16 2
377 595
1 14 2
350 490
1 5 2
51 653
1 8 2
408 789
1 13 2
190 626
1 13 2
657 724
1 4 2
28 495
1 19 2
247 526
1 2 2
208 524
1 7 2
282 680
1 10 2
111 481
1 9 2
420 672
1 12 2
660 663
1 6 2
329 704
1 8 2
424 449
1 13 2
170 275
1 12 2
43 775
1 4 2
556 572
1 11 2
220 398
1 3 2
348 484
1 12 2
265 793
1 18 2
617 790
1 16 2
464 614
1 10 2
116 498
1 8 2
218 787
1 8 2
182 248
1 11 2
417 557
1 16 2
82 170
1 12 2
113 528
1 11 2
363 702
1 6 2
431 542
1 7 2
386 594
1 10 2
219 610
1 10 2
61 68
1 12 2
66 337
1 13 2
84 237
1 8 2
695 713
1 14 2
491 639
1 14 2
4 740
1 8 2
21 745
1 11 2
287 292
1 9 2
150 232
1 10 2
733 752
1 9 2
559 755
1 5 2
1 331
1 10 2
315 714
1 3 2
109 419
1 3 2
378 453
1 10 2
204 337
1 5 2
26 74
1 11 2
301 696
1 11 2
505 565
1 11 2
179 761
1 9 2
588 755
1 16 2
284 377
1 10 2
224 758
1 10 2
102 271
1 10 2
112 712
1 14 2
168 540
1 15 2
249 282
1 8 2
757 795
1 16 2
396 492
1 9 2
366 582
1 10 2
183 646
1 12 2
657 746
1 12 2
146 563
1 11 2
36 238
1 9 2
343 762
1 5 2
535 688
1 11 2
65 133
1 8 2
227 326
1 12 2
366 785
1 10 2
281 632
1 16 2
150 559
1 7 2
521 568
1 7 2
143 449
1 8 2
106 304
1 11 2
163 464
1 6 2
197 467
1 9 2
226 665
1 7 2
134 250
1 7 2
37 291
1 9 2
116 712
1 10 2
330 708
1 19 2
190 659
1 10 2
186 237
1 14 2
466 731
1 16 2
409 612
1 12 2
380 553
1 16 2
0 98
1 15 2
18 746
1 13 2
156 601
1 13 2
567 721
1 18 2
49 526
1 12 2
405 458
1 14 2
306 537
1 13 2
35 349
1 11 2
16 634
1 12 2
68 174
1 7 2
380 455
1 19 2
114 150
1 10 2
38 603
1 20 2
543 648
1 11 2
238 588
1 14 2
129 147
1 11 2
162 382
1 12 2
229 619
1 20 2
543 651
1 11 2
357 362
1 8 2
46 279
1 16 2
179 388
1 3 2
139 194
1 12 2
489 494
1 9 2
236 494
1 8 2
370 642
1 15 2
47 186
1 5 2
196 573
1 4 2
196 285
1 12 2
364 427
1 12 2
148 629
1 12 2
83 147
1 7 2
279 472
1 7 2
287 710
1 13 2
179 282
1 14 2
613 640
1 6 2
115 667
1 6 2
621 692
1 8 2
238 465
1 11 2
190 503
1 8 2
0 351
1 11 2
263 606
1 8 2
550 650
1 4 2
26 184
1 10 2
472 613
1 3 2
322 705
1 13 2
486 682
1 17 2
71 315
1 5 2
400 674
1 10 2
10 522
1 16 2
255 650
1 12 2
237 482
1 14 2
137 295
1 8 2
274 798
1 8 2
109 743
1 16 2
687 799
1 15 2
346 476
1 9 2
34 137
1 16 2
615 742
1 9 2
203 796
1 13 2
528 735
1 10 2
345 591
1 9 2
175 349
1 18 2
537 649
1 10 2
502 563
1 6 2
530 637
1 7 2
175 551
1 13 2
609 617
1 18 2
310 344
1 7 2
10 195
1 4 2
45 402
1 16 2
606 620
1 4 2
65 694
1 3 2
172 512
1 15 2
467 567
1 17 2
659 742
1 13 2
235 593
1 5 2
162 194
1 14 2
601 672
1 9 2
191 628
1 12 2
173 178
1 6 2
225 456
1 9 2
545 662
1 13 2
60 440
1 10 2
27 533
1 12 2
357 665
1 15 2
656 761
1 14 2
594 733
1 12 2
133 630
1 18 2
543 696
1 14 2
289 735
1 15 2
247 775
1 9 2
427 643
1 8 2
254 573
1 7 2
433 453
1 15 2
633 670
1 10 2
651 660
1 9 2
157 614
1 7 2
175 716
1 9 2
157 463
1 12 2
538 765
1 15 2
627 687
1 11 2
218 359
1 16 2
5 16
1 10 2
26 429
1 15 2
266 356
1 8 2
214 396
1 11 2
150 334
1 8 2
0 497
1 10 2
192 555
1 17 2
414 417
1 13 2
649 775
1 10 2
338 683
1 5 2
53 442
1 12 2
599 619
1 8 2
435 515
1 12 2
24 699
1 19 2
629 743
1 10 2
396 531
1 9 2
55 588
1 15 2
222 579
1 15 2
375 476
1 9 2
154 244
1 16 2
71 577
1 17 2
435 578
1 19 2
338 659
1 7 2
36 132
1 4 2
721 777
1 15 2
5 579
1 19 2
659 708
1 11 2
388 779
1 16 2
227 231
1 16 2
114 717
1 14 2
373 799
1 18 2
247 492
1 7 2
76 239
1 14 2
168 187
1 14 2
613 733
1 13 2
2 168
1 7 2
13 665
1 11 2
181 591
1 7 2
367 565
1 8 2
715 742
1 5 2
566 713
1 5 2
324 572
1 15 2
553 583
1 14 2
609 790
1 20 2
16 27
1 9 2
57 302
1 4 2
87 371
1 16 2
59 284
1 18 2
247 606
1 13 2
42 494
1 11 2
293 411
1 11 2
578 786
1 12 2
613 702
1 12 2
275 674
1 15 2
546 610
1 8 2
382 770
1 15 2
187 530
1 10 2
385 409
1 12 2
8 743
1 4 2
171 313
1 13 2
258 583
1 7 2
324 764
1 14 2
156 392
1 13 2
471 626
1 9 2
279 286
1 15 2
394 771
1 9 2
401 456
1 4 2
157 340
1 10 2
219 246
1 14 2
129 588
1 4 2
115 507
1 17 2
427 508
1 11 2
75 328
1 4 2
378 497
1 12 2
149 522
1 14 2
606 666
1 5 2
116 473
1 9 2
87 455
1 10 2
394 642
1 8 2
226 431
1 17 2
85 717
1 8 2
40 679
1 11 2
55 490
1 5 2
682 726
1 7 2
496 751
1 11 2
34 249
1 20 2
398 790
1 15 2
50 359
1 12 2
88 283
1 6 2
581 748
1 6 2
123 532
1 6 2
303 637
1 12 2
236 663
1 6 2
86 161
1 15 2
617 732
1 4 2
210 548
1 12 2
316 595
1 8 2
183 703
1 19 2
374 794
1 12 2
83 490
1 10 2
303 528
1 9 2
421 472
1 4 2
104 798
1 12 2
648 752
1 16 2
249 577
1 7 2
330 597
1 9 2
65 641
1 18 2
84 742
1 16 2
377 449
1 11 2
303 369
1 12 2
305 641
1 4 2
28 54
1 9 2
55 581
1 7 2
156 681
1 11 2
377 547
1 12 2
161 618
1 10 2
474 580
1 6 2
483 501
1 18 2
98 494
1 12 2
254 298
1 14 2
290 491
1 12 2
413 641
1 13 2
114 763
1 12 2
154 622
1 11 2
38 325
1 6 2
297 686
1 11 2
193 278
1 7 2
285 696
1 5 2
419 715
1 6 2
319 495
1 12 2
157 202
1 7 2
67 426
1 9 2
563 673
1 15 2
284 458
1 3 2
86 470
1 13 2
325 433
1 11 2
456 717
1 13 2
161 388
1 18 2
328 708
1 13 2
639 746
1 5 2
197 373
1 6 2
70 719
1 8 2
500 699
1 3 2
131 487
1 9 2
682 764
1 10 2
222 279
1 12 2
481 612
1 8 2
660 764
1 16 2
429 706
1 6 2
236 690
1 3 2
261 378
1 15 2
502 576
1 7 2
36 197
1 6 2
66 685
1 8 2
496 596
1 7 2
152 796
1 3 2
169 406
1 10 2
41 507
1 10 2
0 431
1 8 2
131 245
1 17 2
567 610
1 14 2
164 374
1 18 2
59 412
1 7 2
305 407
1 12 2
38 59
1 15 2
612 655
1 6 2
241 425
1 15 2
133 606
1 10 2
568 695
1 11 2
300 412
1 7 2
694 708
1 7 2
331 519
1 11 2
254 677
1 11 2
245 660
1 18 2
273 499
1 12 2
50 92
1 13 2
5 581
1 15 2
32 82
1 11 2
465 687
1 8 2
438 562
1 7 2
46 621
1 9 2
122 660
1 12 2
181 538
1 10 2
122 481
1 15 2
235 471
1 17 2
12 526
1 15 2
68 137
1 12 2
25 567
1 9 2
489 769
1 17 2
476 576
1 12 2
418 528
1 15 2
218 310
1 13 2
32 482
1 3 2
109 501
1 19 2
471 545
1 13 2
82 372
1 5 2
33 158
1 4 2
63 109
1 10 2
71 622
1 16 2
60 649
1 8 2
603 686
1 8 2
221 719
1 11 2
116 168
1 12 2
361 793
1 9 2
738 773
1 18 2
429 657
1 9 2
116 596
1 7 2
372 590
1 15 2
168 788
1 9 2
489 669
1 8 2
731 796
1 18 2
394 555
1 10 2
54 498
1 10 2
494 728
1 18 2
569 657
1 12 2
186 739
1 14 2
274 290
1 9 2
316 507
1 20 2
82 178
1 10 2
545 784
1 10 2
210 239
1 11 2
528 661
1 14 2
417 504
1 8 2
118 553
1 5 2
88 340
1 6 2
291 502
1 7 2
320 376
1 12 2
588 724
1 5 2
126 214
1 7 2
132 206
1 8 2
88 506
1 14 2
301 543
1 12 2
534 569
1 11 2
783 797
1 12 2
262 529
1 11 2
125 499
1 6 2
25 587
1 9 2
410 760
1 20 2
245 321
1 11 2
70 133
1 3 2
69 590
1 15 2
292 581
1 11 2
361 456
1 12 2
191 486
1 18 2
114 620
1 12 2
153 575
1 18 2
526 615
1 8 2
93 227
1 19 2
304 672
1 13 2
153 260
1 12 2
401 614
1 8 2
326 593
1 10 2
125 594
1 4 2
15 774
1 6 2
219 236
1 16 2
145 476
1 18 2
249 553
1 12 2
98 354
1 9 2
240 566
1 6 2
329 601
1 5 2
127 754
1 16 2
141 216
1 12 2
89 262
1 10 2
165 305
1 16 2
265 613
1 13 2
467 670
1 13 2
98 477
1 14 2
619 696
1 15 2
297 315
1 7 2
138 291
1 17 2
310 610
1 14 2
46 780
1 15 2
310 369
1 9 2
416 662
1 14 2
265 366
1 16 2
282 328
1 13 2
298 771
1 12 2
526 692
1 7 2
7 409
1 15 2
186 756
1 3 2
217 685
1 8 2
12 45
1 18 2
361 537
1 12 2
401 536
1 18 2
559 790
1 9 2
288 562
1 3 2
590 711
1 9 2
148 156
1 11 2
39 327
1 8 2
374 436
1 10 2
393 433
1 11 2
609 760
1 13 2
145 455
1 15 2
427 710
1 15 2
111 305
1 10 2
349 764
1 13 2
383 492
1 8 2
75 655
1 10 2
302 449
1 5 2
331 589
1 11 2
32 795
1 13 2
47 164
1 10 2
217 639
1 12 2
149 235
1 7 2
23 209
1 3 2
67 118
1 18 2
412 799
1 13 2
393 414
1 11 2
227 445
1 4 2
428 520
1 15 2
298 346
1 15 2
66 640
1 9 2
25 666
1 10 2
666 751
1 17 2
40 606
1 10 2
10 674
1 17 2
518 725
1 8 2
520 555
1 5 2
144 782
1 4 2
386 554
1 6 2
112 755
1 13 2
591 745
1 11 2
343 549
1 15 2
343 652
1 10 2
253 691
1 7 2
438 531
1 8 2
375 759
1 9 2
254 682
1 14 2
615 778
1 8 2
442 565
1 15 2
454 743
1 16 2
292 596
1 20 2
247 464
1 9 2
636 785
1 10 2
66 195
1 9 2
284 483
1 8 2
525 625
1 16 2
97 381
1 7 2
109 392
1 6 2
433 757
1 16 2
150 595
1 9 2
503 610
1 20 2
394 708
1 11 2
254 739
1 10 2
260 544
1 13 2
398 641
1 20 2
231 429
1 5 2
318 349
1 16 2
332 482
1 11 2
38 783
1 6 2
524 620
1 12 2
239 582
1 17 2
82 627
1 17 2
579 595
1 12 2
102 385
1 11 2
137 601
1 10 2
411 483
1 16 2
12 29
1 12 2
370 710
1 9 2
84 244
1 9 2
284 503
1 11 2
440 739
1 9 2
215 294
1 5 2
309 551
1 20 2
203 725
1 17 2
508 693
1 3 2
397 769
1 14 2
89 168
1 13 2
646 758
1 5 2
31 393
1 13 2
661 760
1 13 2
284 765
1 5 2
287 309
1 12 2
239 405
1 2 2
121 386
1 12 2
434 676
1 5 2
473 690
1 14 2
204 245
1 11 2
99 332
1 9 2
172 283
1 10 2
586 591
1 7 2
187 415
1 15 2
114 489
1 20 2
258 553
1 14 2
189 606
1 10 2
295 334
1 14 2
490 792
1 19 2
276 471
1 17 2
178 216
1 13 2
676 731
1 9 2
293 359
1 16 2
249 361
1 13 2
247 368
1 18 2
315 361
1 11 2
262 771
1 11 2
250 769
1 7 2
385 513
1 9 2
281 529
1 7 2
70 334
1 6 2
303 397
1 19 2
16 18
1 14 2
47 128
1 11 2
536 563
1 17 2
576 610
1 4 2
263 556
1 8 2
174 522
1 18 2
227 579
1 8 2
75 491
1 16 2
138 389
1 5 2
25 406
1 17 2
4 537
1 17 2
66 258
1 16 2
50 390
1 3 2
511 772
1 5 2
542 645
1 2 2
130 643
1 9 2
20 775
1 11 2
100 164
1 11 2
59 475
1 2 2
215 643
1 10 2
630 702
1 9 2
298 531
1 5 2
419 574
1 3 2
64 460
1 14 2
553 702
1 8 2
483 601
1 12 2
120 549
1 4 2
460 736
1 3 2
313 330
1 12 2
8 471
1 14 2
286 708
1 9 2
300 349
1 9 2
232 607
1 9 2
677 710
1 6 2
600 673
1 7 2
502 560
1 8 2
0 220
1 7 2
266 519
1 10 2
192 594
1 17 2
377 395
1 6 2
224 460
1 7 2
442 782
1 9 2
70 175
1 14 2
5 414
1 6 2
123 669
1 13 2
382 426
1 13 2
201 578
1 11 2
77 395
1 11 2
222 792
1 6 2
445 531
1 10 2
174 274
1 16 2
185 518
1 7 2
95 319
1 14 2
229 482
1 19 2
607 633
1 12 2
51 283
1 2 2
329 353
1 8 2
169 579
1 5 2
484 552
1 9 2
376 609
1 13 2
227 350
1 12 2
116 537
1 9 2
514 785
1 17 2
60 738
1 10 2
235 286
1 13 2
405 663
1 9 2
266 574
1 10 2
382 422
1 7 2
558 631
1 12 2
186 430
1 12 2
702 717
1 20 2
427 458
1 14 2
464 674
1 10 2
191 409
1 10 2
260 472
1 14 2
82 455
1 8 2
572 710
1 14 2
50 88
1 14 2
315 673
1 10 2
385 456
1 8 2
612 680
1 16 2
258 667
1 17 2
49 606
1 5 2
599 774
1 14 2
190 278
1 7 2
34 574
1 5 2
86 628
1 15 2
617 619
1 17 2
450 790
1 12 2
692 794
1 5 2
132 631
1 14 2
35 467
1 9 2
123 536
1 3 2
188 324
1 12 2
140 370
1 7 2
410 477
1 12 2
25 276
1 9 2
288 481
1 9 2
302 677
1 11 2
5 782
1 20 2
203 695
1 14 2
282 618
1 20 2
292 543
1 16 2
178 179
1 16 2
29 684
1 14 2
70 790
1 11 2
572 593
1 10 2
285 312
1 12 2
181 193
1 5 2
183 439
1 8 2
80 555
1 15 2
16 186
1 5 2
683 787
1 8 2
43 718
1 17 2
247 529
1 18 2
603 695
1 10 2
33 606
1 12 2
297 494
1 13 2
49 51
1 18 2
617 633
1 6 2
22 641
1 13 2
370 582
1 7 2
420 518
1 7 2
697 775
1 15 2
613 783
1 15 2
42 788
1 6 2
175 784
1 11 2
500 650
1 4 2
54 512
1 11 2
248 368
1 11 2
320 416
1 15 2
59 176
1 10 2
177 652
1 14 2
413 630
1 7 2
450 608
1 7 2
19 771
1 8 2
543 556
1 12 2
23 316
1 8 2
438 507
1 6 2
406 487
1 8 2
88 336
1 12 2
382 477
1 5 2
56 195
1 8 2
364 491
1 9 2
34 704
1 12 2
307 638
1 10 2
432 749
1 12 2
525 657
1 10 2
158 725
1 8 2
127 596
1 19 2
154 332
1 12 2
282 702
1 16 2
222 663
1 8 2
84 90
1 15 2
262 283
1 12 2
349 580
1 7 2
115 122
1 20 2
464 577
1 11 2
236 675
1 10 2
396 514
1 8 2
566 707
1 17 2
250 392
1 13 2
271 545
1 6 2
598 763
1 11 2
112 370
1 7 2
265 726
1 15 2
98 775
1 14 2
382 491
1 15 2
298 363
1 10 2
253 606
1 9 2
434 455
1 13 2
174 198
1 8 2
96 667
1 2 2
194 318
1 11 2
651 767
1 15 2
555 627
1 15 2
138 526
1 11 2
499 501
1 7 2
181 459
1 10 2
29 727
1 10 2
444 675
1 13 2
278 482
1 20 2
178 292
1 17 2
258 649
1 12 2
206 673
1 20 2
98 672
1 6 2
461 566
1 13 2
651 669
1 10 2
126 704
1 10 2
198 679
1 11 2
395 669
1 9 2
334 363
1 14 2
266 593
1 16 2
418 610
1 11 2
39 704
1 8 2
4 542
1 11 2
598 725
1 18 2
82 618
1 6 2
159 733
1 9 2
180 657
1 14 2
222 414
1 7 2
244 443
1 15 2
567 764
1 17 2
618 723
1 10 2
328 729
1 12 2
753 795
1 3 2
127 397
1 4 2
228 683
1 15 2
44 356
1 8 2
86 430
1 13 2
111 584
1 7 2
97 688
1 9 2
136 742
1 2 2
115 360
1 16 2
154 504
1 18 2
16 282
1 11 2
349 494
1 9 2
172 332
1 14 2
632 708
1 13 2
221 238
1 7 2
5 225
1 10 2
166 594
1 16 2
84 275
1 7 2
187 644
1 16 2
145 478
1 10 2
67 377
1 12 2
145 402
1 4 2
96 452
1 10 2
666 674
1 4 2
46 694
1 7 2
547 710
1 9 2
363 531
1 11 2
224 385
1 13 2
193 627
1 7 2
320 544
1 16 2
47 152
1 11 2
444 545
1 10 2
95 151
1 5 2
184 225
1 14 2
243 684
1 4 2
544 647
1 11 2
365 785
1 12 2
137 588
1 12 2
223 724
1 13 2
274 421
1 15 2
49 733
1 9 2
200 255
1 8 2
341 454
1 18 2
328 723
1 13 2
307 703
1 17 2
16 111
1 15 2
100 113
1 10 2
422 499
1 3 2
73 453
1 16 2
113 794
1 5 2
242 449
1 10 2
405 466
1 12 2
63 198
1 19 2
464 545
1 13 2
10 113
1 7 2
25 405
1 16 2
178 502
1 16 2
146 687
1 10 2
53 687
1 18 2
223 315
1 6 2
257 699
1 8 2
26 649
1 9 2
84 713
1 3 2
21 220
1 11 2
97 351
1 4 2
132 551
1 6 2
121 594
1 17 2
202 385
1 9 2
432 721
1 12 2
350 740
1 15 2
40 221
1 4 2
127 448
1 4 2
483 741
1 4 2
404 422
1 13 2
343 753
1 12 2
361 523
1 8 2
70 767
1 20 2
49 82
1 5 2
77 587
1 13 2
111 454
1 11 2
37 286
1 12 2
440 588
1 12 2
263 471
1 9 2
6 743
1 8 2
58 267
1 7 2
259 578
1 10 2
345 352
1 8 2
467 635
1 8 2
282 358
1 10 2
250 722
1 16 2
246 731
1 12 2
128 620
1 20 2
567 725
1 8 2
424 478
1 13 2
148 607
1 7 2
668 714
1 4 2
75 459
1 5 2
124 726
1 13 2
260 494
1 5 2
177 334
1 17 2
113 651
1 13 2
293 417
1 16 2
36 639
1 16 2
344 731
1 15 2
218 413
1 14 2
117 613
1 8 2
417 770
1 8 2
226 674
1 15 2
492 530
1 6 2
166 333
1 14 2
35 740
1 16 2
504 708
1 11 2
321 557
1 12 2
295 372
1 10 2
222 609
1 10 2
12 729
1 2 2
469 550
1 10 2
412 480
1 9 2
638 702
1 8 2
70 658
1 9 2
389 789
1 7 2
257 395
1 16 2
39 790
1 10 2
15 375
1 11 2
171 370
1 6 2
503 641
1 8 2
262 622
1 5 2
69 760
1 4 2
257 727
1 12 2
36 254
1 4 2
210 400
1 16 2
59 538
1 8 2
374 647
1 20 2
315 651
1 13 2
154 335
1 8 2
489 752
1 6 2
210 477
1 9 2
99 555
1 15 2
284 756
1 8 2
239 698
1 13 2
529 595
1 13 2
555 753
1 8 2
33 433
1 13 2
57 231
1 6 2
763 773
1 11 2
697 780
1 7 2
21 742
1 9 2
31 648
1 12 2
166 725
1 7 2
680 733
1 11 2
191 278
1 6 2
330 778
1 11 2
599 704
1 13 2
224 684
1 8 2
350 689
1 20 2
315 499
1 11 2
122 349
1 6 2
210 428
1 7 2
7 289
1 18 2
141 248
1 15 2
190 449
1 9 2
75 657
1 11 2
293 696
1 11 2
265 472
1 7 2
7 288
1 7 2
199 343
1 6 2
10 542
1 9 2
363 472
1 16 2
27 71
1 15 2
659 666
1 10 2
203 457
1 6 2
76 466
1 9 2
68 541
1 13 2
216 559
1 14 2
147 593
1 8 2
140 532
1 14 2
393 569
1 8 2
267 525
1 20 2
388 394
1 4 2
233 459
1 10 2
675 716
1 16 2
185 396
1 7 2
533 638
1 11 2
128 381
1 11 2
307 755
1 8 2
144 382
1 12 2
763 783
1 10 2
158 629
1 17 2
398 517
1 5 2
422 574
1 12 2
290 582
1 7 2
196 563
1 14 2
186 633
1 5 2
541 758
1 4 2
572 741
1 5 2
128 291
1 17 2
40 389
1 13 2
275 343
1 6 2
127 602
1 12 2
359 794
1 13 2
383 593
1 6 2
399 594
1 7 2
498 592
1 5 2
434 647
1 11 2
677 766
1 11 2
516 617
1 5 2
58 329
1 12 2
321 590
1 8 2
400 675
1 9 2
16 527
1 8 2
584 660
1 9 2
54 129
1 8 2
175 778
1 9 2
244 543
1 8 2
109 672
1 11 2
29 240
1 7 2
152 386
1 13 2
231 369
1 5 2
622 768
1 15 2
413 437
1 4 2
251 400
1 4 2
506 643
1 15 2
343 555
1 17 2
370 565
1 9 2
13 490
1 10 2
210 437
1 7 2
207 328
1 7 2
493 681
1 9 2
149 573
1 11 2
350 491
1 10 2
64 790
1 12 2
251 567
1 6 2
420 704
1 10 2
156 226
1 12 2
300 338
1 9 2
39 755
1 15 2
185 764
1 17 2
223 258
1 10 2
601 673
1 10 2
463 671
1 16 2
145 395
1 8 2
719 783
1 13 2
100 204
1 13 2
227 467
1 9 2
125 581
1 10 2
275 487
1 10 2
36 72
1 13 2
276 281
1 7 2
346 459
1 11 2
626 676
1 12 2
283 586
1 6 2
352 698
1 13 2
292 583
1 13 2
357 738
1 11 2
336 765
1 16 2
283 606
1 5 2
104 456
1 10 2
641 740
1 12 2
521 674
1 16 2
312 676
1 13 2
300 756
1 6 2
452 676
1 17 2
122 190
1 8 2
162 535
1 6 2
58 163
1 8 2
278 574
1 16 2
16 385
1 9 2
35 341
1 6 2
23 694
1 9 2
160 670
1 9 2
554 618
1 19 2
247 794
1 10 2
70 655
1 15 2
426 723
1 16 2
122 231
1 10 2
79 479
1 16 2
27 249
1 10 2
349 409
1 6 2
213 487
1 3 2
323 698
1 9 2
147 514
1 10 2
595 736
1 13 2
100 529
1 18 2
412 576
1 17 2
611 670
1 5 2
56 473
1 12 2
480 567
1 7 2
270 434
1 17 2
114 227
1 16 2
615 618
1 7 2
30 37
1 15 2
328 613
1 14 2
248 521
1 12 2
456 783
1 16 2
375 418
1 8 2
495 746
1 6 2
110 279
1 4 2
324 570
1 11 2
425 579
1 5 2
380 654
1 20 2
190 607
1 12 2
27 302
1 18 2
546 799
1 15 2
193 629
1 5 2
378 409
1 9 2
115 543
1 17 2
49 346
1 18 2
141 490
1 3 2
1 532
1 9 2
127 231
1 12 2
298 525
1 14 2
482 631
1 10 2
83 673
1 7 2
465 552
1 16 2
294 601
1 15 2
492 618
1 16 2
595 723
1 13 2
414 673
1 16 2
141 717
1 8 2
309 381
1 8 2
123 224
1 2 2
291 420
1 10 2
8 138
1 10 2
161 522
1 7 2
168 169
1 12 2
57 603
1 14 2
494 603
1 13 2
66 467
1 3 2
116 242
1 16 2
50 504
1 10 2
494 495
1 9 2
149 157
1 15 2
248 356
1 7 2
99 609
1 2 2
379 777
1 7 2
212 222
1 14 2
597 610
1 10 2
289 350
1 10 2
141 621
1 7 2
236 549
1 12 2
241 799
1 12 2
310 572
1 20 2
427 543
1 13 2
216 704
1 13 2
344 433
1 6 2
61 426
1 15 2
304 502
1 10 2
239 718
1 18 2
408 672
1 9 2
415 569
1 11 2
122 440
1 11 2
150 160
1 6 2
182 191
1 18 2
68 283
1 3 2
139 358
1 10 2
331 456
1 8 2
6 375
1 12 2
265 365
1 8 2
72 140
1 11 2
172 321
1 10 2
124 732
1 10 2
57 529
1 5 2
144 286
1 7 2
128 722
1 15 2
37 618
1 12 2
24 712
1 5 2
660 664
1 8 2
478 773
1 8 2
239 296
1 7 2
74 729
1 7 2
298 441
1 19 2
50 675
1 18 2
129 659
1 6 2
425 710
1 18 2
307 615
1 10 2
55 620
1 10 2
332 380
1 10 2
252 766
1 15 2
85 352
1 8 2
524 648
1 14 2
498 667
1 9 2
518 616
1 12 2
46 649
1 7 2
139 696
1 14 2
179 412
1 13 2
37 782
1 16 2
40 672
1 9 2
402 781
1 10 2
321 616
1 12 2
150 335
1 14 2
274 593
1 10 2
18 157
1 13 2
618 782
1 13 2
602 648
1 11 2
126 717
1 13 2
36 366
1 11 2
301 610
1 11 2
325 475
1 5 2
406 447
1 15 2
4 794
1 8 2
99 666
1 5 2
126 679
1 13 2
202 778
1 10 2
99 292
1 5 2
302 439
1 10 2
81 255
1 8 2
18 115
1 11 2
175 613
1 3 2
182 557
1 7 2
180 584
1 13 2
20 344
1 15 2
381 412
1 10 2
337 703
1 11 2
481 687
1 13 2
306 650
1 15 2
16 535
1 12 2
523 588
1 11 2
252 614
1 10 2
32 575
1 18 2
657 693
1 17 2
23 82
1 16 2
421 794
1 13 2
529 712
1 13 2
454 565
1 5 2
52 761
1 6 2
177 238
1 10 2
474 491
1 10 2
103 465
1 9 2
4 634
1 8 2
472 724
1 13 2
320 464
1 12 2
251 315
1 13 2
87 725
1 16 2
418 605
1 7 2
125 797
1 13 2
59 238
1 9 2
145 484
1 13 2
122 363
1 7 2
169 785
1 10 2
343 722
1 7 2
299 684
1 8 2
161 268
1 16 2
193 202
1 10 2
380 536
1 12 2
270 606
1 7 2
137 475
1 13 2
262 781
1 7 2
142 626
1 19 2
50 414
1 16 2
79 416
1 10 2
238 316
1 8 2
244 605
1 17 2
231 492
1 12 2
79 243
1 16 2
36 545
1 13 2
282 540
1 8 2
422 595
1 9 2
427 770
1 9 2
277 464
1 6 2
472 481
1 6 2
257 669
1 17 2
494 579
1 5 2
268 287
1 13 2
295 433
1 8 2
297 721
1 10 2
113 365
1 10 2
19 615
1 11 2
331 433
1 11 2
766 771
1 13 2
18 297
1 6 2
78 152
1 6 2
1 575
1 16 2
250 346
1 12 2
147 489
1 7 2
191 570
1 10 2
696 718
1 15 2
185 540
1 11 2
243 449
1 6 2
609 784
1 11 2
174 620
1 7 2
17 792
1 18 2
304 398
1 8 2
224 497
1 10 2
547 651
1 12 2
627 668
1 9 2
488 692
1 13 2
578 599
1 6 2
334 472
1 19 2
141 304
1 15 2
275 382
1 14 2
79 146
1 10 2
170 522
1 11 2
236 458
1 8 2
489 660
1 10 2
496 543
1 8 2
18 685
1 14 2
421 518
1 12 2
152 591
1 17 2
648 742
1 15 2
50 393
1 14 2
223 704
1 9 2
81 525
1 15 2
288 576
1 7 2
142 243
1 10 2
146 200
1 14 2
321 535
1 13 2
24 216
1 5 2
501 662
1 14 2
71 517
1 18 2
9 723
1 8 2
165 630
1 11 2
522 738
1 17 2
141 675
1 6 2
175 444
1 12 2
687 699
1 15 2
9 595
1 5 2
358 481
1 18 2
227 648
1 6 2
701 746
1 15 2
9 227
1 9 2
436 612
1 10 2
630 732
1 15 2
668 756
1 20 2
49 651
1 18 2
248 315
1 20 2
68 203
1 12 2
187 393
1 14 2
682 708
1 16 2
50 266
1 11 2
438 601
1 14 2
577 758
1 15 2
24 499
1 17 2
98 517
1 15 2
248 785
1 5 2
70 348
1 18 2
414 571
1 12 2
328 505
1 11 2
254 432
1 13 2
186 687
1 19 2
569 617
1 4 2
219 719
1 7 2
151 485
1 9 2
461 684
1 8 2
162 362
1 2 2
469 747
1 14 2
149 156
1 12 2
396 677
1 9 2
175 632
1 9 2
20 39
1 6 2
566 642
1 13 2
691 724
1 8 2
72 440
1 9 2
34 692
1 4 2
244 786
1 7 2
274 715
1 12 2
140 529
1 3 2
333 750
1 2 2
17 259
1 9 2
147 707
1 10 2
375 768
1 16 2
295 596
1 15 2
18 366
1 14 2
282 739
1 16 2
246 283
1 9 2
300 682
1 8 2
248 439
1 18 2
85 250
1 8 2
482 680
1 17 2
122 471
1 12 2
206 523
1 11 2
38 611
1 14 2
674 790
1 19 2
41 429
1 13 2
137 785
1 13 2
362 650
1 15 2
35 676
1 13 2
254 304
1 6 2
384 450
1 10 2
88 243
1 14 2
545 753
1 7 2
430 698
1 17 2
303 374
1 9 2
270 564
1 4 2
342 680
1 12 2
79 393
1 10 2
224 655
1 15 2
147 295
1 11 2
223 797
1 2 2
391 542
1 3 2
485 573
1 14 2
394 434
1 14 2
98 254
1 5 2
225 342
1 8 2
22 24
1 11 2
319 675
1 11 2
272 295
1 7 2
386 555
1 10 2
125 408
1 15 2
529 672
1 16 2
298 545
1 10 2
156 505
1 9 2
170 628
1 14 2
247 692
1 8 2
600 661
1 13 2
601 735
1 16 2
640 656
1 11 2
24 740
1 17 2
68 559
1 4 2
399 590
1 6 2
76 256
1 8 2
309 676
1 5 2
441 454
1 9 2
304 779
1 9 2
117 183
1 14 2
193 545
1 14 2
344 724
1 10 2
173 396
1 7 2
105 465
1 16 2
546 745
1 15 2
9 343
1 10 2
639 768
1 9 2
162 179
1 11 2
606 754
1 19 2
18 312
1 4 2
73 366
1 8 2
450 715
1 16 2
185 432
1 5 2
167 402
1 16 2
382 530
1 11 2
477 657
1 11 2
53 149
1 4 2
324 484
1 19 2
537 650
1 12 2
202 472
1 9 2
497 565
1 11 2
422 659
1 18 2
50 580
1 6 2
15 505
1 11 2
249 506
1 20 2
427 723
1 16 2
82 540
1 4 2
134 669
1 17 2
49 227
1 7 2
546 653
1 13 2
437 584
1 18 2
361 672
1 4 2
701 718
1 14 2
117 546
1 9 2
644 648
1 8 2
565 600
1 5 2
31 438
1 5 2
300 323
1 8 2
443 664
1 7 2
5 234
1 11 2
198 686
1 10 2
14 311
1 9 2
380 766
1 6 2
503 769
1 10 2
760 763
1 12 2
66 591
1 7 2
339 370
1 14 2
584 652
1 11 2
122 671
1 3 2
90 642
1 12 2
103 147
1 11 2
123 693
1 16 2
394 489
1 14 2
292 401
1 19 2
47 569
1 14 2
176 565
1 15 2
153 250
1 14 2
153 168
1 8 2
466 635
1 5 2
57 770
1 5 2
54 495
1 17 2
250 304
1 9 2
21 427
1 13 2
202 314
1 20 2
569 799
1 11 2
448 611
1 14 2
20 84
1 12 2
529 740
1 11 2
185 707
1 7 2
566 722
1 16 2
292 421
1 14 2
331 555
1 8 2
75 363
1 11 2
58 781
1 18 2
276 578
1 3 2
118 425
1 2 2
207 608
1 15 2
545 597
1 16 2
3 576
1 12 2
44 438
1 14 2
369 617
1 5 2
647 710
1 3 2
219 242
1 12 2
202 507
1 10 2
517 754
1 12 2
414 641
1 20 2
141 799
1 13 2
430 765
1 15 2
111 275
1 17 2
429 795
1 17 2
146 672
1 12 2
65 343
1 15 2
5 458
1 5 2
562 701
1 2 2
215 387
1 12 2
58 639
1 11 2
8 307
1 13 2
5 605
1 9 2
314 538
1 5 2
65 214
1 17 2
295 361
1 3 2
285 714
1 11 2
388 507
1 15 2
408 411
1 10 2
583 739
1 12 2
428 607
1 14 2
124 427
1 4 2
72 348
1 13 2
239 775
1 13 2
150 263
1 4 2
25 76
1 11 2
156 252
1 7 2
12 121
1 14 2
283 601
1 5 2
574 773
1 11 2
385 434
1 11 2
25 145
1 3 2
90 503
1 8 2
15 655
1 11 2
491 667
1 11 2
33 35
1 7 2
328 678
1 7 2
459 478
1 14 2
307 618
1 14 2
36 432
1 4 2
219 685
1 12 2
316 390
1 5 2
487 759
1 14 2
529 788
1 15 2
408 555
1 8 2
199 427
1 18 2
4 245
1 20 2
16 743
1 7 2
205 596
1 7 2
512 655
1 4 2
61 143
1 13 2
39 216
1 8 2
52 97
1 17 2
429 594
1 15 2
137 656
1 20 2
59 178
1 9 2
303 727
1 6 2
262 789
1 5 2
234 311
1 13 2
102 717
1 7 2
88 690
1 4 2
422 451
1 15 2
493 545
1 5 2
481 784
1 8 2
508 683
1 8 2
380 746
1 5 2
284 589
1 14 2
586 675
1 9 2
95 717
1 13 2
168 289
1 7 2
499 637
1 11 2
38 536
1 12 2
152 630
1 9 2
177 370
1 10 2
47 213
1 9 2
481 738
1 9 2
408 686
1 13 2
443 490
1 10 2
202 353
1 7 2
465 590
1 9 2
428 504
1 4 2
568 705
1 9 2
212 304
1 8 2
225 753
1 5 2
311 680
1 7 2
218 560
1 9 2
141 520
1 16 2
383 427
1 11 2
217 389
1 9 2
129 272
1 11 2
303 628
1 10 2
350 426
1 15 2
103 615
1 9 2
284 572
1 10 2
254 758
1 15 2
417 739
1 12 2
427 444
1 11 2
35 226
1 4 2
400 749
1 12 2
427 635
1 5 2
511 630
1 3 2
269 647
1 11 2
150 534
1 5 2
67 306
1 12 2
129 778
1 14 2
238 394
1 11 2
218 724
1 9 2
300 760
1 12 2
633 797
1 5 2
197 240
1 17 2
614 651
1 5 2
207 362
1 7 2
532 707
1 6 2
678 687
1 15 2
222 633
1 11 2
92 498
1 8 2
298 548
1 12 2
149 638
1 16 2
304 411
1 16 2
60 133
1 10 2
181 682
1 10 2
11 612
1 11 2
8 356
1 9 2
224 465
1 9 2
636 640
1 15 2
417 538
1 16 2
437 659
1 7 2
548 661
1 2 2
558 688
1 12 2
283 487
1 12 2
210 458
1 10 2
7 60
1 8 2
43 251
1 9 2
128 286
1 11 2
119 755
1 3 2
209 334
1 9 2
183 781
1 10 2
48 224
1 15 2
276 381
1 10 2
591 764
1 8 2
618 644
1 12 2
81 395
1 11 2
40 645
1 12 2
145 166
1 16 2
145 361
1 20 2
416 693
1 9 2
246 634
1 8 2
450 531
1 11 2
122 563
1 11 2
212 464
1 12 2
433 518
1 14 2
417 488
1 8 2
17 113
1 8 2
212 619
1 12 2
443 668
1 13 2
41 191
1 19 2
59 145
1 5 2
635 722
1 14 2
282 738
1 12 2
88 735
1 12 2
526 702
1 6 2
61 252
1 20 2
245 398
1 10 2
272 731
1 8 2
344 796
1 14 2
421 437
1 8 2
389 748
1 3 2
62 214
1 11 2
10 89
1 2 2
76 169
1 8 2
416 462
1 13 2
370 758
1 12 2
206 337
1 8 2
263 401
1 4 2
54 608
1 8 2
460 656
1 8 2
631 729
1 13 2
81 295
1 17 2
328 332
1 2 2
232 446
1 6 2
211 586
1 10 2
0 201
1 12 2
638 646
1 6 2
99 162
1 15 2
18 79
1 10 2
374 600
1 13 2
450 619
1 18 2
458 498
1 13 2
128 675
1 16 2
382 640
1 7 2
150 391
1 6 2
181 744
1 10 2
111 251
1 20 2
16 60
1 13 2
396 564
1 9 2
427 441
1 11 2
456 795
1 12 2
126 783
1 6 2
92 220
1 18 2
328 338
1 9 2
388 796
1 7 2
167 284
1 14 2
584 646
1 11 2
66 271
1 10 2
565 773
1 14 2
226 464
1 8 2
295 367
1 15 2
345 695
1 14 2
193 785
1 9 2
7 684
1 12 2
8 458
1 10 2
500 613
1 9 2
479 666
1 17 2
256 543
1 13 2
247 628
1 12 2
476 732
1 17 2
338 639
1 4 2
323 635
1 9 2
188 659
1 12 2
36 70
1 8 2
70 769
1 5 2
505 642
1 6 2
172 669
1 7 2
375 713
1 12 2
16 287
1 12 2
363 704
1 8 2
311 746
1 11 2
174 395
1 8 2
235 557
1 18 2
650 745
1 17 2
122 695
1 13 2
141 278
1 15 2
413 631
1 6 2
5 568
1 12 2
479 695
1 12 2
10 765
1 9 2
141 550
1 7 2
216 339
1 8 2
89 309
1 9 2
283 423
1 5 2
31 51
1 6 2
487 768
1 11 2
233 276
1 19 2
498 663
1 12 2
50 116
1 18 2
35 458
1 13 2
414 566
1 9 2
558 577
1 15 2
303 794
1 13 2
50 238
1 7 2
23 789
1 9 2
226 584
1 6 2
261 263
1 8 2
17 266
1 14 2
559 595
1 6 2
94 153
1 5 2
308 658
1 11 2
588 775
1 9 2
238 438
1 9 2
233 575
1 7 2
123 288
1 7 2
140 309
1 14 2
227 235
1 14 2
565 782
1 4 2
33 285
1 11 2
252 463
1 13 2
421 466
1 14 2
375 438
1 10 2
96 691
1 6 2
678 765
1 12 2
187 431
1 10 2
49 333
1 4 2
20 624
1 13 2
41 345
1 8 2
113 323
1 4 2
355 772
1 7 2
484 782
1 8 2
257 414
1 4 2
131 535
1 8 2
325 548
1 10 2
51 137
1 13 2
239 491
1 15 2
133 389
1 9 2
92 122
1 9 2
669 782
1 7 2
96 562
1 10 2
19 537
1 5 2
74 757
1 8 2
265 397
1 11 2
186 655
1 5 2
452 506
1 17 2
248 276
1 11 2
526 755
1 13 2
243 687
1 7 2
246 387
1 4 2
69 140
1 18 2
304 338
1 11 2
315 635
1 13 2
559 732
1 9 2
411 514
1 7 2
158 535
1 2 2
407 550
1 4 2
130 703
1 3 2
91 762
1 10 2
122 422
1 11 2
10 44
1 9 2
112 443
1 9 2
189 506
1 16 2
307 657
1 17 2
412 633
1 11 2
456 593
1 10 2
238 575
1 10 2
201 362
1 5 2
75 372
1 7 2
342 587
1 5 2
434 637
1 15 2
250 255
1 14 2
676 684
1 11 2
262 528
1 3 2
211 647
1 8 2
467 727
1 10 2
223 226
1 8 2
300 623
1 9 2
345 426
1 13 2
122 390
1 7 2
403 731
1 16 2
113 571
1 9 2
189 320
1 14 2
434 458
1 8 2
49 452
1 8 2
433 445
1 9 2
112 591
1 12 2
58 417
1 10 2
351 476
1 9 2
11 190
1 7 2
364 455
1 11 2
224 529
1 11 2
113 549
1 9 2
146 660
1 6 2
541 595
1 12 2
9 793
1 7 2
210 532
1 7 2
120 400
1 11 2
117 369
1 5 2
772 793
1 15 2
504 633
1 12 2
727 756
1 9 2
426 454
1 10 2
279 632
1 10 2
262 376
1 11 2
274 523
1 17 2
276 691
1 19 2
374 388
1 14 2
168 193
1 10 2
19 292
1 7 2
302 419
1 11 2
251 650
1 6 2
158 528
1 13 2
350 492
1 4 2
353 755
1 16 2
275 615
1 8 2
61 356
1 16 2
146 418
1 5 2
487 796
1 11 2
535 782
1 5 2
160 737
1 20 2
59 723
1 8 2
530 714
1 2 2
45 387
1 5 2
500 570
1 11 2
141 772
1 2 2
264 777
1 5 2
67 625
1 12 2
108 584
1 11 2
445 640
1 4 2
126 384
1 5 2
161 169
1 17 2
178 742
1 14 2
396 502
1 11 2
22 576
1 12 2
586 717
1 9 2
245 404
1 15 2
565 733
1 12 2
176 466
1 16 2
482 639
1 4 2
75 686
1 8 2
105 792
1 8 2
248 520
1 11 2
42 46
1 10 2
626 758
1 6 2
184 410
1 13 2
120 359
1 6 2
73 193
1 13 2
646 760
1 9 2
70 204
1 14 2
27 706
1 7 2
101 134
1 11 2
122 293
1 6 2
105 445
1 10 2
633 686
1 8 2
504 570
1 7 2
112 590
1 7 2
30 227
1 10 2
162 283
1 9 2
171 431
1 16 2
120 546
1 7 2
712 734
1 10 2
44 410
1 16 2
396 596
1 10 2
615 750
1 12 2
166 486
1 14 2
85 563
1 14 2
44 504
1 13 2
103 392
1 12 2
128 147
1 18 2
565 723
1 15 2
50 746
1 15 2
489 708
1 13 2
458 528
1 2 2
378 397
1 4 2
99 750
1 6 2
122 485
1 16 2
119 536
1 7 2
138 680
1 16 2
361 565
1 18 2
290 312
1 18 2
295 435
1 12 2
168 454
1 15 2
361 605
1 17 2
185 356
1 15 2
255 304
1 13 2
392 632
1 8 2
524 799
1 15 2
466 646
1 6 2
118 618
1 6 2
278 452
1 3 2
420 484
1 8 2
210 666
1 13 2
649 666
1 11 2
98 468
1 10 2
663 772
1 3 2
269 441
1 11 2
274 602
1 18 2
98 283
1 9 2
30 569
1 6 2
2 548
1 8 2
46 455
1 7 2
137 701
1 11 2
53 332
1 12 2
267 408
1 7 2
422 479
1 6 2
226 727
1 14 2
190 271
1 5 2
32 208
1 13 2
29 753
1 7 2
41 73
1 14 2
0 328
1 12 2
250 544
1 8 2
335 506
1 9 2
687 754
1 15 2
435 489
1 13 2
255 352
1 13 2
569 669
1 2 2
144 653
1 17 2
338 413
1 12 2
381 632
1 3 2
11 280
1 9 2
239 448
1 11 2
100 226
1 14 2
150 426
1 9 2
2 410
1 4 2
171 299
1 11 2
136 693
1 6 2
43 94
1 16 2
421 799
1 14 2
344 538
1 5 2
467 776
1 7 2
88 664
1 17 2
44 417
1 12 2
335 646
1 10 2
547 725
1 13 2
396 434
1 8 2
92 128
1 11 2
703 766
1 18 2
418 607
1 18 2
675 788
1 17 2
377 476
1 10 2
178 784
1 5 2
58 451
1 5 2
653 736
1 4 2
548 683
1 10 2
166 383
1 5 2
72 330
1 10 2
658 735
1 17 2
203 588
1 6 2
232 758
1 17 2
292 526
1 4 2
557 737
1 14 2
190 426
1 12 2
652 674
1 8 2
188 375
1 13 2
37 449
1 7 2
446 526
1 16 2
101 356
1 12 2
657 671
1 19 2
464 639
1 14 2
147 738
1 13 2
263 648
1 7 2
74 402
1 8 2
694 799
1 5 2
180 549
1 15 2
114 137
1 12 2
273 286
1 16 2
66 526
1 15 2
97 463
1 3 2
514 747
1 11 2
596 625
1 9 2
311 632
1 8 2
269 724
1 17 2
68 733
1 4 2
225 568
1 9 2
239 798
1 15 2
97 775
1 7 2
140 213
1 15 2
449 615
1 13 2
231 778
1 8 2
631 754
1 13 2
288 325
1 14 2
4 601
1 17 2
482 651
1 14 2
489 799
1 12 2
535 785
1 4 2
134 359
1 18 2
684 745
1 13 2
152 792
1 18 2
265 361
1 5 2
549 600
1 5 2
3 21
1 17 2
203 478
1 7 2
347 526
1 14 2
14 412
1 16 2
471 597
1 15 2
388 740
1 5 2
709 782
1 8 2
11 119
1 12 2
145 481
1 8 2
44 308
1 18 2
361 579
1 5 2
124 719
1 10 2
2 535
1 16 2
18 218
1 5 2
240 757
1 12 2
2 235
1 18 2
569 614
1 11 2
619 746
1 12 2
500 579
1 17 2
413 611
1 10 2
95 649
1 9 2
81 401
1 9 2
66 264
1 9 2
100 773
1 9 2
492 568
1 15 2
71 361
1 9 2
188 247
1 8 2
243 480
1 16 2
588 693
1 14 2
250 352
1 13 2
316 356
1 8 2
151 737
1 8 2
19 346
1 12 2
4 583
1 8 2
86 633
1 9 2
51 327
1 15 2
646 795
1 14 2
240 553
1 11 2
295 472
1 12 2
394 729
1 14 2
59 454
1 11 2
0 703
1 17 2
89 312
1 9 2
70 585
1 8 2
191 380
1 17 2
594 799
1 8 2
472 667
1 7 2
77 238
1 17 2
282 569
1 9 2
56 249
1 10 2
65 674
1 16 2
113 249
1 5 2
127 287
1 5 2
268 737
1 20 2
258 344
1 5 2
139 703
1 9 2
229 306
1 19 2
84 482
1 11 2
187 278
1 4 2
407 465
1 12 2
44 474
1 6 2
26 491
1 14 2
490 739
1 15 2
47 117
1 12 2
252 670
1 7 2
65 658
1 15 2
151 670
1 15 2
27 390
1 16 2
260 458
1 15 2
66 113
1 15 2
395 640
1 16 2
670 780
1 3 2
73 406
1 11 2
438 597
1 18 2
361 553
1 16 2
14 388
1 6 2
281 442
1 15 2
84 229
1 6 2
272 658
1 7 2
322 739
1 9 2
140 164
1 16 2
383 607
1 9 2
109 247
1 10 2
611 768
1 8 2
124 775
1 9 2
301 454
1 15 2
321 667
1 5 2
263 442
1 16 2
89 344
1 10 2
240 597
1 17 2
430 693
1 10 2
80 659
1 18 2
27 651
1 13 2
247 562
1 9 2
84 512
1 6 2
454 789
1 10 2
394 520
1 10 2
105 738
1 20 2
471 612
1 9 2
301 336
1 18 2
396 545
1 10 2
500 657
1 7 2
33 754
1 19 2
417 672
1 11 2
24 176
1 12 2
286 498
1 12 2
464 773
1 17 2
526 646
1 12 2
204 303
1 6 2
327 386
1 15 2
49 792
1 10 2
253 605
1 14 2
591 725
1 12 2
650 736
1 17 2
571 652
1 6 2
477 590
1 9 2
505 724
1 6 2
230 467
1 10 2
433 566
1 14 2
178 702
1 11 2
175 595
1 11 2
178 425
1 12 2
124 790
1 7 2
444 669
1 17 2
250 328
1 13 2
240 607
1 8 2
279 300
1 11 2
535 792
1 13 2
89 596
1 11 2
275 682
1 8 2
97 228
1 18 2
101 114
1 12 2
128 555
1 17 2
276 344
1 12 2
105 569
1 12 2
50 267
1 7 2
592 617
1 12 2
269 374
1 3 2
197 425
1 6 2
401 560
1 16 2
18 627
1 10 2
195 356
1 7 2
235 475
1 11 2
122 128
1 5 2
76 302
1 10 2
577 707
1 9 2
249 253
1 15 2
133 223
1 7 2
589 639
1 10 2
289 760
1 11 2
346 525
1 9 2
175 583
1 15 2
432 639
1 9 2
424 577
1 18 2
239 663
1 8 2
194 392
1 10 2
23 445
1 13 2
243 620
1 11 2
66 582
1 11 2
631 732
1 12 2
281 396
1 17 2
258 346
1 15 2
569 703
1 17 2
294 411
1 8 2
502 730
1 3 2
104 230
1 17 2
71 202
1 11 2
97 729
1 6 2
397 613
1 13 2
279 651
1 6 2
380 769
1 9 2
226 401
1 8 2
26 670
1 12 2
170 581
1 6 2
165 552
1 17 2
119 656
1 18 2
416 553
1 17 2
49 361
1 18 2
203 593
1 19 2
708 745
1 8 2
212 661
1 8 2
401 754
1 12 2
153 179
1 10 2
120 444
1 8 2
543 589
1 10 2
153 736
1 13 2
122 596
1 7 2
649 741
1 11 2
88 478
1 17 2
396 578
1 8 2
261 618
1 19 2
412 429
1 13 2
133 227
1 14 2
50 252
1 17 2
693 742
1 5 2
314 451
1 16 2
464 508
1 6 2
118 243
1 11 2
288 443
1 10 2
474 504
1 11 2
137 467
1 10 2
536 752
1 10 2
663 737
1 8 2
644 691
1 5 2
242 703
1 9 2
116 733
1 16 2
141 517
1 9 2
162 668
1 6 2
226 587
1 5 2
62 465
1 15 2
44 463
1 11 2
70 363
1 9 2
181 341
1 8 2
71 779
1 7 2
183 626
1 12 2
105 310
1 6 2
32 773
1 16 2
312 588
1 17 2
283 633
1 7 2
159 490
1 12 2
289 521
1 17 2
49 437
1 13 2
148 276
1 11 2
231 365
1 9 2
219 385
1 17 2
141 536
1 7 2
710 768
1 12 2
113 438
1 7 2
715 753
1 12 2
426 795
1 14 2
89 432
1 12 2
687 732
1 8 2
562 692
1 6 2
191 719
1 8 2
362 402
1 9 2
370 616
1 9 2
143 343
1 7 2
358 631
1 17 2
331 398
1 12 2
312 574
1 14 2
248 450
1 16 2
101 559
1 10 2
380 696
1 9 2
384 745
1 9 2
310 698
1 9 2
180 412
1 6 2
181 747
1 12 2
71 666
1 8 2
282 634
1 14 2
316 593
1 11 2
8 492
1 10 2
563 667
1 5 2
54 444
1 4 2
351 462
1 5 2
215 345
1 10 2
494 544
1 11 2
410 725
1 12 2
669 708
1 10 2
33 246
1 9 2
161 345
1 12 2
286 493
1 15 2
413 597
1 7 2
269 585
1 14 2
161 571
1 15 2
271 659
1 10 2
32 222
1 12 2
101 306
1 14 2
282 466
1 13 2
141 306
1 16 2
276 618
1 8 2
72 345
1 10 2
686 723
1 10 2
112 795
1 14 2
581 649
1 16 2
18 610
1 13 2
435 638
1 15 2
310 655
1 14 2
60 585
1 15 2
467 708
1 8 2
20 46
1 13 2
359 743
1 12 2
102 731
1 13 2
150 623
1 7 2
117 644
1 10 2
574 639
1 13 2
357 657
1 9 2
466 574
1 9 2
502 645
1 6 2
719 739
1 7 2
143 426
1 20 2
50 321
1 8 2
298 420
1 6 2
437 694
1 14 2
14 375
1 8 2
397 607
1 7 2
497 528
1 10 2
22 41
1 7 2
220 489
1 14 2
27 631
1 12 2
43 191
1 8 2
168 726
1 12 2
70 559
1 17 2
546 708
1 9 2
343 773
1 3 2
75 726
1 7 2
24 439
1 13 2
149 432
1 13 2
25 543
1 14 2
562 648
1 6 2
272 281
1 8 2
116 591
1 9 2
172 526
1 7 2
99 522
1 7 2
76 382
1 7 2
560 691
1 13 2
5 71
1 9 2
597 754
1 6 2
57 762
1 12 2
412 778
1 8 2
296 743
1 19 2
18 567
1 7 2
289 634
1 4 2
169 236
1 14 2
87 553
1 11 2
256 409
1 7 2
647 785
1 10 2
187 763
1 6 2
573 602
1 9 2
474 525
1 12 2
491 594
1 10 2
58 566
1 18 2
344 417
1 14 2
10 429
1 13 2
310 311
1 11 2
433 732
1 7 2
367 650
1 8 2
77 161
1 17 2
265 414
1 6 2
34 184
1 9 2
213 316
1 11 2
123 607
1 13 2
350 617
1 18 2
82 517
1 7 2
0 453
1 7 2
284 484
1 14 2
315 625
1 15 2
390 783
1 7 2
51 77
1 13 2
279 429
1 11 2
331 523
1 7 2
99 710
1 7 2
555 701
1 14 2
4 795
1 4 2
174 713
1 16 2
59 466
1 5 2
277 782
1 11 2
65 493
1 13 2
283 491
1 11 2
302 356
1 14 2
245 586
1 14 2
146 632
1 8 2
438 721
1 10 2
191 337
1 16 2
577 733
1 6 2
501 573
1 15 2
437 499
1 10 2
127 569
1 17 2
100 799
1 5 2
342 700
1 15 2
392 565
1 20 2
294 651
1 15 2
151 593
1 14 2
152 478
1 15 2
170 617
1 12 2
8 785
1 12 2
181 765
1 10 2
427 700
1 16 2
117 576
1 7 2
67 765
1 12 2
58 794
1 4 2
81 121
1 11 2
426 597
1 13 2
717 724
1 7 2
103 701
1 9 2
475 482
1 9 2
22 89
1 5 2
67 112
1 7 2
103 662
1 13 2
536 775
1 11 2
562 717
1 15 2
12 156
1 11 2
249 626
1 5 2
628 774
1 11 2
266 583
1 19 2
374 783
1 8 2
298 719
1 13 2
111 666
1 11 2
334 413
1 11 2
150 213
1 15 2
14 325
1 8 2
55 152
1 9 2
333 657
1 9 2
321 519
1 5 2
90 703
1 4 2
568 762
1 6 2
93 758
1 10 2
253 292
1 14 2
414 665
1 13 2
385 652
1 11 2
434 618
1 9 2
434 669
1 6 2
8 448
1 14 2
133 559
1 8 2
32 505
1 10 2
724 732
1 3 2
230 415
1 7 2
8 342
1 8 2
261 502
1 19 2
245 307
1 7 2
265 694
1 10 2
352 431
1 15 2
145 156
1 19 2
265 612
1 7 2
93 489
1 10 2
225 571
1 6 2
261 301
1 3 2
212 451
1 4 2
353 552
1 14 2
111 421
1 6 2
25 552
1 10 2
368 704
1 5 2
28 32
1 12 2
170 449
1 10 2
18 80
1 6 2
24 94
1 10 2
43 549
1 6 2
236 261
1 15 2
146 450
1 8 2
342 409
1 13 2
229 605
1 16 2
553 666
1 6 2
357 653
1 8 2
370 439
1 9 2
302 538
1 7 2
81 123
1 13 2
178 602
1 7 2
124 729
1 16 2
381 389
1 11 2
352 489
1 11 2
179 456
1 6 2
406 609
1 12 2
189 239
1 17 2
146 490
1 8 2
210 409
1 18 2
429 605
1 12 2
70 652
1 11 2
216 599
1 12 2
216 235
1 19 2
49 615
1 6 2
106 521
1 14 2
16 465
1 11 2
401 443
1 18 2
245 670
1 14 2
179 742
1 12 2
325 671
1 11 2
216 544
1 13 2
383 613
1 8 2
199 659
1 17 2
59 614
1 7 2
434 718
1 17 2
168 414
1 15 2
392 731
1 14 2
198 455
1 13 2
627 712
1 16 2
152 310
1 11 2
87 670
1 8 2
483 586
1 12 2
464 503
1 10 2
38 223
1 14 2
761 799
1 13 2
432 696
1 5 2
38 730
1 17 2
612 665
1 14 2
490 740
1 13 2
490 692
1 16 2
282 615
1 13 2
185 293
1 10 2
240 613
1 13 2
478 704
1 6 2
126 730
1 6 2
241 779
1 9 2
349 724
1 7 2
177 609
1 9 2
294 460
1 10 2
120 341
1 9 2
174 288
1 8 2
12 329
1 15 2
79 408
1 7 2
40 741
1 12 2
286 305
1 12 2
145 175
1 6 2
187 188
1 10 2
6 663
1 11 2
38 639
1 18 2
377 430
1 12 2
249 302
1 4 2
244 772
1 12 2
160 198
1 19 2
119 245
1 6 2
135 156
1 6 2
232 583
1 16 2
84 346
1 5 2
509 583
1 12 2
409 742
1 11 2
88 529
1 16 2
231 343
1 7 2
199 614
1 4 2
167 767
1 17 2
294 478
1 8 2
80 290
1 14 2
395 504
1 18 2
610 723
1 12 2
102 618
1 7 2
62 771
1 9 2
421 762
1 16 2
84 218
1 9 2
124 703
1 4 2
167 444
1 9 2
2 95
1 7 2
36 791
1 17 2
530 695
1 8 2
253 274
1 9 2
351 717
1 5 2
93 96
1 14 2
338 426
1 13 2
24 395
1 19 2
543 780
1 16 2
305 571
1 11 2
333 663
1 16 2
145 546
1 7 2
201 496
1 15 2
392 395
1 5 2
477 503
1 9 2
669 746
1 8 2
453 795
1 3 2
132 326
1 7 2
557 751
1 17 2
9 389
1 3 2
194 199
1 12 2
252 482
1 10 2
225 606
1 8 2
57 669
1 8 2
152 531
1 15 2
657 712
1 17 2
597 663
1 7 2
109 111
1 10 2
14 793
1 12 2
248 669
1 10 2
5 345
1 8 2
183 582
1 13 2
517 529
1 15 2
222 799
1 6 2
165 302
1 6 2
38 533
1 11 2
564 597
1 15 2
111 593
1 7 2
213 278
1 14 2
305 792
1 6 2
211 350
1 15 2
275 305
1 19 2
60 651
1 2 2
407 759
1 8 2
442 725
1 8 2
419 699
1 8 2
307 548
1 7 2
51 268
1 12 2
35 108
1 8 2
225 676
1 17 2
227 695
1 13 2
476 535
1 18 2
307 743
1 9 2
386 427
1 3 2
531 556
1 10 2
251 421
1 7 2
22 254
1 20 2
427 471
1 19 2
168 427
1 8 2
201 769
1 9 2
153 419
1 5 2
423 752
1 9 2
650 679
1 13 2
137 676
1 15 2
588 661
1 15 2
614 783
1 5 2
558 778
1 13 2
310 440
1 11 2
40 174
1 6 2
624 712
1 19 2
247 396
1 12 2
222 530
1 11 2
227 297
1 10 2
294 308
1 4 2
230 557
1 3 2
73 213
1 12 2
272 576
1 11 2
622 656
1 11 2
235 781
1 5 2
597 720
1 9 2
449 483
1 12 2
271 508
1 16 2
295 536
1 8 2
649 750
1 11 2
71 454
1 10 2
23 334
1 9 2
649 664
1 17 2
97 639
1 10 2
53 559
1 19 2
85 202
1 7 2
531 668
1 7 2
595 700
1 13 2
463 466
1 14 2
449 639
1 6 2
233 574
1 12 2
4 279
1 12 2
238 486
1 8 2
183 563
1 14 2
161 458
1 8 2
422 467
1 5 2
455 608
1 5 2
234 514
1 12 2
81 185
1 10 2
72 493
1 7 2
32 236
1 17 2
659 712
1 10 2
319 343
1 16 2
43 202
1 12 2
186 363
1 12 2
119 728
1 9 2
300 746
1 13 2
336 576
1 11 2
192 687
1 16 2
256 567
1 8 2
707 764
1 7 2
163 673
1 12 2
288 430
1 12 2
693 722
1 5 2
118 671
1 13 2
306 577
1 11 2
638 795
1 15 2
117 325
1 17 2
113 246
1 12 2
290 306
1 12 2
306 794
1 10 2
30 82
1 11 2
278 411
1 15 2
223 521
1 6 2
88 220
1 13 2
289 577
1 6 2
448 749
1 5 2
172 505
1 19 2
526 576
1 18 2
221 537
1 12 2
489 613
1 17 2
249 659
1 10 2
401 703
1 13 2
499 703
1 8 2
197 593
1 10 2
84 228
1 6 2
415 771
1 9 2
15 614
1 12 2
219 659
1 13 2
98 210
1 15 2
179 526
1 13 2
286 783
1 7 2
224 355
1 14 2
48 60
1 5 2
148 188
1 9 2
546 683
1 17 2
47 794
1 9 2
244 304
1 10 2
53 375
1 9 2
603 762
1 7 2
17 437
1 11 2
341 617
1 16 2
579 630
1 18 2
68 325
1 7 2
88 200
1 5 2
428 636
1 15 2
295 478
1 9 2
50 541
1 10 2
53 246
1 8 2
710 763
1 9 2
136 421
1 15 2
325 540
1 12 2
594 712
1 10 2
99 250
1 12 2
450 597
1 15 2
223 657
1 15 2
247 467
1 11 2
265 500
1 12 2
289 670
1 16 2
529 675
1 4 2
55 741
1 8 2
114 367
1 4 2
96 441
1 5 2
25 654
1 5 2
533 689
1 7 2
636 732
1 7 2
53 599
1 7 2
145 637
1 18 2
206 471
1 9 2
10 297
1 5 2
90 564
1 4 2
496 636
1 10 2
621 657
1 7 2
116 440
1 6 2
211 438
1 5 2
272 326
1 19 2
198 656
1 5 2
108 685
1 5 2
434 685
1 5 2
472 600
1 11 2
286 696
1 13 2
186 593
1 17 2
421 553
1 16 2
187 265
1 15 2
178 535
1 19 2
312 370
1 12 2
175 290
1 8 2
308 740
1 7 2
200 699
1 17 2
79 85
1 8 2
281 311
1 10 2
691 718
1 14 2
102 569
1 4 2
309 654
1 13 2
530 677
1 10 2
473 486
1 15 2
36 168
1 14 2
401 414
1 9 2
108 191
1 11 2
344 505
1 15 2
273 411
1 7 2
346 462
1 13 2
164 799
1 6 2
322 466
1 17 2
41 745
1 7 2
562 797
1 12 2
71 667
1 13 2
66 122
1 15 2
37 581
1 12 2
418 645
1 11 2
219 307
1 8 2
16 28
1 18 2
695 731
1 10 2
147 544
1 15 2
553 792
1 3 2
600 647
1 6 2
157 240
1 9 2
1 607
1 9 2
310 550
1 6 2
349 424
1 4 2
681 718
1 10 2
37 534
1 12 2
235 437
1 6 2
199 584
1 12 2
151 583
1 9 2
81 359
1 8 2
36 194
1 8 2
102 320
1 18 2
310 606
1 5 2
180 497
1 10 2
83 746
1 14 2
164 312
1 20 2
543 553
1 15 2
71 651
1 10 2
248 798
1 12 2
551 569
1 8 2
124 752
1 8 2
60 107
1 15 2
498 603
1 4 2
598 653
1 8 2
405 599
1 12 2
153 275
1 10 2
4 444
1 13 2
295 562
1 9 2
193 552
1 8 2
325 470
1 9 2
56 412
1 14 2
620 668
1 9 2
153 570
1 18 2
239 607
1 7 2
228 381
1 17 2
36 780
1 6 2
528 772
1 16 2
273 594
1 5 2
189 515
1 19 2
305 398
1 15 2
413 627
1 14 2
84 544
1 8 2
677 763
1 14 2
247 281
1 4 2
251 360
1 20 2
119 429
1 15 2
120 704
1 8 2
350 683
1 14 2
122 735
1 9 2
47 139
1 7 2
302 480
1 12 2
289 450
1 12 2
87 421
1 8 2
308 742
1 8 2
165 666
1 9 2
88 164
1 9 2
56 627
1 19 2
543 725
1 10 2
204 753
1 17 2
526 799
1 12 2
390 489
1 12 2
39 79
1 7 2
51 497
1 8 2
140 507
1 13 2
43 529
1 15 2
392 413
1 19 2
231 693
1 18 2
276 657
1 7 2
38 173
1 9 2
301 440
1 8 2
38 433
1 8 2
566 727
1 15 2
723 724
1 10 2
599 771
1 17 2
282 413
1 9 2
186 477
1 7 2
143 224
1 17 2
273 325
1 16 2
138 633
1 12 2
49 480
1 7 2
53 763
1 12 2
365 612
1 16 2
370 652
1 7 2
390 461
1 8 2
393 507
1 6 2
365 721
1 14 2
393 576
1 11 2
43 335
1 18 2
328 571
1 9 2
213 795
1 16 2
150 256
1 17 2
149 725
1 11 2
247 317
1 14 2
164 725
1 18 2
394 581
1 6 2
78 370
1 13 2
564 785
1 8 2
220 591
1 12 2
187 274
1 14 2
114 674
1 12 2
472 756
1 11 2
204 385
1 6 2
7 345
1 15 2
5 198
1 5 2
7 532
1 7 2
430 714
1 19 2
338 579
1 12 2
141 354
1 11 2
42 631
1 8 2
517 679
1 11 2
278 504
1 10 2
344 481
1 15 2
140 723
1 7 2
175 422
1 13 2
377 736
1 12 2
43 278
1 15 2
10 178
1 12 2
46 151
1 14 2
344 467
1 11 2
390 449
1 12 2
137 575
1 17 2
221 650
1 8 2
439 517
1 2 2
348 608
1 9 2
125 614
1 6 2
45 366
1 7 2
270 314
1 7 2
191 213
1 2 2
608 643
1 7 2
661 770
1 7 2
419 682
1 17 2
328 416
1 16 2
538 695
1 16 2
262 553
1 5 2
599 647
1 17 2
249 416
1 11 2
96 790
1 17 2
328 361
1 11 2
528 717
1 15 2
467 606
1 8 2
617 679
1 10 2
324 672
1 9 2
744 780
1 14 2
346 652
1 14 2
352 725
1 16 2
374 390
1 9 2
100 533
1 10 2
428 435
1 5 2
209 335
1 13 2
102 414
1 13 2
125 576
1 11 2
398 447
1 4 2
423 551
1 7 2
474 628
1 19 2
203 298
1 17 2
392 672
1 15 2
50 655
1 12 2
87 396
1 13 2
81 250
1 6 2
372 484
1 5 2
5 188
1 13 2
388 609
1 13 2
303 614
1 16 2
120 482
1 15 2
394 491
1 19 2
98 206
1 5 2
274 592
1 4 2
406 784
1 2 2
91 776
1 12 2
229 668
1 14 2
290 494
1 12 2
272 429
1 16 2
593 725
1 12 2
126 325
1 9 2
404 745
1 9 2
171 699
1 7 2
570 591
1 16 2
250 493
1 17 2
152 374
1 11 2
240 260
1 9 2
661 718
1 11 2
303 349
1 2 2
73 76
1 5 2
532 570
1 14 2
356 781
1 8 2
358 696
1 13 2
246 385
1 10 2
372 610
1 15 2
321 597
1 16 2
344 418
1 5 2
270 330
1 7 2
272 455
1 16 2
385 693
1 15 2
84 293
1 14 2
245 535
1 4 2
341 542
1 10 2
24 74
1 4 2
54 698
1 14 2
611 666
1 8 2
292 789
1 11 2
440 575
1 18 2
248 576
1 7 2
74 574
1 13 2
383 521
1 16 2
646 735
1 6 2
205 792
1 5 2
148 167
1 9 2
449 479
1 7 2
80 508
1 11 2
676 728
1 10 2
195 651
1 10 2
87 706
1 15 2
119 504
1 6 2
64 582
1 14 2
356 581
1 12 2
427 658
1 14 2
201 553
1 11 2
50 461
1 14 2
150 585
1 9 2
158 657
1 8 2
342 376
1 5 2
236 621
1 11 2
472 620
1 6 2
195 447
1 16 2
584 756
1 13 2
103 494
1 6 2
535 750
1 17 2
504 659
1 5 2
390 541
1 10 2
256 419
1 9 2
124 631
1 9 2
408 570
1 19 2
150 633
1 11 2
46 613
1 8 2
307 424
1 3 2
64 624
1 14 2
248 618
1 12 2
2 665
1 19 2
265 294
1 12 2
301 492
1 12 2
32 629
1 5 2
241 339
1 6 2
291 655
1 16 2
249 250
1 17 2
307 464
1 15 2
398 692
1 8 2
86 657
1 13 2
336 408
1 14 2
579 583
1 11 2
606 707
1 7 2
641 718
1 8 2
271 487
1 11 2
405 788
1 9 2
333 651
1 12 2
267 537
1 10 2
200 629
1 4 2
445 734
1 12 2
605 706
1 2 2
637 688
1 11 2
305 445
1 14 2
152 255
1 6 2
191 681
1 6 2
222 560
1 16 2
114 117
1 14 2
179 652
1 8 2
136 288
1 6 2
267 317
1 9 2
231 512
1 13 2
350 610
1 10 2
187 300
1 14 2
87 578
1 19 2
41 695
1 11 2
405 517
1 10 2
454 586
1 7 2
28 578
1 12 2
116 576
1 10 2
99 421
1 10 2
44 300
1 12 2
123 723
1 12 2
187 564
1 9 2
37 253
1 8 2
190 367
1 15 2
545 665
1 9 2
256 574
1 13 2
346 781
1 7 2
290 348
1 6 2
108 715
1 14 2
491 657
1 10 2
239 769
1 14 2
176 708
1 12 2
266 764
1 6 2
480 721
1 12 2
63 190
1 9 2
138 574
1 14 2
101 176
1 15 2
385 553
1 13 2
38 198
1 9 2
528 749
1 18 2
246 276
1 8 2
440 728
1 14 2
12 732
1 2 2
11 685
1 10 2
278 293
1 11 2
84 99
1 9 2
415 458
1 9 2
54 696
1 10 2
10 164
1 12 2
665 782
1 5 2
460 668
1 16 2
203 331
1 17 2
282 471
1 14 2
224 429
1 5 2
453 479
1 12 2
84 196
1 13 2
346 631
1 13 2
315 487
1 15 2
235 325
1 13 2
24 502
1 4 2
74 115
1 17 2
185 603
1 4 2
167 531
1 19 2
377 577
1 10 2
369 760
1 7 2
70 136
1 15 2
657 717
1 8 2
527 651
1 19 2
344 458
1 9 2
257 265
1 9 2
594 622
1 7 2
116 682
1 4 2
737 754
1 13 2
65 283
1 7 2
238 722
1 17 2
248 435
1 12 2
229 235
1 14 2
695 793
1 13 2
153 486
1 5 2
131 449
1 4 2
419 461
1 17 2
37 114
1 6 2
164 323
1 5 2
299 586
1 11 2
39 758
1 8 2
95 350
1 8 2
429 643
1 13 2
12 609
1 17 2
145 794
1 10 2
319 385
1 8 2
366 380
1 16 2
392 735
1 11 2
478 721
1 18 2
138 553
1 9 2
46 626
1 18 2
36 648
1 8 2
33 289
1 9 2
204 562
1 5 2
410 722
1 15 2
290 594
1 10 2
381 477
1 18 2
607 687
1 5 2
293 347
1 19 2
185 294
1 11 2
306 738
1 12 2
5 275
1 8 2
127 738
1 15 2
266 696
1 16 2
414 610
1 7 2
278 355
1 11 2
297 517
1 16 2
154 594
1 10 2
265 422
1 19 2
310 567
1 10 2
196 389
1 14 2
502 670
1 17 2
12 113
1 10 2
126 504
1 14 2
395 619
1 10 2
187 727
1 8 2
16 259
1 10 2
564 712
1 5 2
324 477
1 8 2
256 644
1 7 2
575 762
1 8 2
131 464
1 2 2
94 777
1 13 2
704 738
1 14 2
88 325
1 16 2
103 294
1 10 2
32 597
1 7 2
151 459
1 8 2
270 357
1 11 2
253 657
1 15 2
0 321
1 4 2
8 713
1 11 2
712 751
1 18 2
412 458
1 11 2
153 426
1 9 2
359 623
1 5 2
30 563
1 8 2
442 492
1 8 2
508 554
1 8 2
363 533
1 10 2
270 588
1 14 2
84 749
1 17 2
571 794
1 4 2
143 750
1 7 2
108 261
1 15 2
394 753
1 14 2
129 502
1 10 2
461 780
1 6 2
212 601
1 5 2
103 541
1 10 2
29 501
1 18 2
59 493
1 18 2
100 543
1 7 2
20 210
1 12 2
305 465
1 17 2
298 305
1 13 2
383 498
1 6 2
19 372
1 8 2
171 456
1 8 2
293 445
1 13 2
79 179
1 9 2
194 246
1 5 2
175 796
1 20 2
49 294
1 6 2
19 455
1 13 2
47 376
1 16 2
37 295
1 9 2
186 456
1 11 2
466 668
1 4 2
10 777
1 3 2
107 263
1 7 2
533 724
1 9 2
203 726
1 7 2
142 782
1 20 2
537 607
1 7 2
156 796
1 16 2
275 429
1 9 2
622 696
1 16 2
198 466
1 17 2
141 493
1 14 2
223 356
1 20 2
84 374
1 14 2
5 12
1 11 2
306 795
1 7 2
136 373
1 18 2
310 328
1 13 2
401 640
1 16 2
85 504
1 15 2
416 450
1 12 2
171 536
1 16 2
154 494
1 14 2
231 385
1 7 2
65 767
1 14 2
530 555
1 14 2
79 605
1 13 2
59 658
1 3 2
291 539
1 10 2
100 752
1 10 2
183 593
1 9 2
328 358
1 10 2
301 771
1 13 2
223 732
1 19 2
325 663
1 6 2
11 474
1 16 2
476 657
1 11 2
226 731
1 13 2
42 649
1 10 2
38 392
1 10 2
405 411
1 5 2
142 143
1 13 2
170 421
1 6 2
183 628
1 10 2
221 690
1 14 2
119 566
1 10 2
155 315
1 13 2
229 239
1 12 2
233 328
1 11 2
23 281
1 8 2
149 451
1 13 2
312 562
1 6 2
166 475
1 6 2
157 465
1 17 2
49 530
1 17 2
273 725
1 17 2
23 68
1 9 2
538 721
1 16 2
325 546
1 14 2
293 650
1 5 2
444 660
1 17 2
676 695
1 15 2
375 517
1 14 2
29 100
1 11 2
523 704
1 9 2
182 612
1 14 2
565 795
1 15 2
517 518
1 9 2
240 638
1 4 2
226 720
1 7 2
187 719
1 17 2
295 785
1 10 2
189 761
1 12 2
254 508
1 19 2
417 799
1 7 2
108 768
1 16 2
310 613
1 5 2
268 424
1 11 2
409 434
1 10 2
162 316
1 10 2
630 724
1 7 2
71 653
1 14 2
41 216
1 11 2
8 788
1 10 2
5 65
1 5 2
143 722
1 5 2
61 671
1 6 2
160 507
1 9 2
120 136
1 11 2
245 686
1 5 2
347 677
1 12 2
148 416
1 13 2
16 53
1 12 2
122 357
1 11 2
198 496
1 9 2
12 515
1 10 2
357 563
1 12 2
666 733
1 6 2
62 438
1 9 2
191 763
1 7 2
140 165
1 8 2
495 692
1 15 2
305 555
1 9 2
303 755
1 11 2
619 626
1 19 2
312 388
1 8 2
21 310
1 14 2
168 256
1 16 2
18 597
1 5 2
81 232
1 17 2
464 546
1 11 2
12 311
1 8 2
352 767
1 10 2
570 783
1 18 2
780 790
1 13 2
14 218
1 12 2
103 760
1 13 2
37 426
1 17 2
518 790
1 17 2
239 408
1 11 2
304 769
1 13 2
525 790
1 5 2
34 757
1 7 2
44 770
1 7 2
128 533
1 6 2
426 791
1 10 2
225 646
1 9 2
45 578
1 15 2
204 294
1 12 2
57 325
1 13 2
479 663
1 17 2
138 374
1 14 2
153 605
1 14 2
283 631
1 12 2
254 733
1 15 2
50 170
1 15 2
491 648
1 10 2
164 575
1 7 2
116 488
1 9 2
453 559
1 14 2
238 294
1 16 2
593 605
1 12 2
43 673
1 19 2
50 413
1 10 2
224 601
1 17 2
498 537
1 10 2
544 738
1 13 2
124 571
1 10 2
356 447
1 16 2
695 771
1 4 2
368 680
1 15 2
46 68
1 10 2
292 621
1 11 2
315 496
1 10 2
639 690
1 7 2
79 180
1 14 2
60 625
1 12 2
187 753
1 16 2
29 735
1 8 2
15 753
1 10 2
100 729
1 9 2
55 575
1 10 2
306 357
1 13 2
235 343
1 10 2
15 611
1 8 2
120 403
1 11 2
502 761
1 10 2
58 102
1 19 2
119 799
1 12 2
474 783
1 12 2
283 369
1 3 2
93 685
1 10 2
619 797
1 6 2
99 253
1 10 2
365 646
1 15 2
292 502
1 7 2
634 792
1 12 2
594 601
1 7 2
53 362
1 2 2
207 323
1 17 2
9 338
1 10 2
718 731
1 10 2
632 671
1 13 2
189 396
1 10 2
292 683
1 14 2
71 463
1 11 2
262 297
1 9 2
260 448
1 18 2
98 265
1 11 2
27 447
1 17 2
27 559
1 5 2
139 671
1 11 2
521 671
1 17 2
294 575
1 3 2
380 509
1 15 2
433 576
1 16 2
85 603
1 10 2
416 534
1 10 2
732 760
1 11 2
393 781
1 14 2
382 489
1 11 2
72 611
1 17 2
389 578
1 9 2
195 670
1 8 2
361 796
1 17 2
437 579
1 16 2
246 265
1 13 2
223 712
1 14 2
398 702
1 18 2
412 579
1 13 2
305 631
1 6 2
542 674
1 7 2
29 118
1 7 2
15 673
1 14 2
521 603
1 19 2
416 780
1 4 2
238 280
1 5 2
213 664
1 15 2
346 657
1 11 2
413 697
1 6 2
96 755
1 18 2
633 672
1 10 2
368 670
1 11 2
65 731
1 13 2
498 564
1 8 2
229 483
1 13 2
517 775
1 11 2
24 732
1 18 2
247 283
1 12 2
327 584
1 17 2
14 374
1 11 2
344 477
1 7 2
115 283
1 19 2
16 120
1 8 2
363 787
1 17 2
29 59
1 11 2
231 364
1 8 2
459 646
1 11 2
422 576
1 14 2
187 785
1 13 2
190 297
1 8 2
12 750
1 8 2
101 700
1 13 2
602 790
1 14 2
273 350
1 7 2
127 286
1 15 2
5 114
1 11 2
112 275
1 11 2
183 490
1 12 2
97 267
1 8 2
180 676
1 12 2
615 707
1 10 2
195 482
1 7 2
10 308
1 10 2
116 578
1 9 2
36 236
1 8 2
589 675
1 12 2
538 596
1 5 2
667 711
1 13 2
489 661
1 11 2
537 554
1 11 2
282 585
1 8 2
227 548
1 15 2
249 356
1 11 2
597 751
1 10 2
369 761
1 6 2
2 461
1 3 2
514 774
1 8 2
20 175
1 14 2
156 282
1 12 2
405 646
1 5 2
353 445
1 8 2
258 280
1 16 2
283 656
1 19 2
612 617
1 2 2
144 257
1 16 2
231 482
1 7 2
61 795
1 8 2
38 174
1 8 2
0 428
1 15 2
57 427
1 6 2
327 698
1 12 2
154 300
1 8 2
337 365
1 3 2
183 391
1 5 2
252 329
1 14 2
325 373
1 9 2
404 571
1 15 2
245 433
1 17 2
282 537
1 10 2
138 372
1 20 2
398 708
1 13 2
491 555
1 14 2
137 145
1 8 2
236 758
1 14 2
661 733
1 6 2
271 698
1 18 2
141 344
1 15 2
36 731
1 8 2
630 721
1 13 2
290 761
1 13 2
370 488
1 11 2
466 673
1 18 2
101 672
1 12 2
44 140
1 4 2
56 197
1 17 2
338 571
1 13 2
8 659
1 5 2
209 609
1 10 2
126 765
1 11 2
672 768
1 18 2
101 615
1 8 2
76 114
1 14 2
97 677
1 5 2
270 772
1 9 2
251 593
1 10 2
529 728
1 8 2
111 425
1 5 2
757 767
1 10 2
445 691
1 20 2
154 663
1 3 2
230 688
1 9 2
56 151
1 9 2
401 505
1 7 2
33 658
1 6 2
175 634
1 17 2
292 482
1 10 2
186 583
1 17 2
18 239
1 6 2
22 797
1 4 2
53 485
1 6 2
131 275
1 6 2
287 721
1 17 2
42 663
1 11 2
143 247
1 7 2
390 460
1 16 2
43 315
1 3 2
212 779
1 14 2
294 373
1 13 2
222 223
1 17 2
153 312
1 8 2
317 369
1 9 2
71 557
1 8 2
108 320
1 7 2
173 721
1 9 2
201 376
1 13 2
449 620
1 8 2
413 681
1 16 2
482 725
1 12 2
269 398
1 11 2
385 454
1 10 2
72 248
1 6 2
366 452
1 18 2
97 328
1 9 2
68 384
1 18 2
231 780
1 13 2
47 369
1 6 2
513 682
1 15 2
369 464
1 15 2
478 545
1 11 2
50 634
1 10 2
727 783
1 6 2
57 197
1 16 2
321 649
1 11 2
206 428
1 7 2
227 367
1 8 2
130 471
1 6 2
23 340
1 11 2
81 103
1 12 2
316 385
1 12 2
284 665
1 4 2
365 509
1 17 2
458 594
1 16 2
357 569
1 4 2
244 798
1 6 2
37 711
1 15 2
41 781
1 14 2
35 631
1 8 2
262 768
1 12 2
18 479
1 10 2
395 587
1 14 2
350 650
1 8 2
201 226
1 18 2
82 530
1 15 2
352 464
1 11 2
237 307
1 10 2
516 546
1 12 2
312 707
1 8 2
666 730
1 10 2
395 573
1 13 2
149 179
1 12 2
88 227
1 5 2
415 758
1 12 2
79 760
1 11 2
410 526
1 9 2
88 393
1 12 2
574 607
1 4 2
155 253
1 13 2
235 266
1 5 2
26 237
1 15 2
66 657
1 13 2
5 375
1 8 2
352 531
1 11 2
200 607
1 6 2
153 789
1 18 2
35 695
1 8 2
233 434
1 7 2
175 269
1 16 2
476 577
1 9 2
102 345
1 12 2
310 500
1 5 2
228 522
1 10 2
514 684
1 12 2
112 154
1 10 2
190 762
1 9 2
472 538
1 10 2
266 472
1 9 2
28 693
1 12 2
4 506
1 8 2
618 741
1 7 2
19 87
1 10 2
324 659
1 4 2
237 367
1 7 2
476 647
1 12 2
191 476
1 10 2
14 171
1 6 2
121 733
1 5 2
279 451
1 9 2
383 721
1 13 2
202 544
1 11 2
126 546
1 4 2
320 776
1 9 2
142 490
1 11 2
250 495
1 14 2
35 260
1 9 2
156 690
1 7 2
548 605
1 4 2
465 685
1 20 2
202 617
1 4 2
99 653
1 3 2
1 573
1 7 2
37 257
1 3 2
13 734
1 11 2
51 788
1 16 2
97 627
1 13 2
206 327
1 8 2
95 566
1 9 2
68 608
1 5 2
104 368
1 14 2
421 742
1 8 2
183 467
1 7 2
219 281
1 16 2
203 764
1 11 2
297 390
1 19 2
178 332
1 18 2
482 756
1 8 2
357 477
1 16 2
435 788
1 6 2
25 784
1 16 2
435 508
1 9 2
143 640
1 14 2
250 349
1 10 2
171 316
1 9 2
265 330
1 13 2
5 265
1 6 2
180 728
1 20 2
294 611
1 7 2
29 209
1 12 2
103 222
1 18 2
258 555
1 7 2
566 773
1 9 2
328 757
1 7 2
192 359
1 15 2
37 129
1 10 2
47 547
1 13 2
35 181
1 11 2
275 279
1 9 2
356 547
1 10 2
221 500
1 8 2
448 449
1 6 2
406 455
1 9 2
62 725
1 12 2
431 725
1 11 2
501 646
1 10 2
152 641
1 11 2
46 536
1 18 2
206 344
1 12 2
304 736
1 13 2
471 599
1 14 2
47 88
1 9 2
224 728
1 12 2
237 565
1 4 2
387 440
1 18 2
374 639
1 9 2
5 479
1 5 2
419 662
1 14 2
221 704
1 3 2
759 776
1 9 2
345 751
1 11 2
467 668
1 11 2
633 705
1 14 2
146 156
1 9 2
12 172
1 18 2
398 536
1 14 2
4 732
1 11 2
255 710
1 7 2
428 609
1 18 2
98 223
1 16 2
231 618
1 16 2
101 657
1 11 2
249 638
1 14 2
36 555
1 12 2
224 742
1 12 2
325 562
1 14 2
265 434
1 6 2
379 746
1 8 2
343 470
1 5 2
55 253
1 9 2
233 352
1 14 2
44 363
1 13 2
238 377
1 11 2
494 671
1 11 2
361 669
1 10 2
191 349
1 13 2
482 699
1 18 2
221 338
1 17 2
84 575
1 12 2
111 671
1 9 2
12 358
1 7 2
95 551
1 9 2
42 226
1 17 2
47 482
1 7 2
272 409
1 17 2
247 343
1 13 2
300 543
1 11 2
46 555
1 14 2
437 559
1 9 2
333 412
1 9 2
245 512
1 14 2
375 502
1 6 2
399 430
1 15 2
227 640
1 7 2
589 788
1 8 2
214 629
1 8 2
478 642
1 12 2
4 409
1 20 2
332 607
1 4 2
17 598
1 4 2
143 660
1 10 2
37 736
1 12 2
349 712
1 13 2
65 145
1 10 2
434 488
1 10 2
137 625
1 7 2
438 683
1 5 2
220 496
1 7 2
497 505
1 13 2
518 668
1 13 2
10 389
1 10 2
2 626
1 8 2
237 582
1 9 2
27 796
1 8 2
16 340
1 6 2
24 459
1 8 2
322 344
1 7 2
254 514
1 13 2
141 602
1 10 2
99 577
1 13 2
670 781
1 17 2
374 476
1 8 2
62 346
1 12 2
581 601
1 11 2
677 732
1 6 2
81 784
1 12 2
417 551
1 7 2
293 727
1 4 2
136 157
1 10 2
32 667
1 6 2
108 714
1 15 2
619 633
1 8 2
300 563
1 10 2
383 699
1 13 2
51 780
1 14 2
567 724
1 10 2
257 398
1 14 2
283 316
1 14 2
39 615
1 8 2
121 695
1 2 2
69 106
1 13 2
292 599
1 13 2
2 565
1 10 2
105 111
1 15 2
103 185
1 9 2
352 380
1 14 2
388 775
1 6 2
334 628
1 15 2
316 553
1 11 2
41 77
1 7 2
107 328
1 15 2
84 327
1 10 2
14 372
1 17 2
71 464
1 6 2
228 284
1 18 2
49 408
1 13 2
332 474
1 8 2
377 509
1 8 2
19 753
1 9 2
264 546
1 11 2
670 728
1 8 2
92 454
1 7 2
451 530
1 6 2
91 117
1 13 2
337 659
1 10 2
453 684
1 4 2
261 423
1 14 2
463 565
1 9 2
36 184
1 10 2
254 771
1 6 2
528 644
1 13 2
454 486
1 14 2
284 328
1 12 2
596 771
1 13 2
437 619
1 13 2
450 584
1 8 2
190 386
1 13 2
32 101
1 12 2
609 731
1 14 2
390 396
1 6 2
53 364
1 10 2
193 671
1 9 2
447 478
1 4 2
353 787
1 13 2
416 638
1 10 2
0 243
1 15 2
613 617
1 8 2
149 461
1 15 2
156 435
1 7 2
602 797
1 5 2
110 210
1 7 2
302 572
1 6 2
297 424
1 13 2
466 581
1 10 2
77 275
1 7 2
266 568
1 16 2
151 518
1 13 2
210 553
1 9 2
219 781
1 8 2
412 452
1 18 2
361 429
1 12 2
178 380
1 8 2
323 492
1 11 2
72 615
1 7 2
676 737
1 19 2
650 672
1 9 2
77 432
1 10 2
172 471
1 11 2
467 667
1 8 2
67 581
1 13 2
79 508
1 8 2
8 293
1 14 2
119 254
1 9 2
146 616
1 3 2
326 796
1 16 2
218 315
1 10 2
223 233
1 7 2
159 283
1 8 2
431 481
1 8 2
638 669
1 7 2
222 514
1 16 2
639 738
1 7 2
560 627
1 7 2
36 734
1 6 2
132 596
1 17 2
648 765
1 9 2
179 730
1 11 2
193 564
1 10 2
564 751
1 15 2
204 315
1 7 2
20 658
1 13 2
193 781
1 13 2
29 256
1 8 2
167 395
1 11 2
517 628
1 10 2
349 609
1 9 2
433 440
1 20 2
84 607
1 11 2
153 186
1 13 2
284 733
1 11 2
364 413
1 10 2
261 490
1 11 2
71 440
1 4 2
30 220
1 14 2
498 594
1 8 2
36 61
1 15 2
652 687
1 13 2
661 782
1 13 2
50 755
1 5 2
110 335
1 6 2
165 534
1 10 2
3 732
1 9 2
481 665
1 17 2
617 696
1 5 2
487 520
1 12 2
53 377
1 8 2
58 300
1 14 2
337 780
1 10 2
82 423
1 10 2
99 412
1 15 2
16 271
1 13 2
492 782
1 20 2
114 377
1 7 2
489 515
1 11 2
168 241
1 7 2
511 526
1 12 2
72 114
1 12 2
566 605
1 9 2
316 590
1 12 2
63 790
1 15 2
381 482
1 13 2
3 338
1 13 2
408 655
1 19 2
12 780
1 14 2
502 783
1 20 2
258 780
1 5 2
582 734
1 11 2
63 375
1 9 2
260 590
1 11 2
248 551
1 15 2
352 743
1 9 2
582 763
1 10 2
350 525
1 11 2
15 578
1 6 2
716 721
1 13 2
71 738
1 9 2
160 494
1 7 2
447 566
1 6 2
362 744
1 4 2
142 461
1 8 2
218 317
1 7 2
355 393
1 9 2
540 716
1 9 2
483 740
1 18 2
498 567
1 16 2
492 670
1 10 2
239 480
1 7 2
39 698
1 10 2
128 761
1 11 2
59 784
1 12 2
25 656
1 9 2
410 466
1 16 2
239 526
1 18 2
315 696
1 12 2
114 622
1 7 2
308 336
1 6 2
327 515
1 10 2
267 687
1 14 2
344 595
1 14 2
414 751
1 4 2
166 469
1 7 2
318 490
1 16 2
303 675
1 7 2
3 773
1 9 2
368 771
1 11 2
114 365
1 20 2
50 569
1 16 2
44 138
1 15 2
153 633
1 18 2
246 708
1 16 2
294 595
1 14 2
522 569
1 10 2
438 775
1 3 2
318 354
1 14 2
193 725
1 6 2
155 739
1 19 2
258 417
1 19 2
231 663
1 14 2
145 385
1 15 2
656 712
1 4 2
379 587
1 13 2
310 372
1 7 2
81 428
1 10 2
48 478
1 11 2
380 476
1 16 2
631 693
1 11 2
192 206
1 19 2
198 743
1 17 2
312 316
1 9 2
96 255
1 9 2
167 246
1 12 2
458 532
1 5 2
279 539
1 17 2
101 408
1 9 2
212 416
1 7 2
87 365
1 10 2
152 479
1 10 2
316 562
1 6 2
53 116
1 4 2
26 590
1 16 2
245 706
1 9 2
346 364
1 9 2
563 585
1 14 2
153 249
1 11 2
39 235
1 14 2
537 583
1 10 2
429 468
1 14 2
59 241
1 19 2
50 307
1 7 2
112 125
1 15 2
579 668
1 16 2
607 614
1 15 2
44 282
1 10 2
8 181
1 7 2
547 782
1 4 2
159 626
1 11 2
126 151
1 5 2
289 400
1 10 2
666 797
1 13 2
454 578
1 9 2
257 663
1 9 2
338 470
1 12 2
344 465
1 14 2
249 584
1 11 2
552 648
1 8 2
75 181
1 7 2
5 7
1 11 2
344 422
1 15 2
27 596
1 14 2
141 506
1 7 2
169 416
1 10 2
439 743
1 5 2
744 797
1 12 2
260 278
1 15 2
610 788
1 11 2
38 408
1 13 2
577 710
1 8 2
3 233
1 11 2
24 170
1 18 2
84 283
1 7 2
156 737
1 10 2
240 595
1 18 2
178 223
1 14 2
344 390
1 5 2
503 590
1 15 2
0 629
1 13 2
606 626
1 16 2
37 231
1 6 2
76 432
1 12 2
649 677
1 17 2
4 370
1 9 2
606 700
1 12 2
82 755
1 15 2
0 315
1 12 2
448 464
1 7 2
77 241
1 11 2
171 246
1 5 2
72 264
1 4 2
217 257
1 10 2
231 514
1 17 2
325 785
1 14 2
43 493
1 14 2
523 756
1 11 2
161 432
1 11 2
105 248
1 8 2
559 654
1 16 2
223 565
1 8 2
281 749
1 7 2
431 514
1 2 2
118 592
1 17 2
156 537
1 14 2
338 782
1 14 2
238 569
1 4 2
669 777
1 14 2
122 640
1 14 2
254 315
1 6 2
240 353
1 13 2
284 421
1 3 2
533 720
1 13 2
433 725
1 18 2
49 783
1 15 2
152 305
1 5 2
747 760
1 14 2
383 413
1 9 2
336 434
1 4 2
277 622
1 19 2
656 708
1 10 2
354 781
1 14 2
85 766
1 9 2
148 666
1 13 2
247 754
1 7 2
627 719
1 10 2
426 601
1 8 2
328 726
1 11 2
270 328
1 12 2
549 615
1 13 2
668 687
1 15 2
85 584
1 12 2
508 631
1 12 2
226 675
1 14 2
71 492
1 9 2
9 683
1 12 2
691 702
1 12 2
289 696
1 12 2
526 564
1 10 2
281 504
1 12 2
35 314
1 15 2
245 666
1 6 2
66 524
1 9 2
366 658
1 14 2
14 675
1 14 2
0 435
1 7 2
425 595
1 10 2
480 652
1 10 2
279 362
1 7 2
193 662
1 14 2
559 614
1 17 2
37 567
1 5 2
349 470
1 19 2
114 294
1 15 2
260 581
1 10 2
165 370
1 14 2
47 271
1 13 2
431 611
1 14 2
140 338
1 15 2
156 206
1 19 2
206 576
1 18 2
273 577
1 13 2
429 778
1 15 2
303 417
1 13 2
440 578
1 7 2
177 201
1 6 2
457 702
1 11 2
170 564
1 19 2
248 553
1 14 2
59 699
1 7 2
690 710
1 5 2
654 728
1 12 2
346 390
1 11 2
126 785
1 12 2
192 799
1 10 2
595 793
1 11 2
68 96
1 5 2
13 300
1 13 2
39 476
1 8 2
273 367
1 10 2
405 618
1 15 2
426 427
1 16 2
395 610
1 14 2
450 581
1 5 2
65 139
1 12 2
152 254
1 6 2
121 218
1 15 2
100 581
1 11 2
137 433
1 14 2
416 630
1 9 2
276 714
1 5 2
197 682
1 13 2
474 553
1 17 2
68 530
1 11 2
346 585
1 8 2
139 290
1 9 2
7 617
1 8 2
86 486
1 9 2
461 633
1 12 2
240 684
1 7 2
100 277
1 8 2
176 233
1 16 2
190 619
1 9 2
81 585
1 10 2
481 597
1 11 2
92 344
1 7 2
69 304
1 6 2
674 726
1 7 2
291 390
1 6 2
65 93
1 8 2
97 541
1 7 2
54 585
1 19 2
221 388
1 20 2
398 579
1 11 2
580 641
1 7 2
162 319
1 20 2
150 612
1 7 2
79 772
1 3 2
470 519
1 5 2
194 405
1 9 2
114 510
1 17 2
84 156
1 20 2
221 569
1 11 2
3 5
1 15 2
198 201
1 10 2
641 702
1 9 2
143 581
1 17 2
97 696
1 14 2
601 708
1 12 2
655 696
1 8 2
68 130
1 3 2
104 762
1 7 2
302 769
1 9 2
368 401
1 16 2
458 739
1 12 2
100 488
1 9 2
224 544
1 8 2
181 635
1 13 2
316 343
1 4 2
169 196
1 12 2
271 594
1 9 2
89 516
1 10 2
421 500
1 7 2
391 417
1 9 2
480 783
1 6 2
548 584
1 14 2
122 133
1 18 2
147 569
1 9 2
345 682
1 7 2
372 544
1 9 2
204 525
1 13 2
682 723
1 12 2
9 671
1 11 2
166 581
1 10 2
300 450
1 5 2
267 554
1 12 2
458 669
1 8 2
117 167
1 8 2
14 143
1 8 2
265 515
1 14 2
181 216
1 12 2
466 655
1 4 2
33 91
1 13 2
357 498
1 20 2
374 377
1 18 2
119 321
1 5 2
542 630
1 14 2
260 735
1 4 2
67 116
1 20 2
458 799
1 14 2
458 751
1 15 2
295 385
1 7 2
235 762
1 17 2
114 521
1 10 2
219 493
1 16 2
4 145
1 13 2
696 760
1 7 2
506 551
1 6 2
302 636
1 10 2
394 439
1 15 2
414 580
1 15 2
43 325
1 8 2
56 764
1 6 2
140 513
1 10 2
375 683
1 12 2
253 377
1 12 2
35 440
1 7 2
88 716
1 9 2
117 487
1 5 2
159 467
1 14 2
316 555
1 10 2
354 731
1 6 2
500 697
1 6 2
170 360
1 7 2
237 736
1 15 2
684 783
1 12 2
63 499
1 11 2
175 619
1 17 2
375 389
1 15 2
418 580
1 10 2
114 194
1 10 2
218 240
1 12 2
239 591
1 19 2
250 607
1 15 2
255 708
1 20 2
68 756
1 13 2
332 761
1 14 2
486 760
1 11 2
4 25
1 8 2
362 372
1 15 2
657 738
1 11 2
98 453
1 15 2
102 799
1 4 2
159 431
1 14 2
119 352
1 10 2
59 787
1 13 2
128 611
1 11 2
148 292
1 11 2
362 597
1 10 2
105 412
1 18 2
231 338
1 17 2
18 435
1 6 2
128 510
1 13 2
164 611
1 10 2
269 559
1 15 2
668 672
1 6 2
583 796
1 4 2
403 664
1 12 2
183 414
1 7 2
92 690
1 16 2
338 646
1 6 2
540 608
1 9 2
468 611
1 11 2
563 691
1 15 2
417 584
1 11 2
8 343
1 10 2
51 186
1 10 2
120 480
1 12 2
97 749
1 11 2
408 501
1 14 2
239 262
1 11 2
535 627
1 7 2
64 284
1 11 2
467 766
1 11 2
183 518
1 3 2
700 774
1 10 2
256 572
1 11 2
252 665
1 8 2
761 767
1 13 2
183 579
1 11 2
325 622
1 11 2
92 370
1 9 2
362 645
1 16 2
35 691
1 10 2
39 254
1 17 2
103 258
1 17 2
9 499
1 5 2
77 180
1 13 2
421 529
1 18 2
98 738
1 12 2
256 540
1 20 2
101 247
1 12 2
376 593
1 12 2
363 795
1 2 2
26 643
1 18 2
18 578
1 11 2
116 305
1 7 2
620 688
1 11 2
409 597
1 9 2
430 787
1 9 2
98 230
1 16 2
370 783
1 19 2
304 543
1 13 2
146 523
1 17 2
18 227
1 8 2
498 759
1 3 2
423 750
1 5 2
224 744
1 9 2
26 85
1 8 2
356 757
1 11 2
332 341
1 11 2
487 610
1 12 2
271 298
1 15 2
41 307
1 16 2
375 614
1 10 2
181 380
1 16 2
239 307
1 9 2
15 518
1 14 2
126 377
1 16 2
145 742
1 16 2
449 693
1 16 2
89 321
1 6 2
520 782
1 12 2
430 740
1 9 2
162 614
1 12 2
345 493
1 7 2
434 557
1 13 2
305 431
1 16 2
113 146
1 16 2
450 578
1 12 2
100 438
1 12 2
267 657
1 9 2
74 613
1 12 2
36 126
1 17 2
185 332
1 7 2
303 322
1 5 2
308 690
1 9 2
487 764
1 9 2
30 114
1 10 2
23 549
1 10 2
99 794
1 5 2
391 438
1 11 2
504 792
1 10 2
210 618
1 5 2
17 525
1 5 2
171 234
1 11 2
179 535
1 11 2
156 566
1 19 2
310 578
1 18 2
190 250
1 10 2
256 380
1 7 2
120 371
1 9 2
8 316
1 4 2
365 789
1 10 2
494 532
1 12 2
388 707
1 18 2
312 492
1 8 2
2 99
1 13 2
102 629
1 20 2
338 576
1 13 2
240 743
1 10 2
103 474
1 12 2
297 418
1 13 2
357 670
1 10 2
409 631
1 7 2
153 415
1 8 2
68 509
1 8 2
520 742
1 13 2
122 147
1 17 2
216 310
1 14 2
145 274
1 15 2
58 693
1 5 2
491 604
1 10 2
40 320
1 10 2
325 587
1 14 2
578 766
1 10 2
289 630
1 10 2
362 792
1 14 2
141 632
1 12 2
254 529
1 9 2
332 686
1 16 2
256 435
1 13 2
327 392
1 12 2
374 477
1 14 2
408 449
1 8 2
709 790
1 12 2
32 508
1 9 2
21 569
1 14 2
150 254
1 11 2
108 357
1 8 2
550 607
1 10 2
191 254
1 12 2
276 721
1 11 2
179 362
1 11 2
425 790
1 12 2
192 545
1 15 2
2 743
1 5 2
678 739
1 4 2
609 777
1 18 2
138 695
1 20 2
374 398
1 12 2
114 505
1 13 2
12 87
1 10 2
99 545
1 11 2
618 638
1 8 2
26 370
1 11 2
562 640
1 14 2
43 526
1 3 2
160 259
1 13 2
43 665
1 11 2
248 272
1 20 2
569 579
1 13 2
0 430
1 11 2
530 599
1 15 2
0 413
1 12 2
279 414
1 9 2
487 594
1 8 2
27 741
1 18 2
292 756
1 20 2
84 221
1 7 2
529 542
1 11 2
357 426
1 15 2
614 684
1 20 2
569 695
1 10 2
361 622
1 16 2
303 578
1 15 2
656 753
1 8 2
401 473
1 7 2
131 248
1 15 2
2 321
1 9 2
286 682
1 8 2
560 687
1 9 2
358 417
1 11 2
739 792
1 13 2
274 691
1 12 2
175 672
1 9 2
750 780
1 7 2
177 466
1 7 2
136 673
1 11 2
450 522
1 17 2
640 650
1 6 2
468 746
1 17 2
597 612
1 14 2
49 191
1 6 2
253 697
1 11 2
92 518
1 10 2
153 279
1 11 2
677 761
1 7 2
531 677
1 9 2
598 613
1 9 2
255 616
1 13 2
652 761
1 12 2
79 373
1 15 2
304 614
1 13 2
51 672
1 6 2
364 549
1 12 2
129 591
1 11 2
206 219
1 16 2
304 375
1 6 2
4 130
1 17 2
129 611
1 11 2
233 708
1 13 2
190 465
1 16 2
310 390
1 20 2
659 790
1 18 2
315 629
1 16 2
216 490
1 18 2
114 416
1 8 2
635 665
1 7 2
459 493
1 11 2
314 731
1 14 2
321 674
1 9 2
410 666
1 9 2
126 164
1 9 2
75 411
1 14 2
458 758
1 6 2
300 334
1 11 2
35 505
1 8 2
474 563
1 12 2
366 603
1 15 2
370 463
1 19 2
292 374
1 14 2
43 486
1 9 2
269 575
1 2 2
78 387
1 8 2
166 763
1 14 2
224 231
1 17 2
356 695
1 10 2
287 735
1 6 2
94 781
1 10 2
57 349
1 8 2
474 582
1 12 2
16 364
1 5 2
225 501
1 13 2
27 345
1 14 2
449 571
1 16 2
717 790
1 4 2
213 679
1 11 2
471 547
1 10 2
171 502
1 4 2
358 422
1 7 2
448 479
1 9 2
395 554
1 12 2
667 761
1 11 2
23 376
1 10 2
192 575
1 2 2
91 259
1 7 2
298 436
1 11 2
275 563
1 12 2
37 401
1 6 2
238 634
1 12 2
565 682
1 7 2
380 506
1 13 2
206 764
1 15 2
613 639
1 5 2
516 534
1 16 2
651 665
1 8 2
489 634
1 16 2
14 569
1 17 2
756 785
1 9 2
250 634
1 9 2
668 797
1 9 2
196 381
1 18 2
202 742
1 14 2
537 563
1 8 2
266 557
1 7 2
15 306
1 9 2
82 460
1 6 2
177 263
1 8 2
20 345
1 13 2
128 307
1 17 2
154 526
1 19 2
377 735
1 11 2
591 739
1 9 2
136 246
1 6 2
201 451
1 9 2
122 798
1 9 2
481 704
1 17 2
71 429
1 16 2
221 482
1 15 2
154 204
1 11 2
281 620
1 4 2
34 188
1 11 2
517 749
1 10 2
453 794
1 5 2
446 523
1 13 2
699 780
1 6 2
95 192
1 14 2
304 433
1 9 2
281 449
1 11 2
179 623
1 7 2
291 640
1 12 2
25 202
1 19 2
377 783
1 11 2
327 665
1 14 2
250 434
1 8 2
156 194
1 14 2
315 778
1 17 2
49 605
1 13 2
288 437
1 13 2
216 676
1 9 2
310 323
1 15 2
518 610
1 11 2
377 686
1 3 2
318 473
1 13 2
168 191
1 12 2
153 494
1 7 2
195 241
1 9 2
3 46
1 14 2
304 753
1 8 2
96 792
1 15 2
262 651
1 19 2
150 389
1 11 2
366 385
1 7 2
142 596
1 9 2
385 481
1 3 2
157 329
1 9 2
483 540
1 17 2
377 781
1 13 2
250 692
1 12 2
433 627
1 13 2
254 794
1 12 2
203 226
1 11 2
362 454
1 6 2
636 641
1 14 2
288 571
1 10 2
88 191
1 10 2
123 577
1 5 2
431 796
1 8 2
38 301
1 17 2
315 596
1 8 2
330 466
1 17 2
141 246
1 14 2
168 765
1 10 2
404 553
1 10 2
457 659
1 14 2
591 633
1 13 2
528 725
1 8 2
260 587
1 10 2
108 189
1 11 2
456 486
1 6 2
306 768
1 16 2
273 343
1 16 2
35 577
1 4 2
261 515
1 12 2
216 443
1 11 2
276 705
1 7 2
4 115
1 19 2
294 332
1 14 2
544 693
1 7 2
267 523
1 12 2
124 652
1 8 2
48 671
1 12 2
153 739
1 10 2
148 463
1 9 2
441 579
1 6 2
671 772
1 6 2
410 570
1 17 2
292 499
1 13 2
316 588
1 2 2
169 777
1 16 2
227 292
1 12 2
315 797
1 8 2
286 368
1 10 2
102 591
1 16 2
223 578
1 3 2
683 734
1 14 2
50 609
1 10 2
66 297
1 7 2
443 750
1 15 2
443 708
1 15 2
559 785
1 20 2
68 612
1 11 2
95 651
1 11 2
42 401
1 12 2
102 670
1 10 2
431 655
1 11 2
114 755
1 4 2
719 768
1 11 2
430 692
1 10 2
401 449
1 17 2
284 537
1 13 2
247 505
1 14 2
47 677
1 15 2
35 613
1 5 2
510 754
1 12 2
458 727
1 4 2
182 272
1 12 2
580 746
1 7 2
386 493
1 10 2
279 466
1 12 2
60 500
1 3 2
711 755
1 15 2
392 738
1 12 2
738 761
1 12 2
9 505
1 7 2
223 700
1 10 2
186 465
1 13 2
49 311
1 18 2
119 693
1 6 2
116 544
1 12 2
204 518
1 15 2
117 780
1 2 2
340 734
1 19 2
141 545
1 12 2
376 418
1 4 2
272 277
1 13 2
320 612
1 15 2
601 633
1 5 2
220 722
1 14 2
206 632
1 15 2
377 702
1 18 2
413 708
1 15 2
499 795
1 11 2
356 797
1 8 2
43 99
1 9 2
305 621
1 13 2
147 463
1 8 2
349 769
1 9 2
514 605
1 9 2
46 638
1 7 2
122 719
1 7 2
264 766
1 10 2
300 383
1 10 2
154 616
1 17 2
375 672
1 10 2
120 798
1 13 2
325 586
1 10 2
87 181
1 14 2
703 756
1 16 2
283 482
1 10 2
577 689
1 17 2
18 416
1 11 2
244 294
1 9 2
5 319
1 17 2
294 526
1 14 2
537 623
1 19 2
464 756
1 8 2
573 588
1 9 2
201 703
1 14 2
366 579
1 9 2
82 462
1 7 2
367 603
1 16 2
231 392
1 11 2
601 782
1 7 2
204 217
1 7 2
665 715
1 7 2
410 506
1 3 2
45 568
1 13 2
256 493
1 9 2
358 382
1 13 2
103 661
1 13 2
133 655
1 13 2
331 731
1 10 2
58 369
1 10 2
325 444
1 6 2
242 432
1 8 2
66 654
1 15 2
224 799
1 9 2
38 591
1 15 2
150 766
1 6 2
164 424
1 3 2
415 547
1 10 2
434 601
1 5 2
26 345
1 12 2
95 577
1 10 2
37 495
1 9 2
39 465
1 11 2
161 222
1 16 2
154 765
1 10 2
491 609
1 11 2
236 295
1 7 2
590 669
1 6 2
241 317
1 13 2
525 633
1 15 2
12 792
1 7 2
408 604
1 7 2
533 609
1 10 2
325 784
