800 4800 2400
12 6 24 24 10 14 20 15 13 11 8 19 21 7 6 10 5 25 23 10 16 18 13 5 8 13 11 11 9 12 14 6 5 13 25 13 11 23 23 17 11 24 9 25 6 24 12 5 9 5 17 10 19 22 23 22 18 14 24 19 7 19 20 25 6 14 22 18 21 7 7 18 13 11 8 14 14 19 16 8 16 8 13 8 14 15 21 18 21 25 13 23 12 23 17 15 6 25 6 22 16 12 12 14 20 10 23 9 9 15 6 17 5 10 22 6 5 5 25 19 25 23 8 16 13 8 25 5 20 14 7 16 19 23 18 20 24 9 14 14 17 12 17 25 22 21 16 20 20 13 18 13 5 22 22 5 14 23 18 21 12 7 19 13 20 12 12 10 23 13 8 6 12 16 21 20 19 19 19 10 23 9 25 16 23 21 12 6 17 12 8 15 22 15 18 9 10 8 10 23 13 19 13 11 6 6 19 8 18 9 7 8 20 11 6 11 22 16 8 17 16 20 5 17 22 20 10 12 24 21 23 18 7 5 14 18 8 18 12 9 13 5 17 8 23 21 12 23 20 22 22 15 15 12 10 24 18 16 25 11 18 7 9 19 5 19 18 10 19 9 25 24 13 17 22 20 19 19 6 22 14 15 12 10 21 7 13 16 15 9 18 22 17 7 22 5 24 18 22 13 6 13 22 16 23 19 14 25 17 11 25 20 16 13 22 18 21 9 24 7 10 5 7 18 10 16 21 6 13 18 19 22 6 7 14 12 18 20 7 13 19 11 10 10 11 22 24 19 25 10 24 25 13 5 6 11 11 16 6 14 5 14 5 15 15 12 11 10 12 23 20 17 14 9 21 24 6 18 15 6 16 11 25 15 8 11 5 11 21 9 19 17 12 14 21 16 16 22 22 12 22 12 22 13 13 13 11 9 5 14 6 18 7 17 15 15 7 13 13 16 13 6 16 8 24 14 14 21 18 19 12 13 19 5 25 24 17 20 10 25 22 9 21 24 10 8 8 18 8 6 5 5 10 11 20 10 12 9 18 13 20 10 21 10 20 19 12 24 9 16 16 5 8 19 25 21 9 22 11 14 22 12 22 14 12 20 7 21 24 11 19 20 23 13 22 10 7 23 18 23 20 20 16 6 21 18 20 23 17 19 19 20 9 14 22 21 14 7 15 23 13 5 12 15 10 22 19 18 8 11 9 24 25 15 24 20 19 14 19 8 12 12 22 7 10 6 8 9 17 22 12 11 6 12 24 7 6 8 12 16 21 9 22 15 10 7 20 8 20 25 12 10 22 6 6 21 19 15 21 13 20 5 7 14 14 5 12 8 24 25 23 16 22 7 11 22 20 15 6 14 8 13 18 9 21 15 25 16 18 24 22 15 8 6 8 9 21 19 15 12 20 5 13 21 19 18 21 11 11 16 15 23 9 25 16 13 18 8 10 8 7 16 18 16 12 14 14 16 9 18 23 5 22 10 8 14 6 25 6 18 16 9 11 15 15 25 13 5 6 8 8 8 21 17 21 12 21 8 5 8 14 19 13 12 13 23 5 20 23 15 23 11 15 21 10 10 22 12 10 11 8 25 14 25 23 22 17 10 23 21 24 20 10 18 17 20 12 22 14 18 17 16 11 5 15 14 10 11 9 7 23 21 11 8 13 22 7 5 8 25 19 16 19 16 25 19 12 19 9 5 15 7 19 25 21 16 16 12 12 8 17 23 10 22 18 10 9 16 5 23 10 16 14 9 9 18 14 20 23 19 14 14 8 11 14 7 7 13 19 6 23 6 21 19 5 23 12 22 9 20
19 17 7 12 19 8 13 12 10 9 5 20 19 9 3 5 9 3 20 7 7 10 17 7 18 14 17 14 15 18 3 12 10 13 14 8 11 15 18 4 15 12 8 16 3 7 19 15 18 15 14 8 10 14 9 3 14 7 20 17 17 10 20 16 14 14 8 4 20 5 16 8 20 4 13 3 5 20 5 15 7 5 10 13 15 3 14 20 11 19 16 16 11 20 20 3 13 6 12 11 6 5 19 3 5 16 3 15 19 12 17 20 15 19 10 16 20 16 5 16 3 8 15 20 14 12 14 12 15 8 17 7 7 3 19 9 5 5 17 19 15 6 18 19 18 18 16 14 9 8 5 13 19 9 19 3 16 10 6 4 20 20 17 17 19 12 5 16 13 5 16 11 19 5 17 13 15 4 7 6 16 5 19 8 6 6 8 3 19 17 6 4 17 9 8 17 12 9 7 12 5 6 11 16 6 19 10 17 8 4 10 16 11 3 8 11 12 17 13 16 9 14 6 20 14 17 14 16 10 16 16 4 6 4 4 8 11 5 8 14 3 5 8 7 20 5 20 5 14 15 11 17 12 9 10 10 6 13 20 18 8 18 20 19 20 5 14 7 7 11 11 3 16 18 19 12 19 17 16 10 8 3 14 5 10 4 20 18 9 10 7 14 16 7 4 19 8 17 19 19 10 10 10 3 12 10 3 13 11 20 9 14 13 19 20 6 7 8 5 15 13 8 17 5 18 15 12 9 15 5 6 17 8 13 11 17 3 4 10 10 20 4 15 16 15 15 4 5 3 9 15 15 9 15 12 18 18 10 18 3 19 5 12 15 14 13 20 15 5 14 3 16 13 17 3 18 14 9 3 13 6 15 20 13 13 5 3 12 18 20 10 6 13 11 5 12 10 20 15 8 8 10 11 6 8 20 14 20 19 18 19 20 11 13 5 6 11 16 20 9 11 4 9 15 4 5 7 12 6 19 15 17 12 18 9 12 12 9 4 11 3 4 3 13 8 4 16 18 14 10 6 16 17 15 7 20 15 20 14 8 13 12 14 14 10 7 3 5 9 19 14 18 16 4 3 7 18 18 7 18 10 8 4 20 10 16 14 12 15 14 17 3 12 13 15 3 20 6 10 3 12 14 8 17 12 15 13 15 16 14 17 6 11 14 18 5 19 14 11 17 6 9 11 7 17 3 17 7 20 7 12 4 8 18 15 19 4 4 8 6 18 8 14 14 11 14 19 4 7 11 16 3 6 14 10 12 7 5 14 9 8 15 13 18 15 10 8 20 20 6 10 3 11 14 19 13 18 10 3 4 12 6 5 13 12 5 11 8 11 14 15 3 12 19 9 20 4 9 20 3 14 14 17 20 7 19 18 12 9 17 6 12 4 17 5 18 17 6 14 17 7 9 18 12 18 10 20 19 16 14 6 9 7 6 4 7 19 9 8 11 14 18 12 15 15 11 3 3 10 20 11 18 3 15 20 9 9 19 19 6 18 13 18 15 5 6 9 11 20 5 15 14 3 20 3 13 4 17 7 19 5 5 6 14 4 11 15 5 12 18 13 11 19 9 15 10 9 19 12 20 18 18 15 18 16 16 12 18 8 18 19 9 13 18 10 10 19 12 15 5 18 18 4 18 17 11 20 12 5 8 8 20 4 3 4 10 16 11 16 6 12 13 7 4 16 14 10 19 10 13 9 6 4 13 5 13 17 10 10 18 17 13 8 12 5 8 10 6 3 8 18 17 4 12 5 11 11 3 10 20 19 12 15 9 13 15 5 15 9 5 17 20 20 13 10 8 6 6 14 17
1 10 2
414 799
1 6 2
290 612
1 8 2
253 428
1 17 2
589 626
1 7 2
604 791
1 5 2
108 334
1 16 2
390 589
1 4 2
169 517
1 10 2
508 536
1 4 2
438 619
1 12 2
173 482
1 8 2
291 694
1 7 2
50 283
1 14 2
331 779
1 11 2
341 633
1 10 2
53 691
1 10 2
265 643
1 19 2
744 795
1 5 2
92 746
1 11 2
9 34
1 15 2
351 747
1 10 2
325 720
1 10 2
527 559
1 12 2
94 740
1 14 2
505 650
1 15 2
229 696
1 9 2
172 221
1 13 2
331 413
1 11 2
30 685
1 8 2
194 392
1 15 2
87 270
1 14 2
225 326
1 3 2
416 627
1 10 2
301 731
1 9 2
94 396
1 9 2
262 369
1 3 2
289 463
1 10 2
481 672
1 14 2
54 447
1 7 2
484 741
1 4 2
96 146
1 9 2
114 269
1 13 2
194 688
1 2 2
81 585
1 9 2
45 448
1 8 2
86 137
1 18 2
532 797
1 8 2
171 439
1 9 2
425 454
1 18 2
99 499
1 18 2
519 688
1 5 2
25 198
1 7 2
596 700
1 8 2
298 707
1 6 2
481 666
1 6 2
113 273
1 12 2
297 500
1 10 2
547 606
1 5 2
125 393
1 11 2
100 277
1 16 2
505 657
1 7 2
223 594
1 18 2
63 604
1 7 2
255 556
1 8 2
173 718
1 14 2
465 754
1 19 2
488 534
1 5 2
9 459
1 8 2
3 733
1 11 2
163 704
1 12 2
62 219
1 15 2
346 527
1 3 2
60 632
1 12 2
685 784
1 20 2
609 657
1 7 2
601 750
1 9 2
530 761
1 15 2
55 595
1 20 2
434 569
1 15 2
500 778
1 7 2
157 686
1 11 2
119 714
1 12 2
208 504
1 14 2
106 498
1 17 2
331 595
1 7 2
103 664
1 8 2
90 188
1 17 2
118 799
1 15 2
260 703
1 13 2
147 527
1 7 2
161 400
1 6 2
520 732
1 10 2
156 713
1 15 2
144 674
1 17 2
310 595
1 13 2
228 663
1 18 2
435 704
1 10 2
59 469
1 16 2
266 310
1 10 2
136 770
1 8 2
84 436
1 15 2
304 323
1 10 2
393 504
1 12 2
90 590
1 14 2
18 775
1 7 2
26 602
1 14 2
519 548
1 11 2
87 231
1 5 2
113 359
1 3 2
204 727
1 16 2
237 434
1 10 2
341 609
1 12 2
302 419
1 16 2
477 616
1 14 2
647 657
1 5 2
102 309
1 5 2
215 594
1 10 2
253 708
1 18 2
114 435
1 12 2
244 787
1 14 2
224 764
1 10 2
516 536
1 7 2
48 465
1 13 2
602 717
1 17 2
588 754
1 17 2
440 795
1 3 2
667 783
1 9 2
509 577
1 4 2
378 791
1 10 2
59 193
1 9 2
253 596
1 5 2
16 741
1 8 2
713 746
1 12 2
303 711
1 9 2
52 238
1 14 2
34 131
1 8 2
39 356
1 10 2
253 314
1 5 2
653 787
1 13 2
183 247
1 14 2
382 721
1 10 2
290 391
1 11 2
249 518
1 11 2
38 426
1 16 2
230 388
1 9 2
124 276
1 11 2
260 649
1 14 2
326 501
1 7 2
15 231
1 18 2
182 705
1 15 2
515 562
1 10 2
513 596
1 6 2
338 713
1 3 2
261 463
1 7 2
176 198
1 8 2
75 755
1 17 2
271 696
1 14 2
52 250
1 11 2
189 494
1 18 2
467 572
1 5 2
403 728
1 18 2
589 595
1 5 2
218 787
1 18 2
400 434
1 17 2
182 617
1 5 2
51 286
1 9 2
141 715
1 10 2
281 442
1 13 2
97 288
1 9 2
138 390
1 12 2
483 730
1 17 2
536 753
1 8 2
314 762
1 10 2
21 533
1 6 2
90 537
1 5 2
131 449
1 9 2
306 473
1 3 2
171 203
1 9 2
251 257
1 8 2
239 777
1 9 2
0 596
1 5 2
356 385
1 3 2
261 782
1 13 2
474 743
1 4 2
686 743
1 13 2
121 413
1 11 2
94 764
1 14 2
323 717
1 15 2
55 61
1 7 2
635 702
1 4 2
196 561
1 11 2
142 580
1 7 2
331 613
1 5 2
517 643
1 5 2
166 356
1 3 2
49 571
1 4 2
309 615
1 12 2
237 337
1 12 2
56 566
1 8 2
342 636
1 15 2
132 168
1 7 2
146 160
1 17 2
97 178
1 14 2
118 188
1 17 2
350 575
1 9 2
201 758
1 11 2
58 691
1 19 2
2 657
1 8 2
740 757
1 15 2
41 315
1 10 2
123 715
1 11 2
38 635
1 15 2
168 276
1 4 2
232 393
1 14 2
66 297
1 5 2
98 743
1 8 2
199 738
1 6 2
94 441
1 12 2
43 772
1 9 2
21 518
1 10 2
318 406
1 12 2
131 575
1 6 2
77 671
1 14 2
527 763
1 13 2
114 140
1 4 2
565 716
1 13 2
168 647
1 5 2
0 26
1 15 2
250 500
1 16 2
375 617
1 10 2
502 719
1 7 2
376 562
1 15 2
477 711
1 5 2
277 386
1 5 2
574 775
1 13 2
66 458
1 9 2
604 746
1 17 2
106 255
1 14 2
61 562
1 10 2
348 632
1 13 2
52 792
1 8 2
484 505
1 14 2
467 641
1 9 2
147 387
1 5 2
24 689
1 7 2
82 123
1 3 2
197 661
1 12 2
443 619
1 11 2
378 623
1 14 2
62 225
1 7 2
309 419
1 13 2
61 779
1 5 2
601 670
1 13 2
315 494
1 13 2
66 71
1 12 2
225 673
1 9 2
77 558
1 12 2
607 792
1 9 2
223 605
1 17 2
58 249
1 12 2
572 714
1 11 2
590 796
1 8 2
415 611
1 11 2
323 509
1 13 2
136 577
1 14 2
435 602
1 18 2
118 685
1 11 2
501 629
1 13 2
67 616
1 3 2
594 749
1 15 2
274 616
1 10 2
604 718
1 14 2
454 674
1 6 2
618 695
1 7 2
614 793
1 13 2
143 537
1 7 2
252 313
1 13 2
135 330
1 10 2
123 602
1 6 2
73 393
1 17 2
709 778
1 17 2
717 795
1 13 2
59 275
1 11 2
500 502
1 9 2
373 514
1 10 2
103 681
1 12 2
5 708
1 15 2
136 268
1 15 2
67 753
1 2 2
327 759
1 9 2
53 648
1 7 2
84 156
1 9 2
154 407
1 9 2
459 462
1 5 2
171 720
1 3 2
210 239
1 13 2
560 681
1 14 2
206 492
1 11 2
699 710
1 2 2
450 669
1 16 2
185 588
1 15 2
58 67
1 8 2
219 718
1 13 2
136 409
1 16 2
212 708
1 6 2
516 762
1 9 2
336 470
1 14 2
526 595
1 15 2
216 311
1 10 2
26 304
1 14 2
180 473
1 10 2
108 744
1 8 2
364 663
1 14 2
62 535
1 10 2
217 237
1 6 2
92 383
1 9 2
46 799
1 14 2
237 244
1 9 2
247 262
1 6 2
343 641
1 7 2
42 292
1 8 2
639 763
1 14 2
397 788
1 18 2
492 730
1 5 2
361 798
1 12 2
164 428
1 11 2
549 772
1 9 2
288 428
1 12 2
664 690
1 12 2
21 485
1 10 2
389 424
1 15 2
268 595
1 9 2
359 642
1 17 2
184 690
1 7 2
42 465
1 9 2
240 580
1 14 2
50 769
1 9 2
142 760
1 4 2
109 517
1 11 2
537 731
1 7 2
458 530
1 11 2
21 61
1 4 2
137 405
1 8 2
387 617
1 10 2
76 487
1 11 2
267 310
1 6 2
341 537
1 7 2
122 505
1 9 2
447 702
1 6 2
129 368
1 5 2
524 622
1 18 2
63 225
1 12 2
626 634
1 6 2
110 340
1 12 2
314 607
1 11 2
697 769
1 9 2
349 604
1 14 2
252 307
1 12 2
242 616
1 4 2
344 452
1 15 2
135 631
1 5 2
72 638
1 7 2
76 772
1 8 2
177 259
1 17 2
703 709
1 4 2
33 171
1 11 2
350 550
1 11 2
56 315
1 5 2
4 493
1 11 2
18 404
1 5 2
405 712
1 20 2
89 710
1 7 2
304 789
1 20 2
34 443
1 9 2
457 514
1 15 2
221 504
1 8 2
51 224
1 10 2
533 636
1 10 2
121 253
1 14 2
157 336
1 14 2
58 411
1 15 2
347 424
1 6 2
0 240
1 11 2
599 652
1 13 2
126 149
1 9 2
237 646
1 8 2
165 706
1 8 2
578 782
1 11 2
215 304
1 17 2
43 526
1 11 2
72 467
1 13 2
652 659
1 7 2
420 425
1 3 2
243 389
1 7 2
13 777
1 8 2
659 666
1 6 2
406 605
1 5 2
163 236
1 13 2
67 504
1 15 2
224 464
1 20 2
180 474
1 14 2
52 754
1 15 2
388 562
1 7 2
486 535
1 7 2
429 671
1 9 2
94 605
1 11 2
52 395
1 16 2
93 164
1 11 2
77 647
1 6 2
25 776
1 7 2
642 798
1 8 2
305 691
1 8 2
24 153
1 15 2
432 492
1 9 2
372 742
1 17 2
99 443
1 14 2
674 777
1 10 2
162 220
1 15 2
86 475
1 14 2
265 487
1 13 2
67 777
1 7 2
25 629
1 7 2
61 236
1 9 2
351 768
1 10 2
135 618
1 13 2
432 626
1 6 2
57 662
1 9 2
225 478
1 13 2
435 607
1 5 2
64 231
1 7 2
20 455
1 9 2
213 302
1 2 2
74 222
1 7 2
254 428
1 6 2
134 517
1 4 2
72 654
1 15 2
6 797
1 7 2
20 200
1 13 2
62 411
1 15 2
119 304
1 9 2
519 639
1 7 2
401 643
1 18 2
38 499
1 10 2
564 739
1 10 2
213 769
1 9 2
259 731
1 9 2
77 456
1 6 2
51 78
1 11 2
385 492
1 17 2
255 298
1 6 2
71 468
1 13 2
159 206
1 10 2
208 721
1 6 2
231 603
1 7 2
266 478
1 10 2
113 739
1 5 2
0 215
1 13 2
144 775
1 14 2
45 235
1 16 2
63 649
1 15 2
347 790
1 7 2
131 272
1 9 2
7 447
1 14 2
391 753
1 9 2
213 229
1 13 2
298 536
1 11 2
337 419
1 11 2
350 697
1 16 2
302 477
1 7 2
24 390
1 10 2
611 740
1 17 2
159 657
1 5 2
13 357
1 7 2
488 585
1 8 2
74 696
1 13 2
7 753
1 10 2
365 549
1 11 2
73 296
1 7 2
254 779
1 11 2
510 750
1 5 2
768 799
1 8 2
174 472
1 9 2
190 435
1 12 2
217 482
1 10 2
292 714
1 15 2
154 316
1 6 2
286 493
1 13 2
188 345
1 13 2
308 735
1 8 2
111 702
1 5 2
81 124
1 15 2
93 268
1 12 2
3 425
1 10 2
558 572
1 9 2
498 781
1 16 2
244 464
1 3 2
384 571
1 20 2
182 270
1 7 2
21 267
1 14 2
465 477
1 8 2
248 698
1 5 2
156 239
1 18 2
440 631
1 6 2
171 747
1 5 2
641 751
1 10 2
156 526
1 9 2
339 506
1 15 2
631 793
1 14 2
208 499
1 9 2
144 732
1 15 2
225 388
1 13 2
34 163
1 10 2
311 378
1 9 2
479 714
1 7 2
40 336
1 5 2
101 551
1 14 2
20 609
1 11 2
153 577
1 6 2
603 756
1 7 2
543 792
1 15 2
21 609
1 8 2
36 501
1 14 2
500 672
1 8 2
193 750
1 6 2
218 297
1 6 2
368 541
1 15 2
258 465
1 14 2
357 606
1 9 2
150 772
1 15 2
473 477
1 11 2
143 796
1 6 2
417 627
1 8 2
290 481
1 11 2
378 620
1 7 2
331 567
1 4 2
403 737
1 11 2
491 607
1 18 2
595 701
1 9 2
441 609
1 14 2
216 464
1 5 2
33 798
1 15 2
180 464
1 10 2
273 634
1 12 2
88 629
1 11 2
5 626
1 13 2
146 609
1 7 2
702 725
1 7 2
142 540
1 15 2
270 767
1 10 2
61 395
1 10 2
437 781
1 14 2
39 120
1 13 2
206 624
1 14 2
245 388
1 10 2
145 280
1 11 2
43 727
1 7 2
68 332
1 18 2
17 398
1 15 2
340 589
1 11 2
425 730
1 15 2
435 500
1 17 2
676 795
1 16 2
482 504
1 5 2
520 765
1 12 2
499 605
1 13 2
474 750
1 18 2
228 519
1 8 2
211 769
1 6 2
35 238
1 15 2
154 284
1 12 2
156 572
1 13 2
199 559
1 15 2
624 753
1 10 2
147 787
1 7 2
407 706
1 13 2
442 706
1 14 2
275 284
1 12 2
534 599
1 11 2
311 750
1 16 2
38 490
1 12 2
194 460
1 7 2
213 643
1 14 2
52 797
1 10 2
169 454
1 13 2
559 696
1 6 2
252 324
1 11 2
39 681
1 20 2
569 606
1 8 2
213 719
1 18 2
63 504
1 6 2
479 716
1 11 2
523 626
1 8 2
329 594
1 13 2
199 673
1 8 2
127 488
1 18 2
34 135
1 7 2
404 533
1 5 2
422 545
1 12 2
221 396
1 9 2
184 262
1 12 2
38 664
1 10 2
301 799
1 14 2
383 753
1 9 2
20 396
1 13 2
97 776
1 13 2
331 706
1 13 2
498 604
1 6 2
478 655
1 6 2
105 217
1 12 2
131 345
1 8 2
216 543
1 17 2
178 474
1 13 2
618 761
1 15 2
665 719
1 17 2
175 443
1 8 2
253 624
1 9 2
282 674
1 18 2
121 769
1 16 2
249 568
1 8 2
61 356
1 10 2
528 633
1 9 2
492 712
1 14 2
119 331
1 9 2
206 301
1 11 2
290 536
1 12 2
504 775
1 20 2
34 89
1 12 2
156 424
1 11 2
87 330
1 6 2
309 645
1 14 2
148 562
1 4 2
195 387
1 12 2
251 652
1 10 2
22 526
1 6 2
620 656
1 7 2
477 582
1 14 2
258 363
1 13 2
100 514
1 18 2
120 400
1 16 2
18 731
1 11 2
142 178
1 10 2
526 724
1 8 2
14 507
1 14 2
276 535
1 4 2
241 630
1 6 2
483 666
1 9 2
2 785
1 9 2
220 508
1 11 2
235 642
1 7 2
363 619
1 12 2
411 636
1 7 2
70 268
1 19 2
228 351
1 12 2
315 788
1 3 2
211 283
1 6 2
1 659
1 15 2
388 761
1 6 2
277 362
1 16 2
440 676
1 7 2
365 630
1 10 2
108 126
1 7 2
269 779
1 14 2
12 575
1 19 2
182 369
1 5 2
176 471
1 6 2
387 470
1 17 2
439 711
1 9 2
240 276
1 12 2
87 779
1 9 2
199 765
1 13 2
419 696
1 12 2
80 592
1 17 2
184 440
1 12 2
57 589
1 18 2
157 790
1 11 2
253 258
1 13 2
447 454
1 10 2
588 783
1 3 2
28 561
1 12 2
150 526
1 18 2
91 369
1 8 2
6 738
1 11 2
93 238
1 9 2
184 267
1 7 2
98 397
1 8 2
60 542
1 15 2
249 578
1 9 2
394 558
1 7 2
168 353
1 14 2
91 219
1 10 2
394 418
1 16 2
178 589
1 15 2
296 329
1 4 2
599 678
1 6 2
246 363
1 11 2
134 642
1 11 2
267 434
1 10 2
201 303
1 12 2
302 756
1 12 2
185 256
1 16 2
159 769
1 20 2
143 270
1 17 2
443 542
1 11 2
405 499
1 6 2
268 449
1 17 2
93 304
1 12 2
173 291
1 8 2
209 249
1 18 2
348 394
1 15 2
398 674
1 9 2
434 785
1 4 2
161 401
1 14 2
104 693
1 6 2
10 775
1 11 2
279 417
1 17 2
89 560
1 9 2
181 192
1 16 2
318 578
1 4 2
27 653
1 9 2
164 404
1 14 2
242 318
1 12 2
142 316
1 13 2
271 577
1 13 2
39 400
1 8 2
324 620
1 10 2
390 611
1 11 2
484 685
1 8 2
328 371
1 8 2
206 253
1 6 2
27 611
1 10 2
229 387
1 8 2
352 611
1 7 2
226 527
1 11 2
307 366
1 9 2
185 254
1 15 2
121 437
1 13 2
149 439
1 7 2
12 748
1 6 2
777 786
1 15 2
331 674
1 7 2
550 692
1 6 2
36 405
1 7 2
21 550
1 18 2
93 739
1 3 2
110 344
1 17 2
18 388
1 7 2
207 549
1 14 2
572 779
1 10 2
203 652
1 11 2
136 699
1 17 2
53 168
1 9 2
198 331
1 7 2
111 726
1 7 2
325 328
1 17 2
199 250
1 18 2
38 199
1 8 2
164 544
1 12 2
90 180
1 12 2
378 588
1 10 2
106 558
1 7 2
168 241
1 11 2
235 649
1 7 2
217 425
1 7 2
87 530
1 11 2
320 382
1 11 2
247 662
1 11 2
191 397
1 5 2
76 512
1 11 2
335 435
1 11 2
483 525
1 14 2
168 235
1 9 2
267 708
1 10 2
78 527
1 9 2
100 647
1 8 2
208 493
1 9 2
311 732
1 11 2
257 711
1 8 2
21 746
1 10 2
169 730
1 12 2
266 347
1 15 2
572 626
1 11 2
97 722
1 20 2
310 531
1 10 2
193 245
1 12 2
201 625
1 11 2
26 443
1 16 2
106 525
1 6 2
444 724
1 12 2
596 642
1 9 2
594 708
1 19 2
375 708
1 11 2
37 272
1 16 2
77 569
1 5 2
8 406
1 7 2
343 719
1 11 2
274 420
1 14 2
312 435
1 9 2
228 798
1 16 2
136 485
1 14 2
201 631
1 10 2
193 659
1 14 2
180 747
1 11 2
398 513
1 10 2
106 399
1 9 2
173 303
1 10 2
273 602
1 12 2
206 347
1 8 2
435 791
1 18 2
18 753
1 13 2
419 435
1 16 2
162 753
1 6 2
470 782
1 8 2
229 539
1 10 2
434 603
1 15 2
176 708
1 12 2
340 715
1 17 2
119 703
1 13 2
53 380
1 14 2
174 623
1 14 2
501 672
1 11 2
345 611
1 18 2
296 676
1 8 2
257 618
1 6 2
175 486
1 10 2
429 559
1 16 2
119 270
1 13 2
146 351
1 10 2
26 58
1 6 2
137 237
1 14 2
135 560
1 11 2
216 646
1 17 2
271 394
1 10 2
488 662
1 8 2
216 751
1 10 2
123 428
1 8 2
216 671
1 11 2
705 787
1 8 2
83 592
1 8 2
13 114
1 5 2
470 545
1 8 2
317 793
1 9 2
248 466
1 19 2
17 494
1 17 2
274 650
1 7 2
42 221
1 8 2
313 625
1 15 2
230 277
1 14 2
184 273
1 17 2
275 569
1 3 2
621 776
1 12 2
136 334
1 12 2
624 764
1 8 2
671 672
1 5 2
597 677
1 7 2
429 512
1 8 2
333 554
1 9 2
279 614
1 15 2
275 676
1 17 2
136 248
1 15 2
34 636
1 5 2
306 320
1 12 2
17 335
1 6 2
60 263
1 6 2
22 787
1 11 2
359 690
1 12 2
310 368
1 12 2
154 422
1 14 2
475 575
1 7 2
535 547
1 7 2
25 364
1 3 2
362 401
1 7 2
39 181
1 5 2
503 508
1 8 2
426 660
1 10 2
46 535
1 9 2
172 693
1 10 2
58 167
1 6 2
417 758
1 17 2
228 610
1 14 2
91 131
1 6 2
96 792
1 13 2
258 611
1 15 2
53 777
1 15 2
427 790
1 14 2
21 350
1 9 2
348 614
1 11 2
489 633
1 14 2
88 135
1 9 2
53 654
1 5 2
368 381
1 10 2
25 709
1 9 2
48 54
1 4 2
113 762
1 18 2
569 604
1 13 2
361 606
1 18 2
182 250
1 15 2
220 439
1 12 2
526 719
1 17 2
37 133
1 14 2
118 308
1 7 2
238 393
1 10 2
154 558
1 8 2
3 656
1 10 2
217 719
1 7 2
271 651
1 17 2
2 114
1 5 2
16 510
1 8 2
225 259
1 12 2
393 474
1 10 2
480 493
1 9 2
61 757
1 11 2
286 435
1 11 2
92 696
1 9 2
643 741
1 3 2
9 791
1 6 2
287 615
1 10 2
502 788
1 5 2
4 29
1 9 2
198 477
1 9 2
11 29
1 17 2
185 665
1 16 2
154 620
1 15 2
693 754
1 6 2
416 788
1 19 2
143 735
1 18 2
157 549
1 7 2
583 683
1 5 2
167 513
1 9 2
538 682
1 16 2
133 347
1 7 2
130 685
1 5 2
285 312
1 9 2
328 509
1 13 2
664 708
1 18 2
704 708
1 11 2
715 771
1 13 2
191 296
1 8 2
172 608
1 16 2
126 714
1 8 2
20 306
1 8 2
42 462
1 10 2
339 388
1 9 2
292 306
1 8 2
330 341
1 10 2
330 750
1 10 2
253 623
1 19 2
38 351
1 12 2
447 464
1 14 2
464 475
1 13 2
142 480
1 10 2
266 378
1 9 2
211 606
1 13 2
178 429
1 6 2
458 512
1 16 2
347 435
1 3 2
327 586
1 10 2
268 630
1 12 2
20 427
1 15 2
67 744
1 6 2
198 479
1 6 2
104 555
1 5 2
455 520
1 3 2
461 670
1 18 2
17 275
1 8 2
382 658
1 10 2
119 618
1 7 2
564 713
1 9 2
465 666
1 4 2
544 571
1 10 2
735 796
1 7 2
601 784
1 16 2
55 626
1 5 2
238 385
1 4 2
349 366
1 15 2
480 616
1 16 2
126 178
1 10 2
287 624
1 4 2
105 707
1 16 2
17 212
1 7 2
403 404
1 6 2
319 538
1 11 2
77 505
1 11 2
251 604
1 12 2
224 419
1 15 2
348 660
1 8 2
210 519
1 9 2
330 537
1 11 2
244 409
1 17 2
616 739
1 15 2
460 652
1 8 2
20 30
1 7 2
122 740
1 20 2
270 588
1 15 2
216 777
1 9 2
480 727
1 11 2
370 611
1 10 2
631 727
1 10 2
596 680
1 6 2
64 506
1 5 2
56 545
1 11 2
395 580
1 18 2
296 314
1 8 2
305 478
1 15 2
180 731
1 10 2
330 518
1 14 2
336 708
1 14 2
659 790
1 6 2
489 533
1 5 2
355 796
1 11 2
77 591
1 13 2
276 777
1 10 2
272 674
1 6 2
565 620
1 9 2
754 798
1 7 2
85 453
1 15 2
566 674
1 9 2
616 675
1 6 2
96 617
1 9 2
232 753
1 8 2
26 676
1 16 2
276 531
1 6 2
740 794
1 7 2
129 288
1 8 2
113 687
1 9 2
267 696
1 4 2
383 749
1 9 2
33 174
1 7 2
448 491
1 10 2
303 714
1 5 2
438 533
1 8 2
580 757
1 11 2
167 270
1 11 2
629 779
1 11 2
103 514
1 15 2
374 717
1 3 2
358 540
1 12 2
440 548
1 6 2
518 561
1 12 2
511 602
1 11 2
746 790
1 7 2
190 490
1 6 2
26 692
1 6 2
203 607
1 7 2
392 706
1 15 2
145 604
1 11 2
252 672
1 7 2
483 516
1 4 2
95 573
1 13 2
89 483
1 12 2
76 118
1 19 2
182 590
1 13 2
146 157
1 10 2
76 402
1 11 2
706 764
1 12 2
63 403
1 6 2
140 285
1 7 2
101 219
1 17 2
674 753
1 15 2
180 428
1 16 2
216 650
1 14 2
18 788
1 12 2
144 193
1 6 2
325 748
1 12 2
308 494
1 14 2
371 488
1 6 2
83 131
1 10 2
221 771
1 14 2
77 185
1 10 2
92 575
1 9 2
249 367
1 15 2
118 297
1 8 2
178 367
1 20 2
63 507
1 13 2
275 747
1 14 2
305 763
1 3 2
32 368
1 4 2
289 489
1 15 2
568 685
1 13 2
622 744
1 10 2
163 568
1 8 2
137 178
1 11 2
184 459
1 9 2
383 548
1 7 2
470 481
1 7 2
181 642
1 11 2
162 625
1 6 2
95 691
1 17 2
17 388
1 15 2
398 576
1 20 2
182 588
1 10 2
113 704
1 13 2
103 657
1 11 2
123 596
1 15 2
68 302
1 4 2
207 226
1 12 2
163 778
1 14 2
3 741
1 11 2
55 425
1 7 2
220 697
1 6 2
104 449
1 15 2
88 620
1 7 2
276 317
1 6 2
205 475
1 10 2
91 716
1 3 2
152 392
1 13 2
391 590
1 9 2
364 458
1 17 2
296 402
1 15 2
145 504
1 7 2
95 301
1 19 2
66 532
1 15 2
91 491
1 8 2
167 624
1 13 2
462 740
1 15 2
87 778
1 3 2
42 293
1 6 2
50 445
1 9 2
134 725
1 12 2
164 458
1 7 2
4 142
1 7 2
551 660
1 5 2
363 561
1 10 2
124 148
1 13 2
625 674
1 10 2
267 562
1 8 2
508 558
1 11 2
141 554
1 5 2
449 742
1 15 2
118 721
1 9 2
97 300
1 10 2
50 217
1 3 2
10 782
1 8 2
226 402
1 10 2
309 494
1 7 2
95 479
1 12 2
576 740
1 7 2
47 685
1 4 2
423 571
1 15 2
126 608
1 13 2
277 687
1 16 2
554 747
1 2 2
98 190
1 6 2
422 544
1 11 2
220 277
1 18 2
120 610
1 8 2
770 793
1 11 2
596 629
1 15 2
223 744
1 19 2
542 744
1 3 2
476 512
1 13 2
391 525
1 13 2
527 549
1 6 2
10 591
1 7 2
221 445
1 7 2
83 119
1 8 2
232 477
1 9 2
215 792
1 13 2
752 799
1 6 2
40 383
1 12 2
20 460
1 6 2
73 252
1 4 2
48 73
1 15 2
274 674
1 11 2
310 438
1 3 2
130 349
1 6 2
414 699
1 12 2
514 756
1 7 2
438 536
1 9 2
169 194
1 8 2
229 461
1 8 2
409 584
1 15 2
86 511
1 6 2
379 711
1 14 2
511 515
1 6 2
364 732
1 9 2
14 118
1 6 2
287 722
1 20 2
120 143
1 8 2
113 693
1 8 2
411 550
1 16 2
265 569
1 11 2
99 630
1 8 2
78 90
1 9 2
339 752
1 8 2
465 466
1 14 2
345 370
1 6 2
524 692
1 8 2
507 543
1 15 2
77 795
1 14 2
192 636
1 17 2
294 497
1 13 2
77 460
1 11 2
11 251
1 14 2
501 709
1 9 2
324 494
1 7 2
347 530
1 4 2
44 405
1 3 2
677 748
1 7 2
39 570
1 5 2
138 209
1 7 2
452 649
1 12 2
132 148
1 13 2
487 636
1 10 2
326 684
1 5 2
9 320
1 9 2
269 369
1 15 2
34 649
1 12 2
301 424
1 10 2
84 305
1 10 2
216 684
1 11 2
426 477
1 15 2
307 673
1 11 2
238 569
1 4 2
172 770
1 5 2
324 489
1 10 2
159 522
1 15 2
223 589
1 8 2
542 587
1 18 2
38 606
1 14 2
11 542
1 11 2
53 363
1 12 2
169 609
1 8 2
287 533
1 8 2
335 485
1 9 2
140 618
1 13 2
37 220
1 14 2
154 465
1 12 2
38 129
1 8 2
417 647
1 8 2
446 549
1 16 2
277 434
1 10 2
150 292
1 13 2
154 303
1 15 2
145 250
1 18 2
298 519
1 12 2
114 188
1 17 2
37 792
1 15 2
154 566
1 10 2
191 491
1 9 2
315 425
1 12 2
138 228
1 10 2
88 313
1 9 2
674 726
1 11 2
467 691
1 7 2
116 180
1 3 2
112 355
1 9 2
22 429
1 9 2
163 510
1 12 2
100 672
1 9 2
565 569
1 15 2
34 498
1 9 2
542 707
1 16 2
500 744
1 18 2
497 790
1 13 2
329 477
1 2 2
122 285
1 14 2
219 609
1 8 2
477 700
1 9 2
452 763
1 7 2
496 696
1 10 2
563 742
1 15 2
38 150
1 12 2
296 372
1 9 2
9 792
1 7 2
149 776
1 10 2
688 707
1 7 2
325 399
1 18 2
270 652
1 11 2
231 323
1 14 2
464 575
1 15 2
480 754
1 17 2
318 735
1 11 2
30 398
1 15 2
296 742
1 18 2
589 761
1 9 2
381 790
1 16 2
590 596
1 8 2
298 677
1 7 2
425 680
1 10 2
95 411
1 17 2
250 346
1 12 2
219 793
1 15 2
382 719
1 14 2
91 277
1 7 2
148 384
1 14 2
147 326
1 11 2
109 475
1 8 2
305 707
1 9 2
603 690
1 16 2
511 657
1 15 2
21 435
1 8 2
641 780
1 10 2
95 687
1 10 2
402 406
1 10 2
169 792
1 18 2
157 255
1 12 2
62 428
1 9 2
19 735
1 10 2
331 619
1 7 2
213 741
1 8 2
615 616
1 12 2
330 642
1 10 2
95 260
1 12 2
396 693
1 14 2
473 507
1 16 2
178 434
1 18 2
93 492
1 12 2
95 424
1 18 2
174 554
1 16 2
58 86
1 12 2
77 162
1 4 2
325 376
1 11 2
473 720
1 9 2
352 509
1 7 2
369 737
1 15 2
480 580
1 12 2
95 652
1 12 2
369 537
1 15 2
291 511
1 12 2
57 121
1 14 2
510 704
1 16 2
538 589
1 13 2
97 191
1 11 2
426 604
1 18 2
488 731
1 9 2
177 683
1 7 2
138 419
1 11 2
215 434
1 8 2
138 764
1 5 2
152 508
1 11 2
563 676
1 9 2
75 706
1 11 2
747 775
1 7 2
71 544
1 9 2
158 479
1 8 2
515 786
1 15 2
602 665
1 18 2
532 731
1 10 2
41 540
1 7 2
233 705
1 5 2
10 251
1 11 2
76 427
1 5 2
543 559
1 8 2
81 735
1 16 2
382 752
1 4 2
48 227
1 8 2
186 788
1 12 2
245 605
1 17 2
298 477
1 12 2
228 403
1 8 2
59 215
1 9 2
702 713
1 15 2
114 442
1 7 2
246 308
1 7 2
611 716
1 13 2
326 447
1 12 2
12 659
1 15 2
34 237
1 6 2
216 749
1 15 2
58 715
1 11 2
619 703
1 15 2
177 650
1 11 2
78 212
1 8 2
329 339
1 15 2
97 188
1 12 2
46 569
1 12 2
260 337
1 13 2
296 415
1 11 2
313 588
1 9 2
288 329
1 9 2
147 783
1 10 2
169 326
1 8 2
547 572
1 9 2
287 760
1 16 2
175 708
1 11 2
297 649
1 6 2
190 509
1 16 2
442 690
1 16 2
199 302
1 6 2
242 476
1 20 2
97 348
1 3 2
72 152
1 13 2
663 730
1 15 2
132 230
1 12 2
138 717
1 13 2
331 607
1 13 2
371 394
1 19 2
244 296
1 15 2
144 294
1 3 2
218 551
1 9 2
500 683
1 12 2
436 797
1 13 2
274 647
1 18 2
184 247
1 13 2
260 709
1 10 2
294 466
1 5 2
483 648
1 12 2
477 664
1 16 2
6 350
1 6 2
322 413
1 15 2
208 474
1 19 2
120 136
1 12 2
99 470
1 5 2
158 486
1 8 2
88 457
1 4 2
111 116
1 20 2
34 633
1 8 2
145 384
1 9 2
164 431
1 19 2
249 348
1 5 2
90 444
1 5 2
60 706
1 7 2
75 780
1 10 2
365 514
1 7 2
731 786
1 9 2
683 687
1 9 2
129 775
1 8 2
79 590
1 6 2
169 553
1 16 2
271 437
1 11 2
551 730
1 13 2
370 775
1 8 2
235 699
1 17 2
318 491
1 11 2
623 630
1 14 2
500 566
1 6 2
59 539
1 13 2
383 588
1 10 2
25 575
1 8 2
15 329
1 9 2
72 505
1 4 2
16 523
1 12 2
67 437
1 17 2
224 494
1 19 2
97 685
1 9 2
6 227
1 12 2
202 443
1 11 2
52 235
1 9 2
121 759
1 9 2
430 464
1 12 2
175 217
1 13 2
436 685
1 9 2
713 780
1 10 2
432 660
1 9 2
4 199
1 6 2
453 663
1 11 2
144 286
1 6 2
123 547
1 2 2
210 278
1 10 2
446 701
1 15 2
164 650
1 12 2
85 230
1 7 2
621 704
1 10 2
515 520
1 17 2
88 569
1 12 2
274 395
1 6 2
57 92
1 10 2
144 160
1 5 2
233 371
1 4 2
503 664
1 10 2
452 474
1 8 2
299 719
1 17 2
133 230
1 10 2
240 506
1 7 2
313 689
1 11 2
185 750
1 12 2
121 280
1 6 2
324 756
1 11 2
674 750
1 16 2
350 506
1 3 2
638 640
1 8 2
25 380
1 16 2
525 575
1 14 2
273 369
1 17 2
595 704
1 14 2
126 741
1 6 2
668 764
1 13 2
142 331
1 2 2
69 751
1 5 2
415 444
1 4 2
92 640
1 7 2
86 416
1 16 2
184 792
1 18 2
382 575
1 11 2
68 479
1 15 2
442 777
1 17 2
228 337
1 15 2
11 106
1 8 2
111 191
1 3 2
15 161
1 8 2
151 371
1 6 2
509 614
1 13 2
6 500
1 16 2
6 17
1 9 2
35 305
1 12 2
18 470
1 10 2
460 537
1 10 2
86 718
1 4 2
33 333
1 18 2
199 562
1 10 2
248 630
1 11 2
6 415
1 10 2
563 760
1 6 2
141 513
1 12 2
292 464
1 10 2
143 571
1 13 2
534 563
1 12 2
610 760
1 10 2
95 464
1 5 2
151 691
1 14 2
696 775
1 10 2
18 551
1 11 2
151 400
1 14 2
428 690
1 15 2
59 650
1 13 2
477 498
1 6 2
138 622
1 3 2
70 495
1 14 2
231 507
1 8 2
229 546
1 10 2
65 740
1 8 2
103 629
1 7 2
280 479
1 15 2
199 337
1 6 2
320 559
1 5 2
194 321
1 11 2
131 145
1 3 2
420 789
1 7 2
12 565
1 13 2
68 681
1 8 2
29 337
1 12 2
257 799
1 9 2
223 234
1 20 2
17 382
1 18 2
126 515
1 12 2
266 510
1 10 2
109 206
1 15 2
432 507
1 6 2
372 401
1 14 2
148 298
1 18 2
487 657
1 10 2
289 434
1 19 2
91 350
1 15 2
80 439
1 15 2
526 534
1 5 2
313 524
1 9 2
263 646
1 10 2
100 260
1 6 2
179 516
1 16 2
228 672
1 15 2
63 447
1 17 2
488 519
1 14 2
568 676
1 12 2
397 721
1 17 2
499 731
1 14 2
374 454
1 14 2
428 499
1 7 2
28 649
1 15 2
302 672
1 6 2
202 570
1 16 2
271 506
1 8 2
560 698
1 11 2
583 652
1 7 2
51 411
1 5 2
287 612
1 7 2
150 453
1 14 2
538 790
1 15 2
208 304
1 9 2
230 367
1 7 2
140 167
1 10 2
427 683
1 5 2
155 642
1 16 2
475 549
1 14 2
77 610
1 11 2
25 400
1 4 2
115 359
1 8 2
109 281
1 11 2
63 186
1 6 2
273 729
1 14 2
314 508
1 7 2
401 784
1 5 2
214 436
1 16 2
180 374
1 4 2
30 423
1 15 2
681 778
1 9 2
89 472
1 6 2
409 697
1 8 2
169 312
1 11 2
590 732
1 18 2
184 230
1 9 2
428 583
1 12 2
685 692
1 16 2
244 440
1 11 2
58 627
1 10 2
511 516
1 15 2
245 572
1 4 2
448 662
1 7 2
617 726
1 9 2
188 280
1 14 2
11 93
1 5 2
171 643
1 15 2
55 777
1 10 2
601 717
1 11 2
212 287
1 19 2
41 769
1 10 2
46 705
1 7 2
527 557
1 13 2
111 345
1 9 2
384 690
1 14 2
318 458
1 18 2
370 382
1 9 2
419 721
1 11 2
2 367
1 11 2
372 735
1 15 2
230 491
1 10 2
237 252
1 9 2
27 672
1 5 2
83 109
1 9 2
235 724
1 15 2
97 527
1 10 2
151 610
1 7 2
223 387
1 9 2
429 599
1 12 2
18 306
1 14 2
523 633
1 15 2
88 164
1 17 2
519 674
1 6 2
156 344
1 9 2
419 591
1 8 2
66 639
1 9 2
202 536
1 16 2
225 609
1 12 2
352 492
1 9 2
437 722
1 9 2
518 775
1 13 2
268 374
1 9 2
546 753
1 12 2
242 480
1 5 2
128 768
1 6 2
141 227
1 8 2
764 765
1 18 2
43 88
1 13 2
242 650
1 11 2
274 697
1 13 2
85 97
1 8 2
81 549
1 11 2
250 409
1 8 2
202 779
1 4 2
421 680
1 11 2
473 625
1 4 2
110 563
1 4 2
373 726
1 20 2
18 439
1 2 2
31 79
1 8 2
136 686
1 10 2
25 331
1 14 2
510 797
1 8 2
55 472
1 16 2
370 375
1 15 2
55 86
1 6 2
12 471
1 17 2
206 439
1 11 2
519 684
1 11 2
89 770
1 8 2
501 627
1 12 2
199 252
1 15 2
549 777
1 7 2
355 509
1 8 2
235 341
1 7 2
60 276
1 16 2
230 274
1 10 2
245 520
1 11 2
258 381
1 9 2
297 584
1 15 2
394 475
1 19 2
93 351
1 15 2
424 498
1 16 2
498 701
1 13 2
134 153
1 13 2
437 764
1 6 2
193 495
1 12 2
465 779
1 13 2
560 713
1 13 2
297 595
1 3 2
627 651
1 17 2
575 657
1 8 2
559 784
1 20 2
519 753
1 10 2
18 368
1 19 2
633 685
1 16 2
174 763
1 3 2
209 762
1 2 2
47 236
1 15 2
323 588
1 9 2
297 784
1 9 2
39 383
1 12 2
185 760
1 9 2
357 713
1 6 2
682 727
1 4 2
109 613
1 16 2
488 560
1 14 2
296 720
1 8 2
327 477
1 10 2
342 375
1 13 2
12 413
1 13 2
454 465
1 7 2
422 444
1 18 2
53 180
1 12 2
509 625
1 15 2
153 792
1 15 2
180 429
1 18 2
271 331
1 20 2
120 554
1 16 2
106 337
1 9 2
388 722
1 7 2
109 558
1 8 2
417 458
1 10 2
120 661
1 11 2
72 572
1 12 2
263 764
1 17 2
153 554
1 18 2
135 701
1 17 2
91 462
1 6 2
100 453
1 16 2
159 595
1 11 2
43 524
1 9 2
558 626
1 16 2
244 475
1 11 2
102 184
1 14 2
534 741
1 11 2
134 315
1 11 2
56 660
1 12 2
397 577
1 9 2
94 100
1 7 2
481 760
1 17 2
370 434
1 3 2
550 581
1 6 2
436 546
1 18 2
270 397
1 9 2
225 484
1 11 2
462 718
1 18 2
53 753
1 12 2
86 527
1 8 2
330 699
1 12 2
50 620
1 11 2
406 701
1 3 2
471 732
1 12 2
429 779
1 11 2
622 792
1 9 2
490 697
1 6 2
559 648
1 7 2
601 780
1 5 2
0 9
1 13 2
308 514
1 11 2
100 212
1 13 2
178 779
1 12 2
340 377
1 8 2
290 601
1 5 2
210 413
1 16 2
297 753
1 10 2
391 411
1 9 2
270 565
1 15 2
375 715
1 3 2
32 73
1 16 2
398 693
1 13 2
221 487
1 20 2
3 744
1 6 2
32 687
1 7 2
7 734
1 5 2
438 579
1 10 2
46 626
1 17 2
497 595
1 6 2
355 755
1 7 2
140 770
1 5 2
191 472
1 12 2
466 532
1 8 2
475 539
1 8 2
463 779
1 14 2
330 560
1 5 2
259 734
1 5 2
155 260
1 14 2
548 761
1 16 2
45 388
1 8 2
736 790
1 17 2
17 128
1 9 2
277 393
1 7 2
381 767
1 4 2
10 29
1 8 2
160 469
1 15 2
88 652
1 17 2
54 674
1 9 2
410 657
1 9 2
29 797
1 14 2
428 769
1 9 2
394 627
1 11 2
103 154
1 7 2
146 622
1 6 2
165 644
1 14 2
244 263
1 18 2
126 482
1 12 2
68 71
1 9 2
342 427
1 6 2
64 185
1 7 2
640 735
1 16 2
439 602
1 4 2
548 678
1 16 2
336 348
1 3 2
207 546
1 12 2
523 761
1 10 2
41 628
1 8 2
647 682
1 16 2
45 681
1 10 2
318 324
1 4 2
69 781
1 7 2
29 692
1 4 2
161 683
1 11 2
199 522
1 6 2
457 470
1 16 2
229 397
1 16 2
153 731
1 19 2
532 592
1 7 2
479 781
1 8 2
522 608
1 9 2
12 189
1 14 2
21 402
1 11 2
129 153
1 17 2
145 199
1 7 2
239 510
1 7 2
78 356
1 9 2
270 670
1 12 2
339 424
1 8 2
189 752
1 13 2
562 740
1 7 2
446 617
1 6 2
64 464
1 12 2
266 535
1 16 2
602 606
1 8 2
62 438
1 13 2
219 244
1 8 2
242 628
1 12 2
193 631
1 9 2
150 426
1 10 2
608 629
1 9 2
263 430
1 8 2
56 716
1 10 2
191 617
1 5 2
48 776
1 3 2
293 564
1 10 2
442 655
1 17 2
504 631
1 9 2
88 551
1 5 2
309 682
1 7 2
529 641
1 9 2
642 776
1 10 2
609 783
1 6 2
31 473
1 8 2
654 688
1 3 2
619 667
1 8 2
262 688
1 14 2
499 681
1 13 2
221 237
1 17 2
318 542
1 13 2
308 592
1 8 2
159 179
1 18 2
296 298
1 14 2
568 797
1 16 2
66 249
1 8 2
584 756
1 14 2
374 623
1 10 2
11 425
1 2 2
69 117
1 11 2
467 746
1 10 2
42 126
1 10 2
363 608
1 16 2
148 778
1 14 2
304 411
1 14 2
192 411
1 9 2
162 403
1 16 2
34 580
1 5 2
32 620
1 8 2
21 149
1 15 2
121 177
1 18 2
58 778
1 7 2
487 503
1 5 2
349 352
1 4 2
448 707
1 7 2
372 409
1 11 2
41 644
1 9 2
595 638
1 6 2
300 752
1 10 2
68 409
1 18 2
623 657
1 9 2
174 699
1 9 2
316 694
1 18 2
310 475
1 7 2
208 524
1 2 2
408 441
1 9 2
336 383
1 14 2
284 576
1 18 2
230 331
1 14 2
168 432
1 7 2
211 715
1 10 2
163 623
1 11 2
165 685
1 7 2
637 713
1 11 2
193 687
1 6 2
77 293
1 7 2
109 417
1 12 2
25 665
1 7 2
741 783
1 9 2
453 676
1 16 2
488 799
1 19 2
168 534
1 11 2
458 636
1 11 2
6 395
1 15 2
329 348
1 10 2
34 69
1 7 2
599 675
1 4 2
425 786
1 14 2
157 237
1 18 2
38 790
1 12 2
87 799
1 5 2
495 783
1 13 2
131 534
1 5 2
8 355
1 14 2
223 688
1 20 2
143 310
1 9 2
213 501
1 15 2
61 569
1 17 2
177 310
1 5 2
115 526
1 10 2
61 518
1 10 2
202 652
1 5 2
306 373
1 16 2
135 271
1 3 2
324 565
1 7 2
0 266
1 6 2
150 293
1 10 2
590 594
1 16 2
6 769
1 9 2
223 395
1 5 2
28 404
1 6 2
392 684
1 17 2
114 154
1 17 2
400 595
1 5 2
438 716
1 8 2
127 228
1 15 2
507 617
1 6 2
699 771
1 9 2
439 496
1 13 2
38 193
1 10 2
605 747
1 10 2
4 126
1 12 2
390 576
1 13 2
128 740
1 15 2
633 642
1 11 2
336 458
1 10 2
15 310
1 15 2
515 717
1 14 2
569 605
1 11 2
228 313
1 9 2
302 594
1 17 2
515 569
1 11 2
536 641
1 11 2
99 479
1 9 2
148 553
1 8 2
466 498
1 13 2
531 630
1 9 2
22 275
1 8 2
459 706
1 13 2
123 710
1 11 2
413 473
1 7 2
137 432
1 10 2
40 114
1 12 2
607 705
1 12 2
258 259
1 16 2
268 588
1 16 2
440 480
1 18 2
531 761
1 11 2
212 325
1 11 2
318 453
1 11 2
580 647
1 18 2
3 228
1 19 2
279 307
1 16 2
53 769
1 13 2
447 769
1 12 2
213 270
1 4 2
387 587
1 18 2
159 701
1 8 2
573 688
1 9 2
275 299
1 8 2
656 730
1 12 2
382 417
1 10 2
466 492
1 5 2
142 667
1 8 2
210 525
1 14 2
229 437
1 7 2
0 414
1 5 2
605 669
1 9 2
94 607
1 10 2
29 230
1 13 2
21 55
1 12 2
549 584
1 5 2
758 762
1 15 2
11 424
1 13 2
436 480
1 9 2
161 228
1 10 2
454 718
1 12 2
230 755
1 13 2
8 633
1 9 2
707 769
1 14 2
45 764
1 11 2
131 174
1 17 2
184 696
1 7 2
278 735
1 10 2
7 793
1 8 2
28 229
1 6 2
176 700
1 11 2
5 763
1 12 2
84 769
1 4 2
295 563
1 11 2
101 569
1 10 2
419 428
1 11 2
414 576
1 11 2
177 720
1 10 2
186 562
1 14 2
525 580
1 10 2
470 775
1 11 2
330 395
1 4 2
213 254
1 20 2
143 346
1 17 2
41 616
1 15 2
43 219
1 13 2
576 752
1 8 2
144 733
1 14 2
788 797
1 16 2
274 497
1 14 2
230 260
1 9 2
460 682
1 12 2
230 756
1 14 2
266 302
1 6 2
62 155
1 7 2
51 256
1 6 2
158 207
1 5 2
74 414
1 11 2
468 606
1 13 2
597 701
1 10 2
243 703
1 6 2
94 170
1 20 2
351 710
1 15 2
377 657
1 9 2
254 514
1 17 2
154 595
1 11 2
469 515
1 12 2
90 588
1 8 2
72 741
1 14 2
443 636
1 7 2
138 364
1 17 2
12 120
1 9 2
315 518
1 6 2
48 94
1 14 2
323 507
1 8 2
70 735
1 7 2
5 84
1 10 2
228 571
1 10 2
427 466
1 16 2
250 542
1 12 2
89 635
1 11 2
732 739
1 13 2
536 580
1 9 2
59 368
1 8 2
601 741
1 7 2
102 396
1 19 2
216 474
1 13 2
265 473
1 16 2
41 158
1 15 2
580 710
1 9 2
160 275
1 11 2
245 383
1 14 2
294 297
1 7 2
164 661
1 13 2
153 756
1 7 2
393 583
1 7 2
560 671
1 12 2
311 602
1 12 2
473 740
1 7 2
656 688
1 9 2
460 716
1 15 2
162 467
1 8 2
100 251
1 15 2
501 693
1 7 2
65 479
1 14 2
743 744
1 15 2
263 703
1 5 2
469 759
1 18 2
192 744
1 9 2
252 498
1 14 2
220 744
1 15 2
276 467
1 15 2
43 292
1 13 2
194 398
1 8 2
337 452
1 11 2
158 323
1 11 2
369 716
1 18 2
58 369
1 3 2
171 254
1 10 2
114 746
1 13 2
740 742
1 11 2
291 361
1 6 2
33 645
1 16 2
245 274
1 18 2
311 434
1 15 2
314 515
1 8 2
87 246
1 10 2
500 611
1 18 2
18 688
1 11 2
288 515
1 16 2
311 708
1 7 2
178 179
1 4 2
69 579
1 8 2
8 297
1 10 2
541 717
1 5 2
278 713
1 19 2
89 688
1 9 2
228 639
1 12 2
474 479
1 7 2
265 496
1 5 2
105 335
1 14 2
88 178
1 8 2
290 541
1 3 2
130 196
1 10 2
741 760
1 12 2
330 713
1 17 2
6 434
1 8 2
364 378
1 18 2
348 626
1 8 2
254 311
1 8 2
330 653
1 8 2
346 651
1 11 2
453 739
1 5 2
240 627
1 12 2
542 559
1 16 2
121 245
1 9 2
146 756
1 5 2
161 395
1 8 2
19 132
1 12 2
121 611
1 9 2
244 544
1 18 2
199 790
1 8 2
610 656
1 10 2
394 599
1 12 2
219 337
1 8 2
303 393
1 15 2
676 797
1 6 2
470 571
1 19 2
434 507
1 10 2
65 104
1 13 2
11 174
1 10 2
84 221
1 10 2
670 744
1 10 2
104 372
1 15 2
231 554
1 16 2
350 799
1 7 2
254 760
1 7 2
460 733
1 12 2
352 753
1 14 2
41 470
1 9 2
536 563
1 7 2
550 647
1 14 2
266 652
1 7 2
169 655
1 12 2
414 562
1 14 2
576 717
1 6 2
167 597
1 16 2
38 506
1 15 2
106 711
1 7 2
90 363
1 13 2
350 425
1 15 2
88 388
1 6 2
26 280
1 10 2
350 727
1 16 2
2 576
1 4 2
379 417
1 13 2
144 206
1 12 2
89 682
1 18 2
307 492
1 14 2
454 709
1 9 2
409 760
1 12 2
511 775
1 5 2
190 741
1 9 2
99 218
1 3 2
213 408
1 5 2
242 640
1 3 2
51 612
1 17 2
427 443
1 11 2
279 313
1 11 2
330 357
1 8 2
293 778
1 8 2
82 111
1 5 2
56 521
1 6 2
50 733
1 8 2
3 786
1 12 2
601 665
1 11 2
257 617
1 14 2
206 442
1 9 2
713 781
1 13 2
2 611
1 8 2
269 754
1 8 2
426 630
1 10 2
743 752
1 17 2
310 515
1 2 2
236 543
1 13 2
440 643
1 9 2
4 185
1 17 2
435 731
1 15 2
244 265
1 12 2
0 63
1 7 2
175 669
1 12 2
274 391
1 14 2
554 636
1 3 2
239 262
1 5 2
246 313
1 6 2
361 726
1 6 2
188 243
1 7 2
141 378
1 10 2
167 348
1 19 2
45 348
1 11 2
434 452
1 11 2
185 280
1 9 2
220 767
1 5 2
42 165
1 12 2
519 599
1 6 2
339 392
1 3 2
112 179
1 17 2
37 397
1 19 2
554 795
1 15 2
337 514
1 11 2
711 767
1 10 2
334 595
1 13 2
201 460
1 8 2
247 412
1 13 2
212 347
1 10 2
228 551
1 15 2
18 526
1 18 2
326 474
1 11 2
138 542
1 11 2
202 609
1 12 2
220 578
1 11 2
82 494
1 7 2
308 695
1 13 2
537 606
1 10 2
398 655
1 6 2
586 601
1 8 2
508 635
1 12 2
498 617
1 6 2
645 683
1 11 2
2 352
1 17 2
180 763
1 8 2
630 673
1 9 2
267 560
1 14 2
175 515
1 16 2
128 258
1 7 2
13 475
1 20 2
126 650
1 16 2
143 330
1 7 2
255 360
1 15 2
229 595
1 11 2
591 681
1 11 2
320 710
1 8 2
298 448
1 7 2
297 561
1 13 2
413 514
1 10 2
6 252
1 17 2
17 480
1 16 2
99 477
1 7 2
102 173
1 6 2
404 635
1 12 2
391 672
1 6 2
217 561
1 13 2
237 374
1 16 2
136 145
1 6 2
358 731
1 7 2
628 720
1 12 2
396 504
1 6 2
146 691
1 3 2
155 734
1 11 2
272 631
1 7 2
559 683
1 6 2
465 565
1 5 2
524 586
1 5 2
677 724
1 14 2
126 251
1 8 2
162 481
1 13 2
104 206
1 7 2
4 743
1 6 2
340 582
1 14 2
270 516
1 10 2
150 470
1 6 2
160 479
1 15 2
465 701
1 5 2
190 191
1 10 2
467 638
1 6 2
418 697
1 16 2
34 536
1 7 2
573 672
1 4 2
215 571
1 12 2
277 510
1 18 2
434 672
1 6 2
107 273
1 8 2
706 796
1 7 2
659 798
1 6 2
453 756
1 9 2
604 757
1 2 2
686 786
1 18 2
63 652
1 9 2
266 280
1 12 2
88 357
1 14 2
596 693
1 12 2
497 513
1 10 2
372 510
1 17 2
345 369
1 14 2
120 771
1 5 2
510 556
1 7 2
20 522
1 16 2
249 769
1 5 2
49 237
1 7 2
155 291
1 10 2
37 698
1 8 2
378 750
1 14 2
132 549
1 12 2
136 734
1 8 2
365 428
1 8 2
226 624
1 16 2
247 465
1 10 2
38 335
1 15 2
397 566
1 19 2
17 294
1 12 2
629 672
1 15 2
634 753
1 12 2
153 664
1 17 2
704 735
1 17 2
298 532
1 4 2
410 697
1 11 2
55 124
1 16 2
154 687
1 9 2
37 612
1 15 2
177 519
1 6 2
202 757
1 10 2
68 734
1 9 2
655 775
1 19 2
126 296
1 15 2
271 330
1 5 2
242 700
1 9 2
39 395
1 14 2
154 491
1 12 2
90 753
1 12 2
488 513
1 13 2
578 752
1 13 2
223 492
1 9 2
48 572
1 13 2
199 428
1 11 2
588 683
1 2 2
1 32
1 12 2
287 778
1 8 2
573 703
1 10 2
564 657
1 10 2
138 275
1 10 2
18 90
1 16 2
228 747
1 16 2
494 562
1 5 2
213 452
1 9 2
467 587
1 10 2
104 364
1 18 2
271 730
1 17 2
347 703
1 16 2
164 180
1 11 2
50 52
1 12 2
280 369
1 9 2
190 685
1 14 2
395 443
1 10 2
367 434
1 11 2
22 184
1 5 2
27 101
1 3 2
322 766
1 16 2
298 631
1 3 2
455 736
1 6 2
33 684
1 13 2
231 763
1 10 2
400 628
1 9 2
351 557
1 9 2
272 576
1 16 2
674 705
1 7 2
513 689
1 10 2
368 480
1 7 2
494 678
1 7 2
595 613
1 11 2
131 221
1 9 2
109 502
1 10 2
208 371
1 10 2
284 403
1 14 2
435 767
1 12 2
123 575
1 19 2
244 307
1 9 2
498 757
1 4 2
267 600
1 12 2
142 221
1 13 2
377 592
1 17 2
114 492
1 11 2
265 559
1 7 2
88 333
1 16 2
194 434
1 13 2
146 402
1 12 2
417 685
1 8 2
8 371
1 4 2
327 558
1 8 2
140 202
1 10 2
247 762
1 17 2
18 345
1 5 2
13 242
1 10 2
375 712
1 18 2
121 609
1 8 2
15 229
1 10 2
568 780
1 10 2
260 469
1 10 2
436 602
1 8 2
101 162
1 13 2
143 689
1 9 2
30 178
1 14 2
164 388
1 14 2
206 427
1 9 2
414 498
1 14 2
50 507
1 7 2
526 648
1 11 2
134 268
1 18 2
120 690
1 5 2
171 231
1 14 2
178 192
1 12 2
30 199
1 9 2
198 488
1 9 2
174 198
1 18 2
271 298
1 9 2
602 634
1 7 2
256 564
1 12 2
447 779
1 9 2
157 773
1 11 2
203 589
1 12 2
100 575
1 6 2
263 582
1 9 2
150 734
1 7 2
612 676
1 10 2
274 481
1 6 2
19 537
1 6 2
660 694
1 15 2
665 706
1 9 2
103 265
1 12 2
491 617
1 13 2
626 793
1 11 2
493 710
1 8 2
6 722
1 9 2
361 617
1 15 2
182 538
1 12 2
345 605
1 16 2
497 676
1 12 2
318 339
1 4 2
238 694
1 10 2
413 577
1 11 2
175 396
1 7 2
385 447
1 8 2
42 797
1 12 2
237 326
1 3 2
137 232
1 11 2
506 680
1 9 2
394 628
1 8 2
301 641
1 7 2
370 728
1 7 2
56 367
1 4 2
165 207
1 11 2
67 447
1 8 2
640 652
1 7 2
157 187
1 18 2
688 795
1 16 2
41 62
1 9 2
732 792
1 6 2
323 358
1 6 2
166 234
1 8 2
11 344
1 14 2
3 188
1 7 2
53 565
1 15 2
150 270
1 15 2
562 596
1 14 2
194 761
1 11 2
217 277
1 9 2
404 458
1 16 2
132 310
1 9 2
84 173
1 13 2
159 340
1 11 2
71 219
1 17 2
439 511
1 11 2
95 740
1 4 2
31 630
1 12 2
290 747
1 13 2
7 761
1 10 2
128 393
1 20 2
3 17
1 13 2
535 713
1 6 2
50 373
1 13 2
175 266
1 19 2
271 443
1 6 2
49 676
1 10 2
46 560
1 8 2
128 167
1 3 2
343 773
1 9 2
103 566
1 6 2
227 234
1 17 2
610 685
1 11 2
393 709
1 15 2
298 526
1 12 2
652 771
1 10 2
254 439
1 13 2
271 288
1 10 2
270 373
1 7 2
87 773
1 13 2
17 22
1 14 2
184 498
1 6 2
607 728
1 13 2
329 549
1 12 2
595 750
1 7 2
30 664
1 16 2
255 432
1 11 2
199 484
1 9 2
146 183
1 15 2
132 590
1 11 2
418 542
1 9 2
29 676
1 15 2
315 350
1 19 2
304 474
1 16 2
351 625
1 10 2
357 432
1 4 2
584 598
1 16 2
54 515
1 11 2
62 518
1 9 2
297 579
1 19 2
606 790
1 13 2
523 685
1 10 2
469 714
1 12 2
498 509
1 14 2
87 480
1 14 2
94 168
1 13 2
346 577
1 9 2
105 157
1 8 2
611 630
1 9 2
35 428
1 13 2
61 740
1 6 2
30 682
1 10 2
425 676
1 4 2
593 734
1 13 2
97 281
1 11 2
220 535
1 7 2
4 608
1 13 2
185 568
1 12 2
255 459
1 15 2
296 340
1 17 2
97 623
1 15 2
132 514
1 15 2
228 311
1 11 2
71 123
1 16 2
685 687
1 13 2
258 418
1 11 2
8 228
1 19 2
310 704
1 9 2
395 422
1 9 2
456 604
1 11 2
157 361
1 13 2
3 750
1 8 2
617 638
1 9 2
546 569
1 7 2
171 631
1 16 2
676 696
1 4 2
343 484
1 4 2
190 253
1 8 2
35 134
1 10 2
286 506
1 6 2
73 417
1 7 2
69 696
1 4 2
457 484
1 8 2
140 334
1 8 2
10 398
1 7 2
165 359
1 13 2
396 590
1 11 2
147 597
1 14 2
71 279
1 11 2
157 282
1 9 2
602 772
1 7 2
398 517
1 11 2
166 497
1 12 2
17 722
1 11 2
270 553
1 13 2
235 596
1 15 2
275 400
1 11 2
124 294
1 10 2
29 440
1 15 2
180 687
1 14 2
12 504
1 7 2
389 538
1 14 2
263 790
1 6 2
71 640
1 16 2
596 688
1 13 2
192 273
1 13 2
275 390
1 3 2
573 683
1 13 2
126 301
1 12 2
99 643
1 9 2
266 483
1 8 2
53 122
1 2 2
42 668
1 9 2
46 164
1 4 2
46 791
1 12 2
120 151
1 5 2
539 605
1 12 2
138 588
1 11 2
249 403
1 11 2
382 707
1 5 2
61 295
1 14 2
174 719
1 9 2
149 277
1 19 2
126 346
1 9 2
212 399
1 10 2
248 280
1 4 2
40 356
1 6 2
341 422
1 9 2
571 795
1 8 2
645 689
1 4 2
105 773
1 13 2
597 609
1 8 2
470 684
1 13 2
413 477
1 18 2
34 482
1 3 2
27 171
1 15 2
302 347
1 11 2
575 599
1 14 2
192 206
1 4 2
404 612
1 13 2
134 398
1 7 2
62 640
1 7 2
529 608
1 13 2
188 294
1 13 2
291 706
1 16 2
437 488
1 4 2
102 773
1 15 2
473 690
1 11 2
592 718
1 6 2
51 583
1 16 2
174 314
1 10 2
297 357
1 10 2
145 553
1 2 2
15 47
1 4 2
324 728
1 11 2
57 549
1 5 2
218 645
1 7 2
265 546
1 9 2
133 446
1 12 2
527 624
1 6 2
372 684
1 5 2
511 521
1 7 2
60 86
1 5 2
5 262
1 4 2
69 200
1 15 2
589 660
1 14 2
497 508
1 14 2
429 592
1 5 2
28 65
1 4 2
57 222
1 10 2
685 694
1 6 2
158 648
1 11 2
71 617
1 10 2
240 777
1 13 2
52 174
1 14 2
89 756
1 17 2
474 623
1 12 2
439 680
1 9 2
432 456
1 11 2
53 313
1 6 2
246 361
1 10 2
126 557
1 6 2
490 574
1 16 2
382 464
1 16 2
439 799
1 8 2
62 167
1 18 2
174 474
1 11 2
245 469
1 7 2
86 130
1 8 2
76 223
1 11 2
6 273
1 13 2
377 460
1 6 2
22 405
1 12 2
34 716
1 8 2
186 323
1 6 2
131 269
1 7 2
477 791
1 17 2
346 394
1 15 2
121 536
1 9 2
596 697
1 12 2
231 626
1 16 2
284 705
1 6 2
167 584
1 8 2
434 768
1 13 2
126 193
1 10 2
178 756
1 10 2
399 769
1 9 2
635 649
1 10 2
228 770
1 7 2
417 780
1 7 2
105 297
1 10 2
406 467
1 14 2
99 158
1 4 2
622 640
1 17 2
58 291
1 7 2
36 208
1 13 2
208 494
1 12 2
696 741
1 10 2
439 448
1 7 2
416 696
1 17 2
2 400
1 8 2
128 522
1 8 2
162 196
1 7 2
479 780
1 16 2
133 731
1 9 2
508 577
1 9 2
29 276
1 6 2
160 328
1 11 2
199 313
1 9 2
208 584
1 6 2
571 664
1 10 2
456 460
1 16 2
375 432
1 8 2
71 141
1 7 2
234 680
1 6 2
233 592
1 11 2
340 436
1 14 2
501 515
1 16 2
164 255
1 7 2
46 755
1 13 2
192 223
1 10 2
687 780
1 18 2
270 709
1 14 2
245 568
1 19 2
375 534
1 17 2
3 294
1 5 2
344 727
1 18 2
114 182
1 2 2
412 679
1 16 2
86 735
1 13 2
223 730
1 4 2
376 470
1 10 2
309 685
1 13 2
234 606
1 11 2
80 164
1 10 2
30 620
1 14 2
419 588
1 18 2
279 350
1 13 2
554 583
1 16 2
331 626
1 12 2
135 142
1 7 2
403 725
1 8 2
103 755
1 14 2
61 345
1 5 2
23 760
1 9 2
185 253
1 14 2
260 296
1 11 2
65 709
1 8 2
80 200
1 11 2
769 787
1 13 2
388 602
1 12 2
133 415
1 12 2
34 286
1 17 2
225 351
1 9 2
144 524
1 8 2
196 464
1 5 2
332 775
1 13 2
428 693
1 15 2
506 790
1 16 2
578 631
1 4 2
214 758
1 9 2
304 748
1 7 2
265 476
1 10 2
288 447
1 8 2
31 271
1 16 2
68 375
1 6 2
57 484
1 5 2
7 671
1 4 2
365 468
1 11 2
154 750
1 8 2
380 426
1 7 2
21 452
1 15 2
310 391
1 7 2
53 552
1 8 2
211 345
1 13 2
21 316
1 15 2
336 519
1 8 2
273 776
1 10 2
97 512
1 17 2
318 487
1 7 2
92 281
1 4 2
368 632
1 14 2
329 704
1 14 2
277 326
1 7 2
623 751
1 9 2
185 365
1 8 2
218 302
1 4 2
319 684
1 12 2
143 481
1 18 2
41 672
1 9 2
624 655
1 9 2
273 584
1 16 2
440 652
1 7 2
20 478
1 15 2
164 562
1 13 2
288 633
1 14 2
257 531
1 12 2
89 328
1 11 2
166 439
1 9 2
385 514
1 8 2
580 716
1 9 2
441 595
1 6 2
380 762
1 9 2
59 540
1 7 2
4 201
1 17 2
560 701
1 11 2
227 701
1 15 2
150 589
1 16 2
494 514
1 11 2
272 369
1 10 2
246 388
1 8 2
600 676
1 10 2
440 645
1 13 2
569 666
1 10 2
478 717
1 12 2
139 331
1 10 2
427 628
1 14 2
606 755
1 12 2
176 231
1 9 2
467 598
1 5 2
260 333
1 10 2
320 763
1 11 2
228 796
1 7 2
79 681
1 4 2
98 425
1 5 2
645 726
1 10 2
184 253
1 9 2
68 82
1 15 2
91 578
1 10 2
249 722
1 13 2
279 647
1 12 2
310 365
1 15 2
52 310
1 9 2
590 774
1 14 2
731 752
1 12 2
191 604
1 9 2
328 777
1 5 2
574 634
1 12 2
477 607
1 8 2
234 288
1 7 2
599 725
1 15 2
337 402
1 7 2
61 338
1 13 2
369 436
1 15 2
245 652
1 12 2
258 622
1 14 2
231 318
1 8 2
180 528
1 10 2
101 454
1 17 2
532 709
1 8 2
26 779
1 9 2
616 796
1 8 2
109 597
1 6 2
137 146
1 16 2
21 348
1 8 2
382 737
1 15 2
58 323
1 10 2
126 389
1 9 2
368 500
1 15 2
440 462
1 8 2
421 531
1 10 2
45 317
1 4 2
190 238
1 9 2
177 335
1 8 2
475 766
1 11 2
507 655
1 11 2
469 793
1 16 2
492 792
1 2 2
574 670
1 18 2
316 609
1 18 2
54 488
1 8 2
489 608
1 16 2
256 348
1 8 2
350 433
1 12 2
711 775
1 9 2
85 743
1 5 2
261 630
1 15 2
279 535
1 14 2
270 643
1 10 2
554 699
1 10 2
11 325
1 9 2
109 764
1 14 2
12 104
1 12 2
168 663
1 9 2
304 670
1 16 2
279 440
1 15 2
175 274
1 12 2
176 370
1 8 2
136 613
1 13 2
62 265
1 12 2
505 568
1 12 2
442 714
1 10 2
307 765
1 4 2
96 103
1 9 2
463 650
1 14 2
93 242
1 7 2
312 478
1 11 2
163 477
1 7 2
83 388
1 11 2
620 720
1 6 2
533 765
1 6 2
166 238
1 12 2
172 588
1 18 2
345 633
1 5 2
733 734
1 11 2
126 355
1 15 2
260 685
1 8 2
523 599
1 10 2
380 505
1 11 2
183 225
1 12 2
175 231
1 15 2
263 572
1 15 2
91 566
1 20 2
63 606
1 14 2
6 390
1 7 2
272 611
1 16 2
6 143
1 12 2
67 305
1 13 2
62 390
1 12 2
173 400
1 9 2
124 568
1 13 2
310 393
1 7 2
389 649
1 13 2
93 642
1 9 2
234 576
1 5 2
565 641
1 10 2
121 619
1 8 2
68 700
1 14 2
145 485
1 9 2
87 404
1 3 2
233 702
1 18 2
589 731
1 10 2
245 272
1 5 2
44 473
1 15 2
237 633
1 18 2
350 369
1 10 2
245 692
1 11 2
8 38
1 6 2
265 327
1 11 2
311 414
1 5 2
19 426
1 10 2
373 606
1 15 2
176 331
1 12 2
396 398
1 16 2
270 432
1 9 2
349 672
1 6 2
173 529
1 12 2
52 176
1 9 2
94 584
1 10 2
150 618
1 17 2
434 491
1 7 2
558 718
1 20 2
97 350
1 9 2
78 273
1 8 2
287 479
1 5 2
343 577
1 7 2
240 415
1 13 2
11 337
1 12 2
350 403
1 10 2
331 366
1 16 2
53 676
1 12 2
92 310
1 11 2
393 717
1 5 2
195 597
1 18 2
224 346
1 10 2
57 185
1 13 2
124 126
1 9 2
660 771
1 12 2
413 509
1 16 2
185 331
1 14 2
588 721
1 16 2
62 595
1 9 2
506 541
1 8 2
257 780
1 5 2
530 583
1 10 2
377 470
1 11 2
579 631
1 14 2
442 779
1 10 2
398 481
1 4 2
101 195
1 10 2
213 310
1 7 2
449 507
1 13 2
363 739
1 3 2
198 543
1 14 2
11 730
1 13 2
296 308
1 16 2
120 277
1 14 2
329 492
1 12 2
174 523
1 4 2
614 762
1 13 2
252 439
1 8 2
464 727
1 8 2
40 128
1 3 2
431 573
1 10 2
636 724
1 13 2
316 428
1 6 2
527 598
1 16 2
258 642
1 10 2
294 551
1 18 2
17 575
1 14 2
388 779
1 12 2
153 663
1 9 2
34 782
1 11 2
143 564
1 13 2
255 371
1 3 2
368 386
1 14 2
18 510
1 12 2
91 163
1 8 2
67 550
1 15 2
140 532
1 9 2
73 440
1 8 2
29 526
1 11 2
37 702
1 13 2
45 645
1 3 2
463 640
1 8 2
334 591
1 13 2
470 590
1 8 2
351 668
1 10 2
250 431
1 9 2
41 679
1 14 2
330 501
1 10 2
259 331
1 14 2
157 745
1 12 2
66 139
1 17 2
501 633
1 7 2
128 333
1 6 2
338 377
1 11 2
594 665
1 15 2
184 432
1 6 2
16 792
1 10 2
135 755
1 15 2
351 548
1 7 2
352 577
1 4 2
749 787
1 14 2
184 290
1 9 2
33 201
1 8 2
639 688
1 10 2
154 734
1 15 2
61 499
1 5 2
680 698
1 10 2
342 744
1 6 2
47 536
1 8 2
603 709
1 16 2
542 778
1 8 2
682 747
1 16 2
708 788
1 9 2
182 773
1 3 2
233 513
1 16 2
326 519
1 8 2
445 792
1 16 2
17 370
1 12 2
347 793
1 8 2
549 729
1 13 2
123 572
1 11 2
231 788
1 9 2
428 780
1 6 2
332 754
1 10 2
454 533
1 8 2
466 745
1 10 2
415 506
1 17 2
34 454
1 10 2
399 790
1 5 2
605 639
1 5 2
60 223
1 7 2
315 586
1 9 2
284 365
1 16 2
136 337
1 4 2
69 430
1 9 2
268 393
1 8 2
384 778
1 10 2
42 271
1 17 2
693 753
1 13 2
41 645
1 15 2
608 609
1 5 2
0 558
1 11 2
315 625
1 11 2
156 763
1 8 2
78 272
1 17 2
534 604
1 16 2
266 633
1 9 2
741 756
1 6 2
232 428
1 19 2
120 525
1 11 2
346 594
1 16 2
54 616
1 4 2
129 233
1 15 2
38 268
1 12 2
164 538
1 7 2
178 728
1 9 2
439 565
1 13 2
510 742
1 5 2
173 782
1 8 2
316 712
1 11 2
380 779
1 10 2
119 414
1 14 2
326 740
1 12 2
59 178
1 11 2
217 709
1 6 2
342 756
1 12 2
220 302
1 10 2
180 227
1 14 2
624 735
1 13 2
275 526
1 8 2
453 715
1 12 2
350 493
1 15 2
52 346
1 10 2
131 263
1 11 2
114 666
1 9 2
186 681
1 3 2
0 723
1 7 2
466 760
1 16 2
549 696
1 6 2
295 792
1 9 2
531 670
1 4 2
455 691
1 11 2
180 200
1 4 2
166 198
1 15 2
709 769
1 7 2
130 604
1 12 2
569 757
1 9 2
502 706
1 6 2
105 597
1 8 2
163 297
1 15 2
177 247
1 8 2
55 539
1 6 2
525 651
1 16 2
136 745
1 2 2
210 582
1 13 2
178 370
1 13 2
276 491
1 4 2
207 697
1 9 2
169 265
1 11 2
304 622
1 9 2
499 546
1 11 2
602 745
1 9 2
249 637
1 17 2
184 316
1 7 2
537 553
1 18 2
497 534
1 9 2
51 482
1 9 2
474 654
1 9 2
592 748
1 18 2
41 696
1 7 2
0 325
1 6 2
176 751
1 6 2
378 478
1 5 2
722 758
1 20 2
63 143
1 6 2
349 634
1 15 2
150 769
1 12 2
201 256
1 17 2
284 761
1 6 2
65 141
1 7 2
191 579
1 4 2
187 796
1 15 2
230 340
1 9 2
305 418
1 7 2
37 362
1 17 2
633 742
1 10 2
142 771
1 9 2
535 675
1 13 2
244 591
1 4 2
113 561
1 15 2
54 305
1 15 2
43 591
1 8 2
469 772
1 15 2
284 494
1 11 2
359 578
1 13 2
78 230
1 7 2
392 597
1 9 2
772 777
1 7 2
493 647
1 12 2
606 645
1 7 2
107 535
1 11 2
296 622
1 10 2
616 734
1 10 2
247 381
1 14 2
427 429
1 10 2
46 369
1 9 2
413 584
1 12 2
206 377
1 7 2
516 702
1 14 2
97 140
1 10 2
68 680
1 14 2
126 781
1 6 2
70 273
1 16 2
68 199
1 12 2
346 399
1 4 2
358 689
1 20 2
255 701
1 15 2
439 625
1 15 2
345 394
1 8 2
94 169
1 13 2
77 330
1 8 2
191 725
1 15 2
592 620
1 6 2
175 319
1 13 2
257 701
1 14 2
263 302
1 11 2
494 692
1 6 2
556 793
1 14 2
465 705
1 8 2
356 432
1 10 2
140 607
1 14 2
318 577
1 14 2
61 482
1 15 2
104 492
1 10 2
458 641
1 14 2
114 266
1 7 2
357 399
1 9 2
271 530
1 5 2
630 782
1 9 2
458 784
1 14 2
134 346
1 16 2
397 462
1 11 2
516 735
1 11 2
136 712
1 6 2
396 512
1 12 2
33 633
1 7 2
653 779
1 7 2
177 738
1 12 2
657 662
1 10 2
225 404
1 7 2
487 785
1 11 2
271 365
1 14 2
12 672
1 18 2
331 346
1 11 2
290 315
1 12 2
394 643
1 17 2
17 77
1 16 2
442 693
1 16 2
37 542
1 8 2
280 422
1 17 2
429 474
1 11 2
313 572
1 10 2
220 779
1 15 2
53 626
1 6 2
146 196
1 8 2
396 718
1 18 2
86 703
1 15 2
566 778
1 11 2
202 696
1 13 2
394 510
1 9 2
530 795
1 7 2
407 625
1 12 2
256 747
1 4 2
262 661
1 11 2
77 242
1 14 2
274 576
1 10 2
647 687
1 3 2
342 587
1 17 2
501 739
1 13 2
548 578
1 13 2
515 624
1 17 2
3 592
1 12 2
462 760
1 17 2
201 434
1 15 2
271 458
1 8 2
21 35
1 16 2
337 488
1 14 2
248 626
1 10 2
102 144
1 5 2
140 593
1 16 2
53 604
1 9 2
294 698
1 5 2
436 789
1 12 2
460 642
1 5 2
116 231
1 14 2
630 633
1 13 2
202 434
1 6 2
264 715
1 9 2
121 495
1 6 2
414 547
1 7 2
4 527
1 8 2
36 56
1 8 2
26 188
1 17 2
369 497
1 2 2
438 521
1 16 2
153 487
1 3 2
496 773
1 6 2
19 334
1 7 2
339 364
1 4 2
24 653
1 17 2
63 284
1 12 2
591 763
1 2 2
723 759
1 10 2
314 758
1 5 2
689 774
1 14 2
439 607
1 13 2
164 305
1 12 2
156 182
1 8 2
721 781
1 12 2
172 665
1 7 2
204 674
1 8 2
237 246
1 10 2
4 157
1 10 2
487 718
1 9 2
487 746
1 15 2
159 224
1 10 2
183 432
1 7 2
317 747
1 7 2
65 415
1 7 2
621 710
1 12 2
290 432
1 17 2
18 631
1 8 2
287 541
1 4 2
130 406
1 17 2
394 708
1 13 2
97 431
1 15 2
3 142
1 16 2
62 710
1 9 2
63 441
1 13 2
242 462
1 8 2
345 785
1 6 2
553 781
1 9 2
54 614
1 7 2
98 560
1 20 2
34 753
1 16 2
348 490
1 4 2
344 544
1 14 2
93 325
1 16 2
245 708
1 9 2
50 273
1 7 2
444 508
1 7 2
172 422
1 5 2
404 712
1 11 2
509 605
1 9 2
602 630
1 7 2
165 419
1 16 2
3 536
1 14 2
225 275
1 10 2
11 359
1 8 2
154 512
1 9 2
203 394
1 6 2
403 459
1 13 2
234 753
1 10 2
17 269
1 14 2
54 158
1 3 2
401 521
1 12 2
474 781
1 9 2
454 796
1 9 2
143 319
1 6 2
236 505
1 6 2
459 622
1 9 2
160 515
1 9 2
423 424
1 6 2
623 768
1 9 2
234 775
1 12 2
0 569
1 12 2
34 238
1 10 2
415 745
1 9 2
325 597
1 14 2
62 604
1 14 2
128 462
1 16 2
499 696
1 16 2
54 402
1 3 2
450 455
1 9 2
603 704
1 17 2
310 429
1 8 2
1 572
1 16 2
228 275
1 8 2
703 723
1 11 2
568 714
1 14 2
245 510
1 4 2
452 691
1 15 2
340 665
1 15 2
507 788
1 13 2
337 538
1 5 2
110 140
1 14 2
265 792
1 10 2
434 495
1 13 2
6 509
1 5 2
96 720
1 11 2
303 311
1 7 2
30 781
1 11 2
523 735
1 8 2
307 585
1 9 2
59 191
1 5 2
267 724
1 11 2
7 145
1 20 2
41 703
1 16 2
402 616
1 4 2
14 725
1 9 2
4 345
1 9 2
170 657
1 5 2
96 391
1 18 2
507 778
1 3 2
301 581
1 13 2
323 572
1 7 2
329 648
1 11 2
422 566
1 12 2
227 534
1 18 2
157 247
1 11 2
288 652
1 16 2
66 482
1 6 2
125 526
1 14 2
458 778
1 9 2
385 460
1 15 2
180 411
1 13 2
178 473
1 12 2
253 382
1 11 2
572 776
1 5 2
48 395
1 3 2
36 410
1 12 2
533 688
1 11 2
502 538
1 6 2
147 353
1 9 2
305 399
1 10 2
168 493
1 8 2
227 305
1 14 2
434 502
1 4 2
22 573
1 12 2
220 735
1 18 2
318 554
1 8 2
576 783
1 12 2
17 758
1 12 2
102 739
1 8 2
146 280
1 9 2
344 525
1 10 2
77 364
1 6 2
353 487
1 13 2
68 315
1 15 2
224 742
1 12 2
140 245
1 11 2
492 655
1 8 2
123 584
1 16 2
53 249
1 10 2
417 506
1 10 2
506 516
1 15 2
12 623
1 5 2
579 632
1 8 2
9 742
1 5 2
683 746
1 9 2
512 701
1 12 2
2 734
1 10 2
470 625
1 6 2
286 366
1 9 2
231 288
1 6 2
85 707
1 11 2
163 397
1 9 2
385 690
1 17 2
37 168
1 15 2
428 531
1 5 2
21 503
1 7 2
393 772
1 11 2
88 287
1 16 2
443 740
1 17 2
157 443
1 4 2
445 627
1 13 2
66 642
1 10 2
465 599
1 14 2
331 711
1 7 2
226 771
1 9 2
81 180
1 3 2
644 651
1 4 2
547 683
1 17 2
12 63
1 5 2
759 767
1 9 2
369 539
1 14 2
231 369
1 8 2
21 238
1 12 2
225 260
1 14 2
265 284
1 18 2
118 592
1 5 2
600 702
1 8 2
109 479
1 7 2
119 239
1 16 2
351 511
1 16 2
168 578
1 5 2
597 658
1 11 2
39 208
1 13 2
415 588
1 17 2
439 674
1 8 2
424 574
1 19 2
375 685
1 7 2
167 660
1 11 2
82 394
1 8 2
391 784
1 10 2
200 314
1 12 2
750 795
1 9 2
24 274
1 16 2
168 345
1 6 2
618 619
1 13 2
68 242
1 11 2
347 673
1 18 2
350 631
1 8 2
271 421
1 10 2
114 520
1 7 2
303 762
1 13 2
192 673
1 14 2
147 477
1 10 2
46 482
1 5 2
389 523
1 15 2
589 714
1 7 2
173 420
1 13 2
147 500
1 18 2
480 588
1 4 2
205 280
1 3 2
354 461
1 16 2
606 642
1 4 2
69 699
1 15 2
531 788
1 16 2
318 775
1 11 2
702 709
1 9 2
405 740
1 14 2
413 531
1 6 2
87 96
1 13 2
605 657
1 10 2
681 689
1 7 2
429 612
1 7 2
40 647
1 12 2
364 514
1 15 2
769 793
1 8 2
262 560
1 15 2
120 266
1 10 2
120 441
1 6 2
261 268
1 7 2
447 712
1 17 2
58 542
1 8 2
103 625
1 7 2
239 793
1 7 2
198 208
1 17 2
212 382
1 17 2
382 596
1 12 2
641 693
1 13 2
527 717
1 7 2
494 556
1 9 2
495 542
1 6 2
12 321
1 13 2
185 580
1 7 2
527 700
1 19 2
38 588
1 10 2
687 784
1 12 2
519 692
1 8 2
269 302
1 11 2
182 783
1 17 2
97 388
1 13 2
398 422
1 10 2
25 754
1 10 2
638 657
1 13 2
331 391
1 9 2
11 238
1 7 2
216 517
1 10 2
52 287
1 15 2
147 369
1 14 2
258 378
1 6 2
419 557
1 14 2
469 703
1 6 2
200 403
1 11 2
459 795
1 7 2
520 523
1 10 2
636 673
1 11 2
548 793
1 15 2
562 626
1 9 2
211 534
1 8 2
540 742
1 18 2
534 631
1 16 2
178 296
1 14 2
182 680
1 10 2
126 748
1 12 2
271 664
1 11 2
286 708
1 15 2
176 435
1 12 2
296 680
1 9 2
159 456
1 15 2
336 761
1 15 2
41 713
1 16 2
157 374
1 12 2
34 282
1 9 2
304 530
1 9 2
39 363
1 4 2
393 786
1 6 2
510 658
1 13 2
427 538
1 6 2
611 727
1 12 2
55 173
1 16 2
347 739
1 5 2
680 712
1 8 2
46 256
1 3 2
49 405
1 7 2
4 428
1 10 2
174 246
1 10 2
181 350
1 14 2
391 744
1 5 2
401 444
1 7 2
362 672
1 5 2
35 712
1 7 2
497 723
1 9 2
488 637
1 7 2
487 729
1 13 2
428 626
1 11 2
89 765
1 10 2
5 212
1 10 2
320 761
1 12 2
504 721
1 16 2
55 302
1 8 2
320 799
1 12 2
575 721
1 10 2
175 417
1 10 2
217 767
1 9 2
4 284
1 17 2
485 701
1 14 2
134 400
1 10 2
156 506
1 13 2
531 597
1 9 2
147 444
1 8 2
161 790
1 8 2
521 534
1 13 2
318 660
1 8 2
628 788
1 9 2
26 212
1 4 2
280 496
1 6 2
570 645
1 13 2
39 696
1 15 2
37 626
1 13 2
350 378
1 14 2
154 370
1 7 2
210 777
1 10 2
20 673
1 7 2
239 485
1 6 2
426 466
1 12 2
120 399
1 5 2
283 702
1 13 2
499 548
1 6 2
124 796
1 18 2
53 258
1 9 2
571 708
1 20 2
182 739
1 9 2
563 714
1 6 2
80 547
1 11 2
695 753
1 11 2
217 620
1 12 2
178 714
1 15 2
258 779
1 7 2
122 337
1 5 2
484 558
1 13 2
219 688
1 6 2
40 776
1 11 2
253 739
1 17 2
230 549
1 6 2
129 732
1 3 2
205 254
1 14 2
277 704
1 11 2
339 769
1 10 2
177 395
1 17 2
249 369
1 19 2
97 549
1 19 2
54 136
1 5 2
7 167
1 13 2
147 752
1 16 2
525 562
1 14 2
275 549
1 6 2
22 628
1 6 2
156 253
1 16 2
147 488
1 5 2
217 759
1 15 2
437 515
1 17 2
507 610
1 13 2
361 569
1 11 2
560 776
1 11 2
2 540
1 14 2
185 326
1 13 2
87 475
1 7 2
259 292
1 9 2
586 596
1 9 2
176 299
1 19 2
118 652
1 13 2
265 777
1 13 2
153 643
1 6 2
26 361
1 10 2
46 519
1 6 2
14 265
1 4 2
46 707
1 12 2
258 368
1 10 2
364 509
1 15 2
311 398
1 7 2
19 649
1 4 2
179 455
1 20 2
310 606
1 14 2
89 607
1 10 2
337 630
1 14 2
249 460
1 12 2
111 610
1 6 2
561 724
1 17 2
270 752
1 12 2
235 265
1 11 2
394 597
1 3 2
353 722
1 6 2
357 662
1 3 2
300 544
1 6 2
68 768
1 11 2
683 769
1 17 2
397 590
1 5 2
60 689
1 14 2
68 337
1 4 2
565 570
1 18 2
63 690
1 13 2
106 741
1 9 2
289 704
1 17 2
337 703
1 12 2
145 643
1 17 2
440 797
1 5 2
167 381
1 17 2
314 345
1 12 2
202 685
1 12 2
144 776
1 10 2
541 575
1 10 2
313 626
1 5 2
366 417
1 10 2
559 779
1 7 2
262 538
1 9 2
164 272
1 9 2
299 566
1 7 2
206 669
1 8 2
100 124
1 11 2
11 649
1 15 2
237 296
1 9 2
371 577
1 14 2
340 462
1 6 2
484 518
1 7 2
231 707
1 10 2
164 675
1 9 2
256 563
1 9 2
176 682
1 5 2
459 691
1 5 2
520 726
1 11 2
364 506
1 5 2
146 615
1 8 2
423 572
1 9 2
475 484
1 11 2
53 364
1 8 2
632 788
1 8 2
251 425
1 11 2
144 365
1 11 2
302 537
1 12 2
469 504
1 7 2
191 272
1 17 2
54 298
1 15 2
12 754
1 14 2
128 504
1 16 2
34 231
1 16 2
268 424
1 12 2
228 645
1 6 2
28 146
1 12 2
133 611
1 19 2
244 474
1 13 2
428 717
1 11 2
104 414
1 12 2
508 672
1 5 2
31 94
1 9 2
338 351
1 8 2
168 197
1 15 2
53 740
1 3 2
48 639
1 12 2
158 510
1 14 2
693 777
1 18 2
250 318
1 15 2
162 424
1 8 2
195 462
1 5 2
70 721
1 10 2
279 529
1 10 2
135 328
1 20 2
133 753
1 7 2
388 640
1 5 2
85 557
1 8 2
523 692
1 12 2
363 497
1 17 2
705 795
1 14 2
86 128
1 17 2
247 497
1 12 2
27 701
1 6 2
267 312
1 13 2
443 689
1 10 2
475 579
1 10 2
579 623
1 10 2
465 673
1 5 2
436 545
1 17 2
55 91
1 3 2
207 669
1 15 2
121 511
1 9 2
169 464
1 10 2
395 649
1 9 2
119 459
1 17 2
350 797
1 10 2
30 221
1 7 2
185 543
1 15 2
3 223
1 5 2
254 489
1 8 2
101 548
1 14 2
224 538
1 14 2
58 756
1 15 2
424 681
1 15 2
411 474
1 9 2
107 345
1 14 2
265 525
1 5 2
680 751
1 3 2
49 787
1 5 2
179 781
1 14 2
201 676
1 5 2
124 226
1 6 2
389 602
1 18 2
606 610
1 7 2
265 770
1 5 2
155 371
1 6 2
284 449
1 9 2
21 272
1 17 2
271 402
1 9 2
246 799
1 12 2
67 752
1 10 2
163 676
1 11 2
37 426
1 7 2
379 575
1 4 2
410 780
1 2 2
28 44
1 13 2
17 191
1 17 2
304 482
1 12 2
134 263
1 9 2
168 463
1 9 2
397 461
1 11 2
390 602
1 13 2
576 687
1 9 2
312 618
1 18 2
126 631
1 10 2
18 698
1 8 2
88 765
1 14 2
245 747
1 16 2
3 61
1 14 2
330 398
1 12 2
53 378
1 11 2
95 119
1 15 2
591 665
1 11 2
50 162
1 9 2
281 336
1 8 2
316 603
1 8 2
375 749
1 7 2
74 788
1 4 2
205 776
1 6 2
577 732
1 10 2
40 492
1 4 2
267 335
1 4 2
322 361
1 7 2
372 380
1 3 2
539 547
1 18 2
126 249
1 10 2
46 676
1 16 2
731 754
1 10 2
17 653
1 2 2
233 354
1 5 2
281 766
1 14 2
672 740
1 7 2
218 792
1 3 2
115 455
1 7 2
470 553
1 11 2
518 672
1 7 2
25 33
1 18 2
304 369
1 14 2
54 340
1 8 2
165 715
1 13 2
6 793
1 4 2
328 565
1 12 2
527 602
1 11 2
50 77
1 16 2
590 623
1 9 2
218 795
1 17 2
562 696
1 6 2
160 757
1 15 2
497 799
1 13 2
119 442
1 14 2
61 159
1 4 2
169 729
1 10 2
9 562
1 5 2
203 796
1 9 2
372 713
1 9 2
73 696
1 15 2
62 345
1 8 2
122 304
1 12 2
649 777
1 14 2
485 560
1 5 2
205 673
1 11 2
172 228
1 9 2
207 255
1 13 2
396 507
1 18 2
345 744
1 18 2
620 633
1 9 2
132 299
1 11 2
88 502
1 9 2
143 322
1 18 2
488 514
1 15 2
256 346
1 4 2
163 582
1 11 2
439 551
1 11 2
131 162
1 11 2
147 743
1 8 2
601 706
1 11 2
255 366
1 9 2
140 188
1 14 2
126 364
1 6 2
259 404
1 4 2
699 722
1 13 2
123 318
1 3 2
322 683
1 13 2
89 518
1 15 2
126 347
1 17 2
97 511
1 14 2
133 752
1 10 2
50 647
1 7 2
241 480
1 6 2
275 736
1 14 2
158 375
1 9 2
508 756
1 17 2
18 53
1 16 2
279 284
1 4 2
356 594
1 11 2
735 757
1 4 2
46 565
1 14 2
491 575
1 7 2
154 637
1 10 2
8 148
1 13 2
25 120
1 13 2
350 756
1 14 2
442 799
1 14 2
704 775
1 8 2
7 339
1 9 2
124 510
1 12 2
351 399
1 6 2
205 745
1 8 2
191 655
1 16 2
296 454
1 16 2
38 623
1 7 2
123 240
1 9 2
13 182
1 18 2
351 797
1 10 2
153 401
1 16 2
68 696
1 6 2
299 702
1 11 2
200 588
1 14 2
500 676
1 9 2
4 735
1 9 2
89 205
1 4 2
523 723
1 13 2
43 417
1 10 2
462 579
1 9 2
151 625
1 5 2
313 489
1 14 2
11 592
1 8 2
287 365
1 15 2
56 121
1 9 2
71 483
1 14 2
89 415
1 10 2
76 88
1 8 2
341 575
1 6 2
355 431
1 7 2
53 679
1 16 2
345 514
1 12 2
316 436
1 18 2
375 562
1 13 2
118 380
1 15 2
526 685
1 9 2
235 306
1 11 2
273 576
1 9 2
63 262
1 7 2
469 796
1 10 2
122 531
1 5 2
152 447
1 9 2
4 180
1 13 2
39 549
1 17 2
511 665
1 16 2
402 708
1 17 2
62 120
1 7 2
177 571
1 14 2
119 595
1 8 2
646 771
1 15 2
88 229
1 8 2
460 726
1 10 2
172 402
1 8 2
20 426
1 5 2
79 131
1 17 2
120 740
1 4 2
639 691
1 2 2
322 556
1 12 2
86 237
1 4 2
30 658
1 8 2
207 443
1 8 2
36 742
1 5 2
530 646
1 6 2
138 438
1 10 2
272 731
1 17 2
566 606
1 9 2
136 384
1 19 2
106 657
1 15 2
134 350
1 17 2
507 731
1 3 2
196 654
1 1 2
32 450
1 15 2
284 460
1 18 2
91 255
1 13 2
395 595
1 18 2
63 174
1 9 2
335 788
1 14 2
440 509
1 13 2
208 754
1 16 2
168 460
1 5 2
217 600
1 8 2
501 726
1 11 2
33 66
1 5 2
423 605
1 12 2
487 607
1 17 2
250 488
1 8 2
275 539
1 18 2
63 244
1 20 2
474 701
1 6 2
29 399
1 7 2
40 256
1 12 2
149 228
1 5 2
73 698
1 11 2
426 704
1 15 2
400 693
1 12 2
499 725
1 10 2
642 714
1 9 2
140 426
1 9 2
514 694
1 11 2
139 623
1 12 2
61 260
1 10 2
418 704
1 12 2
59 505
1 12 2
111 705
1 15 2
97 458
1 12 2
221 643
1 5 2
611 773
1 15 2
554 714
1 8 2
21 387
1 5 2
95 614
1 11 2
326 419
1 10 2
219 527
1 10 2
562 683
1 19 2
43 696
1 16 2
350 370
1 16 2
121 515
1 6 2
452 605
1 5 2
389 646
1 16 2
17 231
1 5 2
253 544
1 6 2
649 759
1 6 2
277 567
1 9 2
281 548
1 9 2
511 628
1 14 2
500 538
1 11 2
303 388
1 4 2
478 728
1 13 2
257 761
1 4 2
125 746
1 5 2
299 407
1 14 2
369 377
1 4 2
587 627
1 11 2
52 142
1 9 2
128 734
1 9 2
347 577
1 15 2
336 554
1 9 2
608 622
1 16 2
247 398
1 6 2
332 649
1 11 2
136 186
1 14 2
11 515
1 13 2
377 397
1 9 2
484 500
1 20 2
184 744
1 19 2
17 228
1 9 2
103 315
1 12 2
572 641
1 8 2
323 483
1 18 2
86 182
1 12 2
469 708
1 6 2
233 799
1 8 2
260 478
1 14 2
427 535
1 4 2
200 639
1 17 2
369 769
1 14 2
6 487
1 7 2
175 736
1 11 2
475 646
1 6 2
113 548
1 7 2
380 495
1 8 2
598 633
1 18 2
89 735
1 11 2
238 609
1 16 2
434 464
1 11 2
310 691
1 3 2
152 691
1 8 2
165 268
1 19 2
270 350
1 17 2
135 310
1 7 2
242 344
1 4 2
421 513
1 8 2
137 705
1 18 2
569 730
1 5 2
44 242
1 8 2
364 414
1 14 2
506 568
1 7 2
199 214
1 18 2
63 515
1 10 2
234 687
1 7 2
596 671
1 8 2
106 278
1 5 2
151 639
1 10 2
86 644
1 7 2
391 662
1 5 2
90 342
1 17 2
247 652
1 15 2
525 542
1 12 2
580 607
1 13 2
260 693
1 13 2
2 75
1 6 2
344 405
1 8 2
19 792
1 7 2
14 284
1 13 2
590 641
1 7 2
157 552
1 6 2
67 555
1 11 2
163 610
1 13 2
65 701
1 14 2
256 763
1 16 2
106 185
1 11 2
437 771
1 9 2
240 390
1 14 2
61 86
1 15 2
18 132
1 12 2
281 778
1 8 2
188 772
1 8 2
289 294
1 19 2
3 304
1 4 2
146 686
1 13 2
80 397
1 6 2
241 604
1 5 2
116 740
1 7 2
47 143
1 9 2
478 578
1 6 2
7 259
1 10 2
282 595
1 11 2
86 109
1 8 2
511 512
1 11 2
597 705
1 19 2
480 665
1 15 2
514 731
1 8 2
116 497
1 16 2
397 592
1 15 2
318 329
1 6 2
72 92
1 13 2
730 760
1 6 2
361 387
1 6 2
68 686
1 18 2
388 701
1 8 2
387 429
1 11 2
604 618
1 10 2
411 629
1 8 2
213 510
1 11 2
21 602
1 10 2
244 586
1 14 2
2 636
1 9 2
26 88
1 20 2
296 382
1 5 2
502 658
1 15 2
99 192
1 18 2
504 589
1 8 2
588 614
1 12 2
52 436
1 10 2
20 297
1 15 2
265 439
1 11 2
84 711
1 14 2
501 626
1 10 2
273 642
1 14 2
592 687
1 17 2
248 606
1 2 2
171 557
1 5 2
101 254
1 8 2
111 579
1 9 2
274 547
1 7 2
57 72
1 7 2
399 643
1 20 2
657 769
1 14 2
589 771
1 9 2
232 474
1 11 2
304 417
1 12 2
52 201
1 12 2
21 713
1 6 2
177 789
1 11 2
312 509
1 16 2
61 97
1 11 2
515 597
1 10 2
27 168
1 7 2
317 674
1 8 2
95 630
1 12 2
761 767
1 13 2
255 414
1 12 2
469 693
1 11 2
553 739
1 7 2
520 597
1 16 2
526 710
1 18 2
199 730
1 15 2
491 735
1 11 2
711 756
1 6 2
660 691
1 8 2
396 479
1 11 2
372 477
1 10 2
84 159
1 15 2
440 620
1 11 2
776 797
1 6 2
112 580
1 13 2
62 311
1 4 2
191 667
1 8 2
294 789
1 13 2
119 705
1 6 2
83 508
1 12 2
605 704
1 11 2
141 271
1 13 2
731 793
1 16 2
68 797
1 4 2
262 757
1 7 2
260 594
1 11 2
184 405
1 8 2
145 243
1 7 2
66 319
1 6 2
95 186
1 5 2
36 550
1 13 2
263 626
1 12 2
133 597
1 11 2
371 510
1 9 2
263 313
1 9 2
139 266
1 9 2
330 420
1 14 2
120 173
1 7 2
294 613
1 10 2
370 393
1 14 2
665 721
1 5 2
80 661
1 12 2
216 563
1 8 2
206 734
1 10 2
373 439
1 6 2
276 751
1 10 2
20 194
1 13 2
326 329
1 6 2
598 713
1 12 2
590 660
1 13 2
346 469
1 8 2
500 661
1 18 2
534 730
1 7 2
40 498
1 9 2
99 544
1 19 2
650 710
1 17 2
136 475
1 13 2
292 302
1 11 2
103 174
1 8 2
391 646
1 16 2
126 458
1 14 2
271 312
1 8 2
36 473
1 15 2
119 588
1 6 2
293 602
1 10 2
71 223
1 5 2
327 659
1 18 2
43 731
1 12 2
436 549
1 10 2
405 799
1 8 2
593 708
1 10 2
292 719
1 6 2
516 682
1 6 2
107 363
1 10 2
75 229
1 14 2
248 681
1 15 2
175 592
1 15 2
270 548
1 15 2
294 511
1 7 2
209 268
1 12 2
604 714
1 14 2
228 237
1 7 2
105 526
1 9 2
91 762
1 5 2
251 446
1 16 2
128 609
1 7 2
164 285
1 7 2
581 704
1 13 2
89 601
1 3 2
187 627
1 8 2
397 613
1 6 2
516 707
1 9 2
242 559
1 8 2
130 674
1 17 2
216 250
1 7 2
0 20
1 18 2
118 398
1 4 2
406 748
1 7 2
172 395
1 10 2
594 610
1 6 2
325 774
1 16 2
68 192
1 17 2
284 730
1 10 2
340 563
1 6 2
472 659
1 10 2
398 594
1 8 2
458 716
1 10 2
302 628
1 9 2
208 641
1 17 2
126 676
1 18 2
249 350
1 10 2
177 611
1 10 2
460 702
1 8 2
165 432
1 14 2
38 50
1 5 2
98 266
1 9 2
172 549
1 12 2
3 103
1 11 2
166 633
1 17 2
704 705
1 18 2
279 739
1 7 2
493 533
1 10 2
391 741
1 8 2
164 209
1 6 2
61 545
1 11 2
272 480
1 6 2
134 782
1 15 2
274 566
1 14 2
212 515
1 14 2
121 340
1 8 2
113 174
1 13 2
329 515
1 9 2
356 487
1 15 2
128 482
1 8 2
383 583
1 8 2
213 340
1 11 2
248 756
1 12 2
310 601
1 13 2
43 724
1 5 2
237 640
1 17 2
91 542
1 12 2
247 655
1 8 2
4 52
1 3 2
389 530
1 8 2
460 529
1 9 2
75 548
1 11 2
45 352
1 11 2
163 790
1 6 2
364 632
1 8 2
407 460
1 7 2
340 762
1 8 2
266 403
1 20 2
91 270
1 9 2
237 361
1 19 2
492 569
1 8 2
228 656
1 7 2
515 546
1 13 2
292 631
1 4 2
445 716
1 11 2
316 630
1 16 2
147 474
1 10 2
302 478
1 8 2
312 523
1 12 2
273 535
1 14 2
168 642
1 13 2
94 133
1 10 2
134 287
1 9 2
506 684
1 10 2
273 720
1 9 2
164 682
1 13 2
78 572
1 13 2
323 797
1 14 2
147 148
1 12 2
475 767
1 5 2
635 727
1 11 2
215 270
1 14 2
510 717
1 17 2
477 730
1 14 2
140 443
1 12 2
68 257
1 10 2
140 591
1 5 2
340 521
1 16 2
482 572
1 7 2
15 305
1 10 2
208 607
1 10 2
119 692
1 10 2
198 708
1 13 2
348 684
1 6 2
394 451
1 12 2
138 633
1 4 2
193 729
1 10 2
45 227
1 6 2
313 520
1 16 2
467 504
1 7 2
150 528
1 6 2
347 412
1 8 2
250 445
1 12 2
292 596
1 3 2
668 732
1 11 2
344 434
1 7 2
273 441
1 9 2
559 756
1 13 2
43 409
1 14 2
549 620
1 14 2
340 763
1 13 2
575 779
1 8 2
596 798
1 11 2
403 650
1 9 2
186 464
1 10 2
170 606
1 17 2
228 754
1 10 2
73 304
1 13 2
45 371
1 12 2
25 657
1 9 2
504 783
1 5 2
76 262
1 8 2
252 725
1 9 2
558 687
1 20 2
58 310
1 5 2
614 646
1 9 2
543 753
1 13 2
473 742
1 6 2
642 671
1 8 2
45 261
1 15 2
34 134
1 14 2
279 752
1 17 2
45 507
1 14 2
131 710
1 11 2
208 340
1 17 2
63 201
1 12 2
63 683
1 17 2
345 595
1 9 2
25 52
1 18 2
45 477
1 14 2
114 649
1 17 2
45 693
1 7 2
148 389
1 17 2
665 799
1 18 2
487 488
1 5 2
139 565
1 20 2
665 703
1 17 2
296 345
1 5 2
128 408
1 8 2
364 750
1 11 2
41 716
1 17 2
185 739
1 8 2
35 602
1 14 2
194 228
1 12 2
428 509
1 16 2
610 708
1 9 2
260 361
1 9 2
281 719
1 15 2
11 696
1 10 2
8 249
1 13 2
347 454
1 6 2
210 747
1 13 2
491 681
1 8 2
253 756
1 10 2
298 453
1 11 2
466 652
1 11 2
80 742
1 7 2
666 692
1 11 2
119 231
1 17 2
97 490
1 20 2
230 348
1 7 2
311 658
1 15 2
67 690
1 13 2
50 696
1 7 2
77 495
1 15 2
133 432
1 5 2
359 762
1 14 2
230 266
1 8 2
438 754
1 11 2
246 650
1 12 2
287 731
1 2 2
214 441
1 13 2
193 296
1 8 2
125 331
1 6 2
241 620
1 15 2
182 235
1 11 2
525 689
1 7 2
139 702
1 7 2
659 727
1 11 2
119 131
1 17 2
590 792
1 15 2
88 487
1 5 2
541 638
1 12 2
594 701
1 7 2
178 445
1 17 2
58 735
1 9 2
714 750
1 5 2
257 517
1 9 2
465 622
1 10 2
288 511
1 6 2
486 498
1 3 2
83 239
1 16 2
443 747
1 10 2
542 627
1 7 2
302 451
1 10 2
165 477
1 13 2
52 616
1 13 2
260 560
1 13 2
56 792
1 14 2
580 696
1 11 2
162 188
1 15 2
307 391
1 18 2
224 318
1 11 2
351 355
1 10 2
228 762
1 7 2
211 229
1 7 2
280 702
1 10 2
9 247
1 4 2
138 539
1 7 2
604 669
1 15 2
20 120
1 5 2
160 213
1 5 2
151 733
1 13 2
235 575
1 17 2
154 402
1 17 2
504 569
1 6 2
334 385
1 7 2
90 702
1 10 2
405 440
1 20 2
657 739
1 14 2
255 719
1 8 2
219 361
1 9 2
372 642
1 10 2
462 484
1 15 2
439 508
1 5 2
355 594
1 10 2
28 569
1 9 2
351 517
1 9 2
377 645
1 8 2
228 243
1 15 2
255 273
1 9 2
119 272
1 11 2
427 750
1 7 2
261 482
1 10 2
478 709
1 15 2
394 549
1 7 2
19 223
1 14 2
221 440
1 16 2
68 610
1 7 2
323 564
1 13 2
256 398
1 19 2
351 494
1 10 2
610 796
1 16 2
91 175
1 10 2
234 799
1 17 2
375 652
1 13 2
77 311
1 9 2
14 89
1 12 2
174 217
1 10 2
229 328
1 15 2
132 525
1 11 2
388 597
1 13 2
221 315
1 14 2
323 708
1 11 2
17 765
1 12 2
180 361
1 13 2
121 396
1 11 2
387 443
1 7 2
249 521
1 8 2
516 721
1 17 2
55 497
1 16 2
52 89
1 19 2
271 778
1 18 2
63 274
1 4 2
453 546
1 4 2
269 558
1 8 2
267 501
1 12 2
200 270
1 13 2
22 606
1 16 2
150 182
1 8 2
10 247
1 6 2
138 699
1 11 2
633 732
1 13 2
292 294
1 6 2
188 555
1 11 2
67 740
1 10 2
102 549
1 18 2
398 730
1 8 2
148 627
1 14 2
397 465
1 16 2
377 739
1 8 2
428 541
1 15 2
87 701
1 16 2
18 693
1 15 2
175 696
1 15 2
248 519
1 11 2
138 402
1 15 2
305 665
1 4 2
16 692
1 8 2
308 309
1 13 2
425 744
1 18 2
735 753
1 9 2
695 754
1 13 2
364 761
1 13 2
228 383
1 7 2
13 284
1 16 2
294 595
1 7 2
571 771
1 13 2
247 629
1 12 2
473 617
1 5 2
146 278
1 16 2
249 331
1 5 2
441 718
1 5 2
718 785
1 12 2
62 719
1 14 2
159 672
1 10 2
481 592
1 7 2
5 78
1 18 2
63 704
1 10 2
76 158
1 5 2
4 417
1 5 2
172 401
1 9 2
274 468
1 13 2
705 764
1 2 2
530 678
1 7 2
100 102
1 12 2
150 194
1 9 2
37 661
1 11 2
141 703
1 6 2
417 734
1 10 2
458 527
1 12 2
291 378
1 16 2
52 351
1 9 2
463 514
1 3 2
116 272
1 7 2
655 689
1 4 2
344 773
1 11 2
403 424
1 9 2
167 245
1 7 2
671 745
1 7 2
573 592
1 15 2
206 318
1 13 2
337 500
1 17 2
400 769
1 5 2
546 559
1 16 2
519 687
1 2 2
319 496
1 17 2
346 397
1 9 2
38 707
1 8 2
389 674
1 11 2
647 779
1 15 2
199 719
1 8 2
100 425
1 10 2
73 474
1 15 2
121 235
1 13 2
548 778
1 12 2
99 183
1 7 2
619 634
1 12 2
255 645
1 5 2
423 559
1 14 2
128 676
1 13 2
12 71
1 10 2
157 564
1 3 2
214 466
1 11 2
254 307
1 6 2
220 524
1 14 2
34 380
1 16 2
631 715
1 10 2
238 250
1 13 2
43 361
1 16 2
270 437
1 12 2
645 739
1 12 2
296 493
1 19 2
704 744
1 6 2
86 379
1 8 2
119 344
1 4 2
272 766
1 7 2
161 562
1 9 2
514 798
1 5 2
5 455
1 10 2
425 711
1 14 2
55 747
1 10 2
27 45
1 8 2
55 546
1 6 2
682 757
1 19 2
258 494
1 12 2
163 310
1 8 2
257 655
1 20 2
118 307
1 8 2
373 535
1 3 2
179 197
1 10 2
128 550
1 18 2
296 482
1 11 2
104 518
1 18 2
250 443
1 9 2
642 682
1 17 2
93 274
1 5 2
253 603
1 12 2
363 440
1 13 2
422 704
1 15 2
427 674
1 6 2
478 725
1 12 2
12 533
1 15 2
329 499
1 10 2
78 290
1 14 2
531 636
1 10 2
4 120
1 9 2
494 699
1 10 2
781 788
1 19 2
53 532
1 11 2
169 631
1 9 2
94 234
1 13 2
120 781
1 7 2
538 593
1 12 2
687 779
1 6 2
261 473
1 3 2
342 472
1 8 2
402 762
1 12 2
619 701
1 8 2
189 745
1 12 2
256 340
1 12 2
348 522
1 7 2
563 697
1 16 2
93 482
1 9 2
36 525
1 15 2
132 157
1 14 2
175 562
1 8 2
39 579
1 10 2
390 724
1 8 2
18 243
1 9 2
390 404
1 6 2
70 510
1 8 2
0 347
1 9 2
283 525
1 14 2
57 143
1 8 2
60 346
1 10 2
716 778
1 4 2
648 707
1 10 2
92 487
1 12 2
304 663
1 14 2
351 391
1 13 2
188 797
1 6 2
148 736
1 19 2
106 351
1 12 2
318 684
1 12 2
123 397
1 15 2
143 266
1 9 2
331 732
1 16 2
121 676
1 12 2
350 622
1 10 2
217 566
1 15 2
89 752
1 15 2
266 270
1 14 2
118 599
1 17 2
59 703
1 8 2
337 522
1 11 2
541 701
1 7 2
400 416
1 10 2
53 459
1 13 2
491 779
1 6 2
425 453
1 13 2
114 347
1 13 2
99 235
1 15 2
153 687
1 13 2
263 672
1 8 2
637 693
1 11 2
268 413
1 9 2
68 102
1 11 2
394 682
1 7 2
283 303
1 7 2
544 617
1 15 2
277 477
1 14 2
6 792
1 20 2
97 435
1 14 2
104 164
1 11 2
252 511
1 5 2
527 552
1 7 2
193 594
1 12 2
550 633
1 8 2
185 766
1 3 2
24 211
1 11 2
67 292
1 7 2
82 725
1 9 2
101 506
1 16 2
511 744
1 9 2
50 750
1 6 2
113 223
1 4 2
317 489
1 13 2
292 708
1 6 2
100 798
1 9 2
184 478
1 10 2
430 562
