800 4800 2400
10 20 5 11 11 6 5 24 16 9 9 5 25 22 24 24 24 5 15 6 17 25 15 13 17 15 14 15 20 18 18 11 17 19 15 7 5 16 8 9 18 17 13 24 20 15 14 20 20 24 13 15 9 9 6 7 6 8 12 17 9 9 13 19 10 9 12 20 15 9 17 18 12 24 22 5 7 17 25 5 23 20 16 8 5 7 18 22 15 22 21 6 18 10 14 18 15 23 14 25 16 13 19 5 22 16 21 18 22 9 10 15 5 6 22 15 17 6 17 23 21 21 9 10 24 23 17 7 25 11 5 21 9 25 12 10 5 20 5 21 23 20 8 12 10 11 13 24 23 16 14 12 21 10 23 23 12 16 15 22 16 15 6 19 5 24 18 23 16 9 18 14 6 14 13 21 22 24 25 19 20 19 11 5 6 23 25 8 13 12 23 16 22 6 12 22 11 7 10 19 12 21 13 6 9 13 25 23 9 17 15 7 23 25 22 8 11 13 23 16 16 10 18 25 5 9 24 17 21 22 18 5 11 21 15 7 25 22 7 22 25 13 13 13 6 17 15 9 19 19 12 13 19 14 10 10 9 13 10 25 6 18 10 23 19 21 19 9 9 18 25 9 21 19 18 6 19 21 9 15 21 20 23 21 10 15 5 8 6 19 25 9 19 18 16 9 20 25 20 5 22 22 21 15 15 19 24 12 19 15 12 23 23 15 6 14 22 13 16 12 8 16 14 9 12 12 17 10 13 9 22 21 11 9 12 7 11 23 19 13 24 18 24 11 11 18 11 18 9 8 10 9 9 5 11 23 17 21 24 9 16 23 9 25 17 15 18 7 15 8 21 7 18 6 11 15 20 22 13 9 22 17 24 25 13 19 9 13 13 7 20 12 16 23 20 22 25 16 19 12 8 17 18 9 20 25 24 10 10 6 5 10 5 16 23 16 9 6 10 7 8 14 6 24 12 16 20 14 9 23 23 22 7 12 7 23 6 22 9 6 19 25 15 15 22 9 21 20 14 7 16 14 13 19 12 20 20 11 16 25 10 12 25 19 7 6 13 7 10 15 21 6 6 8 11 13 20 11 18 6 14 13 9 9 11 16 13 7 5 9 18 6 9 10 17 20 19 17 11 6 15 13 17 20 12 21 21 12 10 25 11 23 20 19 25 9 5 6 8 15 15 5 12 12 20 23 15 25 16 18 22 23 14 13 14 15 5 16 19 13 5 11 10 19 25 21 10 24 7 16 7 5 17 12 5 7 12 11 16 7 16 24 14 16 21 5 5 16 22 17 6 20 10 20 13 5 6 24 14 23 23 6 18 8 15 25 11 25 20 25 15 6 20 22 18 21 6 11 8 7 8 8 23 23 15 18 18 18 23 24 18 21 9 14 12 6 16 18 21 24 17 21 13 15 10 23 5 10 24 6 18 6 24 6 21 20 10 9 13 22 19 21 9 13 15 6 6 21 23 17 17 17 10 7 14 18 19 5 13 18 8 21 11 9 24 18 24 16 9 24 10 7 20 5 21 5 19 6 11 21 8 6 15 21 17 14 14 7 9 25 23 9 23 21 14 20 15 23 5 21 15 16 9 11 10 8 21 11 24 12 12 17 7 14 19 24 23 16 18 8 25 9 13 7 19 7 21 7 20 23 25 21 6 18 9 9 7 25 12 18 11 11 12 10 22 9 15 6 21 25 19 17 17 16 19 19 14 7 10 9 20 5 14 14 24 12 15 9 17 10 21 6 19 13 16 18 21 16 19 20 8 10 11 15 14 12 7 23 23 15 16 17 17 5 15 7 16 20 22 8
8 18 14 16 11 15 8 8 3 13 3 11 8 14 14 6 8 16 6 5 15 16 13 7 12 17 3 14 13 9 3 14 17 11 19 20 18 5 19 4 12 14 5 19 19 19 8 10 10 5 16 9 14 4 16 14 7 8 17 18 14 18 19 8 8 19 11 20 3 12 4 7 6 13 12 3 3 10 8 7 12 19 17 16 20 17 3 3 3 9 6 19 11 3 15 5 12 18 14 8 18 8 15 13 19 18 9 17 9 10 17 9 11 7 18 10 16 9 10 12 18 11 12 14 6 8 19 4 20 19 20 15 7 16 14 16 12 13 14 6 6 13 14 4 20 19 19 10 20 5 12 4 18 15 7 4 9 15 4 8 19 20 19 6 5 16 3 11 12 7 13 4 8 16 20 3 17 9 9 6 16 18 3 11 3 9 15 7 7 16 12 14 8 12 14 7 10 6 19 9 14 11 20 3 7 8 3 3 6 7 17 3 13 7 19 9 7 3 10 20 14 11 15 8 20 12 11 12 8 17 17 3 6 18 10 14 10 3 3 17 7 4 13 19 9 18 6 14 8 11 19 8 5 17 20 17 20 9 8 16 13 12 12 5 18 7 17 13 18 20 6 19 9 15 16 15 17 19 14 11 6 10 11 14 5 20 9 10 15 18 6 4 17 20 18 18 4 4 8 16 20 4 12 17 19 13 20 10 7 5 10 9 19 12 15 4 19 10 5 18 16 8 4 12 5 17 15 9 3 18 6 6 11 20 6 18 3 20 14 15 10 6 13 8 15 8 15 9 7 6 17 13 20 17 7 13 7 11 9 9 8 3 11 7 15 11 6 6 15 16 12 6 12 16 8 10 13 4 9 6 13 19 9 13 5 7 11 19 19 7 19 10 3 6 12 20 8 6 18 5 9 3 14 17 18 16 10 6 17 10 19 6 13 10 17 13 20 16 4 13 16 8 10 5 20 10 15 10 9 17 15 12 19 15 9 10 3 12 9 8 18 13 10 14 19 17 5 4 15 20 16 14 19 14 11 9 19 17 19 11 13 11 5 20 4 12 10 8 8 4 7 15 9 8 7 18 8 3 12 18 6 4 16 6 17 8 10 4 8 9 11 3 10 17 3 20 10 13 11 17 8 12 18 11 17 8 11 14 4 4 13 11 20 6 8 12 18 16 3 11 13 5 7 13 10 18 12 3 11 8 20 14 14 5 12 5 8 9 18 13 20 20 9 14 19 19 19 4 13 15 15 9 11 17 18 7 9 9 14 16 11 12 8 4 8 18 16 3 5 14 6 5 14 8 5 17 18 3 3 18 12 15 7 12 10 3 16 15 14 18 18 18 15 3 16 8 4 9 17 5 13 3 3 14 17 11 8 19 18 8 11 15 17 12 13 15 12 18 5 3 9 10 16 20 17 18 3 6 3 3 10 10 9 7 14 8 12 9 15 17 11 11 18 5 7 15 18 20 9 17 8 11 9 6 18 20 11 12 9 18 12 11 3 14 17 16 10 9 6 3 7 6 13 19 15 17 20 8 14 4 18 16 13 15 3 9 16 20 15 9 11 12 19 15 15 20 15 10 7 10 12 12 5 11 5 10 10 15 7 11 14 3 19 3 19 7 11 16 11 6 12 15 5 18 20 11 6 18 12 9 14 4 20 12 15 7 12 20 3 4 19 3 3 7 10 7 6 10 19 9 20 13 10 7 19 6 7 19 9 3 16 11 8 17 14 9 15 11 6 5 11 5 18 13 18 18 5 20 13 6 16 11 4 9 5 19 15 4 14 16 3 12 12 12 10 17 10 3 12 15
1 16 2
207 595
1 6 2
241 541
1 6 2
230 688
1 5 2
348 578
1 11 2
53 186
1 14 2
396 469
1 19 2
462 580
1 9 2
133 162
1 5 2
604 745
1 18 2
226 648
1 11 2
233 685
1 18 2
280 749
1 5 2
249 488
1 8 2
367 706
1 9 2
73 688
1 4 2
189 438
1 10 2
375 440
1 16 2
90 104
1 10 2
83 730
1 6 2
347 598
1 8 2
341 481
1 5 2
102 591
1 10 2
431 461
1 12 2
453 665
1 5 2
238 321
1 11 2
106 696
1 3 2
253 488
1 7 2
433 458
1 12 2
102 606
1 20 2
297 435
1 12 2
366 447
1 9 2
252 315
1 9 2
154 291
1 11 2
7 452
1 15 2
393 672
1 13 2
227 706
1 15 2
12 485
1 4 2
303 687
1 10 2
345 485
1 9 2
471 737
1 9 2
265 557
1 6 2
258 682
1 10 2
171 390
1 2 2
348 732
1 11 2
44 442
1 16 2
1 340
1 14 2
263 490
1 11 2
364 656
1 11 2
294 545
1 18 2
87 124
1 9 2
284 798
1 12 2
180 751
1 14 2
340 356
1 7 2
548 770
1 8 2
185 680
1 14 2
24 716
1 7 2
160 758
1 8 2
13 38
1 16 2
666 693
1 7 2
428 582
1 6 2
560 652
1 13 2
610 641
1 9 2
364 794
1 6 2
135 321
1 13 2
20 272
1 11 2
753 779
1 7 2
72 149
1 6 2
416 791
1 16 2
195 641
1 12 2
189 259
1 12 2
531 762
1 6 2
86 295
1 15 2
338 531
1 8 2
245 334
1 16 2
405 592
1 6 2
309 740
1 13 2
398 674
1 16 2
297 754
1 5 2
151 597
1 10 2
147 670
1 19 2
270 697
1 17 2
383 714
1 9 2
152 468
1 9 2
49 725
1 11 2
444 613
1 4 2
238 475
1 15 2
239 656
1 19 2
14 97
1 14 2
71 393
1 17 2
297 695
1 12 2
179 791
1 7 2
109 582
1 7 2
321 346
1 14 2
405 413
1 14 2
159 659
1 3 2
144 373
1 17 2
277 689
1 18 2
302 441
1 9 2
533 610
1 8 2
456 781
1 13 2
239 610
1 7 2
41 408
1 17 2
185 621
1 6 2
345 688
1 9 2
191 220
1 9 2
305 654
1 2 2
488 721
1 3 2
57 631
1 5 2
183 797
1 11 2
470 746
1 5 2
483 756
1 13 2
160 406
1 4 2
262 572
1 16 2
78 529
1 11 2
613 621
1 17 2
131 423
1 3 2
354 471
1 7 2
58 191
1 8 2
32 307
1 10 2
243 690
1 10 2
64 306
1 13 2
664 794
1 12 2
382 713
1 8 2
295 564
1 13 2
520 589
1 10 2
321 792
1 10 2
7 332
1 15 2
13 455
1 13 2
446 779
1 18 2
80 125
1 9 2
704 716
1 7 2
247 490
1 5 2
428 475
1 14 2
228 618
1 6 2
57 245
1 8 2
262 748
1 15 2
236 711
1 17 2
124 505
1 13 2
18 178
1 5 2
678 743
1 17 2
265 355
1 15 2
63 406
1 6 2
313 542
1 10 2
458 605
1 6 2
552 660
1 9 2
602 707
1 15 2
273 282
1 10 2
313 594
1 12 2
298 684
1 7 2
0 293
1 3 2
486 565
1 10 2
161 264
1 9 2
41 520
1 16 2
13 511
1 4 2
633 765
1 13 2
661 718
1 12 2
338 724
1 12 2
380 535
1 9 2
455 773
1 17 2
228 715
1 11 2
535 695
1 14 2
95 530
1 12 2
118 611
1 16 2
228 301
1 11 2
89 442
1 14 2
406 413
1 9 2
362 619
1 16 2
370 382
1 9 2
76 689
1 10 2
622 798
1 7 2
428 656
1 11 2
173 435
1 10 2
278 459
1 18 2
236 300
1 12 2
433 462
1 8 2
94 220
1 11 2
466 609
1 15 2
568 661
1 15 2
446 592
1 16 2
506 530
1 11 2
100 394
1 10 2
50 447
1 7 2
362 453
1 9 2
435 680
1 3 2
69 719
1 20 2
263 270
1 15 2
312 513
1 8 2
95 344
1 10 2
274 425
1 6 2
661 732
1 19 2
207 764
1 9 2
220 227
1 20 2
186 715
1 14 2
442 514
1 9 2
399 404
1 12 2
358 387
1 6 2
680 733
1 9 2
8 210
1 11 2
441 522
1 11 2
446 643
1 14 2
133 149
1 17 2
749 776
1 4 2
504 629
1 10 2
110 609
1 16 2
125 699
1 8 2
32 480
1 8 2
728 745
1 11 2
246 748
1 10 2
108 284
1 11 2
92 777
1 7 2
96 481
1 15 2
393 394
1 15 2
141 618
1 13 2
252 595
1 15 2
648 750
1 20 2
236 527
1 5 2
448 468
1 12 2
283 552
1 13 2
82 628
1 9 2
514 757
1 7 2
100 153
1 8 2
232 617
1 10 2
55 213
1 5 2
75 684
1 5 2
26 31
1 10 2
268 363
1 19 2
435 689
1 7 2
0 610
1 12 2
148 448
1 5 2
217 493
1 7 2
84 108
1 9 2
463 501
1 9 2
125 416
1 14 2
86 358
1 13 2
108 655
1 11 2
293 398
1 16 2
265 531
1 7 2
77 741
1 19 2
337 383
1 18 2
167 393
1 15 2
300 357
1 8 2
545 745
1 14 2
341 395
1 6 2
71 449
1 7 2
404 680
1 16 2
16 228
1 8 2
270 353
1 12 2
47 364
1 19 2
358 509
1 19 2
213 214
1 11 2
33 41
1 14 2
176 289
1 8 2
63 508
1 14 2
209 589
1 14 2
102 212
1 9 2
59 161
1 9 2
460 593
1 6 2
184 588
1 3 2
203 411
1 13 2
544 604
1 11 2
190 448
1 10 2
66 104
1 12 2
99 486
1 13 2
511 606
1 8 2
618 670
1 18 2
608 729
1 12 2
342 424
1 12 2
549 580
1 7 2
523 768
1 14 2
90 496
1 13 2
70 608
1 18 2
73 301
1 10 2
179 532
1 18 2
175 514
1 8 2
263 464
1 16 2
181 587
1 7 2
403 617
1 8 2
382 633
1 12 2
29 67
1 9 2
553 611
1 3 2
225 705
1 15 2
414 755
1 10 2
160 170
1 11 2
263 421
1 12 2
107 298
1 15 2
168 730
1 11 2
265 578
1 10 2
382 781
1 16 2
377 380
1 19 2
297 547
1 16 2
270 588
1 9 2
376 782
1 15 2
331 621
1 16 2
104 201
1 3 2
83 517
1 13 2
283 630
1 16 2
338 340
1 6 2
616 740
1 17 2
444 697
1 4 2
329 424
1 18 2
120 514
1 6 2
295 651
1 18 2
720 748
1 8 2
57 214
1 16 2
139 155
1 8 2
160 486
1 12 2
241 715
1 7 2
301 491
1 12 2
40 252
1 7 2
325 711
1 9 2
530 583
1 5 2
86 172
1 15 2
220 270
1 9 2
475 538
1 14 2
506 693
1 4 2
250 601
1 8 2
36 462
1 6 2
344 638
1 15 2
15 592
1 11 2
318 611
1 11 2
87 421
1 7 2
497 663
1 15 2
444 776
1 10 2
453 762
1 7 2
288 337
1 8 2
347 539
1 15 2
48 121
1 7 2
416 426
1 9 2
24 528
1 14 2
207 529
1 10 2
424 568
1 9 2
431 557
1 12 2
152 718
1 8 2
41 391
1 13 2
73 469
1 11 2
274 356
1 16 2
80 693
1 8 2
150 528
1 19 2
21 788
1 15 2
619 752
1 13 2
7 100
1 5 2
379 520
1 15 2
298 545
1 12 2
1 269
1 15 2
380 394
1 12 2
115 316
1 11 2
505 537
1 9 2
577 705
1 7 2
518 656
1 8 2
47 267
1 9 2
4 512
1 14 2
195 494
1 18 2
459 602
1 10 2
292 766
1 15 2
47 525
1 11 2
709 716
1 11 2
281 685
1 15 2
209 544
1 7 2
382 673
1 13 2
111 363
1 6 2
28 565
1 14 2
485 514
1 9 2
406 759
1 10 2
51 778
1 11 2
31 128
1 8 2
262 640
1 16 2
290 695
1 2 2
436 536
1 6 2
84 683
1 9 2
296 722
1 15 2
128 739
1 19 2
186 239
1 20 2
99 619
1 15 2
431 447
1 10 2
160 222
1 12 2
647 752
1 13 2
43 684
1 14 2
726 797
1 11 2
98 331
1 8 2
356 461
1 8 2
731 781
1 16 2
223 261
1 8 2
116 539
1 11 2
316 448
1 8 2
133 353
1 15 2
609 718
1 6 2
9 126
1 9 2
306 799
1 16 2
361 634
1 10 2
26 641
1 10 2
171 404
1 12 2
171 764
1 14 2
237 655
1 7 2
404 600
1 15 2
140 778
1 7 2
273 743
1 11 2
300 507
1 18 2
155 423
1 11 2
167 243
1 11 2
366 529
1 9 2
333 664
1 16 2
7 754
1 7 2
119 136
1 7 2
239 465
1 12 2
561 578
1 12 2
157 639
1 8 2
120 767
1 6 2
536 770
1 5 2
61 378
1 6 2
10 751
1 4 2
169 745
1 10 2
101 104
1 20 2
49 577
1 13 2
313 577
1 8 2
30 424
1 4 2
211 686
1 16 2
124 512
1 13 2
177 279
1 12 2
259 399
1 10 2
365 496
1 14 2
528 666
1 9 2
362 764
1 15 2
124 245
1 17 2
201 692
1 2 2
55 85
1 5 2
0 46
1 9 2
223 291
1 10 2
713 778
1 15 2
163 218
1 12 2
306 604
1 11 2
493 589
1 10 2
93 462
1 8 2
38 74
1 12 2
44 157
1 18 2
312 669
1 13 2
213 480
1 16 2
73 718
1 13 2
92 114
1 14 2
274 525
1 18 2
192 632
1 10 2
605 667
1 11 2
322 437
1 7 2
279 658
1 9 2
194 331
1 18 2
133 239
1 5 2
319 678
1 14 2
577 751
1 15 2
125 714
1 17 2
524 764
1 11 2
415 634
1 11 2
12 64
1 8 2
515 592
1 5 2
458 747
1 4 2
10 262
1 14 2
470 640
1 5 2
4 378
1 6 2
25 391
1 9 2
295 301
1 6 2
384 597
1 5 2
389 667
1 17 2
154 568
1 12 2
326 394
1 13 2
87 684
1 17 2
207 233
1 2 2
417 601
1 10 2
549 754
1 10 2
285 455
1 10 2
155 216
1 8 2
388 791
1 15 2
503 603
1 9 2
97 135
1 17 2
296 689
1 7 2
522 567
1 3 2
344 575
1 11 2
443 695
1 4 2
188 576
1 11 2
177 742
1 14 2
739 787
1 13 2
304 716
1 12 2
302 372
1 15 2
525 731
1 16 2
337 470
1 14 2
560 585
1 8 2
12 231
1 7 2
604 766
1 15 2
99 717
1 7 2
344 364
1 10 2
26 305
1 19 2
259 729
1 10 2
696 760
1 9 2
177 515
1 16 2
165 797
1 11 2
443 446
1 8 2
344 792
1 17 2
74 154
1 16 2
361 370
1 8 2
315 427
1 14 2
73 569
1 12 2
316 717
1 8 2
147 786
1 7 2
474 604
1 7 2
29 255
1 16 2
236 273
1 10 2
161 571
1 9 2
535 649
1 17 2
74 435
1 9 2
365 398
1 11 2
129 270
1 15 2
406 676
1 13 2
154 590
1 9 2
142 148
1 11 2
118 376
1 9 2
149 293
1 15 2
124 292
1 14 2
426 611
1 14 2
298 714
1 13 2
101 133
1 3 2
645 707
1 6 2
449 453
1 12 2
366 503
1 10 2
270 721
1 10 2
239 523
1 15 2
380 390
1 11 2
165 557
1 8 2
474 635
1 3 2
388 516
1 8 2
6 178
1 11 2
151 625
1 20 2
78 363
1 11 2
18 695
1 15 2
108 695
1 14 2
496 568
1 17 2
21 330
1 14 2
20 97
1 13 2
366 748
1 9 2
278 311
1 14 2
140 166
1 16 2
330 693
1 11 2
195 526
1 19 2
14 361
1 12 2
33 118
1 14 2
67 456
1 8 2
470 598
1 10 2
88 750
1 17 2
277 632
1 15 2
305 708
1 7 2
650 662
1 10 2
149 305
1 9 2
128 417
1 5 2
42 637
1 18 2
177 218
1 6 2
61 450
1 10 2
80 507
1 13 2
171 544
1 13 2
49 168
1 13 2
46 223
1 15 2
249 358
1 13 2
148 210
1 7 2
48 268
1 12 2
603 784
1 7 2
271 463
1 16 2
133 529
1 6 2
333 739
1 7 2
25 72
1 12 2
98 340
1 11 2
12 709
1 10 2
293 494
1 17 2
337 788
1 17 2
99 564
1 9 2
391 776
1 8 2
151 543
1 8 2
81 129
1 10 2
356 450
1 20 2
297 459
1 8 2
647 741
1 2 2
203 691
1 6 2
112 573
1 12 2
485 726
1 8 2
212 467
1 9 2
323 788
1 14 2
106 571
1 13 2
67 524
1 15 2
28 787
1 11 2
451 611
1 14 2
206 651
1 9 2
4 690
1 15 2
207 778
1 10 2
147 344
1 4 2
510 586
1 7 2
134 766
1 11 2
500 661
1 8 2
196 496
1 14 2
125 656
1 8 2
251 478
1 12 2
321 444
1 16 2
137 358
1 10 2
655 684
1 12 2
228 789
1 16 2
269 270
1 9 2
158 552
1 9 2
186 517
1 7 2
249 782
1 18 2
509 603
1 11 2
59 676
1 13 2
161 236
1 14 2
90 641
1 12 2
118 750
1 16 2
589 592
1 10 2
773 778
1 4 2
150 244
1 4 2
26 439
1 14 2
94 213
1 9 2
98 791
1 15 2
12 538
1 9 2
179 310
1 6 2
621 747
1 9 2
85 240
1 9 2
466 775
1 9 2
508 632
1 17 2
233 720
1 8 2
299 544
1 14 2
239 760
1 10 2
531 627
1 15 2
124 543
1 14 2
312 402
1 12 2
265 790
1 15 2
90 265
1 18 2
297 611
1 16 2
141 585
1 18 2
361 692
1 15 2
74 248
1 10 2
50 298
1 10 2
198 625
1 12 2
166 495
1 10 2
182 263
1 19 2
312 664
1 5 2
336 481
1 15 2
32 99
1 13 2
44 95
1 13 2
71 114
1 16 2
298 669
1 12 2
29 47
1 4 2
57 670
1 11 2
394 604
1 12 2
45 120
1 11 2
88 292
1 18 2
148 603
1 7 2
30 740
1 8 2
68 427
1 14 2
547 796
1 6 2
53 71
1 7 2
27 519
1 5 2
534 542
1 9 2
34 347
1 15 2
185 269
1 4 2
35 421
1 15 2
431 635
1 10 2
225 342
1 11 2
337 501
1 17 2
509 748
1 16 2
139 798
1 4 2
202 215
1 18 2
133 272
1 9 2
587 671
1 19 2
155 383
1 5 2
515 644
1 8 2
499 577
1 6 2
392 612
1 4 2
399 581
1 11 2
145 165
1 9 2
447 742
1 8 2
202 796
1 16 2
28 715
1 8 2
50 381
1 19 2
393 561
1 8 2
186 554
1 5 2
324 484
1 15 2
139 674
1 11 2
18 228
1 12 2
613 648
1 8 2
142 370
1 10 2
148 642
1 7 2
81 599
1 7 2
622 777
1 16 2
16 248
1 6 2
319 623
1 12 2
376 717
1 9 2
72 233
1 11 2
20 529
1 4 2
129 225
1 12 2
86 672
1 18 2
201 544
1 5 2
278 448
1 13 2
330 617
1 5 2
386 562
1 10 2
157 490
1 5 2
486 663
1 14 2
74 394
1 17 2
505 579
1 10 2
539 571
1 13 2
715 753
1 12 2
342 461
1 14 2
304 730
1 13 2
181 770
1 15 2
305 561
1 10 2
45 163
1 10 2
542 580
1 18 2
43 648
1 9 2
247 316
1 3 2
198 335
1 12 2
430 783
1 15 2
214 463
1 5 2
515 756
1 12 2
149 207
1 17 2
430 531
1 12 2
180 199
1 12 2
89 526
1 7 2
28 69
1 6 2
278 341
1 7 2
28 795
1 11 2
304 744
1 8 2
564 636
1 13 2
59 185
1 3 2
174 629
1 4 2
69 123
1 10 2
168 191
1 15 2
429 496
1 8 2
311 491
1 20 2
259 547
1 8 2
709 754
1 13 2
259 443
1 4 2
612 741
1 17 2
459 750
1 15 2
394 632
1 16 2
676 764
1 6 2
170 314
1 14 2
222 726
1 7 2
146 469
1 5 2
254 427
1 15 2
212 635
1 15 2
363 791
1 9 2
318 700
1 8 2
59 317
1 8 2
86 387
1 14 2
396 649
1 17 2
459 726
1 5 2
400 519
1 5 2
368 660
1 14 2
206 528
1 7 2
456 660
1 11 2
1 766
1 9 2
476 574
1 8 2
303 528
1 14 2
220 619
1 8 2
86 135
1 4 2
434 710
1 14 2
177 701
1 8 2
199 254
1 8 2
70 466
1 17 2
406 611
1 19 2
236 444
1 15 2
280 634
1 14 2
656 692
1 12 2
213 466
1 6 2
250 324
1 18 2
87 306
1 5 2
364 432
1 3 2
174 412
1 19 2
167 619
1 9 2
507 571
1 5 2
45 735
1 13 2
179 228
1 7 2
255 549
1 8 2
257 478
1 10 2
70 401
1 10 2
4 140
1 15 2
292 737
1 11 2
519 595
1 12 2
146 764
1 10 2
435 781
1 8 2
466 794
1 6 2
335 755
1 14 2
682 689
1 7 2
170 198
1 16 2
632 731
1 12 2
700 726
1 6 2
368 557
1 20 2
406 587
1 5 2
329 365
1 6 2
0 294
1 7 2
10 440
1 16 2
340 634
1 11 2
210 426
1 15 2
240 655
1 7 2
71 460
1 8 2
722 754
1 12 2
730 765
1 8 2
576 580
1 4 2
224 685
1 10 2
173 447
1 12 2
34 429
1 7 2
126 663
1 11 2
257 788
1 7 2
36 175
1 10 2
152 343
1 6 2
175 536
1 16 2
370 619
1 13 2
376 699
1 10 2
51 752
1 18 2
165 609
1 13 2
538 744
1 7 2
245 278
1 8 2
318 433
1 16 2
48 73
1 15 2
128 366
1 8 2
508 594
1 12 2
50 128
1 4 2
597 671
1 7 2
276 745
1 12 2
44 413
1 10 2
318 537
1 13 2
462 644
1 16 2
21 607
1 8 2
248 707
1 7 2
279 475
1 16 2
355 447
1 9 2
146 281
1 9 2
674 738
1 16 2
564 692
1 8 2
370 719
1 13 2
382 443
1 13 2
82 195
1 16 2
48 147
1 9 2
339 538
1 10 2
253 695
1 11 2
372 552
1 15 2
165 543
1 9 2
150 308
1 13 2
527 746
1 10 2
399 580
1 11 2
158 431
1 3 2
256 386
1 2 2
109 575
1 11 2
553 692
1 12 2
126 641
1 19 2
382 430
1 15 2
312 726
1 16 2
140 568
1 18 2
121 133
1 18 2
155 382
1 6 2
652 700
1 10 2
214 217
1 8 2
574 605
1 17 2
207 300
1 10 2
68 71
1 19 2
340 361
1 19 2
405 692
1 17 2
165 357
1 14 2
43 170
1 16 2
281 337
1 7 2
277 757
1 16 2
628 714
1 15 2
49 281
1 9 2
718 789
1 9 2
319 512
1 15 2
312 390
1 5 2
210 439
1 11 2
418 689
1 8 2
27 149
1 16 2
92 147
1 8 2
216 453
1 6 2
712 739
1 6 2
103 679
1 11 2
15 156
1 6 2
308 314
1 10 2
105 750
1 11 2
125 738
1 10 2
428 619
1 16 2
429 674
1 13 2
199 447
1 8 2
251 718
1 7 2
362 655
1 12 2
246 632
1 4 2
417 537
1 20 2
12 406
1 8 2
22 766
1 15 2
683 798
1 16 2
80 90
1 11 2
12 132
1 5 2
46 721
1 15 2
7 630
1 14 2
300 338
1 9 2
32 46
1 7 2
170 663
1 14 2
87 141
1 10 2
279 538
1 13 2
623 716
1 13 2
86 426
1 6 2
386 567
1 6 2
40 438
1 8 2
20 709
1 10 2
493 729
1 14 2
102 699
1 10 2
239 738
1 13 2
729 792
1 5 2
161 428
1 11 2
192 317
1 7 2
692 698
1 2 2
323 479
1 5 2
617 747
1 10 2
375 456
1 16 2
218 770
1 8 2
43 371
1 4 2
307 465
1 8 2
199 391
1 7 2
151 650
1 3 2
172 742
1 3 2
127 420
1 7 2
565 625
1 8 2
428 435
1 15 2
338 377
1 8 2
61 74
1 5 2
613 702
1 8 2
187 530
1 10 2
274 777
1 17 2
495 585
1 5 2
242 785
1 15 2
311 512
1 3 2
670 727
1 12 2
340 533
1 6 2
225 739
1 9 2
60 176
1 15 2
120 748
1 15 2
222 527
1 8 2
59 722
1 13 2
227 377
1 16 2
49 86
1 8 2
278 337
1 14 2
96 589
1 12 2
547 763
1 11 2
78 433
1 9 2
66 512
1 9 2
167 515
1 12 2
99 638
1 12 2
293 679
1 6 2
447 725
1 9 2
358 483
1 18 2
414 579
1 16 2
21 476
1 17 2
302 547
1 15 2
298 602
1 2 2
238 540
1 7 2
401 586
1 8 2
142 331
1 14 2
273 744
1 16 2
382 385
1 5 2
93 519
1 5 2
397 799
1 10 2
595 710
1 14 2
87 222
1 11 2
306 782
1 9 2
305 387
1 19 2
587 764
1 11 2
700 744
1 18 2
218 509
1 6 2
379 494
1 12 2
181 714
1 9 2
16 691
1 13 2
396 685
1 8 2
409 787
1 9 2
193 383
1 12 2
34 787
1 11 2
347 366
1 9 2
225 749
1 14 2
177 490
1 17 2
236 760
1 10 2
77 791
1 9 2
34 768
1 15 2
108 180
1 17 2
159 444
1 11 2
573 686
1 10 2
515 577
1 18 2
154 690
1 4 2
157 471
1 16 2
133 390
1 11 2
461 715
1 8 2
638 659
1 12 2
683 796
1 16 2
444 674
1 7 2
503 691
1 15 2
447 729
1 12 2
269 635
1 17 2
90 689
1 18 2
437 669
1 8 2
157 328
1 8 2
220 443
1 13 2
166 595
1 9 2
61 124
1 15 2
90 679
1 13 2
297 388
1 15 2
15 455
1 10 2
254 423
1 13 2
561 766
1 4 2
113 537
1 15 2
107 531
1 6 2
581 754
1 17 2
15 316
1 20 2
21 99
1 9 2
140 323
1 11 2
240 407
1 6 2
135 519
1 9 2
13 122
1 8 2
356 789
1 9 2
150 582
1 13 2
185 774
1 16 2
618 692
1 16 2
524 666
1 7 2
450 477
1 14 2
396 500
1 7 2
409 435
1 11 2
525 534
1 9 2
207 271
1 9 2
257 264
1 13 2
111 133
1 14 2
423 537
1 6 2
476 631
1 12 2
40 630
1 8 2
500 558
1 9 2
726 782
1 13 2
25 435
1 11 2
198 689
1 9 2
62 170
1 8 2
139 354
1 18 2
239 459
1 6 2
436 797
1 20 2
414 730
1 8 2
351 393
1 16 2
580 683
1 14 2
131 305
1 7 2
559 731
1 12 2
59 611
1 12 2
175 191
1 8 2
46 401
1 10 2
139 533
1 12 2
415 506
1 13 2
154 326
1 9 2
165 333
1 17 2
206 385
1 4 2
117 763
1 8 2
311 371
1 18 2
104 213
1 14 2
276 788
1 6 2
143 481
1 8 2
11 259
1 8 2
498 714
1 16 2
298 603
1 13 2
1 543
1 20 2
527 577
1 15 2
345 462
1 17 2
593 602
1 3 2
428 691
1 5 2
171 403
1 5 2
253 254
1 2 2
91 472
1 18 2
192 441
1 17 2
593 715
1 18 2
223 770
1 16 2
108 300
1 12 2
80 322
1 8 2
11 177
1 6 2
210 493
1 10 2
124 204
1 10 2
330 643
1 11 2
43 123
1 10 2
140 151
1 13 2
27 628
1 15 2
30 259
1 13 2
365 525
1 2 2
386 565
1 17 2
185 429
1 11 2
580 763
1 7 2
131 184
1 7 2
433 480
1 15 2
430 770
1 3 2
187 734
1 13 2
435 458
1 17 2
13 229
1 15 2
199 337
1 18 2
167 263
1 7 2
18 174
1 13 2
95 214
1 12 2
326 370
1 12 2
280 796
1 7 2
196 372
1 10 2
90 241
1 16 2
731 744
1 13 2
1 594
1 11 2
160 455
1 8 2
28 782
1 6 2
375 670
1 13 2
385 635
1 15 2
228 283
1 13 2
147 500
1 15 2
394 697
1 11 2
746 778
1 7 2
262 659
1 10 2
24 116
1 8 2
67 319
1 12 2
160 588
1 7 2
774 785
1 14 2
571 728
1 15 2
331 641
1 18 2
270 302
1 13 2
167 701
1 8 2
561 629
1 13 2
102 672
1 17 2
121 213
1 12 2
50 73
1 7 2
324 519
1 15 2
223 402
1 15 2
128 266
1 9 2
270 287
1 8 2
504 711
1 10 2
262 459
1 8 2
620 678
1 6 2
158 208
1 9 2
187 358
1 13 2
181 641
1 14 2
97 478
1 10 2
408 527
1 16 2
97 476
1 14 2
621 770
1 20 2
99 729
1 10 2
523 697
1 12 2
375 764
1 12 2
120 569
1 13 2
209 429
1 7 2
171 322
1 8 2
202 294
1 12 2
496 640
1 10 2
461 699
1 16 2
21 453
1 10 2
14 553
1 15 2
59 720
1 11 2
192 501
1 10 2
431 782
1 9 2
34 234
1 11 2
796 797
1 17 2
128 281
1 20 2
43 363
1 11 2
391 764
1 15 2
331 505
1 17 2
1 561
1 11 2
594 778
1 5 2
253 759
1 7 2
243 427
1 7 2
227 745
1 11 2
643 744
1 16 2
214 525
1 9 2
523 524
1 12 2
640 772
1 9 2
252 578
1 14 2
137 798
1 12 2
40 634
1 10 2
621 742
1 7 2
191 614
1 12 2
355 535
1 18 2
737 776
1 9 2
160 442
1 5 2
72 151
1 11 2
27 90
1 16 2
302 358
1 7 2
334 756
1 10 2
185 542
1 6 2
59 254
1 9 2
408 648
1 6 2
376 581
1 16 2
125 380
1 10 2
168 659
1 10 2
421 655
1 12 2
328 527
1 7 2
0 755
1 5 2
466 482
1 17 2
406 798
1 3 2
0 373
1 18 2
609 788
1 9 2
89 743
1 17 2
106 666
1 15 2
223 560
1 10 2
535 724
1 11 2
426 567
1 12 2
395 644
1 15 2
21 160
1 10 2
101 592
1 9 2
153 531
1 11 2
181 318
1 5 2
522 670
1 9 2
160 768
1 5 2
172 513
1 7 2
381 782
1 8 2
294 534
1 11 2
360 588
1 9 2
31 233
1 5 2
82 271
1 9 2
310 376
1 3 2
725 767
1 6 2
365 468
1 6 2
572 753
1 11 2
448 716
1 17 2
377 798
1 13 2
190 649
1 12 2
134 240
1 12 2
155 168
1 14 2
453 731
1 5 2
400 643
1 12 2
27 393
1 16 2
206 714
1 10 2
149 385
1 19 2
212 396
1 10 2
289 321
1 15 2
67 618
1 11 2
25 776
1 9 2
361 484
1 5 2
391 781
1 13 2
304 619
1 6 2
234 765
1 6 2
410 444
1 9 2
176 484
1 10 2
340 379
1 12 2
665 724
1 18 2
97 579
1 11 2
300 452
1 9 2
102 334
1 10 2
31 74
1 15 2
462 617
1 10 2
476 613
1 14 2
121 470
1 9 2
139 221
1 16 2
456 577
1 14 2
441 753
1 13 2
70 80
1 3 2
164 232
1 6 2
161 546
1 9 2
248 523
1 6 2
523 694
1 15 2
119 302
1 12 2
18 355
1 7 2
40 668
1 4 2
418 707
1 9 2
43 187
1 5 2
59 299
1 12 2
584 748
1 13 2
23 186
1 12 2
71 594
1 20 2
382 669
1 7 2
400 571
1 16 2
28 337
1 14 2
587 644
1 6 2
399 534
1 17 2
186 301
1 5 2
55 170
1 7 2
125 551
1 14 2
81 301
1 17 2
28 297
1 7 2
89 559
1 16 2
207 289
1 12 2
476 768
1 16 2
405 772
1 13 2
270 519
1 10 2
119 557
1 12 2
360 798
1 14 2
366 692
1 16 2
137 406
1 12 2
174 363
1 15 2
289 355
1 7 2
637 706
1 11 2
178 284
1 20 2
78 297
1 17 2
312 729
1 12 2
285 602
1 12 2
14 339
1 6 2
173 622
1 13 2
21 173
1 9 2
102 522
1 3 2
432 781
1 14 2
341 697
1 5 2
321 550
1 11 2
178 662
1 11 2
37 595
1 11 2
266 397
1 7 2
143 304
1 10 2
508 527
1 12 2
32 592
1 8 2
181 354
1 14 2
282 381
1 5 2
367 774
1 19 2
147 459
1 6 2
238 778
1 18 2
306 726
1 5 2
164 415
1 16 2
14 770
1 12 2
396 765
1 9 2
291 798
1 12 2
426 775
1 18 2
277 730
1 13 2
308 635
1 14 2
48 330
1 15 2
406 453
1 7 2
224 380
1 4 2
109 454
1 16 2
104 167
1 5 2
2 607
1 8 2
289 541
1 8 2
73 172
1 16 2
15 726
1 6 2
255 717
1 12 2
270 486
1 20 2
441 585
1 11 2
87 375
1 9 2
141 504
1 9 2
23 571
1 12 2
634 753
1 11 2
277 448
1 15 2
338 749
1 12 2
481 527
1 8 2
9 179
1 8 2
435 771
1 7 2
274 663
1 15 2
446 776
1 9 2
97 691
1 16 2
455 609
1 5 2
202 782
1 10 2
15 704
1 15 2
107 749
1 11 2
347 617
1 16 2
619 679
1 8 2
607 710
1 9 2
285 364
1 14 2
514 753
1 12 2
170 175
1 9 2
428 690
1 18 2
672 737
1 13 2
380 684
1 6 2
250 658
1 8 2
433 630
1 9 2
376 507
1 16 2
7 706
1 11 2
21 350
1 15 2
282 630
1 5 2
130 455
1 9 2
446 586
1 8 2
173 234
1 15 2
635 669
1 7 2
113 444
1 12 2
263 643
1 10 2
37 199
1 9 2
12 471
1 10 2
360 711
1 20 2
21 689
1 12 2
191 798
1 11 2
605 724
1 4 2
135 284
1 16 2
776 798
1 16 2
90 729
1 7 2
183 715
1 13 2
150 383
1 10 2
460 764
1 16 2
363 605
1 14 2
88 730
1 16 2
14 47
1 11 2
319 589
1 17 2
206 404
1 9 2
44 315
1 9 2
120 703
1 16 2
383 640
1 4 2
483 612
1 15 2
15 372
1 11 2
63 478
1 5 2
416 450
1 8 2
219 762
1 9 2
328 772
1 15 2
190 661
1 10 2
266 413
1 8 2
378 502
1 6 2
461 584
1 13 2
89 775
1 16 2
435 635
1 5 2
134 541
1 11 2
713 770
1 7 2
339 616
1 10 2
532 726
1 4 2
134 688
1 10 2
545 562
1 5 2
614 624
1 14 2
620 787
1 4 2
489 743
1 7 2
471 618
1 15 2
383 775
1 11 2
67 667
1 18 2
133 593
1 13 2
233 289
1 8 2
691 797
1 18 2
306 603
1 9 2
121 189
1 13 2
476 706
1 15 2
181 787
1 7 2
215 370
1 19 2
690 730
1 6 2
162 276
1 11 2
94 300
1 7 2
497 758
1 15 2
298 306
1 4 2
288 322
1 14 2
331 524
1 7 2
208 264
1 19 2
12 788
1 11 2
149 656
1 12 2
357 777
1 6 2
460 667
1 5 2
256 322
1 8 2
662 778
1 8 2
26 304
1 13 2
377 752
1 10 2
265 424
1 6 2
209 758
1 18 2
99 431
1 6 2
88 399
1 11 2
51 770
1 12 2
328 669
1 19 2
21 355
1 11 2
397 772
1 7 2
315 654
1 11 2
451 729
1 9 2
258 787
1 20 2
240 514
1 10 2
572 692
1 8 2
501 792
1 8 2
542 693
1 4 2
499 643
1 5 2
20 467
1 6 2
390 629
1 13 2
223 279
1 5 2
225 578
1 12 2
355 475
1 15 2
147 582
1 18 2
125 311
1 14 2
213 667
1 6 2
60 528
1 5 2
184 245
1 15 2
87 621
1 11 2
31 186
1 14 2
141 564
1 9 2
276 696
1 12 2
659 665
1 6 2
187 777
1 4 2
198 493
1 16 2
308 509
1 12 2
458 787
1 10 2
159 250
1 8 2
495 515
1 13 2
316 569
1 11 2
7 622
1 9 2
128 187
1 15 2
266 383
1 16 2
180 223
1 7 2
70 758
1 9 2
344 530
1 11 2
128 332
1 18 2
155 239
1 8 2
54 306
1 6 2
251 523
1 8 2
371 406
1 5 2
502 671
1 16 2
92 664
1 6 2
642 700
1 20 2
12 306
1 16 2
81 97
1 18 2
16 788
1 6 2
4 667
1 11 2
53 544
1 10 2
549 594
1 12 2
577 762
1 10 2
448 665
1 17 2
21 120
1 14 2
121 647
1 15 2
382 453
1 10 2
102 535
1 14 2
463 693
1 10 2
215 405
1 9 2
334 760
1 13 2
25 561
1 16 2
95 383
1 19 2
213 547
1 17 2
316 395
1 17 2
73 300
1 7 2
431 472
1 12 2
74 563
1 19 2
7 441
1 15 2
133 684
1 17 2
147 635
1 8 2
581 744
1 15 2
245 405
1 14 2
40 683
1 16 2
506 776
1 13 2
305 641
1 14 2
528 749
1 11 2
118 655
1 7 2
446 548
1 12 2
222 672
1 12 2
490 571
1 7 2
279 466
1 7 2
763 784
1 10 2
4 511
1 8 2
533 563
1 17 2
178 181
1 6 2
72 507
1 16 2
377 506
1 11 2
218 643
1 6 2
597 713
1 6 2
170 771
1 10 2
15 489
1 7 2
93 676
1 11 2
22 237
1 16 2
338 363
1 9 2
362 531
1 18 2
236 330
1 15 2
104 447
1 9 2
586 770
1 8 2
211 619
1 4 2
76 384
1 18 2
99 298
1 4 2
9 782
1 10 2
167 507
1 8 2
119 260
1 14 2
426 437
1 6 2
487 751
1 9 2
400 697
1 17 2
579 611
1 10 2
528 594
1 9 2
334 695
1 3 2
224 418
1 10 2
317 683
1 9 2
5 527
1 7 2
299 505
1 8 2
363 673
1 7 2
96 334
1 14 2
133 497
1 4 2
484 745
1 3 2
504 646
1 4 2
182 652
1 9 2
18 20
1 8 2
0 695
1 6 2
488 772
1 4 2
307 420
1 15 2
102 147
1 10 2
194 263
1 8 2
316 745
1 17 2
283 297
1 6 2
96 343
1 15 2
356 669
1 6 2
30 142
1 14 2
201 390
1 10 2
685 695
1 13 2
519 729
1 18 2
340 406
1 19 2
577 603
1 12 2
191 595
1 2 2
85 565
1 6 2
205 532
1 12 2
338 398
1 17 2
361 568
1 13 2
443 632
1 7 2
123 372
1 15 2
175 456
1 14 2
357 513
1 6 2
215 478
1 8 2
201 323
1 16 2
441 529
1 20 2
270 585
1 12 2
47 345
1 10 2
593 741
1 11 2
340 522
1 20 2
423 589
1 17 2
236 728
1 11 2
259 433
1 8 2
46 158
1 14 2
506 683
1 18 2
377 589
1 16 2
259 711
1 10 2
78 767
1 8 2
34 96
1 6 2
150 765
1 15 2
360 396
1 15 2
385 561
1 8 2
109 440
1 8 2
0 81
1 6 2
26 325
1 4 2
143 362
1 8 2
28 350
1 7 2
349 728
1 10 2
678 788
1 8 2
223 536
1 15 2
190 733
1 6 2
667 759
1 8 2
252 343
1 17 2
396 503
1 14 2
214 305
1 5 2
126 487
1 17 2
545 619
1 6 2
296 591
1 18 2
125 437
1 11 2
258 737
1 10 2
256 441
1 7 2
656 767
1 18 2
13 128
1 9 2
388 538
1 7 2
188 294
1 18 2
382 435
1 8 2
110 699
1 4 2
57 194
1 14 2
390 571
1 12 2
220 674
1 8 2
1 636
1 11 2
227 269
1 17 2
121 669
1 16 2
595 609
1 19 2
114 363
1 18 2
165 716
1 8 2
447 735
1 11 2
102 711
1 10 2
522 648
1 7 2
602 761
1 12 2
141 656
1 19 2
177 689
1 10 2
405 725
1 12 2
478 776
1 12 2
385 543
1 18 2
155 609
1 8 2
169 524
1 11 2
202 218
1 12 2
544 622
1 4 2
408 745
1 14 2
693 754
1 6 2
490 559
1 4 2
232 291
1 8 2
752 773
1 13 2
300 753
1 7 2
1 389
1 12 2
501 764
1 4 2
487 746
1 10 2
147 407
1 7 2
93 209
1 12 2
126 530
1 12 2
68 237
1 4 2
485 761
1 8 2
553 582
1 7 2
149 484
1 11 2
176 789
1 10 2
616 768
1 9 2
120 541
1 13 2
106 617
1 10 2
273 315
1 8 2
351 431
1 8 2
254 726
1 18 2
223 444
1 6 2
444 516
1 10 2
149 651
1 12 2
33 222
1 12 2
398 695
1 14 2
137 779
1 13 2
387 749
1 4 2
417 562
1 8 2
18 88
1 9 2
245 794
1 7 2
249 559
1 8 2
455 735
1 9 2
64 430
1 10 2
341 569
1 19 2
577 609
1 12 2
24 470
1 10 2
620 775
1 6 2
536 778
1 14 2
29 444
1 3 2
570 704
1 17 2
292 396
1 10 2
106 722
1 16 2
70 240
1 11 2
590 641
1 19 2
377 383
1 8 2
316 624
1 17 2
207 706
1 10 2
150 538
1 13 2
181 760
1 5 2
499 792
1 14 2
249 573
1 7 2
234 574
1 18 2
593 720
1 12 2
309 669
1 10 2
597 619
1 11 2
652 730
1 18 2
121 363
1 11 2
421 444
1 15 2
547 754
1 12 2
273 463
1 6 2
113 592
1 8 2
344 529
1 14 2
248 639
1 15 2
226 476
1 14 2
190 792
1 11 2
441 670
1 13 2
398 505
1 5 2
70 335
1 10 2
196 716
1 13 2
181 505
1 13 2
470 607
1 12 2
182 509
1 16 2
186 750
1 11 2
74 241
1 7 2
83 588
1 7 2
42 682
1 16 2
437 446
1 8 2
498 672
1 4 2
510 735
1 2 2
288 416
1 7 2
42 321
1 14 2
207 366
1 13 2
305 308
1 14 2
430 739
1 11 2
251 430
1 14 2
7 458
1 12 2
42 342
1 6 2
216 368
1 14 2
120 152
1 7 2
569 742
1 8 2
12 172
1 11 2
567 772
1 4 2
35 782
1 6 2
449 778
1 4 2
234 657
1 9 2
40 485
1 18 2
283 689
1 12 2
159 360
1 10 2
145 312
1 20 2
226 664
1 10 2
347 620
1 12 2
240 763
1 15 2
382 582
1 6 2
304 704
1 10 2
251 503
1 19 2
361 561
1 16 2
179 259
1 7 2
426 663
1 15 2
240 366
1 10 2
341 485
1 5 2
205 624
1 18 2
80 579
1 7 2
332 398
1 10 2
280 756
1 7 2
74 633
1 13 2
440 748
1 7 2
554 715
1 13 2
168 530
1 20 2
297 720
1 7 2
33 572
1 7 2
88 638
1 12 2
190 533
1 7 2
102 734
1 5 2
100 795
1 9 2
290 320
1 15 2
435 505
1 8 2
339 528
1 18 2
43 312
1 10 2
226 344
1 15 2
148 656
1 7 2
161 188
1 7 2
54 561
1 13 2
549 692
1 6 2
164 640
1 10 2
97 454
1 19 2
124 430
1 7 2
59 636
1 12 2
77 398
1 15 2
102 140
1 11 2
523 527
1 11 2
334 393
1 9 2
462 465
1 8 2
160 388
1 14 2
148 718
1 7 2
161 507
1 17 2
511 697
1 11 2
118 248
1 17 2
435 731
1 16 2
666 699
1 8 2
710 775
1 13 2
179 385
1 10 2
82 630
1 18 2
167 788
1 11 2
29 360
1 13 2
377 478
1 7 2
328 528
1 14 2
390 447
1 12 2
276 640
1 13 2
114 649
1 6 2
460 563
1 8 2
301 362
1 8 2
716 747
1 10 2
395 707
1 3 2
449 482
1 16 2
167 394
1 19 2
21 628
1 12 2
101 441
1 8 2
365 442
1 13 2
300 606
1 13 2
167 497
1 8 2
3 298
1 16 2
121 692
1 17 2
185 648
1 6 2
129 375
1 14 2
331 495
1 11 2
569 724
1 15 2
12 318
1 5 2
153 424
1 15 2
655 697
1 8 2
90 767
1 13 2
648 792
1 13 2
676 779
1 10 2
478 569
1 10 2
25 595
1 11 2
354 664
1 18 2
74 361
1 13 2
226 413
1 13 2
396 448
1 10 2
228 378
1 12 2
241 511
1 5 2
217 291
1 11 2
186 325
1 8 2
227 553
1 14 2
48 89
1 6 2
102 653
1 16 2
106 125
1 14 2
180 431
1 10 2
524 535
1 8 2
123 476
1 11 2
466 603
1 5 2
135 202
1 11 2
699 766
1 6 2
127 222
1 11 2
74 210
1 3 2
484 599
1 11 2
343 737
1 9 2
769 798
1 12 2
59 398
1 9 2
68 105
1 12 2
304 568
1 6 2
105 734
1 11 2
285 447
1 6 2
129 783
1 5 2
189 622
1 13 2
186 466
1 16 2
273 579
1 12 2
167 448
1 6 2
66 486
1 16 2
133 276
1 2 2
184 540
1 10 2
319 648
1 14 2
94 270
1 7 2
367 683
1 4 2
334 438
1 12 2
292 404
1 2 2
54 467
1 11 2
170 261
1 9 2
159 670
1 11 2
297 510
1 15 2
283 444
1 7 2
328 644
1 9 2
619 687
1 18 2
201 527
1 9 2
249 328
1 17 2
568 764
1 18 2
13 625
1 6 2
85 227
1 4 2
481 642
1 6 2
163 555
1 4 2
144 769
1 13 2
104 667
1 17 2
190 625
1 11 2
322 639
1 9 2
121 319
1 12 2
363 504
1 7 2
285 424
1 7 2
468 610
1 19 2
361 405
1 6 2
26 241
1 3 2
117 785
1 18 2
382 530
1 6 2
492 796
1 14 2
376 543
1 10 2
24 413
1 12 2
497 683
1 15 2
139 377
1 10 2
478 549
1 10 2
72 337
1 10 2
306 411
1 9 2
174 180
1 7 2
111 722
1 18 2
236 302
1 13 2
44 656
1 10 2
460 632
1 7 2
276 782
1 12 2
582 621
1 9 2
50 573
1 9 2
474 505
1 11 2
251 355
1 16 2
639 692
1 17 2
87 788
1 10 2
469 640
1 8 2
644 700
1 7 2
126 200
1 9 2
483 708
1 3 2
61 208
1 7 2
478 688
1 9 2
752 789
1 8 2
485 763
1 7 2
343 413
1 4 2
384 637
1 8 2
233 247
1 3 2
572 591
1 8 2
291 593
1 17 2
147 506
1 5 2
287 313
1 4 2
60 508
1 10 2
282 507
1 13 2
269 446
1 12 2
219 639
1 10 2
140 307
1 13 2
552 699
1 9 2
31 798
1 11 2
95 345
1 8 2
236 499
1 12 2
47 168
1 9 2
360 425
1 8 2
372 662
1 9 2
300 745
1 12 2
21 250
1 14 2
390 395
1 6 2
28 275
1 10 2
43 350
1 12 2
494 568
1 8 2
186 193
1 12 2
223 694
1 8 2
45 623
1 9 2
187 764
1 14 2
81 639
1 16 2
13 357
1 14 2
44 797
1 14 2
119 191
1 13 2
370 797
1 10 2
393 702
1 20 2
128 133
1 18 2
625 764
1 8 2
339 777
1 7 2
347 782
1 5 2
200 278
1 17 2
259 512
1 15 2
90 106
1 13 2
478 506
1 5 2
313 352
1 10 2
447 746
1 14 2
114 760
1 7 2
645 674
1 4 2
189 780
1 14 2
48 300
1 14 2
77 666
1 12 2
306 454
1 13 2
158 531
1 12 2
469 729
1 15 2
674 679
1 6 2
520 703
1 9 2
535 552
1 8 2
39 693
1 17 2
13 16
1 11 2
294 750
1 13 2
239 276
1 8 2
463 662
1 4 2
66 291
1 12 2
236 325
1 9 2
635 703
1 16 2
175 798
1 8 2
452 458
1 12 2
537 593
1 14 2
207 293
1 13 2
108 276
1 16 2
90 716
1 9 2
235 587
1 12 2
585 765
1 15 2
620 764
1 16 2
716 776
1 13 2
563 664
1 3 2
54 284
1 12 2
405 613
1 4 2
61 703
1 13 2
302 711
1 7 2
233 736
1 2 2
517 681
1 10 2
492 514
1 11 2
442 728
1 11 2
201 717
1 9 2
609 627
1 14 2
73 401
1 8 2
577 629
1 9 2
358 727
1 4 2
27 732
1 12 2
345 404
1 2 2
412 565
1 10 2
167 553
1 16 2
73 120
1 16 2
81 159
1 9 2
211 669
1 8 2
153 272
1 8 2
217 234
1 5 2
79 659
1 14 2
330 672
1 12 2
148 246
1 8 2
9 674
1 8 2
284 797
1 11 2
375 376
1 14 2
245 669
1 12 2
648 667
1 14 2
186 360
1 7 2
35 102
1 7 2
146 700
1 8 2
307 440
1 13 2
282 347
1 10 2
63 168
1 10 2
365 778
1 7 2
131 464
1 9 2
0 337
1 5 2
98 652
1 5 2
123 574
1 6 2
58 722
1 8 2
256 690
1 4 2
66 467
1 14 2
102 511
1 14 2
37 585
1 13 2
737 763
1 14 2
15 594
1 17 2
495 666
1 12 2
355 451
1 19 2
155 619
1 17 2
81 290
1 14 2
155 755
1 10 2
357 623
1 8 2
77 500
1 18 2
263 547
1 11 2
273 497
1 20 2
177 406
1 13 2
655 683
1 9 2
498 592
1 10 2
234 617
1 8 2
211 608
1 11 2
476 756
1 9 2
70 368
1 4 2
332 460
1 9 2
434 527
1 6 2
10 606
1 6 2
485 703
1 10 2
495 520
1 14 2
610 648
1 12 2
73 161
1 17 2
280 589
1 19 2
577 729
1 12 2
18 306
1 10 2
257 588
1 14 2
177 321
1 9 2
80 374
1 6 2
522 523
1 6 2
57 92
1 13 2
178 722
1 10 2
168 779
1 12 2
180 775
1 6 2
515 792
1 11 2
308 397
1 7 2
32 678
1 10 2
18 592
1 7 2
536 697
1 6 2
156 682
1 12 2
24 674
1 14 2
140 289
1 2 2
184 719
1 6 2
150 484
1 8 2
777 784
1 8 2
357 493
1 5 2
109 523
1 17 2
229 300
1 8 2
482 726
1 20 2
178 730
1 7 2
174 794
1 13 2
116 697
1 7 2
189 364
1 15 2
180 201
1 7 2
193 370
1 7 2
87 400
1 14 2
82 689
1 15 2
567 737
1 13 2
270 584
1 10 2
154 507
1 8 2
203 561
1 18 2
383 430
1 9 2
210 392
1 7 2
64 755
1 15 2
95 178
1 14 2
509 651
1 9 2
97 546
1 5 2
478 516
1 13 2
289 770
1 11 2
218 709
1 9 2
210 751
1 12 2
413 431
1 7 2
231 300
1 12 2
552 731
1 15 2
580 775
1 6 2
105 624
1 5 2
57 220
1 11 2
27 728
1 9 2
655 686
1 5 2
5 82
1 17 2
579 731
1 15 2
86 423
1 12 2
201 490
1 19 2
78 226
1 14 2
266 505
1 11 2
711 714
1 16 2
538 585
1 6 2
151 469
1 7 2
251 578
1 13 2
220 715
1 20 2
7 405
1 9 2
160 360
1 9 2
20 613
1 8 2
288 666
1 12 2
234 380
1 12 2
512 513
1 6 2
421 709
1 10 2
502 620
1 19 2
544 577
1 9 2
435 515
1 17 2
186 512
1 7 2
244 798
1 15 2
236 582
1 14 2
252 370
1 8 2
68 209
1 17 2
213 228
1 8 2
118 578
1 6 2
204 526
1 7 2
210 339
1 15 2
213 230
1 4 2
135 743
1 9 2
170 480
1 12 2
32 233
1 8 2
335 530
1 9 2
665 686
1 15 2
338 716
1 14 2
265 676
1 15 2
529 579
1 16 2
380 595
1 19 2
14 15
1 5 2
388 769
1 5 2
56 552
1 10 2
506 526
1 16 2
545 764
1 10 2
362 708
1 15 2
272 573
1 15 2
664 754
1 4 2
53 93
1 12 2
585 742
1 11 2
345 528
1 11 2
157 298
1 10 2
118 717
1 17 2
73 455
1 7 2
322 378
1 6 2
425 542
1 13 2
128 783
1 16 2
218 641
1 14 2
446 676
1 12 2
202 206
1 5 2
122 574
1 15 2
33 89
1 15 2
229 470
1 7 2
47 487
1 7 2
485 704
1 6 2
117 233
1 10 2
146 788
1 5 2
116 410
1 8 2
733 742
1 19 2
212 628
1 19 2
625 689
1 5 2
135 317
1 6 2
66 710
1 10 2
519 607
1 4 2
184 461
1 20 2
527 730
1 12 2
206 722
1 20 2
78 312
1 7 2
61 571
1 18 2
395 608
1 6 2
747 779
1 15 2
330 505
1 13 2
165 567
1 17 2
192 355
1 20 2
133 223
1 6 2
137 419
1 10 2
504 788
1 12 2
528 798
1 17 2
297 779
1 14 2
252 280
1 10 2
341 360
1 8 2
308 586
1 12 2
49 534
1 4 2
391 555
1 18 2
97 690
1 13 2
248 699
1 15 2
301 635
1 15 2
330 588
1 12 2
29 277
1 7 2
131 138
1 9 2
129 377
1 10 2
174 272
1 6 2
262 392
1 6 2
563 721
1 10 2
651 753
1 7 2
13 84
1 3 2
367 734
1 4 2
644 732
1 9 2
396 581
1 7 2
53 640
1 13 2
534 720
1 18 2
13 580
1 18 2
178 281
1 12 2
309 330
1 17 2
179 297
1 17 2
48 669
1 16 2
177 724
1 10 2
348 544
1 14 2
306 783
1 12 2
520 770
1 4 2
9 424
1 5 2
42 642
1 19 2
119 720
1 15 2
186 261
1 8 2
206 472
1 13 2
121 607
1 9 2
491 544
1 13 2
341 437
1 18 2
282 511
1 9 2
163 205
1 20 2
128 585
1 12 2
94 236
1 12 2
282 481
1 5 2
260 684
1 12 2
82 272
1 13 2
249 370
1 11 2
415 695
1 8 2
90 583
1 9 2
318 607
1 7 2
476 671
1 4 2
161 488
1 11 2
219 770
1 8 2
375 413
1 18 2
140 423
1 12 2
311 762
1 6 2
66 481
1 15 2
755 788
1 7 2
711 740
1 6 2
50 62
1 6 2
614 623
1 12 2
200 544
1 19 2
393 689
1 17 2
355 444
1 11 2
34 139
1 16 2
185 283
1 9 2
23 564
1 10 2
28 501
1 18 2
114 128
1 8 2
284 728
1 14 2
86 561
1 9 2
438 579
1 8 2
46 783
1 15 2
212 490
1 20 2
459 690
1 9 2
577 660
1 18 2
148 165
1 16 2
382 640
1 13 2
128 375
1 8 2
120 464
1 8 2
132 641
1 11 2
89 452
1 17 2
608 611
1 14 2
95 608
1 15 2
59 259
1 9 2
61 263
1 5 2
188 295
1 7 2
393 566
1 16 2
73 137
1 14 2
593 779
1 16 2
462 755
1 11 2
190 643
1 7 2
73 79
1 17 2
16 779
1 19 2
206 603
1 10 2
29 115
1 14 2
245 337
1 14 2
77 544
1 12 2
234 699
1 6 2
461 658
1 2 2
352 657
1 15 2
90 476
1 12 2
176 590
1 11 2
285 693
1 13 2
618 755
1 17 2
270 731
1 13 2
366 455
1 13 2
43 279
1 9 2
388 733
1 7 2
410 619
1 12 2
237 777
1 6 2
417 478
1 10 2
311 343
1 20 2
213 587
1 16 2
165 750
1 17 2
361 639
1 6 2
305 465
1 15 2
222 632
1 16 2
165 693
1 13 2
222 280
1 16 2
571 720
1 11 2
539 602
1 6 2
277 516
1 5 2
325 707
1 5 2
23 221
1 14 2
70 577
1 14 2
92 239
1 13 2
261 779
1 18 2
414 788
1 5 2
253 460
1 5 2
507 703
1 8 2
57 300
1 8 2
225 611
1 4 2
164 590
1 4 2
153 652
1 9 2
221 312
1 10 2
443 739
1 8 2
192 637
1 5 2
399 508
1 10 2
708 782
1 9 2
153 602
1 11 2
418 509
1 11 2
141 790
1 8 2
39 476
1 17 2
361 787
1 14 2
512 641
1 2 2
657 688
1 6 2
394 793
1 13 2
777 788
1 15 2
223 478
1 9 2
101 610
1 7 2
22 534
1 12 2
448 580
1 15 2
47 229
1 8 2
638 655
1 8 2
70 194
1 4 2
204 346
1 14 2
401 435
1 13 2
525 700
1 15 2
462 790
1 10 2
243 538
1 10 2
513 520
1 8 2
141 460
1 8 2
175 267
1 8 2
19 435
1 3 2
268 359
1 10 2
149 750
1 6 2
127 166
1 8 2
70 614
1 6 2
161 408
1 8 2
322 485
1 11 2
519 524
1 8 2
202 360
1 5 2
61 317
1 14 2
124 649
1 8 2
115 623
1 13 2
692 739
1 6 2
374 475
1 10 2
435 533
1 9 2
340 799
1 17 2
99 305
1 11 2
173 731
1 5 2
111 705
1 3 2
117 637
1 8 2
107 556
1 4 2
328 653
1 17 2
226 431
1 12 2
126 754
1 20 2
383 764
1 19 2
140 666
1 19 2
342 531
1 14 2
639 718
1 14 2
195 426
1 12 2
300 552
1 11 2
531 557
1 6 2
88 740
1 13 2
616 666
1 15 2
167 760
1 12 2
372 617
1 8 2
159 799
1 11 2
174 692
1 11 2
100 180
1 11 2
361 421
1 7 2
291 635
1 13 2
234 311
1 14 2
395 496
1 11 2
42 190
1 11 2
573 694
1 15 2
178 617
1 10 2
182 229
1 15 2
396 582
1 6 2
401 736
1 2 2
465 467
1 9 2
129 748
1 11 2
405 556
1 15 2
154 292
1 18 2
125 692
1 7 2
181 624
1 11 2
347 398
1 17 2
311 699
1 16 2
366 749
1 13 2
13 594
1 12 2
104 160
1 12 2
423 452
1 13 2
44 180
1 14 2
229 571
1 13 2
228 230
1 12 2
114 746
1 7 2
475 560
1 14 2
283 655
1 12 2
532 648
1 10 2
503 622
1 20 2
514 737
1 18 2
393 708
1 11 2
234 683
1 9 2
381 753
1 17 2
545 666
1 9 2
14 362
1 6 2
189 251
1 14 2
105 340
1 11 2
634 777
1 16 2
32 405
1 7 2
357 400
1 13 2
158 382
1 6 2
32 379
1 19 2
206 744
1 8 2
323 446
1 10 2
455 756
1 19 2
218 441
1 2 2
287 727
1 16 2
513 666
1 12 2
185 784
1 5 2
134 328
1 8 2
59 324
1 11 2
81 791
1 10 2
1 501
1 9 2
253 714
1 2 2
55 211
1 19 2
78 666
1 13 2
282 682
1 11 2
177 407
1 8 2
24 188
1 12 2
397 672
1 10 2
227 665
1 10 2
462 483
1 8 2
428 693
1 5 2
135 375
1 7 2
380 600
1 5 2
362 613
1 18 2
147 155
1 12 2
384 509
1 3 2
193 586
1 5 2
346 703
1 15 2
97 607
1 12 2
229 520
1 10 2
338 500
1 3 2
660 702
1 6 2
704 717
1 8 2
695 781
1 8 2
360 415
1 12 2
277 549
1 14 2
236 563
1 5 2
88 193
1 13 2
395 528
1 15 2
154 635
1 6 2
38 166
1 16 2
239 661
1 14 2
252 731
1 9 2
228 758
1 8 2
649 682
1 12 2
682 729
1 5 2
320 520
1 7 2
81 600
1 7 2
156 684
1 15 2
276 577
1 11 2
100 621
1 6 2
255 500
1 3 2
438 583
1 9 2
453 475
1 9 2
47 507
1 8 2
421 494
1 13 2
94 186
1 14 2
514 519
1 12 2
205 544
1 11 2
90 696
1 10 2
333 628
1 13 2
584 602
1 15 2
78 496
1 9 2
583 608
1 15 2
102 167
1 5 2
528 723
1 12 2
309 628
1 9 2
505 738
1 8 2
270 422
1 9 2
247 603
1 3 2
142 483
1 16 2
363 529
1 10 2
68 582
1 9 2
167 460
1 7 2
380 550
1 7 2
706 719
1 15 2
179 190
1 9 2
289 307
1 20 2
462 514
1 15 2
152 180
1 7 2
287 728
1 8 2
606 741
1 12 2
330 360
1 6 2
235 760
1 14 2
71 716
1 3 2
35 416
1 18 2
147 237
1 10 2
175 700
1 16 2
121 312
1 18 2
195 664
1 12 2
186 574
1 8 2
284 455
1 13 2
90 497
1 12 2
1 684
1 10 2
343 355
1 17 2
263 692
1 8 2
216 543
1 7 2
50 500
1 15 2
1 708
1 17 2
357 527
1 13 2
26 133
1 13 2
230 506
1 16 2
513 544
1 9 2
186 565
1 7 2
215 617
1 10 2
455 469
1 6 2
82 407
1 5 2
110 250
1 11 2
270 336
1 6 2
601 620
1 3 2
4 56
1 17 2
282 564
1 4 2
510 759
1 5 2
194 627
1 13 2
376 772
1 10 2
150 233
1 11 2
7 72
1 13 2
20 148
1 14 2
223 777
1 16 2
131 377
1 6 2
94 572
1 9 2
495 556
1 11 2
33 245
1 13 2
199 252
1 8 2
390 702
1 9 2
489 619
1 15 2
237 778
1 15 2
33 435
1 13 2
558 787
1 5 2
325 597
1 7 2
66 82
1 18 2
195 547
1 11 2
307 619
1 12 2
315 414
1 7 2
241 711
1 2 2
626 712
1 11 2
102 617
1 13 2
577 584
1 9 2
414 642
1 19 2
223 697
1 17 2
212 674
1 6 2
217 310
1 18 2
80 664
1 14 2
290 717
1 5 2
418 466
1 15 2
495 716
1 8 2
474 776
1 12 2
177 307
1 14 2
99 209
1 13 2
282 450
1 17 2
277 666
1 14 2
186 569
1 8 2
586 754
1 10 2
92 717
1 8 2
317 752
1 15 2
453 697
1 16 2
114 155
1 14 2
283 674
1 12 2
150 720
1 9 2
190 468
1 5 2
22 142
1 16 2
430 695
1 8 2
541 635
1 11 2
137 649
1 9 2
484 744
1 18 2
159 363
1 4 2
156 492
1 9 2
463 574
1 4 2
22 138
1 14 2
270 315
1 4 2
418 652
1 17 2
218 669
1 10 2
290 457
1 13 2
338 770
1 14 2
302 385
1 3 2
151 231
1 10 2
444 553
1 14 2
413 589
1 11 2
114 375
1 7 2
215 778
1 14 2
582 609
1 6 2
63 193
1 5 2
188 662
1 15 2
229 380
1 8 2
274 334
1 17 2
580 744
1 11 2
141 616
1 12 2
41 228
1 14 2
223 450
1 14 2
218 552
1 9 2
327 708
1 10 2
33 242
1 14 2
298 503
1 7 2
52 426
1 16 2
199 226
1 14 2
90 426
1 9 2
152 556
1 6 2
149 329
1 19 2
342 396
1 12 2
111 788
1 9 2
193 609
1 14 2
28 797
1 16 2
561 564
1 11 2
12 743
1 8 2
25 234
1 8 2
176 367
1 12 2
12 31
1 9 2
307 385
1 4 2
421 723
1 13 2
34 290
1 14 2
280 357
1 12 2
543 592
1 9 2
259 599
1 10 2
674 762
1 15 2
502 628
1 10 2
60 587
1 12 2
305 495
1 16 2
78 86
1 15 2
270 397
1 12 2
73 685
1 6 2
295 567
1 18 2
99 716
1 2 2
113 371
1 11 2
259 407
1 14 2
621 750
1 5 2
317 627
1 9 2
494 789
1 11 2
249 537
1 11 2
81 415
1 3 2
232 786
1 12 2
188 405
1 11 2
427 728
1 8 2
502 578
1 4 2
204 782
1 12 2
665 772
1 6 2
57 222
1 9 2
605 766
1 12 2
665 797
1 8 2
35 167
1 11 2
24 724
1 2 2
668 675
1 19 2
80 186
1 5 2
62 597
1 16 2
265 282
1 16 2
514 750
1 15 2
289 788
1 7 2
41 743
1 14 2
213 717
1 6 2
188 339
1 7 2
407 485
1 13 2
603 696
1 6 2
96 254
1 6 2
71 371
1 14 2
331 426
1 14 2
41 514
1 8 2
643 778
1 7 2
166 668
1 9 2
178 518
1 17 2
530 715
1 13 2
206 794
1 17 2
89 429
1 14 2
111 270
1 11 2
394 413
1 8 2
135 635
1 10 2
248 322
1 14 2
342 746
1 8 2
112 514
1 2 2
479 566
1 14 2
114 376
1 10 2
630 791
1 5 2
460 678
1 6 2
242 325
1 14 2
589 768
1 10 2
618 686
1 11 2
78 457
1 14 2
456 588
1 6 2
679 793
1 19 2
104 441
1 12 2
8 302
1 4 2
123 153
1 11 2
1 18
1 13 2
133 694
1 15 2
266 306
1 17 2
97 120
1 10 2
207 333
1 6 2
101 738
1 15 2
20 383
1 10 2
609 707
1 4 2
129 518
1 19 2
99 697
1 11 2
791 797
1 11 2
274 617
1 18 2
226 531
1 15 2
131 699
1 6 2
2 398
1 13 2
222 776
1 10 2
180 188
1 11 2
62 73
1 16 2
441 592
1 16 2
602 695
1 16 2
97 706
1 16 2
87 185
1 5 2
72 310
1 10 2
64 128
1 13 2
1 426
1 9 2
47 344
1 13 2
592 728
1 15 2
15 733
1 6 2
562 707
1 9 2
128 419
1 12 2
383 710
1 10 2
30 427
1 15 2
282 293
1 11 2
640 777
1 10 2
495 622
1 13 2
160 525
1 9 2
263 492
1 8 2
322 425
1 12 2
88 119
1 14 2
80 538
1 12 2
783 798
1 15 2
119 426
1 11 2
240 346
1 15 2
661 726
1 10 2
59 318
1 9 2
192 691
1 9 2
134 316
1 8 2
121 542
1 8 2
123 248
1 17 2
89 342
1 6 2
249 449
1 5 2
24 629
1 11 2
406 722
1 8 2
379 776
1 7 2
48 262
1 11 2
266 549
1 12 2
395 774
1 12 2
106 607
1 16 2
496 628
1 7 2
343 375
1 17 2
264 270
1 7 2
491 634
1 8 2
376 407
1 7 2
3 655
1 15 2
236 650
1 8 2
421 620
1 10 2
210 455
1 8 2
18 613
1 13 2
74 105
1 13 2
81 490
1 18 2
340 608
1 11 2
99 135
1 16 2
398 509
1 11 2
481 608
1 11 2
106 560
1 9 2
68 640
1 16 2
128 478
1 14 2
137 639
1 9 2
174 305
1 8 2
273 344
1 15 2
199 619
1 15 2
485 737
1 13 2
604 729
1 8 2
650 784
1 13 2
108 733
1 17 2
580 748
1 4 2
38 310
1 7 2
630 668
1 13 2
177 294
1 8 2
42 413
1 4 2
50 645
1 10 2
196 625
1 17 2
530 625
1 9 2
429 663
1 4 2
329 522
1 6 2
77 542
1 7 2
379 778
1 7 2
6 282
1 5 2
46 767
1 11 2
101 547
1 18 2
239 441
1 12 2
168 611
1 11 2
128 255
1 7 2
162 593
1 11 2
718 733
1 10 2
234 640
1 13 2
648 751
1 3 2
145 660
1 7 2
150 526
1 16 2
595 744
1 11 2
32 347
1 6 2
284 526
1 17 2
233 514
1 9 2
63 501
1 5 2
529 591
1 15 2
503 580
1 7 2
219 493
1 18 2
423 706
1 11 2
173 190
1 10 2
33 96
1 8 2
255 733
1 12 2
500 787
1 18 2
97 625
1 9 2
384 538
1 19 2
619 648
1 14 2
44 176
1 8 2
205 341
1 13 2
302 305
1 8 2
286 342
1 7 2
312 521
1 8 2
24 257
1 16 2
666 731
1 17 2
530 764
1 6 2
115 258
1 6 2
65 413
1 10 2
427 621
1 3 2
244 336
1 8 2
742 751
1 8 2
493 754
1 8 2
204 233
1 15 2
167 630
1 7 2
175 793
1 9 2
433 524
1 7 2
72 118
1 12 2
22 414
1 14 2
497 577
1 15 2
628 656
1 10 2
24 567
1 7 2
22 466
1 7 2
75 114
1 12 2
126 512
1 8 2
338 614
1 19 2
125 749
1 18 2
429 708
1 10 2
119 597
1 13 2
656 674
1 19 2
124 580
1 9 2
106 216
1 9 2
265 474
1 13 2
567 666
1 6 2
163 432
1 16 2
15 661
1 2 2
575 660
1 7 2
419 506
1 17 2
44 259
1 12 2
171 531
1 10 2
97 408
1 11 2
158 453
1 2 2
224 407
1 9 2
44 461
1 11 2
108 328
1 15 2
131 239
1 9 2
322 513
1 14 2
160 749
1 8 2
41 388
1 7 2
653 661
1 14 2
265 706
1 12 2
519 641
1 11 2
126 651
1 4 2
150 479
1 16 2
212 640
1 20 2
358 689
1 11 2
726 789
1 4 2
132 533
1 14 2
345 593
1 16 2
311 639
1 11 2
101 430
1 14 2
226 569
1 4 2
258 680
1 8 2
413 766
1 17 2
218 602
1 11 2
199 245
1 11 2
240 740
1 7 2
373 511
1 7 2
272 780
1 9 2
327 603
1 12 2
527 613
1 14 2
282 796
1 12 2
480 580
1 12 2
441 466
1 3 2
113 332
1 6 2
556 763
1 3 2
0 786
1 10 2
181 746
1 5 2
85 650
1 6 2
305 335
1 9 2
489 632
1 18 2
506 720
1 7 2
418 651
1 8 2
63 614
1 7 2
280 314
1 14 2
177 659
1 9 2
296 785
1 16 2
152 625
1 6 2
90 581
1 19 2
363 716
1 18 2
125 689
1 4 2
142 541
1 14 2
213 451
1 17 2
311 431
1 13 2
429 442
1 8 2
13 208
1 9 2
606 614
1 4 2
187 194
1 14 2
95 579
1 16 2
585 750
1 9 2
316 343
1 15 2
226 366
1 6 2
44 465
1 15 2
625 750
1 14 2
148 684
1 10 2
245 605
1 7 2
30 351
1 15 2
47 316
1 5 2
98 327
1 16 2
175 431
1 10 2
155 743
1 12 2
149 779
1 4 2
317 681
1 12 2
561 794
1 13 2
455 630
1 13 2
152 199
1 18 2
527 639
1 10 2
152 539
1 20 2
178 689
1 17 2
585 748
1 11 2
23 337
1 8 2
498 695
1 20 2
15 587
1 13 2
656 695
1 3 2
75 384
1 10 2
147 198
1 6 2
51 508
1 14 2
13 48
1 8 2
85 393
1 7 2
169 513
1 15 2
525 760
1 14 2
293 690
1 6 2
32 780
1 3 2
488 541
1 6 2
47 479
1 7 2
58 364
1 9 2
450 774
1 10 2
486 495
1 10 2
246 402
1 15 2
209 527
1 5 2
98 705
1 9 2
584 717
1 15 2
276 593
1 9 2
16 255
1 8 2
52 139
1 12 2
26 97
1 9 2
220 791
1 9 2
261 421
1 9 2
378 529
1 17 2
223 357
1 19 2
15 619
1 15 2
356 589
1 15 2
298 302
1 7 2
332 485
1 13 2
107 731
1 17 2
664 683
1 9 2
451 655
1 14 2
429 617
1 15 2
97 137
1 9 2
437 498
1 9 2
253 453
1 19 2
89 737
1 11 2
383 541
1 8 2
222 251
1 6 2
742 762
1 13 2
413 692
1 16 2
13 316
1 2 2
244 645
1 15 2
81 699
1 10 2
208 290
1 11 2
189 788
1 4 2
255 295
1 14 2
381 715
1 10 2
522 602
1 6 2
464 513
1 14 2
74 588
1 9 2
449 459
1 15 2
180 192
1 12 2
82 87
1 15 2
249 361
1 14 2
186 768
1 8 2
421 604
1 14 2
48 779
1 14 2
396 443
1 15 2
86 340
1 12 2
455 659
1 4 2
367 454
1 7 2
227 241
1 14 2
131 755
1 8 2
292 391
1 9 2
777 783
1 10 2
7 31
1 20 2
240 396
1 10 2
528 538
1 12 2
699 739
1 13 2
263 768
1 16 2
305 632
1 6 2
238 751
1 18 2
73 87
1 5 2
451 702
1 13 2
459 654
1 14 2
430 714
1 4 2
169 200
1 10 2
504 744
1 14 2
89 797
1 9 2
89 663
1 17 2
108 330
1 16 2
185 281
1 7 2
143 279
1 13 2
92 505
1 13 2
476 640
1 10 2
365 447
1 16 2
14 543
1 13 2
155 313
1 18 2
89 716
1 3 2
473 767
1 5 2
30 288
1 8 2
13 215
1 7 2
182 274
1 4 2
616 771
1 13 2
281 404
1 7 2
274 542
1 4 2
334 403
1 10 2
161 496
1 7 2
31 753
1 15 2
609 733
1 13 2
455 661
1 8 2
481 630
1 6 2
135 425
1 10 2
186 663
1 15 2
297 425
1 6 2
523 623
1 8 2
586 610
1 12 2
41 447
1 13 2
606 731
1 13 2
339 587
1 14 2
49 364
1 15 2
176 779
1 13 2
43 526
1 8 2
63 327
1 7 2
184 776
1 10 2
157 252
1 10 2
97 474
1 14 2
441 549
1 9 2
421 610
1 4 2
484 780
1 7 2
44 460
1 8 2
65 298
1 11 2
180 421
1 3 2
162 379
1 10 2
168 269
1 15 2
385 669
1 10 2
273 753
1 8 2
179 498
1 6 2
586 794
1 5 2
347 472
1 8 2
524 624
1 14 2
607 787
1 5 2
400 746
1 10 2
667 751
1 12 2
513 778
1 12 2
222 264
1 9 2
269 294
1 8 2
10 175
1 11 2
421 690
1 18 2
306 580
1 9 2
174 635
1 10 2
416 628
1 7 2
103 639
1 14 2
12 24
1 12 2
194 585
1 17 2
147 797
1 17 2
632 683
1 16 2
33 306
1 7 2
401 740
1 7 2
256 754
1 14 2
199 414
1 20 2
186 729
1 12 2
175 659
1 8 2
537 622
1 14 2
165 494
1 10 2
326 502
1 11 2
326 496
1 11 2
538 617
1 9 2
467 730
1 4 2
64 215
1 14 2
32 602
1 9 2
561 745
1 5 2
162 347
1 11 2
26 625
1 7 2
95 781
1 11 2
185 773
1 17 2
81 441
1 4 2
548 707
1 16 2
628 754
1 14 2
595 699
1 7 2
239 615
1 16 2
435 798
1 9 2
308 794
1 9 2
444 504
1 9 2
461 495
1 9 2
346 748
1 10 2
31 140
1 15 2
40 715
1 15 2
175 611
1 19 2
544 639
1 16 2
159 430
1 16 2
342 754
1 12 2
463 529
1 9 2
731 758
1 4 2
22 299
1 13 2
80 115
1 7 2
357 464
1 5 2
5 40
1 12 2
263 789
1 13 2
16 313
1 13 2
269 330
1 19 2
405 602
1 7 2
60 199
1 9 2
134 661
1 9 2
280 597
1 6 2
454 643
1 10 2
78 719
1 11 2
303 444
1 12 2
120 161
1 15 2
229 726
1 14 2
74 672
1 5 2
145 553
1 19 2
165 577
1 11 2
230 274
1 8 2
156 607
1 17 2
78 640
1 5 2
646 792
1 11 2
779 791
1 19 2
78 414
1 11 2
171 316
1 7 2
59 460
1 9 2
464 577
1 18 2
128 731
1 6 2
31 480
1 16 2
44 206
1 9 2
338 654
1 8 2
204 330
1 6 2
567 782
1 16 2
595 788
1 5 2
144 613
1 17 2
283 383
1 6 2
278 375
1 15 2
170 587
1 15 2
281 393
1 8 2
250 649
1 11 2
170 739
1 15 2
175 370
1 11 2
105 772
1 8 2
266 765
1 13 2
593 665
1 19 2
73 406
1 5 2
58 374
1 15 2
511 672
1 17 2
89 383
1 17 2
383 797
1 6 2
553 613
1 8 2
153 496
1 5 2
636 763
1 15 2
29 186
1 12 2
165 448
1 8 2
346 610
1 13 2
441 500
1 12 2
307 514
1 16 2
608 679
1 13 2
355 485
1 14 2
28 390
1 16 2
264 459
1 19 2
363 787
1 11 2
13 146
1 11 2
611 717
1 13 2
140 590
1 6 2
153 161
1 18 2
444 689
1 12 2
532 632
1 7 2
452 466
1 17 2
272 589
1 3 2
193 702
1 11 2
34 201
1 20 2
396 577
1 13 2
368 589
1 5 2
704 783
1 11 2
250 358
1 6 2
57 620
1 9 2
59 535
1 11 2
265 520
1 14 2
337 665
1 9 2
158 528
1 10 2
301 457
1 15 2
311 476
1 11 2
619 765
1 8 2
607 686
1 16 2
159 579
1 15 2
104 593
1 12 2
265 303
1 19 2
21 358
1 16 2
357 361
1 7 2
55 716
1 2 2
85 795
1 15 2
214 280
1 13 2
32 104
1 3 2
493 631
1 13 2
18 689
1 9 2
60 547
1 10 2
261 623
1 11 2
650 760
1 10 2
181 285
1 11 2
174 530
1 8 2
574 684
1 7 2
72 126
1 12 2
289 606
1 14 2
470 592
1 10 2
328 625
1 15 2
74 618
1 5 2
173 268
1 8 2
372 374
1 8 2
150 442
1 12 2
128 461
1 8 2
42 227
1 12 2
92 440
1 17 2
530 619
1 7 2
388 654
1 18 2
302 383
1 11 2
667 770
1 8 2
247 683
1 18 2
306 470
1 11 2
415 588
1 12 2
245 776
1 12 2
245 512
1 13 2
342 790
1 4 2
275 563
1 15 2
24 99
1 12 2
281 453
1 8 2
414 712
1 16 2
429 506
1 7 2
664 761
1 20 2
406 527
1 11 2
59 252
1 9 2
27 96
1 10 2
384 593
1 9 2
705 715
1 6 2
32 268
1 11 2
310 579
1 18 2
531 577
1 18 2
108 406
1 12 2
171 414
1 9 2
37 294
1 18 2
190 429
1 17 2
233 764
1 4 2
23 57
1 10 2
344 435
1 16 2
585 665
1 16 2
602 770
1 10 2
41 71
1 17 2
340 611
1 12 2
377 790
1 8 2
28 704
1 11 2
564 766
1 14 2
455 564
1 7 2
537 658
1 9 2
444 482
1 5 2
332 510
1 4 2
132 597
1 15 2
455 692
1 12 2
463 778
1 11 2
50 201
1 17 2
446 609
1 12 2
340 784
1 20 2
43 405
1 9 2
225 525
1 14 2
178 245
1 9 2
143 233
1 14 2
357 543
1 10 2
322 635
1 12 2
81 733
1 7 2
390 705
1 9 2
200 237
1 13 2
12 51
1 10 2
15 678
1 8 2
209 250
1 10 2
332 429
1 8 2
200 274
1 10 2
232 697
1 10 2
369 585
1 14 2
650 764
1 7 2
724 759
1 10 2
672 773
1 15 2
441 724
1 11 2
37 446
1 18 2
97 119
1 16 2
73 447
1 14 2
154 655
1 6 2
526 652
1 11 2
137 149
1 13 2
185 502
1 18 2
547 602
1 17 2
97 634
1 3 2
53 389
1 11 2
87 452
1 15 2
611 679
1 16 2
102 363
1 13 2
490 639
1 15 2
377 726
1 16 2
44 669
1 10 2
328 639
1 8 2
110 573
1 9 2
195 636
1 17 2
708 748
1 15 2
149 383
1 8 2
193 396
1 16 2
201 666
1 9 2
66 495
1 8 2
94 160
1 17 2
90 393
1 20 2
12 383
1 5 2
482 790
1 8 2
54 147
1 7 2
307 774
1 11 2
18 744
1 8 2
201 379
1 10 2
140 741
1 17 2
514 635
1 7 2
191 510
1 13 2
158 358
1 10 2
20 59
1 9 2
102 622
1 10 2
86 356
1 7 2
526 643
1 10 2
226 232
1 17 2
290 538
1 6 2
0 326
1 10 2
242 635
1 7 2
51 504
1 20 2
223 587
1 10 2
316 399
1 14 2
114 538
1 19 2
414 632
1 7 2
506 570
1 10 2
241 404
1 7 2
202 789
1 9 2
68 402
1 10 2
459 542
1 9 2
349 720
1 15 2
178 775
1 7 2
43 516
1 9 2
648 799
1 16 2
236 635
1 5 2
558 767
1 6 2
197 711
1 5 2
129 785
1 8 2
61 611
1 10 2
122 669
1 7 2
111 174
1 9 2
200 496
1 10 2
212 743
1 11 2
372 755
1 7 2
192 698
1 11 2
480 530
1 18 2
167 441
1 15 2
382 426
1 7 2
325 534
1 13 2
527 574
1 10 2
475 571
1 14 2
635 679
1 14 2
316 524
1 13 2
13 490
1 5 2
210 371
1 10 2
298 773
1 16 2
7 693
1 10 2
364 385
1 11 2
151 316
1 15 2
28 104
1 5 2
578 597
1 5 2
94 343
1 15 2
147 252
1 4 2
515 622
1 6 2
184 538
1 14 2
530 655
1 14 2
212 655
1 8 2
668 726
1 7 2
71 262
1 17 2
236 385
1 9 2
1 486
1 7 2
20 232
1 8 2
260 708
1 7 2
706 725
1 10 2
67 500
1 10 2
145 177
1 5 2
360 687
1 12 2
453 582
1 15 2
277 380
1 5 2
315 320
1 7 2
10 718
1 16 2
81 167
1 15 2
170 223
1 13 2
155 717
1 5 2
411 448
1 16 2
300 506
1 8 2
357 542
1 12 2
531 789
1 10 2
71 520
1 15 2
308 441
1 11 2
210 754
1 12 2
42 692
1 16 2
544 695
1 17 2
181 749
1 11 2
230 345
1 20 2
43 186
1 16 2
588 764
1 13 2
415 744
1 14 2
48 618
1 5 2
183 650
1 12 2
28 261
1 9 2
123 154
1 7 2
479 609
1 15 2
195 543
1 11 2
478 775
1 7 2
103 214
1 10 2
564 722
1 11 2
128 468
1 10 2
219 366
1 11 2
95 293
1 4 2
72 238
1 6 2
77 362
1 13 2
41 233
1 9 2
656 756
1 3 2
172 391
1 11 2
361 638
1 5 2
366 551
1 6 2
60 567
1 7 2
299 580
1 8 2
563 643
1 4 2
144 407
1 12 2
186 324
1 7 2
617 637
1 10 2
254 749
1 12 2
160 770
1 13 2
370 659
1 11 2
37 404
1 14 2
252 447
1 16 2
89 106
1 13 2
90 714
1 14 2
185 651
1 9 2
68 768
1 6 2
390 472
1 10 2
404 534
1 18 2
233 589
1 12 2
273 656
1 5 2
208 481
1 8 2
38 593
1 7 2
513 786
1 16 2
547 776
1 11 2
476 569
1 10 2
44 784
1 6 2
617 668
1 6 2
285 652
1 17 2
124 233
1 17 2
306 430
1 13 2
458 798
1 8 2
146 605
1 7 2
548 726
1 9 2
287 587
1 8 2
68 88
1 8 2
402 510
1 14 2
394 706
1 12 2
242 689
1 7 2
0 274
1 15 2
181 580
1 4 2
204 461
1 7 2
22 324
1 7 2
578 590
1 18 2
393 585
1 9 2
158 617
1 4 2
484 653
1 18 2
414 669
1 6 2
179 183
1 12 2
213 253
1 16 2
179 587
1 8 2
489 731
1 4 2
477 637
1 9 2
50 404
1 16 2
531 595
1 16 2
14 571
1 10 2
110 587
1 19 2
311 509
1 9 2
119 386
1 15 2
729 775
1 11 2
16 31
1 8 2
227 442
1 12 2
29 276
1 12 2
497 571
1 14 2
45 396
1 9 2
568 600
1 20 2
223 511
1 14 2
92 176
1 11 2
480 648
1 19 2
306 587
1 16 2
619 726
1 7 2
461 746
1 9 2
105 160
1 8 2
273 556
1 13 2
96 609
1 2 2
473 646
1 14 2
16 520
1 6 2
558 636
1 12 2
325 749
1 13 2
398 496
1 9 2
14 127
1 8 2
121 735
1 6 2
434 610
1 2 2
488 591
1 17 2
459 724
1 14 2
68 240
1 17 2
106 223
1 11 2
178 704
1 10 2
347 526
1 7 2
477 667
1 11 2
616 724
1 13 2
301 497
1 13 2
176 630
1 20 2
259 749
1 17 2
15 176
1 11 2
171 237
1 13 2
125 746
1 7 2
100 156
1 19 2
73 306
1 5 2
583 789
1 11 2
196 509
1 10 2
282 343
1 9 2
478 532
1 7 2
344 790
1 11 2
100 564
1 9 2
239 407
1 3 2
184 522
1 14 2
220 223
1 12 2
552 639
1 12 2
331 469
1 14 2
218 656
1 7 2
253 315
1 20 2
297 715
1 7 2
24 492
1 10 2
51 276
1 16 2
74 228
1 10 2
457 609
1 8 2
3 376
1 3 2
38 637
1 9 2
341 722
1 5 2
158 734
1 8 2
62 116
1 4 2
353 520
1 11 2
47 777
1 9 2
359 579
1 17 2
223 621
1 18 2
15 104
1 10 2
7 612
1 7 2
170 225
1 13 2
1 447
1 16 2
470 580
1 15 2
380 592
1 17 2
12 47
1 15 2
49 102
1 8 2
196 755
1 20 2
459 561
1 7 2
166 200
1 9 2
50 714
1 8 2
140 660
1 8 2
191 526
1 12 2
20 672
1 3 2
566 624
1 6 2
51 704
1 5 2
427 734
1 19 2
80 527
1 8 2
379 608
1 13 2
530 606
1 10 2
44 433
1 14 2
48 179
1 11 2
28 313
1 13 2
152 754
1 14 2
441 443
1 11 2
8 137
1 11 2
146 301
1 9 2
266 451
1 9 2
289 391
1 16 2
672 749
1 10 2
175 251
1 18 2
89 206
1 14 2
283 656
1 6 2
2 728
1 18 2
133 621
1 15 2
340 610
1 14 2
148 751
1 6 2
477 622
1 4 2
279 449
1 6 2
540 672
1 13 2
683 752
1 15 2
715 797
1 10 2
324 579
1 10 2
143 530
1 10 2
186 262
1 15 2
152 476
1 7 2
98 694
1 9 2
171 649
1 6 2
348 777
1 10 2
358 492
1 8 2
316 598
1 15 2
609 630
1 16 2
298 441
1 13 2
402 744
1 7 2
172 277
1 9 2
132 585
1 8 2
235 525
1 4 2
278 493
1 4 2
55 504
1 14 2
450 462
1 4 2
344 780
1 13 2
272 772
1 15 2
587 753
1 10 2
134 265
1 11 2
322 361
1 17 2
148 619
1 9 2
15 271
1 5 2
320 485
1 18 2
49 431
1 10 2
71 623
1 14 2
233 545
1 10 2
34 620
1 13 2
233 733
1 8 2
449 525
1 4 2
362 399
1 18 2
176 423
1 12 2
71 230
1 5 2
653 751
1 12 2
207 696
1 7 2
0 665
1 13 2
430 558
1 12 2
545 775
1 6 2
359 520
1 6 2
171 533
1 19 2
16 459
1 20 2
223 270
1 8 2
375 685
1 3 2
636 780
1 5 2
413 428
1 8 2
88 774
1 8 2
463 546
1 8 2
335 414
1 13 2
30 277
1 9 2
514 780
1 3 2
60 353
1 18 2
78 690
1 18 2
396 648
1 4 2
327 343
1 10 2
403 628
1 12 2
7 388
1 7 2
380 771
1 11 2
305 567
1 14 2
590 749
1 6 2
192 540
1 8 2
246 318
1 10 2
365 695
1 14 2
206 620
1 18 2
186 639
1 15 2
377 455
1 10 2
107 567
1 13 2
364 625
1 20 2
78 259
1 16 2
282 330
1 7 2
55 263
1 13 2
404 610
1 14 2
141 233
1 5 2
523 627
1 8 2
189 341
1 18 2
370 462
1 11 2
692 709
1 18 2
272 509
1 12 2
269 656
1 8 2
124 646
1 9 2
331 474
1 13 2
589 701
1 12 2
62 669
1 10 2
179 623
1 5 2
313 712
1 6 2
110 777
1 9 2
30 638
1 4 2
436 654
1 9 2
452 776
1 13 2
14 111
1 3 2
72 479
1 9 2
111 630
1 8 2
105 562
1 16 2
544 665
1 7 2
121 786
1 12 2
315 423
1 2 2
36 204
1 11 2
413 760
1 7 2
518 772
1 14 2
207 209
1 4 2
407 498
1 13 2
90 605
1 3 2
344 786
1 15 2
514 610
1 16 2
385 462
1 6 2
183 543
1 10 2
154 182
1 11 2
141 560
1 9 2
524 742
1 9 2
213 757
1 17 2
87 363
1 13 2
293 476
1 18 2
177 316
1 12 2
253 405
1 12 2
604 697
1 6 2
134 700
1 2 2
5 491
1 15 2
160 587
1 6 2
424 784
1 14 2
95 798
1 15 2
248 729
1 15 2
28 380
1 4 2
499 696
1 6 2
95 314
1 8 2
218 631
1 6 2
249 757
1 4 2
371 713
1 19 2
128 377
1 7 2
126 553
1 9 2
443 560
1 15 2
175 277
1 14 2
207 381
1 10 2
128 386
1 9 2
584 701
1 14 2
67 505
1 15 2
311 665
1 8 2
189 640
1 8 2
750 767
1 10 2
546 664
1 11 2
100 179
1 14 2
512 760
1 9 2
298 391
1 17 2
476 514
1 13 2
253 664
1 14 2
74 440
1 16 2
525 679
1 11 2
495 534
1 12 2
171 311
1 9 2
306 712
1 10 2
485 573
1 13 2
223 766
1 8 2
415 507
1 13 2
338 750
1 8 2
142 218
1 16 2
176 580
1 10 2
245 651
1 9 2
583 764
1 11 2
228 560
1 10 2
613 748
1 8 2
54 297
1 18 2
263 511
1 11 2
18 114
1 15 2
16 381
1 13 2
137 385
1 9 2
32 763
1 9 2
258 437
1 5 2
35 279
1 10 2
338 502
1 8 2
148 260
1 6 2
77 400
1 16 2
7 512
1 10 2
267 382
1 8 2
469 519
1 12 2
282 756
1 9 2
93 431
1 20 2
459 587
1 8 2
407 592
1 9 2
45 160
1 10 2
212 638
1 11 2
179 402
1 8 2
672 702
1 3 2
54 782
1 12 2
402 772
1 14 2
274 716
1 12 2
22 233
1 13 2
18 788
1 8 2
699 759
1 6 2
95 767
1 10 2
38 585
1 12 2
74 160
1 11 2
250 406
1 11 2
133 407
1 8 2
281 745
1 17 2
664 679
1 17 2
628 731
1 7 2
0 659
1 7 2
344 402
1 9 2
321 356
1 11 2
89 713
1 16 2
201 229
1 11 2
450 512
1 6 2
637 791
1 18 2
89 577
1 7 2
325 717
1 14 2
519 589
1 12 2
48 413
1 15 2
87 300
1 10 2
102 168
1 9 2
124 515
1 11 2
606 796
1 9 2
168 791
1 7 2
137 422
1 15 2
59 544
1 13 2
116 470
1 7 2
391 790
1 7 2
65 95
1 15 2
430 476
1 12 2
358 658
1 9 2
7 735
1 10 2
456 654
1 20 2
240 708
1 7 2
69 274
1 6 2
173 452
1 9 2
564 758
1 11 2
607 751
1 13 2
294 393
1 10 2
336 690
1 16 2
283 729
1 12 2
205 764
1 10 2
306 510
1 9 2
258 568
1 16 2
476 602
1 8 2
228 624
1 12 2
114 158
1 10 2
452 641
1 20 2
12 544
1 4 2
622 745
1 17 2
212 218
1 16 2
223 655
1 18 2
185 226
1 15 2
292 625
1 9 2
128 314
1 7 2
432 635
1 10 2
118 502
1 8 2
353 423
1 6 2
642 768
1 20 2
165 737
1 16 2
608 760
1 6 2
64 442
1 13 2
137 760
1 12 2
375 699
1 8 2
70 475
1 12 2
62 259
1 9 2
52 340
1 19 2
49 306
1 16 2
108 380
1 4 2
168 732
1 7 2
280 575
1 13 2
228 791
1 10 2
86 768
1 10 2
3 342
1 7 2
528 652
1 9 2
577 601
1 3 2
143 581
1 3 2
53 723
1 4 2
216 636
1 12 2
376 733
1 12 2
207 746
1 6 2
202 328
1 12 2
33 478
1 4 2
54 623
1 13 2
442 708
1 5 2
548 700
1 9 2
29 319
1 15 2
301 593
1 5 2
54 345
1 5 2
536 754
1 20 2
544 609
1 6 2
451 474
1 9 2
208 406
1 16 2
87 748
1 14 2
526 585
1 3 2
208 799
1 7 2
214 417
1 4 2
410 590
1 10 2
544 741
1 10 2
119 129
1 14 2
326 544
1 14 2
186 425
1 13 2
308 512
1 5 2
248 761
1 11 2
205 265
1 4 2
57 93
1 8 2
668 744
1 14 2
209 342
1 20 2
544 720
1 9 2
87 332
1 9 2
104 735
1 13 2
261 296
1 9 2
336 748
1 12 2
236 501
1 5 2
194 250
1 8 2
71 508
1 10 2
474 729
1 6 2
284 644
1 14 2
78 567
1 11 2
133 758
1 19 2
236 337
1 15 2
165 289
1 19 2
358 511
1 11 2
476 684
1 20 2
587 648
1 11 2
365 618
1 7 2
343 552
1 5 2
143 262
1 9 2
372 450
1 6 2
478 612
1 12 2
8 159
1 11 2
77 478
1 16 2
152 430
1 10 2
167 484
1 20 2
406 577
1 19 2
609 666
1 8 2
191 623
1 11 2
95 640
1 10 2
69 689
1 13 2
185 616
1 17 2
47 689
1 13 2
249 272
1 6 2
387 498
1 13 2
365 720
1 13 2
311 563
1 13 2
12 682
1 13 2
376 453
1 7 2
515 775
1 8 2
287 561
1 10 2
248 360
1 8 2
164 462
1 7 2
247 755
1 12 2
166 276
1 10 2
338 442
1 9 2
201 418
1 12 2
237 246
1 20 2
628 669
1 10 2
497 620
1 20 2
206 423
1 7 2
300 615
1 6 2
296 565
1 9 2
384 699
1 15 2
108 404
1 6 2
597 686
1 9 2
42 81
1 5 2
424 445
1 18 2
90 383
1 10 2
132 730
1 12 2
368 531
1 10 2
21 482
1 14 2
661 748
1 5 2
184 768
1 8 2
375 526
1 12 2
276 772
1 10 2
455 753
1 10 2
68 695
1 15 2
7 261
1 13 2
265 552
1 9 2
477 748
1 8 2
530 705
1 5 2
19 294
1 16 2
73 564
1 16 2
380 414
1 20 2
49 509
1 12 2
106 227
1 10 2
94 345
1 17 2
406 545
1 8 2
125 550
1 17 2
99 201
1 9 2
755 784
1 5 2
468 658
1 8 2
272 468
1 6 2
175 575
1 7 2
351 496
1 13 2
173 715
1 16 2
236 440
1 8 2
88 654
1 14 2
90 292
1 9 2
44 310
1 9 2
66 543
1 17 2
44 689
1 16 2
67 511
1 13 2
207 567
1 9 2
334 394
1 6 2
10 111
1 7 2
180 291
1 6 2
483 651
1 15 2
89 679
1 13 2
481 749
1 7 2
638 796
1 10 2
415 630
1 12 2
106 777
1 14 2
405 500
1 12 2
27 301
1 15 2
356 749
1 14 2
163 693
1 8 2
177 472
1 13 2
128 365
1 9 2
644 792
1 12 2
444 667
1 12 2
43 694
1 7 2
311 555
1 12 2
43 686
1 7 2
409 571
1 5 2
247 427
1 12 2
440 573
1 8 2
494 498
1 2 2
132 193
1 13 2
90 718
1 11 2
316 480
1 13 2
28 273
1 13 2
154 794
1 14 2
423 607
1 20 2
414 514
1 15 2
89 273
1 13 2
383 643
1 2 2
54 482
1 5 2
668 765
1 10 2
158 655
1 11 2
304 496
1 17 2
506 527
1 16 2
47 632
1 8 2
344 630
1 10 2
676 766
1 18 2
124 729
1 14 2
49 107
1 9 2
83 358
1 14 2
376 495
1 15 2
120 201
1 17 2
165 229
1 14 2
561 684
1 6 2
486 553
1 17 2
49 176
1 16 2
223 714
1 6 2
143 205
1 17 2
531 770
1 7 2
26 685
1 13 2
139 385
1 14 2
385 731
1 5 2
257 546
1 9 2
597 726
1 17 2
178 748
1 11 2
623 634
1 10 2
308 534
1 17 2
44 128
1 2 2
540 780
1 15 2
131 779
1 4 2
173 260
1 14 2
240 584
1 14 2
656 787
1 9 2
197 737
1 7 2
1 445
1 15 2
212 266
1 7 2
693 786
1 11 2
145 585
1 11 2
321 640
1 8 2
210 253
1 14 2
298 695
1 5 2
351 578
1 14 2
248 355
1 13 2
177 191
1 7 2
94 313
1 6 2
272 314
1 9 2
120 196
1 14 2
640 641
1 11 2
154 466
1 10 2
141 234
1 13 2
174 396
1 17 2
669 679
1 10 2
319 731
1 8 2
141 572
1 9 2
460 568
1 13 2
41 435
1 10 2
120 534
1 7 2
135 261
1 11 2
270 343
1 9 2
420 577
1 10 2
452 513
1 16 2
585 760
1 13 2
520 632
1 5 2
309 555
1 7 2
109 538
1 17 2
312 414
1 16 2
462 496
1 20 2
270 544
1 14 2
623 749
1 10 2
444 707
1 6 2
247 684
1 9 2
242 447
1 6 2
536 588
1 5 2
168 581
1 9 2
262 505
1 15 2
358 398
1 13 2
733 744
1 10 2
201 399
1 14 2
495 538
1 6 2
107 271
1 7 2
411 640
1 11 2
18 121
1 15 2
95 628
1 10 2
71 86
1 13 2
321 382
1 9 2
3 545
1 8 2
86 484
1 13 2
7 789
1 20 2
124 585
1 8 2
401 466
1 5 2
103 293
1 17 2
139 178
1 17 2
155 282
1 18 2
603 664
1 8 2
224 462
1 9 2
12 197
1 8 2
353 720
1 17 2
531 625
1 4 2
541 719
1 11 2
234 679
1 11 2
513 775
1 11 2
229 584
1 7 2
239 771
1 14 2
229 292
1 10 2
71 294
1 10 2
212 782
1 12 2
539 628
1 8 2
201 743
1 17 2
207 431
1 15 2
99 227
1 8 2
485 784
1 5 2
98 407
1 14 2
239 249
1 8 2
67 703
1 13 2
619 686
1 7 2
22 250
1 10 2
399 697
1 13 2
179 776
1 10 2
378 380
1 20 2
363 589
1 20 2
236 462
1 10 2
196 435
1 3 2
555 723
1 6 2
200 654
1 18 2
297 377
1 11 2
343 689
1 15 2
126 223
1 19 2
177 669
1 13 2
429 684
1 9 2
418 602
1 8 2
511 653
1 8 2
457 739
1 8 2
136 240
1 13 2
513 640
1 7 2
33 122
1 16 2
89 674
1 7 2
219 391
1 11 2
237 713
1 4 2
319 460
1 8 2
106 735
1 7 2
288 618
1 17 2
283 547
1 11 2
133 359
1 4 2
413 657
1 8 2
340 732
1 15 2
297 381
1 12 2
699 768
1 11 2
119 638
1 8 2
167 712
1 10 2
240 416
1 13 2
213 789
1 12 2
106 413
1 12 2
684 693
1 13 2
223 534
1 7 2
583 755
1 19 2
16 585
1 14 2
331 398
1 15 2
32 527
1 15 2
21 347
1 13 2
331 659
1 12 2
552 754
1 20 2
405 589
1 16 2
544 635
1 14 2
152 266
1 8 2
123 376
1 11 2
51 426
1 13 2
618 676
1 6 2
98 709
1 16 2
99 293
1 10 2
4 218
1 9 2
258 272
1 17 2
525 580
1 13 2
370 426
1 11 2
377 685
1 12 2
24 779
1 20 2
133 155
1 4 2
196 734
1 8 2
469 774
1 7 2
357 373
1 6 2
188 310
1 12 2
307 441
1 10 2
679 694
1 11 2
12 344
1 18 2
589 625
1 6 2
68 295
1 5 2
238 604
1 12 2
496 569
1 11 2
365 706
1 13 2
706 797
1 8 2
28 492
1 14 2
366 628
1 8 2
303 746
1 10 2
29 768
1 6 2
0 82
1 9 2
247 429
1 19 2
342 716
1 12 2
294 595
1 7 2
7 417
1 12 2
406 534
1 8 2
225 695
1 9 2
48 475
1 20 2
16 664
1 10 2
65 236
1 19 2
297 764
1 20 2
178 708
1 18 2
380 580
1 12 2
281 718
1 12 2
59 672
1 4 2
596 766
1 7 2
47 235
1 6 2
518 775
1 6 2
325 448
1 5 2
50 758
1 12 2
28 478
1 15 2
139 787
1 12 2
151 236
1 10 2
500 592
1 7 2
431 432
1 17 2
114 602
1 18 2
147 430
1 12 2
316 537
1 19 2
16 749
1 14 2
199 280
1 12 2
158 580
1 13 2
580 644
1 12 2
82 437
1 11 2
710 787
1 13 2
401 798
1 6 2
210 636
1 10 2
10 342
1 7 2
334 774
1 12 2
571 791
1 16 2
176 716
1 18 2
108 259
1 9 2
381 520
1 16 2
223 750
1 12 2
277 537
1 19 2
301 720
1 17 2
125 564
1 12 2
175 347
1 14 2
360 405
1 7 2
432 621
1 7 2
242 701
1 12 2
413 580
1 16 2
44 124
1 7 2
324 392
1 9 2
273 322
1 5 2
424 574
1 10 2
99 416
1 10 2
295 689
1 17 2
73 74
1 8 2
89 329
1 13 2
43 789
1 7 2
66 485
1 14 2
577 667
1 8 2
122 331
1 10 2
42 281
1 16 2
545 716
1 10 2
354 531
1 15 2
330 455
1 14 2
67 693
1 16 2
213 274
1 11 2
561 597
1 10 2
32 655
1 8 2
24 391
1 12 2
77 641
1 16 2
179 628
1 4 2
336 464
1 7 2
41 597
1 6 2
9 219
1 14 2
131 179
1 16 2
290 447
1 15 2
311 564
1 12 2
134 730
1 12 2
537 634
1 6 2
323 443
1 14 2
300 372
1 9 2
469 768
1 12 2
114 246
1 15 2
661 731
1 17 2
693 729
1 6 2
516 693
1 10 2
165 343
1 11 2
51 706
1 12 2
176 520
1 18 2
363 639
1 18 2
13 49
1 8 2
746 756
1 12 2
158 214
1 15 2
497 589
1 13 2
304 393
1 12 2
96 577
1 10 2
107 220
1 4 2
418 759
1 17 2
218 683
1 13 2
649 731
1 15 2
102 148
1 12 2
3 462
1 13 2
177 562
1 10 2
268 589
1 12 2
261 463
1 11 2
146 708
1 8 2
98 752
1 2 2
288 660
1 8 2
118 765
1 15 2
595 661
1 8 2
32 584
1 13 2
24 185
1 11 2
339 414
1 17 2
7 237
1 14 2
459 534
1 16 2
97 647
1 11 2
341 606
1 16 2
455 666
1 16 2
544 754
1 12 2
152 234
1 11 2
165 782
1 13 2
18 358
1 5 2
535 583
1 17 2
272 577
1 5 2
519 550
1 16 2
664 748
1 8 2
74 329
1 12 2
213 504
1 15 2
13 495
1 4 2
136 766
1 9 2
73 757
1 13 2
345 370
1 12 2
170 760
1 7 2
588 771
1 6 2
307 638
1 5 2
294 723
1 8 2
161 558
1 12 2
119 777
1 12 2
338 538
1 14 2
7 563
1 7 2
429 521
1 12 2
245 280
1 9 2
334 505
1 12 2
167 303
1 13 2
505 792
1 8 2
161 451
1 14 2
401 716
1 14 2
588 635
1 9 2
192 624
1 7 2
160 332
1 7 2
58 520
1 9 2
128 371
1 11 2
481 787
1 7 2
56 177
1 14 2
383 535
1 15 2
195 779
1 6 2
310 722
1 12 2
277 413
1 11 2
234 706
1 7 2
611 668
1 15 2
118 165
1 15 2
265 776
1 11 2
507 579
1 17 2
7 214
1 11 2
670 708
1 9 2
524 710
1 6 2
347 464
1 6 2
50 339
1 15 2
195 524
1 13 2
393 458
1 10 2
9 749
1 7 2
105 134
1 16 2
165 298
1 20 2
527 737
1 8 2
143 573
1 10 2
425 777
1 4 2
599 703
1 4 2
419 638
1 13 2
157 330
1 2 2
164 348
1 10 2
198 744
1 8 2
48 636
1 15 2
340 381
1 18 2
186 265
1 11 2
33 375
1 10 2
37 261
1 14 2
73 425
1 12 2
456 478
1 11 2
484 715
1 10 2
3 787
1 14 2
24 355
1 15 2
543 692
1 7 2
341 483
1 14 2
543 593
1 11 2
120 613
1 13 2
186 535
1 15 2
139 579
1 7 2
616 627
1 8 2
160 257
1 10 2
199 279
1 12 2
282 696
1 7 2
488 690
1 13 2
210 514
1 12 2
480 788
1 16 2
396 672
1 13 2
531 616
1 5 2
24 653
1 10 2
118 401
1 10 2
80 225
1 15 2
573 716
1 3 2
522 565
1 14 2
340 606
1 16 2
165 453
1 10 2
359 737
1 17 2
139 423
1 8 2
69 580
1 7 2
329 381
1 12 2
321 357
1 9 2
393 489
1 12 2
326 455
1 16 2
97 776
1 5 2
234 687
1 17 2
280 579
1 6 2
145 794
1 11 2
303 593
1 8 2
450 686
1 7 2
9 775
1 17 2
178 296
1 11 2
490 567
1 4 2
517 523
1 6 2
600 796
1 6 2
188 586
1 11 2
141 157
1 8 2
127 690
1 13 2
392 690
1 19 2
236 547
1 6 2
419 594
1 12 2
105 729
1 13 2
711 716
1 11 2
77 718
1 9 2
523 699
1 11 2
307 715
1 18 2
505 577
1 15 2
159 272
1 10 2
126 401
1 13 2
684 798
1 13 2
88 423
1 6 2
707 713
1 13 2
437 768
1 8 2
19 78
1 12 2
43 613
1 10 2
595 658
1 9 2
61 593
1 11 2
81 115
1 15 2
218 476
1 13 2
341 744
1 19 2
49 544
1 9 2
202 640
1 17 2
13 729
1 18 2
106 270
1 17 2
106 226
1 13 2
440 496
1 14 2
402 692
1 9 2
178 335
1 11 2
485 760
1 9 2
51 402
1 16 2
568 608
1 10 2
347 356
1 10 2
481 588
1 8 2
360 413
1 12 2
77 726
1 10 2
263 702
1 15 2
90 430
1 9 2
72 778
1 4 2
189 721
1 3 2
4 581
1 10 2
469 630
1 11 2
580 622
1 10 2
216 697
1 12 2
593 696
1 12 2
430 590
1 12 2
242 589
1 13 2
47 455
1 4 2
98 615
1 5 2
93 523
1 11 2
462 522
1 17 2
121 207
1 16 2
229 525
1 7 2
356 399
1 6 2
469 691
1 4 2
55 424
1 16 2
300 337
1 12 2
276 293
1 12 2
302 682
1 12 2
729 783
1 10 2
200 301
1 12 2
375 625
1 11 2
161 163
1 18 2
435 716
1 11 2
221 396
1 16 2
73 693
1 9 2
45 777
1 13 2
363 526
1 10 2
342 504
1 10 2
456 777
1 7 2
606 627
1 17 2
715 716
1 11 2
498 603
1 16 2
406 496
1 3 2
554 710
1 8 2
87 419
1 13 2
547 717
1 13 2
227 331
1 10 2
246 656
1 8 2
189 440
1 13 2
755 760
1 14 2
49 494
1 17 2
370 544
1 7 2
511 540
1 13 2
245 748
1 9 2
14 211
1 6 2
658 678
1 14 2
453 683
1 15 2
383 791
1 9 2
438 561
1 15 2
363 607
1 9 2
139 477
1 12 2
322 577
1 14 2
414 552
1 10 2
385 613
1 4 2
254 477
1 12 2
280 526
1 12 2
414 451
1 3 2
83 403
1 7 2
80 84
1 17 2
120 764
1 6 2
194 574
1 11 2
306 424
1 20 2
178 259
1 13 2
168 632
1 20 2
14 547
1 11 2
37 656
1 10 2
24 754
1 12 2
227 699
1 9 2
157 294
1 15 2
73 170
1 9 2
428 715
1 11 2
265 763
1 5 2
136 230
1 14 2
375 459
1 12 2
131 360
1 11 2
302 622
1 7 2
570 592
1 6 2
344 777
1 17 2
49 731
1 9 2
140 256
1 10 2
159 307
1 13 2
528 787
1 10 2
119 484
1 9 2
585 653
1 14 2
497 547
1 5 2
112 724
1 14 2
340 494
1 7 2
530 671
1 10 2
514 758
1 4 2
143 637
1 16 2
141 406
1 9 2
570 689
1 20 2
282 363
1 12 2
384 730
1 15 2
28 311
1 11 2
427 648
1 9 2
250 640
1 11 2
519 731
1 13 2
520 788
1 11 2
338 794
1 15 2
155 281
1 17 2
213 618
1 11 2
437 451
1 11 2
251 406
1 8 2
421 717
1 6 2
210 707
1 11 2
265 789
1 9 2
397 794
1 16 2
405 496
1 5 2
332 388
1 8 2
203 628
1 8 2
220 413
1 15 2
312 453
1 7 2
251 756
1 10 2
511 703
1 7 2
194 567
1 6 2
142 650
1 13 2
514 562
1 11 2
101 525
1 12 2
121 605
1 10 2
28 590
1 6 2
646 772
1 6 2
279 284
1 12 2
300 650
1 10 2
97 291
1 10 2
168 345
1 5 2
659 747
1 10 2
392 754
1 11 2
477 632
1 5 2
182 424
1 3 2
76 262
1 3 2
57 510
1 10 2
618 685
1 13 2
620 690
1 14 2
82 147
1 12 2
306 613
1 10 2
48 253
1 12 2
119 763
1 8 2
254 296
1 10 2
139 279
1 4 2
352 662
1 11 2
18 776
1 13 2
124 392
1 6 2
193 308
1 9 2
4 139
1 16 2
280 282
1 9 2
280 510
1 12 2
34 97
1 5 2
681 774
1 7 2
260 330
1 7 2
140 591
1 3 2
327 677
1 8 2
59 391
1 6 2
425 637
1 12 2
8 431
1 6 2
194 384
1 10 2
77 616
1 8 2
660 661
1 18 2
423 579
1 4 2
19 285
1 5 2
142 227
1 8 2
74 555
1 7 2
145 413
1 11 2
13 328
1 7 2
162 192
1 9 2
492 720
1 16 2
589 594
1 8 2
475 485
1 6 2
48 771
1 11 2
146 435
1 14 2
490 577
1 15 2
281 330
1 14 2
199 699
1 9 2
93 214
1 19 2
155 764
1 8 2
300 743
1 15 2
222 355
1 13 2
40 446
1 8 2
609 687
1 14 2
131 775
1 16 2
206 264
1 17 2
106 729
1 4 2
76 522
1 10 2
28 82
1 10 2
160 610
1 16 2
495 708
1 6 2
9 494
1 10 2
213 445
1 3 2
11 322
1 13 2
148 563
1 6 2
111 740
1 11 2
510 603
1 9 2
27 617
1 13 2
161 263
1 11 2
173 798
1 9 2
223 445
1 9 2
278 788
1 15 2
92 383
1 8 2
616 713
1 9 2
189 281
1 14 2
28 748
1 7 2
266 740
1 16 2
261 737
1 12 2
220 331
1 10 2
225 406
1 10 2
31 664
1 5 2
663 763
1 7 2
647 653
1 12 2
269 538
1 18 2
272 462
1 8 2
246 303
1 16 2
446 729
1 18 2
133 414
1 2 2
412 736
1 9 2
190 688
1 15 2
148 394
1 19 2
97 340
1 9 2
213 725
1 10 2
455 604
1 13 2
106 107
1 6 2
76 347
1 8 2
216 573
1 11 2
140 510
1 11 2
543 651
1 9 2
58 398
1 13 2
444 560
1 13 2
81 634
1 8 2
139 600
1 17 2
330 462
1 10 2
141 243
1 13 2
558 587
1 16 2
281 589
1 20 2
14 585
1 14 2
304 669
1 16 2
269 340
1 16 2
628 770
1 7 2
546 573
