500 4000 1500
8 23 16 9 12 23 20 5 6 16 17 15 9 7 8 15 13 6 16 12 22 9 8 21 25 18 13 20 23 13 25 5 13 11 14 11 10 14 25 7 19 19 14 25 9 17 14 11 8 20 21 19 15 9 8 12 14 13 23 14 18 17 9 20 15 13 22 5 23 18 10 25 20 19 23 9 16 22 25 16 19 18 21 16 14 5 7 20 9 19 24 19 19 5 14 12 24 21 21 6 7 16 20 10 20 5 6 7 8 5 5 19 14 19 7 12 25 7 13 12 11 15 22 14 9 15 14 10 13 12 18 24 13 15 21 25 18 14 14 7 5 14 20 15 7 19 13 6 24 16 6 17 22 20 7 23 8 9 10 23 22 9 9 19 17 18 20 16 7 18 25 11 22 12 5 13 16 15 7 6 5 8 24 23 10 12 10 15 6 16 10 7 6 17 21 12 14 11 22 15 19 16 13 14 6 5 23 7 6 17 15 6 14 23 19 22 7 10 6 25 16 17 20 11 17 21 24 14 21 20 23 11 8 5 24 15 19 13 23 15 10 22 24 23 9 11 7 16 21 13 18 22 18 21 18 6 17 15 10 18 21 14 12 5 23 19 21 7 7 10 11 23 13 16 24 21 12 25 18 25 16 21 16 20 18 24 8 16 21 15 19 10 24 22 15 12 7 6 13 13 16 22 14 23 15 24 11 13 23 10 14 21 22 6 22 8 17 10 11 17 9 18 20 23 23 21 6 13 9 23 22 19 12 21 22 14 14 8 16 7 21 7 14 9 17 11 17 11 19 18 7 19 18 5 6 9 5 21 16 5 22 10 21 22 24 6 23 15 15 14 6 9 21 12 9 24 14 9 16 5 25 12 25 18 10 11 8 12 12 23 5 20 6 20 19 6 16 23 9 16 13 23 25 22 19 5 7 21 6 11 19 6 5 8 7 22 5 21 5 24 10 24 17 22 14 13 15 15 14 24 9 23 25 9 25 25 7 9 19 14 11 14 17 24 6 8 23 8 15 16 8 24 14 19 5 13 20 18 22 8 15 20 22 11 19 15 18 7 9 21 16 18 16 20 14 17 18 17 17 8 8 9 7 21 16 9 19 12 19 15 25 24 8 19 15 20 20 8 12 20
19 8 9 16 7 17 16 13 20 8 17 3 9 18 10 18 18 10 17 7 19 11 19 17 17 12 12 9 14 7 8 8 19 16 10 13 11 10 20 6 4 15 19 18 17 12 20 5 11 18 8 18 13 16 17 7 8 8 18 8 17 9 16 7 6 9 16 14 5 10 18 18 10 8 18 8 6 15 11 17 19 6 4 9 13 13 3 3 16 17 14 15 6 6 3 8 14 9 4 17 10 20 18 15 11 20 9 15 9 13 16 12 9 15 16 6 5 6 18 10 11 17 20 18 5 3 19 3 14 20 3 5 10 5 7 19 10 10 4 12 3 16 10 5 18 18 10 7 14 5 13 9 10 10 15 17 13 14 15 8 19 8 10 13 3 5 11 12 11 14 7 15 16 19 11 6 7 15 8 16 12 8 12 18 15 17 19 17 14 3 13 5 18 6 10 3 18 3 17 9 17 8 13 19 6 3 9 18 13 6 18 4 10 16 16 3 8 4 11 18 11 15 17 15 5 8 9 13 20 7 11 10 7 8 14 4 19 15 5 11 19 8 18 7 7 12 13 6 5 17 18 20 4 3 18 10 9 11 6 18 11 12 5 11 13 7 14 7 19 17 20 11 6 4 9 15 12 3 6 4 13 10 5 5 12 8 14 11 9 6 9 9 3 12 9 16 11 13 10 17 16 3 8 12 10 15 13 17 4 13 7 11 12 3 11 15 20 5 16 15 20 13 9 3 18 20 12 11 16 18 17 16 9 19 5 17 16 17 17 4 8 14 19 13 3 12 20 20 9 17 18 16 8 19 15 17 10 18 10 6 7 20 18 18 14 4 8 4 5 19 17 11 8 13 13 19 15 12 18 6 18 10 17 20 11 8 8 20 19 17 16 12 20 16 4 7 19 15 4 16 5 7 19 3 19 18 11 4 12 15 13 8 14 3 19 19 20 13 10 17 18 5 11 14 16 14 5 18 11 15 19 4 12 14 6 7 4 7 10 8 17 8 16 15 14 19 18 11 10 6 20 8 16 9 16 19 12 7 15 4 6 3 11 12 5 5 8 11 13 20 10 9 9 13 19 11 16 12 14 13 16 10 12 12 9 5 11 19 18 18 10 13 17 10 7 20 13 3 10 6
1 13 2
162 268
1 4 2
206 411
1 5 2
195 418
1 14 2
339 349
1 15 2
247 298
1 14 2
44 414
1 9 2
119 188
1 3 2
20 60
1 12 2
256 427
1 5 2
137 256
1 13 2
40 61
1 12 2
33 257
1 11 2
43 280
1 10 2
70 454
1 8 2
68 388
1 6 2
3 435
1 10 2
412 434
1 2 2
29 315
1 15 2
200 352
1 13 2
361 484
1 12 2
286 380
1 11 2
346 379
1 7 2
292 370
1 8 2
124 231
1 3 2
32 338
1 3 2
69 130
1 3 2
116 268
1 14 2
458 467
1 12 2
168 247
1 15 2
189 270
1 13 2
136 462
1 7 2
227 340
1 9 2
45 344
1 9 2
59 474
1 7 2
101 304
1 8 2
85 368
1 15 2
95 287
1 4 2
276 487
1 5 2
32 295
1 11 2
29 81
1 9 2
94 396
1 14 2
158 280
1 7 2
16 17
1 11 2
41 283
1 7 2
169 362
1 8 2
243 396
1 8 2
31 99
1 11 2
80 133
1 13 2
221 306
1 11 2
5 479
1 14 2
173 197
1 8 2
212 493
1 12 2
150 245
1 11 2
288 426
1 11 2
15 58
1 6 2
86 343
1 12 2
421 460
1 12 2
282 486
1 3 2
210 344
1 4 2
99 181
1 8 2
25 239
1 6 2
187 321
1 4 2
181 304
1 8 2
135 476
1 11 2
38 434
1 8 2
126 159
1 13 2
96 394
1 5 2
61 158
1 2 2
84 132
1 11 2
71 396
1 11 2
349 416
1 11 2
38 49
1 12 2
263 372
1 8 2
0 40
1 11 2
3 140
1 10 2
112 409
1 2 2
222 466
1 3 2
174 175
1 11 2
36 280
1 14 2
112 247
1 11 2
337 378
1 12 2
265 381
1 9 2
267 285
1 7 2
224 326
1 14 2
188 273
1 11 2
101 309
1 5 2
79 352
1 10 2
96 204
1 12 2
173 229
1 10 2
328 461
1 9 2
16 360
1 8 2
72 113
1 6 2
121 326
1 2 2
104 356
1 11 2
35 98
1 15 2
203 494
1 3 2
31 334
1 7 2
401 447
1 7 2
5 427
1 6 2
42 288
1 6 2
360 365
1 2 2
260 268
1 4 2
39 333
1 9 2
134 201
1 7 2
271 317
1 5 2
274 297
1 9 2
181 388
1 15 2
388 396
1 7 2
36 236
1 3 2
128 248
1 15 2
224 372
1 15 2
120 126
1 5 2
79 170
1 3 2
442 492
1 10 2
108 233
1 12 2
139 202
1 4 2
212 415
1 6 2
48 105
1 10 2
58 476
1 2 2
85 465
1 15 2
180 182
1 13 2
132 255
1 3 2
251 463
1 13 2
230 309
1 8 2
32 109
1 15 2
152 287
1 9 2
84 423
1 7 2
0 431
1 13 2
231 276
1 7 2
364 467
1 10 2
50 190
1 6 2
138 418
1 7 2
174 355
1 8 2
433 437
1 10 2
293 433
1 14 2
227 490
1 5 2
103 275
1 9 2
269 457
1 3 2
150 162
1 2 2
213 464
1 8 2
467 491
1 10 2
289 401
1 12 2
387 435
1 7 2
395 487
1 13 2
442 446
1 15 2
80 115
1 11 2
69 104
1 12 2
106 188
1 14 2
83 86
1 12 2
204 408
1 14 2
42 406
1 4 2
304 382
1 14 2
43 471
1 4 2
255 326
1 4 2
31 152
1 4 2
89 155
1 15 2
62 164
1 5 2
248 436
1 10 2
131 234
1 11 2
250 451
1 8 2
71 480
1 15 2
205 451
1 9 2
202 358
1 8 2
15 115
1 6 2
120 487
1 9 2
181 419
1 15 2
162 346
1 11 2
35 322
1 8 2
70 227
1 5 2
171 269
1 12 2
392 443
1 15 2
2 441
1 15 2
257 364
1 9 2
107 212
1 13 2
156 477
1 3 2
257 495
1 15 2
56 130
1 4 2
349 421
1 15 2
287 330
1 11 2
388 465
1 4 2
272 381
1 11 2
28 305
1 8 2
77 390
1 5 2
109 119
1 11 2
106 295
1 13 2
258 479
1 6 2
403 448
1 6 2
289 439
1 13 2
429 473
1 3 2
236 237
1 11 2
194 369
1 12 2
239 388
1 4 2
143 377
1 8 2
393 463
1 15 2
96 458
1 10 2
169 313
1 13 2
129 393
1 6 2
126 188
1 3 2
103 197
1 9 2
30 340
1 10 2
136 245
1 7 2
192 303
1 12 2
280 476
1 9 2
244 255
1 7 2
152 233
1 13 2
279 444
1 10 2
270 310
1 9 2
97 353
1 15 2
315 332
1 8 2
377 480
1 13 2
214 244
1 7 2
205 245
1 13 2
88 116
1 13 2
106 317
1 14 2
386 450
1 10 2
267 433
1 11 2
39 132
1 6 2
334 462
1 11 2
63 295
1 11 2
125 279
1 3 2
202 409
1 3 2
63 341
1 8 2
21 356
1 5 2
75 242
1 10 2
22 202
1 5 2
40 148
1 6 2
263 371
1 7 2
223 493
1 7 2
350 495
1 7 2
59 361
1 3 2
260 400
1 12 2
259 364
1 13 2
283 422
1 12 2
64 114
1 13 2
20 418
1 9 2
69 287
1 8 2
354 382
1 3 2
469 499
1 6 2
269 471
1 12 2
210 413
1 11 2
310 423
1 4 2
102 124
1 3 2
138 377
1 7 2
251 361
1 5 2
75 165
1 4 2
192 266
1 12 2
10 405
1 14 2
109 157
1 3 2
321 433
1 4 2
316 420
1 11 2
315 423
1 13 2
4 435
1 3 2
169 403
1 4 2
99 353
1 2 2
186 304
1 15 2
44 147
1 11 2
62 293
1 11 2
322 337
1 4 2
190 292
1 14 2
237 407
1 6 2
288 370
1 5 2
34 207
1 14 2
30 447
1 9 2
208 465
1 10 2
271 309
1 7 2
45 132
1 13 2
205 223
1 12 2
136 375
1 4 2
9 80
1 13 2
39 104
1 8 2
24 223
1 14 2
243 244
1 9 2
37 66
1 9 2
467 494
1 3 2
95 307
1 13 2
223 322
1 9 2
152 449
1 10 2
152 446
1 10 2
191 455
1 2 2
101 441
1 2 2
372 377
1 14 2
229 450
1 3 2
439 484
1 5 2
159 292
1 13 2
1 22
1 9 2
86 196
1 13 2
348 464
1 6 2
359 488
1 2 2
17 340
1 6 2
221 387
1 3 2
209 329
1 10 2
133 323
1 11 2
379 409
1 3 2
32 269
1 4 2
488 493
1 13 2
164 412
1 6 2
277 445
1 4 2
305 416
1 8 2
184 199
1 6 2
15 408
1 4 2
181 474
1 3 2
225 397
1 5 2
182 412
1 13 2
120 175
1 4 2
16 92
1 6 2
207 433
1 3 2
0 173
1 12 2
328 361
1 3 2
209 251
1 12 2
165 239
1 11 2
203 303
1 5 2
3 464
1 14 2
174 244
1 10 2
458 479
1 13 2
339 430
1 6 2
130 225
1 2 2
423 468
1 13 2
177 397
1 2 2
273 413
1 13 2
78 428
1 9 2
367 444
1 7 2
122 231
1 14 2
276 399
1 4 2
169 459
1 6 2
170 228
1 12 2
1 214
1 10 2
49 68
1 10 2
411 498
1 8 2
30 172
1 4 2
248 284
1 12 2
295 358
1 8 2
270 292
1 11 2
222 275
1 7 2
47 422
1 9 2
66 255
1 5 2
131 357
1 6 2
220 471
1 3 2
108 435
1 14 2
269 339
1 2 2
259 400
1 6 2
23 361
1 14 2
149 421
1 11 2
89 402
1 5 2
227 497
1 10 2
354 468
1 7 2
24 425
1 13 2
386 412
1 13 2
203 438
1 13 2
81 176
1 2 2
76 259
1 14 2
40 205
1 13 2
183 250
1 5 2
227 331
1 14 2
266 416
1 9 2
49 217
1 2 2
382 485
1 12 2
51 173
1 15 2
114 128
1 13 2
59 225
1 3 2
252 253
1 15 2
68 289
1 5 2
245 368
1 2 2
408 436
1 6 2
135 231
1 10 2
364 396
1 7 2
38 185
1 7 2
272 371
1 15 2
340 386
1 4 2
299 365
1 13 2
32 484
1 12 2
435 436
1 4 2
4 370
1 8 2
37 209
1 10 2
201 239
1 10 2
328 338
1 10 2
134 137
1 6 2
165 179
1 15 2
392 472
1 10 2
307 351
1 7 2
34 146
1 3 2
352 449
1 13 2
63 499
1 13 2
295 471
1 4 2
36 451
1 12 2
74 332
1 5 2
149 462
1 13 2
17 462
1 15 2
25 373
1 5 2
22 325
1 6 2
256 446
1 2 2
365 393
1 13 2
132 409
1 12 2
19 38
1 11 2
115 432
1 11 2
387 498
1 13 2
288 292
1 5 2
75 329
1 8 2
137 482
1 6 2
191 298
1 2 2
245 289
1 10 2
113 276
1 5 2
257 302
1 8 2
149 394
1 13 2
328 378
1 8 2
262 410
1 5 2
306 421
1 13 2
427 443
1 8 2
149 174
1 7 2
433 460
1 12 2
270 346
1 8 2
50 374
1 7 2
173 298
1 9 2
45 146
1 4 2
3 222
1 15 2
41 207
1 8 2
0 365
1 9 2
264 315
1 5 2
301 375
1 12 2
206 276
1 8 2
126 446
1 14 2
214 283
1 2 2
21 286
1 15 2
304 341
1 4 2
199 359
1 3 2
194 374
1 7 2
323 421
1 5 2
31 133
1 8 2
21 152
1 4 2
211 479
1 2 2
50 462
1 10 2
92 201
1 14 2
272 411
1 2 2
2 140
1 7 2
28 224
1 7 2
57 297
1 9 2
11 168
1 8 2
226 425
1 15 2
173 380
1 6 2
17 378
1 14 2
108 254
1 13 2
44 55
1 2 2
3 155
1 7 2
41 451
1 14 2
207 350
1 7 2
103 325
1 12 2
15 345
1 12 2
16 431
1 8 2
157 313
1 11 2
327 357
1 11 2
105 466
1 2 2
20 259
1 5 2
136 304
1 8 2
33 340
1 15 2
272 287
1 5 2
109 396
1 13 2
170 241
1 10 2
220 371
1 9 2
132 215
1 9 2
209 456
1 5 2
70 320
1 15 2
92 493
1 4 2
450 473
1 5 2
190 369
1 2 2
80 333
1 15 2
116 375
1 12 2
120 159
1 11 2
74 91
1 12 2
96 338
1 5 2
142 308
1 8 2
245 357
1 12 2
333 372
1 5 2
80 452
1 2 2
170 412
1 15 2
321 326
1 3 2
132 381
1 14 2
118 207
1 8 2
61 344
1 7 2
36 275
1 11 2
165 252
1 15 2
370 432
1 11 2
288 351
1 12 2
78 349
1 7 2
162 355
1 5 2
153 286
1 13 2
353 479
1 13 2
12 131
1 9 2
92 220
1 14 2
143 420
1 13 2
104 272
1 11 2
60 315
1 3 2
410 491
1 6 2
68 345
1 15 2
0 9
1 11 2
172 270
1 4 2
47 191
1 10 2
196 212
1 13 2
127 168
1 5 2
360 436
1 2 2
27 86
1 5 2
11 308
1 10 2
1 121
1 2 2
18 108
1 2 2
81 238
1 13 2
118 393
1 5 2
25 245
1 6 2
187 292
1 15 2
383 416
1 2 2
9 418
1 9 2
17 404
1 8 2
191 367
1 13 2
0 64
1 8 2
10 463
1 11 2
275 401
1 7 2
391 427
1 10 2
139 426
1 2 2
67 316
1 12 2
239 339
1 12 2
70 127
1 6 2
9 473
1 9 2
50 278
1 14 2
139 301
1 15 2
246 427
1 6 2
93 126
1 12 2
305 334
1 12 2
106 354
1 2 2
153 222
1 12 2
47 108
1 11 2
257 330
1 7 2
28 31
1 4 2
153 165
1 12 2
86 278
1 13 2
217 496
1 15 2
124 186
1 7 2
131 477
1 6 2
17 116
1 13 2
224 390
1 13 2
63 123
1 3 2
48 474
1 14 2
1 106
1 10 2
258 304
1 9 2
401 459
1 15 2
62 99
1 14 2
85 374
1 6 2
41 372
1 6 2
37 340
1 4 2
308 422
1 5 2
274 343
1 10 2
113 313
1 4 2
244 413
1 9 2
190 241
1 14 2
45 351
1 4 2
253 307
1 11 2
50 218
1 11 2
399 429
1 3 2
112 299
1 4 2
44 94
1 9 2
244 279
1 5 2
359 395
1 15 2
309 496
1 11 2
371 480
1 13 2
120 274
1 2 2
63 315
1 2 2
54 457
1 5 2
55 107
1 10 2
46 147
1 7 2
150 275
1 12 2
266 327
1 3 2
59 425
1 9 2
239 409
1 13 2
16 493
1 6 2
164 443
1 15 2
248 435
1 12 2
113 237
1 2 2
260 270
1 9 2
52 131
1 15 2
252 356
1 2 2
192 242
1 12 2
282 436
1 8 2
171 467
1 10 2
323 460
1 9 2
22 462
1 13 2
45 442
1 5 2
138 312
1 12 2
59 496
1 14 2
226 455
1 13 2
347 368
1 6 2
94 156
1 9 2
195 456
1 7 2
84 384
1 14 2
219 356
1 12 2
67 280
1 2 2
229 245
1 7 2
78 449
1 10 2
119 259
1 3 2
102 237
1 14 2
160 309
1 10 2
374 408
1 10 2
248 370
1 10 2
139 289
1 4 2
193 464
1 7 2
213 280
1 12 2
247 256
1 13 2
458 486
1 6 2
237 421
1 10 2
378 434
1 14 2
103 491
1 9 2
89 114
1 7 2
19 214
1 15 2
143 469
1 4 2
414 425
1 4 2
278 488
1 4 2
78 437
1 14 2
17 457
1 2 2
139 214
1 2 2
97 467
1 8 2
67 314
1 8 2
151 341
1 13 2
273 465
1 14 2
234 419
1 14 2
377 404
1 2 2
31 435
1 5 2
237 497
1 6 2
92 413
1 5 2
75 362
1 6 2
188 366
1 5 2
274 330
1 6 2
78 188
1 11 2
226 457
1 2 2
29 109
1 12 2
167 311
1 7 2
64 123
1 9 2
272 306
1 4 2
217 341
1 5 2
186 437
1 12 2
167 342
1 13 2
259 449
1 15 2
183 256
1 12 2
118 345
1 14 2
211 260
1 14 2
147 439
1 15 2
124 383
1 7 2
42 400
1 8 2
303 443
1 9 2
197 499
1 12 2
31 490
1 12 2
210 390
1 4 2
25 123
1 8 2
297 430
1 11 2
300 381
1 2 2
72 171
1 10 2
177 341
1 2 2
65 67
1 7 2
77 82
1 10 2
399 474
1 15 2
218 475
1 15 2
273 421
1 8 2
30 148
1 15 2
388 393
1 14 2
189 291
1 12 2
264 279
1 14 2
191 387
1 11 2
27 499
1 7 2
64 266
1 12 2
273 375
1 4 2
163 329
1 9 2
185 338
1 13 2
65 471
1 13 2
461 483
1 2 2
364 383
1 15 2
79 191
1 2 2
347 425
1 14 2
264 375
1 9 2
170 393
1 9 2
4 323
1 13 2
171 462
1 15 2
118 259
1 12 2
149 325
1 10 2
46 221
1 11 2
335 347
1 10 2
131 382
1 6 2
292 399
1 9 2
159 185
1 11 2
239 433
1 12 2
49 425
1 2 2
207 367
1 12 2
317 361
1 11 2
105 357
1 11 2
37 279
1 15 2
249 498
1 7 2
30 380
1 13 2
344 381
1 8 2
86 346
1 6 2
88 366
1 15 2
297 434
1 13 2
206 397
1 9 2
180 359
1 9 2
3 20
1 4 2
303 465
1 5 2
91 487
1 6 2
214 241
1 15 2
3 30
1 11 2
169 477
1 9 2
37 253
1 2 2
137 164
1 3 2
57 315
1 13 2
295 318
1 14 2
323 328
1 8 2
259 412
1 7 2
69 325
1 12 2
83 211
1 2 2
46 366
1 11 2
72 121
1 5 2
396 494
1 15 2
25 110
1 5 2
140 317
1 4 2
105 319
1 3 2
258 346
1 2 2
418 463
1 12 2
60 67
1 13 2
296 311
1 2 2
91 486
1 15 2
254 332
1 2 2
23 123
1 13 2
382 490
1 2 2
78 155
1 7 2
104 269
1 15 2
93 250
1 5 2
354 357
1 14 2
253 431
1 3 2
118 350
1 11 2
80 217
1 4 2
98 167
1 3 2
159 461
1 2 2
188 432
1 3 2
30 357
1 5 2
400 462
1 8 2
230 417
1 7 2
173 371
1 4 2
145 334
1 7 2
59 242
1 15 2
418 422
1 11 2
52 485
1 7 2
65 342
1 7 2
299 483
1 8 2
371 408
1 7 2
331 455
1 4 2
83 118
1 11 2
130 185
1 8 2
28 110
1 12 2
242 333
1 3 2
131 450
1 3 2
261 499
1 7 2
38 98
1 6 2
215 438
1 3 2
369 402
1 7 2
139 457
1 12 2
148 455
1 9 2
10 100
1 10 2
271 291
1 12 2
46 421
1 10 2
26 231
1 13 2
456 492
1 15 2
394 408
1 5 2
62 231
1 7 2
111 396
1 13 2
72 477
1 15 2
17 384
1 9 2
29 443
1 10 2
321 376
1 14 2
284 442
1 11 2
222 379
1 6 2
88 221
1 4 2
122 287
1 5 2
109 269
1 3 2
53 378
1 7 2
215 481
1 15 2
24 339
1 4 2
94 244
1 7 2
247 491
1 6 2
26 367
1 8 2
433 477
1 15 2
87 183
1 2 2
196 473
1 2 2
165 304
1 4 2
73 419
1 15 2
199 427
1 8 2
125 376
1 8 2
89 109
1 9 2
145 190
1 9 2
107 432
1 7 2
310 404
1 15 2
356 490
1 8 2
180 300
1 5 2
255 348
1 15 2
166 453
1 5 2
366 394
1 10 2
487 499
1 15 2
90 108
1 13 2
104 156
1 3 2
426 448
1 3 2
48 388
1 10 2
101 475
1 15 2
111 358
1 2 2
376 428
1 4 2
110 135
1 9 2
432 440
1 3 2
132 387
1 4 2
131 209
1 10 2
96 136
1 11 2
69 317
1 13 2
363 447
1 13 2
53 248
1 7 2
67 303
1 10 2
134 236
1 7 2
332 448
1 10 2
28 42
1 2 2
79 273
1 3 2
326 388
1 13 2
411 430
1 12 2
211 457
1 15 2
60 439
1 10 2
105 158
1 5 2
428 483
1 6 2
116 228
1 6 2
85 333
1 3 2
189 247
1 10 2
446 477
1 10 2
349 403
1 2 2
305 488
1 3 2
26 51
1 4 2
168 408
1 5 2
187 335
1 6 2
139 340
1 2 2
33 99
1 14 2
91 481
1 6 2
77 104
1 11 2
354 419
1 10 2
261 390
1 4 2
157 458
1 15 2
34 416
1 5 2
291 472
1 4 2
312 326
1 5 2
281 384
1 10 2
182 274
1 5 2
349 415
1 4 2
295 335
1 6 2
45 71
1 7 2
357 415
1 2 2
40 55
1 14 2
248 323
1 13 2
103 329
1 4 2
21 461
1 4 2
50 79
1 15 2
74 117
1 8 2
227 436
1 6 2
159 458
1 14 2
199 400
1 6 2
179 418
1 3 2
209 310
1 10 2
205 276
1 9 2
78 241
1 9 2
18 121
1 9 2
152 340
1 8 2
65 466
1 4 2
107 415
1 3 2
60 232
1 11 2
187 447
1 3 2
96 464
1 12 2
2 292
1 3 2
48 109
1 6 2
137 386
1 14 2
18 259
1 12 2
383 449
1 10 2
31 42
1 4 2
323 346
1 12 2
132 137
1 10 2
260 272
1 8 2
240 394
1 15 2
25 428
1 2 2
22 474
1 8 2
465 468
1 13 2
52 70
1 11 2
166 462
1 12 2
28 316
1 13 2
231 496
1 11 2
396 460
1 9 2
429 493
1 9 2
171 266
1 9 2
79 487
1 4 2
37 274
1 8 2
9 409
1 14 2
16 142
1 8 2
11 78
1 9 2
135 270
1 11 2
6 312
1 11 2
83 396
1 15 2
108 394
1 11 2
169 390
1 15 2
38 337
1 10 2
139 449
1 7 2
331 332
1 12 2
182 322
1 11 2
185 385
1 5 2
0 152
1 15 2
377 381
1 13 2
162 388
1 12 2
337 396
1 10 2
419 434
1 15 2
68 437
1 10 2
33 457
1 9 2
117 176
1 8 2
15 372
1 5 2
135 324
1 7 2
116 251
1 3 2
91 482
1 7 2
200 386
1 10 2
174 423
1 6 2
28 115
1 4 2
190 390
1 2 2
133 355
1 11 2
177 372
1 9 2
41 121
1 9 2
179 469
1 11 2
94 284
1 8 2
152 210
1 3 2
193 478
1 4 2
101 443
1 2 2
102 215
1 6 2
145 414
1 8 2
20 57
1 12 2
151 262
1 12 2
52 95
1 10 2
82 148
1 5 2
38 281
1 3 2
0 452
1 13 2
206 224
1 4 2
111 397
1 15 2
81 382
1 6 2
19 385
1 12 2
313 364
1 6 2
221 498
1 3 2
84 349
1 2 2
346 459
1 13 2
366 451
1 8 2
88 395
1 2 2
337 446
1 10 2
237 265
1 8 2
222 422
1 11 2
65 137
1 5 2
472 478
1 9 2
300 411
1 2 2
28 323
1 10 2
1 2
1 12 2
153 278
1 9 2
59 300
1 3 2
69 328
1 3 2
32 447
1 8 2
183 193
1 5 2
126 317
1 2 2
150 291
1 3 2
44 99
1 2 2
256 286
1 9 2
76 377
1 3 2
160 416
1 6 2
106 366
1 6 2
101 456
1 11 2
159 263
1 13 2
352 446
1 2 2
107 166
1 12 2
55 445
1 12 2
238 327
1 10 2
289 354
1 2 2
367 420
1 10 2
192 315
1 14 2
44 202
1 7 2
112 202
1 6 2
43 66
1 3 2
42 465
1 9 2
106 464
1 4 2
209 440
1 9 2
203 465
1 7 2
236 490
1 9 2
29 58
1 3 2
15 57
1 3 2
185 481
1 6 2
271 292
1 3 2
161 341
1 9 2
4 343
1 6 2
139 159
1 5 2
10 486
1 2 2
325 473
1 6 2
46 479
1 3 2
72 436
1 3 2
224 288
1 9 2
312 322
1 13 2
343 413
1 4 2
5 333
1 9 2
78 255
1 3 2
245 320
1 12 2
58 375
1 14 2
16 492
1 8 2
203 360
1 10 2
308 344
1 13 2
163 362
1 4 2
132 356
1 6 2
222 433
1 6 2
24 438
1 6 2
401 451
1 5 2
204 286
1 10 2
27 93
1 10 2
398 486
1 5 2
212 284
1 6 2
165 247
1 11 2
266 429
1 14 2
44 310
1 13 2
309 478
1 8 2
33 453
1 5 2
244 362
1 15 2
96 364
1 11 2
96 189
1 2 2
70 336
1 5 2
98 274
1 5 2
115 129
1 3 2
61 180
1 14 2
378 399
1 5 2
289 356
1 3 2
13 60
1 4 2
29 317
1 15 2
11 154
1 15 2
95 233
1 13 2
30 218
1 10 2
165 249
1 8 2
328 493
1 6 2
5 63
1 15 2
278 443
1 6 2
183 329
1 3 2
299 383
1 14 2
241 451
1 10 2
144 251
1 7 2
286 452
1 4 2
178 191
1 13 2
103 213
1 5 2
98 215
1 13 2
177 455
1 11 2
180 339
1 2 2
80 106
1 2 2
94 345
1 7 2
45 482
1 3 2
330 443
1 15 2
422 488
1 8 2
43 410
1 10 2
182 331
1 11 2
125 394
1 6 2
47 287
1 15 2
167 416
1 7 2
14 147
1 14 2
385 461
1 10 2
306 385
1 10 2
213 294
1 2 2
11 296
1 14 2
196 428
1 10 2
16 424
1 11 2
426 447
1 4 2
25 270
1 4 2
304 400
1 12 2
190 291
1 13 2
83 257
1 5 2
294 414
1 10 2
264 355
1 15 2
351 405
1 10 2
194 239
1 14 2
166 381
1 8 2
342 471
1 3 2
41 464
1 8 2
181 329
1 4 2
246 410
1 10 2
64 239
1 10 2
41 260
1 9 2
167 345
1 2 2
51 444
1 5 2
62 198
1 3 2
91 328
1 8 2
74 149
1 12 2
178 260
1 15 2
206 497
1 9 2
25 116
1 2 2
107 184
1 6 2
187 287
1 12 2
75 295
1 2 2
31 404
1 14 2
191 275
1 13 2
235 339
1 8 2
218 294
1 13 2
331 438
1 11 2
58 66
1 2 2
26 407
1 10 2
172 230
1 13 2
55 338
1 12 2
218 237
1 13 2
244 347
1 5 2
231 425
1 12 2
44 475
1 2 2
352 473
1 12 2
80 453
1 10 2
23 292
1 11 2
34 437
1 2 2
115 158
1 9 2
139 367
1 2 2
274 388
1 5 2
363 474
1 15 2
313 442
1 9 2
435 486
1 5 2
23 483
1 10 2
22 297
1 12 2
32 94
1 12 2
157 273
1 4 2
441 478
1 12 2
42 120
1 8 2
207 259
1 8 2
465 490
1 12 2
70 338
1 4 2
210 268
1 5 2
40 168
1 9 2
87 459
1 7 2
157 369
1 12 2
259 295
1 15 2
229 407
1 6 2
305 441
1 7 2
245 371
1 7 2
230 233
1 3 2
74 192
1 3 2
48 146
1 4 2
334 439
1 5 2
101 379
1 8 2
132 275
1 13 2
172 246
1 7 2
211 488
1 9 2
242 456
1 12 2
121 407
1 7 2
36 430
1 11 2
372 451
1 11 2
139 474
1 14 2
175 221
1 12 2
74 378
1 14 2
13 362
1 3 2
285 420
1 12 2
49 136
1 13 2
137 183
1 13 2
292 348
1 8 2
381 427
1 2 2
80 336
1 13 2
14 418
1 9 2
111 343
1 2 2
279 437
1 12 2
119 386
1 10 2
70 363
1 14 2
419 469
1 12 2
162 272
1 14 2
374 484
1 7 2
230 264
1 2 2
44 160
1 3 2
365 398
1 13 2
27 355
1 9 2
218 298
1 15 2
186 344
1 14 2
112 239
1 12 2
2 470
1 4 2
186 447
1 8 2
44 335
1 8 2
47 119
1 3 2
111 214
1 13 2
296 417
1 12 2
408 411
1 10 2
213 389
1 3 2
314 384
1 7 2
231 324
1 9 2
2 454
1 11 2
319 487
1 11 2
16 64
1 2 2
24 320
1 12 2
14 320
1 5 2
109 186
1 14 2
232 432
1 3 2
229 338
1 14 2
130 138
1 11 2
287 441
1 11 2
32 443
1 12 2
58 455
1 8 2
280 403
1 7 2
276 496
1 14 2
329 331
1 2 2
318 331
1 10 2
151 450
1 9 2
114 388
1 5 2
41 241
1 2 2
105 314
1 10 2
26 128
1 6 2
7 172
1 11 2
36 450
1 8 2
86 88
1 7 2
69 375
1 6 2
325 379
1 4 2
388 496
1 6 2
169 271
1 5 2
144 485
1 11 2
57 439
1 13 2
169 279
1 3 2
196 425
1 15 2
232 499
1 9 2
285 332
1 15 2
262 354
1 3 2
41 415
1 4 2
17 450
1 2 2
219 450
1 4 2
121 397
1 2 2
440 455
1 9 2
155 330
1 4 2
235 467
1 14 2
403 434
1 8 2
306 371
1 2 2
206 227
1 9 2
213 411
1 5 2
165 299
1 15 2
77 156
1 15 2
192 438
1 7 2
204 470
1 8 2
114 248
1 3 2
248 481
1 11 2
363 431
1 6 2
3 195
1 9 2
182 265
1 8 2
390 417
1 7 2
313 480
1 15 2
96 159
1 11 2
146 328
1 13 2
53 427
1 5 2
52 177
1 4 2
95 178
1 14 2
164 300
1 9 2
269 352
1 4 2
105 177
1 12 2
85 350
1 12 2
246 463
1 12 2
37 315
1 9 2
324 338
1 11 2
127 183
1 14 2
34 67
1 14 2
9 499
1 5 2
105 429
1 2 2
200 346
1 3 2
175 198
1 14 2
70 116
1 13 2
2 474
1 2 2
424 446
1 4 2
125 498
1 11 2
122 360
1 5 2
234 466
1 4 2
446 494
1 4 2
188 333
1 6 2
262 317
1 8 2
63 278
1 6 2
447 460
1 6 2
339 493
1 15 2
170 485
1 9 2
69 263
1 6 2
118 456
1 12 2
229 417
1 5 2
12 384
1 3 2
102 193
1 14 2
105 318
1 9 2
230 444
1 6 2
187 393
1 9 2
300 307
1 4 2
352 469
1 15 2
124 125
1 4 2
76 214
1 12 2
219 413
1 10 2
138 334
1 11 2
5 31
1 5 2
375 415
1 3 2
5 108
1 5 2
247 428
1 3 2
199 285
1 2 2
170 266
1 2 2
9 491
1 5 2
33 303
1 10 2
104 123
1 11 2
172 194
1 11 2
130 234
1 14 2
162 252
1 7 2
21 148
1 9 2
117 364
1 8 2
61 190
1 3 2
48 168
1 15 2
243 476
1 7 2
86 126
1 5 2
51 354
1 2 2
134 182
1 4 2
179 409
1 9 2
173 362
1 6 2
269 310
1 2 2
46 355
1 12 2
165 347
1 9 2
121 122
1 12 2
3 32
1 10 2
17 337
1 8 2
305 492
1 6 2
6 392
1 6 2
277 307
1 6 2
52 267
1 15 2
277 342
1 14 2
91 193
1 13 2
310 376
1 12 2
266 422
1 5 2
157 384
1 2 2
338 459
1 11 2
30 283
1 12 2
84 446
1 9 2
238 496
1 5 2
348 446
1 14 2
378 384
1 14 2
67 71
1 5 2
428 471
1 3 2
4 16
1 14 2
36 276
1 6 2
369 419
1 8 2
108 247
1 9 2
392 483
1 9 2
205 250
1 13 2
30 244
1 7 2
68 107
1 8 2
28 300
1 5 2
197 198
1 3 2
184 377
1 10 2
223 300
1 8 2
279 360
1 4 2
182 488
1 7 2
431 433
1 7 2
184 435
1 4 2
105 193
1 15 2
114 133
1 7 2
270 361
1 12 2
340 472
1 11 2
4 303
1 7 2
48 197
1 10 2
16 448
1 9 2
97 349
1 8 2
93 239
1 2 2
356 366
1 5 2
146 471
1 5 2
83 273
1 15 2
102 117
1 9 2
226 373
1 3 2
224 405
1 4 2
19 330
1 7 2
401 404
1 15 2
29 187
1 3 2
160 267
1 9 2
12 396
1 12 2
413 473
1 12 2
271 274
1 2 2
34 470
1 4 2
72 300
1 4 2
381 417
1 3 2
365 464
1 3 2
245 322
1 9 2
35 419
1 14 2
89 103
1 7 2
250 436
1 12 2
118 120
1 4 2
147 274
1 13 2
4 260
1 6 2
45 280
1 10 2
247 448
1 15 2
362 407
1 13 2
25 85
1 14 2
120 284
1 13 2
405 483
1 9 2
111 344
1 5 2
274 453
1 9 2
56 72
1 11 2
264 344
1 12 2
123 440
1 10 2
231 357
1 4 2
388 482
1 7 2
31 210
1 5 2
259 397
1 10 2
373 437
1 4 2
174 368
1 10 2
41 395
1 9 2
111 169
1 5 2
184 185
1 4 2
50 425
1 8 2
99 201
1 6 2
0 32
1 10 2
50 71
1 8 2
36 345
1 12 2
60 377
1 4 2
150 300
1 8 2
21 263
1 15 2
335 392
1 9 2
321 497
1 14 2
52 89
1 10 2
143 496
1 13 2
284 476
1 8 2
354 400
1 3 2
369 459
1 3 2
272 476
1 6 2
246 384
1 14 2
16 126
1 4 2
64 465
1 10 2
23 268
1 12 2
156 459
1 6 2
153 455
1 6 2
246 397
1 6 2
330 352
1 13 2
32 379
1 11 2
371 489
1 10 2
18 270
1 12 2
206 468
1 11 2
69 339
1 5 2
325 381
1 5 2
197 380
1 8 2
158 485
1 15 2
49 371
1 14 2
106 332
1 13 2
216 355
1 8 2
135 423
1 3 2
5 492
1 7 2
304 441
1 3 2
250 295
1 8 2
83 366
1 2 2
39 219
1 11 2
75 475
1 3 2
139 462
1 2 2
82 291
1 13 2
28 430
1 3 2
224 444
1 3 2
24 261
1 4 2
13 467
1 2 2
83 444
1 14 2
196 284
1 2 2
151 159
1 7 2
112 165
1 14 2
401 465
1 8 2
48 241
1 2 2
19 319
1 11 2
69 356
1 15 2
177 232
1 13 2
188 421
1 4 2
66 201
1 8 2
166 400
1 14 2
262 475
1 13 2
216 448
1 7 2
123 239
1 7 2
411 447
1 14 2
132 212
1 4 2
261 371
1 7 2
190 352
1 10 2
134 316
1 15 2
163 197
1 11 2
51 131
1 13 2
210 227
1 6 2
349 472
1 7 2
184 421
1 15 2
300 309
1 14 2
25 125
1 14 2
349 459
1 8 2
183 436
1 8 2
84 469
1 14 2
149 320
1 9 2
84 316
1 4 2
433 484
1 13 2
179 498
1 4 2
317 330
1 4 2
153 202
1 4 2
419 473
1 14 2
60 83
1 6 2
212 264
1 15 2
115 166
1 14 2
201 297
1 4 2
47 156
1 7 2
58 443
1 4 2
104 346
1 7 2
155 388
1 2 2
87 171
1 6 2
317 454
1 9 2
98 158
1 8 2
123 150
1 14 2
113 218
1 7 2
337 374
1 15 2
303 378
1 9 2
55 278
1 10 2
287 450
1 10 2
13 40
1 13 2
85 336
1 6 2
102 347
1 9 2
11 392
1 4 2
35 463
1 15 2
37 342
1 4 2
370 421
1 15 2
161 310
1 7 2
330 461
1 13 2
204 384
1 4 2
429 482
1 12 2
78 261
1 11 2
255 418
1 12 2
16 58
1 5 2
177 187
1 11 2
138 466
1 5 2
327 474
1 14 2
216 331
1 11 2
103 229
1 10 2
258 425
1 14 2
29 464
1 9 2
123 271
1 14 2
83 340
1 14 2
135 336
1 14 2
0 448
1 3 2
349 497
1 5 2
255 309
1 13 2
418 494
1 10 2
96 399
1 3 2
66 242
1 3 2
149 446
1 4 2
36 482
1 4 2
414 443
1 8 2
400 496
1 8 2
266 364
1 2 2
320 341
1 3 2
191 490
1 15 2
151 468
1 4 2
291 363
1 11 2
103 137
1 6 2
89 352
1 6 2
102 497
1 12 2
332 374
1 13 2
436 459
1 15 2
17 23
1 12 2
75 226
1 11 2
198 396
1 2 2
160 233
1 4 2
151 220
1 10 2
39 281
1 9 2
197 431
1 10 2
181 335
1 13 2
300 496
1 6 2
29 181
1 12 2
49 340
1 7 2
299 399
1 12 2
237 489
1 11 2
248 429
1 12 2
239 355
1 6 2
311 427
1 12 2
21 78
1 13 2
42 204
1 7 2
151 315
1 15 2
147 499
1 12 2
351 470
1 7 2
441 471
1 12 2
43 232
1 4 2
193 245
1 7 2
12 416
1 8 2
216 362
1 4 2
240 379
1 3 2
253 407
1 7 2
335 479
1 6 2
110 258
1 14 2
224 464
1 5 2
147 176
1 11 2
104 364
1 9 2
64 104
1 4 2
471 493
1 7 2
320 492
1 9 2
33 359
1 5 2
154 184
1 12 2
174 214
1 2 2
60 338
1 13 2
231 265
1 14 2
166 369
1 2 2
202 271
1 2 2
311 404
1 2 2
395 478
1 9 2
283 334
1 13 2
56 146
1 6 2
97 287
1 2 2
51 480
1 6 2
49 138
1 7 2
260 271
1 10 2
10 129
1 12 2
174 314
1 15 2
20 32
1 13 2
417 427
1 12 2
73 295
1 6 2
18 452
1 8 2
52 425
1 5 2
133 345
1 8 2
3 334
1 9 2
285 380
1 5 2
267 314
1 6 2
117 307
1 6 2
112 346
1 10 2
107 198
1 6 2
206 281
1 11 2
17 170
1 3 2
42 188
1 11 2
252 396
1 6 2
104 149
1 7 2
310 456
1 8 2
95 221
1 12 2
233 426
1 3 2
162 249
1 7 2
116 179
1 13 2
147 339
1 7 2
97 109
1 13 2
88 325
1 11 2
43 63
1 3 2
142 310
1 6 2
262 449
1 12 2
120 455
1 4 2
23 383
1 8 2
43 492
1 12 2
44 383
1 15 2
394 469
1 13 2
46 340
1 7 2
261 417
1 2 2
57 482
1 15 2
90 359
1 7 2
75 148
1 3 2
157 199
1 12 2
103 385
1 9 2
94 406
1 8 2
5 172
1 8 2
46 430
1 12 2
134 143
1 12 2
322 384
1 6 2
46 106
1 9 2
231 416
1 15 2
27 287
1 6 2
217 347
1 11 2
230 338
1 5 2
230 378
1 14 2
146 368
1 11 2
189 329
1 14 2
296 398
1 14 2
162 301
1 11 2
248 400
1 3 2
33 203
1 5 2
326 334
1 12 2
78 376
1 15 2
27 325
1 4 2
216 457
1 7 2
127 198
1 10 2
33 367
1 6 2
28 467
1 5 2
94 213
1 6 2
283 397
1 10 2
62 303
1 14 2
259 366
1 8 2
47 284
1 7 2
110 423
1 10 2
56 64
1 12 2
110 203
1 5 2
177 344
1 8 2
118 290
1 7 2
203 354
1 2 2
40 77
1 2 2
305 463
1 14 2
32 456
1 3 2
111 332
1 15 2
39 214
1 11 2
14 394
1 15 2
106 486
1 9 2
193 318
1 9 2
176 399
1 3 2
8 238
1 7 2
180 201
1 3 2
92 402
1 8 2
79 410
1 3 2
136 388
1 10 2
210 235
1 8 2
120 344
1 6 2
142 294
1 12 2
7 144
1 8 2
380 442
1 4 2
391 454
1 10 2
211 338
1 9 2
9 460
1 10 2
95 227
1 15 2
224 297
1 11 2
188 359
1 8 2
137 195
1 12 2
174 467
1 7 2
455 465
1 5 2
41 209
1 10 2
78 411
1 13 2
19 383
1 10 2
26 266
1 8 2
119 206
1 4 2
258 268
1 4 2
339 386
1 14 2
11 313
1 15 2
160 316
1 10 2
48 378
1 14 2
65 316
1 10 2
345 424
1 14 2
229 337
1 3 2
187 441
1 4 2
269 474
1 5 2
42 106
1 14 2
229 265
1 5 2
173 202
1 13 2
257 279
1 11 2
130 328
1 12 2
255 490
1 2 2
361 453
1 15 2
462 494
1 15 2
443 467
1 6 2
88 90
1 10 2
277 311
1 4 2
145 229
1 3 2
342 466
1 5 2
71 405
1 7 2
4 451
1 15 2
238 433
1 4 2
137 460
1 8 2
73 197
1 11 2
64 404
1 10 2
225 425
1 3 2
93 403
1 9 2
295 338
1 12 2
28 132
1 15 2
22 292
1 6 2
98 230
1 14 2
57 452
1 13 2
73 455
1 6 2
316 462
1 2 2
40 186
1 15 2
314 352
1 9 2
106 491
1 2 2
29 236
1 4 2
322 359
1 11 2
220 325
1 11 2
10 333
1 9 2
154 282
1 15 2
76 314
1 7 2
8 204
1 2 2
188 196
1 5 2
244 310
1 5 2
258 302
1 3 2
196 345
1 6 2
137 191
1 3 2
55 449
1 15 2
224 318
1 11 2
92 223
1 13 2
320 477
1 3 2
57 276
1 4 2
138 435
1 11 2
211 320
1 14 2
400 491
1 6 2
86 369
1 6 2
405 489
1 12 2
12 271
1 13 2
434 466
1 12 2
160 442
1 3 2
63 167
1 9 2
30 249
1 6 2
14 405
1 11 2
62 137
1 12 2
366 395
1 15 2
161 402
1 9 2
418 421
1 13 2
0 289
1 2 2
197 317
1 5 2
91 448
1 7 2
191 421
1 13 2
341 491
1 8 2
225 399
1 2 2
76 243
1 5 2
237 430
1 9 2
45 258
1 8 2
200 217
1 13 2
213 379
1 9 2
150 455
1 14 2
101 360
1 4 2
66 314
1 2 2
62 499
1 12 2
23 247
1 2 2
128 149
1 3 2
421 456
1 13 2
99 458
1 12 2
25 416
1 3 2
147 359
1 12 2
153 312
1 6 2
67 317
1 11 2
226 312
1 9 2
77 498
1 4 2
16 341
1 12 2
111 447
1 5 2
65 197
1 8 2
67 219
1 10 2
80 256
1 8 2
288 381
1 13 2
18 205
1 2 2
6 248
1 8 2
92 341
1 12 2
34 86
1 12 2
362 398
1 7 2
244 423
1 6 2
283 498
1 2 2
168 370
1 5 2
225 403
1 3 2
133 415
1 7 2
152 455
1 13 2
216 348
1 12 2
64 166
1 3 2
432 498
1 3 2
234 498
1 6 2
364 418
1 13 2
282 382
1 4 2
135 416
1 14 2
69 347
1 10 2
155 190
1 2 2
149 240
1 5 2
277 368
1 7 2
140 173
1 7 2
315 388
1 8 2
13 402
1 5 2
18 288
1 8 2
333 378
1 6 2
372 489
1 14 2
106 119
1 7 2
182 490
1 4 2
72 373
1 2 2
84 218
1 14 2
123 288
1 4 2
37 306
1 3 2
202 467
1 15 2
111 495
1 9 2
89 209
1 11 2
205 372
1 6 2
128 207
1 11 2
204 243
1 2 2
273 354
1 4 2
96 323
1 10 2
152 386
1 14 2
343 398
1 2 2
245 401
1 13 2
123 401
1 12 2
171 236
1 4 2
325 384
1 6 2
118 301
1 2 2
294 429
1 13 2
165 417
1 9 2
153 240
1 7 2
194 207
1 8 2
13 471
1 2 2
42 473
1 14 2
32 393
1 6 2
193 358
1 13 2
286 435
1 7 2
271 306
1 9 2
24 252
1 8 2
435 482
1 15 2
280 430
1 14 2
62 490
1 9 2
310 381
1 13 2
227 345
1 11 2
345 461
1 9 2
277 483
1 11 2
129 143
1 9 2
317 481
1 11 2
82 213
1 15 2
6 325
1 4 2
155 208
1 8 2
142 414
1 3 2
107 150
1 11 2
173 410
1 10 2
445 467
1 11 2
252 427
1 10 2
334 494
1 12 2
45 378
1 14 2
76 393
1 3 2
195 323
1 12 2
238 271
1 11 2
17 368
1 11 2
100 415
1 14 2
46 420
1 9 2
344 423
1 2 2
200 409
1 4 2
389 421
1 4 2
211 286
1 11 2
152 478
1 7 2
111 238
1 14 2
160 204
1 10 2
2 462
1 15 2
285 322
1 10 2
256 375
1 14 2
300 443
1 6 2
33 222
1 5 2
131 393
1 12 2
176 287
1 15 2
326 357
1 13 2
116 466
1 3 2
51 80
1 9 2
115 286
1 5 2
395 472
1 9 2
171 449
1 12 2
191 379
1 8 2
73 207
1 9 2
225 366
1 7 2
70 273
1 13 2
341 426
1 11 2
172 399
1 15 2
28 79
1 10 2
183 278
1 14 2
2 458
1 15 2
48 316
1 13 2
371 477
1 9 2
326 410
1 8 2
409 465
1 3 2
163 416
1 11 2
68 75
1 15 2
194 195
1 9 2
94 167
1 8 2
73 381
1 4 2
260 269
1 9 2
118 193
1 2 2
286 303
1 6 2
254 282
1 15 2
27 249
1 3 2
74 397
1 4 2
36 260
1 6 2
88 355
1 5 2
327 402
1 4 2
343 428
1 2 2
6 150
1 7 2
114 394
1 13 2
102 494
1 8 2
202 451
1 2 2
80 151
1 9 2
146 467
1 2 2
118 181
1 6 2
9 100
1 15 2
52 480
1 10 2
105 264
1 3 2
52 473
1 15 2
93 129
1 10 2
344 396
1 3 2
136 181
1 13 2
156 177
1 10 2
297 357
1 11 2
71 165
1 11 2
0 436
1 10 2
177 349
1 9 2
180 193
1 15 2
24 373
1 15 2
72 312
1 3 2
5 331
1 10 2
424 447
1 14 2
284 467
1 10 2
237 353
1 10 2
288 457
1 3 2
57 496
1 13 2
77 373
1 13 2
326 484
1 5 2
116 244
1 9 2
217 245
1 6 2
244 334
1 13 2
16 194
1 9 2
49 413
1 5 2
376 420
1 9 2
45 362
1 12 2
74 187
1 13 2
328 366
1 14 2
121 201
1 14 2
448 461
1 5 2
53 419
1 9 2
114 420
1 6 2
159 233
1 14 2
142 439
1 3 2
302 438
1 7 2
139 315
1 10 2
161 493
1 2 2
334 400
1 14 2
176 415
1 12 2
96 393
1 13 2
52 185
1 14 2
137 174
1 11 2
168 229
1 9 2
37 449
1 12 2
347 445
1 4 2
305 485
1 11 2
132 300
1 13 2
230 248
1 4 2
72 331
1 14 2
409 422
1 10 2
362 402
1 14 2
220 403
1 6 2
214 354
1 8 2
190 258
1 9 2
197 362
1 15 2
53 133
1 2 2
363 405
1 8 2
372 409
1 10 2
144 459
1 11 2
169 474
1 9 2
48 108
1 15 2
245 399
1 4 2
92 243
1 14 2
44 406
1 7 2
212 464
1 2 2
84 369
1 10 2
145 489
1 5 2
131 422
1 2 2
209 356
1 2 2
91 341
1 7 2
62 322
1 13 2
319 429
1 2 2
135 170
1 14 2
282 327
1 13 2
43 128
1 5 2
193 481
1 7 2
119 351
1 2 2
271 374
1 3 2
127 433
1 11 2
133 494
1 9 2
72 429
1 9 2
191 257
1 11 2
170 488
1 10 2
107 462
1 2 2
67 476
1 12 2
166 358
1 15 2
45 225
1 15 2
60 477
1 8 2
237 339
1 2 2
320 340
1 12 2
240 251
1 7 2
149 491
1 14 2
66 87
1 12 2
343 353
1 14 2
62 313
1 12 2
174 304
1 12 2
325 439
1 6 2
158 470
1 5 2
289 306
1 9 2
72 292
1 4 2
317 472
1 6 2
104 244
1 4 2
0 67
1 9 2
31 58
1 11 2
142 265
1 15 2
62 272
1 2 2
117 346
1 11 2
308 419
1 13 2
24 493
1 14 2
246 251
1 15 2
68 341
1 8 2
252 463
1 2 2
109 118
1 15 2
37 345
1 4 2
90 285
1 9 2
139 447
1 12 2
397 431
1 12 2
94 409
1 2 2
487 490
1 7 2
178 379
1 15 2
76 125
1 13 2
80 341
1 11 2
259 283
1 10 2
5 211
1 13 2
212 348
1 6 2
356 357
1 3 2
93 420
1 14 2
6 86
1 4 2
315 434
1 6 2
99 234
1 2 2
207 269
1 9 2
76 174
1 6 2
277 438
1 5 2
432 479
1 9 2
241 441
1 12 2
195 226
1 13 2
55 123
1 14 2
18 265
1 14 2
41 89
1 12 2
289 298
1 7 2
364 445
1 6 2
48 63
1 4 2
94 495
1 7 2
138 329
1 6 2
99 424
1 9 2
71 289
1 4 2
197 223
1 15 2
198 411
1 14 2
100 450
1 7 2
265 341
1 13 2
6 35
1 7 2
398 492
1 13 2
10 490
1 3 2
44 339
1 14 2
15 32
1 11 2
273 309
1 8 2
93 214
1 8 2
138 187
1 14 2
400 412
1 2 2
55 115
1 9 2
340 395
1 10 2
136 455
1 5 2
213 233
1 8 2
46 437
1 2 2
183 435
1 8 2
440 499
1 15 2
21 252
1 2 2
193 407
1 5 2
430 478
1 8 2
33 205
1 10 2
358 426
1 7 2
1 474
1 15 2
111 273
1 12 2
392 463
1 12 2
213 244
1 12 2
143 466
1 12 2
44 331
1 5 2
45 327
1 6 2
133 211
1 10 2
121 401
1 4 2
64 163
1 6 2
358 363
1 2 2
155 467
1 2 2
180 423
1 3 2
38 110
1 12 2
202 334
1 9 2
97 484
1 4 2
62 390
1 7 2
369 374
1 3 2
106 151
1 11 2
75 379
1 12 2
349 467
1 9 2
222 325
1 2 2
257 323
1 6 2
50 150
1 2 2
445 452
1 3 2
30 451
1 5 2
332 497
1 6 2
155 285
1 3 2
30 160
1 7 2
85 391
1 5 2
291 346
1 14 2
29 243
1 7 2
117 134
1 14 2
39 430
1 8 2
235 297
1 11 2
319 438
1 13 2
105 473
1 7 2
8 439
1 2 2
189 386
1 12 2
28 153
1 8 2
411 449
1 4 2
78 442
1 8 2
223 288
1 10 2
262 271
1 6 2
57 268
1 2 2
161 189
1 15 2
71 83
1 9 2
38 486
1 10 2
31 156
1 4 2
315 403
1 8 2
155 278
1 11 2
300 417
1 10 2
144 493
1 4 2
138 392
1 6 2
4 153
1 7 2
6 371
1 7 2
192 237
1 12 2
130 377
1 15 2
93 229
1 13 2
54 356
1 3 2
94 211
1 15 2
21 464
1 9 2
174 478
1 13 2
77 170
1 9 2
7 419
1 11 2
413 474
1 14 2
26 130
1 11 2
51 442
1 5 2
237 440
1 10 2
176 361
1 13 2
64 269
1 13 2
66 237
1 11 2
394 461
1 7 2
43 92
1 9 2
192 392
1 15 2
168 293
1 5 2
321 408
1 2 2
174 188
1 4 2
53 86
1 15 2
225 424
1 10 2
155 487
1 2 2
19 328
1 14 2
154 461
1 14 2
19 326
1 3 2
291 451
1 14 2
23 161
1 12 2
341 416
1 6 2
330 445
1 14 2
163 372
1 10 2
98 309
1 4 2
248 283
1 8 2
85 408
1 13 2
206 208
1 11 2
113 175
1 6 2
115 428
1 11 2
210 455
1 3 2
182 285
1 9 2
152 470
1 9 2
408 442
1 14 2
447 453
1 9 2
21 159
1 4 2
145 202
1 7 2
133 144
1 12 2
256 443
1 11 2
156 273
1 2 2
58 392
1 2 2
35 148
1 8 2
264 403
1 3 2
66 495
1 10 2
378 382
1 9 2
312 440
1 4 2
26 472
1 6 2
8 186
1 8 2
139 356
1 5 2
144 339
1 3 2
187 298
1 11 2
250 263
1 6 2
51 192
1 5 2
288 492
1 9 2
88 430
1 4 2
377 488
1 9 2
121 209
1 3 2
148 350
1 12 2
273 448
1 9 2
389 477
1 5 2
297 335
1 11 2
275 293
1 9 2
272 399
1 15 2
15 287
1 14 2
171 201
1 3 2
115 285
1 2 2
270 464
1 2 2
133 351
1 7 2
18 233
1 6 2
265 462
1 8 2
90 269
1 5 2
278 413
1 15 2
59 411
1 10 2
92 153
1 8 2
357 369
1 2 2
364 419
1 11 2
40 52
1 4 2
16 174
1 6 2
91 162
1 2 2
270 348
1 11 2
207 386
1 10 2
188 393
1 7 2
321 400
1 14 2
167 220
1 13 2
173 406
1 13 2
32 491
1 4 2
314 358
1 4 2
271 441
1 7 2
298 458
1 3 2
55 461
1 5 2
46 263
1 5 2
227 247
1 2 2
221 334
1 13 2
63 345
1 10 2
313 367
1 10 2
142 410
1 15 2
70 114
1 13 2
199 327
1 2 2
94 359
1 15 2
317 359
1 6 2
230 281
1 15 2
249 337
1 4 2
54 421
1 13 2
255 284
1 14 2
233 469
1 9 2
168 415
1 2 2
310 433
1 6 2
84 338
1 6 2
101 221
1 13 2
1 29
1 7 2
287 463
1 5 2
27 138
1 13 2
23 302
1 2 2
143 309
1 5 2
57 128
1 7 2
155 260
1 7 2
363 398
1 9 2
302 427
1 9 2
200 390
1 14 2
210 322
1 11 2
24 322
1 5 2
298 444
1 4 2
377 397
1 12 2
75 113
1 4 2
183 322
1 13 2
233 447
1 12 2
45 177
1 13 2
16 451
1 12 2
77 321
1 12 2
178 334
1 7 2
81 433
1 10 2
5 337
1 5 2
296 427
1 11 2
67 131
1 7 2
361 422
1 13 2
31 398
1 7 2
318 466
1 2 2
325 494
1 5 2
154 375
1 13 2
37 334
1 14 2
134 328
1 4 2
336 432
1 7 2
358 455
1 14 2
108 124
1 13 2
256 371
1 15 2
113 194
1 10 2
60 336
1 10 2
282 433
1 4 2
240 304
1 4 2
175 262
1 2 2
77 446
1 8 2
41 233
1 12 2
38 474
1 3 2
244 312
1 3 2
320 442
1 10 2
53 222
1 7 2
24 326
1 13 2
223 441
1 12 2
275 431
1 14 2
392 399
1 10 2
0 338
1 12 2
142 166
1 7 2
82 300
1 2 2
51 120
1 4 2
337 402
1 15 2
151 380
1 11 2
384 423
1 12 2
287 491
1 13 2
258 375
1 2 2
156 262
1 13 2
185 472
1 7 2
27 167
1 2 2
98 354
1 6 2
75 311
1 14 2
238 475
1 11 2
400 440
1 6 2
251 282
1 6 2
136 446
1 4 2
16 62
1 13 2
230 374
1 10 2
308 454
1 7 2
437 464
1 11 2
48 332
1 8 2
92 347
1 3 2
141 470
1 5 2
121 493
1 9 2
72 89
1 3 2
62 331
1 4 2
314 337
1 10 2
188 499
1 9 2
25 106
1 15 2
238 347
1 14 2
206 298
1 7 2
265 406
1 10 2
59 404
1 7 2
300 377
1 13 2
86 116
1 7 2
326 339
1 12 2
23 488
1 14 2
59 343
1 13 2
436 476
1 3 2
0 282
1 5 2
41 58
1 8 2
98 386
1 4 2
199 277
1 15 2
94 147
1 10 2
114 264
1 3 2
273 398
1 10 2
303 386
1 14 2
70 411
1 15 2
212 445
1 2 2
77 152
1 11 2
126 304
1 10 2
380 448
1 9 2
169 269
1 3 2
259 472
1 2 2
255 482
1 8 2
169 247
1 14 2
393 434
1 7 2
104 235
1 9 2
205 209
1 2 2
45 117
1 3 2
138 161
1 11 2
375 460
1 7 2
83 286
1 14 2
76 242
1 4 2
229 275
1 10 2
116 339
1 5 2
221 441
1 5 2
124 318
1 2 2
288 378
1 12 2
58 215
1 8 2
126 287
1 15 2
173 187
1 11 2
25 257
1 13 2
147 226
1 4 2
107 122
1 14 2
92 178
1 7 2
385 496
1 8 2
375 495
1 10 2
144 419
1 9 2
9 139
1 15 2
69 445
1 14 2
339 437
1 9 2
29 136
1 13 2
14 330
1 12 2
399 483
1 12 2
422 450
1 13 2
345 391
1 3 2
319 323
1 15 2
256 262
1 4 2
43 80
1 15 2
143 152
1 12 2
348 458
1 6 2
195 446
1 9 2
112 170
1 5 2
167 367
1 14 2
277 498
1 7 2
58 445
1 14 2
202 431
1 10 2
243 369
1 3 2
240 416
1 11 2
83 332
1 4 2
196 366
1 11 2
102 172
1 12 2
84 421
1 11 2
147 478
1 5 2
194 277
1 3 2
229 488
1 3 2
233 448
1 15 2
294 368
1 6 2
172 352
1 6 2
33 155
1 12 2
377 395
1 6 2
215 346
1 9 2
340 455
1 5 2
27 305
1 13 2
21 238
1 6 2
283 341
1 9 2
8 493
1 6 2
6 471
1 6 2
178 322
1 4 2
154 294
1 5 2
67 93
1 14 2
76 352
1 3 2
6 265
1 15 2
137 160
1 14 2
115 212
1 8 2
165 323
1 3 2
254 465
1 15 2
73 451
1 3 2
115 221
1 15 2
80 122
1 2 2
252 261
1 11 2
85 264
1 3 2
335 397
1 10 2
9 247
1 8 2
135 291
1 2 2
21 470
1 3 2
77 385
1 10 2
144 172
1 15 2
148 474
1 9 2
284 461
1 5 2
72 160
1 4 2
240 263
1 3 2
159 378
1 8 2
389 395
1 6 2
131 452
1 15 2
250 401
1 4 2
53 60
1 9 2
148 475
1 12 2
178 314
1 9 2
59 419
1 9 2
26 361
1 4 2
94 432
1 7 2
101 177
1 7 2
230 331
1 10 2
168 344
1 6 2
72 377
1 8 2
80 464
1 6 2
78 313
1 12 2
165 258
1 10 2
118 154
1 13 2
31 347
1 10 2
9 79
1 6 2
147 451
1 4 2
179 203
1 14 2
57 318
1 9 2
104 243
1 4 2
196 305
1 7 2
36 237
1 4 2
19 286
1 10 2
215 317
1 5 2
176 252
1 9 2
99 242
1 6 2
80 243
1 7 2
135 199
1 11 2
287 448
1 4 2
372 470
1 9 2
100 270
1 2 2
48 174
1 6 2
26 57
1 8 2
329 456
1 15 2
312 373
1 5 2
113 373
1 6 2
33 38
1 12 2
78 439
1 5 2
124 330
1 6 2
347 381
1 11 2
15 125
1 5 2
269 427
1 10 2
72 310
1 3 2
15 240
1 9 2
391 419
1 15 2
270 413
1 12 2
462 468
1 4 2
165 499
1 13 2
24 131
1 14 2
234 439
1 10 2
202 316
1 10 2
17 62
1 2 2
115 462
1 4 2
363 366
1 11 2
147 211
1 13 2
181 352
1 12 2
25 388
1 13 2
280 394
1 3 2
45 141
1 7 2
172 326
1 4 2
236 321
1 2 2
91 290
1 12 2
33 44
1 7 2
362 431
1 3 2
80 317
1 13 2
190 368
1 11 2
152 205
1 4 2
87 147
1 6 2
67 474
1 3 2
59 409
1 15 2
90 336
1 11 2
133 440
1 9 2
80 364
1 6 2
221 224
1 6 2
222 356
1 2 2
350 493
1 2 2
97 483
1 5 2
181 468
1 14 2
178 371
1 13 2
248 410
1 8 2
245 469
1 14 2
63 259
1 7 2
121 314
1 4 2
27 351
1 11 2
2 23
1 13 2
14 409
1 12 2
195 495
1 13 2
183 476
1 3 2
31 422
1 14 2
83 278
1 12 2
6 492
1 7 2
39 392
1 9 2
406 480
1 7 2
128 354
1 8 2
233 374
1 13 2
372 475
1 5 2
109 246
1 12 2
254 459
1 9 2
108 461
1 3 2
121 483
1 6 2
165 257
1 10 2
25 467
1 2 2
25 346
1 2 2
231 305
1 2 2
92 198
1 5 2
3 33
1 2 2
81 106
1 3 2
295 431
1 8 2
451 470
1 4 2
259 474
1 14 2
276 418
1 5 2
46 280
1 12 2
193 486
1 8 2
87 384
1 9 2
82 416
1 6 2
196 480
1 8 2
241 407
1 14 2
204 264
1 7 2
222 437
1 13 2
70 215
1 14 2
32 446
1 3 2
45 190
1 2 2
116 432
1 15 2
119 392
1 3 2
60 212
1 2 2
65 382
1 5 2
175 344
1 2 2
388 444
1 3 2
135 278
1 13 2
12 417
1 7 2
3 23
1 13 2
352 356
1 3 2
12 436
1 5 2
251 345
1 8 2
141 471
1 15 2
155 181
1 3 2
191 471
1 14 2
178 236
1 5 2
50 174
1 3 2
218 410
1 5 2
350 371
1 6 2
134 337
1 12 2
18 166
1 3 2
60 447
1 14 2
461 482
1 13 2
16 150
1 14 2
101 358
1 8 2
173 436
1 13 2
8 385
1 5 2
218 465
1 8 2
488 495
1 5 2
174 282
1 11 2
99 474
1 9 2
24 32
1 6 2
66 298
1 5 2
324 475
1 3 2
30 151
1 13 2
80 142
1 10 2
12 104
1 6 2
25 210
1 9 2
9 97
1 8 2
211 464
1 15 2
159 408
1 6 2
360 442
1 5 2
213 453
1 7 2
241 257
1 3 2
198 470
1 5 2
190 421
1 12 2
0 116
1 11 2
14 78
1 13 2
71 107
1 9 2
275 402
1 8 2
64 208
1 12 2
137 140
1 14 2
85 279
1 8 2
3 203
1 7 2
71 75
1 14 2
247 472
1 15 2
266 371
1 4 2
418 465
1 6 2
6 422
1 11 2
60 63
1 14 2
168 241
1 15 2
31 293
1 7 2
274 496
1 8 2
20 363
1 14 2
80 246
1 3 2
63 219
1 5 2
159 193
1 9 2
122 305
1 15 2
172 265
1 12 2
8 380
1 8 2
188 265
1 14 2
282 326
1 15 2
107 386
1 15 2
65 438
1 15 2
106 460
1 5 2
80 351
1 10 2
84 182
1 6 2
87 181
1 11 2
117 303
1 15 2
135 321
1 14 2
387 409
1 11 2
88 166
1 8 2
151 362
1 7 2
184 410
1 7 2
167 444
1 13 2
107 286
1 3 2
341 460
1 7 2
175 288
1 2 2
150 282
1 5 2
102 373
1 3 2
120 185
1 3 2
43 75
1 4 2
100 434
1 15 2
238 431
1 11 2
23 79
1 11 2
42 168
1 12 2
58 355
1 6 2
234 382
1 11 2
309 385
1 11 2
92 197
1 4 2
52 319
1 13 2
152 305
1 7 2
16 196
1 2 2
131 353
1 2 2
58 123
1 15 2
31 228
1 2 2
215 480
1 4 2
92 444
1 14 2
203 349
1 3 2
329 437
1 9 2
277 315
1 7 2
11 470
1 4 2
140 253
1 6 2
2 211
1 15 2
132 435
1 6 2
275 395
1 6 2
419 454
1 15 2
282 343
1 9 2
195 325
1 4 2
136 182
1 12 2
259 273
1 4 2
123 198
1 13 2
87 172
1 7 2
297 455
1 8 2
138 482
1 6 2
401 418
1 3 2
187 297
1 11 2
186 252
1 4 2
78 140
1 7 2
282 283
1 7 2
378 457
1 2 2
185 291
1 10 2
64 495
1 8 2
337 492
1 4 2
201 462
1 9 2
304 467
1 9 2
276 469
1 11 2
387 477
1 15 2
18 212
1 11 2
113 241
1 5 2
360 381
1 10 2
220 438
1 5 2
56 485
1 13 2
115 220
1 12 2
303 423
1 13 2
302 487
1 10 2
415 465
1 15 2
62 469
1 2 2
144 182
1 5 2
286 370
1 5 2
152 163
1 5 2
222 488
1 15 2
61 184
1 15 2
82 419
1 8 2
129 228
1 5 2
295 449
1 9 2
196 288
1 10 2
240 480
1 4 2
69 282
1 8 2
100 427
1 8 2
35 420
1 7 2
73 192
1 11 2
312 419
1 13 2
131 172
1 6 2
188 481
1 14 2
69 246
1 5 2
38 327
1 11 2
25 363
1 12 2
80 382
1 14 2
430 451
1 5 2
144 227
1 14 2
0 369
1 10 2
113 438
1 7 2
94 444
1 12 2
185 413
1 7 2
26 116
1 10 2
16 140
1 11 2
292 454
1 7 2
97 322
1 12 2
270 328
1 10 2
112 176
1 3 2
127 374
1 12 2
107 285
1 14 2
10 338
1 8 2
131 328
1 13 2
126 264
1 2 2
207 290
1 12 2
85 217
1 5 2
237 469
1 9 2
50 167
1 7 2
334 337
1 14 2
317 388
1 5 2
54 206
1 13 2
179 374
1 4 2
382 471
1 12 2
89 440
1 13 2
117 321
1 10 2
51 256
1 10 2
337 496
1 13 2
398 477
1 5 2
332 458
1 13 2
131 139
1 2 2
58 450
1 6 2
190 321
1 14 2
167 188
1 12 2
122 392
1 9 2
253 421
1 8 2
273 300
1 5 2
70 474
1 7 2
77 320
1 12 2
18 333
1 2 2
157 301
1 4 2
12 85
1 7 2
0 344
1 7 2
79 339
1 4 2
255 458
1 12 2
62 113
1 15 2
199 460
1 15 2
26 145
1 8 2
179 282
1 12 2
101 482
1 12 2
272 322
1 9 2
91 379
1 5 2
276 340
1 6 2
274 442
1 7 2
472 485
1 8 2
99 126
1 4 2
340 469
1 10 2
124 390
1 10 2
213 438
1 9 2
246 302
1 10 2
242 286
1 9 2
302 361
1 8 2
134 280
1 11 2
121 297
1 8 2
227 372
1 5 2
3 351
1 5 2
199 448
1 3 2
56 385
1 8 2
314 408
1 12 2
110 492
1 15 2
339 498
1 5 2
249 447
1 8 2
240 361
1 3 2
87 111
1 13 2
78 441
1 9 2
81 375
1 13 2
93 306
1 4 2
84 96
1 10 2
46 177
1 10 2
202 251
1 3 2
29 434
1 6 2
92 257
1 6 2
456 486
1 13 2
11 304
1 14 2
347 461
1 9 2
224 286
1 12 2
144 383
1 3 2
175 306
1 5 2
480 493
1 14 2
100 498
1 14 2
54 309
1 13 2
130 287
1 14 2
7 426
1 6 2
10 395
1 6 2
162 164
1 2 2
18 77
1 2 2
149 498
1 5 2
152 206
1 12 2
223 378
1 4 2
40 285
1 9 2
214 456
1 8 2
270 398
1 5 2
73 373
1 10 2
137 212
1 7 2
78 443
1 9 2
192 421
1 11 2
36 453
1 13 2
125 240
1 15 2
183 438
1 9 2
214 221
1 13 2
209 462
1 4 2
282 414
1 7 2
8 170
1 2 2
323 482
1 9 2
81 197
1 14 2
34 260
1 10 2
239 378
1 10 2
272 478
1 15 2
141 231
1 8 2
36 144
1 8 2
193 237
1 6 2
51 275
1 12 2
191 219
1 2 2
3 383
1 7 2
339 492
1 6 2
64 420
1 14 2
274 466
1 7 2
7 85
1 15 2
400 422
1 13 2
15 239
1 2 2
45 366
1 11 2
296 378
1 13 2
34 202
1 6 2
12 21
1 7 2
17 481
1 13 2
214 396
1 4 2
439 475
1 2 2
43 279
1 7 2
6 60
1 12 2
225 472
1 8 2
107 473
1 13 2
193 258
1 15 2
226 397
1 15 2
164 426
1 6 2
277 363
1 3 2
153 210
1 14 2
164 470
1 13 2
48 101
1 8 2
255 347
1 11 2
23 278
1 9 2
47 402
1 6 2
128 459
1 2 2
371 499
1 2 2
303 324
1 4 2
12 371
1 8 2
357 422
1 7 2
0 460
1 5 2
290 306
1 3 2
103 243
1 15 2
329 371
1 9 2
326 380
1 14 2
71 371
1 6 2
263 383
1 11 2
438 445
1 3 2
245 294
1 13 2
390 479
1 14 2
264 386
1 12 2
462 466
1 4 2
169 345
1 4 2
340 357
1 10 2
338 360
1 4 2
189 357
1 12 2
117 175
1 10 2
230 243
1 8 2
264 430
1 12 2
157 218
1 12 2
45 93
1 15 2
136 283
1 10 2
42 142
1 11 2
104 192
1 7 2
405 451
1 10 2
12 342
1 10 2
104 266
1 8 2
227 316
1 5 2
40 357
1 4 2
347 420
1 4 2
214 254
1 6 2
45 103
1 10 2
281 392
1 15 2
75 266
1 9 2
0 104
1 9 2
18 132
1 6 2
157 452
1 9 2
59 241
1 14 2
452 453
1 13 2
60 342
1 10 2
33 185
1 9 2
118 449
1 7 2
95 298
1 5 2
78 193
1 10 2
329 435
1 14 2
346 473
1 8 2
22 301
1 9 2
58 243
1 4 2
274 337
1 6 2
487 494
1 15 2
320 396
1 7 2
239 330
1 10 2
274 439
1 15 2
261 453
1 6 2
205 370
1 8 2
341 396
1 8 2
52 469
1 4 2
322 486
1 13 2
80 495
1 3 2
420 485
1 4 2
304 391
1 4 2
358 498
1 5 2
296 443
1 12 2
71 447
1 10 2
60 376
1 14 2
150 345
1 15 2
48 72
1 13 2
184 488
1 14 2
146 257
1 10 2
149 165
1 4 2
56 177
1 6 2
303 427
1 11 2
394 447
1 4 2
67 265
1 3 2
208 249
1 15 2
441 458
1 5 2
79 416
1 15 2
101 179
1 2 2
53 322
1 6 2
97 368
1 5 2
96 439
1 5 2
94 128
1 10 2
434 480
1 12 2
130 362
1 5 2
87 215
1 9 2
204 292
1 5 2
330 485
1 9 2
6 201
1 10 2
244 368
1 13 2
86 240
1 15 2
282 347
1 10 2
114 435
1 14 2
413 441
1 14 2
144 338
1 6 2
42 179
1 3 2
50 326
1 9 2
287 369
1 3 2
318 471
1 2 2
217 444
1 11 2
61 430
1 5 2
33 186
1 10 2
234 398
1 9 2
254 302
1 4 2
194 251
1 15 2
11 254
1 3 2
147 159
1 7 2
84 436
1 6 2
175 323
1 5 2
171 351
1 8 2
59 176
1 4 2
256 303
1 15 2
103 133
1 14 2
243 392
1 10 2
151 271
1 13 2
270 304
1 8 2
168 251
1 14 2
117 221
1 3 2
15 72
1 13 2
59 239
1 12 2
25 350
1 8 2
246 403
1 4 2
484 488
1 5 2
313 377
1 11 2
73 92
1 11 2
331 389
1 4 2
168 319
1 13 2
201 212
1 10 2
329 463
1 7 2
205 260
1 8 2
107 258
1 13 2
178 204
1 8 2
238 464
1 6 2
54 81
1 13 2
221 435
1 15 2
28 192
1 12 2
200 449
1 8 2
319 439
1 3 2
90 104
1 5 2
222 274
1 11 2
304 485
1 13 2
29 303
1 14 2
150 152
1 10 2
90 92
1 11 2
25 294
1 14 2
122 368
1 11 2
106 418
1 11 2
478 498
1 13 2
168 450
1 2 2
392 396
1 15 2
89 297
1 4 2
91 253
1 13 2
69 170
1 8 2
72 433
1 11 2
91 147
1 14 2
230 446
1 14 2
63 416
1 13 2
236 471
1 15 2
49 192
1 14 2
193 282
1 6 2
63 481
1 10 2
176 249
1 5 2
31 336
1 5 2
74 137
1 13 2
107 365
1 15 2
37 82
1 10 2
58 64
1 2 2
131 479
1 10 2
22 331
1 6 2
62 234
1 14 2
13 207
1 10 2
80 145
1 15 2
194 257
1 14 2
51 244
1 3 2
116 130
1 9 2
286 490
1 10 2
8 474
1 12 2
273 297
1 5 2
75 433
1 11 2
10 375
1 11 2
268 386
1 9 2
468 488
1 14 2
127 478
1 4 2
189 251
1 15 2
193 315
1 10 2
202 401
1 9 2
239 425
1 14 2
92 318
1 7 2
278 386
1 3 2
279 344
1 4 2
107 401
1 4 2
432 453
1 4 2
260 383
1 4 2
38 326
1 5 2
360 428
1 15 2
301 419
1 11 2
96 164
1 5 2
246 350
1 12 2
120 238
1 11 2
318 406
1 12 2
175 402
1 9 2
370 436
1 11 2
24 349
1 11 2
130 215
1 9 2
160 270
1 4 2
40 488
1 13 2
278 296
1 15 2
433 483
1 14 2
54 199
1 6 2
278 298
1 4 2
336 457
1 2 2
189 190
1 14 2
129 411
1 8 2
90 487
1 9 2
43 56
1 10 2
73 330
1 12 2
81 364
1 14 2
87 239
1 15 2
69 468
1 14 2
47 204
1 10 2
67 146
1 9 2
393 492
1 13 2
267 354
1 9 2
186 492
1 15 2
192 474
1 15 2
81 333
1 8 2
34 341
1 12 2
111 372
1 5 2
118 361
1 6 2
48 249
1 9 2
101 255
1 8 2
365 427
1 10 2
44 495
1 14 2
190 339
1 12 2
173 482
1 9 2
402 459
1 2 2
33 81
1 12 2
216 450
1 14 2
45 497
1 2 2
141 222
1 11 2
283 402
1 3 2
301 396
1 12 2
94 229
1 4 2
209 312
1 4 2
382 408
1 7 2
103 118
1 7 2
7 46
1 10 2
329 445
1 7 2
336 482
1 4 2
299 343
1 13 2
198 236
1 3 2
57 406
1 5 2
167 196
1 2 2
72 275
1 8 2
27 75
1 14 2
2 283
1 3 2
403 435
1 13 2
94 261
1 15 2
7 165
1 10 2
27 404
1 11 2
121 375
1 11 2
277 364
1 13 2
105 285
1 10 2
253 365
1 5 2
1 364
1 14 2
43 236
1 9 2
53 126
1 13 2
38 81
1 7 2
269 315
1 5 2
191 335
1 11 2
161 191
1 6 2
76 148
1 15 2
345 474
1 14 2
224 386
1 8 2
169 462
1 13 2
0 174
1 2 2
52 277
1 3 2
241 385
1 11 2
92 324
1 14 2
124 440
1 4 2
439 476
1 14 2
117 483
1 10 2
111 458
1 11 2
77 132
1 5 2
112 402
1 3 2
216 227
1 11 2
177 180
1 6 2
141 483
1 9 2
255 273
1 7 2
61 299
1 10 2
227 313
1 8 2
449 461
1 14 2
4 371
1 10 2
135 479
1 7 2
303 432
1 9 2
226 398
1 2 2
305 373
1 12 2
249 458
1 3 2
125 428
1 5 2
283 404
1 3 2
137 346
1 10 2
64 77
1 6 2
183 418
1 10 2
336 352
1 5 2
177 414
1 13 2
298 439
1 13 2
141 236
1 14 2
45 306
1 10 2
357 457
1 11 2
219 325
1 5 2
96 449
1 2 2
262 438
1 12 2
432 496
1 6 2
348 468
1 3 2
81 376
1 10 2
164 421
1 2 2
110 424
1 12 2
339 451
1 13 2
74 418
1 3 2
424 441
1 15 2
223 446
1 11 2
77 347
1 2 2
402 478
1 4 2
458 499
1 11 2
273 464
1 12 2
73 89
1 3 2
160 282
1 4 2
249 397
1 7 2
184 281
1 6 2
356 377
1 14 2
61 470
1 11 2
68 427
1 2 2
303 461
1 7 2
315 436
1 15 2
226 491
1 5 2
86 337
1 3 2
263 386
1 11 2
42 210
1 13 2
53 69
1 6 2
55 402
1 11 2
179 477
1 14 2
262 384
1 11 2
233 457
1 11 2
449 479
1 3 2
25 365
1 8 2
180 238
1 15 2
401 462
1 5 2
10 121
1 14 2
104 268
1 5 2
208 455
1 9 2
280 322
1 12 2
115 450
1 2 2
127 327
1 8 2
42 260
1 5 2
14 89
1 8 2
140 480
1 5 2
24 225
1 8 2
53 181
1 6 2
149 225
1 14 2
362 420
1 12 2
46 333
1 2 2
148 181
1 12 2
55 80
1 2 2
119 420
1 5 2
145 448
1 11 2
390 464
1 5 2
47 360
1 5 2
227 269
1 8 2
76 337
1 15 2
139 432
1 12 2
408 458
1 10 2
164 259
1 9 2
399 425
1 4 2
217 281
1 7 2
102 244
1 4 2
214 463
1 4 2
317 346
1 9 2
162 278
1 4 2
260 372
1 15 2
404 441
1 15 2
44 257
1 11 2
160 259
1 12 2
135 307
1 2 2
23 348
1 3 2
446 461
1 10 2
25 424
1 11 2
377 414
1 3 2
33 316
1 7 2
217 420
1 9 2
80 207
1 10 2
275 425
1 2 2
308 358
1 8 2
92 290
1 7 2
159 428
1 5 2
171 221
1 11 2
79 206
1 8 2
118 176
1 7 2
236 439
1 5 2
70 166
1 13 2
210 359
1 12 2
93 169
1 9 2
34 188
1 7 2
138 174
1 15 2
135 249
1 2 2
259 323
1 5 2
197 438
1 14 2
242 412
1 12 2
65 193
1 13 2
20 130
1 3 2
111 482
1 3 2
282 370
1 10 2
249 274
1 13 2
12 445
1 5 2
440 467
1 10 2
262 355
1 4 2
189 331
1 7 2
57 183
1 5 2
349 375
1 3 2
406 466
1 4 2
108 344
1 13 2
40 289
1 15 2
328 431
1 15 2
209 295
1 4 2
227 319
1 2 2
30 213
1 4 2
58 373
1 10 2
27 46
1 5 2
144 386
1 13 2
139 455
1 3 2
115 343
1 3 2
27 205
1 6 2
126 420
1 7 2
88 399
1 11 2
345 441
1 8 2
83 180
1 13 2
102 136
1 5 2
220 226
1 3 2
89 93
1 7 2
67 367
1 12 2
294 343
1 3 2
56 282
1 6 2
205 258
1 3 2
215 386
1 12 2
454 499
1 4 2
28 487
1 2 2
36 388
1 12 2
275 357
1 13 2
49 435
1 10 2
287 410
1 12 2
165 447
1 8 2
135 410
1 9 2
48 58
1 3 2
110 192
1 15 2
54 401
1 15 2
94 177
1 5 2
235 415
1 14 2
263 331
1 6 2
21 436
1 13 2
112 338
1 5 2
239 297
1 15 2
151 309
1 14 2
15 414
1 11 2
20 333
1 4 2
97 315
1 13 2
119 497
1 2 2
307 427
1 9 2
146 358
1 13 2
278 365
1 10 2
341 389
1 9 2
63 391
1 9 2
173 487
1 2 2
409 479
1 14 2
138 205
1 15 2
127 259
1 15 2
204 394
1 2 2
264 447
1 11 2
346 413
1 15 2
35 368
1 14 2
142 217
1 5 2
105 424
1 15 2
259 482
1 12 2
351 375
1 14 2
233 238
1 10 2
33 85
1 6 2
134 252
1 13 2
307 444
1 2 2
112 131
1 2 2
39 323
1 12 2
182 408
1 11 2
111 164
1 10 2
388 403
1 9 2
240 405
1 15 2
40 127
1 2 2
176 342
1 13 2
59 400
1 9 2
299 366
1 8 2
118 299
1 7 2
174 480
1 11 2
111 119
1 3 2
60 416
1 15 2
135 489
1 2 2
165 340
1 4 2
96 198
1 8 2
246 479
1 15 2
228 487
1 4 2
134 466
1 15 2
145 495
1 9 2
266 494
1 4 2
239 301
1 8 2
113 362
1 5 2
225 406
1 6 2
202 286
1 8 2
399 433
1 2 2
330 383
1 12 2
63 434
1 6 2
32 248
1 11 2
233 340
1 8 2
121 208
1 9 2
109 393
1 7 2
263 319
1 11 2
157 277
1 2 2
223 260
1 3 2
167 437
1 13 2
19 71
1 2 2
429 442
1 10 2
132 151
1 13 2
448 493
1 4 2
285 465
1 4 2
320 351
1 8 2
96 320
1 2 2
13 127
1 2 2
22 147
1 12 2
62 451
1 13 2
51 53
1 12 2
270 308
1 2 2
2 315
1 5 2
74 79
1 9 2
181 218
1 7 2
77 329
1 4 2
378 437
1 9 2
170 221
1 11 2
116 138
1 9 2
257 358
1 14 2
12 455
1 4 2
451 456
1 10 2
4 403
1 11 2
127 144
1 9 2
129 253
1 8 2
0 409
1 3 2
85 186
1 10 2
353 364
1 14 2
368 454
1 11 2
129 465
1 3 2
118 239
1 10 2
51 328
1 8 2
0 316
1 2 2
144 469
1 5 2
151 319
1 5 2
45 437
1 14 2
357 450
1 4 2
254 326
1 5 2
72 245
1 11 2
12 338
1 14 2
17 181
1 9 2
310 409
1 2 2
100 478
1 12 2
115 150
1 10 2
272 426
1 11 2
55 419
1 14 2
164 411
1 6 2
343 432
1 10 2
47 101
1 12 2
131 204
1 10 2
119 341
1 10 2
160 170
1 7 2
256 428
1 2 2
176 239
1 6 2
300 321
1 15 2
114 460
1 14 2
431 461
1 11 2
38 116
1 6 2
9 377
1 5 2
119 383
1 3 2
189 488
1 5 2
34 50
1 12 2
73 347
1 14 2
337 471
1 10 2
163 196
1 14 2
202 437
1 12 2
115 496
1 10 2
248 411
1 4 2
41 287
1 6 2
113 372
1 5 2
39 399
1 12 2
397 434
1 10 2
83 492
1 6 2
6 108
1 4 2
16 261
1 6 2
282 317
1 14 2
141 401
1 4 2
52 183
1 8 2
41 100
1 8 2
5 477
1 10 2
268 285
1 5 2
212 332
1 12 2
191 382
1 8 2
153 225
1 3 2
55 418
1 12 2
21 335
1 10 2
133 278
1 12 2
285 352
1 3 2
254 330
1 3 2
247 262
1 4 2
312 327
1 7 2
240 489
1 4 2
87 363
1 6 2
209 305
1 13 2
360 430
1 2 2
14 231
1 5 2
47 403
1 13 2
474 486
1 14 2
97 443
1 8 2
96 491
1 11 2
147 454
1 9 2
69 331
1 9 2
454 464
1 14 2
406 492
1 7 2
161 456
1 9 2
148 358
1 13 2
122 242
1 3 2
141 269
1 10 2
201 321
1 8 2
337 480
1 4 2
193 299
1 8 2
11 305
1 11 2
37 286
1 13 2
453 481
1 5 2
121 350
1 9 2
439 461
1 10 2
98 162
1 15 2
134 374
1 7 2
71 305
1 2 2
172 261
1 15 2
108 234
1 7 2
142 216
1 13 2
372 414
1 7 2
29 183
1 4 2
175 339
1 12 2
189 451
1 2 2
317 480
1 4 2
103 295
1 4 2
251 272
1 2 2
105 478
1 11 2
282 497
1 3 2
226 233
1 15 2
165 174
1 14 2
401 417
1 8 2
332 383
1 3 2
85 137
1 2 2
3 209
1 9 2
251 311
1 6 2
175 268
1 5 2
349 487
1 8 2
251 340
1 7 2
72 389
1 8 2
32 388
1 11 2
282 474
1 10 2
200 382
1 9 2
134 489
1 6 2
364 381
1 10 2
5 235
1 7 2
272 288
1 8 2
106 163
1 10 2
8 239
1 14 2
170 253
1 9 2
378 392
1 4 2
51 75
1 10 2
132 415
1 15 2
16 458
1 15 2
152 486
1 6 2
202 470
1 5 2
57 304
1 13 2
45 339
1 11 2
23 461
1 11 2
110 414
1 12 2
189 255
1 13 2
341 350
1 5 2
86 432
1 10 2
105 356
1 14 2
144 404
1 8 2
254 391
1 4 2
105 252
1 10 2
68 220
1 4 2
127 364
1 3 2
228 396
1 5 2
108 246
1 6 2
32 397
1 7 2
217 462
1 6 2
5 218
1 11 2
186 407
1 5 2
178 497
1 15 2
198 259
1 8 2
98 462
1 12 2
185 254
1 10 2
74 114
1 12 2
32 372
1 8 2
81 340
1 4 2
59 315
1 13 2
72 450
1 10 2
150 221
1 9 2
132 377
1 7 2
229 243
1 9 2
125 182
1 5 2
235 486
1 5 2
107 497
1 8 2
166 296
1 5 2
275 440
1 14 2
280 490
1 12 2
115 245
1 11 2
168 217
1 13 2
80 465
1 8 2
107 192
1 7 2
141 446
1 10 2
145 497
1 3 2
183 208
1 14 2
423 471
1 6 2
1 218
1 4 2
45 152
1 10 2
307 468
1 5 2
252 381
1 12 2
145 395
1 5 2
209 458
1 13 2
92 351
1 13 2
57 71
1 12 2
298 471
1 11 2
99 109
1 14 2
30 296
1 7 2
258 317
1 10 2
191 267
1 11 2
214 301
1 12 2
282 357
1 10 2
52 289
1 4 2
132 436
1 2 2
63 146
1 8 2
125 289
1 6 2
33 477
1 4 2
145 468
1 13 2
165 292
1 8 2
107 113
1 9 2
257 454
1 11 2
50 332
1 5 2
64 111
1 5 2
32 194
1 6 2
128 423
1 6 2
0 119
1 10 2
174 378
1 7 2
19 424
1 8 2
318 420
1 12 2
24 173
1 11 2
99 432
1 14 2
336 405
1 7 2
100 414
1 2 2
249 381
1 6 2
53 406
1 14 2
354 475
1 4 2
123 337
1 4 2
21 112
1 10 2
290 463
1 11 2
292 481
1 2 2
441 462
1 14 2
46 230
1 10 2
132 344
1 9 2
115 327
1 13 2
221 450
1 3 2
5 447
1 13 2
82 393
1 6 2
16 51
1 10 2
244 408
1 14 2
421 488
1 5 2
101 119
1 12 2
16 79
1 14 2
147 378
1 3 2
233 354
1 12 2
269 448
1 5 2
66 450
1 2 2
287 469
1 7 2
55 470
1 9 2
67 255
1 8 2
170 380
1 9 2
430 462
1 11 2
341 361
1 11 2
98 441
1 10 2
68 73
1 11 2
28 290
1 4 2
258 262
1 15 2
266 340
1 10 2
290 446
1 13 2
260 456
1 12 2
274 339
1 15 2
28 382
1 11 2
146 333
1 9 2
192 288
1 8 2
102 333
1 14 2
334 489
1 5 2
368 491
1 15 2
189 192
1 12 2
195 315
1 7 2
345 351
1 11 2
248 270
1 14 2
235 259
1 4 2
166 321
1 8 2
41 344
1 9 2
52 377
1 6 2
164 298
1 3 2
254 401
1 8 2
60 216
1 2 2
245 276
1 5 2
137 267
1 7 2
39 47
1 9 2
223 381
1 14 2
329 374
1 10 2
180 438
1 5 2
37 147
1 15 2
258 410
1 14 2
384 426
1 3 2
235 384
1 2 2
110 416
1 15 2
115 444
1 8 2
254 487
1 9 2
238 276
1 7 2
332 352
1 10 2
262 283
1 12 2
180 274
1 3 2
59 478
1 3 2
217 354
1 14 2
34 264
1 13 2
208 287
1 7 2
225 351
1 5 2
81 296
1 14 2
280 330
1 15 2
265 389
1 4 2
31 256
1 3 2
278 438
1 13 2
309 401
1 13 2
128 310
1 7 2
126 453
1 13 2
223 294
1 3 2
84 394
1 6 2
79 411
1 12 2
8 410
1 10 2
342 480
1 5 2
189 376
1 11 2
243 313
1 8 2
211 379
1 14 2
59 318
1 12 2
315 321
1 9 2
337 468
1 15 2
15 182
1 6 2
180 489
1 6 2
205 376
1 9 2
34 443
1 7 2
228 384
1 5 2
351 361
1 13 2
292 423
1 15 2
335 416
1 11 2
93 349
1 11 2
279 380
1 10 2
410 451
1 3 2
408 452
1 2 2
255 279
1 7 2
162 379
1 6 2
164 351
1 15 2
82 212
1 7 2
74 341
1 4 2
89 127
1 6 2
159 176
1 15 2
72 330
1 11 2
221 430
1 14 2
166 440
1 5 2
170 470
1 14 2
72 408
1 8 2
290 484
1 10 2
288 369
1 11 2
223 310
1 11 2
47 114
1 6 2
154 311
1 3 2
413 467
1 8 2
41 146
1 10 2
84 155
1 5 2
29 325
1 12 2
260 492
1 8 2
163 394
1 2 2
19 450
1 2 2
87 398
1 15 2
357 395
1 2 2
238 456
1 9 2
117 277
1 15 2
212 360
1 14 2
230 325
1 6 2
79 390
1 4 2
270 339
1 14 2
367 455
1 13 2
91 235
1 3 2
334 404
1 12 2
2 246
1 5 2
38 120
1 7 2
31 437
1 5 2
256 366
1 2 2
14 437
1 10 2
73 466
1 12 2
157 404
1 4 2
122 446
1 14 2
204 311
1 7 2
180 447
1 3 2
134 231
1 4 2
291 335
1 2 2
94 109
1 13 2
244 320
1 6 2
96 312
1 2 2
180 386
1 5 2
197 484
1 12 2
378 402
1 5 2
328 466
1 14 2
303 402
1 11 2
37 268
1 2 2
316 457
1 8 2
116 154
1 2 2
256 408
1 9 2
123 464
1 2 2
80 417
1 6 2
280 377
1 6 2
209 353
1 15 2
102 140
1 2 2
135 301
1 10 2
93 176
1 13 2
419 496
1 12 2
90 224
1 7 2
145 327
1 13 2
332 338
1 3 2
185 277
1 13 2
179 425
1 10 2
13 346
1 14 2
108 408
1 11 2
383 480
1 6 2
136 385
1 15 2
17 141
1 6 2
44 488
1 10 2
30 152
1 9 2
180 199
1 11 2
28 92
1 3 2
413 454
1 3 2
120 192
1 8 2
124 158
1 5 2
417 467
1 7 2
66 498
1 12 2
141 480
1 14 2
2 148
1 8 2
162 400
1 10 2
61 335
1 14 2
79 334
1 11 2
428 434
1 2 2
97 249
1 7 2
69 438
1 5 2
58 338
1 3 2
322 366
1 10 2
170 257
1 14 2
75 293
1 13 2
121 280
1 15 2
360 382
1 8 2
404 489
1 8 2
121 130
1 2 2
22 420
1 2 2
359 410
1 4 2
122 442
1 7 2
73 483
1 10 2
169 272
1 3 2
120 437
1 14 2
214 362
1 2 2
122 217
1 3 2
77 139
1 12 2
229 304
1 7 2
219 438
1 7 2
86 173
1 8 2
83 440
1 5 2
200 399
1 3 2
121 206
1 12 2
294 462
1 2 2
3 179
1 15 2
261 493
1 13 2
130 422
1 3 2
459 478
1 4 2
344 430
1 13 2
267 300
1 2 2
330 448
1 4 2
10 11
1 3 2
277 295
1 6 2
204 303
1 12 2
84 139
1 5 2
166 423
1 7 2
0 145
1 14 2
73 101
1 8 2
144 151
1 3 2
291 443
1 7 2
284 340
1 10 2
123 171
1 14 2
223 320
1 5 2
18 296
1 9 2
72 214
1 6 2
114 359
1 9 2
292 357
1 4 2
56 59
1 15 2
142 326
1 10 2
7 497
1 15 2
468 473
1 5 2
131 160
1 12 2
103 174
1 11 2
162 247
1 9 2
102 162
1 14 2
220 426
1 11 2
425 462
1 9 2
92 321
1 6 2
65 116
1 9 2
105 434
1 12 2
19 39
1 2 2
120 478
1 2 2
161 309
1 5 2
162 358
1 3 2
65 164
1 12 2
49 214
1 12 2
134 163
1 14 2
12 474
1 8 2
288 325
1 3 2
438 449
1 10 2
227 231
1 14 2
54 106
1 13 2
34 291
1 9 2
288 436
1 13 2
144 343
1 10 2
78 434
1 6 2
105 120
1 13 2
109 462
1 8 2
8 181
1 13 2
236 323
1 3 2
341 375
1 13 2
303 418
1 15 2
46 218
1 3 2
5 96
1 14 2
357 412
1 11 2
3 53
1 14 2
215 266
1 10 2
167 477
1 14 2
336 338
1 12 2
96 354
1 7 2
204 391
1 11 2
158 420
1 9 2
226 446
1 13 2
367 401
1 10 2
376 473
1 11 2
310 329
1 5 2
204 307
