500 4000 1500
15 8 21 13 16 10 21 24 20 13 20 14 24 9 19 12 14 10 7 25 17 9 18 24 25 21 8 16 5 8 22 18 19 25 25 12 8 8 12 22 19 5 6 10 15 22 9 7 9 14 14 19 21 18 14 7 19 16 13 23 18 17 23 25 22 11 14 5 8 14 24 15 7 20 20 7 17 5 25 24 11 15 17 20 14 22 16 13 9 14 7 18 20 20 15 17 9 5 11 25 19 25 16 12 9 6 16 19 5 8 15 12 19 14 13 12 16 24 11 10 9 25 8 21 25 25 16 25 21 13 17 8 13 24 17 8 16 10 19 25 17 22 17 14 5 13 9 20 7 24 7 15 14 18 5 25 10 11 5 17 25 19 8 21 8 19 22 19 5 10 11 17 14 6 9 25 13 11 12 13 6 23 23 11 10 5 16 6 22 17 9 18 17 10 14 11 6 21 23 6 22 5 22 10 14 23 11 21 24 18 15 10 22 23 11 25 9 11 8 18 23 18 18 19 6 17 8 10 23 12 13 17 14 19 15 10 12 21 22 16 22 25 21 5 21 20 11 6 24 15 17 14 18 16 23 5 14 18 10 17 15 21 25 13 10 12 12 25 12 22 14 13 16 19 21 22 9 12 25 9 14 24 24 11 17 16 22 23 23 24 18 23 12 21 17 20 15 20 23 9 8 20 17 6 12 24 12 6 9 5 6 24 7 18 17 17 11 8 9 25 14 14 17 6 13 11 6 10 6 21 13 12 6 7 11 20 24 17 19 11 19 16 12 19 14 9 19 6 19 11 13 25 22 17 22 7 12 19 14 7 13 23 18 15 24 13 8 5 5 17 18 8 9 16 16 13 12 18 6 20 12 25 18 12 17 22 13 20 16 13 13 5 14 11 12 20 19 6 19 18 9 24 25 7 8 19 12 13 21 6 7 7 13 14 6 8 18 19 12 15 7 15 9 23 10 7 5 19 21 24 8 21 16 10 16 19 11 12 21 25 15 22 6 24 9 22 17 16 10 10 24 9 19 6 24 25 12 13 16 7 9 20 14 11 18 10 8 22 6 24 22 9 15 18 20 6 5 13 24 25 14 7 9 22 23 22 22 7 9 7 17 23 18 8 14 20 6 5 20 22
11 17 16 17 5 15 15 15 18 8 12 4 3 17 7 20 7 19 4 18 5 18 3 12 11 9 12 4 14 7 5 7 18 14 3 16 6 13 12 19 19 20 17 15 6 20 19 12 9 12 17 19 15 16 9 18 3 4 17 4 7 3 8 5 14 13 15 19 15 18 4 13 9 7 18 4 14 4 11 19 18 12 12 19 4 14 19 9 4 8 7 16 8 15 10 4 19 4 10 12 14 4 3 12 16 7 10 15 4 5 9 18 6 6 12 8 15 13 4 16 7 16 12 6 14 3 10 4 12 20 19 8 3 19 6 5 14 19 14 16 17 6 13 17 16 16 15 7 9 20 20 7 9 13 18 11 8 3 14 9 18 17 13 12 8 5 5 14 11 5 16 4 19 5 16 3 5 16 4 13 11 3 14 5 18 5 5 17 16 3 19 18 4 17 17 16 11 15 14 7 15 3 19 18 6 19 16 15 3 8 20 18 16 19 14 8 3 8 10 20 11 4 5 15 18 14 14 15 6 13 14 6 12 8 14 7 18 15 17 5 16 17 9 16 7 9 5 8 11 7 17 11 4 6 3 10 4 6 18 13 6 15 14 9 7 4 10 6 13 9 14 11 16 12 8 9 9 13 19 8 6 15 8 14 19 18 7 6 9 5 5 7 18 12 17 13 7 14 14 6 7 10 15 3 6 10 6 13 14 20 6 16 18 10 4 9 18 10 14 4 3 12 11 9 19 5 7 19 15 10 19 16 18 15 11 5 10 7 6 20 7 14 20 19 19 12 12 15 12 19 9 6 12 4 12 13 17 14 15 10 11 8 18 3 8 15 13 18 18 16 3 18 19 3 17 15 13 19 9 15 11 4 16 9 3 3 3 10 6 5 15 7 3 17 15 17 10 7 5 11 7 4 18 20 5 6 4 10 19 20 12 19 10 10 17 9 6 5 6 3 17 19 18 4 10 17 7 10 20 5 9 19 16 16 10 8 18 15 16 11 7 10 10 9 7 7 10 6 15 20 11 19 6 6 5 19 13 6 3 15 14 12 10 8 8 3 7 20 5 8 6 6 11 17 20 10 11 12 9 10 4 10 3 8 19 3 19 12 8 17 19 8 18 8 3 5 17 12 6 17
1 5 2
119 334
1 5 2
44 139
1 13 2
168 466
1 2 2
80 222
1 9 2
384 474
1 9 2
32 347
1 12 2
84 305
1 7 2
126 425
1 4 2
100 271
1 5 2
83 266
1 13 2
104 477
1 12 2
269 307
1 2 2
409 490
1 8 2
406 408
1 6 2
329 347
1 14 2
189 453
1 2 2
202 451
1 10 2
153 181
1 13 2
179 190
1 10 2
22 491
1 6 2
179 187
1 8 2
246 351
1 10 2
28 108
1 2 2
189 285
1 10 2
89 261
1 2 2
216 375
1 12 2
40 65
1 15 2
189 302
1 5 2
221 386
1 4 2
123 391
1 3 2
146 496
1 8 2
474 479
1 12 2
229 310
1 11 2
142 419
1 6 2
232 424
1 11 2
0 288
1 6 2
267 490
1 7 2
13 455
1 13 2
263 441
1 9 2
114 470
1 3 2
40 382
1 3 2
27 99
1 4 2
143 277
1 2 2
135 225
1 3 2
153 437
1 7 2
58 142
1 12 2
98 281
1 7 2
105 394
1 11 2
203 485
1 14 2
85 427
1 6 2
356 382
1 14 2
119 377
1 12 2
178 392
1 3 2
139 271
1 10 2
92 365
1 11 2
273 472
1 11 2
183 212
1 4 2
452 478
1 4 2
359 480
1 8 2
72 455
1 6 2
279 493
1 3 2
332 391
1 14 2
212 336
1 7 2
54 222
1 6 2
99 164
1 14 2
2 261
1 4 2
100 386
1 7 2
337 338
1 11 2
67 481
1 7 2
174 392
1 11 2
55 308
1 3 2
118 188
1 10 2
283 345
1 9 2
76 428
1 12 2
66 157
1 8 2
237 452
1 2 2
99 184
1 9 2
46 287
1 11 2
102 132
1 3 2
35 84
1 5 2
180 476
1 12 2
193 279
1 10 2
33 374
1 10 2
244 390
1 10 2
107 179
1 11 2
234 288
1 13 2
15 203
1 9 2
25 90
1 10 2
445 484
1 12 2
286 442
1 6 2
101 479
1 2 2
241 292
1 4 2
121 282
1 6 2
422 477
1 14 2
121 336
1 9 2
52 354
1 12 2
96 354
1 14 2
298 401
1 4 2
338 486
1 11 2
436 481
1 14 2
40 203
1 6 2
169 198
1 5 2
21 241
1 2 2
157 241
1 8 2
45 77
1 6 2
52 399
1 3 2
257 466
1 6 2
93 406
1 10 2
2 256
1 15 2
98 309
1 15 2
11 384
1 6 2
259 490
1 4 2
80 399
1 13 2
358 380
1 10 2
154 204
1 10 2
16 364
1 9 2
118 431
1 10 2
336 360
1 9 2
162 439
1 9 2
238 295
1 10 2
48 340
1 5 2
44 484
1 13 2
228 312
1 7 2
148 277
1 2 2
306 386
1 2 2
32 323
1 6 2
63 221
1 14 2
292 401
1 7 2
393 459
1 6 2
22 497
1 2 2
49 379
1 11 2
308 366
1 5 2
384 448
1 7 2
13 276
1 2 2
49 113
1 9 2
141 180
1 15 2
265 348
1 14 2
196 316
1 3 2
89 260
1 13 2
35 45
1 4 2
295 395
1 8 2
50 376
1 7 2
13 249
1 8 2
89 381
1 2 2
89 151
1 2 2
24 210
1 10 2
237 405
1 7 2
198 200
1 3 2
23 378
1 11 2
347 475
1 13 2
312 443
1 10 2
425 470
1 3 2
18 280
1 12 2
286 397
1 13 2
38 266
1 15 2
43 195
1 12 2
183 229
1 11 2
244 291
1 11 2
212 403
1 13 2
59 452
1 6 2
369 397
1 13 2
354 498
1 9 2
227 480
1 7 2
239 264
1 4 2
379 413
1 14 2
222 406
1 9 2
7 99
1 10 2
4 56
1 6 2
291 488
1 10 2
326 487
1 6 2
362 419
1 4 2
119 368
1 8 2
311 422
1 10 2
339 426
1 6 2
268 290
1 14 2
197 365
1 8 2
289 392
1 4 2
333 370
1 15 2
41 380
1 4 2
97 311
1 15 2
147 194
1 7 2
435 443
1 11 2
49 318
1 5 2
114 385
1 14 2
69 148
1 12 2
21 160
1 14 2
263 357
1 4 2
26 366
1 6 2
177 263
1 14 2
147 379
1 2 2
166 425
1 11 2
93 147
1 4 2
364 447
1 2 2
233 249
1 4 2
140 403
1 9 2
221 258
1 12 2
25 274
1 15 2
313 474
1 3 2
37 156
1 9 2
398 471
1 10 2
29 280
1 8 2
37 204
1 3 2
27 327
1 9 2
165 250
1 5 2
108 497
1 5 2
243 397
1 12 2
86 399
1 6 2
258 321
1 9 2
49 473
1 11 2
81 417
1 6 2
195 200
1 3 2
178 209
1 8 2
231 309
1 15 2
69 424
1 13 2
55 423
1 13 2
199 355
1 13 2
4 110
1 4 2
234 454
1 11 2
342 460
1 10 2
20 63
1 8 2
199 232
1 9 2
79 477
1 5 2
104 453
1 3 2
15 365
1 14 2
241 335
1 3 2
150 475
1 5 2
35 140
1 2 2
46 468
1 13 2
366 402
1 5 2
36 38
1 15 2
387 477
1 2 2
46 311
1 9 2
260 445
1 8 2
50 364
1 2 2
231 335
1 6 2
317 337
1 6 2
352 417
1 4 2
271 432
1 6 2
154 452
1 15 2
427 476
1 9 2
249 437
1 15 2
271 290
1 15 2
85 156
1 11 2
280 336
1 14 2
154 217
1 14 2
117 289
1 4 2
129 154
1 12 2
242 459
1 5 2
363 424
1 9 2
135 143
1 13 2
408 488
1 15 2
146 432
1 11 2
40 433
1 7 2
388 456
1 9 2
332 410
1 11 2
128 210
1 2 2
169 267
1 14 2
138 362
1 8 2
83 406
1 2 2
0 402
1 4 2
245 471
1 6 2
180 192
1 15 2
74 149
1 14 2
279 339
1 4 2
13 379
1 8 2
13 480
1 5 2
60 392
1 4 2
73 269
1 8 2
60 159
1 13 2
62 159
1 4 2
158 179
1 13 2
8 145
1 12 2
412 436
1 10 2
295 471
1 12 2
5 292
1 13 2
382 491
1 8 2
46 352
1 15 2
162 242
1 5 2
190 232
1 15 2
128 383
1 13 2
6 20
1 5 2
61 203
1 7 2
35 77
1 15 2
168 341
1 2 2
366 491
1 14 2
130 429
1 4 2
23 249
1 4 2
244 473
1 6 2
54 110
1 15 2
421 439
1 7 2
163 376
1 3 2
178 480
1 9 2
333 426
1 11 2
250 443
1 12 2
167 340
1 10 2
276 467
1 14 2
8 79
1 13 2
111 164
1 15 2
107 255
1 4 2
144 493
1 2 2
348 471
1 2 2
54 265
1 6 2
364 374
1 14 2
254 476
1 5 2
151 474
1 8 2
169 236
1 11 2
219 236
1 8 2
145 158
1 5 2
416 439
1 6 2
95 220
1 8 2
35 488
1 11 2
1 379
1 10 2
138 409
1 12 2
208 280
1 4 2
207 468
1 15 2
159 294
1 10 2
393 463
1 2 2
54 223
1 7 2
230 241
1 12 2
50 343
1 11 2
407 414
1 6 2
17 371
1 15 2
199 447
1 9 2
122 353
1 10 2
179 470
1 11 2
227 412
1 5 2
212 220
1 13 2
62 151
1 8 2
275 479
1 11 2
164 359
1 11 2
378 442
1 10 2
317 438
1 9 2
48 160
1 10 2
146 318
1 12 2
0 95
1 9 2
20 304
1 12 2
139 253
1 13 2
318 393
1 3 2
243 249
1 11 2
18 475
1 3 2
363 498
1 9 2
256 277
1 7 2
256 405
1 14 2
56 379
1 4 2
12 208
1 10 2
328 345
1 3 2
95 423
1 2 2
361 453
1 3 2
137 363
1 10 2
10 455
1 3 2
346 486
1 6 2
23 385
1 9 2
146 363
1 15 2
7 264
1 7 2
76 336
1 10 2
18 116
1 10 2
265 411
1 11 2
148 247
1 4 2
56 400
1 2 2
5 459
1 8 2
24 57
1 15 2
372 382
1 7 2
176 245
1 10 2
241 454
1 3 2
282 330
1 13 2
173 351
1 12 2
138 377
1 11 2
208 421
1 15 2
57 422
1 3 2
347 401
1 7 2
77 386
1 3 2
29 190
1 6 2
67 372
1 5 2
161 382
1 11 2
175 308
1 14 2
64 170
1 15 2
233 430
1 2 2
123 140
1 2 2
129 139
1 2 2
211 260
1 11 2
206 301
1 11 2
14 244
1 3 2
81 353
1 11 2
313 399
1 11 2
267 410
1 4 2
82 412
1 12 2
17 195
1 4 2
284 436
1 2 2
40 199
1 12 2
69 103
1 14 2
290 326
1 12 2
67 75
1 14 2
110 477
1 10 2
147 201
1 13 2
66 283
1 12 2
233 409
1 11 2
249 287
1 14 2
158 364
1 8 2
411 478
1 12 2
451 479
1 3 2
206 470
1 12 2
208 414
1 2 2
277 387
1 3 2
122 256
1 11 2
395 415
1 9 2
99 359
1 2 2
312 365
1 3 2
368 422
1 2 2
249 450
1 9 2
171 430
1 2 2
36 248
1 11 2
5 142
1 2 2
83 206
1 10 2
459 492
1 12 2
375 489
1 3 2
55 109
1 15 2
179 298
1 6 2
316 440
1 9 2
18 64
1 7 2
217 435
1 2 2
37 408
1 6 2
36 130
1 6 2
239 405
1 7 2
293 343
1 14 2
357 430
1 8 2
259 264
1 12 2
63 453
1 2 2
448 470
1 7 2
132 203
1 9 2
70 458
1 13 2
183 193
1 4 2
175 179
1 13 2
242 343
1 3 2
19 159
1 9 2
62 210
1 5 2
275 391
1 5 2
348 426
1 10 2
202 312
1 5 2
127 367
1 10 2
7 87
1 13 2
349 461
1 5 2
257 270
1 6 2
222 308
1 15 2
343 384
1 7 2
118 455
1 5 2
320 402
1 2 2
335 412
1 15 2
211 478
1 9 2
175 324
1 2 2
78 426
1 14 2
135 226
1 4 2
185 195
1 13 2
163 428
1 5 2
133 333
1 2 2
357 383
1 5 2
243 271
1 9 2
125 146
1 12 2
134 284
1 4 2
78 335
1 10 2
333 360
1 10 2
20 499
1 2 2
202 371
1 11 2
360 466
1 6 2
164 306
1 5 2
70 170
1 9 2
133 341
1 6 2
122 264
1 14 2
149 398
1 9 2
212 234
1 4 2
1 441
1 14 2
427 482
1 14 2
334 335
1 3 2
268 355
1 5 2
175 466
1 7 2
215 298
1 12 2
240 324
1 4 2
214 424
1 7 2
46 138
1 5 2
248 410
1 4 2
237 449
1 6 2
441 468
1 7 2
349 410
1 11 2
29 445
1 2 2
35 290
1 15 2
264 358
1 12 2
71 459
1 11 2
129 314
1 2 2
173 363
1 6 2
112 336
1 3 2
42 353
1 3 2
138 424
1 9 2
6 458
1 11 2
82 392
1 14 2
48 362
1 8 2
14 68
1 8 2
149 453
1 4 2
408 475
1 11 2
198 225
1 10 2
13 191
1 10 2
321 487
1 2 2
99 374
1 10 2
83 329
1 8 2
296 405
1 14 2
49 349
1 12 2
146 185
1 11 2
285 390
1 2 2
58 193
1 4 2
320 343
1 2 2
75 142
1 8 2
55 262
1 14 2
95 493
1 13 2
37 92
1 3 2
37 380
1 2 2
193 275
1 7 2
59 327
1 15 2
207 355
1 11 2
229 285
1 15 2
147 357
1 9 2
72 142
1 13 2
67 84
1 4 2
398 417
1 5 2
326 496
1 9 2
297 450
1 9 2
430 443
1 12 2
166 366
1 2 2
140 174
1 11 2
206 391
1 9 2
103 210
1 2 2
70 163
1 14 2
245 413
1 11 2
78 450
1 10 2
222 328
1 11 2
34 116
1 12 2
339 448
1 15 2
131 364
1 9 2
206 401
1 5 2
92 265
1 8 2
195 264
1 4 2
66 248
1 11 2
87 185
1 7 2
328 495
1 15 2
290 337
1 3 2
43 227
1 9 2
125 238
1 3 2
58 432
1 9 2
8 86
1 4 2
152 200
1 11 2
187 498
1 10 2
4 486
1 7 2
331 378
1 11 2
103 375
1 10 2
161 170
1 9 2
285 498
1 14 2
80 496
1 12 2
353 383
1 12 2
135 147
1 4 2
423 444
1 10 2
85 115
1 13 2
106 432
1 4 2
147 362
1 10 2
31 402
1 12 2
179 200
1 5 2
222 434
1 12 2
93 280
1 3 2
350 358
1 12 2
251 313
1 14 2
51 408
1 13 2
389 460
1 6 2
4 194
1 6 2
342 421
1 10 2
227 374
1 12 2
105 386
1 5 2
131 282
1 13 2
145 312
1 13 2
47 136
1 6 2
269 402
1 2 2
43 185
1 2 2
335 476
1 7 2
342 408
1 10 2
274 445
1 5 2
24 37
1 13 2
283 478
1 14 2
291 399
1 12 2
88 99
1 7 2
393 396
1 11 2
185 288
1 9 2
239 414
1 7 2
428 494
1 4 2
279 383
1 5 2
59 106
1 7 2
124 391
1 2 2
247 423
1 13 2
279 457
1 3 2
447 485
1 7 2
8 290
1 5 2
4 35
1 4 2
285 326
1 2 2
352 481
1 15 2
157 249
1 4 2
8 321
1 14 2
221 270
1 4 2
268 386
1 13 2
11 417
1 4 2
195 324
1 11 2
285 291
1 8 2
149 347
1 2 2
405 434
1 3 2
203 459
1 2 2
177 333
1 7 2
16 387
1 15 2
204 445
1 7 2
186 281
1 15 2
63 160
1 7 2
212 370
1 5 2
107 310
1 11 2
300 443
1 6 2
463 466
1 9 2
2 498
1 12 2
215 337
1 13 2
196 312
1 15 2
283 483
1 6 2
321 331
1 9 2
13 57
1 9 2
314 447
1 15 2
144 394
1 9 2
474 499
1 3 2
177 180
1 9 2
130 185
1 13 2
85 99
1 12 2
53 224
1 11 2
157 286
1 15 2
179 392
1 7 2
359 484
1 12 2
184 241
1 14 2
259 269
1 2 2
325 456
1 12 2
21 219
1 4 2
34 198
1 10 2
233 481
1 12 2
248 425
1 8 2
180 355
1 5 2
24 26
1 2 2
387 436
1 8 2
106 499
1 15 2
105 284
1 6 2
74 206
1 11 2
109 262
1 12 2
5 65
1 13 2
249 436
1 6 2
77 294
1 14 2
89 127
1 8 2
84 379
1 10 2
250 294
1 6 2
21 438
1 8 2
245 271
1 3 2
152 314
1 13 2
36 137
1 5 2
79 282
1 12 2
295 435
1 11 2
230 404
1 14 2
1 490
1 7 2
67 378
1 15 2
53 336
1 8 2
155 271
1 2 2
267 384
1 13 2
94 194
1 4 2
55 132
1 13 2
62 120
1 8 2
156 482
1 9 2
105 267
1 12 2
327 372
1 3 2
53 96
1 4 2
133 257
1 2 2
156 202
1 10 2
128 218
1 2 2
53 355
1 9 2
122 182
1 7 2
61 86
1 5 2
443 467
1 11 2
246 412
1 7 2
233 317
1 14 2
48 352
1 13 2
20 420
1 9 2
360 427
1 8 2
189 498
1 11 2
90 134
1 5 2
23 456
1 10 2
39 172
1 2 2
111 215
1 2 2
263 302
1 4 2
119 407
1 9 2
233 288
1 11 2
27 189
1 6 2
381 399
1 4 2
129 475
1 5 2
407 468
1 11 2
49 251
1 11 2
231 301
1 13 2
358 360
1 9 2
20 355
1 8 2
100 455
1 15 2
5 237
1 12 2
123 320
1 13 2
40 415
1 10 2
169 202
1 8 2
349 400
1 2 2
63 336
1 6 2
58 207
1 5 2
182 398
1 10 2
140 422
1 8 2
13 338
1 14 2
131 340
1 11 2
3 315
1 10 2
222 401
1 14 2
80 198
1 12 2
329 435
1 11 2
242 453
1 11 2
0 210
1 6 2
50 356
1 14 2
341 431
1 10 2
51 464
1 13 2
33 144
1 2 2
403 412
1 6 2
5 270
1 5 2
356 428
1 2 2
249 348
1 3 2
310 331
1 5 2
399 499
1 8 2
138 213
1 5 2
155 222
1 8 2
390 438
1 9 2
18 376
1 7 2
306 473
1 9 2
260 331
1 4 2
20 36
1 9 2
128 174
1 12 2
10 295
1 14 2
307 439
1 4 2
246 489
1 12 2
339 357
1 4 2
0 420
1 8 2
176 273
1 11 2
54 200
1 5 2
117 431
1 9 2
126 270
1 9 2
190 283
1 8 2
170 229
1 9 2
244 343
1 8 2
347 467
1 13 2
25 63
1 9 2
243 288
1 14 2
63 224
1 13 2
93 306
1 8 2
17 220
1 8 2
40 423
1 5 2
251 449
1 9 2
137 250
1 7 2
98 233
1 14 2
36 461
1 10 2
19 42
1 15 2
104 239
1 10 2
88 212
1 12 2
123 434
1 8 2
370 381
1 10 2
1 19
1 2 2
328 427
1 9 2
181 182
1 8 2
344 485
1 15 2
86 250
1 10 2
85 312
1 15 2
96 116
1 9 2
166 276
1 7 2
322 429
1 10 2
9 447
1 11 2
174 453
1 8 2
302 479
1 7 2
236 415
1 15 2
12 102
1 12 2
30 245
1 13 2
135 327
1 8 2
2 448
1 5 2
13 349
1 14 2
180 458
1 3 2
40 160
1 5 2
247 286
1 5 2
134 414
1 14 2
363 373
1 12 2
51 249
1 14 2
125 245
1 12 2
29 479
1 10 2
112 388
1 15 2
68 211
1 14 2
316 495
1 8 2
169 230
1 4 2
257 384
1 5 2
197 253
1 3 2
20 264
1 5 2
39 232
1 12 2
37 159
1 2 2
22 137
1 12 2
5 18
1 10 2
398 446
1 15 2
31 226
1 11 2
13 413
1 13 2
25 197
1 8 2
205 400
1 6 2
210 499
1 9 2
110 270
1 2 2
156 178
1 8 2
6 431
1 15 2
216 254
1 11 2
230 280
1 3 2
69 335
1 6 2
359 463
1 9 2
29 219
1 3 2
395 469
1 12 2
6 67
1 6 2
221 412
1 3 2
60 352
1 10 2
62 282
1 3 2
138 188
1 9 2
240 332
1 11 2
22 112
1 4 2
262 310
1 10 2
97 266
1 4 2
47 366
1 6 2
31 384
1 2 2
282 429
1 12 2
202 261
1 9 2
65 130
1 13 2
159 499
1 2 2
165 400
1 11 2
1 463
1 11 2
96 160
1 10 2
246 308
1 13 2
131 492
1 15 2
286 301
1 4 2
53 228
1 5 2
315 397
1 5 2
133 275
1 2 2
88 459
1 10 2
156 208
1 3 2
34 352
1 13 2
154 462
1 15 2
38 121
1 12 2
385 454
1 6 2
468 469
1 15 2
231 241
1 2 2
107 166
1 9 2
34 464
1 4 2
61 452
1 8 2
111 260
1 7 2
29 188
1 3 2
258 282
1 9 2
246 420
1 14 2
337 441
1 3 2
173 271
1 6 2
216 353
1 15 2
43 140
1 7 2
34 108
1 6 2
173 450
1 7 2
427 497
1 11 2
27 84
1 8 2
199 252
1 15 2
34 206
1 14 2
136 302
1 4 2
137 273
1 11 2
259 276
1 8 2
149 170
1 13 2
137 193
1 13 2
191 485
1 12 2
42 98
1 15 2
353 380
1 4 2
285 316
1 14 2
331 466
1 8 2
455 499
1 10 2
273 492
1 10 2
392 459
1 3 2
27 235
1 2 2
110 481
1 4 2
16 88
1 4 2
113 472
1 8 2
295 492
1 9 2
410 420
1 10 2
161 445
1 5 2
74 446
1 6 2
31 381
1 15 2
96 221
1 6 2
145 238
1 9 2
98 257
1 11 2
160 389
1 6 2
250 333
1 13 2
20 40
1 5 2
135 403
1 7 2
198 431
1 6 2
129 145
1 8 2
82 126
1 3 2
213 389
1 8 2
114 367
1 6 2
142 319
1 13 2
192 425
1 13 2
189 228
1 13 2
273 457
1 13 2
2 12
1 13 2
177 365
1 14 2
28 400
1 4 2
25 44
1 6 2
69 302
1 11 2
124 265
1 5 2
100 109
1 12 2
10 11
1 5 2
27 138
1 6 2
94 117
1 4 2
423 427
1 4 2
28 42
1 3 2
154 318
1 3 2
8 223
1 10 2
12 105
1 13 2
100 173
1 5 2
408 409
1 12 2
407 497
1 12 2
105 420
1 11 2
32 491
1 7 2
81 433
1 4 2
263 371
1 9 2
210 214
1 10 2
293 430
1 7 2
143 327
1 13 2
267 321
1 14 2
166 251
1 2 2
31 93
1 7 2
0 331
1 14 2
17 437
1 15 2
156 456
1 2 2
21 279
1 6 2
284 369
1 11 2
157 209
1 8 2
255 460
1 6 2
215 339
1 4 2
62 141
1 2 2
254 322
1 14 2
310 435
1 11 2
178 304
1 14 2
111 307
1 8 2
292 344
1 2 2
185 348
1 3 2
63 428
1 9 2
53 200
1 9 2
0 10
1 4 2
163 430
1 5 2
74 281
1 3 2
224 239
1 3 2
292 317
1 12 2
323 472
1 11 2
64 174
1 10 2
61 221
1 8 2
299 403
1 2 2
186 419
1 12 2
247 473
1 3 2
322 383
1 6 2
108 328
1 3 2
162 185
1 14 2
221 350
1 4 2
246 457
1 4 2
28 247
1 11 2
15 148
1 6 2
156 194
1 15 2
42 44
1 3 2
50 372
1 7 2
396 407
1 11 2
87 326
1 15 2
162 327
1 11 2
29 420
1 6 2
240 491
1 15 2
211 391
1 6 2
28 218
1 2 2
168 169
1 10 2
180 298
1 11 2
313 469
1 2 2
26 295
1 10 2
420 434
1 9 2
338 493
1 12 2
258 487
1 3 2
366 470
1 14 2
123 251
1 2 2
78 265
1 6 2
248 448
1 4 2
255 294
1 7 2
58 282
1 12 2
83 100
1 6 2
122 165
1 5 2
28 453
1 11 2
50 216
1 6 2
41 298
1 8 2
129 499
1 8 2
121 207
1 14 2
59 471
1 4 2
200 498
1 13 2
47 414
1 3 2
344 448
1 13 2
35 387
1 8 2
193 259
1 15 2
116 363
1 7 2
259 351
1 5 2
37 87
1 15 2
102 138
1 4 2
33 453
1 10 2
25 224
1 11 2
116 312
1 6 2
76 231
1 15 2
66 260
1 5 2
342 435
1 10 2
159 251
1 7 2
14 465
1 10 2
277 454
1 2 2
224 466
1 7 2
14 354
1 10 2
279 499
1 5 2
23 200
1 10 2
188 233
1 5 2
115 171
1 3 2
103 447
1 11 2
370 465
1 3 2
18 440
1 12 2
262 328
1 14 2
266 438
1 8 2
217 473
1 10 2
226 488
1 10 2
354 482
1 6 2
293 355
1 3 2
375 413
1 14 2
250 311
1 11 2
359 454
1 12 2
358 464
1 2 2
265 409
1 7 2
114 251
1 9 2
116 393
1 8 2
46 169
1 3 2
17 336
1 8 2
317 348
1 11 2
88 309
1 11 2
443 482
1 9 2
162 423
1 5 2
181 413
1 13 2
71 399
1 6 2
155 175
1 12 2
110 143
1 8 2
77 102
1 13 2
49 244
1 3 2
76 321
1 5 2
10 18
1 12 2
155 427
1 12 2
116 387
1 11 2
93 207
1 4 2
6 110
1 13 2
137 406
1 4 2
269 491
1 7 2
22 123
1 4 2
259 345
1 2 2
324 489
1 4 2
56 378
1 12 2
246 364
1 14 2
34 234
1 9 2
165 337
1 8 2
25 171
1 11 2
70 181
1 11 2
403 473
1 8 2
312 343
1 5 2
155 205
1 14 2
45 400
1 12 2
398 422
1 4 2
397 473
1 5 2
79 347
1 10 2
125 221
1 4 2
140 299
1 5 2
210 369
1 4 2
61 91
1 13 2
324 418
1 10 2
160 491
1 14 2
249 465
1 8 2
479 482
1 5 2
120 402
1 8 2
69 129
1 6 2
5 193
1 10 2
65 304
1 3 2
301 397
1 13 2
51 259
1 5 2
224 234
1 15 2
166 423
1 13 2
452 486
1 4 2
177 205
1 5 2
194 474
1 10 2
104 384
1 4 2
164 381
1 9 2
416 483
1 3 2
351 467
1 8 2
229 280
1 10 2
322 390
1 2 2
197 434
1 5 2
46 163
1 2 2
270 351
1 13 2
116 405
1 11 2
101 331
1 15 2
138 277
1 15 2
54 206
1 4 2
140 323
1 11 2
138 475
1 11 2
345 369
1 13 2
109 235
1 4 2
23 293
1 6 2
174 233
1 12 2
161 232
1 9 2
23 101
1 8 2
55 63
1 7 2
295 423
1 4 2
105 169
1 15 2
274 413
1 15 2
124 333
1 10 2
146 365
1 9 2
20 95
1 15 2
269 321
1 9 2
13 188
1 14 2
13 137
1 4 2
177 370
1 15 2
66 206
1 9 2
96 237
1 14 2
357 419
1 4 2
39 381
1 7 2
47 448
1 5 2
258 326
1 9 2
18 52
1 5 2
25 251
1 8 2
158 206
1 5 2
18 469
1 3 2
157 370
1 6 2
25 318
1 7 2
139 310
1 5 2
79 174
1 11 2
66 376
1 7 2
253 466
1 8 2
305 350
1 12 2
81 413
1 7 2
57 84
1 5 2
77 496
1 11 2
267 400
1 5 2
143 355
1 9 2
233 468
1 6 2
102 305
1 4 2
196 429
1 13 2
55 267
1 13 2
24 126
1 11 2
344 426
1 14 2
5 87
1 5 2
73 75
1 10 2
66 275
1 6 2
238 277
1 4 2
356 485
1 14 2
302 458
1 15 2
73 227
1 7 2
205 380
1 8 2
65 184
1 9 2
73 151
1 7 2
46 176
1 2 2
11 268
1 4 2
278 435
1 6 2
353 450
1 14 2
23 203
1 11 2
60 384
1 14 2
309 343
1 5 2
53 370
1 9 2
75 287
1 2 2
109 462
1 15 2
4 6
1 15 2
164 188
1 7 2
2 96
1 15 2
320 399
1 12 2
86 380
1 5 2
80 108
1 4 2
363 437
1 3 2
219 238
1 14 2
232 467
1 6 2
184 366
1 8 2
256 323
1 13 2
139 291
1 11 2
358 373
1 14 2
356 394
1 5 2
67 322
1 4 2
26 329
1 12 2
44 194
1 10 2
44 437
1 5 2
33 40
1 7 2
41 483
1 10 2
125 228
1 10 2
405 410
1 7 2
117 449
1 8 2
28 64
1 5 2
193 383
1 2 2
192 235
1 10 2
218 372
1 8 2
82 490
1 10 2
325 431
1 12 2
165 228
1 2 2
208 339
1 13 2
263 368
1 9 2
121 438
1 12 2
122 315
1 13 2
64 373
1 6 2
152 227
1 2 2
403 433
1 12 2
183 330
1 11 2
59 181
1 5 2
244 304
1 2 2
175 382
1 7 2
166 212
1 6 2
27 452
1 15 2
150 395
1 4 2
129 226
1 4 2
97 378
1 14 2
291 455
1 5 2
201 383
1 12 2
189 412
1 9 2
97 279
1 7 2
73 440
1 11 2
221 256
1 3 2
214 338
1 2 2
351 445
1 11 2
334 353
1 11 2
305 470
1 9 2
169 452
1 4 2
221 354
1 15 2
44 144
1 4 2
440 496
1 8 2
24 146
1 14 2
146 165
1 5 2
22 119
1 5 2
116 400
1 9 2
299 460
1 7 2
75 217
1 15 2
214 481
1 11 2
139 380
1 15 2
165 425
1 7 2
267 366
1 9 2
127 488
1 11 2
136 495
1 10 2
149 228
1 15 2
350 389
1 2 2
23 309
1 14 2
214 416
1 14 2
470 475
1 3 2
158 400
1 5 2
117 304
1 11 2
30 390
1 10 2
54 166
1 2 2
164 255
1 3 2
169 431
1 13 2
96 440
1 6 2
174 429
1 10 2
108 422
1 14 2
130 201
1 6 2
323 366
1 8 2
57 359
1 13 2
404 441
1 3 2
53 465
1 5 2
471 496
1 7 2
314 473
1 3 2
347 442
1 3 2
141 311
1 9 2
55 314
1 5 2
62 373
1 7 2
139 424
1 10 2
324 453
1 3 2
131 378
1 3 2
177 360
1 4 2
155 365
1 8 2
167 430
1 8 2
24 342
1 12 2
52 295
1 5 2
259 447
1 4 2
1 259
1 10 2
190 318
1 12 2
63 410
1 8 2
0 443
1 8 2
11 293
1 9 2
17 296
1 9 2
407 428
1 13 2
44 177
1 12 2
127 207
1 4 2
270 463
1 2 2
84 321
1 2 2
5 212
1 4 2
415 479
1 12 2
58 271
1 13 2
8 146
1 13 2
18 139
1 6 2
146 341
1 2 2
14 133
1 10 2
89 231
1 10 2
55 464
1 2 2
47 282
1 7 2
158 378
1 7 2
319 366
1 13 2
173 193
1 2 2
152 233
1 4 2
73 385
1 9 2
15 52
1 9 2
94 425
1 12 2
273 400
1 5 2
165 373
1 9 2
136 240
1 13 2
81 332
1 5 2
375 449
1 7 2
180 205
1 10 2
10 364
1 10 2
13 155
1 11 2
52 251
1 3 2
243 316
1 5 2
246 312
1 4 2
53 469
1 14 2
105 226
1 2 2
8 206
1 12 2
41 481
1 10 2
72 95
1 10 2
36 105
1 12 2
27 433
1 3 2
0 26
1 5 2
71 198
1 5 2
133 209
1 7 2
144 276
1 14 2
26 227
1 15 2
298 339
1 5 2
71 182
1 2 2
173 418
1 11 2
414 466
1 14 2
200 340
1 13 2
229 487
1 6 2
70 473
1 14 2
98 337
1 7 2
157 171
1 9 2
141 325
1 9 2
213 436
1 13 2
183 443
1 15 2
257 274
1 15 2
205 396
1 13 2
404 428
1 13 2
181 326
1 13 2
226 322
1 7 2
62 420
1 8 2
72 245
1 3 2
276 281
1 10 2
238 397
1 4 2
130 134
1 12 2
57 202
1 11 2
190 328
1 14 2
86 293
1 10 2
464 468
1 13 2
32 171
1 2 2
163 463
1 14 2
467 481
1 10 2
167 176
1 14 2
36 129
1 4 2
372 471
1 8 2
130 347
1 3 2
356 416
1 3 2
99 387
1 15 2
242 319
1 8 2
47 209
1 2 2
214 262
1 15 2
182 353
1 10 2
305 481
1 14 2
133 255
1 7 2
265 293
1 2 2
138 483
1 6 2
44 309
1 8 2
1 33
1 8 2
281 434
1 9 2
18 273
1 9 2
29 54
1 5 2
113 255
1 10 2
233 305
1 8 2
288 341
1 4 2
356 387
1 4 2
51 55
1 7 2
58 268
1 14 2
84 387
1 13 2
386 432
1 7 2
23 248
1 5 2
247 257
1 5 2
358 437
1 4 2
172 235
1 5 2
90 127
1 9 2
48 202
1 12 2
217 255
1 12 2
236 278
1 7 2
254 488
1 12 2
52 247
1 11 2
13 432
1 14 2
1 475
1 7 2
232 295
1 10 2
116 264
1 12 2
166 247
1 11 2
182 287
1 14 2
217 279
1 10 2
354 438
1 5 2
255 427
1 3 2
208 484
1 13 2
369 498
1 15 2
56 95
1 5 2
185 459
1 9 2
278 329
1 14 2
132 344
1 8 2
169 349
1 7 2
9 284
1 13 2
35 64
1 7 2
140 489
1 13 2
67 417
1 13 2
119 332
1 8 2
153 331
1 15 2
238 269
1 11 2
281 437
1 3 2
14 333
1 3 2
20 85
1 13 2
223 321
1 6 2
57 498
1 11 2
277 441
1 10 2
316 465
1 14 2
40 497
1 5 2
115 492
1 14 2
321 400
1 7 2
105 136
1 5 2
42 299
1 12 2
14 225
1 15 2
155 191
1 9 2
55 273
1 12 2
337 426
1 10 2
258 494
1 11 2
198 217
1 13 2
175 448
1 9 2
143 437
1 5 2
112 268
1 12 2
141 304
1 5 2
110 234
1 15 2
281 473
1 12 2
270 271
1 6 2
183 188
1 8 2
198 282
1 13 2
7 498
1 15 2
106 345
1 15 2
325 388
1 14 2
456 475
1 6 2
204 281
1 6 2
58 342
1 6 2
55 315
1 2 2
53 253
1 2 2
57 233
1 5 2
458 495
1 4 2
186 240
1 2 2
161 351
1 2 2
73 200
1 3 2
328 417
1 13 2
252 259
1 5 2
210 286
1 10 2
157 461
1 12 2
32 466
1 12 2
100 233
1 12 2
238 478
1 10 2
402 495
1 15 2
170 284
1 9 2
224 235
1 11 2
239 366
1 2 2
147 423
1 11 2
84 250
1 14 2
113 156
1 13 2
73 291
1 5 2
386 468
1 11 2
42 327
1 3 2
95 277
1 11 2
40 159
1 11 2
308 400
1 12 2
242 311
1 11 2
58 434
1 8 2
11 218
1 8 2
206 314
1 4 2
93 478
1 12 2
74 471
1 14 2
94 276
1 12 2
238 369
1 12 2
219 347
1 13 2
386 481
1 2 2
182 403
1 2 2
176 272
1 15 2
44 455
1 10 2
209 407
1 7 2
257 464
1 10 2
214 450
1 13 2
98 249
1 12 2
33 207
1 9 2
339 378
1 10 2
7 44
1 4 2
52 92
1 3 2
78 213
1 10 2
33 243
1 5 2
80 82
1 3 2
5 426
1 7 2
88 179
1 10 2
152 373
1 11 2
201 347
1 4 2
215 436
1 11 2
79 247
1 10 2
4 113
1 13 2
194 494
1 12 2
141 420
1 3 2
382 385
1 3 2
279 322
1 9 2
324 413
1 14 2
265 413
1 6 2
277 370
1 9 2
76 146
1 13 2
223 490
1 11 2
375 425
1 8 2
346 378
1 5 2
133 494
1 11 2
145 458
1 12 2
130 245
1 13 2
378 481
1 4 2
237 347
1 12 2
241 343
1 9 2
3 94
1 8 2
61 140
1 5 2
22 133
1 5 2
375 456
1 5 2
56 185
1 9 2
91 394
1 13 2
338 342
1 10 2
101 476
1 5 2
203 393
1 13 2
330 398
1 11 2
328 367
1 6 2
101 231
1 10 2
105 414
1 7 2
11 79
1 3 2
46 145
1 14 2
53 307
1 7 2
180 445
1 7 2
182 299
1 9 2
138 303
1 4 2
293 379
1 14 2
334 343
1 2 2
0 270
1 9 2
104 316
1 12 2
22 446
1 6 2
6 422
1 9 2
110 166
1 15 2
491 493
1 5 2
346 374
1 4 2
128 186
1 4 2
132 326
1 6 2
261 395
1 2 2
24 392
1 4 2
50 63
1 3 2
367 369
1 12 2
333 341
1 10 2
17 377
1 11 2
104 372
1 2 2
73 250
1 10 2
107 125
1 2 2
130 349
1 14 2
272 461
1 12 2
2 283
1 5 2
56 163
1 6 2
212 221
1 6 2
157 424
1 5 2
173 499
1 15 2
67 236
1 3 2
231 476
1 14 2
390 411
1 3 2
1 18
1 2 2
126 132
1 11 2
19 91
1 3 2
84 109
1 6 2
69 108
1 4 2
79 433
1 9 2
10 333
1 7 2
229 413
1 3 2
272 336
1 11 2
284 396
1 7 2
56 485
1 5 2
319 405
1 4 2
1 448
1 13 2
175 367
1 9 2
148 245
1 2 2
288 395
1 10 2
58 415
1 15 2
33 179
1 13 2
34 290
1 10 2
46 234
1 9 2
19 106
1 5 2
132 137
1 14 2
60 473
1 15 2
47 56
1 6 2
203 258
1 7 2
111 240
1 10 2
63 271
1 11 2
84 456
1 8 2
138 239
1 11 2
56 263
1 14 2
182 471
1 6 2
431 479
1 4 2
155 423
1 7 2
1 381
1 14 2
35 306
1 15 2
71 470
1 11 2
293 360
1 15 2
198 460
1 11 2
229 342
1 4 2
172 264
1 5 2
91 106
1 13 2
286 391
1 14 2
11 492
1 14 2
87 125
1 12 2
242 400
1 15 2
358 470
1 2 2
74 455
1 12 2
37 454
1 15 2
3 437
1 2 2
105 177
1 6 2
117 496
1 7 2
175 200
1 5 2
321 449
1 13 2
189 308
1 15 2
108 221
1 12 2
190 237
1 9 2
247 304
1 7 2
290 476
1 4 2
46 81
1 13 2
148 252
1 4 2
411 446
1 4 2
147 173
1 12 2
147 411
1 2 2
78 269
1 3 2
89 266
1 2 2
13 75
1 9 2
381 497
1 14 2
295 340
1 14 2
152 380
1 13 2
286 366
1 9 2
15 286
1 13 2
232 369
1 12 2
244 245
1 11 2
59 100
1 5 2
423 475
1 5 2
266 278
1 12 2
357 400
1 5 2
460 487
1 6 2
79 295
1 6 2
110 197
1 14 2
16 281
1 9 2
381 472
1 13 2
0 330
1 3 2
153 251
1 9 2
90 487
1 2 2
144 150
1 2 2
20 82
1 14 2
188 350
1 10 2
226 276
1 4 2
392 444
1 14 2
93 404
1 6 2
14 303
1 8 2
264 297
1 15 2
271 348
1 7 2
463 465
1 12 2
19 283
1 6 2
157 473
1 11 2
33 62
1 12 2
32 78
1 12 2
29 127
1 6 2
136 352
1 6 2
74 340
1 9 2
202 497
1 13 2
61 241
1 12 2
314 416
1 10 2
26 172
1 2 2
363 392
1 6 2
216 304
1 10 2
330 428
1 4 2
42 100
1 13 2
81 237
1 2 2
74 316
1 13 2
105 205
1 5 2
144 235
1 9 2
13 82
1 2 2
45 384
1 11 2
92 220
1 11 2
337 366
1 6 2
416 423
1 12 2
197 199
1 14 2
183 403
1 14 2
256 310
1 10 2
96 152
1 5 2
168 448
1 7 2
123 136
1 8 2
406 445
1 7 2
108 217
1 13 2
15 208
1 13 2
352 453
1 5 2
3 97
1 8 2
113 494
1 13 2
146 312
1 15 2
141 387
1 5 2
140 391
1 9 2
199 438
1 13 2
107 387
1 8 2
171 419
1 11 2
99 329
1 8 2
175 357
1 13 2
22 309
1 11 2
58 171
1 15 2
97 427
1 11 2
1 329
1 14 2
82 274
1 14 2
219 417
1 4 2
399 440
1 7 2
33 39
1 15 2
179 339
1 8 2
338 410
1 10 2
44 498
1 9 2
23 279
1 6 2
21 380
1 11 2
173 372
1 13 2
18 432
1 5 2
178 356
1 14 2
222 372
1 13 2
206 404
1 3 2
130 230
1 10 2
220 335
1 7 2
11 64
1 14 2
98 100
1 15 2
475 494
1 3 2
9 295
1 2 2
82 98
1 13 2
26 409
1 11 2
89 233
1 6 2
6 199
1 6 2
67 178
1 2 2
35 247
1 13 2
272 487
1 6 2
262 459
1 10 2
271 316
1 13 2
87 496
1 4 2
330 370
1 5 2
169 446
1 5 2
246 305
1 15 2
29 334
1 3 2
26 403
1 4 2
239 379
1 4 2
149 465
1 7 2
153 436
1 10 2
167 179
1 5 2
17 395
1 5 2
109 477
1 14 2
66 440
1 15 2
45 273
1 12 2
143 283
1 10 2
31 147
1 2 2
41 421
1 10 2
409 412
1 2 2
89 272
1 9 2
130 246
1 9 2
185 482
1 8 2
179 183
1 6 2
121 369
1 15 2
135 443
1 9 2
395 466
1 3 2
72 330
1 7 2
156 281
1 7 2
285 461
1 4 2
165 232
1 14 2
404 495
1 7 2
71 471
1 5 2
154 439
1 12 2
106 469
1 9 2
8 68
1 3 2
75 127
1 10 2
241 367
1 3 2
113 473
1 10 2
332 397
1 4 2
133 285
1 10 2
139 182
1 15 2
40 435
1 9 2
118 168
1 6 2
97 464
1 10 2
382 451
1 4 2
104 196
1 4 2
23 221
1 11 2
145 474
1 5 2
21 439
1 15 2
40 397
1 13 2
257 395
1 7 2
226 420
1 14 2
259 322
1 14 2
247 340
1 12 2
136 296
1 8 2
254 386
1 2 2
8 253
1 14 2
51 134
1 7 2
147 306
1 6 2
16 44
1 9 2
125 186
1 7 2
109 348
1 3 2
209 272
1 15 2
130 441
1 5 2
35 299
1 10 2
261 391
1 3 2
367 392
1 3 2
447 484
1 11 2
163 231
1 3 2
49 440
1 8 2
311 464
1 7 2
109 364
1 4 2
133 190
1 3 2
76 148
1 10 2
244 480
1 2 2
101 456
1 6 2
78 455
1 7 2
18 186
1 2 2
14 334
1 4 2
23 54
1 14 2
217 426
1 12 2
242 280
1 7 2
113 233
1 6 2
236 272
1 10 2
442 496
1 2 2
378 448
1 8 2
20 215
1 8 2
173 366
1 13 2
76 187
1 4 2
167 394
1 14 2
69 190
1 7 2
384 458
1 14 2
208 288
1 7 2
3 239
1 4 2
285 315
1 8 2
35 48
1 11 2
91 484
1 11 2
39 48
1 11 2
138 262
1 14 2
205 465
1 7 2
197 243
1 12 2
205 431
1 14 2
352 382
1 9 2
193 329
1 7 2
153 211
1 9 2
341 489
1 11 2
69 438
1 5 2
280 317
1 6 2
66 370
1 11 2
49 337
1 7 2
85 413
1 6 2
67 402
1 5 2
250 336
1 8 2
26 115
1 11 2
303 308
1 7 2
108 249
1 3 2
30 314
1 11 2
103 322
1 10 2
17 402
1 7 2
238 442
1 10 2
349 376
1 11 2
320 486
1 7 2
80 368
1 15 2
157 387
1 15 2
407 429
1 5 2
304 422
1 13 2
120 163
1 3 2
387 493
1 7 2
209 419
1 3 2
422 489
1 12 2
261 362
1 13 2
293 404
1 7 2
95 242
1 14 2
236 478
1 9 2
116 178
1 3 2
112 269
1 4 2
442 460
1 12 2
105 115
1 4 2
287 350
1 11 2
189 238
1 3 2
42 261
1 11 2
132 373
1 13 2
311 345
1 4 2
298 478
1 9 2
38 323
1 8 2
147 315
1 11 2
102 283
1 15 2
87 212
1 9 2
135 477
1 10 2
246 447
1 10 2
112 190
1 3 2
284 335
1 8 2
176 478
1 3 2
9 103
1 15 2
394 407
1 3 2
87 363
1 4 2
164 344
1 9 2
126 158
1 12 2
299 323
1 13 2
80 478
1 10 2
229 286
1 4 2
305 312
1 8 2
53 481
1 4 2
361 467
1 13 2
68 382
1 11 2
194 300
1 10 2
359 363
1 2 2
209 477
1 15 2
81 175
1 13 2
111 442
1 6 2
34 229
1 4 2
234 279
1 12 2
162 180
1 13 2
173 226
1 6 2
289 384
1 4 2
28 227
1 3 2
47 219
1 14 2
364 410
1 6 2
20 55
1 8 2
186 456
1 6 2
37 128
1 11 2
169 356
1 9 2
155 214
1 8 2
151 364
1 7 2
155 319
1 12 2
312 367
1 13 2
227 293
1 2 2
36 141
1 4 2
44 300
1 6 2
154 171
1 10 2
259 303
1 4 2
112 413
1 5 2
190 407
1 14 2
86 236
1 6 2
4 394
1 7 2
11 312
1 10 2
135 464
1 11 2
92 135
1 10 2
168 438
1 8 2
198 412
1 13 2
199 301
1 7 2
363 486
1 3 2
90 202
1 14 2
144 186
1 9 2
79 218
1 2 2
262 317
1 5 2
172 460
1 8 2
11 137
1 3 2
376 499
1 9 2
61 126
1 13 2
246 317
1 10 2
57 194
1 2 2
115 498
1 4 2
266 488
1 14 2
313 319
1 2 2
243 261
1 13 2
116 463
1 8 2
221 452
1 6 2
9 277
1 9 2
256 363
1 4 2
43 127
1 14 2
256 390
1 14 2
254 262
1 6 2
338 482
1 5 2
397 401
1 4 2
235 412
1 2 2
216 454
1 2 2
241 436
1 13 2
144 297
1 14 2
103 288
1 5 2
28 346
1 5 2
311 320
1 3 2
54 147
1 11 2
55 321
1 11 2
59 234
1 2 2
107 339
1 8 2
26 410
1 7 2
13 145
1 5 2
19 231
1 14 2
153 267
1 15 2
106 248
1 4 2
382 389
1 12 2
46 129
1 14 2
22 64
1 8 2
8 263
1 3 2
212 420
1 5 2
115 163
1 3 2
13 81
1 4 2
93 225
1 5 2
227 334
1 9 2
9 328
1 2 2
82 351
1 4 2
46 283
1 9 2
112 298
1 5 2
33 345
1 6 2
184 221
1 2 2
14 77
1 12 2
332 483
1 3 2
204 405
1 6 2
105 130
1 13 2
98 154
1 8 2
117 393
1 3 2
50 338
1 8 2
376 414
1 6 2
478 496
1 15 2
276 280
1 2 2
160 190
1 12 2
271 413
1 2 2
81 115
1 6 2
320 405
1 2 2
128 250
1 12 2
36 460
1 7 2
235 411
1 11 2
272 485
1 10 2
188 377
1 5 2
86 137
1 5 2
20 414
1 3 2
119 167
1 7 2
0 27
1 2 2
278 310
1 5 2
25 246
1 3 2
124 386
1 13 2
17 315
1 15 2
170 259
1 3 2
43 46
1 3 2
37 394
1 14 2
82 289
1 8 2
409 497
1 13 2
200 477
1 5 2
351 433
1 5 2
198 266
1 6 2
216 420
1 12 2
205 318
1 6 2
196 458
1 8 2
298 302
1 13 2
13 122
1 6 2
19 370
1 4 2
325 345
1 6 2
53 374
1 3 2
431 460
1 14 2
52 403
1 12 2
122 496
1 12 2
356 381
1 10 2
395 400
1 7 2
220 249
1 12 2
193 495
1 2 2
75 252
1 11 2
280 361
1 15 2
7 174
1 11 2
182 448
1 4 2
33 273
1 8 2
384 464
1 12 2
52 205
1 4 2
255 318
1 14 2
112 177
1 14 2
68 360
1 4 2
393 443
1 7 2
93 319
1 4 2
233 299
1 11 2
38 171
1 4 2
127 269
1 5 2
235 317
1 3 2
25 48
1 8 2
173 464
1 11 2
210 285
1 11 2
138 259
1 11 2
39 269
1 6 2
257 422
1 13 2
188 439
1 3 2
277 443
1 3 2
82 171
1 15 2
249 327
1 7 2
176 332
1 10 2
260 312
1 9 2
129 244
1 12 2
80 151
1 5 2
188 411
1 6 2
43 460
1 6 2
120 483
1 9 2
68 233
1 11 2
247 479
1 15 2
22 494
1 15 2
148 165
1 11 2
11 420
1 13 2
311 461
1 10 2
1 353
1 11 2
298 483
1 15 2
287 351
1 7 2
363 390
1 14 2
70 276
1 6 2
48 63
1 11 2
37 329
1 4 2
377 379
1 3 2
49 222
1 14 2
222 319
1 9 2
317 392
1 10 2
133 458
1 7 2
137 277
1 14 2
387 406
1 10 2
1 43
1 7 2
30 188
1 8 2
259 285
1 3 2
65 107
1 8 2
191 468
1 3 2
202 346
1 4 2
25 258
1 5 2
223 279
1 3 2
7 390
1 12 2
343 432
1 7 2
21 47
1 7 2
334 359
1 6 2
66 160
1 14 2
301 481
1 10 2
131 142
1 5 2
329 448
1 6 2
38 440
1 10 2
311 493
1 13 2
153 352
1 5 2
113 295
1 15 2
138 264
1 4 2
418 456
1 13 2
119 475
1 14 2
175 220
1 5 2
215 414
1 15 2
195 379
1 4 2
137 187
1 7 2
35 133
1 7 2
71 175
1 10 2
17 184
1 6 2
118 334
1 9 2
53 279
1 7 2
241 407
1 7 2
155 424
1 2 2
125 447
1 3 2
105 146
1 8 2
10 170
1 15 2
7 239
1 5 2
182 441
1 7 2
177 262
1 10 2
36 81
1 4 2
131 147
1 6 2
64 158
1 14 2
59 428
1 7 2
57 207
1 14 2
12 368
1 11 2
87 163
1 2 2
216 496
1 7 2
93 220
1 6 2
3 11
1 13 2
262 489
1 12 2
45 286
1 4 2
198 380
1 10 2
33 217
1 2 2
191 214
1 9 2
152 221
1 15 2
135 456
1 13 2
310 359
1 7 2
10 125
1 9 2
26 185
1 13 2
279 486
1 9 2
35 240
1 12 2
7 70
1 14 2
234 326
1 3 2
119 328
1 7 2
79 429
1 3 2
209 392
1 3 2
34 193
1 3 2
10 311
1 14 2
380 420
1 12 2
414 483
1 13 2
2 18
1 8 2
25 215
1 12 2
130 254
1 6 2
222 383
1 5 2
254 430
1 13 2
17 156
1 2 2
87 199
1 6 2
10 163
1 8 2
99 368
1 3 2
96 307
1 8 2
243 363
1 8 2
15 266
1 8 2
67 461
1 6 2
0 268
1 10 2
273 468
1 11 2
148 209
1 14 2
281 413
1 11 2
241 364
1 10 2
75 200
1 8 2
100 485
1 9 2
169 375
1 8 2
162 366
1 6 2
267 303
1 13 2
138 156
1 3 2
346 373
1 3 2
18 389
1 14 2
149 482
1 4 2
133 351
1 12 2
27 390
1 13 2
304 393
1 14 2
82 432
1 9 2
314 490
1 14 2
32 204
1 11 2
303 346
1 14 2
304 451
1 13 2
203 365
1 5 2
247 305
1 11 2
273 445
1 10 2
258 283
1 10 2
107 413
1 5 2
390 396
1 11 2
13 26
1 9 2
52 458
1 11 2
273 408
1 8 2
280 375
1 2 2
19 196
1 6 2
312 429
1 3 2
115 117
1 2 2
86 392
1 5 2
56 162
1 13 2
384 419
1 11 2
461 468
1 4 2
30 112
1 15 2
15 131
1 3 2
319 472
1 3 2
33 37
1 15 2
71 91
1 8 2
12 461
1 9 2
208 224
1 6 2
108 335
1 12 2
67 207
1 14 2
233 396
1 7 2
33 487
1 4 2
148 387
1 5 2
56 156
1 3 2
298 385
1 14 2
267 360
1 11 2
256 331
1 14 2
18 398
1 3 2
188 386
1 4 2
335 369
1 9 2
170 215
1 2 2
9 75
1 5 2
216 370
1 6 2
24 466
1 4 2
160 163
1 15 2
235 261
1 14 2
17 326
1 12 2
291 483
1 10 2
132 178
1 9 2
243 389
1 12 2
56 257
1 8 2
110 218
1 12 2
89 404
1 6 2
134 389
1 13 2
192 467
1 10 2
5 471
1 12 2
137 171
1 13 2
20 432
1 2 2
222 455
1 7 2
390 461
1 6 2
274 364
1 2 2
88 202
1 6 2
233 462
1 13 2
124 182
1 15 2
249 308
1 2 2
41 92
1 6 2
97 157
1 4 2
130 344
1 2 2
96 314
1 13 2
355 357
1 13 2
338 423
1 9 2
193 497
1 3 2
329 489
1 5 2
253 412
1 4 2
111 441
1 14 2
189 197
1 4 2
0 408
1 10 2
75 295
1 12 2
33 278
1 10 2
280 395
1 10 2
314 429
1 14 2
323 342
1 9 2
300 377
1 7 2
49 277
1 4 2
1 175
1 15 2
13 491
1 8 2
109 450
1 12 2
320 481
1 8 2
86 420
1 4 2
346 380
1 6 2
20 227
1 11 2
89 156
1 9 2
211 270
1 5 2
286 495
1 15 2
300 446
1 4 2
76 108
1 6 2
384 496
1 5 2
317 443
1 10 2
204 465
1 8 2
99 448
1 15 2
143 463
1 7 2
91 446
1 7 2
236 271
1 12 2
120 332
1 13 2
52 363
1 11 2
334 412
1 15 2
308 381
1 13 2
122 435
1 14 2
121 333
1 6 2
24 376
1 14 2
218 298
1 3 2
9 174
1 12 2
201 357
1 6 2
345 431
1 9 2
69 479
1 8 2
465 488
1 5 2
40 439
1 2 2
356 437
1 2 2
203 421
1 2 2
58 140
1 10 2
15 336
1 7 2
53 351
1 3 2
17 196
1 8 2
222 327
1 11 2
249 345
1 11 2
200 382
1 4 2
55 370
1 15 2
393 453
1 5 2
44 216
1 4 2
367 438
1 11 2
296 452
1 6 2
144 301
1 14 2
41 146
1 2 2
196 441
1 10 2
142 430
1 9 2
97 267
1 6 2
370 372
1 5 2
255 393
1 11 2
244 293
1 6 2
277 439
1 10 2
302 383
1 9 2
59 361
1 11 2
80 106
1 8 2
145 193
1 7 2
252 417
1 12 2
339 413
1 3 2
299 461
1 11 2
10 20
1 10 2
330 376
1 6 2
2 485
1 5 2
22 303
1 13 2
65 438
1 15 2
99 262
1 14 2
117 263
1 11 2
230 246
1 4 2
131 202
1 11 2
44 381
1 8 2
293 297
1 10 2
324 365
1 14 2
38 143
1 10 2
7 468
1 10 2
327 352
1 4 2
402 423
1 15 2
94 329
1 9 2
275 394
1 5 2
211 239
1 8 2
332 408
1 7 2
63 266
1 9 2
265 276
1 6 2
31 445
1 11 2
99 383
1 4 2
53 431
1 14 2
16 318
1 2 2
104 285
1 9 2
26 497
1 9 2
35 295
1 6 2
447 478
1 8 2
85 246
1 14 2
480 484
1 7 2
403 499
1 2 2
298 343
1 7 2
4 159
1 14 2
123 435
1 7 2
216 333
1 11 2
123 484
1 12 2
81 280
1 8 2
162 418
1 9 2
488 497
1 11 2
81 450
1 2 2
97 324
1 15 2
100 166
1 4 2
125 464
1 8 2
273 369
1 14 2
269 370
1 15 2
36 466
1 10 2
287 431
1 7 2
45 222
1 3 2
45 230
1 2 2
29 212
1 3 2
132 298
1 3 2
34 189
1 12 2
276 333
1 15 2
206 352
1 9 2
279 324
1 7 2
173 471
1 12 2
191 227
1 2 2
301 302
1 8 2
162 389
1 11 2
269 289
1 2 2
60 255
1 3 2
291 363
1 3 2
26 285
1 9 2
158 166
1 6 2
81 499
1 8 2
181 418
1 2 2
58 243
1 5 2
358 443
1 14 2
96 455
1 12 2
79 127
1 10 2
133 164
1 10 2
175 487
1 10 2
265 340
1 15 2
144 445
1 6 2
195 375
1 11 2
30 442
1 15 2
91 432
1 15 2
49 199
1 3 2
37 375
1 9 2
302 449
1 10 2
66 120
1 8 2
88 134
1 2 2
9 495
1 15 2
76 326
1 12 2
39 451
1 10 2
356 492
1 11 2
72 491
1 10 2
328 440
1 6 2
103 146
1 5 2
176 319
1 13 2
20 372
1 14 2
138 139
1 10 2
19 441
1 5 2
142 180
1 10 2
181 375
1 12 2
167 378
1 13 2
110 450
1 6 2
58 478
1 10 2
100 327
1 9 2
42 257
1 14 2
191 330
1 3 2
319 445
1 3 2
318 437
1 5 2
130 345
1 13 2
175 368
1 7 2
62 443
1 15 2
207 320
1 12 2
34 62
1 13 2
35 384
1 9 2
1 261
1 10 2
226 288
1 4 2
6 253
1 12 2
448 481
1 7 2
165 454
1 5 2
270 381
1 6 2
38 318
1 8 2
286 327
1 4 2
72 489
1 10 2
131 313
1 15 2
310 447
1 14 2
95 479
1 9 2
201 265
1 11 2
262 405
1 9 2
69 262
1 3 2
41 222
1 8 2
343 375
1 10 2
245 409
1 9 2
86 179
1 13 2
291 417
1 13 2
246 316
1 13 2
22 183
1 8 2
33 218
1 3 2
98 160
1 4 2
58 393
1 5 2
299 457
1 12 2
62 306
1 6 2
244 272
1 15 2
384 466
1 11 2
30 483
1 12 2
63 104
1 5 2
339 464
1 7 2
33 118
1 6 2
80 81
1 5 2
166 450
1 3 2
152 425
1 3 2
133 433
1 8 2
281 472
1 12 2
196 224
1 8 2
309 326
1 7 2
403 429
1 9 2
4 189
1 4 2
157 190
1 11 2
261 344
1 11 2
196 402
1 9 2
180 241
1 10 2
316 445
1 12 2
58 128
1 8 2
342 428
1 7 2
326 437
1 3 2
261 472
1 15 2
15 376
1 10 2
42 493
1 6 2
172 462
1 5 2
26 231
1 7 2
226 346
1 4 2
73 81
1 8 2
115 324
1 2 2
145 227
1 12 2
194 480
1 4 2
209 301
1 15 2
316 359
1 6 2
8 296
1 4 2
123 309
1 2 2
182 218
1 8 2
230 468
1 7 2
4 26
1 7 2
460 484
1 10 2
445 455
1 3 2
309 422
1 10 2
193 283
1 3 2
271 370
1 14 2
151 379
1 4 2
134 455
1 14 2
295 392
1 15 2
0 413
1 15 2
135 250
1 9 2
162 195
1 10 2
309 463
1 12 2
362 422
1 10 2
42 349
1 3 2
231 237
1 3 2
4 391
1 4 2
98 455
1 14 2
20 47
1 8 2
28 389
1 3 2
128 391
1 5 2
130 206
1 11 2
52 352
1 11 2
269 418
1 2 2
142 296
1 14 2
115 177
1 4 2
22 80
1 7 2
78 376
1 15 2
111 322
1 14 2
8 37
1 15 2
100 413
1 3 2
129 350
1 14 2
285 491
1 14 2
198 378
1 9 2
226 261
1 7 2
54 161
1 14 2
248 331
1 12 2
76 435
1 4 2
55 257
1 13 2
138 325
1 6 2
398 489
1 12 2
425 427
1 4 2
104 282
1 2 2
191 206
1 13 2
153 273
1 13 2
26 365
1 14 2
156 419
1 4 2
10 481
1 2 2
86 97
1 12 2
135 321
1 15 2
230 363
1 7 2
6 435
1 6 2
263 444
1 10 2
346 425
1 9 2
206 310
1 6 2
259 469
1 6 2
116 177
1 14 2
81 107
1 8 2
257 307
1 13 2
94 433
1 5 2
97 370
1 9 2
48 128
1 11 2
309 372
1 8 2
151 485
1 3 2
260 377
1 9 2
258 305
1 9 2
313 385
1 12 2
77 403
1 7 2
216 373
1 11 2
112 472
1 5 2
270 338
1 14 2
201 375
1 12 2
36 161
1 9 2
25 210
1 2 2
141 208
1 6 2
12 198
1 9 2
87 346
1 14 2
303 329
1 6 2
393 433
1 11 2
214 267
1 9 2
227 235
1 9 2
14 151
1 11 2
236 240
1 2 2
82 174
1 13 2
7 344
1 12 2
7 394
1 7 2
340 433
1 7 2
159 401
1 14 2
218 331
1 11 2
418 431
1 7 2
71 163
1 12 2
285 447
1 8 2
85 375
1 8 2
164 254
1 11 2
332 463
1 5 2
326 442
1 4 2
105 407
1 11 2
142 474
1 5 2
219 387
1 7 2
203 467
1 15 2
193 474
1 4 2
212 292
1 9 2
1 400
1 8 2
202 319
1 6 2
136 184
1 8 2
263 283
1 3 2
323 480
1 12 2
1 428
1 4 2
297 468
1 6 2
117 410
1 2 2
298 448
1 12 2
398 441
1 9 2
9 112
1 4 2
22 264
1 10 2
139 376
1 14 2
179 409
1 11 2
81 448
1 8 2
181 406
1 9 2
19 313
1 3 2
299 390
1 6 2
11 367
1 15 2
57 439
1 12 2
55 124
1 15 2
372 399
1 8 2
253 465
1 5 2
201 498
1 5 2
194 276
1 8 2
19 239
1 6 2
93 383
1 2 2
9 130
1 8 2
356 456
1 4 2
46 170
1 13 2
15 171
1 7 2
357 493
1 10 2
6 412
1 10 2
226 244
1 15 2
118 284
1 7 2
82 85
1 5 2
321 489
1 15 2
92 124
1 7 2
194 416
1 12 2
60 388
1 15 2
80 293
1 4 2
145 210
1 7 2
24 279
1 6 2
124 319
1 12 2
271 435
1 8 2
444 455
1 14 2
133 392
1 13 2
29 230
1 6 2
324 331
1 5 2
50 278
1 11 2
83 396
1 10 2
9 369
1 15 2
345 484
1 8 2
50 224
1 3 2
9 338
1 11 2
23 59
1 4 2
272 364
1 6 2
187 205
1 2 2
221 460
1 13 2
328 456
1 6 2
179 496
1 15 2
117 194
1 7 2
94 270
1 13 2
94 379
1 15 2
44 352
1 9 2
167 386
1 10 2
197 390
1 2 2
144 345
1 13 2
316 473
1 10 2
56 76
1 3 2
61 384
1 8 2
53 491
1 9 2
149 344
1 9 2
108 483
1 4 2
149 445
1 4 2
132 429
1 15 2
180 294
1 15 2
44 197
1 10 2
11 41
1 6 2
57 186
1 7 2
306 480
1 11 2
58 221
1 4 2
245 325
1 9 2
392 426
1 13 2
194 427
1 11 2
309 311
1 8 2
125 306
1 14 2
17 451
1 13 2
346 389
1 11 2
32 132
1 4 2
292 465
1 6 2
314 479
1 3 2
8 151
1 10 2
251 408
1 2 2
111 311
1 13 2
1 252
1 14 2
94 192
1 3 2
32 274
1 5 2
151 496
1 2 2
322 444
1 15 2
249 481
1 6 2
162 164
1 12 2
332 377
1 7 2
5 281
1 8 2
211 420
1 3 2
276 451
1 13 2
81 421
1 3 2
364 429
1 15 2
15 51
1 13 2
103 127
1 15 2
56 489
1 12 2
237 266
1 4 2
189 223
1 9 2
96 382
1 2 2
377 429
1 6 2
69 136
1 12 2
403 497
1 3 2
278 391
1 15 2
32 211
1 2 2
66 326
1 11 2
298 495
1 4 2
51 169
1 13 2
231 368
1 15 2
105 246
1 11 2
90 239
1 12 2
15 421
1 13 2
41 478
1 2 2
66 475
1 6 2
120 290
1 6 2
72 173
1 7 2
239 461
1 3 2
106 237
1 13 2
121 177
1 15 2
115 276
1 6 2
58 408
1 7 2
308 418
1 9 2
250 421
1 11 2
305 369
1 10 2
35 231
1 5 2
383 412
1 3 2
91 179
1 5 2
388 485
1 8 2
157 338
1 9 2
153 425
1 11 2
62 294
1 11 2
121 348
1 14 2
261 444
1 7 2
48 87
1 5 2
13 419
1 8 2
92 197
1 5 2
182 326
1 9 2
318 449
1 15 2
335 360
1 11 2
90 368
1 8 2
9 346
1 15 2
40 499
1 13 2
272 287
1 10 2
80 295
1 14 2
80 89
1 7 2
229 267
1 11 2
51 116
1 10 2
119 453
1 10 2
307 324
1 3 2
248 252
1 4 2
47 278
1 10 2
403 483
1 6 2
80 163
1 2 2
62 335
1 2 2
28 182
1 7 2
42 84
1 9 2
364 425
1 5 2
364 402
1 15 2
423 454
1 13 2
1 308
1 4 2
157 263
1 14 2
152 232
1 6 2
46 103
1 2 2
214 243
1 6 2
9 161
1 11 2
318 459
1 10 2
213 499
1 11 2
153 172
1 2 2
166 263
1 8 2
99 152
1 15 2
399 477
1 9 2
3 89
1 15 2
160 294
1 7 2
203 231
1 13 2
20 326
1 11 2
207 419
1 4 2
436 488
1 11 2
22 287
1 7 2
427 442
1 12 2
75 375
1 3 2
170 460
1 15 2
352 478
1 13 2
174 215
1 13 2
48 162
1 14 2
87 227
1 13 2
355 394
1 10 2
48 81
1 5 2
75 246
1 6 2
245 327
1 11 2
62 68
1 7 2
139 428
1 15 2
129 422
1 7 2
8 96
1 14 2
85 113
1 9 2
29 233
1 9 2
19 215
1 15 2
17 299
1 5 2
163 361
1 12 2
110 317
1 12 2
49 136
1 9 2
118 495
1 10 2
60 262
1 5 2
60 386
1 5 2
150 296
1 11 2
167 368
1 8 2
297 459
1 6 2
271 283
1 8 2
10 91
1 8 2
92 407
1 10 2
315 426
1 6 2
417 453
1 12 2
356 439
1 9 2
132 256
1 9 2
261 464
1 3 2
249 259
1 6 2
13 465
1 15 2
38 148
1 12 2
121 306
1 13 2
103 418
1 9 2
173 279
1 4 2
154 409
1 8 2
167 228
1 11 2
13 204
1 8 2
127 400
1 14 2
93 369
1 4 2
363 440
1 9 2
58 224
1 8 2
19 281
1 14 2
185 298
1 10 2
4 488
1 8 2
411 457
1 12 2
190 471
1 14 2
156 239
1 14 2
163 409
1 9 2
16 310
1 4 2
119 297
1 4 2
123 172
1 14 2
214 398
1 11 2
184 427
1 7 2
13 293
1 12 2
352 400
1 9 2
456 467
1 15 2
119 396
1 12 2
83 188
1 13 2
188 203
1 13 2
178 487
1 8 2
152 423
1 11 2
233 400
1 4 2
119 216
1 12 2
22 389
1 13 2
303 340
1 8 2
353 489
1 11 2
69 441
1 9 2
249 330
1 5 2
2 139
1 10 2
252 260
1 11 2
173 308
1 9 2
87 362
1 6 2
93 347
1 3 2
86 181
1 11 2
195 276
1 3 2
260 267
1 9 2
392 498
1 5 2
46 404
1 4 2
92 122
1 4 2
97 368
1 4 2
292 295
1 10 2
297 400
1 12 2
35 418
1 5 2
35 397
1 7 2
63 467
1 5 2
178 213
1 11 2
50 397
1 13 2
273 368
1 15 2
234 498
1 7 2
154 483
1 14 2
101 282
1 15 2
447 466
1 7 2
101 380
1 14 2
210 474
1 6 2
7 430
1 15 2
216 273
1 5 2
252 434
1 2 2
25 285
1 2 2
218 347
1 9 2
476 496
1 5 2
130 480
1 13 2
87 449
1 10 2
37 209
1 15 2
299 482
1 10 2
124 343
1 8 2
49 488
1 9 2
243 343
1 3 2
309 345
1 15 2
227 332
1 8 2
42 109
1 12 2
7 427
1 11 2
130 482
1 2 2
278 328
1 6 2
107 159
1 3 2
361 368
1 7 2
156 341
1 9 2
131 271
1 14 2
225 329
1 4 2
67 409
1 12 2
196 488
1 14 2
358 485
1 7 2
117 413
1 10 2
426 448
1 2 2
314 391
1 5 2
62 81
1 12 2
272 403
1 9 2
70 388
1 2 2
1 111
1 5 2
99 356
1 7 2
141 142
1 5 2
187 426
1 14 2
257 353
1 13 2
407 421
1 7 2
202 384
1 12 2
412 486
1 5 2
63 204
1 9 2
97 297
1 2 2
369 477
1 4 2
87 444
1 5 2
250 296
1 3 2
13 314
1 12 2
269 378
1 13 2
153 271
1 5 2
80 251
1 14 2
167 313
1 3 2
169 240
1 14 2
305 413
1 13 2
13 247
1 15 2
83 331
1 9 2
15 182
1 4 2
437 481
1 14 2
123 347
1 12 2
19 130
1 8 2
16 441
1 12 2
110 136
1 5 2
375 485
1 15 2
78 357
1 12 2
301 424
1 4 2
347 400
1 14 2
228 237
1 8 2
79 390
1 7 2
264 265
1 12 2
86 238
1 9 2
142 437
1 15 2
71 208
1 6 2
324 366
1 12 2
120 354
1 4 2
33 405
1 2 2
5 497
1 6 2
51 108
1 15 2
455 492
1 7 2
54 353
1 11 2
105 481
1 8 2
90 485
1 10 2
2 279
1 2 2
131 414
1 9 2
98 407
1 14 2
149 393
1 7 2
272 411
1 10 2
11 489
1 2 2
165 339
1 8 2
43 289
1 11 2
312 421
1 3 2
452 487
1 14 2
2 385
1 4 2
27 268
1 5 2
276 305
1 4 2
126 391
1 3 2
445 451
1 7 2
71 380
1 10 2
9 359
1 6 2
9 298
1 2 2
77 262
1 5 2
306 427
1 8 2
67 268
1 15 2
18 76
1 15 2
112 377
1 15 2
101 248
1 5 2
206 248
1 11 2
90 242
1 15 2
54 178
1 4 2
87 167
1 12 2
119 431
1 13 2
71 495
1 13 2
26 98
1 3 2
350 377
1 3 2
150 424
1 6 2
324 364
1 13 2
126 278
1 3 2
203 366
1 14 2
231 462
1 10 2
273 479
1 13 2
211 304
1 4 2
292 476
1 14 2
162 490
1 8 2
183 248
1 2 2
180 447
1 2 2
315 382
1 4 2
91 336
1 13 2
111 261
1 5 2
186 277
1 3 2
78 225
1 5 2
279 360
1 3 2
424 466
1 7 2
155 335
1 11 2
38 236
1 7 2
164 173
1 13 2
280 496
1 3 2
59 498
1 7 2
385 487
1 10 2
112 358
1 2 2
130 425
1 8 2
311 352
1 15 2
1 140
1 15 2
438 466
1 2 2
258 392
1 6 2
28 432
1 8 2
370 452
1 10 2
44 255
1 5 2
106 452
1 7 2
105 339
1 5 2
267 436
1 8 2
64 253
1 6 2
314 331
1 11 2
88 417
1 11 2
244 457
1 7 2
45 274
1 10 2
298 382
1 15 2
141 159
1 11 2
249 421
1 4 2
263 456
1 15 2
110 379
1 10 2
41 258
1 2 2
233 244
1 11 2
216 471
1 6 2
131 310
1 6 2
169 331
1 5 2
178 466
1 8 2
224 303
1 11 2
185 371
1 14 2
316 342
1 4 2
150 159
1 15 2
257 377
1 12 2
59 180
1 10 2
150 335
1 10 2
27 473
1 2 2
213 467
1 3 2
171 286
1 4 2
168 398
1 7 2
198 286
1 7 2
62 110
1 3 2
80 162
1 8 2
151 190
1 11 2
99 435
1 14 2
42 444
1 2 2
64 476
1 9 2
149 323
1 11 2
130 383
1 7 2
421 472
1 7 2
27 54
1 14 2
50 312
1 11 2
32 402
1 8 2
189 402
1 13 2
173 381
1 9 2
58 99
1 12 2
459 462
1 10 2
15 364
1 4 2
43 392
1 3 2
278 381
1 6 2
22 141
1 8 2
22 138
1 3 2
188 453
1 4 2
197 372
1 12 2
79 373
1 11 2
300 454
1 6 2
213 363
1 14 2
115 194
1 15 2
35 159
1 8 2
120 299
1 13 2
274 424
1 4 2
30 333
1 8 2
19 234
1 3 2
43 480
1 10 2
118 443
1 15 2
469 484
1 3 2
449 469
1 12 2
91 434
1 13 2
367 428
1 4 2
409 420
1 8 2
24 372
1 14 2
210 252
1 7 2
444 448
1 9 2
55 381
1 4 2
247 372
1 10 2
131 428
1 9 2
331 347
1 7 2
148 420
1 12 2
66 299
1 6 2
346 495
1 10 2
45 393
1 11 2
105 294
1 12 2
75 344
1 11 2
93 386
1 3 2
94 99
1 11 2
178 222
1 4 2
0 165
1 11 2
147 403
1 7 2
39 55
1 6 2
439 475
1 7 2
105 447
1 15 2
83 123
1 14 2
123 414
1 12 2
199 393
1 15 2
35 331
1 11 2
48 322
1 9 2
354 486
1 13 2
153 288
1 6 2
451 457
1 15 2
273 289
1 4 2
117 306
1 4 2
439 455
1 4 2
11 192
1 11 2
74 480
1 14 2
297 340
1 7 2
126 219
1 3 2
142 359
1 8 2
402 411
1 10 2
399 468
1 3 2
196 395
1 7 2
25 410
1 9 2
295 411
1 2 2
82 198
1 7 2
457 484
1 14 2
205 308
1 2 2
34 64
1 3 2
14 400
1 12 2
175 206
1 6 2
169 351
1 2 2
96 274
1 14 2
63 75
1 6 2
121 143
1 2 2
83 157
1 6 2
15 257
1 5 2
121 181
1 3 2
232 381
1 14 2
256 348
1 2 2
176 426
1 9 2
223 280
1 13 2
222 361
1 6 2
352 493
1 9 2
232 233
1 3 2
11 306
1 13 2
165 377
1 3 2
195 414
1 9 2
131 470
1 6 2
8 250
1 6 2
328 397
1 6 2
141 256
1 4 2
211 413
1 12 2
81 116
1 8 2
62 359
1 5 2
384 470
1 10 2
209 433
1 9 2
4 254
1 5 2
208 337
1 15 2
124 454
1 4 2
87 378
1 6 2
100 474
1 3 2
144 338
1 10 2
169 499
1 6 2
5 79
1 10 2
335 368
1 6 2
333 482
1 5 2
72 208
1 12 2
198 482
1 3 2
118 138
1 2 2
365 450
1 4 2
207 254
1 4 2
312 455
1 6 2
81 319
1 9 2
231 331
1 12 2
123 294
1 10 2
11 183
1 2 2
143 256
1 11 2
149 223
1 12 2
88 217
1 11 2
19 243
1 11 2
119 363
1 14 2
44 170
1 6 2
78 317
1 5 2
415 440
1 5 2
89 308
1 3 2
105 306
1 7 2
318 378
1 7 2
449 456
1 9 2
266 462
1 4 2
373 443
1 15 2
360 442
1 7 2
82 219
1 15 2
144 402
1 2 2
190 495
1 7 2
5 423
1 2 2
23 463
1 14 2
245 474
1 5 2
158 392
1 12 2
111 337
1 7 2
248 295
1 5 2
154 183
1 6 2
244 490
1 2 2
28 56
1 11 2
54 280
1 12 2
43 275
1 14 2
57 91
1 4 2
250 316
1 7 2
102 196
1 11 2
334 387
1 15 2
123 311
1 9 2
248 340
1 6 2
418 459
1 3 2
6 32
1 3 2
17 460
1 3 2
320 458
1 10 2
389 467
1 12 2
145 166
1 6 2
222 416
1 5 2
26 173
1 10 2
34 439
1 10 2
393 406
1 15 2
30 181
1 7 2
224 407
1 9 2
1 462
1 7 2
124 171
1 2 2
402 459
1 4 2
37 216
1 10 2
103 365
1 3 2
91 220
1 13 2
60 300
1 12 2
138 435
1 7 2
77 84
1 8 2
286 316
1 13 2
4 323
1 12 2
41 218
1 5 2
202 429
1 11 2
268 473
1 4 2
236 388
1 10 2
90 358
1 10 2
71 176
1 8 2
250 478
1 3 2
130 433
1 10 2
228 374
1 15 2
63 181
1 12 2
56 58
1 7 2
301 343
1 11 2
358 445
1 14 2
235 257
1 8 2
305 332
1 7 2
389 487
1 3 2
13 253
1 3 2
130 423
1 14 2
124 277
1 12 2
32 382
1 7 2
245 381
1 5 2
365 389
1 2 2
287 292
1 13 2
121 126
1 14 2
115 337
1 6 2
346 449
1 8 2
10 134
1 2 2
161 456
1 10 2
184 351
1 7 2
50 89
1 14 2
87 281
1 7 2
77 387
1 12 2
195 451
1 12 2
75 236
1 15 2
92 174
1 4 2
203 415
1 15 2
205 256
1 5 2
196 447
1 11 2
89 393
1 12 2
109 301
1 8 2
211 348
1 5 2
222 457
1 3 2
167 230
1 14 2
109 328
1 15 2
220 256
1 2 2
242 381
1 7 2
115 145
1 13 2
20 83
1 6 2
97 364
1 4 2
80 248
1 12 2
16 271
1 7 2
61 475
1 10 2
24 196
1 9 2
421 464
1 7 2
2 354
1 13 2
120 308
1 14 2
328 412
1 2 2
240 270
1 4 2
385 408
1 15 2
203 338
1 12 2
18 77
1 14 2
3 359
1 3 2
112 404
1 13 2
209 482
1 13 2
159 172
1 6 2
146 158
1 5 2
107 155
1 15 2
106 407
1 3 2
126 131
1 14 2
204 414
1 10 2
9 261
1 2 2
306 377
1 3 2
0 451
1 5 2
13 263
1 14 2
278 424
1 8 2
229 473
1 11 2
377 482
1 7 2
417 442
1 15 2
145 337
1 10 2
102 107
1 12 2
187 236
1 14 2
9 109
1 13 2
127 364
1 5 2
120 242
1 13 2
161 471
1 14 2
343 366
1 13 2
48 469
1 6 2
154 425
1 15 2
225 268
1 13 2
121 299
1 3 2
48 409
1 7 2
23 25
1 15 2
43 426
1 9 2
470 485
1 5 2
237 272
1 4 2
14 87
1 4 2
157 197
1 9 2
94 388
1 6 2
162 445
1 6 2
150 190
1 11 2
185 244
1 4 2
328 478
1 13 2
209 330
1 5 2
346 399
1 5 2
89 360
1 9 2
398 495
1 13 2
309 388
1 7 2
44 408
1 5 2
159 259
1 5 2
321 393
1 10 2
103 488
1 6 2
66 171
1 6 2
20 174
1 13 2
219 493
1 15 2
170 423
1 12 2
293 414
1 5 2
399 400
1 14 2
167 279
1 3 2
42 144
1 2 2
192 214
1 3 2
207 240
1 13 2
195 343
1 5 2
9 73
1 14 2
117 317
1 2 2
45 49
1 9 2
102 301
1 3 2
51 196
1 2 2
227 370
1 2 2
81 495
1 6 2
119 141
1 12 2
37 320
1 4 2
134 352
1 11 2
195 308
1 4 2
440 458
1 9 2
106 316
1 15 2
326 457
1 10 2
19 174
1 15 2
84 264
1 8 2
340 353
1 11 2
175 288
1 5 2
481 499
1 11 2
79 168
1 12 2
390 423
1 5 2
182 261
1 2 2
56 218
1 3 2
189 273
1 3 2
199 221
1 10 2
11 409
1 11 2
71 118
1 6 2
463 493
1 10 2
31 454
1 11 2
147 430
1 15 2
33 490
1 13 2
26 30
1 13 2
40 490
1 12 2
66 278
1 11 2
344 397
1 6 2
247 294
1 11 2
181 372
1 9 2
60 417
1 14 2
118 207
1 6 2
17 142
1 9 2
93 487
1 9 2
169 409
1 12 2
148 263
1 3 2
106 208
1 9 2
53 226
1 7 2
210 417
1 6 2
125 322
1 4 2
162 281
1 2 2
303 408
1 7 2
56 126
1 2 2
5 427
1 6 2
134 138
1 6 2
136 477
1 6 2
37 464
1 4 2
340 450
1 15 2
170 334
1 7 2
49 363
1 10 2
171 187
1 10 2
140 437
1 2 2
0 203
1 2 2
133 358
1 9 2
126 441
1 14 2
341 360
1 10 2
344 484
1 15 2
228 296
1 8 2
69 191
1 15 2
158 239
1 5 2
268 367
1 9 2
243 252
1 3 2
115 383
1 9 2
306 471
1 10 2
196 493
1 13 2
81 459
1 7 2
313 490
1 11 2
266 336
1 2 2
145 426
1 10 2
316 454
1 8 2
192 362
1 7 2
60 363
1 11 2
94 363
1 4 2
288 289
1 9 2
93 95
1 7 2
147 191
1 2 2
275 484
1 7 2
75 332
1 3 2
230 408
1 5 2
39 190
1 9 2
97 143
1 8 2
172 412
1 7 2
131 173
1 3 2
44 468
1 14 2
212 304
1 11 2
366 458
1 8 2
325 458
1 4 2
129 331
1 15 2
245 294
1 11 2
85 276
1 3 2
59 415
1 11 2
243 380
1 14 2
98 445
1 15 2
143 478
1 6 2
9 184
1 7 2
92 229
1 9 2
261 306
1 8 2
102 169
1 9 2
126 359
1 8 2
144 263
1 11 2
130 352
1 14 2
162 385
1 12 2
331 362
1 10 2
40 173
1 2 2
76 465
1 8 2
22 289
1 3 2
170 314
1 5 2
249 498
1 2 2
129 409
1 12 2
155 444
1 9 2
25 43
1 11 2
182 497
1 10 2
3 447
1 7 2
7 28
1 14 2
157 178
1 12 2
361 486
1 2 2
400 488
1 11 2
320 454
1 10 2
332 482
1 7 2
100 482
1 9 2
115 365
1 8 2
21 317
1 5 2
492 498
1 6 2
106 281
1 2 2
65 442
1 2 2
110 279
1 8 2
36 306
1 2 2
360 474
1 15 2
34 61
1 12 2
152 465
1 10 2
0 163
1 4 2
127 147
1 8 2
172 328
1 7 2
181 319
1 4 2
98 461
1 13 2
206 351
1 15 2
266 291
1 14 2
252 331
1 8 2
58 107
1 3 2
169 244
1 4 2
135 219
1 10 2
140 268
1 3 2
98 314
1 2 2
184 425
1 7 2
360 435
1 5 2
369 424
1 13 2
115 207
1 6 2
94 491
1 7 2
185 189
1 10 2
143 154
1 13 2
267 340
1 4 2
270 473
1 14 2
181 330
1 9 2
76 195
1 7 2
235 357
1 8 2
65 486
1 9 2
147 184
1 2 2
209 320
1 15 2
197 486
1 13 2
352 452
1 5 2
45 160
1 7 2
14 277
1 13 2
380 423
1 13 2
141 391
1 4 2
93 322
1 6 2
10 300
1 8 2
91 457
1 12 2
190 311
1 9 2
309 427
1 4 2
266 363
1 9 2
21 106
1 2 2
422 435
1 3 2
47 54
1 10 2
52 353
1 7 2
198 384
1 12 2
430 471
1 2 2
135 233
1 6 2
400 461
1 6 2
43 82
1 6 2
36 279
1 4 2
337 428
1 12 2
199 254
1 11 2
58 106
1 14 2
65 108
1 2 2
152 253
1 5 2
111 190
1 9 2
343 416
1 10 2
39 424
1 10 2
471 475
1 15 2
70 487
1 12 2
72 117
1 11 2
205 438
1 4 2
241 320
1 13 2
104 253
1 5 2
317 431
1 7 2
108 489
1 5 2
47 342
1 8 2
420 495
1 2 2
248 319
1 12 2
134 262
1 3 2
205 311
1 7 2
127 496
1 9 2
140 300
1 7 2
407 449
1 3 2
277 484
1 2 2
83 441
1 6 2
282 357
1 5 2
120 361
1 2 2
172 396
1 12 2
180 323
1 8 2
251 482
1 12 2
0 177
1 2 2
368 400
1 15 2
122 305
1 2 2
120 191
1 8 2
208 422
1 13 2
65 118
1 3 2
105 223
1 3 2
239 397
1 8 2
270 355
1 10 2
135 417
1 4 2
148 194
1 15 2
346 395
1 11 2
236 482
1 6 2
313 472
1 4 2
112 476
1 12 2
180 279
1 4 2
119 135
1 2 2
23 420
1 7 2
204 481
1 7 2
157 344
1 3 2
438 491
1 12 2
34 355
1 6 2
160 314
1 5 2
73 486
1 3 2
475 482
1 9 2
238 455
1 2 2
267 344
1 6 2
308 435
1 2 2
165 264
1 5 2
139 249
1 5 2
7 22
1 4 2
342 375
1 4 2
102 484
1 8 2
4 106
1 7 2
159 256
1 7 2
7 364
1 2 2
85 287
1 5 2
159 237
1 8 2
299 412
1 4 2
234 487
1 8 2
186 427
1 4 2
177 229
1 4 2
162 410
1 6 2
102 159
1 5 2
86 159
1 3 2
329 353
1 2 2
127 214
1 8 2
353 432
1 4 2
151 315
1 3 2
197 440
1 3 2
304 435
1 2 2
5 194
1 9 2
57 484
1 11 2
221 382
1 3 2
65 372
1 9 2
24 454
1 15 2
165 386
1 11 2
76 294
1 12 2
145 195
1 12 2
173 329
1 5 2
313 484
1 14 2
169 231
1 11 2
198 256
1 6 2
244 399
1 12 2
17 235
1 14 2
293 304
1 14 2
162 239
1 2 2
160 490
1 2 2
52 382
1 10 2
80 439
1 10 2
18 34
1 12 2
121 356
1 10 2
130 277
1 10 2
31 247
1 9 2
22 72
1 3 2
200 284
1 5 2
35 439
1 5 2
183 432
1 4 2
84 154
1 6 2
250 254
1 12 2
71 448
1 6 2
241 357
1 12 2
241 479
1 3 2
20 87
1 9 2
104 333
1 10 2
234 392
1 12 2
4 283
1 5 2
151 479
1 5 2
182 254
1 9 2
247 332
1 15 2
116 134
1 8 2
151 332
1 14 2
72 258
1 2 2
43 104
1 7 2
169 382
1 5 2
94 205
1 14 2
461 488
1 6 2
150 242
1 6 2
56 211
1 14 2
296 422
1 8 2
382 426
1 7 2
1 349
1 6 2
43 115
1 2 2
132 171
1 9 2
53 104
1 7 2
57 488
1 6 2
316 325
1 10 2
106 284
1 14 2
445 476
1 6 2
51 216
1 8 2
93 223
1 10 2
253 287
1 11 2
157 230
1 3 2
30 310
1 4 2
83 269
1 14 2
19 41
1 13 2
113 262
1 14 2
311 458
1 9 2
206 429
1 13 2
10 143
1 10 2
297 458
1 5 2
373 491
1 12 2
32 90
1 3 2
349 365
1 10 2
164 272
1 7 2
278 282
1 8 2
192 333
1 4 2
59 198
1 11 2
379 428
1 4 2
284 292
1 6 2
199 356
1 8 2
372 448
1 11 2
193 446
1 3 2
69 368
1 12 2
259 308
1 13 2
271 442
1 4 2
77 130
1 12 2
354 428
1 3 2
399 471
1 5 2
128 307
1 15 2
125 173
1 15 2
330 387
1 7 2
437 456
1 5 2
350 397
1 2 2
145 450
1 11 2
248 315
1 12 2
90 109
1 11 2
79 256
1 5 2
46 307
1 6 2
73 287
1 8 2
272 465
1 15 2
222 431
1 13 2
476 482
1 8 2
281 411
1 9 2
19 278
1 5 2
234 255
1 4 2
170 198
1 2 2
257 299
1 5 2
220 326
1 3 2
304 356
1 7 2
158 348
1 5 2
332 445
1 2 2
382 414
1 4 2
323 326
1 12 2
52 275
1 7 2
231 289
1 3 2
153 318
1 15 2
33 397
1 5 2
50 64
1 5 2
281 307
1 3 2
110 346
1 6 2
3 297
1 7 2
32 165
1 7 2
322 388
1 7 2
230 496
1 11 2
257 378
1 9 2
140 397
1 10 2
13 409
1 15 2
304 366
1 12 2
460 469
1 5 2
354 499
1 2 2
12 197
1 12 2
115 191
1 15 2
335 439
1 12 2
271 479
1 14 2
340 461
1 9 2
160 169
1 12 2
124 451
1 11 2
117 252
1 12 2
149 326
1 2 2
129 137
1 14 2
97 126
1 13 2
47 90
1 11 2
280 445
1 7 2
260 447
1 10 2
41 164
1 9 2
4 251
1 11 2
268 446
1 4 2
219 461
1 3 2
368 378
1 8 2
42 217
1 8 2
242 435
1 3 2
52 243
1 11 2
21 132
1 6 2
5 132
1 10 2
99 156
1 8 2
240 342
1 6 2
47 224
1 15 2
71 337
1 15 2
37 45
1 6 2
174 480
1 11 2
7 335
1 8 2
337 398
1 13 2
46 149
1 11 2
79 329
1 6 2
260 428
1 15 2
174 305
1 6 2
101 410
1 6 2
317 407
1 15 2
313 462
1 6 2
83 325
1 3 2
175 263
1 8 2
386 440
1 5 2
335 489
1 6 2
370 495
1 13 2
90 395
1 5 2
152 417
1 4 2
353 388
1 9 2
293 406
1 7 2
302 316
1 10 2
140 278
1 4 2
76 328
1 12 2
244 494
1 4 2
37 109
1 5 2
167 369
1 13 2
245 283
1 12 2
4 107
1 15 2
104 236
1 10 2
66 332
1 5 2
144 157
1 2 2
261 399
1 11 2
69 105
1 10 2
182 494
1 13 2
96 111
1 5 2
3 155
1 9 2
8 485
1 9 2
348 443
1 2 2
398 408
1 8 2
94 230
1 6 2
61 472
1 9 2
94 380
1 13 2
169 465
1 10 2
173 352
1 15 2
217 469
1 2 2
126 436
1 5 2
112 257
1 7 2
101 423
1 6 2
6 180
1 8 2
284 300
1 11 2
333 384
1 2 2
443 499
1 11 2
191 474
1 7 2
402 468
1 9 2
35 125
1 8 2
304 305
1 6 2
158 422
1 6 2
277 369
1 4 2
71 158
1 10 2
100 417
1 7 2
93 455
1 13 2
2 416
1 15 2
184 320
1 7 2
120 218
1 7 2
29 281
1 5 2
137 384
1 4 2
173 241
1 13 2
111 476
1 3 2
90 184
1 6 2
414 442
1 15 2
348 376
1 15 2
66 78
1 3 2
261 277
1 7 2
125 422
1 7 2
270 457
1 6 2
155 265
1 7 2
36 264
1 9 2
451 468
1 12 2
287 361
1 12 2
334 340
1 4 2
75 280
1 5 2
62 225
1 2 2
145 280
1 5 2
370 447
1 7 2
315 405
1 14 2
419 460
1 6 2
276 337
1 14 2
84 187
1 9 2
147 390
1 7 2
240 422
1 2 2
200 411
1 15 2
243 428
1 11 2
60 423
1 7 2
109 323
1 11 2
163 494
1 2 2
78 409
1 7 2
33 388
1 10 2
295 369
1 15 2
265 314
1 13 2
29 182
1 2 2
74 433
1 2 2
89 121
1 8 2
435 494
1 14 2
173 482
1 8 2
187 265
1 10 2
208 266
1 4 2
116 304
1 13 2
223 477
1 15 2
129 352
1 15 2
211 276
1 5 2
57 332
1 6 2
69 467
1 9 2
153 494
1 2 2
314 316
1 3 2
355 393
1 8 2
165 201
1 3 2
157 252
1 13 2
215 486
1 3 2
80 308
1 4 2
244 437
1 14 2
22 481
1 8 2
309 467
1 8 2
163 451
1 13 2
0 363
1 15 2
195 294
1 3 2
262 301
1 8 2
248 483
1 13 2
384 404
1 7 2
324 443
1 10 2
417 474
1 9 2
10 36
1 6 2
340 366
1 2 2
273 484
1 3 2
362 368
1 14 2
245 448
1 7 2
75 95
1 2 2
99 174
1 12 2
84 219
1 15 2
10 353
1 3 2
150 410
1 2 2
275 427
1 12 2
9 213
1 13 2
182 333
1 4 2
31 134
1 9 2
91 234
1 4 2
210 308
1 12 2
25 160
1 6 2
189 356
1 14 2
354 432
1 5 2
188 409
1 3 2
347 422
1 8 2
159 440
1 13 2
190 374
1 14 2
472 473
1 15 2
247 351
1 6 2
224 497
1 10 2
275 474
