500 4000 1500
22 25 17 7 8 22 7 18 5 10 20 10 11 14 22 9 13 19 5 20 10 21 19 8 9 15 13 24 25 15 17 24 20 10 17 19 9 15 16 6 12 9 15 21 23 5 17 7 21 24 5 7 12 11 21 12 17 10 10 5 9 5 23 11 9 11 10 6 5 24 14 19 19 25 8 9 9 17 10 25 13 5 24 19 15 8 8 16 6 25 22 25 24 6 18 13 10 6 11 20 19 18 16 20 14 14 5 19 6 21 16 10 14 17 6 12 5 13 15 7 6 21 20 12 11 5 6 22 6 14 25 8 19 16 18 18 5 22 13 20 8 22 18 11 7 25 15 20 21 18 14 8 15 9 9 7 12 18 17 14 7 23 13 11 22 25 18 18 8 15 8 14 22 13 23 19 16 10 15 17 14 22 17 15 21 19 6 21 22 25 5 14 14 8 12 19 5 16 19 16 20 18 8 13 10 16 12 13 17 11 10 15 8 13 18 16 25 9 9 23 24 9 18 18 11 18 24 7 12 17 22 10 5 21 24 9 19 24 23 9 10 12 9 16 10 21 24 13 24 14 12 11 11 23 14 10 6 16 17 9 5 14 25 19 11 15 11 6 6 20 10 25 5 24 6 7 18 24 17 10 11 7 24 18 23 24 22 17 6 24 7 5 11 23 6 25 5 18 9 25 10 17 12 17 13 18 6 21 12 21 24 16 15 17 9 15 23 9 21 17 22 7 15 6 12 13 16 19 22 14 18 21 7 21 16 25 7 18 14 13 6 19 17 18 6 6 19 25 9 15 13 19 12 20 15 13 9 17 25 5 12 5 23 15 10 21 21 10 8 13 8 5 19 13 21 23 6 12 19 6 14 8 9 16 5 15 7 12 20 21 17 9 5 14 15 21 19 17 24 24 5 9 15 23 14 12 6 11 15 8 20 15 18 17 10 16 12 18 25 14 17 21 17 17 12 7 16 14 19 24 21 13 25 16 13 10 25 18 8 5 7 17 12 20 12 8 13 10 12 17 20 13 21 16 11 5 12 6 12 9 18 24 12 11 20 10 6 20 10 11 9 11 19 22 24 5 15 10 20 7 15 23 6 20 11 9 19 16 14 21 25 24 22 15 6 17 18 14 22 11
7 10 6 16 18 14 18 20 7 8 10 11 19 5 3 8 18 12 17 6 16 19 11 4 5 16 12 20 16 3 8 3 19 8 5 3 3 17 10 19 3 10 10 17 6 9 4 3 16 15 7 3 11 18 12 5 7 4 17 10 15 15 3 4 10 4 10 6 5 4 16 18 7 5 5 20 20 4 7 12 9 3 6 19 3 19 9 9 9 16 10 13 15 12 19 13 17 15 4 4 19 8 19 17 16 7 6 3 6 19 15 13 13 9 13 7 19 16 9 15 10 18 19 14 19 19 6 20 12 5 9 16 19 18 16 15 18 10 18 18 13 13 20 20 14 9 19 9 19 18 8 10 14 7 13 8 17 14 14 9 12 20 15 14 19 17 7 3 20 8 16 3 7 18 13 3 7 14 6 17 7 16 10 17 13 4 10 15 8 13 3 20 4 13 11 10 7 14 10 15 3 15 16 6 15 6 9 18 7 17 12 7 11 9 12 20 12 6 17 12 3 11 8 20 20 13 18 10 12 7 11 13 7 5 11 18 12 10 16 8 15 9 14 18 14 18 5 5 20 19 19 6 14 7 9 19 12 17 17 20 6 19 7 6 14 18 13 13 11 18 9 18 13 13 12 7 8 20 15 6 16 8 14 15 16 10 7 9 16 15 7 14 4 7 6 7 14 5 8 4 19 14 5 10 19 12 13 4 12 11 4 18 19 15 8 4 18 16 8 16 9 18 8 4 4 19 19 20 6 12 9 8 13 16 4 12 11 9 10 10 16 11 15 14 16 12 16 6 5 7 5 7 9 3 17 14 16 11 16 14 16 17 8 13 3 16 20 19 8 12 11 12 8 5 5 13 17 9 6 13 3 5 10 12 5 4 20 8 5 14 12 20 15 3 13 19 4 15 16 12 12 4 11 13 17 5 16 18 13 19 13 4 15 17 4 11 5 3 4 4 9 8 9 9 6 3 13 13 5 5 19 13 11 11 16 18 17 6 10 15 17 19 19 13 19 11 8 17 9 12 10 19 12 17 5 8 18 15 19 14 13 5 12 10 18 12 6 19 4 6 4 5 15 10 14 8 5 5 15 18 19 16 20 3 17 3 6 8 9 20 14 20 10 20 10 9 15 3 13 3
1 5 2
64 468
1 8 2
160 292
1 7 2
362 424
1 14 2
58 403
1 13 2
48 480
1 6 2
323 397
1 5 2
282 357
1 12 2
113 341
1 11 2
203 416
1 14 2
139 494
1 3 2
72 384
1 11 2
465 467
1 2 2
96 242
1 3 2
216 317
1 12 2
86 184
1 8 2
71 400
1 6 2
213 470
1 4 2
308 453
1 14 2
251 268
1 11 2
108 128
1 15 2
130 359
1 10 2
33 158
1 10 2
46 144
1 12 2
303 434
1 8 2
58 350
1 14 2
65 228
1 11 2
97 124
1 6 2
25 131
1 9 2
86 161
1 5 2
197 307
1 8 2
83 443
1 6 2
223 337
1 7 2
236 466
1 8 2
128 305
1 4 2
40 287
1 7 2
232 425
1 5 2
104 250
1 5 2
7 164
1 2 2
202 491
1 5 2
30 179
1 15 2
348 438
1 6 2
82 458
1 7 2
276 444
1 15 2
182 233
1 14 2
109 363
1 11 2
7 291
1 14 2
320 349
1 11 2
182 405
1 6 2
206 455
1 9 2
231 393
1 3 2
86 353
1 11 2
164 261
1 8 2
73 276
1 6 2
160 435
1 13 2
375 419
1 4 2
28 123
1 14 2
173 294
1 4 2
433 477
1 10 2
58 209
1 10 2
41 308
1 6 2
16 182
1 15 2
211 308
1 2 2
273 454
1 13 2
253 305
1 9 2
111 490
1 6 2
309 472
1 15 2
100 245
1 10 2
262 372
1 7 2
126 151
1 14 2
141 262
1 7 2
98 258
1 4 2
43 452
1 3 2
447 486
1 4 2
228 422
1 2 2
253 491
1 5 2
113 463
1 11 2
61 186
1 9 2
141 368
1 11 2
133 415
1 9 2
34 107
1 8 2
115 385
1 3 2
85 137
1 2 2
78 112
1 13 2
324 432
1 12 2
113 418
1 8 2
40 98
1 9 2
92 439
1 5 2
109 309
1 7 2
362 430
1 3 2
308 411
1 8 2
126 146
1 3 2
294 469
1 10 2
444 458
1 6 2
55 181
1 2 2
333 406
1 10 2
159 341
1 9 2
180 198
1 4 2
285 439
1 9 2
242 269
1 10 2
355 435
1 6 2
268 283
1 9 2
59 413
1 8 2
138 221
1 2 2
3 427
1 12 2
278 421
1 12 2
156 228
1 5 2
182 467
1 7 2
23 396
1 7 2
8 179
1 6 2
30 227
1 5 2
314 464
1 3 2
206 373
1 9 2
469 479
1 5 2
24 221
1 7 2
136 226
1 2 2
69 400
1 3 2
152 187
1 10 2
211 424
1 2 2
1 455
1 12 2
131 274
1 3 2
360 415
1 6 2
348 434
1 3 2
182 494
1 14 2
184 185
1 11 2
98 441
1 13 2
24 251
1 15 2
49 364
1 3 2
230 344
1 13 2
216 293
1 15 2
143 209
1 10 2
169 496
1 2 2
184 496
1 5 2
117 125
1 7 2
235 254
1 9 2
200 464
1 3 2
97 168
1 13 2
18 348
1 9 2
101 242
1 12 2
17 159
1 7 2
30 493
1 9 2
112 137
1 13 2
48 313
1 9 2
468 484
1 4 2
295 300
1 15 2
164 282
1 8 2
448 499
1 5 2
219 466
1 15 2
310 384
1 15 2
85 99
1 12 2
379 435
1 3 2
76 437
1 13 2
26 476
1 2 2
262 491
1 3 2
436 461
1 6 2
235 361
1 6 2
369 485
1 3 2
104 176
1 15 2
183 480
1 15 2
376 436
1 10 2
173 277
1 8 2
40 389
1 13 2
46 304
1 13 2
224 262
1 10 2
164 276
1 4 2
98 163
1 7 2
29 294
1 7 2
198 455
1 6 2
77 133
1 6 2
9 140
1 13 2
15 295
1 12 2
342 379
1 8 2
93 149
1 13 2
246 275
1 6 2
155 418
1 11 2
340 450
1 2 2
7 427
1 4 2
228 486
1 13 2
9 205
1 9 2
20 161
1 11 2
99 323
1 10 2
81 392
1 4 2
108 430
1 3 2
433 499
1 5 2
401 433
1 3 2
68 110
1 2 2
4 82
1 6 2
39 407
1 8 2
380 428
1 9 2
158 445
1 13 2
110 462
1 13 2
10 374
1 11 2
226 273
1 4 2
397 492
1 6 2
17 56
1 13 2
14 93
1 11 2
274 481
1 9 2
24 280
1 12 2
180 233
1 12 2
16 229
1 4 2
316 453
1 14 2
346 440
1 8 2
264 318
1 6 2
150 251
1 12 2
63 145
1 7 2
214 275
1 10 2
150 382
1 15 2
361 399
1 11 2
364 377
1 13 2
121 401
1 5 2
60 138
1 4 2
251 355
1 6 2
1 83
1 3 2
47 198
1 3 2
28 105
1 3 2
125 291
1 11 2
88 380
1 2 2
37 143
1 8 2
132 461
1 13 2
221 368
1 4 2
53 274
1 10 2
179 343
1 10 2
96 266
1 6 2
184 358
1 14 2
82 310
1 10 2
169 329
1 10 2
204 376
1 13 2
79 422
1 10 2
50 57
1 13 2
21 274
1 8 2
119 409
1 9 2
292 297
1 5 2
350 385
1 11 2
493 498
1 12 2
303 399
1 6 2
139 390
1 6 2
85 184
1 9 2
235 440
1 14 2
163 490
1 11 2
216 319
1 9 2
173 324
1 7 2
50 473
1 6 2
53 73
1 7 2
208 396
1 6 2
321 449
1 12 2
172 369
1 10 2
208 483
1 5 2
103 395
1 12 2
70 465
1 10 2
118 321
1 2 2
275 499
1 7 2
220 484
1 11 2
73 342
1 8 2
99 119
1 3 2
97 143
1 13 2
68 463
1 2 2
215 219
1 6 2
77 358
1 7 2
207 222
1 6 2
172 239
1 10 2
172 317
1 9 2
119 446
1 15 2
168 293
1 11 2
76 464
1 10 2
206 384
1 12 2
75 380
1 7 2
209 396
1 9 2
187 362
1 13 2
442 473
1 10 2
244 441
1 12 2
441 461
1 13 2
233 307
1 7 2
195 351
1 2 2
84 332
1 6 2
265 455
1 6 2
243 309
1 12 2
198 245
1 8 2
75 388
1 13 2
147 400
1 10 2
23 121
1 14 2
34 97
1 2 2
395 495
1 5 2
54 187
1 12 2
172 354
1 14 2
263 282
1 8 2
488 492
1 7 2
81 269
1 11 2
71 450
1 8 2
115 132
1 10 2
228 295
1 5 2
8 413
1 7 2
18 322
1 4 2
24 473
1 4 2
93 340
1 4 2
253 365
1 14 2
184 382
1 11 2
198 251
1 3 2
96 448
1 5 2
87 289
1 9 2
16 219
1 11 2
310 333
1 3 2
353 360
1 7 2
117 245
1 15 2
264 315
1 6 2
151 421
1 15 2
72 94
1 15 2
11 188
1 3 2
64 185
1 12 2
156 437
1 9 2
280 440
1 4 2
49 202
1 10 2
328 498
1 14 2
210 215
1 3 2
160 169
1 2 2
433 487
1 8 2
342 436
1 7 2
15 169
1 15 2
175 318
1 7 2
175 454
1 8 2
14 223
1 11 2
45 376
1 4 2
227 403
1 4 2
23 220
1 15 2
208 436
1 5 2
348 447
1 9 2
303 403
1 12 2
214 392
1 14 2
223 343
1 6 2
274 476
1 2 2
69 390
1 3 2
147 161
1 7 2
123 132
1 9 2
105 242
1 5 2
297 314
1 6 2
365 481
1 10 2
38 107
1 10 2
469 476
1 13 2
393 470
1 6 2
296 343
1 8 2
166 462
1 11 2
162 165
1 6 2
243 355
1 5 2
54 272
1 9 2
246 412
1 7 2
205 347
1 9 2
107 150
1 13 2
55 434
1 4 2
28 326
1 9 2
145 459
1 3 2
96 292
1 8 2
19 492
1 10 2
146 429
1 5 2
408 421
1 6 2
151 498
1 14 2
22 161
1 11 2
381 444
1 12 2
179 370
1 12 2
180 245
1 12 2
89 474
1 12 2
8 333
1 6 2
93 446
1 12 2
353 381
1 5 2
16 275
1 6 2
316 320
1 5 2
35 282
1 12 2
118 256
1 12 2
217 482
1 13 2
304 431
1 7 2
82 166
1 4 2
139 474
1 5 2
221 398
1 4 2
137 392
1 13 2
200 293
1 6 2
11 162
1 8 2
101 262
1 10 2
52 470
1 11 2
4 13
1 10 2
177 326
1 4 2
165 345
1 6 2
259 440
1 5 2
3 448
1 13 2
129 427
1 3 2
37 394
1 10 2
351 449
1 11 2
206 260
1 3 2
155 352
1 6 2
252 262
1 15 2
172 197
1 3 2
99 195
1 5 2
68 311
1 3 2
81 250
1 11 2
61 226
1 9 2
155 368
1 13 2
268 318
1 7 2
154 283
1 7 2
12 351
1 5 2
315 422
1 5 2
104 484
1 7 2
12 238
1 11 2
150 246
1 10 2
377 490
1 8 2
142 407
1 10 2
208 401
1 7 2
358 421
1 9 2
363 371
1 8 2
230 311
1 10 2
251 271
1 12 2
36 410
1 6 2
105 486
1 13 2
371 372
1 2 2
39 352
1 4 2
102 271
1 2 2
6 30
1 15 2
382 485
1 4 2
40 245
1 12 2
230 441
1 6 2
273 387
1 3 2
317 498
1 9 2
216 372
1 2 2
325 417
1 10 2
5 295
1 10 2
261 496
1 12 2
120 144
1 14 2
0 254
1 5 2
97 249
1 2 2
88 315
1 4 2
128 145
1 12 2
316 329
1 12 2
186 195
1 12 2
16 397
1 15 2
13 138
1 10 2
35 430
1 7 2
135 203
1 3 2
5 121
1 12 2
350 454
1 4 2
184 431
1 4 2
38 436
1 12 2
42 137
1 6 2
40 97
1 14 2
289 319
1 14 2
180 267
1 9 2
172 349
1 3 2
112 405
1 11 2
182 309
1 11 2
32 319
1 14 2
57 67
1 5 2
300 483
1 5 2
322 351
1 12 2
329 345
1 8 2
36 48
1 9 2
308 464
1 11 2
86 440
1 13 2
73 401
1 7 2
104 335
1 7 2
106 168
1 9 2
355 429
1 13 2
7 406
1 8 2
181 404
1 4 2
159 330
1 11 2
220 460
1 6 2
347 359
1 12 2
281 343
1 9 2
23 100
1 8 2
187 198
1 9 2
139 353
1 11 2
92 247
1 3 2
39 174
1 8 2
56 132
1 13 2
265 293
1 12 2
31 258
1 7 2
131 368
1 10 2
81 254
1 5 2
79 91
1 13 2
380 393
1 10 2
69 203
1 6 2
98 309
1 3 2
293 352
1 13 2
45 164
1 10 2
113 284
1 6 2
165 261
1 5 2
406 469
1 14 2
347 379
1 13 2
145 283
1 6 2
121 478
1 10 2
10 425
1 12 2
310 391
1 15 2
267 460
1 3 2
185 268
1 4 2
212 460
1 2 2
145 236
1 7 2
212 277
1 13 2
105 372
1 14 2
237 371
1 15 2
70 459
1 6 2
16 254
1 11 2
203 460
1 13 2
4 371
1 14 2
157 337
1 15 2
46 448
1 3 2
410 490
1 13 2
290 397
1 10 2
82 392
1 14 2
87 417
1 5 2
75 331
1 3 2
105 223
1 12 2
205 261
1 6 2
87 312
1 12 2
167 385
1 6 2
6 126
1 14 2
272 395
1 11 2
241 389
1 2 2
76 282
1 6 2
101 126
1 11 2
296 337
1 12 2
42 288
1 8 2
233 237
1 10 2
226 352
1 9 2
277 384
1 10 2
158 339
1 15 2
219 285
1 8 2
425 479
1 7 2
51 376
1 11 2
144 294
1 9 2
102 330
1 4 2
129 444
1 4 2
4 191
1 13 2
41 458
1 15 2
153 231
1 7 2
283 412
1 11 2
66 269
1 10 2
348 412
1 8 2
45 402
1 12 2
113 166
1 5 2
90 192
1 6 2
280 355
1 8 2
168 224
1 6 2
16 175
1 14 2
11 130
1 14 2
32 479
1 6 2
97 433
1 5 2
391 413
1 13 2
395 403
1 3 2
62 328
1 12 2
310 330
1 12 2
83 232
1 2 2
299 465
1 7 2
42 198
1 6 2
45 273
1 14 2
107 267
1 15 2
166 173
1 5 2
38 64
1 7 2
174 265
1 11 2
387 499
1 8 2
168 307
1 7 2
38 56
1 12 2
70 363
1 10 2
328 368
1 11 2
108 112
1 14 2
261 399
1 5 2
473 488
1 7 2
211 281
1 14 2
37 311
1 5 2
382 479
1 2 2
186 229
1 11 2
34 223
1 15 2
283 452
1 10 2
328 382
1 15 2
444 451
1 15 2
243 406
1 10 2
45 408
1 7 2
361 408
1 14 2
73 431
1 8 2
32 74
1 13 2
84 456
1 7 2
200 431
1 5 2
357 460
1 13 2
116 150
1 11 2
164 280
1 2 2
320 470
1 9 2
9 397
1 5 2
377 441
1 2 2
35 62
1 13 2
335 415
1 15 2
126 192
1 6 2
196 449
1 5 2
14 293
1 13 2
184 429
1 8 2
156 278
1 11 2
0 197
1 2 2
31 398
1 15 2
156 291
1 3 2
393 434
1 15 2
8 82
1 8 2
20 146
1 4 2
0 480
1 9 2
62 251
1 2 2
324 391
1 8 2
36 112
1 10 2
28 494
1 4 2
222 278
1 10 2
215 392
1 13 2
157 488
1 15 2
16 88
1 11 2
349 406
1 13 2
100 428
1 14 2
365 385
1 12 2
55 175
1 3 2
301 317
1 15 2
246 396
1 7 2
276 460
1 2 2
250 313
1 7 2
199 374
1 15 2
341 384
1 2 2
58 79
1 11 2
110 128
1 12 2
63 412
1 6 2
289 404
1 10 2
228 484
1 9 2
83 169
1 15 2
167 234
1 11 2
170 305
1 11 2
84 129
1 2 2
9 373
1 10 2
213 303
1 3 2
92 399
1 9 2
280 387
1 4 2
210 442
1 15 2
103 484
1 15 2
133 225
1 2 2
129 380
1 13 2
33 454
1 3 2
115 284
1 12 2
5 137
1 10 2
68 179
1 7 2
106 384
1 9 2
72 489
1 12 2
38 187
1 13 2
197 365
1 13 2
217 265
1 14 2
18 258
1 15 2
1 463
1 7 2
131 221
1 12 2
143 160
1 13 2
376 465
1 9 2
17 314
1 13 2
267 318
1 14 2
99 336
1 5 2
31 213
1 2 2
226 235
1 4 2
18 155
1 12 2
319 342
1 14 2
165 380
1 14 2
82 174
1 12 2
9 249
1 8 2
35 203
1 5 2
313 497
1 15 2
55 456
1 3 2
182 263
1 13 2
329 402
1 4 2
61 401
1 2 2
271 478
1 3 2
383 445
1 14 2
362 438
1 6 2
226 256
1 12 2
150 260
1 12 2
30 98
1 13 2
393 417
1 4 2
227 254
1 6 2
129 166
1 8 2
137 274
1 8 2
4 362
1 5 2
287 340
1 15 2
205 462
1 6 2
132 319
1 2 2
98 416
1 5 2
69 266
1 6 2
90 478
1 2 2
155 246
1 3 2
73 243
1 12 2
324 450
1 7 2
176 428
1 2 2
267 354
1 3 2
75 469
1 15 2
1 478
1 12 2
16 393
1 3 2
378 475
1 14 2
334 398
1 10 2
144 231
1 5 2
106 264
1 5 2
201 246
1 8 2
235 478
1 6 2
141 292
1 15 2
393 422
1 2 2
223 281
1 2 2
206 474
1 9 2
158 437
1 10 2
193 271
1 8 2
109 488
1 15 2
55 95
1 10 2
32 134
1 8 2
73 86
1 2 2
208 322
1 7 2
148 493
1 9 2
11 371
1 13 2
122 387
1 15 2
103 229
1 4 2
248 323
1 13 2
370 493
1 10 2
419 481
1 8 2
140 187
1 3 2
97 481
1 14 2
238 331
1 9 2
75 119
1 12 2
374 421
1 7 2
24 65
1 3 2
82 487
1 11 2
199 402
1 5 2
184 210
1 8 2
158 491
1 2 2
226 342
1 7 2
299 443
1 12 2
265 458
1 13 2
358 396
1 13 2
330 491
1 15 2
324 487
1 11 2
130 181
1 10 2
372 447
1 7 2
101 418
1 15 2
63 383
1 11 2
255 341
1 3 2
79 312
1 12 2
474 478
1 11 2
92 158
1 2 2
106 243
1 5 2
107 162
1 12 2
33 332
1 12 2
197 437
1 4 2
129 172
1 7 2
24 313
1 6 2
126 427
1 8 2
196 272
1 4 2
70 381
1 13 2
36 65
1 7 2
53 186
1 7 2
176 320
1 15 2
48 407
1 12 2
163 290
1 14 2
264 412
1 2 2
388 451
1 2 2
29 344
1 10 2
11 415
1 10 2
154 257
1 11 2
147 221
1 15 2
266 470
1 2 2
377 429
1 10 2
260 422
1 3 2
390 451
1 8 2
447 484
1 10 2
114 181
1 11 2
142 346
1 12 2
184 253
1 11 2
6 379
1 15 2
11 335
1 10 2
37 236
1 11 2
19 112
1 10 2
177 484
1 5 2
272 481
1 4 2
72 365
1 11 2
251 397
1 11 2
123 233
1 6 2
1 137
1 3 2
32 215
1 5 2
119 246
1 9 2
14 250
1 6 2
0 60
1 3 2
60 444
1 10 2
146 394
1 6 2
212 241
1 4 2
213 447
1 2 2
271 286
1 8 2
65 185
1 11 2
306 445
1 7 2
77 103
1 12 2
36 110
1 5 2
419 474
1 3 2
214 301
1 8 2
189 382
1 3 2
361 416
1 13 2
139 283
1 15 2
125 354
1 7 2
131 344
1 4 2
132 358
1 14 2
106 497
1 14 2
167 212
1 8 2
323 443
1 6 2
3 72
1 3 2
86 236
1 4 2
144 497
1 6 2
170 321
1 11 2
156 237
1 7 2
154 330
1 2 2
18 46
1 8 2
327 425
1 10 2
162 349
1 5 2
224 420
1 7 2
34 239
1 12 2
335 412
1 9 2
94 481
1 3 2
135 405
1 15 2
184 321
1 4 2
255 311
1 11 2
67 180
1 3 2
93 177
1 9 2
393 462
1 3 2
207 478
1 12 2
86 211
1 14 2
335 362
1 12 2
290 361
1 9 2
77 189
1 15 2
319 378
1 9 2
222 453
1 5 2
141 449
1 11 2
264 417
1 13 2
329 458
1 8 2
257 470
1 14 2
275 315
1 7 2
78 177
1 8 2
267 355
1 5 2
374 411
1 4 2
139 226
1 6 2
28 87
1 6 2
409 485
1 4 2
65 139
1 14 2
243 366
1 12 2
108 173
1 2 2
77 431
1 13 2
338 381
1 2 2
187 227
1 4 2
38 106
1 10 2
61 141
1 9 2
184 238
1 5 2
117 450
1 12 2
37 452
1 5 2
160 275
1 10 2
369 406
1 15 2
6 217
1 4 2
21 497
1 13 2
10 93
1 6 2
6 130
1 13 2
78 141
1 2 2
226 444
1 2 2
371 430
1 15 2
365 380
1 7 2
139 303
1 15 2
100 490
1 12 2
122 367
1 6 2
10 436
1 14 2
36 424
1 4 2
10 476
1 13 2
123 386
1 13 2
175 444
1 4 2
152 496
1 15 2
256 342
1 5 2
398 430
1 15 2
35 495
1 12 2
164 367
1 2 2
202 414
1 5 2
51 172
1 5 2
306 309
1 4 2
455 466
1 15 2
191 434
1 13 2
31 117
1 6 2
114 151
1 7 2
363 454
1 9 2
123 254
1 3 2
277 290
1 14 2
85 153
1 12 2
182 380
1 11 2
58 457
1 9 2
97 174
1 12 2
222 323
1 10 2
0 40
1 12 2
73 311
1 10 2
29 116
1 11 2
164 250
1 3 2
426 430
1 6 2
4 313
1 6 2
148 377
1 13 2
82 89
1 12 2
202 273
1 12 2
135 173
1 11 2
276 293
1 8 2
86 372
1 7 2
351 488
1 5 2
211 225
1 11 2
393 432
1 13 2
177 254
1 11 2
33 35
1 6 2
284 367
1 14 2
87 290
1 6 2
105 457
1 4 2
254 367
1 13 2
226 261
1 14 2
352 453
1 2 2
312 468
1 2 2
399 414
1 10 2
226 299
1 7 2
248 486
1 7 2
247 279
1 10 2
208 399
1 7 2
81 474
1 10 2
51 379
1 3 2
298 316
1 3 2
95 452
1 13 2
189 401
1 10 2
359 413
1 2 2
226 460
1 10 2
193 283
1 8 2
148 348
1 7 2
31 164
1 11 2
11 37
1 8 2
80 345
1 10 2
159 270
1 9 2
186 360
1 5 2
240 318
1 14 2
52 303
1 7 2
63 428
1 15 2
15 342
1 14 2
65 161
1 10 2
418 474
1 12 2
77 390
1 14 2
57 128
1 10 2
24 268
1 15 2
234 260
1 8 2
89 161
1 4 2
43 351
1 7 2
377 394
1 12 2
297 327
1 14 2
275 453
1 12 2
203 377
1 5 2
370 464
1 5 2
60 428
1 3 2
97 231
1 2 2
356 393
1 9 2
274 423
1 15 2
182 414
1 4 2
153 222
1 4 2
50 72
1 11 2
27 140
1 5 2
327 487
1 15 2
60 96
1 6 2
16 261
1 11 2
81 422
1 6 2
227 470
1 2 2
58 429
1 12 2
34 49
1 3 2
106 308
1 9 2
45 470
1 11 2
326 378
1 11 2
322 349
1 13 2
334 439
1 8 2
309 484
1 14 2
252 450
1 4 2
116 414
1 7 2
2 471
1 14 2
75 145
1 6 2
368 472
1 3 2
238 441
1 12 2
176 395
1 12 2
278 491
1 11 2
93 272
1 4 2
40 64
1 8 2
71 156
1 12 2
232 401
1 13 2
8 373
1 6 2
231 315
1 12 2
2 126
1 5 2
250 491
1 14 2
297 484
1 12 2
50 471
1 12 2
325 421
1 4 2
253 465
1 13 2
38 395
1 13 2
285 364
1 3 2
7 66
1 2 2
207 356
1 5 2
205 404
1 14 2
296 314
1 14 2
87 252
1 10 2
125 361
1 5 2
148 265
1 4 2
65 367
1 8 2
359 443
1 8 2
339 422
1 11 2
15 441
1 15 2
268 467
1 15 2
102 163
1 11 2
137 301
1 5 2
184 218
1 14 2
402 429
1 12 2
285 498
1 2 2
58 238
1 11 2
259 360
1 4 2
47 404
1 11 2
28 305
1 12 2
23 444
1 14 2
220 438
1 13 2
66 183
1 8 2
63 122
1 12 2
20 156
1 11 2
227 439
1 12 2
10 38
1 10 2
122 451
1 12 2
29 45
1 14 2
217 417
1 6 2
76 109
1 11 2
117 420
1 2 2
380 494
1 5 2
461 462
1 10 2
278 366
1 15 2
250 484
1 12 2
54 330
1 2 2
291 374
1 5 2
184 311
1 6 2
448 480
1 11 2
47 424
1 6 2
309 327
1 4 2
141 481
1 3 2
106 206
1 8 2
47 91
1 3 2
78 212
1 14 2
27 336
1 10 2
314 319
1 9 2
66 165
1 13 2
51 325
1 8 2
81 318
1 10 2
76 169
1 2 2
171 414
1 13 2
368 380
1 15 2
31 54
1 12 2
481 497
1 3 2
113 156
1 3 2
12 325
1 2 2
169 197
1 7 2
166 348
1 14 2
111 274
1 10 2
304 395
1 14 2
1 80
1 12 2
73 330
1 3 2
215 444
1 13 2
365 483
1 6 2
164 496
1 6 2
222 418
1 13 2
210 404
1 5 2
342 400
1 2 2
111 244
1 8 2
15 430
1 5 2
105 472
1 2 2
43 45
1 4 2
251 310
1 5 2
363 402
1 15 2
117 493
1 6 2
490 491
1 10 2
206 445
1 7 2
294 312
1 15 2
331 429
1 2 2
9 332
1 4 2
28 167
1 9 2
35 273
1 5 2
224 282
1 7 2
108 139
1 13 2
34 115
1 11 2
6 122
1 2 2
117 297
1 3 2
93 351
1 9 2
171 183
1 7 2
26 437
1 4 2
366 490
1 5 2
31 433
1 5 2
172 293
1 10 2
196 238
1 9 2
67 210
1 5 2
228 409
1 3 2
15 195
1 14 2
335 426
1 4 2
10 90
1 14 2
18 424
1 15 2
225 327
1 14 2
151 407
1 2 2
333 417
1 10 2
274 459
1 14 2
346 489
1 9 2
50 238
1 9 2
32 250
1 10 2
290 468
1 14 2
96 317
1 2 2
2 390
1 6 2
110 185
1 13 2
290 470
1 15 2
128 326
1 15 2
155 456
1 3 2
21 374
1 6 2
56 262
1 12 2
140 416
1 14 2
98 307
1 10 2
313 388
1 8 2
174 184
1 10 2
146 360
1 9 2
23 228
1 7 2
332 460
1 11 2
322 366
1 4 2
288 383
1 12 2
81 146
1 9 2
237 296
1 3 2
95 204
1 9 2
115 197
1 12 2
353 466
1 8 2
62 155
1 7 2
83 150
1 13 2
267 428
1 9 2
218 486
1 13 2
376 449
1 13 2
79 200
1 13 2
32 450
1 13 2
52 344
1 3 2
194 362
1 6 2
40 282
1 8 2
185 481
1 4 2
282 372
1 8 2
474 483
1 6 2
136 267
1 12 2
241 363
1 11 2
213 359
1 2 2
200 376
1 10 2
96 457
1 11 2
124 238
1 12 2
85 360
1 7 2
377 424
1 14 2
20 304
1 5 2
2 3
1 2 2
259 380
1 8 2
226 336
1 5 2
339 456
1 5 2
52 352
1 3 2
44 86
1 15 2
87 219
1 15 2
80 411
1 3 2
138 293
1 14 2
384 423
1 12 2
212 395
1 14 2
35 493
1 10 2
91 393
1 13 2
131 136
1 14 2
313 419
1 15 2
200 459
1 3 2
135 460
1 5 2
55 376
1 3 2
60 140
1 9 2
84 291
1 8 2
74 433
1 14 2
283 433
1 2 2
221 263
1 7 2
283 382
1 13 2
213 434
1 13 2
1 351
1 6 2
402 409
1 8 2
40 290
1 12 2
108 163
1 7 2
109 372
1 10 2
85 364
1 13 2
225 241
1 15 2
115 235
1 9 2
15 91
1 12 2
244 404
1 10 2
78 265
1 3 2
35 118
1 8 2
14 332
1 8 2
367 442
1 6 2
4 104
1 13 2
125 429
1 6 2
476 480
1 10 2
82 377
1 2 2
367 395
1 8 2
296 325
1 7 2
82 233
1 14 2
164 393
1 6 2
50 329
1 6 2
141 180
1 6 2
29 391
1 4 2
102 104
1 9 2
135 273
1 10 2
117 290
1 8 2
151 474
1 5 2
213 260
1 6 2
76 237
1 14 2
10 104
1 15 2
262 378
1 5 2
192 480
1 14 2
143 417
1 9 2
22 254
1 2 2
143 304
1 4 2
22 136
1 4 2
64 335
1 2 2
187 449
1 4 2
126 162
1 8 2
91 401
1 7 2
297 483
1 8 2
131 218
1 8 2
128 428
1 11 2
134 175
1 14 2
212 335
1 14 2
106 473
1 2 2
272 344
1 3 2
88 148
1 2 2
341 427
1 13 2
378 473
1 5 2
127 145
1 10 2
37 357
1 4 2
31 158
1 3 2
245 421
1 12 2
97 203
1 2 2
253 330
1 4 2
97 459
1 9 2
121 431
1 3 2
235 247
1 11 2
303 310
1 7 2
484 489
1 6 2
55 321
1 15 2
91 255
1 14 2
138 371
1 12 2
43 396
1 7 2
91 424
1 2 2
113 256
1 2 2
102 406
1 2 2
458 484
1 5 2
347 499
1 7 2
0 395
1 13 2
196 357
1 6 2
268 492
1 3 2
74 173
1 10 2
395 458
1 7 2
54 235
1 13 2
214 395
1 15 2
2 71
1 3 2
29 226
1 12 2
45 160
1 9 2
414 419
1 4 2
137 480
1 12 2
95 291
1 7 2
290 291
1 4 2
87 426
1 13 2
214 379
1 15 2
245 409
1 13 2
58 310
1 5 2
48 424
1 4 2
291 363
1 14 2
19 242
1 12 2
31 327
1 12 2
116 488
1 8 2
290 298
1 13 2
206 337
1 5 2
165 195
1 6 2
91 145
1 13 2
99 381
1 9 2
267 326
1 15 2
192 469
1 6 2
171 426
1 11 2
411 452
1 5 2
379 499
1 14 2
44 403
1 7 2
9 92
1 7 2
214 442
1 11 2
88 247
1 2 2
285 488
1 14 2
216 325
1 8 2
6 325
1 14 2
227 304
1 6 2
142 214
1 9 2
227 283
1 7 2
325 456
1 2 2
215 306
1 12 2
5 457
1 9 2
349 418
1 9 2
443 467
1 10 2
77 423
1 3 2
273 488
1 7 2
33 429
1 12 2
25 54
1 4 2
117 203
1 7 2
76 312
1 7 2
39 471
1 6 2
2 212
1 6 2
157 256
1 14 2
53 218
1 9 2
383 384
1 8 2
29 386
1 9 2
322 340
1 6 2
276 372
1 11 2
374 472
1 8 2
151 410
1 3 2
88 276
1 12 2
103 164
1 10 2
272 432
1 4 2
1 424
1 10 2
381 496
1 6 2
120 166
1 11 2
200 445
1 15 2
332 464
1 2 2
29 337
1 3 2
1 361
1 8 2
52 254
1 15 2
204 225
1 15 2
470 483
1 14 2
219 407
1 7 2
132 153
1 9 2
277 436
1 5 2
126 451
1 8 2
6 24
1 9 2
69 166
1 4 2
48 221
1 15 2
253 279
1 12 2
210 499
1 13 2
392 486
1 14 2
82 229
1 6 2
76 150
1 2 2
68 329
1 14 2
116 305
1 3 2
132 329
1 4 2
326 460
1 8 2
326 479
1 7 2
342 435
1 5 2
359 483
1 14 2
149 499
1 6 2
192 416
1 3 2
162 456
1 10 2
202 432
1 3 2
69 139
1 8 2
86 308
1 9 2
103 467
1 4 2
58 454
1 10 2
35 319
1 5 2
154 346
1 8 2
56 195
1 12 2
189 344
1 6 2
108 420
1 14 2
165 367
1 5 2
170 299
1 13 2
324 361
1 15 2
324 468
1 7 2
251 307
1 7 2
61 354
1 14 2
387 474
1 10 2
211 366
1 5 2
154 374
1 2 2
164 335
1 5 2
147 336
1 7 2
115 426
1 10 2
273 433
1 5 2
46 268
1 8 2
301 408
1 5 2
95 125
1 8 2
105 196
1 2 2
79 258
1 8 2
263 280
1 9 2
112 424
1 5 2
91 142
1 7 2
257 392
1 12 2
10 147
1 9 2
436 470
1 2 2
225 358
1 13 2
3 252
1 5 2
145 444
1 12 2
21 194
1 9 2
117 489
1 10 2
24 389
1 13 2
17 58
1 14 2
184 352
1 14 2
138 406
1 6 2
129 310
1 4 2
46 111
1 6 2
153 345
1 7 2
202 494
1 11 2
275 424
1 9 2
192 372
1 6 2
71 330
1 9 2
263 287
1 3 2
300 313
1 13 2
10 64
1 7 2
139 477
1 3 2
142 168
1 3 2
361 433
1 9 2
54 314
1 4 2
2 40
1 4 2
271 485
1 4 2
339 387
1 14 2
99 231
1 7 2
186 458
1 5 2
82 282
1 7 2
22 495
1 2 2
283 442
1 9 2
264 309
1 3 2
418 478
1 10 2
239 475
1 11 2
172 489
1 14 2
247 369
1 8 2
229 453
1 12 2
217 297
1 9 2
174 381
1 3 2
156 341
1 13 2
222 284
1 15 2
229 421
1 12 2
73 76
1 8 2
176 361
1 2 2
64 409
1 2 2
90 393
1 6 2
55 272
1 3 2
243 374
1 12 2
102 277
1 12 2
239 383
1 9 2
359 431
1 10 2
20 365
1 13 2
51 482
1 10 2
187 402
1 7 2
65 242
1 5 2
97 439
1 11 2
39 110
1 12 2
115 200
1 14 2
340 399
1 8 2
83 165
1 12 2
281 384
1 13 2
188 444
1 9 2
325 388
1 15 2
150 193
1 12 2
208 421
1 5 2
345 358
1 8 2
64 106
1 5 2
130 377
1 4 2
245 372
1 7 2
14 141
1 2 2
49 100
1 6 2
16 28
1 12 2
248 288
1 9 2
241 412
1 5 2
127 470
1 5 2
183 491
1 2 2
107 197
1 2 2
129 423
1 10 2
327 399
1 7 2
309 348
1 12 2
98 197
1 7 2
113 402
1 3 2
117 392
1 9 2
158 308
1 10 2
53 342
1 5 2
288 453
1 12 2
4 465
1 15 2
101 450
1 6 2
173 209
1 11 2
47 406
1 4 2
186 414
1 11 2
28 208
1 6 2
113 462
1 15 2
139 297
1 12 2
126 402
1 8 2
87 260
1 7 2
387 409
1 3 2
263 294
1 10 2
7 472
1 9 2
347 374
1 6 2
42 471
1 11 2
421 426
1 3 2
29 152
1 2 2
138 308
1 7 2
136 310
1 11 2
9 266
1 13 2
331 460
1 15 2
470 493
1 2 2
254 351
1 3 2
316 317
1 11 2
173 190
1 3 2
33 495
1 7 2
231 340
1 8 2
142 258
1 11 2
21 82
1 3 2
71 243
1 9 2
4 415
1 3 2
218 276
1 6 2
357 447
1 13 2
109 171
1 13 2
217 279
1 5 2
72 272
1 15 2
216 376
1 5 2
44 174
1 15 2
142 268
1 5 2
251 491
1 11 2
218 381
1 5 2
95 222
1 12 2
34 265
1 7 2
102 457
1 3 2
280 313
1 3 2
251 266
1 6 2
145 339
1 14 2
63 105
1 7 2
400 415
1 2 2
36 319
1 14 2
414 480
1 13 2
186 454
1 6 2
33 229
1 9 2
408 484
1 3 2
35 415
1 3 2
219 386
1 7 2
412 457
1 10 2
87 307
1 12 2
167 245
1 4 2
206 285
1 12 2
196 253
1 9 2
332 430
1 9 2
364 393
1 8 2
200 240
1 12 2
5 314
1 2 2
184 226
1 5 2
86 255
1 9 2
0 295
1 5 2
21 357
1 12 2
61 434
1 3 2
304 388
1 6 2
235 365
1 4 2
225 486
1 10 2
179 458
1 11 2
2 446
1 15 2
243 260
1 12 2
65 225
1 12 2
72 327
1 9 2
147 452
1 8 2
203 494
1 15 2
138 446
1 5 2
2 17
1 3 2
2 181
1 13 2
205 209
1 7 2
9 297
1 13 2
61 381
1 10 2
59 362
1 4 2
114 163
1 9 2
277 412
1 2 2
90 387
1 15 2
15 58
1 9 2
214 474
1 3 2
30 188
1 4 2
72 381
1 8 2
390 460
1 2 2
306 340
1 13 2
47 166
1 10 2
467 490
1 10 2
9 165
1 7 2
363 367
1 8 2
46 436
1 2 2
234 297
1 6 2
290 297
1 5 2
134 378
1 10 2
89 365
1 2 2
114 125
1 3 2
79 132
1 10 2
44 427
1 3 2
54 435
1 9 2
150 471
1 6 2
106 125
1 8 2
15 345
1 8 2
227 315
1 2 2
379 443
1 7 2
414 456
1 4 2
44 220
1 9 2
334 458
1 6 2
83 339
1 8 2
97 430
1 15 2
71 445
1 2 2
210 258
1 11 2
69 177
1 6 2
125 336
1 11 2
59 430
1 4 2
151 334
1 11 2
87 411
1 9 2
18 402
1 7 2
37 100
1 5 2
49 198
1 12 2
365 469
1 11 2
37 460
1 3 2
220 347
1 9 2
42 402
1 12 2
43 326
1 3 2
11 309
1 9 2
237 472
1 6 2
234 407
1 4 2
81 381
1 4 2
203 379
1 15 2
77 467
1 13 2
79 151
1 3 2
58 426
1 5 2
39 142
1 11 2
54 407
1 8 2
149 312
1 11 2
271 348
1 9 2
30 66
1 15 2
403 439
1 10 2
427 449
1 10 2
209 454
1 6 2
23 295
1 12 2
152 285
1 6 2
227 418
1 7 2
122 280
1 7 2
234 238
1 9 2
140 380
1 3 2
125 335
1 10 2
211 473
1 9 2
283 399
1 9 2
190 380
1 12 2
151 469
1 15 2
189 286
1 5 2
127 402
1 8 2
182 330
1 6 2
11 264
1 13 2
6 173
1 6 2
258 304
1 10 2
135 451
1 7 2
152 199
1 14 2
214 397
1 10 2
87 374
1 11 2
455 479
1 3 2
133 259
1 13 2
345 348
1 3 2
160 223
1 3 2
19 476
1 8 2
165 365
1 14 2
84 265
1 7 2
70 253
1 9 2
80 314
1 5 2
46 184
1 9 2
183 414
1 10 2
215 486
1 15 2
48 295
1 8 2
217 454
1 12 2
93 306
1 8 2
116 404
1 12 2
193 208
1 5 2
53 160
1 10 2
118 391
1 6 2
107 118
1 3 2
69 489
1 13 2
169 404
1 7 2
204 357
1 7 2
282 475
1 3 2
320 412
1 13 2
15 240
1 10 2
139 228
1 7 2
2 279
1 6 2
49 324
1 7 2
379 419
1 11 2
24 236
1 14 2
170 235
1 9 2
65 470
1 11 2
315 421
1 5 2
182 446
1 2 2
169 186
1 12 2
228 239
1 9 2
33 323
1 12 2
164 223
1 8 2
144 347
1 10 2
213 319
1 9 2
113 281
1 5 2
16 288
1 12 2
66 193
1 10 2
256 433
1 15 2
110 229
1 5 2
178 191
1 6 2
126 335
1 11 2
245 290
1 14 2
113 440
1 12 2
143 406
1 9 2
192 400
1 3 2
12 492
1 12 2
230 262
1 4 2
181 194
1 7 2
145 243
1 12 2
230 338
1 14 2
31 490
1 14 2
105 333
1 11 2
48 163
1 12 2
388 395
1 12 2
371 453
1 11 2
23 233
1 2 2
176 199
1 2 2
204 239
1 11 2
96 414
1 12 2
182 395
1 7 2
8 263
1 5 2
271 424
1 12 2
156 408
1 11 2
188 323
1 8 2
192 291
1 4 2
231 459
1 8 2
343 458
1 5 2
11 442
1 13 2
127 411
1 9 2
52 216
1 14 2
119 181
1 2 2
20 106
1 6 2
137 350
1 15 2
9 440
1 11 2
100 374
1 2 2
130 204
1 7 2
18 370
1 11 2
88 444
1 4 2
455 499
1 9 2
87 138
1 13 2
129 137
1 5 2
339 369
1 3 2
209 242
1 7 2
201 244
1 10 2
17 138
1 15 2
388 403
1 14 2
83 305
1 12 2
196 369
1 12 2
129 325
1 5 2
148 337
1 7 2
75 206
1 6 2
223 294
1 2 2
301 404
1 4 2
47 407
1 5 2
103 196
1 11 2
106 285
1 6 2
180 391
1 5 2
228 432
1 11 2
315 328
1 15 2
5 240
1 2 2
15 323
1 7 2
311 477
1 10 2
326 468
1 7 2
299 357
1 12 2
288 487
1 15 2
185 370
1 14 2
352 452
1 6 2
42 212
1 2 2
113 160
1 13 2
32 121
1 13 2
102 231
1 9 2
126 171
1 9 2
213 297
1 14 2
371 393
1 9 2
388 498
1 11 2
302 374
1 10 2
25 321
1 10 2
411 413
1 5 2
158 175
1 7 2
68 227
1 11 2
83 419
1 15 2
183 316
1 13 2
63 304
1 11 2
149 253
1 7 2
308 427
1 5 2
142 305
1 9 2
4 178
1 12 2
231 464
1 6 2
32 57
1 9 2
201 263
1 10 2
370 462
1 15 2
192 441
1 13 2
49 406
1 9 2
94 314
1 11 2
106 302
1 11 2
97 386
1 8 2
157 371
1 3 2
198 232
1 8 2
235 402
1 5 2
41 473
1 2 2
215 241
1 2 2
194 384
1 14 2
252 430
1 7 2
264 374
1 12 2
22 436
1 10 2
93 403
1 7 2
177 457
1 15 2
87 375
1 6 2
54 163
1 2 2
87 191
1 13 2
39 321
1 6 2
67 301
1 13 2
234 275
1 10 2
61 284
1 4 2
15 141
1 3 2
275 340
1 12 2
191 395
1 11 2
97 463
1 9 2
220 289
1 13 2
110 433
1 8 2
201 305
1 9 2
199 483
1 12 2
58 401
1 14 2
110 323
1 9 2
23 88
1 14 2
213 417
1 10 2
137 143
1 13 2
124 428
1 7 2
355 378
1 2 2
276 495
1 10 2
301 369
1 6 2
128 398
1 12 2
235 295
1 8 2
191 346
1 13 2
233 412
1 13 2
291 334
1 13 2
350 491
1 9 2
425 455
1 15 2
17 25
1 6 2
336 473
1 12 2
292 318
1 15 2
32 56
1 11 2
140 450
1 10 2
89 286
1 15 2
138 148
1 8 2
77 124
1 7 2
231 266
1 14 2
98 483
1 15 2
45 467
1 6 2
189 459
1 3 2
269 498
1 13 2
58 300
1 15 2
147 235
1 11 2
340 370
1 14 2
76 222
1 15 2
92 295
1 9 2
95 396
1 12 2
174 347
1 10 2
407 426
1 8 2
256 346
1 15 2
47 459
1 5 2
177 468
1 15 2
67 200
1 4 2
171 495
1 12 2
255 357
1 9 2
161 187
1 14 2
156 466
1 7 2
34 360
1 8 2
135 263
1 10 2
315 321
1 15 2
223 225
1 6 2
118 350
1 4 2
166 344
1 13 2
340 425
1 3 2
191 363
1 9 2
210 454
1 5 2
23 85
1 8 2
43 340
1 5 2
174 260
1 6 2
62 493
1 14 2
6 69
1 12 2
127 180
1 15 2
130 256
1 5 2
356 373
1 3 2
302 461
1 3 2
103 495
1 15 2
177 250
1 5 2
50 147
1 3 2
129 331
1 5 2
161 391
1 5 2
282 386
1 11 2
383 459
1 2 2
200 433
1 11 2
212 388
1 3 2
16 45
1 7 2
77 183
1 10 2
255 343
1 2 2
65 128
1 14 2
1 90
1 2 2
23 54
1 10 2
94 441
1 6 2
364 495
1 4 2
107 293
1 8 2
31 179
1 6 2
247 371
1 6 2
10 196
1 10 2
263 328
1 9 2
179 315
1 3 2
61 171
1 10 2
69 164
1 3 2
36 349
1 12 2
272 388
1 9 2
123 298
1 5 2
407 424
1 7 2
263 448
1 10 2
304 472
1 10 2
96 250
1 4 2
54 291
1 15 2
230 405
1 12 2
219 289
1 14 2
161 176
1 11 2
255 294
1 13 2
21 461
1 3 2
109 252
1 4 2
219 431
1 11 2
171 290
1 9 2
171 366
1 11 2
210 424
1 10 2
4 458
1 12 2
10 420
1 7 2
180 423
1 10 2
24 83
1 3 2
125 489
1 11 2
146 447
1 12 2
338 489
1 5 2
233 256
1 13 2
246 440
1 6 2
68 375
1 12 2
94 443
1 9 2
259 312
1 14 2
249 412
1 3 2
54 487
1 4 2
129 490
1 11 2
400 450
1 13 2
118 469
1 14 2
249 379
1 8 2
302 407
1 11 2
477 489
1 13 2
257 353
1 9 2
37 192
1 11 2
122 438
1 8 2
258 302
1 6 2
318 478
1 3 2
134 471
1 11 2
9 443
1 9 2
65 380
1 10 2
217 432
1 3 2
106 171
1 10 2
135 232
1 6 2
16 80
1 11 2
181 468
1 8 2
244 381
1 8 2
29 266
1 5 2
137 410
1 5 2
12 495
1 6 2
187 436
1 4 2
177 365
1 12 2
36 427
1 6 2
176 476
1 7 2
284 378
1 3 2
346 358
1 14 2
178 317
1 4 2
37 40
1 4 2
278 279
1 2 2
158 363
1 6 2
270 340
1 2 2
204 339
1 6 2
279 292
1 8 2
97 352
1 7 2
243 496
1 15 2
115 220
1 5 2
140 216
1 7 2
169 413
1 8 2
61 192
1 10 2
113 311
1 6 2
3 373
1 10 2
80 448
1 14 2
37 264
1 4 2
222 251
1 15 2
173 432
1 8 2
93 124
1 2 2
140 372
1 12 2
224 230
1 5 2
4 478
1 12 2
289 416
1 14 2
72 334
1 2 2
83 214
1 12 2
31 93
1 11 2
44 402
1 5 2
164 290
1 9 2
119 440
1 6 2
158 171
1 12 2
41 269
1 8 2
147 456
1 2 2
165 355
1 5 2
112 182
1 11 2
215 221
1 8 2
210 490
1 12 2
186 460
1 6 2
136 330
1 2 2
48 75
1 7 2
0 343
1 8 2
278 476
1 12 2
72 374
1 14 2
36 441
1 12 2
206 369
1 12 2
77 125
1 8 2
34 168
1 7 2
19 28
1 5 2
67 350
1 15 2
239 425
1 8 2
40 63
1 6 2
105 264
1 7 2
471 497
1 14 2
155 310
1 7 2
223 452
1 10 2
329 420
1 11 2
125 332
1 13 2
189 397
1 11 2
233 423
1 8 2
49 249
1 14 2
203 219
1 7 2
193 323
1 9 2
393 480
1 8 2
233 461
1 14 2
26 138
1 10 2
9 407
1 5 2
157 480
1 2 2
174 196
1 12 2
278 432
1 13 2
65 123
1 7 2
211 493
1 10 2
32 233
1 12 2
156 342
1 9 2
261 290
1 13 2
138 365
1 7 2
92 443
1 8 2
114 279
1 2 2
381 466
1 9 2
392 470
1 6 2
265 354
1 6 2
39 447
1 6 2
314 430
1 4 2
255 302
1 3 2
0 205
1 11 2
119 462
1 11 2
443 483
1 12 2
113 157
1 7 2
215 474
1 6 2
139 357
1 12 2
96 115
1 3 2
322 345
1 8 2
375 494
1 9 2
163 226
1 14 2
86 295
1 14 2
427 471
1 14 2
48 362
1 6 2
197 372
1 15 2
8 353
1 7 2
13 249
1 9 2
377 385
1 12 2
47 75
1 2 2
46 489
1 2 2
68 443
1 8 2
187 376
1 6 2
275 489
1 4 2
65 215
1 15 2
183 499
1 14 2
284 460
1 15 2
63 129
1 6 2
92 104
1 7 2
23 463
1 4 2
55 472
1 12 2
275 371
1 11 2
16 360
1 13 2
290 344
1 2 2
27 356
1 2 2
76 368
1 9 2
237 397
1 10 2
11 377
1 15 2
63 296
1 12 2
97 345
1 2 2
228 412
1 3 2
64 138
1 3 2
120 188
1 7 2
82 256
1 10 2
257 330
1 12 2
178 394
1 2 2
76 490
1 6 2
60 144
1 5 2
30 441
1 15 2
201 481
1 6 2
68 490
1 11 2
195 441
1 9 2
90 256
1 2 2
178 230
1 10 2
287 494
1 5 2
260 276
1 11 2
183 392
1 12 2
185 457
1 3 2
82 482
1 6 2
49 433
1 3 2
224 322
1 7 2
196 204
1 14 2
226 292
1 11 2
473 483
1 13 2
110 118
1 11 2
102 481
1 5 2
265 467
1 15 2
55 290
1 9 2
22 344
1 12 2
55 289
1 13 2
453 476
1 10 2
337 425
1 11 2
74 130
1 15 2
51 100
1 10 2
330 390
1 9 2
58 262
1 6 2
452 493
1 13 2
111 380
1 4 2
281 409
1 15 2
119 415
1 9 2
153 287
1 14 2
398 496
1 11 2
277 383
1 13 2
98 298
1 11 2
122 432
1 10 2
180 448
1 2 2
401 479
1 4 2
293 437
1 14 2
453 459
1 10 2
188 431
1 15 2
223 442
1 14 2
180 470
1 6 2
388 489
1 14 2
60 335
1 12 2
162 468
1 7 2
408 456
1 7 2
74 447
1 14 2
415 484
1 14 2
96 398
1 9 2
204 361
1 10 2
184 383
1 14 2
294 333
1 6 2
122 145
1 6 2
207 275
1 3 2
146 498
1 11 2
100 138
1 3 2
84 342
1 11 2
177 440
1 10 2
236 338
1 7 2
305 381
1 2 2
106 412
1 6 2
242 350
1 15 2
25 29
1 3 2
261 491
1 9 2
38 188
1 13 2
26 399
1 15 2
82 99
1 2 2
78 391
1 14 2
475 487
1 3 2
431 456
1 2 2
245 387
1 6 2
316 418
1 3 2
305 336
1 6 2
222 404
1 11 2
44 354
1 15 2
352 360
1 12 2
26 76
1 10 2
104 203
1 5 2
87 302
1 2 2
280 292
1 9 2
88 152
1 10 2
179 483
1 5 2
43 255
1 11 2
90 139
1 5 2
128 319
1 15 2
160 346
1 2 2
144 379
1 15 2
63 193
1 13 2
256 462
1 7 2
277 356
1 10 2
39 364
1 8 2
207 384
1 3 2
307 490
1 10 2
269 339
1 12 2
43 405
1 2 2
257 261
1 7 2
112 265
1 12 2
48 69
1 3 2
169 199
1 2 2
335 450
1 10 2
222 327
1 9 2
44 467
1 3 2
340 392
1 4 2
2 387
1 14 2
27 451
1 11 2
114 225
1 5 2
170 394
1 15 2
119 198
1 9 2
392 434
1 12 2
31 166
1 15 2
65 329
1 10 2
34 62
1 15 2
163 472
1 6 2
64 386
1 6 2
145 338
1 10 2
237 262
1 15 2
100 133
1 9 2
4 319
1 3 2
50 286
1 4 2
68 241
1 9 2
280 416
1 4 2
18 443
1 5 2
211 411
1 2 2
131 196
1 3 2
109 357
1 6 2
17 432
1 11 2
30 364
1 13 2
61 350
1 2 2
20 59
1 5 2
93 210
1 13 2
98 300
1 14 2
179 296
1 8 2
200 242
1 3 2
39 236
1 13 2
7 485
1 15 2
299 425
1 4 2
332 487
1 4 2
202 292
1 7 2
26 354
1 2 2
182 464
1 10 2
231 277
1 4 2
97 315
1 15 2
88 138
1 14 2
183 234
1 13 2
76 278
1 2 2
191 468
1 7 2
185 232
1 9 2
238 378
1 14 2
217 442
1 5 2
49 471
1 8 2
72 143
1 7 2
103 155
1 2 2
268 309
1 2 2
203 466
1 5 2
278 313
1 13 2
50 143
1 12 2
0 193
1 11 2
31 365
1 7 2
482 484
1 11 2
141 396
1 2 2
190 225
1 7 2
292 421
1 12 2
95 399
1 2 2
93 378
1 15 2
11 468
1 7 2
66 160
1 13 2
38 275
1 10 2
43 372
1 2 2
129 289
1 8 2
90 103
1 6 2
261 336
1 4 2
24 172
1 7 2
70 456
1 9 2
60 219
1 9 2
347 423
1 2 2
472 490
1 9 2
90 292
1 10 2
14 96
1 13 2
113 345
1 3 2
66 67
1 15 2
14 384
1 4 2
190 441
1 6 2
151 164
1 2 2
108 398
1 6 2
83 390
1 11 2
153 436
1 13 2
238 328
1 15 2
50 237
1 10 2
275 443
1 10 2
307 480
1 7 2
278 348
1 6 2
402 447
1 8 2
101 273
1 13 2
214 309
1 6 2
257 357
1 12 2
136 224
1 2 2
301 320
1 13 2
235 404
1 2 2
256 348
1 12 2
224 236
1 6 2
164 283
1 13 2
40 252
1 3 2
83 226
1 2 2
287 467
1 13 2
6 382
1 3 2
168 225
1 10 2
276 344
1 8 2
124 194
1 2 2
121 252
1 15 2
148 366
1 11 2
31 485
1 6 2
115 374
1 12 2
92 235
1 9 2
251 290
1 12 2
386 495
1 13 2
115 251
1 10 2
224 419
1 15 2
82 287
1 14 2
98 431
1 14 2
63 251
1 11 2
97 191
1 14 2
81 107
1 5 2
216 304
1 4 2
79 346
1 12 2
205 342
1 14 2
18 404
1 2 2
90 207
1 3 2
27 498
1 3 2
104 451
1 7 2
256 447
1 4 2
396 408
1 9 2
117 416
1 7 2
216 470
1 11 2
23 308
1 2 2
107 376
1 11 2
88 406
1 9 2
344 466
1 6 2
187 439
1 9 2
94 152
1 8 2
122 431
1 5 2
76 423
1 7 2
21 256
1 14 2
29 450
1 7 2
57 163
1 12 2
28 496
1 15 2
212 360
1 14 2
191 207
1 6 2
235 457
1 13 2
395 453
1 15 2
68 269
1 12 2
256 494
1 12 2
167 251
1 13 2
129 374
1 8 2
97 359
1 5 2
45 294
1 7 2
67 136
1 14 2
219 388
1 3 2
82 448
1 4 2
25 356
1 15 2
217 351
1 15 2
143 448
1 13 2
1 110
1 11 2
70 345
1 3 2
260 419
1 12 2
366 418
1 7 2
353 405
1 6 2
92 262
1 9 2
147 239
1 14 2
303 306
1 14 2
28 185
1 6 2
143 323
1 15 2
185 234
1 5 2
222 395
1 7 2
369 479
1 5 2
33 316
1 9 2
250 295
1 6 2
18 366
1 14 2
357 416
1 13 2
230 383
1 2 2
211 267
1 5 2
189 370
1 3 2
272 329
1 11 2
141 477
1 7 2
399 461
1 13 2
35 486
1 11 2
39 273
1 6 2
37 262
1 15 2
204 312
1 6 2
58 106
1 5 2
148 490
1 6 2
324 413
1 8 2
244 306
1 3 2
134 415
1 4 2
2 243
1 4 2
63 379
1 4 2
84 344
1 7 2
410 418
1 11 2
147 424
1 9 2
53 62
1 11 2
94 373
1 6 2
69 364
1 9 2
332 371
1 12 2
252 350
1 8 2
180 225
1 8 2
349 358
1 13 2
280 405
1 15 2
51 346
1 11 2
79 207
1 6 2
370 475
1 14 2
62 240
1 5 2
244 439
1 10 2
46 486
1 6 2
266 284
1 2 2
263 330
1 3 2
45 221
1 13 2
10 127
1 4 2
180 398
1 15 2
26 348
1 14 2
418 445
1 14 2
1 73
1 12 2
332 444
1 13 2
22 408
1 3 2
204 244
1 13 2
117 247
1 8 2
55 426
1 8 2
80 342
1 6 2
19 414
1 3 2
14 175
1 15 2
101 245
1 3 2
415 448
1 11 2
315 412
1 12 2
177 191
1 2 2
154 376
1 10 2
2 99
1 15 2
338 427
1 5 2
183 399
1 2 2
174 444
1 3 2
97 247
1 2 2
57 401
1 5 2
354 443
1 13 2
103 121
1 3 2
13 444
1 3 2
64 126
1 9 2
347 383
1 11 2
49 483
1 4 2
283 360
1 10 2
74 109
1 5 2
114 238
1 13 2
16 255
1 3 2
97 104
1 3 2
4 441
1 4 2
257 313
1 11 2
30 48
1 8 2
388 455
1 8 2
113 266
1 7 2
72 262
1 13 2
141 433
1 11 2
76 379
1 5 2
73 207
1 10 2
311 436
1 3 2
11 295
1 8 2
167 191
1 11 2
91 434
1 8 2
103 476
1 8 2
165 384
1 5 2
29 485
1 10 2
229 380
1 9 2
353 365
1 4 2
122 246
1 2 2
4 402
1 8 2
136 424
1 5 2
98 424
1 6 2
225 261
1 11 2
440 465
1 3 2
238 254
1 11 2
17 309
1 4 2
222 260
1 4 2
372 494
1 9 2
48 214
1 10 2
141 404
1 12 2
141 352
1 12 2
259 372
1 6 2
164 166
1 12 2
175 181
1 4 2
87 462
1 9 2
101 140
1 3 2
88 443
1 14 2
151 353
1 5 2
194 422
1 9 2
199 321
1 3 2
44 436
1 8 2
212 281
1 13 2
91 343
1 12 2
138 415
1 4 2
252 454
1 13 2
267 499
1 12 2
155 213
1 4 2
0 161
1 6 2
265 401
1 13 2
248 315
1 3 2
57 174
1 10 2
123 361
1 6 2
112 464
1 3 2
26 442
1 8 2
167 250
1 13 2
331 358
1 6 2
196 409
1 14 2
24 252
1 7 2
19 339
1 3 2
169 397
1 8 2
100 407
1 11 2
361 375
1 11 2
247 288
1 5 2
211 486
1 9 2
401 466
1 7 2
279 423
1 3 2
173 285
1 13 2
43 288
1 14 2
6 233
1 4 2
264 355
1 4 2
2 120
1 13 2
83 444
1 2 2
39 436
1 7 2
139 188
1 7 2
35 87
1 9 2
124 228
1 4 2
351 360
1 5 2
215 370
1 6 2
129 371
1 3 2
7 70
1 5 2
302 490
1 8 2
209 486
1 3 2
197 462
1 7 2
115 461
1 5 2
300 409
1 10 2
324 398
1 13 2
74 296
1 12 2
66 271
1 3 2
381 464
1 9 2
2 280
1 10 2
37 205
1 11 2
32 325
1 13 2
272 305
1 2 2
299 346
1 12 2
246 283
1 8 2
203 280
1 5 2
198 475
1 13 2
17 269
1 12 2
118 209
1 6 2
207 458
1 9 2
147 160
1 5 2
140 459
1 13 2
61 239
1 9 2
36 370
1 14 2
19 349
1 12 2
113 452
1 3 2
198 364
1 12 2
192 339
1 4 2
62 312
1 10 2
19 103
1 5 2
144 443
1 14 2
85 216
1 8 2
85 433
1 13 2
314 498
1 11 2
184 394
1 13 2
88 163
1 12 2
164 411
1 9 2
297 459
1 4 2
74 257
1 13 2
17 52
1 7 2
239 349
1 10 2
53 257
1 2 2
284 402
1 11 2
134 395
1 9 2
15 434
1 11 2
267 420
1 15 2
162 174
1 13 2
149 221
1 11 2
92 406
1 9 2
98 384
1 6 2
81 207
1 2 2
100 104
1 6 2
73 198
1 15 2
236 355
1 2 2
73 169
1 3 2
127 144
1 2 2
44 246
1 2 2
184 271
1 7 2
100 159
1 6 2
241 364
1 9 2
194 464
1 8 2
316 335
1 14 2
369 440
1 8 2
36 242
1 12 2
5 209
1 4 2
314 391
1 4 2
117 211
1 12 2
9 238
1 4 2
253 394
1 7 2
112 326
1 12 2
177 437
1 9 2
161 420
1 6 2
66 275
1 3 2
122 300
1 15 2
1 124
1 12 2
294 402
1 3 2
50 127
1 14 2
124 176
1 14 2
213 216
1 9 2
266 401
1 2 2
447 456
1 12 2
338 386
1 4 2
426 491
1 15 2
98 131
1 5 2
170 456
1 2 2
54 249
1 6 2
151 384
1 5 2
313 339
1 15 2
41 168
1 7 2
174 399
1 9 2
178 498
1 8 2
300 439
1 11 2
4 211
1 13 2
213 228
1 8 2
318 384
1 8 2
38 136
1 11 2
63 345
1 12 2
125 174
1 5 2
290 321
1 15 2
91 398
1 6 2
63 92
1 12 2
23 378
1 15 2
138 358
1 13 2
334 466
1 12 2
109 114
1 10 2
231 414
1 7 2
52 290
1 5 2
305 386
1 12 2
284 427
1 14 2
224 249
1 8 2
280 373
1 7 2
104 416
1 12 2
47 142
1 13 2
342 422
1 5 2
13 117
1 5 2
15 269
1 11 2
70 257
1 14 2
99 334
1 15 2
368 413
1 4 2
103 333
1 14 2
143 256
1 7 2
236 279
1 2 2
207 244
1 10 2
72 122
1 13 2
139 246
1 9 2
220 375
1 13 2
51 437
1 11 2
32 102
1 13 2
326 415
1 6 2
75 335
1 15 2
165 304
1 10 2
414 427
1 7 2
53 276
1 7 2
25 473
1 8 2
110 411
1 5 2
188 496
1 15 2
281 453
1 7 2
153 446
1 10 2
252 467
1 12 2
5 459
1 12 2
86 272
1 4 2
92 163
1 8 2
106 219
1 14 2
165 485
1 2 2
34 119
1 14 2
280 349
1 6 2
281 425
1 5 2
59 397
1 8 2
46 94
1 2 2
59 438
1 5 2
51 324
1 5 2
31 496
1 5 2
235 475
1 9 2
339 491
1 6 2
98 407
1 8 2
269 281
1 12 2
12 258
1 13 2
430 450
1 13 2
477 479
1 15 2
81 164
1 15 2
102 410
1 12 2
74 490
1 11 2
112 163
1 10 2
72 448
1 7 2
29 207
1 14 2
146 222
1 8 2
274 352
1 8 2
86 136
1 5 2
108 167
1 5 2
320 359
1 7 2
66 423
1 9 2
2 137
1 9 2
105 192
1 11 2
457 496
1 5 2
148 320
1 6 2
236 329
1 6 2
257 428
1 14 2
300 464
1 10 2
160 216
1 10 2
405 416
1 13 2
21 287
1 9 2
135 196
1 13 2
231 416
1 2 2
96 293
1 14 2
70 147
1 3 2
85 169
1 7 2
94 201
1 12 2
366 411
1 3 2
316 363
1 3 2
307 463
1 8 2
192 328
1 7 2
202 217
1 12 2
63 297
1 9 2
394 463
1 15 2
166 464
1 2 2
123 401
1 4 2
181 347
1 11 2
27 82
1 4 2
147 390
1 14 2
25 439
1 3 2
319 382
1 6 2
205 494
1 4 2
439 463
1 15 2
127 334
1 6 2
107 447
1 11 2
129 429
1 11 2
248 498
1 14 2
209 259
1 14 2
42 435
1 3 2
102 266
1 10 2
176 317
1 15 2
283 455
1 8 2
142 234
1 9 2
97 393
1 13 2
140 328
1 7 2
259 379
1 15 2
202 426
1 2 2
113 491
1 4 2
168 330
1 7 2
122 499
1 8 2
15 334
1 10 2
246 477
1 14 2
157 218
1 6 2
137 345
1 9 2
66 337
1 8 2
86 425
1 6 2
299 318
1 11 2
300 319
1 6 2
261 414
1 13 2
223 238
1 11 2
134 199
1 7 2
93 169
1 7 2
366 475
1 11 2
84 286
1 14 2
60 223
1 4 2
272 483
1 6 2
171 404
1 11 2
71 141
1 13 2
396 482
1 11 2
172 347
1 13 2
47 149
1 9 2
273 443
1 8 2
6 107
1 6 2
151 487
1 6 2
347 405
1 8 2
34 147
1 3 2
86 394
1 15 2
355 377
1 11 2
22 357
1 6 2
38 153
1 14 2
154 184
1 7 2
142 470
1 7 2
176 311
1 11 2
389 492
1 14 2
290 498
1 2 2
77 229
1 13 2
196 228
1 5 2
38 50
1 10 2
438 498
1 2 2
7 258
1 13 2
126 200
1 7 2
375 424
1 8 2
163 475
1 13 2
265 386
1 2 2
201 257
1 6 2
60 156
1 8 2
333 498
1 11 2
156 244
1 9 2
24 28
1 9 2
324 451
1 9 2
82 142
1 7 2
60 247
1 5 2
270 388
1 5 2
21 214
1 10 2
268 374
1 8 2
65 363
1 9 2
107 496
1 6 2
378 446
1 13 2
39 433
1 10 2
139 171
1 10 2
8 299
1 12 2
41 327
1 15 2
96 189
1 2 2
130 281
1 15 2
195 288
1 11 2
179 412
1 6 2
14 382
1 5 2
52 452
1 7 2
266 455
1 11 2
303 486
1 4 2
416 438
1 12 2
67 492
1 13 2
15 266
1 12 2
244 365
1 2 2
164 436
1 9 2
73 334
1 7 2
406 419
1 15 2
12 398
1 14 2
218 309
1 13 2
374 463
1 11 2
34 418
1 6 2
84 495
1 15 2
294 430
1 9 2
368 461
1 3 2
181 420
1 2 2
120 463
1 3 2
86 310
1 6 2
121 400
1 10 2
260 328
1 15 2
354 465
1 6 2
415 436
1 11 2
141 331
1 7 2
309 468
1 2 2
162 492
1 9 2
11 413
1 4 2
25 271
1 14 2
407 438
1 14 2
62 122
1 5 2
398 429
1 4 2
174 217
1 4 2
21 446
1 6 2
312 454
1 6 2
1 311
1 7 2
249 361
1 4 2
49 244
1 4 2
160 370
1 9 2
249 319
1 4 2
108 482
1 6 2
192 286
1 14 2
231 359
1 13 2
28 160
1 14 2
486 487
1 5 2
180 408
1 8 2
192 414
1 3 2
37 483
1 4 2
193 377
1 7 2
126 498
1 8 2
83 298
1 9 2
170 297
1 3 2
348 448
1 6 2
322 353
1 9 2
125 418
1 6 2
301 371
1 11 2
223 321
1 6 2
183 290
1 9 2
241 357
1 7 2
52 269
1 13 2
227 424
1 9 2
12 274
1 9 2
59 218
1 10 2
316 471
1 10 2
187 366
1 14 2
162 359
1 15 2
92 480
1 15 2
352 386
1 10 2
129 409
1 2 2
222 466
1 12 2
20 410
1 2 2
141 167
1 12 2
116 276
1 14 2
140 247
1 11 2
152 168
1 8 2
18 325
1 9 2
105 177
1 13 2
226 303
1 4 2
371 458
1 14 2
177 313
1 10 2
402 436
1 3 2
165 412
1 5 2
417 437
1 12 2
302 361
1 5 2
233 351
1 12 2
202 222
1 9 2
88 476
1 5 2
213 224
1 5 2
311 339
1 3 2
126 342
1 11 2
73 377
1 4 2
79 247
1 10 2
170 315
1 2 2
164 327
1 12 2
139 212
1 13 2
378 442
1 2 2
0 98
1 10 2
212 227
1 6 2
339 458
1 7 2
183 360
1 15 2
9 451
1 10 2
216 418
1 10 2
15 244
1 9 2
326 429
1 9 2
107 272
1 2 2
31 319
1 4 2
315 353
1 14 2
140 406
1 12 2
259 267
1 9 2
155 194
1 8 2
57 223
1 4 2
109 259
1 9 2
66 466
1 15 2
202 365
1 5 2
439 456
1 5 2
256 329
1 11 2
114 369
1 14 2
79 133
1 9 2
62 153
1 13 2
45 121
1 4 2
50 134
1 9 2
435 454
1 13 2
370 488
1 8 2
20 310
1 14 2
172 226
1 5 2
151 491
1 14 2
145 232
1 10 2
87 326
1 9 2
205 322
1 9 2
7 24
1 15 2
25 413
1 8 2
44 464
1 11 2
157 205
1 12 2
151 315
1 14 2
121 414
1 2 2
116 266
1 8 2
106 312
1 7 2
314 318
1 10 2
234 376
1 13 2
28 64
1 7 2
269 374
1 2 2
380 480
1 3 2
109 162
1 13 2
410 496
1 5 2
51 347
1 13 2
91 112
1 5 2
99 275
1 10 2
116 400
1 4 2
119 385
1 15 2
98 306
1 7 2
383 400
1 13 2
220 495
1 4 2
264 436
1 4 2
6 398
1 13 2
109 190
1 10 2
276 304
1 14 2
18 40
1 4 2
3 464
1 15 2
302 452
1 15 2
273 304
1 11 2
323 482
1 3 2
179 410
1 12 2
197 241
1 2 2
4 161
1 14 2
78 172
1 10 2
21 129
1 3 2
10 402
1 5 2
99 460
1 3 2
102 216
1 13 2
191 456
1 7 2
308 321
1 9 2
400 485
1 8 2
247 276
1 7 2
165 228
1 2 2
263 426
1 3 2
140 298
1 12 2
110 239
1 15 2
227 448
1 14 2
41 68
1 5 2
124 355
1 14 2
89 239
1 4 2
10 21
1 10 2
237 242
1 8 2
116 443
1 5 2
295 362
1 8 2
145 285
1 15 2
121 464
1 4 2
207 298
1 15 2
364 450
1 11 2
111 362
1 5 2
13 35
1 11 2
412 484
1 7 2
247 408
1 5 2
323 420
1 6 2
290 339
1 5 2
219 258
1 7 2
2 79
1 12 2
371 474
1 13 2
213 432
1 8 2
21 470
1 6 2
154 313
1 5 2
88 396
1 10 2
310 480
1 14 2
54 476
1 8 2
192 354
1 9 2
66 174
1 15 2
214 281
1 5 2
365 432
1 13 2
117 257
1 11 2
272 444
1 3 2
18 195
1 7 2
118 227
1 13 2
369 377
1 3 2
227 320
1 5 2
158 478
1 13 2
111 127
1 3 2
47 306
1 11 2
91 162
1 8 2
123 140
1 12 2
209 429
1 11 2
124 142
1 3 2
147 429
1 7 2
119 488
1 10 2
33 396
1 8 2
16 283
1 15 2
51 350
1 11 2
93 152
1 12 2
292 395
1 2 2
140 246
1 6 2
169 476
1 14 2
269 338
1 4 2
33 410
1 6 2
23 435
1 13 2
303 444
1 15 2
79 236
1 14 2
214 258
1 11 2
8 331
1 15 2
128 388
1 9 2
81 187
1 8 2
260 414
1 10 2
100 327
1 4 2
130 293
1 4 2
195 382
1 8 2
49 167
1 12 2
208 404
1 12 2
336 496
1 6 2
20 73
1 10 2
103 130
1 13 2
99 128
1 15 2
38 370
1 12 2
15 82
1 15 2
142 363
1 8 2
218 396
1 5 2
184 495
1 14 2
10 349
1 3 2
124 261
1 7 2
473 474
1 10 2
68 397
1 12 2
60 185
1 15 2
164 213
1 8 2
381 401
1 11 2
61 268
1 4 2
27 72
1 8 2
271 306
1 14 2
229 327
1 10 2
48 245
1 10 2
235 363
1 15 2
77 387
1 12 2
158 192
1 7 2
177 327
1 7 2
220 404
1 11 2
138 324
1 10 2
114 482
1 10 2
255 293
1 15 2
241 247
1 11 2
193 477
1 15 2
34 114
1 14 2
101 188
1 12 2
408 466
1 2 2
135 366
1 11 2
83 186
1 5 2
287 308
1 8 2
229 461
1 14 2
23 39
1 9 2
103 319
1 4 2
101 129
1 2 2
96 395
1 4 2
140 263
1 9 2
42 87
1 10 2
32 346
1 7 2
352 489
1 3 2
185 492
1 13 2
24 352
1 9 2
27 182
1 11 2
10 178
1 10 2
207 464
1 9 2
68 318
1 14 2
146 319
1 4 2
240 402
1 4 2
174 235
1 2 2
190 262
1 9 2
233 484
1 12 2
36 259
1 3 2
393 452
1 4 2
86 279
1 9 2
113 368
1 13 2
43 144
1 5 2
365 393
1 14 2
201 313
1 14 2
132 268
1 7 2
246 464
1 11 2
231 451
1 7 2
367 444
1 10 2
155 380
1 5 2
122 136
1 14 2
224 227
1 9 2
164 281
1 11 2
208 263
1 7 2
115 363
1 2 2
434 450
1 14 2
185 465
1 14 2
278 281
1 14 2
290 388
1 13 2
124 128
1 10 2
235 262
1 5 2
224 492
1 7 2
26 41
1 13 2
345 375
1 10 2
158 208
1 11 2
257 388
1 5 2
67 428
1 3 2
271 408
1 7 2
202 340
1 7 2
351 408
1 2 2
24 275
1 2 2
15 361
1 11 2
149 237
1 7 2
109 261
1 7 2
180 394
1 4 2
375 452
1 10 2
93 485
1 15 2
444 497
1 7 2
363 475
1 9 2
306 467
1 3 2
235 488
1 6 2
343 453
1 9 2
50 135
1 13 2
91 154
1 3 2
266 280
1 14 2
29 100
1 7 2
376 425
1 8 2
114 349
1 7 2
286 350
1 14 2
168 420
1 15 2
283 426
1 13 2
225 389
1 13 2
94 310
1 7 2
65 406
1 11 2
252 261
1 5 2
43 90
1 5 2
156 469
1 8 2
236 397
1 14 2
217 281
1 7 2
19 26
1 13 2
103 310
1 12 2
226 472
1 14 2
240 260
1 6 2
128 240
1 7 2
68 70
1 14 2
25 104
1 11 2
101 146
1 6 2
89 131
1 11 2
174 305
1 11 2
69 124
1 7 2
92 124
1 2 2
451 476
1 13 2
87 261
1 3 2
25 404
1 4 2
91 346
1 15 2
167 265
1 3 2
359 449
1 13 2
256 481
1 2 2
128 176
1 9 2
119 463
1 3 2
279 379
1 12 2
98 266
1 13 2
99 201
1 3 2
430 442
1 14 2
101 338
1 14 2
96 143
1 6 2
42 425
1 3 2
278 283
1 15 2
189 452
1 12 2
266 388
1 14 2
87 190
1 12 2
5 404
1 13 2
139 305
1 8 2
83 425
1 14 2
30 164
1 4 2
139 216
1 13 2
23 84
1 9 2
171 207
1 14 2
105 154
1 10 2
317 333
1 12 2
249 313
1 5 2
269 345
1 10 2
25 374
1 12 2
92 484
1 13 2
402 482
1 8 2
94 176
1 11 2
67 422
1 9 2
174 331
1 4 2
254 391
1 10 2
114 372
1 13 2
37 297
1 12 2
188 252
1 3 2
110 222
1 10 2
170 309
1 14 2
403 473
1 8 2
380 497
1 8 2
51 173
1 12 2
305 413
1 10 2
414 452
1 9 2
112 205
1 15 2
105 161
1 3 2
54 167
1 4 2
102 396
1 8 2
11 84
1 14 2
90 479
1 15 2
222 355
1 14 2
116 356
1 4 2
371 425
1 6 2
35 124
1 10 2
173 311
1 14 2
125 307
1 13 2
112 374
1 13 2
88 364
1 3 2
16 284
1 11 2
146 168
1 4 2
245 373
1 8 2
83 320
1 10 2
194 409
1 13 2
5 301
1 6 2
177 311
1 8 2
97 251
1 7 2
173 332
1 3 2
139 326
1 2 2
267 324
1 9 2
307 362
1 7 2
72 412
1 7 2
255 280
1 14 2
295 390
1 7 2
51 222
1 15 2
276 298
1 7 2
68 185
1 6 2
161 205
1 4 2
95 329
1 3 2
249 473
1 5 2
338 410
1 2 2
169 257
1 12 2
173 369
1 6 2
103 265
1 5 2
115 325
1 11 2
20 229
1 2 2
150 200
1 5 2
172 290
1 4 2
270 299
1 10 2
8 103
1 12 2
315 325
1 12 2
119 475
1 10 2
16 42
1 3 2
90 219
1 9 2
85 283
1 10 2
140 169
1 14 2
30 71
1 2 2
2 370
1 6 2
130 151
1 2 2
312 488
1 6 2
117 352
1 2 2
285 430
1 13 2
88 386
1 14 2
19 269
1 13 2
64 474
1 7 2
3 266
1 11 2
201 475
1 2 2
284 324
1 8 2
147 381
1 4 2
201 211
1 11 2
85 429
1 13 2
234 411
1 7 2
159 205
1 9 2
216 389
1 7 2
249 443
1 5 2
31 143
1 11 2
31 224
1 14 2
34 241
1 11 2
145 259
1 4 2
12 263
1 8 2
104 388
1 8 2
329 423
1 8 2
270 273
1 2 2
90 91
1 4 2
55 59
1 2 2
347 427
1 6 2
95 205
1 15 2
137 432
1 9 2
379 388
1 10 2
80 172
1 14 2
243 301
1 8 2
121 125
1 15 2
411 414
1 14 2
91 303
1 14 2
36 428
1 13 2
243 346
1 10 2
185 282
1 8 2
43 417
1 15 2
57 129
1 15 2
220 392
1 5 2
325 357
1 13 2
328 367
1 15 2
369 398
1 14 2
124 406
1 9 2
415 485
1 13 2
173 459
1 6 2
370 379
1 7 2
152 181
1 14 2
9 333
1 8 2
120 495
1 10 2
105 217
1 4 2
321 424
1 5 2
115 404
1 5 2
220 257
1 11 2
99 277
1 12 2
147 354
1 3 2
80 100
1 7 2
3 32
1 7 2
33 41
1 3 2
91 94
1 15 2
275 395
1 4 2
128 147
1 12 2
98 497
1 13 2
82 112
1 9 2
135 297
1 6 2
40 105
1 4 2
3 337
1 2 2
66 286
1 5 2
436 472
1 13 2
92 300
1 10 2
116 466
1 6 2
73 286
1 15 2
139 147
1 12 2
32 452
1 3 2
171 476
1 8 2
476 487
1 9 2
253 326
1 11 2
113 204
1 8 2
43 389
1 8 2
141 286
1 12 2
321 439
1 2 2
65 209
1 14 2
232 432
1 2 2
35 293
1 11 2
283 432
1 7 2
210 494
1 9 2
309 342
1 8 2
185 383
1 14 2
130 212
1 13 2
261 403
1 8 2
31 472
1 9 2
264 367
1 15 2
265 277
1 4 2
50 240
1 10 2
371 475
1 9 2
56 405
1 11 2
288 455
1 6 2
282 485
1 7 2
220 447
1 14 2
277 303
1 4 2
100 336
1 8 2
86 104
1 2 2
141 447
1 8 2
135 268
1 11 2
93 321
1 6 2
106 458
1 6 2
13 470
1 12 2
208 491
1 7 2
61 396
1 7 2
61 162
1 3 2
272 466
1 12 2
219 365
1 12 2
33 431
1 11 2
222 361
1 3 2
52 331
1 2 2
123 304
1 12 2
64 403
1 15 2
441 458
1 5 2
117 417
1 7 2
38 215
1 2 2
302 465
1 6 2
267 474
1 2 2
194 338
1 2 2
174 337
1 13 2
52 417
1 10 2
145 166
1 5 2
207 315
1 14 2
306 383
1 8 2
244 310
1 9 2
222 408
1 11 2
18 192
1 2 2
151 250
1 14 2
106 395
1 9 2
196 444
1 15 2
165 468
1 4 2
99 320
1 7 2
293 468
1 3 2
176 393
1 14 2
64 349
1 12 2
13 64
1 15 2
200 264
1 10 2
200 407
1 6 2
3 465
1 9 2
3 494
1 6 2
316 472
1 3 2
32 243
1 14 2
220 224
1 13 2
319 429
1 10 2
296 340
1 2 2
208 271
1 10 2
176 474
1 8 2
43 91
1 12 2
438 491
1 4 2
209 413
1 4 2
80 272
1 6 2
123 444
1 6 2
29 383
1 15 2
19 413
1 2 2
21 490
1 9 2
20 194
1 8 2
146 379
1 10 2
204 306
1 4 2
404 487
1 12 2
368 491
1 7 2
165 318
1 14 2
115 250
1 5 2
33 38
1 2 2
33 413
1 3 2
124 266
1 2 2
141 487
1 9 2
295 324
1 8 2
74 177
1 6 2
17 127
1 9 2
107 372
1 11 2
228 230
1 15 2
11 246
1 3 2
74 138
1 4 2
124 293
1 2 2
22 129
1 4 2
121 409
1 15 2
82 322
1 12 2
96 497
1 14 2
124 359
1 13 2
233 276
1 9 2
196 493
1 4 2
132 483
1 11 2
190 409
1 3 2
125 328
1 12 2
144 302
1 7 2
90 97
1 5 2
1 25
1 4 2
4 300
1 2 2
408 469
1 2 2
98 449
1 12 2
258 425
1 11 2
76 383
1 9 2
32 464
1 12 2
255 256
1 7 2
248 474
1 4 2
303 473
1 8 2
55 367
1 7 2
73 291
1 7 2
149 435
1 12 2
43 273
1 10 2
464 485
1 13 2
77 123
1 5 2
346 386
1 14 2
9 210
1 12 2
214 254
1 8 2
71 157
1 4 2
215 432
1 9 2
256 428
1 4 2
219 371
1 2 2
239 355
1 13 2
192 193
1 15 2
268 324
1 3 2
7 206
1 9 2
21 348
1 9 2
126 191
1 8 2
217 346
1 6 2
93 256
1 2 2
146 440
1 6 2
45 74
1 11 2
376 450
1 9 2
147 343
1 5 2
390 446
1 10 2
63 450
1 11 2
176 293
1 14 2
257 411
1 13 2
251 383
1 11 2
58 405
1 14 2
396 474
1 7 2
195 257
1 6 2
81 423
1 12 2
7 361
1 14 2
183 212
1 12 2
352 403
1 11 2
225 234
1 11 2
5 105
1 6 2
33 79
1 15 2
438 483
1 8 2
235 496
1 13 2
29 129
1 6 2
371 452
1 10 2
67 335
1 5 2
91 444
1 8 2
136 287
1 8 2
279 305
1 14 2
210 257
1 2 2
67 375
1 13 2
77 119
1 15 2
109 407
1 11 2
57 227
1 3 2
146 311
1 6 2
54 320
1 7 2
103 332
1 15 2
13 350
1 4 2
177 247
1 5 2
330 382
1 2 2
93 300
1 7 2
327 470
1 4 2
244 368
1 14 2
218 329
1 4 2
135 351
1 5 2
103 158
1 13 2
75 389
1 5 2
185 271
1 6 2
196 276
1 9 2
183 374
1 2 2
46 276
1 7 2
383 386
1 11 2
341 470
1 5 2
48 142
1 7 2
302 455
1 6 2
8 16
1 3 2
100 121
1 6 2
130 415
1 11 2
317 410
1 12 2
106 386
1 14 2
11 256
1 3 2
77 287
1 15 2
273 331
1 12 2
120 403
1 11 2
234 483
1 6 2
272 298
1 15 2
165 264
1 5 2
364 441
1 14 2
23 362
1 4 2
216 395
1 9 2
56 178
1 10 2
101 244
1 9 2
222 426
1 14 2
90 255
1 15 2
32 435
1 13 2
423 442
1 8 2
44 258
1 11 2
226 345
1 4 2
83 436
1 3 2
420 460
1 2 2
45 398
1 11 2
112 333
1 15 2
12 411
1 4 2
13 348
1 15 2
253 293
1 14 2
177 322
1 10 2
219 345
1 7 2
240 377
1 4 2
317 459
1 11 2
132 345
1 11 2
83 136
1 12 2
113 374
1 4 2
129 190
1 2 2
197 223
1 7 2
314 427
1 14 2
306 465
1 13 2
365 388
1 13 2
4 159
1 8 2
46 365
1 15 2
362 377
1 6 2
252 370
1 3 2
69 264
1 13 2
391 479
1 10 2
261 429
1 7 2
150 199
1 3 2
15 330
1 7 2
192 362
1 10 2
127 430
1 10 2
469 477
1 3 2
104 115
1 3 2
47 97
1 13 2
348 495
1 2 2
10 366
1 8 2
302 347
1 10 2
288 434
1 2 2
377 448
1 12 2
195 334
1 4 2
183 412
1 3 2
408 416
1 8 2
189 495
1 10 2
296 433
1 8 2
173 308
1 10 2
98 147
1 2 2
70 474
1 5 2
440 472
1 8 2
179 277
1 14 2
109 219
1 5 2
91 386
1 6 2
101 284
1 13 2
96 381
1 13 2
282 309
1 9 2
52 271
1 4 2
11 267
1 7 2
148 175
1 7 2
136 250
1 12 2
24 291
1 12 2
244 392
1 3 2
8 391
1 3 2
9 70
1 13 2
358 422
1 11 2
351 361
1 9 2
289 400
1 12 2
282 352
1 5 2
34 497
1 2 2
248 499
1 9 2
191 317
1 3 2
283 358
1 12 2
350 384
1 4 2
127 189
1 8 2
388 466
1 2 2
208 383
1 6 2
306 382
1 15 2
81 480
1 14 2
210 456
1 4 2
134 307
1 9 2
406 477
1 3 2
336 362
1 4 2
154 200
1 11 2
24 209
1 7 2
31 330
1 6 2
410 441
1 15 2
442 460
1 13 2
285 383
1 5 2
134 237
1 3 2
196 489
1 12 2
330 378
1 9 2
175 287
1 11 2
93 183
1 14 2
77 99
1 11 2
316 392
1 13 2
133 306
1 7 2
325 496
1 3 2
105 423
1 8 2
122 369
1 3 2
194 309
1 11 2
163 199
1 15 2
8 433
1 14 2
158 335
1 2 2
33 136
1 2 2
74 150
1 13 2
202 479
1 11 2
441 479
1 2 2
328 471
1 9 2
318 404
1 4 2
250 274
1 6 2
152 308
1 2 2
82 221
1 2 2
173 218
1 13 2
241 287
1 5 2
132 282
1 15 2
146 221
1 5 2
59 365
1 11 2
345 402
1 14 2
389 476
1 2 2
289 337
1 4 2
85 318
1 10 2
154 429
1 13 2
324 385
1 15 2
182 362
1 15 2
251 463
1 7 2
24 492
1 6 2
166 472
1 2 2
66 412
1 3 2
121 385
1 13 2
281 363
1 4 2
139 148
1 2 2
91 478
1 7 2
59 81
1 12 2
17 232
1 11 2
295 337
1 2 2
59 300
1 2 2
33 340
1 5 2
117 455
1 14 2
70 369
1 8 2
33 177
1 5 2
20 308
1 12 2
108 207
1 8 2
162 336
1 6 2
202 474
1 5 2
161 220
1 9 2
176 231
1 10 2
58 100
1 14 2
346 389
1 9 2
179 234
1 4 2
454 489
1 4 2
195 413
1 14 2
202 382
1 10 2
93 166
1 15 2
364 497
1 11 2
154 197
1 5 2
72 230
1 8 2
95 475
1 9 2
245 312
1 12 2
131 199
1 12 2
300 407
1 8 2
221 427
1 15 2
22 458
1 10 2
281 316
1 5 2
324 427
1 10 2
81 218
1 12 2
104 170
1 11 2
84 278
1 6 2
218 294
1 7 2
402 481
1 9 2
309 365
1 11 2
99 113
1 9 2
211 317
1 10 2
75 416
1 7 2
183 277
1 3 2
100 224
1 13 2
105 250
1 8 2
243 444
1 4 2
479 483
1 2 2
361 365
1 9 2
209 261
1 6 2
365 383
1 9 2
37 458
1 4 2
241 460
1 5 2
35 71
1 13 2
37 486
1 2 2
180 480
1 7 2
24 156
1 14 2
155 239
1 9 2
1 264
1 3 2
94 132
1 8 2
279 396
1 10 2
100 498
1 9 2
42 438
1 10 2
304 330
1 6 2
61 299
1 9 2
132 212
1 2 2
93 165
1 4 2
67 349
1 13 2
242 463
1 12 2
156 475
1 12 2
31 95
1 10 2
102 264
1 3 2
404 450
1 3 2
290 316
1 10 2
314 341
1 10 2
9 157
1 4 2
247 443
1 13 2
57 301
1 13 2
58 290
1 6 2
331 492
1 3 2
210 470
1 9 2
98 465
1 10 2
424 459
1 10 2
0 186
1 7 2
131 485
1 14 2
18 226
1 6 2
21 101
1 11 2
187 408
1 8 2
255 297
1 10 2
230 397
1 2 2
410 456
1 15 2
145 317
1 12 2
4 257
1 4 2
182 291
1 7 2
403 453
1 5 2
3 203
1 5 2
372 408
1 5 2
113 285
1 2 2
190 400
1 12 2
135 481
1 6 2
157 308
1 14 2
190 486
1 11 2
120 246
1 11 2
55 102
1 11 2
68 253
1 3 2
72 478
1 10 2
244 453
1 6 2
97 442
1 3 2
151 310
1 2 2
161 213
1 2 2
99 304
1 12 2
340 347
1 4 2
334 380
1 8 2
215 311
1 7 2
198 242
1 14 2
139 396
1 13 2
138 147
1 5 2
376 418
1 14 2
250 495
1 5 2
122 464
1 14 2
50 486
1 9 2
21 440
1 2 2
148 347
1 11 2
100 103
1 12 2
17 301
1 3 2
37 75
1 6 2
7 229
1 8 2
12 277
1 14 2
49 168
1 7 2
122 308
1 4 2
368 372
1 7 2
50 441
1 9 2
42 194
1 13 2
220 299
1 6 2
71 377
1 4 2
321 360
1 4 2
132 454
1 12 2
0 182
1 8 2
173 382
1 15 2
141 450
1 14 2
62 366
1 8 2
46 275
1 4 2
125 158
1 9 2
36 105
1 11 2
439 491
1 4 2
86 243
1 2 2
238 400
1 8 2
165 490
1 10 2
272 383
1 6 2
93 138
1 7 2
296 327
1 4 2
397 478
1 6 2
195 405
1 2 2
112 133
1 2 2
17 106
1 15 2
66 329
1 9 2
306 364
1 8 2
88 128
1 14 2
125 401
1 13 2
349 473
1 7 2
65 171
1 13 2
16 427
1 13 2
7 290
1 4 2
102 424
1 5 2
46 387
1 3 2
271 349
1 14 2
24 424
1 8 2
128 149
1 3 2
11 216
1 2 2
282 408
1 8 2
157 378
1 10 2
15 179
1 14 2
100 122
1 4 2
119 204
1 15 2
84 321
1 12 2
170 419
1 12 2
32 403
1 5 2
77 269
1 15 2
200 347
1 2 2
318 454
1 6 2
136 249
1 2 2
192 425
1 10 2
347 422
1 12 2
203 294
1 15 2
246 469
1 3 2
250 252
1 13 2
82 366
1 15 2
357 487
1 5 2
164 437
1 10 2
182 295
1 14 2
66 302
1 3 2
117 220
1 2 2
307 315
1 13 2
59 62
1 2 2
247 321
1 11 2
469 496
1 9 2
261 358
1 5 2
26 366
1 13 2
184 292
1 5 2
432 447
1 3 2
79 152
1 6 2
239 421
1 8 2
356 365
1 2 2
442 466
1 8 2
232 306
1 15 2
92 351
1 14 2
53 366
1 5 2
138 144
1 8 2
32 265
1 12 2
293 358
1 9 2
32 451
1 15 2
375 479
1 3 2
265 365
1 13 2
131 489
1 14 2
136 363
1 7 2
76 329
1 11 2
222 465
1 4 2
49 331
1 10 2
69 351
1 6 2
9 389
1 5 2
103 244
1 5 2
86 318
1 6 2
117 289
1 15 2
318 484
1 10 2
50 470
1 11 2
6 7
1 9 2
98 139
1 5 2
61 438
1 15 2
123 326
1 4 2
229 386
1 9 2
78 107
1 10 2
371 439
1 3 2
171 221
1 14 2
0 219
1 14 2
328 492
1 3 2
128 455
1 12 2
38 155
1 3 2
115 282
1 11 2
77 318
1 3 2
113 348
1 10 2
105 410
1 8 2
92 267
1 6 2
116 351
1 13 2
294 450
1 2 2
197 489
1 2 2
289 292
1 5 2
210 373
1 5 2
80 425
1 13 2
323 367
1 2 2
169 425
1 2 2
119 316
1 4 2
193 494
1 15 2
130 300
1 7 2
235 396
1 7 2
94 97
1 12 2
126 486
1 12 2
342 395
1 5 2
99 163
1 6 2
2 356
1 5 2
334 441
1 15 2
371 377
1 11 2
344 497
1 13 2
400 469
1 7 2
23 28
1 11 2
60 414
1 4 2
309 481
1 8 2
262 396
1 15 2
2 178
1 11 2
203 317
1 9 2
146 284
1 4 2
287 423
1 11 2
144 342
1 8 2
289 464
1 5 2
5 342
1 3 2
65 149
1 10 2
212 476
1 13 2
64 205
1 13 2
292 350
1 9 2
37 387
1 4 2
228 296
1 12 2
237 359
1 9 2
422 435
1 13 2
288 473
1 15 2
227 322
1 12 2
448 487
1 8 2
211 420
1 4 2
119 359
1 9 2
68 180
1 10 2
270 278
1 7 2
9 259
1 7 2
180 290
1 2 2
232 341
1 15 2
282 333
1 2 2
245 323
1 2 2
320 375
1 9 2
187 497
1 9 2
219 222
1 8 2
2 12
1 13 2
243 401
1 14 2
140 308
1 5 2
431 455
1 4 2
231 355
1 4 2
119 376
1 15 2
467 489
1 8 2
129 419
1 4 2
337 483
1 2 2
393 467
