500 4000 1500
19 14 22 15 16 11 9 10 25 11 9 24 7 6 13 17 11 22 16 17 13 23 16 6 6 23 10 12 19 10 9 15 9 6 18 9 16 23 21 7 12 8 20 15 8 24 10 13 22 25 9 18 18 18 23 21 19 9 6 16 9 20 21 22 10 20 23 9 9 12 18 14 25 9 15 6 10 5 9 6 24 13 10 12 21 13 16 21 22 13 15 22 15 20 17 14 6 13 16 20 7 21 16 11 14 13 20 17 19 9 13 25 25 18 9 6 9 18 20 12 9 5 6 9 16 7 12 6 21 21 11 20 10 12 6 19 19 6 22 11 17 11 18 8 22 23 15 13 19 7 10 8 10 7 7 19 20 16 25 6 11 15 16 7 8 14 22 8 22 6 18 23 11 15 11 12 13 18 14 16 6 21 19 14 14 17 16 8 21 11 7 23 6 6 20 11 8 15 11 15 13 6 21 10 13 16 19 5 5 24 14 7 17 10 13 22 6 20 18 9 13 20 6 5 13 19 8 19 13 14 16 13 17 7 8 7 6 18 22 9 11 13 19 13 11 18 24 14 13 8 21 14 19 16 18 22 7 18 19 17 22 20 23 5 22 16 6 8 22 24 22 12 23 9 16 6 20 5 5 14 20 6 24 21 24 9 20 9 15 24 17 9 18 17 11 16 15 15 21 21 5 13 7 25 16 12 19 19 8 23 21 9 25 16 19 14 11 6 14 22 18 23 18 20 11 6 12 24 6 13 8 5 10 15 23 11 8 21 10 18 24 20 24 5 5 8 15 12 24 16 14 24 5 10 17 15 20 15 11 17 10 15 18 17 8 8 10 21 9 15 22 8 19 8 7 19 24 23 23 7 25 17 16 7 8 5 24 16 12 11 20 23 14 25 22 15 16 14 17 12 15 11 17 21 10 6 16 7 10 22 5 6 11 9 9 9 8 7 21 10 18 16 24 22 10 24 20 20 13 6 10 9 10 12 12 7 10 5 25 10 15 16 10 23 10 8 21 18 7 8 12 15 6 9 16 21 21 19 22 25 20 14 19 18 19 12 25 11 23 11 12 23 15 19 15 11 22 7 13 8 23 19 10 25 11 14 15 20 6 18 25 20 19 14 10 10 22 19 5 24
7 10 6 7 10 3 17 15 12 5 6 15 6 6 11 17 19 10 19 7 15 8 20 8 7 20 15 15 5 6 14 5 4 13 20 10 8 16 16 5 6 5 10 11 20 18 3 3 16 6 6 10 13 4 9 4 19 15 12 16 18 8 20 8 9 10 11 9 9 11 15 3 11 18 20 15 16 5 3 11 16 3 10 17 4 11 4 13 6 10 10 4 5 12 12 18 4 19 14 8 13 4 7 9 12 11 7 4 16 10 14 15 12 7 9 7 15 7 10 10 6 14 18 8 20 19 17 8 15 19 12 17 3 19 17 9 18 17 13 18 12 17 7 15 18 13 17 4 3 3 10 20 20 9 12 17 3 7 14 6 10 3 4 4 4 18 4 6 10 9 5 7 9 9 18 6 11 17 17 8 8 3 10 9 19 9 9 13 19 8 10 11 8 17 4 7 8 6 3 11 17 19 20 8 16 20 3 15 15 20 14 17 16 15 11 8 5 12 4 13 12 13 13 6 18 15 4 5 6 17 16 6 19 17 15 4 17 12 12 4 17 4 4 20 13 5 19 16 6 11 9 4 8 7 6 11 11 10 4 18 16 20 8 16 7 14 5 3 11 4 11 18 20 14 5 9 4 6 5 14 4 13 19 10 11 14 20 11 15 4 11 16 5 10 18 8 3 3 15 19 6 7 11 3 9 18 15 15 18 19 20 9 9 15 11 18 18 9 7 8 13 14 4 7 20 14 11 9 4 12 17 5 5 11 17 3 15 7 10 6 7 15 5 15 9 17 6 13 12 18 4 4 18 15 5 16 9 9 19 17 5 9 12 4 17 6 7 12 8 4 17 10 7 19 9 5 18 12 10 6 7 9 20 13 20 9 17 12 18 12 13 7 10 15 19 7 15 18 4 16 9 7 12 20 18 18 19 8 4 16 15 9 19 6 9 13 5 18 6 8 9 18 16 18 14 12 13 15 7 4 4 6 5 13 14 17 8 13 7 8 6 16 16 15 3 8 9 18 8 8 11 6 20 15 20 7 3 4 4 16 4 9 8 3 9 15 16 19 6 18 14 10 11 17 12 14 7 11 10 3 7 10 9 5 7 19 15 17 19 3 13 4 6 6 6 6 9 4 4 9
1 4 2
399 448
1 2 2
127 130
1 14 2
48 105
1 8 2
393 491
1 2 2
61 343
1 4 2
258 474
1 7 2
333 417
1 6 2
344 431
1 8 2
133 285
1 12 2
38 433
1 12 2
321 410
1 6 2
166 463
1 15 2
108 112
1 5 2
91 424
1 4 2
9 221
1 2 2
388 394
1 2 2
343 462
1 14 2
65 274
1 6 2
195 256
1 15 2
208 298
1 7 2
122 385
1 9 2
253 450
1 11 2
366 451
1 15 2
102 281
1 3 2
37 451
1 3 2
167 336
1 4 2
221 415
1 4 2
8 490
1 2 2
331 387
1 5 2
48 468
1 15 2
188 258
1 13 2
130 432
1 13 2
262 410
1 2 2
169 489
1 5 2
417 487
1 14 2
124 312
1 2 2
11 190
1 7 2
234 421
1 3 2
0 458
1 13 2
265 380
1 15 2
21 40
1 7 2
109 304
1 6 2
94 418
1 7 2
11 238
1 9 2
118 296
1 6 2
49 216
1 13 2
80 301
1 4 2
251 420
1 13 2
117 346
1 10 2
22 281
1 12 2
113 191
1 8 2
7 211
1 4 2
231 293
1 13 2
139 408
1 3 2
33 63
1 10 2
229 289
1 11 2
218 486
1 4 2
30 491
1 13 2
338 420
1 13 2
40 382
1 14 2
46 170
1 14 2
320 380
1 7 2
292 441
1 15 2
150 378
1 13 2
56 182
1 8 2
81 217
1 7 2
269 296
1 10 2
272 484
1 10 2
51 117
1 12 2
1 379
1 9 2
329 449
1 9 2
223 410
1 6 2
144 479
1 3 2
135 471
1 3 2
35 493
1 15 2
260 484
1 12 2
50 58
1 6 2
330 385
1 15 2
41 355
1 4 2
22 225
1 14 2
48 435
1 7 2
261 352
1 11 2
54 218
1 4 2
68 145
1 3 2
211 409
1 13 2
241 455
1 5 2
164 314
1 3 2
31 61
1 3 2
146 378
1 13 2
120 497
1 2 2
272 334
1 8 2
123 227
1 4 2
244 348
1 12 2
168 216
1 2 2
43 76
1 12 2
115 451
1 15 2
6 235
1 12 2
52 286
1 13 2
87 132
1 9 2
153 180
1 7 2
99 471
1 4 2
196 342
1 14 2
9 318
1 6 2
72 231
1 3 2
43 411
1 6 2
68 437
1 15 2
7 416
1 3 2
92 491
1 12 2
365 416
1 11 2
193 379
1 4 2
337 441
1 13 2
161 214
1 6 2
52 78
1 12 2
348 447
1 5 2
50 366
1 8 2
219 479
1 11 2
280 373
1 10 2
425 451
1 6 2
319 443
1 2 2
128 176
1 3 2
128 462
1 2 2
161 399
1 9 2
5 192
1 5 2
226 294
1 12 2
117 127
1 15 2
50 86
1 13 2
91 168
1 8 2
91 468
1 7 2
12 248
1 3 2
151 214
1 2 2
34 148
1 2 2
264 430
1 4 2
88 94
1 13 2
103 143
1 3 2
427 471
1 11 2
27 281
1 7 2
18 80
1 10 2
64 179
1 2 2
424 439
1 5 2
369 448
1 10 2
16 308
1 3 2
87 367
1 6 2
105 397
1 10 2
59 203
1 11 2
420 463
1 2 2
172 263
1 6 2
45 438
1 2 2
73 420
1 2 2
8 360
1 11 2
93 224
1 14 2
68 107
1 7 2
267 442
1 10 2
191 464
1 15 2
41 60
1 7 2
290 498
1 2 2
291 332
1 6 2
133 181
1 8 2
290 485
1 14 2
429 443
1 8 2
224 233
1 2 2
110 129
1 14 2
64 236
1 8 2
63 279
1 14 2
0 300
1 4 2
320 420
1 4 2
223 350
1 14 2
47 184
1 11 2
77 405
1 2 2
364 497
1 5 2
264 278
1 10 2
295 423
1 13 2
22 323
1 5 2
47 400
1 7 2
16 58
1 7 2
53 210
1 14 2
119 304
1 2 2
380 439
1 5 2
198 252
1 15 2
198 445
1 7 2
0 184
1 9 2
118 139
1 8 2
252 273
1 4 2
144 181
1 2 2
94 184
1 10 2
141 386
1 6 2
293 391
1 3 2
133 317
1 13 2
75 383
1 2 2
74 153
1 12 2
332 351
1 7 2
308 379
1 11 2
401 418
1 10 2
124 322
1 13 2
37 259
1 4 2
133 451
1 10 2
291 437
1 8 2
19 172
1 14 2
178 419
1 7 2
53 272
1 9 2
118 324
1 10 2
144 315
1 10 2
318 489
1 6 2
185 421
1 2 2
41 204
1 7 2
191 278
1 7 2
46 473
1 10 2
90 444
1 5 2
117 386
1 14 2
83 354
1 13 2
229 376
1 14 2
246 468
1 2 2
70 235
1 14 2
90 219
1 10 2
115 372
1 7 2
283 320
1 7 2
117 147
1 9 2
143 294
1 10 2
252 412
1 3 2
259 295
1 7 2
263 440
1 11 2
106 280
1 12 2
267 458
1 6 2
8 277
1 13 2
281 425
1 15 2
44 483
1 6 2
34 77
1 11 2
356 373
1 14 2
342 365
1 12 2
229 350
1 4 2
300 350
1 12 2
5 336
1 4 2
198 457
1 9 2
8 81
1 12 2
44 163
1 2 2
26 408
1 10 2
435 444
1 10 2
171 476
1 9 2
139 455
1 7 2
400 441
1 3 2
176 401
1 12 2
134 180
1 6 2
33 100
1 11 2
320 462
1 9 2
63 81
1 3 2
366 408
1 10 2
28 240
1 15 2
82 189
1 5 2
179 434
1 15 2
339 399
1 5 2
140 305
1 12 2
65 271
1 9 2
169 433
1 10 2
185 448
1 11 2
145 375
1 2 2
197 287
1 3 2
33 290
1 6 2
370 497
1 2 2
200 279
1 12 2
284 476
1 6 2
279 435
1 11 2
371 420
1 7 2
143 215
1 8 2
292 445
1 15 2
257 456
1 15 2
47 257
1 9 2
89 398
1 14 2
68 191
1 12 2
241 484
1 4 2
70 197
1 5 2
288 439
1 3 2
100 344
1 6 2
152 246
1 14 2
255 344
1 10 2
3 464
1 8 2
79 347
1 7 2
133 311
1 15 2
202 368
1 2 2
67 199
1 10 2
195 247
1 6 2
0 154
1 9 2
68 358
1 10 2
208 278
1 14 2
48 298
1 6 2
95 221
1 13 2
15 86
1 9 2
244 441
1 2 2
64 239
1 15 2
164 462
1 9 2
116 186
1 9 2
106 342
1 11 2
141 301
1 5 2
143 259
1 12 2
81 355
1 9 2
328 499
1 4 2
133 475
1 14 2
64 463
1 3 2
68 473
1 6 2
0 286
1 2 2
247 299
1 6 2
179 346
1 13 2
319 407
1 10 2
80 408
1 8 2
222 332
1 14 2
289 414
1 4 2
251 415
1 3 2
65 215
1 14 2
214 223
1 15 2
204 404
1 5 2
202 400
1 11 2
55 91
1 2 2
103 475
1 13 2
67 394
1 11 2
146 350
1 5 2
148 354
1 9 2
156 484
1 6 2
245 275
1 13 2
58 435
1 11 2
454 484
1 11 2
7 234
1 10 2
302 455
1 10 2
344 403
1 15 2
175 299
1 15 2
252 315
1 11 2
15 315
1 12 2
51 141
1 4 2
105 466
1 7 2
121 124
1 2 2
264 477
1 3 2
37 395
1 4 2
33 59
1 12 2
126 474
1 9 2
40 412
1 5 2
23 143
1 13 2
392 406
1 9 2
223 420
1 12 2
266 444
1 13 2
96 475
1 13 2
108 269
1 4 2
118 373
1 6 2
186 317
1 10 2
112 226
1 4 2
6 470
1 15 2
361 432
1 2 2
336 411
1 3 2
123 439
1 7 2
46 197
1 12 2
125 259
1 15 2
455 493
1 10 2
69 437
1 6 2
45 180
1 2 2
168 487
1 7 2
305 386
1 5 2
110 414
1 4 2
36 131
1 14 2
278 304
1 13 2
296 354
1 12 2
274 351
1 12 2
54 455
1 15 2
281 423
1 8 2
192 472
1 6 2
418 437
1 14 2
251 393
1 10 2
108 464
1 7 2
118 471
1 9 2
42 61
1 11 2
29 414
1 10 2
268 433
1 6 2
63 220
1 2 2
324 430
1 10 2
155 210
1 6 2
154 393
1 4 2
10 151
1 4 2
207 272
1 9 2
29 168
1 15 2
313 363
1 5 2
31 452
1 2 2
161 275
1 11 2
98 327
1 14 2
29 426
1 3 2
86 432
1 11 2
52 91
1 2 2
385 496
1 2 2
449 466
1 12 2
220 332
1 3 2
272 308
1 11 2
268 403
1 7 2
156 437
1 7 2
123 198
1 14 2
74 376
1 15 2
79 339
1 14 2
10 378
1 2 2
168 361
1 14 2
199 455
1 14 2
111 270
1 8 2
14 433
1 13 2
331 346
1 2 2
321 475
1 7 2
50 352
1 3 2
354 433
1 13 2
138 431
1 3 2
70 213
1 2 2
102 318
1 3 2
56 355
1 15 2
188 252
1 2 2
118 250
1 2 2
209 359
1 7 2
123 193
1 14 2
228 233
1 15 2
97 138
1 3 2
201 397
1 6 2
241 307
1 14 2
174 212
1 7 2
184 205
1 13 2
167 472
1 10 2
95 231
1 9 2
40 477
1 15 2
332 337
1 9 2
92 450
1 6 2
80 221
1 14 2
102 214
1 9 2
360 430
1 15 2
175 186
1 7 2
201 412
1 10 2
313 325
1 12 2
435 462
1 12 2
257 274
1 13 2
337 474
1 12 2
61 285
1 11 2
349 413
1 15 2
119 227
1 7 2
233 348
1 10 2
77 418
1 5 2
58 245
1 5 2
285 430
1 5 2
136 367
1 7 2
302 472
1 2 2
339 478
1 5 2
208 282
1 4 2
177 367
1 3 2
182 493
1 2 2
109 435
1 7 2
278 380
1 15 2
109 189
1 12 2
298 347
1 5 2
153 296
1 4 2
56 176
1 8 2
337 423
1 11 2
103 474
1 8 2
152 424
1 4 2
18 307
1 4 2
127 363
1 8 2
199 292
1 9 2
12 260
1 7 2
80 397
1 12 2
103 400
1 14 2
48 314
1 3 2
164 493
1 12 2
265 269
1 15 2
102 286
1 13 2
17 282
1 14 2
48 456
1 7 2
94 139
1 4 2
123 180
1 13 2
4 248
1 9 2
196 389
1 10 2
199 350
1 9 2
239 423
1 4 2
358 480
1 10 2
5 61
1 11 2
331 393
1 14 2
330 339
1 6 2
65 193
1 3 2
156 465
1 14 2
233 351
1 10 2
80 228
1 4 2
224 400
1 8 2
273 281
1 15 2
92 364
1 6 2
289 364
1 2 2
446 450
1 5 2
41 366
1 15 2
42 159
1 6 2
56 341
1 7 2
135 315
1 12 2
269 294
1 13 2
371 491
1 14 2
109 377
1 15 2
78 163
1 12 2
1 78
1 3 2
234 300
1 8 2
166 489
1 8 2
105 265
1 10 2
293 476
1 13 2
12 222
1 13 2
16 402
1 11 2
227 416
1 14 2
307 366
1 9 2
40 217
1 4 2
268 271
1 7 2
97 267
1 13 2
328 494
1 15 2
338 427
1 10 2
119 388
1 12 2
164 361
1 10 2
181 302
1 11 2
50 473
1 9 2
186 192
1 9 2
33 425
1 10 2
448 473
1 15 2
90 268
1 9 2
13 429
1 11 2
50 185
1 11 2
108 371
1 10 2
232 461
1 6 2
8 221
1 8 2
431 448
1 12 2
154 485
1 8 2
300 495
1 2 2
346 380
1 3 2
22 232
1 9 2
41 268
1 8 2
68 440
1 3 2
75 136
1 11 2
58 211
1 14 2
75 354
1 9 2
205 430
1 3 2
69 417
1 3 2
229 246
1 10 2
77 459
1 13 2
367 454
1 2 2
142 327
1 12 2
45 166
1 2 2
122 249
1 11 2
382 488
1 11 2
328 437
1 5 2
63 159
1 4 2
251 272
1 5 2
451 476
1 9 2
259 290
1 2 2
9 304
1 2 2
24 417
1 10 2
303 320
1 11 2
356 436
1 3 2
231 486
1 2 2
277 438
1 9 2
211 342
1 14 2
206 443
1 3 2
135 215
1 4 2
181 358
1 3 2
348 375
1 5 2
77 118
1 8 2
273 282
1 3 2
114 319
1 14 2
259 391
1 13 2
239 486
1 5 2
112 491
1 6 2
6 343
1 9 2
88 145
1 9 2
430 484
1 9 2
29 296
1 15 2
244 444
1 6 2
121 195
1 8 2
68 203
1 15 2
210 374
1 13 2
169 171
1 4 2
50 423
1 8 2
106 164
1 12 2
34 226
1 6 2
77 202
1 14 2
8 233
1 4 2
146 238
1 15 2
324 422
1 15 2
175 274
1 12 2
190 213
1 4 2
116 209
1 2 2
106 485
1 14 2
356 374
1 7 2
110 494
1 10 2
27 382
1 14 2
127 484
1 7 2
35 396
1 13 2
15 60
1 12 2
270 452
1 7 2
415 484
1 6 2
270 324
1 8 2
290 397
1 8 2
117 187
1 7 2
391 450
1 14 2
135 384
1 10 2
101 353
1 6 2
20 62
1 6 2
95 423
1 13 2
39 58
1 5 2
198 493
1 8 2
169 317
1 4 2
10 163
1 13 2
14 137
1 11 2
140 293
1 5 2
381 495
1 15 2
155 226
1 8 2
88 213
1 13 2
159 339
1 12 2
217 374
1 13 2
201 420
1 15 2
123 238
1 5 2
187 340
1 15 2
133 295
1 11 2
22 224
1 6 2
108 117
1 8 2
297 374
1 15 2
399 465
1 14 2
88 270
1 8 2
241 482
1 6 2
175 179
1 13 2
200 302
1 13 2
55 231
1 11 2
97 284
1 12 2
185 359
1 9 2
348 430
1 6 2
60 253
1 2 2
64 109
1 8 2
252 292
1 4 2
80 168
1 7 2
136 255
1 14 2
184 496
1 2 2
78 124
1 4 2
261 335
1 15 2
8 339
1 9 2
59 455
1 3 2
47 448
1 5 2
177 377
1 11 2
91 350
1 5 2
42 424
1 10 2
61 392
1 10 2
158 348
1 11 2
195 242
1 12 2
193 358
1 15 2
468 489
1 2 2
174 194
1 7 2
324 377
1 14 2
167 440
1 11 2
368 475
1 3 2
425 445
1 10 2
113 134
1 10 2
112 165
1 14 2
139 225
1 7 2
182 480
1 13 2
110 207
1 6 2
80 213
1 12 2
449 460
1 5 2
2 273
1 8 2
216 454
1 10 2
41 287
1 9 2
282 436
1 7 2
168 406
1 12 2
234 235
1 5 2
277 367
1 8 2
379 496
1 6 2
300 439
1 13 2
165 179
1 12 2
460 490
1 13 2
101 399
1 11 2
437 496
1 15 2
169 268
1 6 2
180 326
1 11 2
309 440
1 5 2
118 382
1 11 2
408 428
1 5 2
89 313
1 7 2
339 368
1 2 2
247 454
1 3 2
284 372
1 4 2
270 371
1 10 2
392 455
1 13 2
169 302
1 12 2
128 338
1 8 2
164 455
1 10 2
233 487
1 10 2
425 464
1 11 2
315 441
1 12 2
466 486
1 8 2
150 426
1 12 2
41 495
1 3 2
72 420
1 6 2
165 446
1 14 2
219 499
1 3 2
67 196
1 11 2
84 383
1 9 2
189 402
1 5 2
274 431
1 11 2
119 246
1 2 2
270 287
1 13 2
416 423
1 13 2
78 174
1 13 2
293 396
1 3 2
69 395
1 7 2
36 468
1 14 2
190 333
1 11 2
95 362
1 3 2
64 398
1 5 2
397 405
1 13 2
195 322
1 14 2
71 159
1 11 2
436 439
1 2 2
33 172
1 2 2
114 394
1 15 2
396 477
1 5 2
9 441
1 11 2
143 245
1 7 2
73 388
1 12 2
197 333
1 15 2
269 420
1 6 2
153 182
1 7 2
74 454
1 14 2
152 260
1 6 2
89 492
1 3 2
80 409
1 6 2
298 352
1 8 2
16 309
1 14 2
127 181
1 11 2
88 334
1 8 2
80 148
1 2 2
118 361
1 12 2
126 347
1 12 2
189 341
1 3 2
111 304
1 7 2
92 330
1 5 2
252 275
1 8 2
41 353
1 6 2
57 296
1 13 2
429 461
1 14 2
221 426
1 7 2
231 341
1 9 2
284 495
1 11 2
373 374
1 8 2
156 249
1 2 2
135 220
1 11 2
22 436
1 11 2
455 469
1 14 2
149 163
1 7 2
303 424
1 14 2
311 386
1 5 2
20 277
1 10 2
90 165
1 4 2
440 449
1 3 2
301 343
1 14 2
24 345
1 5 2
235 374
1 10 2
90 437
1 5 2
162 434
1 11 2
91 349
1 5 2
127 408
1 9 2
18 253
1 7 2
454 486
1 6 2
228 485
1 14 2
11 47
1 13 2
328 448
1 4 2
156 360
1 9 2
58 275
1 7 2
32 217
1 2 2
11 395
1 7 2
109 430
1 14 2
149 351
1 8 2
174 484
1 7 2
97 121
1 2 2
236 441
1 8 2
186 256
1 7 2
2 193
1 6 2
39 44
1 10 2
204 420
1 3 2
63 307
1 8 2
237 342
1 3 2
244 454
1 5 2
20 263
1 7 2
342 408
1 7 2
417 491
1 10 2
1 380
1 6 2
20 131
1 2 2
101 333
1 2 2
184 483
1 10 2
81 93
1 14 2
85 343
1 9 2
187 388
1 13 2
123 297
1 7 2
321 450
1 15 2
162 183
1 7 2
59 403
1 9 2
308 374
1 9 2
77 120
1 14 2
46 282
1 13 2
244 464
1 2 2
66 114
1 10 2
139 422
1 13 2
119 161
1 15 2
106 301
1 9 2
150 293
1 14 2
151 336
1 14 2
265 333
1 2 2
82 225
1 10 2
47 386
1 9 2
60 321
1 15 2
141 290
1 9 2
360 396
1 4 2
184 376
1 2 2
170 198
1 14 2
62 243
1 3 2
324 432
1 7 2
434 499
1 3 2
380 401
1 11 2
105 310
1 8 2
245 247
1 15 2
217 222
1 14 2
227 312
1 9 2
8 79
1 13 2
29 147
1 6 2
256 477
1 13 2
206 442
1 2 2
244 260
1 8 2
216 483
1 7 2
37 292
1 10 2
104 157
1 13 2
175 447
1 6 2
82 399
1 2 2
73 385
1 5 2
350 429
1 13 2
382 495
1 5 2
239 315
1 3 2
395 474
1 11 2
208 366
1 15 2
200 354
1 12 2
355 406
1 2 2
47 133
1 14 2
164 411
1 11 2
42 372
1 5 2
44 65
1 6 2
303 454
1 14 2
8 210
1 9 2
124 452
1 9 2
146 277
1 5 2
349 434
1 14 2
406 422
1 8 2
224 423
1 12 2
276 483
1 9 2
125 352
1 11 2
133 229
1 14 2
392 459
1 12 2
355 453
1 12 2
309 394
1 11 2
403 443
1 5 2
212 383
1 14 2
312 491
1 9 2
27 35
1 15 2
153 221
1 10 2
480 488
1 11 2
276 478
1 15 2
312 326
1 7 2
374 420
1 3 2
275 399
1 2 2
96 250
1 6 2
10 282
1 15 2
45 403
1 15 2
71 169
1 13 2
122 477
1 12 2
202 224
1 13 2
119 151
1 3 2
26 108
1 3 2
205 331
1 10 2
298 301
1 11 2
191 332
1 11 2
203 362
1 12 2
115 455
1 13 2
203 440
1 10 2
443 498
1 8 2
217 482
1 15 2
117 440
1 10 2
243 250
1 10 2
146 394
1 12 2
10 102
1 7 2
238 398
1 12 2
107 421
1 8 2
154 296
1 3 2
276 281
1 7 2
147 231
1 15 2
4 484
1 9 2
189 473
1 7 2
109 114
1 12 2
91 357
1 2 2
28 406
1 11 2
179 341
1 2 2
32 132
1 7 2
49 327
1 9 2
39 264
1 2 2
226 401
1 9 2
301 342
1 10 2
280 294
1 10 2
59 279
1 6 2
185 200
1 4 2
132 334
1 10 2
357 380
1 12 2
95 106
1 6 2
448 492
1 4 2
120 472
1 9 2
115 195
1 4 2
160 414
1 13 2
156 317
1 12 2
280 404
1 7 2
152 458
1 8 2
137 159
1 5 2
11 138
1 3 2
165 415
1 13 2
391 463
1 3 2
4 45
1 4 2
87 155
1 10 2
86 400
1 11 2
17 333
1 9 2
143 273
1 15 2
134 185
1 12 2
78 237
1 11 2
88 312
1 7 2
72 153
1 15 2
75 150
1 11 2
274 440
1 11 2
84 131
1 4 2
153 458
1 12 2
277 399
1 11 2
398 427
1 14 2
46 268
1 9 2
357 435
1 2 2
361 425
1 2 2
232 283
1 11 2
118 387
1 7 2
74 398
1 5 2
259 485
1 3 2
199 256
1 10 2
94 394
1 8 2
133 353
1 7 2
137 177
1 15 2
81 295
1 5 2
54 90
1 4 2
76 85
1 15 2
283 347
1 7 2
299 415
1 15 2
322 409
1 14 2
18 454
1 5 2
267 340
1 5 2
95 204
1 5 2
93 132
1 11 2
48 262
1 14 2
258 473
1 10 2
16 188
1 4 2
58 84
1 12 2
205 466
1 15 2
40 249
1 14 2
62 473
1 14 2
128 364
1 3 2
34 458
1 12 2
235 499
1 14 2
171 416
1 13 2
374 454
1 2 2
39 160
1 13 2
27 136
1 11 2
205 382
1 5 2
26 338
1 4 2
116 187
1 15 2
142 380
1 9 2
278 488
1 13 2
201 477
1 5 2
173 204
1 2 2
274 415
1 3 2
177 481
1 8 2
149 363
1 12 2
163 207
1 3 2
74 359
1 13 2
147 162
1 7 2
22 330
1 14 2
14 484
1 11 2
77 87
1 10 2
300 440
1 6 2
187 459
1 6 2
100 254
1 7 2
396 498
1 2 2
127 451
1 14 2
363 384
1 12 2
33 76
1 13 2
352 455
1 4 2
67 111
1 12 2
337 343
1 4 2
73 367
1 13 2
393 477
1 9 2
6 435
1 13 2
263 391
1 12 2
224 272
1 13 2
340 449
1 2 2
349 493
1 2 2
209 380
1 12 2
33 203
1 6 2
165 486
1 13 2
27 60
1 10 2
147 199
1 8 2
173 212
1 10 2
105 458
1 15 2
109 273
1 11 2
175 346
1 3 2
20 182
1 4 2
41 431
1 3 2
427 432
1 13 2
199 398
1 7 2
416 443
1 9 2
21 206
1 14 2
239 388
1 5 2
247 261
1 12 2
4 274
1 7 2
146 373
1 7 2
165 315
1 6 2
192 224
1 13 2
212 337
1 8 2
283 428
1 6 2
127 215
1 6 2
167 191
1 15 2
67 364
1 4 2
291 469
1 7 2
264 407
1 11 2
129 244
1 12 2
307 385
1 5 2
106 323
1 6 2
44 317
1 6 2
142 472
1 15 2
221 403
1 15 2
77 189
1 3 2
92 451
1 10 2
134 156
1 13 2
170 390
1 10 2
103 330
1 9 2
290 463
1 10 2
126 156
1 3 2
155 203
1 5 2
62 470
1 14 2
124 126
1 14 2
112 364
1 12 2
39 426
1 12 2
264 493
1 14 2
159 449
1 4 2
32 384
1 12 2
274 479
1 12 2
215 274
1 7 2
64 286
1 5 2
110 344
1 3 2
251 474
1 5 2
334 416
1 6 2
214 430
1 6 2
72 384
1 3 2
137 437
1 13 2
50 368
1 2 2
254 346
1 11 2
27 463
1 9 2
333 479
1 4 2
139 159
1 5 2
101 169
1 14 2
245 248
1 7 2
62 168
1 4 2
72 398
1 11 2
79 293
1 12 2
43 401
1 10 2
3 337
1 7 2
260 319
1 9 2
52 230
1 10 2
197 280
1 2 2
27 461
1 4 2
112 145
1 14 2
8 212
1 9 2
333 336
1 5 2
88 390
1 14 2
113 245
1 14 2
405 419
1 15 2
285 306
1 2 2
31 51
1 12 2
174 416
1 4 2
40 280
1 3 2
27 268
1 4 2
12 136
1 13 2
357 439
1 11 2
320 344
1 8 2
317 465
1 9 2
121 132
1 12 2
28 357
1 10 2
385 461
1 15 2
107 422
1 5 2
304 400
1 12 2
253 463
1 7 2
64 342
1 6 2
169 414
1 13 2
134 409
1 14 2
342 345
1 14 2
140 452
1 4 2
23 313
1 11 2
115 339
1 10 2
21 148
1 5 2
95 375
1 4 2
114 395
1 5 2
314 400
1 2 2
78 252
1 8 2
194 243
1 11 2
21 195
1 7 2
124 474
1 5 2
193 300
1 14 2
382 454
1 2 2
120 355
1 10 2
64 232
1 8 2
41 124
1 8 2
400 451
1 8 2
396 409
1 14 2
6 151
1 8 2
212 380
1 6 2
238 385
1 6 2
165 244
1 5 2
28 219
1 12 2
43 414
1 9 2
228 380
1 13 2
335 385
1 9 2
15 382
1 10 2
245 405
1 5 2
125 485
1 4 2
325 399
1 13 2
10 134
1 5 2
83 438
1 11 2
340 465
1 13 2
100 212
1 6 2
132 413
1 15 2
47 371
1 11 2
80 252
1 10 2
154 412
1 14 2
224 474
1 2 2
138 248
1 8 2
302 328
1 15 2
328 425
1 3 2
36 118
1 11 2
88 115
1 2 2
192 263
1 9 2
277 316
1 2 2
11 341
1 2 2
175 418
1 4 2
257 423
1 12 2
453 497
1 14 2
74 188
1 7 2
180 384
1 10 2
293 310
1 4 2
63 385
1 14 2
79 108
1 3 2
222 225
1 12 2
38 152
1 12 2
358 377
1 7 2
293 360
1 13 2
99 480
1 5 2
112 246
1 3 2
183 384
1 13 2
187 201
1 3 2
309 447
1 14 2
96 499
1 10 2
132 369
1 11 2
43 59
1 3 2
176 214
1 4 2
18 358
1 6 2
163 269
1 11 2
202 245
1 10 2
238 455
1 11 2
415 480
1 9 2
194 364
1 9 2
356 479
1 5 2
102 210
1 5 2
194 352
1 6 2
189 244
1 2 2
268 479
1 5 2
232 281
1 12 2
89 277
1 11 2
274 382
1 2 2
148 446
1 6 2
118 469
1 11 2
236 349
1 14 2
248 412
1 13 2
306 340
1 13 2
178 307
1 7 2
161 340
1 6 2
141 442
1 3 2
357 417
1 13 2
13 202
1 12 2
40 42
1 5 2
153 469
1 11 2
195 263
1 13 2
159 176
1 15 2
143 373
1 5 2
194 224
1 2 2
143 399
1 14 2
159 286
1 12 2
54 271
1 2 2
251 439
1 2 2
39 491
1 8 2
4 58
1 13 2
31 371
1 4 2
320 346
1 13 2
22 161
1 6 2
122 420
1 5 2
245 368
1 10 2
12 345
1 14 2
432 445
1 2 2
272 306
1 2 2
333 496
1 7 2
119 261
1 3 2
160 411
1 8 2
194 230
1 12 2
60 268
1 10 2
244 248
1 15 2
89 363
1 11 2
160 268
1 6 2
112 156
1 5 2
213 296
1 10 2
108 285
1 10 2
279 444
1 12 2
9 269
1 7 2
318 328
1 13 2
82 455
1 14 2
225 421
1 12 2
98 386
1 2 2
333 452
1 8 2
17 277
1 11 2
28 58
1 5 2
49 140
1 9 2
205 343
1 9 2
427 491
1 4 2
55 398
1 8 2
289 341
1 12 2
240 332
1 3 2
183 258
1 11 2
170 228
1 5 2
77 328
1 14 2
216 360
1 3 2
150 484
1 7 2
68 172
1 14 2
241 427
1 12 2
157 184
1 14 2
144 354
1 10 2
308 315
1 10 2
479 491
1 4 2
319 351
1 7 2
119 163
1 13 2
132 490
1 4 2
21 391
1 7 2
299 400
1 11 2
136 364
1 9 2
285 288
1 6 2
326 378
1 15 2
7 128
1 8 2
320 409
1 8 2
219 354
1 12 2
186 374
1 6 2
10 208
1 6 2
86 380
1 14 2
163 181
1 13 2
13 379
1 3 2
209 486
1 12 2
202 227
1 12 2
400 408
1 3 2
249 463
1 8 2
73 477
1 2 2
76 465
1 10 2
36 51
1 13 2
142 331
1 6 2
204 424
1 13 2
97 313
1 8 2
286 467
1 8 2
56 73
1 12 2
38 454
1 13 2
10 397
1 2 2
367 489
1 11 2
48 124
1 4 2
3 15
1 2 2
171 362
1 13 2
310 368
1 13 2
97 374
1 7 2
188 225
1 6 2
340 479
1 5 2
63 138
1 11 2
2 411
1 5 2
209 414
1 6 2
115 278
1 8 2
119 237
1 5 2
174 406
1 9 2
318 439
1 5 2
124 161
1 13 2
60 325
1 13 2
241 274
1 5 2
12 160
1 10 2
83 88
1 15 2
257 366
1 5 2
134 387
1 15 2
322 361
1 11 2
204 234
1 15 2
436 457
1 14 2
55 166
1 13 2
106 234
1 6 2
118 436
1 4 2
229 362
1 10 2
230 297
1 6 2
76 451
1 5 2
429 493
1 7 2
98 308
1 12 2
121 189
1 7 2
214 455
1 14 2
45 149
1 2 2
213 435
1 12 2
130 383
1 4 2
177 189
1 10 2
306 366
1 10 2
77 180
1 10 2
154 341
1 7 2
242 330
1 7 2
22 430
1 12 2
82 439
1 10 2
169 188
1 14 2
8 479
1 13 2
185 192
1 15 2
356 396
1 4 2
195 206
1 13 2
187 331
1 10 2
11 61
1 4 2
38 61
1 10 2
88 493
1 9 2
221 295
1 7 2
123 283
1 8 2
123 323
1 6 2
279 332
1 2 2
209 290
1 2 2
85 159
1 10 2
49 401
1 3 2
10 267
1 10 2
232 282
1 13 2
262 443
1 11 2
104 457
1 15 2
16 95
1 9 2
299 477
1 10 2
45 86
1 2 2
2 272
1 13 2
275 470
1 10 2
7 195
1 3 2
338 407
1 12 2
3 227
1 4 2
89 279
1 3 2
166 416
1 11 2
196 351
1 14 2
51 332
1 3 2
142 446
1 7 2
282 331
1 5 2
268 382
1 12 2
349 378
1 9 2
156 192
1 10 2
106 487
1 14 2
154 224
1 10 2
456 463
1 15 2
239 463
1 6 2
211 450
1 3 2
116 266
1 5 2
128 273
1 15 2
265 290
1 11 2
61 68
1 9 2
107 307
1 4 2
2 489
1 7 2
53 361
1 3 2
141 160
1 12 2
140 179
1 2 2
306 447
1 9 2
122 182
1 9 2
144 394
1 6 2
444 497
1 10 2
125 253
1 4 2
128 420
1 2 2
36 103
1 2 2
7 12
1 10 2
80 94
1 6 2
0 399
1 12 2
110 419
1 9 2
154 180
1 2 2
138 212
1 8 2
347 448
1 13 2
1 160
1 5 2
63 341
1 9 2
219 452
1 8 2
363 390
1 7 2
19 21
1 13 2
76 384
1 5 2
28 426
1 13 2
16 151
1 5 2
140 246
1 6 2
143 379
1 3 2
116 184
1 3 2
355 488
1 14 2
297 303
1 5 2
2 313
1 15 2
211 491
1 12 2
209 492
1 5 2
302 428
1 9 2
39 399
1 7 2
268 443
1 10 2
288 470
1 3 2
436 446
1 5 2
102 416
1 2 2
238 371
1 5 2
149 325
1 4 2
142 411
1 4 2
327 405
1 15 2
356 370
1 3 2
99 208
1 7 2
192 264
1 14 2
225 454
1 11 2
47 50
1 8 2
311 378
1 14 2
449 499
1 11 2
372 452
1 11 2
167 193
1 3 2
57 85
1 3 2
388 462
1 12 2
310 442
1 9 2
359 373
1 13 2
108 181
1 10 2
91 194
1 7 2
130 485
1 3 2
158 189
1 3 2
188 429
1 7 2
120 488
1 8 2
195 366
1 5 2
71 324
1 5 2
216 225
1 11 2
5 453
1 14 2
5 257
1 8 2
281 497
1 5 2
286 322
1 15 2
18 214
1 15 2
94 301
1 10 2
288 484
1 7 2
83 319
1 12 2
288 456
1 6 2
5 397
1 5 2
17 346
1 14 2
7 461
1 12 2
87 264
1 2 2
189 203
1 7 2
7 154
1 5 2
336 413
1 4 2
27 283
1 6 2
234 472
1 15 2
290 411
1 8 2
223 336
1 8 2
332 428
1 3 2
139 207
1 8 2
197 391
1 3 2
389 452
1 2 2
269 314
1 15 2
181 297
1 9 2
317 324
1 8 2
452 453
1 3 2
203 296
1 8 2
25 377
1 5 2
199 249
1 5 2
109 163
1 6 2
38 198
1 13 2
78 457
1 11 2
12 299
1 9 2
145 169
1 13 2
130 386
1 3 2
234 369
1 4 2
319 474
1 4 2
116 460
1 6 2
203 275
1 11 2
57 282
1 4 2
169 479
1 9 2
388 408
1 3 2
98 385
1 15 2
180 313
1 3 2
150 444
1 4 2
16 81
1 14 2
59 484
1 7 2
243 437
1 15 2
293 472
1 11 2
470 483
1 6 2
75 391
1 6 2
27 95
1 15 2
306 458
1 12 2
208 407
1 7 2
212 405
1 12 2
380 390
1 2 2
351 356
1 10 2
120 175
1 10 2
468 476
1 2 2
33 450
1 10 2
110 387
1 14 2
41 239
1 4 2
333 477
1 12 2
224 435
1 2 2
343 407
1 9 2
416 474
1 14 2
255 391
1 15 2
29 377
1 9 2
8 355
1 14 2
415 436
1 11 2
342 482
1 5 2
148 159
1 2 2
384 444
1 3 2
71 99
1 14 2
47 418
1 3 2
61 105
1 4 2
143 156
1 9 2
130 237
1 15 2
181 492
1 12 2
403 421
1 4 2
151 233
1 11 2
190 245
1 2 2
323 438
1 7 2
72 408
1 15 2
298 495
1 6 2
276 488
1 13 2
75 252
1 13 2
295 333
1 2 2
117 299
1 15 2
57 443
1 8 2
31 77
1 8 2
271 403
1 14 2
92 361
1 3 2
42 490
1 4 2
13 402
1 12 2
165 275
1 6 2
74 217
1 15 2
73 416
1 7 2
371 396
1 6 2
276 356
1 4 2
100 171
1 14 2
338 430
1 2 2
130 265
1 3 2
131 460
1 15 2
355 457
1 3 2
0 214
1 3 2
196 337
1 10 2
139 435
1 5 2
9 29
1 13 2
9 380
1 6 2
112 225
1 6 2
80 144
1 4 2
201 249
1 8 2
150 331
1 4 2
62 411
1 3 2
83 300
1 7 2
79 468
1 5 2
153 388
1 7 2
226 493
1 11 2
419 455
1 7 2
123 284
1 13 2
205 334
1 15 2
27 287
1 12 2
193 303
1 8 2
124 489
1 10 2
377 424
1 8 2
105 192
1 15 2
64 264
1 14 2
180 210
1 12 2
89 429
1 7 2
340 361
1 3 2
109 496
1 14 2
225 390
1 2 2
50 52
1 8 2
321 469
1 3 2
119 164
1 11 2
81 418
1 6 2
41 494
1 10 2
379 416
1 8 2
182 416
1 3 2
374 498
1 12 2
3 86
1 6 2
147 491
1 8 2
14 187
1 5 2
266 433
1 14 2
379 445
1 15 2
38 411
1 2 2
417 449
1 15 2
390 420
1 6 2
48 192
1 4 2
368 405
1 6 2
48 87
1 3 2
289 447
1 6 2
129 355
1 11 2
123 401
1 15 2
146 379
1 14 2
55 234
1 2 2
89 141
1 10 2
131 459
1 4 2
82 364
1 8 2
190 286
1 12 2
181 316
1 7 2
33 93
1 14 2
22 478
1 9 2
331 403
1 2 2
3 368
1 13 2
58 283
1 4 2
147 315
1 14 2
311 340
1 2 2
396 397
1 12 2
114 266
1 10 2
376 462
1 15 2
130 178
1 9 2
100 215
1 6 2
9 156
1 12 2
110 434
1 8 2
317 321
1 2 2
72 476
1 7 2
124 128
1 2 2
48 348
1 6 2
260 345
1 10 2
14 354
1 2 2
60 206
1 7 2
102 106
1 3 2
52 274
1 15 2
142 252
1 3 2
158 295
1 3 2
146 399
1 13 2
104 161
1 12 2
59 384
1 2 2
192 360
1 12 2
59 436
1 4 2
142 323
1 13 2
264 395
1 5 2
95 209
1 2 2
286 316
1 7 2
399 458
1 6 2
143 371
1 8 2
134 215
1 13 2
310 466
1 14 2
108 145
1 11 2
52 468
1 14 2
109 404
1 4 2
42 253
1 12 2
114 436
1 3 2
252 282
1 7 2
259 326
1 6 2
33 292
1 12 2
279 498
1 4 2
143 310
1 4 2
47 404
1 9 2
66 313
1 15 2
98 399
1 8 2
395 463
1 10 2
81 327
1 14 2
115 365
1 4 2
74 252
1 12 2
85 150
1 11 2
26 288
1 7 2
191 292
1 15 2
304 371
1 3 2
198 476
1 13 2
264 347
1 13 2
297 409
1 13 2
80 324
1 14 2
125 398
1 4 2
457 465
1 6 2
25 291
1 3 2
129 394
1 13 2
420 455
1 4 2
332 400
1 3 2
102 253
1 10 2
427 431
1 7 2
114 316
1 6 2
170 227
1 12 2
36 351
1 13 2
177 222
1 12 2
316 373
1 3 2
18 42
1 14 2
261 398
1 4 2
79 202
1 15 2
204 328
1 12 2
35 78
1 2 2
407 423
1 14 2
327 458
1 3 2
389 425
1 3 2
80 130
1 11 2
259 324
1 5 2
107 272
1 7 2
182 449
1 14 2
5 451
1 9 2
347 364
1 15 2
39 187
1 11 2
411 439
1 4 2
401 482
1 13 2
198 296
1 3 2
1 21
1 3 2
9 298
1 9 2
175 479
1 3 2
126 445
1 9 2
52 205
1 5 2
65 239
1 5 2
254 329
1 4 2
186 193
1 13 2
210 219
1 8 2
165 322
1 10 2
42 388
1 15 2
372 457
1 14 2
21 467
1 11 2
349 350
1 15 2
342 477
1 9 2
20 156
1 14 2
235 492
1 5 2
106 451
1 7 2
108 466
1 4 2
133 257
1 15 2
287 336
1 10 2
16 374
1 11 2
98 295
1 14 2
115 270
1 11 2
113 448
1 14 2
283 343
1 6 2
67 276
1 13 2
301 358
1 3 2
126 462
1 12 2
164 336
1 12 2
218 393
1 4 2
99 448
1 4 2
152 387
1 4 2
79 463
1 14 2
102 386
1 13 2
187 211
1 4 2
71 300
1 12 2
49 384
1 14 2
463 489
1 5 2
18 393
1 12 2
143 248
1 6 2
22 382
1 2 2
144 335
1 15 2
7 307
1 12 2
149 268
1 6 2
211 433
1 14 2
413 430
1 11 2
163 310
1 9 2
103 156
1 8 2
165 457
1 14 2
159 184
1 4 2
78 239
1 4 2
168 467
1 3 2
127 221
1 11 2
220 238
1 5 2
87 133
1 14 2
204 265
1 8 2
10 69
1 10 2
277 331
1 7 2
348 398
1 14 2
391 438
1 6 2
137 201
1 12 2
14 75
1 2 2
49 227
1 12 2
45 242
1 2 2
226 472
1 8 2
363 408
1 8 2
157 167
1 7 2
278 495
1 2 2
204 437
1 7 2
213 476
1 12 2
65 169
1 4 2
195 293
1 12 2
306 445
1 7 2
184 481
1 12 2
242 278
1 11 2
183 244
1 7 2
104 391
1 8 2
437 480
1 14 2
130 462
1 10 2
229 415
1 13 2
157 448
1 9 2
361 449
1 13 2
70 457
1 10 2
179 438
1 7 2
13 280
1 12 2
135 391
1 7 2
193 382
1 14 2
304 354
1 13 2
279 454
1 4 2
16 161
1 7 2
99 289
1 10 2
352 411
1 5 2
114 370
1 11 2
330 432
1 4 2
356 491
1 15 2
75 200
1 12 2
311 417
1 13 2
184 200
1 4 2
304 483
1 14 2
143 436
1 5 2
269 318
1 14 2
222 338
1 5 2
227 417
1 8 2
110 235
1 3 2
28 90
1 11 2
12 116
1 4 2
53 299
1 7 2
270 423
1 10 2
169 365
1 5 2
42 171
1 9 2
374 495
1 5 2
172 474
1 10 2
102 241
1 3 2
373 449
1 13 2
46 433
1 11 2
69 394
1 13 2
36 417
1 8 2
145 443
1 6 2
121 237
1 11 2
213 408
1 3 2
224 324
1 4 2
256 455
1 2 2
29 59
1 12 2
45 349
1 9 2
202 313
1 3 2
37 165
1 7 2
189 467
1 11 2
112 271
1 7 2
16 370
1 11 2
282 293
1 15 2
110 121
1 4 2
310 456
1 6 2
149 219
1 9 2
162 472
1 6 2
165 187
1 12 2
54 431
1 13 2
14 248
1 12 2
122 452
1 2 2
125 307
1 10 2
218 232
1 15 2
335 438
1 13 2
208 251
1 11 2
272 373
1 15 2
352 430
1 3 2
189 427
1 3 2
117 275
1 15 2
108 201
1 14 2
210 277
1 5 2
55 341
1 11 2
244 372
1 3 2
138 486
1 4 2
223 273
1 2 2
73 193
1 7 2
322 490
1 4 2
240 374
1 15 2
253 395
1 14 2
48 443
1 11 2
27 458
1 4 2
193 467
1 9 2
8 282
1 7 2
199 368
1 6 2
313 483
1 11 2
15 196
1 8 2
26 320
1 6 2
1 345
1 3 2
30 449
1 4 2
58 427
1 9 2
60 156
1 14 2
11 44
1 4 2
226 269
1 9 2
13 408
1 12 2
429 434
1 10 2
67 376
1 15 2
29 94
1 14 2
221 409
1 10 2
343 478
1 5 2
114 345
1 12 2
119 412
1 9 2
234 293
1 14 2
376 492
1 7 2
186 422
1 9 2
21 165
1 10 2
141 311
1 12 2
155 241
1 14 2
127 397
1 8 2
13 127
1 2 2
22 214
1 13 2
87 358
1 15 2
314 399
1 14 2
33 114
1 14 2
341 401
1 14 2
342 460
1 6 2
216 437
1 15 2
111 161
1 3 2
198 448
1 3 2
365 392
1 12 2
17 80
1 8 2
345 480
1 15 2
48 229
1 8 2
162 215
1 5 2
14 175
1 5 2
96 349
1 12 2
246 357
1 3 2
31 480
1 9 2
3 359
1 6 2
59 323
1 12 2
429 471
1 9 2
187 222
1 9 2
40 429
1 2 2
93 278
1 9 2
48 358
1 5 2
337 351
1 2 2
318 497
1 10 2
36 439
1 8 2
313 317
1 9 2
31 296
1 2 2
388 399
1 3 2
248 316
1 10 2
198 218
1 6 2
0 217
1 5 2
174 225
1 7 2
53 263
1 6 2
119 131
1 3 2
267 324
1 10 2
27 42
1 10 2
33 226
1 8 2
274 423
1 13 2
21 382
1 6 2
176 229
1 11 2
49 224
1 12 2
15 23
1 15 2
316 475
1 15 2
480 487
1 6 2
187 290
1 14 2
148 355
1 13 2
239 299
1 5 2
161 455
1 13 2
190 236
1 4 2
208 428
1 2 2
339 420
1 4 2
249 303
1 6 2
134 334
1 13 2
263 330
1 9 2
68 460
1 15 2
305 349
1 15 2
383 472
1 4 2
228 403
1 11 2
112 213
1 4 2
257 361
1 5 2
298 483
1 11 2
204 375
1 10 2
463 488
1 12 2
221 250
1 13 2
182 417
1 13 2
198 279
1 11 2
154 395
1 4 2
215 473
1 8 2
35 176
1 11 2
304 437
1 9 2
219 310
1 14 2
436 478
1 15 2
363 424
1 9 2
29 139
1 11 2
186 322
1 12 2
140 428
1 6 2
272 479
1 10 2
274 282
1 9 2
41 47
1 10 2
26 204
1 7 2
301 323
1 10 2
177 470
1 10 2
236 403
1 11 2
39 465
1 3 2
165 294
1 10 2
161 426
1 13 2
254 343
1 5 2
230 475
1 10 2
299 499
1 10 2
31 239
1 2 2
366 444
1 10 2
148 287
1 15 2
123 226
1 15 2
275 286
1 12 2
54 331
1 6 2
2 253
1 2 2
435 499
1 11 2
18 241
1 10 2
211 402
1 9 2
299 399
1 3 2
253 455
1 3 2
267 327
1 3 2
117 166
1 15 2
114 159
1 2 2
260 386
1 9 2
294 454
1 10 2
54 140
1 14 2
50 256
1 3 2
406 470
1 11 2
64 483
1 3 2
16 52
1 10 2
103 324
1 13 2
68 489
1 2 2
247 441
1 5 2
319 364
1 9 2
478 495
1 5 2
128 246
1 6 2
182 261
1 3 2
38 83
1 14 2
374 412
1 15 2
64 368
1 13 2
337 401
1 6 2
368 425
1 13 2
164 422
1 8 2
157 331
1 15 2
168 441
1 9 2
132 424
1 3 2
102 429
1 4 2
21 231
1 13 2
309 387
1 8 2
330 359
1 3 2
249 312
1 12 2
327 429
1 8 2
139 381
1 15 2
302 439
1 8 2
406 435
1 9 2
101 324
1 6 2
428 448
1 14 2
8 192
1 11 2
168 197
1 8 2
246 481
1 7 2
165 416
1 10 2
448 472
1 15 2
312 336
1 8 2
242 370
1 2 2
323 400
1 2 2
217 245
1 13 2
245 302
1 4 2
153 402
1 9 2
188 436
1 9 2
299 421
1 13 2
58 400
1 7 2
291 461
1 8 2
220 489
1 7 2
69 422
1 2 2
138 427
1 4 2
117 439
1 4 2
88 349
1 6 2
19 246
1 8 2
5 109
1 10 2
126 258
1 8 2
93 366
1 3 2
162 204
1 12 2
20 184
1 11 2
1 366
1 8 2
270 416
1 6 2
0 17
1 4 2
83 182
1 14 2
159 353
1 14 2
108 499
1 2 2
235 465
1 3 2
110 153
1 6 2
413 489
1 5 2
7 51
1 3 2
145 358
1 8 2
157 482
1 11 2
54 439
1 5 2
89 299
1 12 2
341 442
1 10 2
158 341
1 4 2
211 309
1 6 2
273 407
1 9 2
20 313
1 14 2
231 287
1 13 2
63 118
1 11 2
204 221
1 8 2
10 306
1 6 2
210 372
1 2 2
108 414
1 11 2
399 494
1 6 2
100 492
1 2 2
56 460
1 9 2
449 465
1 11 2
85 101
1 10 2
291 431
1 2 2
247 257
1 12 2
4 161
1 14 2
48 295
1 10 2
95 454
1 12 2
268 286
1 5 2
68 112
1 2 2
52 74
1 7 2
148 297
1 11 2
70 136
1 3 2
17 433
1 2 2
374 382
1 3 2
192 211
1 13 2
3 499
1 3 2
295 425
1 6 2
217 325
1 9 2
337 375
1 3 2
319 321
1 5 2
178 331
1 3 2
213 474
1 6 2
47 463
1 11 2
132 372
1 8 2
193 333
1 7 2
178 323
1 5 2
475 499
1 10 2
416 473
1 10 2
277 360
1 15 2
12 83
1 8 2
323 471
1 7 2
121 273
1 10 2
291 381
1 4 2
78 389
1 13 2
32 67
1 8 2
8 345
1 6 2
107 147
1 9 2
119 349
1 4 2
115 396
1 15 2
450 461
1 6 2
100 249
1 6 2
305 474
1 5 2
389 410
1 3 2
386 499
1 8 2
257 452
1 12 2
126 264
1 14 2
266 336
1 10 2
131 373
1 13 2
269 433
1 10 2
412 436
1 7 2
231 240
1 11 2
296 499
1 14 2
32 107
1 9 2
89 454
1 5 2
230 333
1 15 2
199 342
1 3 2
157 394
1 3 2
232 295
1 6 2
277 346
1 4 2
22 438
1 2 2
181 448
1 4 2
355 465
1 13 2
334 415
1 2 2
15 239
1 6 2
248 407
1 8 2
138 165
1 8 2
5 426
1 7 2
32 286
1 11 2
415 466
1 6 2
29 429
1 6 2
217 360
1 4 2
177 284
1 4 2
316 375
1 12 2
13 145
1 15 2
196 283
1 8 2
2 359
1 8 2
121 147
1 7 2
97 417
1 10 2
25 143
1 12 2
202 446
1 9 2
268 447
1 14 2
208 398
1 4 2
169 470
1 8 2
159 177
1 11 2
273 283
1 14 2
48 138
1 4 2
135 331
1 11 2
180 498
1 14 2
40 41
1 14 2
201 250
1 12 2
197 443
1 11 2
273 360
1 3 2
264 271
1 5 2
40 359
1 15 2
296 401
1 9 2
251 353
1 4 2
7 75
1 10 2
273 339
1 14 2
381 385
1 10 2
100 397
1 7 2
2 295
1 12 2
56 146
1 9 2
104 424
1 2 2
111 407
1 3 2
331 377
1 11 2
229 249
1 6 2
30 104
1 13 2
89 321
1 6 2
295 303
1 11 2
59 213
1 9 2
132 370
1 6 2
189 365
1 13 2
10 385
1 7 2
168 420
1 2 2
4 322
1 3 2
156 240
1 3 2
114 246
1 11 2
184 266
1 8 2
188 212
1 3 2
142 447
1 6 2
215 340
1 15 2
255 466
1 12 2
3 197
1 10 2
203 210
1 6 2
319 445
1 10 2
88 124
1 10 2
255 434
1 10 2
65 70
1 2 2
141 463
1 11 2
245 487
1 5 2
185 488
1 13 2
23 164
1 9 2
142 270
1 4 2
83 241
1 11 2
29 463
1 5 2
93 319
1 13 2
11 55
1 5 2
94 122
1 13 2
219 332
1 15 2
97 318
1 8 2
266 489
1 13 2
169 175
1 14 2
65 185
1 6 2
50 201
1 7 2
1 68
1 3 2
285 392
1 7 2
215 265
1 11 2
24 53
1 12 2
118 335
1 5 2
76 173
1 8 2
152 426
1 7 2
94 264
1 2 2
93 227
1 2 2
16 472
1 10 2
121 372
1 9 2
238 310
1 10 2
60 468
1 12 2
140 268
1 12 2
61 146
1 5 2
149 281
1 12 2
262 342
1 4 2
15 76
1 14 2
141 490
1 5 2
225 385
1 14 2
119 285
1 3 2
294 349
1 15 2
31 145
1 5 2
65 135
1 15 2
379 388
1 11 2
190 405
1 15 2
4 48
1 8 2
388 402
1 4 2
29 165
1 8 2
142 285
1 3 2
8 145
1 8 2
263 350
1 14 2
194 491
1 2 2
117 441
1 11 2
109 110
1 11 2
190 370
1 10 2
88 421
1 12 2
220 386
1 9 2
105 305
1 15 2
306 499
1 11 2
11 123
1 3 2
106 386
1 6 2
244 363
1 10 2
239 310
1 7 2
50 150
1 11 2
119 407
1 15 2
144 203
1 14 2
2 428
1 11 2
107 156
1 9 2
402 445
1 12 2
94 399
1 9 2
22 486
1 5 2
175 293
1 3 2
260 491
1 7 2
138 414
1 12 2
398 423
1 7 2
283 313
1 3 2
119 438
1 8 2
69 465
1 9 2
1 31
1 9 2
230 415
1 12 2
178 220
1 13 2
17 128
1 15 2
214 477
1 11 2
49 262
1 2 2
71 333
1 9 2
298 484
1 8 2
399 446
1 15 2
388 476
1 3 2
178 185
1 6 2
51 223
1 6 2
99 225
1 13 2
76 181
1 11 2
362 472
1 4 2
131 265
1 6 2
91 393
1 12 2
211 274
1 15 2
212 407
1 12 2
51 107
1 12 2
111 285
1 4 2
365 407
1 8 2
171 428
1 10 2
408 470
1 3 2
141 299
1 2 2
148 183
1 10 2
2 232
1 11 2
112 471
1 2 2
61 92
1 15 2
223 382
1 5 2
24 165
1 10 2
1 476
1 11 2
90 183
1 6 2
354 455
1 7 2
70 341
1 4 2
178 408
1 3 2
158 297
1 6 2
210 280
1 14 2
13 182
1 15 2
351 493
1 2 2
189 441
1 2 2
45 401
1 3 2
24 160
1 10 2
357 445
1 14 2
51 155
1 2 2
10 17
1 2 2
246 460
1 4 2
190 462
1 8 2
192 286
1 13 2
23 157
1 6 2
123 292
1 8 2
415 493
1 2 2
335 460
1 3 2
1 435
1 12 2
266 442
1 10 2
299 414
1 14 2
105 169
1 15 2
61 258
1 6 2
210 384
1 10 2
436 479
1 2 2
201 481
1 8 2
108 326
1 5 2
131 474
1 11 2
61 459
1 8 2
81 343
1 3 2
320 461
1 9 2
17 24
1 6 2
39 271
1 15 2
170 454
1 5 2
35 160
1 7 2
351 486
1 13 2
148 291
1 12 2
280 490
1 4 2
209 281
1 11 2
284 400
1 5 2
88 122
1 15 2
139 200
1 15 2
56 499
1 15 2
38 450
1 10 2
168 474
1 4 2
145 192
1 5 2
65 298
1 11 2
262 264
1 9 2
200 418
1 13 2
87 119
1 5 2
161 207
1 10 2
287 370
1 3 2
132 410
1 11 2
106 337
1 11 2
237 453
1 15 2
307 494
1 4 2
0 157
1 14 2
294 295
1 12 2
215 471
1 15 2
114 398
1 8 2
11 481
1 12 2
55 88
1 12 2
96 369
1 3 2
131 359
1 3 2
240 405
1 7 2
286 292
1 15 2
338 347
1 7 2
19 473
1 11 2
202 354
1 14 2
94 374
1 13 2
389 392
1 12 2
204 290
1 15 2
220 275
1 7 2
14 323
1 14 2
217 315
1 3 2
10 472
1 12 2
200 390
1 4 2
291 372
1 14 2
128 440
1 15 2
150 290
1 15 2
66 491
1 9 2
255 460
1 11 2
185 375
1 3 2
424 473
1 3 2
338 364
1 14 2
1 438
1 4 2
83 394
1 9 2
90 328
1 6 2
432 462
1 13 2
148 283
1 9 2
133 139
1 3 2
125 161
1 7 2
93 158
1 7 2
462 470
1 14 2
56 484
1 3 2
363 431
1 4 2
51 143
1 12 2
359 409
1 13 2
315 439
1 2 2
130 411
1 11 2
180 334
1 7 2
355 426
1 8 2
7 136
1 11 2
210 361
1 5 2
77 464
1 2 2
23 277
1 5 2
141 394
1 5 2
237 268
1 15 2
20 34
1 6 2
13 346
1 7 2
361 416
1 10 2
9 96
1 6 2
33 210
1 4 2
411 412
1 11 2
134 310
1 7 2
11 385
1 9 2
163 258
1 12 2
402 465
1 4 2
163 451
1 3 2
260 372
1 7 2
46 481
1 2 2
105 165
1 7 2
31 402
1 10 2
35 121
1 7 2
57 80
1 14 2
232 274
1 13 2
313 344
1 2 2
58 252
1 11 2
22 243
1 3 2
176 324
1 14 2
306 470
1 3 2
173 361
1 8 2
450 481
1 8 2
396 497
1 8 2
270 472
1 10 2
107 396
1 12 2
210 499
1 5 2
6 217
1 5 2
119 134
1 2 2
273 396
1 12 2
352 407
1 12 2
217 330
1 2 2
216 461
1 11 2
154 166
1 6 2
19 436
1 13 2
319 475
1 15 2
64 421
1 15 2
295 305
1 14 2
125 367
1 7 2
62 282
1 15 2
165 306
1 15 2
203 484
1 14 2
26 233
1 3 2
68 152
1 9 2
172 186
1 3 2
85 303
1 9 2
25 251
1 10 2
219 402
1 10 2
287 363
1 14 2
452 489
1 2 2
199 410
1 9 2
12 105
1 6 2
161 279
1 14 2
294 307
1 2 2
13 248
1 11 2
30 125
1 15 2
59 156
1 11 2
246 386
1 4 2
154 227
1 13 2
18 458
1 13 2
94 202
1 5 2
236 335
1 9 2
61 482
1 5 2
54 368
1 2 2
163 189
1 3 2
2 16
1 15 2
405 471
1 15 2
31 245
1 11 2
300 448
1 9 2
122 211
1 13 2
143 400
1 2 2
4 293
1 10 2
124 181
1 3 2
349 455
1 9 2
235 469
1 8 2
9 288
1 10 2
280 472
1 11 2
53 428
1 2 2
426 466
1 15 2
248 461
1 8 2
322 466
1 12 2
71 429
1 13 2
7 249
1 8 2
10 28
1 15 2
4 118
1 14 2
337 338
1 6 2
26 75
1 8 2
28 241
1 8 2
100 369
1 9 2
316 495
1 9 2
173 471
1 2 2
53 278
1 9 2
55 288
1 9 2
489 492
1 15 2
259 411
1 4 2
166 351
1 14 2
266 434
1 4 2
251 265
1 3 2
106 147
1 11 2
48 123
1 2 2
42 461
1 4 2
69 448
1 15 2
198 243
1 9 2
54 113
1 10 2
179 307
1 2 2
386 420
1 11 2
57 355
1 15 2
225 389
1 8 2
278 358
1 6 2
370 495
1 10 2
171 343
1 14 2
133 401
1 9 2
105 386
1 8 2
272 391
1 3 2
34 262
1 12 2
463 475
1 9 2
320 355
1 3 2
307 360
1 6 2
117 260
1 7 2
240 259
1 13 2
11 448
1 3 2
237 274
1 9 2
290 379
1 6 2
184 480
1 12 2
311 405
1 12 2
91 479
1 4 2
188 235
1 6 2
7 9
1 4 2
86 414
1 7 2
149 187
1 13 2
356 406
1 10 2
152 189
1 12 2
221 282
1 10 2
96 393
1 8 2
270 303
1 7 2
113 294
1 7 2
345 376
1 6 2
328 498
1 9 2
169 377
1 6 2
225 451
1 12 2
104 212
1 14 2
89 424
1 8 2
147 244
1 10 2
254 371
1 4 2
95 197
1 8 2
137 287
1 10 2
190 469
1 4 2
364 447
1 14 2
54 228
1 7 2
123 372
1 15 2
215 395
1 6 2
41 319
1 7 2
114 194
1 4 2
43 417
1 12 2
380 404
1 11 2
23 25
1 2 2
41 318
1 2 2
5 327
1 8 2
118 119
1 15 2
31 220
1 3 2
228 437
1 15 2
242 421
1 9 2
109 215
1 11 2
148 150
1 15 2
94 186
1 4 2
29 275
1 4 2
118 267
1 11 2
195 241
1 11 2
307 312
1 14 2
14 267
1 4 2
78 354
1 8 2
48 364
1 8 2
147 249
1 11 2
182 242
1 10 2
58 151
1 12 2
50 143
1 12 2
195 491
1 3 2
112 479
1 8 2
179 323
1 7 2
171 313
1 10 2
170 447
1 8 2
221 423
1 8 2
131 448
1 13 2
55 327
1 13 2
253 407
1 15 2
235 391
1 8 2
29 263
1 7 2
161 471
1 3 2
104 113
1 12 2
116 480
1 13 2
309 416
1 5 2
76 153
1 10 2
81 306
1 9 2
31 244
1 14 2
215 292
1 7 2
142 360
1 12 2
175 317
1 8 2
62 156
1 9 2
21 364
1 9 2
1 70
1 8 2
338 411
1 11 2
165 477
1 9 2
323 482
1 5 2
147 160
1 11 2
123 436
1 9 2
372 392
1 8 2
34 197
1 2 2
143 220
1 2 2
79 366
1 5 2
238 262
1 6 2
109 334
1 11 2
182 190
1 11 2
18 153
1 7 2
58 80
1 8 2
237 448
1 13 2
409 432
1 13 2
26 271
1 7 2
105 220
1 11 2
245 418
1 10 2
27 285
1 15 2
68 231
1 13 2
153 275
1 7 2
136 449
1 6 2
131 212
1 15 2
149 246
1 15 2
268 386
1 3 2
157 283
1 11 2
322 383
1 4 2
248 467
1 9 2
28 341
1 15 2
333 381
1 7 2
25 396
1 11 2
227 414
1 10 2
245 336
1 15 2
294 317
1 2 2
166 225
1 8 2
80 360
1 7 2
65 241
1 2 2
63 400
1 2 2
122 264
1 10 2
48 342
1 5 2
31 382
1 15 2
32 142
1 14 2
12 30
1 13 2
5 205
1 13 2
85 307
1 11 2
95 111
1 6 2
281 496
1 2 2
51 487
1 2 2
186 448
1 7 2
70 97
1 9 2
358 379
1 6 2
87 353
1 9 2
206 303
1 15 2
27 37
1 14 2
9 355
1 15 2
271 399
1 8 2
219 480
1 14 2
283 430
1 12 2
48 361
1 2 2
1 443
1 8 2
74 149
1 10 2
329 368
1 10 2
132 163
1 12 2
13 363
1 5 2
134 181
1 15 2
112 292
1 7 2
132 194
1 6 2
19 23
1 6 2
69 129
1 2 2
25 378
1 2 2
262 447
1 9 2
19 293
1 2 2
427 492
1 9 2
381 464
1 9 2
141 498
1 7 2
63 271
1 5 2
197 230
1 8 2
56 187
1 6 2
89 241
1 10 2
54 169
1 12 2
108 405
1 14 2
138 484
1 6 2
71 289
1 11 2
84 289
1 3 2
214 420
1 3 2
83 169
1 6 2
128 272
1 15 2
146 263
1 14 2
34 287
1 2 2
270 434
1 3 2
125 458
1 9 2
352 403
1 8 2
63 69
1 10 2
117 381
1 3 2
114 428
1 7 2
418 450
1 11 2
212 236
1 15 2
284 395
1 3 2
65 330
1 7 2
482 483
1 13 2
276 331
1 14 2
169 224
1 11 2
54 298
1 9 2
60 124
1 12 2
151 180
1 3 2
46 410
1 15 2
116 293
1 8 2
448 450
1 3 2
13 169
1 3 2
37 124
1 10 2
56 181
1 9 2
289 463
1 2 2
195 447
1 10 2
225 418
1 3 2
241 497
1 4 2
46 99
1 7 2
185 231
1 4 2
356 495
1 12 2
143 386
1 13 2
424 463
1 12 2
259 404
1 5 2
88 111
1 12 2
41 81
1 2 2
222 481
1 7 2
192 463
1 11 2
40 158
1 8 2
261 274
1 9 2
282 359
1 4 2
293 422
1 5 2
91 240
1 9 2
102 256
1 6 2
25 132
1 3 2
26 44
1 8 2
431 470
1 11 2
120 140
1 13 2
405 478
1 5 2
29 396
1 6 2
111 479
1 3 2
303 331
1 6 2
242 397
1 4 2
80 383
1 5 2
124 335
1 6 2
362 403
1 12 2
103 184
1 15 2
36 419
1 2 2
3 294
1 11 2
313 496
1 14 2
29 322
1 10 2
279 389
1 6 2
406 469
1 2 2
133 286
1 12 2
360 417
1 4 2
33 497
1 2 2
167 312
1 9 2
465 479
1 3 2
263 414
1 2 2
55 392
1 10 2
182 186
1 10 2
200 405
1 10 2
7 241
1 3 2
146 333
1 13 2
197 281
1 6 2
19 370
1 8 2
84 378
1 9 2
148 443
1 9 2
232 359
1 13 2
274 409
1 5 2
417 450
1 14 2
15 117
1 6 2
164 261
1 7 2
368 370
1 4 2
400 437
1 15 2
0 433
1 11 2
38 270
1 8 2
255 403
1 6 2
225 371
1 9 2
276 480
1 10 2
199 259
1 3 2
242 478
1 7 2
39 441
1 13 2
78 140
1 15 2
4 178
1 11 2
334 479
1 5 2
155 397
1 7 2
93 472
1 7 2
87 366
1 14 2
103 375
1 13 2
198 477
1 4 2
103 117
1 3 2
419 459
1 3 2
137 354
1 4 2
374 380
1 9 2
94 128
1 13 2
306 380
1 13 2
340 378
1 2 2
84 155
1 4 2
28 145
1 11 2
211 360
1 10 2
271 312
1 2 2
350 477
1 2 2
158 188
1 4 2
9 376
1 12 2
187 371
1 5 2
57 271
1 5 2
175 419
1 2 2
99 497
1 8 2
383 431
1 7 2
90 235
1 3 2
121 220
1 12 2
296 383
1 6 2
441 452
1 10 2
430 439
1 3 2
10 71
1 3 2
68 385
1 3 2
55 281
1 9 2
167 315
1 6 2
308 424
1 6 2
77 163
1 6 2
370 442
1 7 2
239 245
1 8 2
5 449
1 2 2
124 475
1 10 2
61 71
1 8 2
174 238
1 10 2
290 497
1 5 2
116 289
1 11 2
194 315
1 9 2
7 169
1 13 2
56 266
1 4 2
9 222
1 5 2
23 146
1 13 2
97 401
1 11 2
229 388
1 10 2
322 387
1 8 2
334 355
1 13 2
333 397
1 15 2
381 409
1 3 2
26 373
1 2 2
179 344
1 6 2
32 263
1 14 2
59 204
1 9 2
30 251
1 2 2
14 403
1 11 2
215 245
1 12 2
207 438
1 8 2
94 294
1 7 2
93 393
1 15 2
69 141
1 2 2
46 210
1 2 2
100 466
1 2 2
272 335
1 11 2
72 75
1 11 2
258 442
1 12 2
96 411
1 6 2
23 60
1 4 2
324 408
1 9 2
365 478
1 2 2
74 399
1 5 2
297 369
1 4 2
179 228
1 10 2
60 329
1 9 2
18 210
1 14 2
271 339
1 5 2
253 330
1 9 2
138 203
1 15 2
399 413
1 14 2
347 442
1 2 2
172 382
1 5 2
114 321
1 5 2
78 364
1 15 2
188 222
1 2 2
14 439
1 4 2
27 261
1 6 2
34 53
1 4 2
241 385
1 12 2
280 416
1 15 2
83 473
1 3 2
281 282
1 10 2
42 191
1 14 2
92 153
1 12 2
143 497
1 14 2
220 291
1 5 2
262 364
1 2 2
271 283
1 15 2
153 276
1 14 2
283 421
1 12 2
318 441
1 11 2
274 330
1 7 2
149 201
1 8 2
175 227
1 15 2
75 184
1 12 2
80 109
1 12 2
10 364
1 5 2
285 432
1 6 2
304 393
1 12 2
187 374
1 15 2
76 222
1 2 2
168 356
1 12 2
42 304
1 7 2
280 341
1 7 2
131 458
1 13 2
371 401
1 2 2
275 300
1 6 2
92 316
1 2 2
249 297
1 8 2
393 450
1 11 2
218 224
1 8 2
28 299
1 3 2
374 387
1 6 2
216 283
1 12 2
282 404
1 15 2
82 470
1 7 2
122 439
1 8 2
21 284
1 4 2
140 372
1 15 2
329 377
1 13 2
172 467
1 4 2
14 371
1 6 2
99 247
1 3 2
32 268
1 9 2
2 93
1 15 2
173 228
1 15 2
74 111
1 12 2
240 292
1 5 2
180 255
1 8 2
171 308
1 13 2
155 496
1 11 2
40 318
1 3 2
40 391
1 15 2
116 414
1 12 2
231 321
1 4 2
434 481
1 12 2
15 407
1 12 2
135 225
1 12 2
300 417
1 5 2
99 241
1 4 2
134 365
1 14 2
211 423
1 6 2
115 155
1 11 2
1 232
1 9 2
34 68
1 5 2
248 496
1 15 2
104 296
1 12 2
246 333
1 5 2
8 246
1 10 2
140 474
1 14 2
10 371
1 7 2
35 65
1 13 2
355 411
1 15 2
235 408
1 5 2
325 416
1 3 2
92 154
1 3 2
18 385
1 3 2
445 486
1 7 2
211 472
1 8 2
35 193
1 5 2
240 345
1 9 2
241 468
1 5 2
253 488
1 2 2
82 366
1 4 2
416 428
1 4 2
409 465
1 2 2
301 446
1 11 2
71 248
1 11 2
237 477
1 8 2
1 8
1 7 2
272 425
1 15 2
248 273
1 12 2
48 132
1 7 2
267 439
1 7 2
313 397
1 7 2
161 330
1 4 2
198 463
1 10 2
273 350
1 12 2
91 110
1 10 2
2 348
1 10 2
225 253
1 11 2
272 356
1 5 2
316 376
1 4 2
46 94
1 14 2
145 432
1 6 2
205 390
1 12 2
25 303
1 2 2
101 300
1 13 2
24 89
1 2 2
332 373
1 8 2
322 373
1 3 2
169 349
1 9 2
40 362
1 7 2
71 408
1 3 2
124 153
1 8 2
150 257
1 4 2
49 207
1 10 2
163 412
1 7 2
106 130
1 7 2
134 432
1 5 2
20 21
1 13 2
234 278
1 9 2
76 411
1 13 2
57 71
1 9 2
116 469
1 13 2
59 400
1 15 2
254 314
1 14 2
129 139
1 8 2
384 419
1 9 2
84 415
1 8 2
123 478
1 5 2
121 389
1 14 2
9 446
1 11 2
438 495
1 2 2
353 377
1 5 2
380 422
1 13 2
274 432
1 8 2
57 63
1 14 2
270 468
1 4 2
140 394
1 3 2
390 438
1 7 2
86 242
1 13 2
68 91
1 11 2
89 271
1 6 2
145 248
1 15 2
254 441
1 15 2
155 392
1 7 2
166 177
1 12 2
46 317
1 3 2
171 230
1 8 2
11 142
1 13 2
188 482
1 3 2
6 489
1 11 2
327 335
1 14 2
94 212
1 6 2
242 489
1 7 2
72 283
1 8 2
131 200
1 12 2
19 478
1 9 2
7 107
1 6 2
229 446
1 15 2
119 421
1 15 2
218 488
1 4 2
131 187
1 13 2
128 387
1 8 2
6 338
1 12 2
185 274
1 11 2
12 149
1 12 2
135 466
1 9 2
162 412
1 10 2
252 359
1 3 2
164 297
1 4 2
36 143
1 14 2
411 479
1 5 2
437 455
1 8 2
82 84
1 5 2
24 281
1 12 2
185 405
1 5 2
112 365
1 9 2
162 264
1 9 2
198 281
1 7 2
36 448
1 15 2
209 266
1 8 2
238 305
1 6 2
27 75
1 10 2
15 278
1 3 2
16 477
1 10 2
451 452
1 12 2
353 391
1 14 2
386 402
1 8 2
65 441
1 10 2
342 421
1 9 2
49 217
1 10 2
339 462
1 4 2
143 404
1 7 2
434 449
1 7 2
249 344
1 3 2
55 374
1 4 2
157 483
1 15 2
105 393
1 11 2
45 406
1 11 2
80 484
1 12 2
88 108
1 4 2
14 71
1 9 2
8 236
1 10 2
306 441
1 13 2
44 151
1 6 2
31 137
1 15 2
240 266
1 7 2
140 374
1 14 2
236 354
1 2 2
344 364
1 15 2
237 464
1 2 2
196 443
1 6 2
246 433
1 3 2
322 360
1 2 2
97 452
1 6 2
13 228
1 8 2
23 24
1 3 2
108 479
1 15 2
152 301
1 7 2
9 255
1 4 2
242 458
1 11 2
476 482
1 6 2
69 196
1 9 2
170 221
1 5 2
369 410
1 10 2
244 296
1 11 2
11 66
1 8 2
72 450
1 13 2
346 387
1 4 2
87 415
1 4 2
4 209
1 8 2
155 249
1 3 2
253 346
1 14 2
14 365
1 8 2
26 434
1 8 2
80 292
1 2 2
177 201
1 6 2
94 465
1 13 2
7 438
1 2 2
149 467
1 2 2
441 480
1 2 2
186 205
1 10 2
10 483
1 10 2
89 195
1 8 2
69 190
1 15 2
27 99
1 8 2
90 129
1 7 2
457 460
1 7 2
18 344
1 10 2
234 251
1 3 2
9 256
1 11 2
93 499
1 8 2
275 408
1 3 2
240 428
1 2 2
187 425
1 9 2
221 411
1 8 2
110 254
1 5 2
26 346
1 8 2
43 393
1 13 2
179 255
1 10 2
7 47
1 2 2
162 347
1 2 2
46 369
1 13 2
268 455
1 11 2
230 382
1 15 2
97 106
1 10 2
189 342
1 15 2
59 252
1 2 2
24 386
1 3 2
171 229
1 7 2
101 235
1 8 2
417 439
1 4 2
0 468
1 8 2
168 429
1 4 2
306 421
1 7 2
349 497
1 15 2
255 320
1 4 2
202 430
1 15 2
198 240
1 15 2
20 42
1 9 2
337 442
1 3 2
280 376
1 7 2
332 460
1 15 2
67 449
1 7 2
254 444
1 8 2
180 378
1 15 2
357 411
1 14 2
286 478
1 5 2
291 320
1 7 2
72 353
1 15 2
397 474
1 14 2
9 112
1 7 2
305 459
1 15 2
79 377
1 3 2
94 427
1 3 2
215 246
1 4 2
46 267
1 5 2
228 262
1 11 2
172 217
1 12 2
290 340
1 2 2
16 376
1 3 2
168 423
1 8 2
367 380
1 3 2
144 473
1 14 2
26 262
1 10 2
21 338
1 11 2
137 495
1 4 2
259 442
1 10 2
287 386
1 15 2
164 469
1 14 2
15 245
1 2 2
148 335
1 13 2
192 314
1 3 2
27 468
1 10 2
17 451
1 11 2
30 35
1 14 2
13 31
1 7 2
0 429
1 6 2
245 404
1 2 2
223 449
1 5 2
331 418
1 8 2
3 146
1 15 2
304 322
1 8 2
46 487
1 13 2
134 417
1 10 2
65 494
1 14 2
5 54
1 10 2
326 393
1 2 2
118 306
1 9 2
78 384
1 4 2
28 495
1 5 2
179 216
1 11 2
0 84
1 6 2
22 124
1 12 2
162 473
1 7 2
101 384
1 13 2
198 269
1 4 2
63 251
1 2 2
73 75
1 9 2
245 427
1 11 2
214 225
1 12 2
44 234
1 8 2
136 243
1 9 2
94 266
1 2 2
372 468
1 5 2
212 402
1 6 2
266 314
1 10 2
4 65
1 7 2
1 437
1 6 2
341 417
1 14 2
248 460
1 8 2
459 472
1 11 2
310 350
1 8 2
287 462
1 9 2
293 381
1 13 2
193 261
1 15 2
360 498
1 6 2
195 233
1 9 2
60 189
1 13 2
109 414
1 11 2
261 375
1 7 2
277 458
1 12 2
92 398
1 2 2
44 357
1 11 2
300 369
1 9 2
409 441
1 6 2
51 433
1 6 2
33 368
1 13 2
219 226
1 5 2
70 413
1 10 2
86 481
1 13 2
17 443
1 11 2
216 404
1 14 2
70 314
1 3 2
63 402
1 12 2
114 225
1 5 2
25 374
1 8 2
281 481
1 14 2
122 156
1 13 2
421 496
1 3 2
61 86
1 2 2
380 451
1 6 2
331 374
1 5 2
78 189
1 15 2
284 290
1 10 2
213 398
1 14 2
125 299
1 8 2
224 371
1 4 2
234 347
1 11 2
252 452
1 3 2
56 210
1 11 2
5 435
1 7 2
322 364
1 7 2
320 478
1 10 2
90 93
1 13 2
106 489
1 11 2
320 440
1 15 2
161 262
1 12 2
130 438
1 5 2
86 238
1 3 2
218 403
1 7 2
136 350
1 15 2
230 440
1 8 2
20 115
1 13 2
113 477
1 7 2
249 472
1 4 2
13 108
1 9 2
74 168
1 6 2
313 499
1 4 2
282 499
1 9 2
168 409
1 3 2
360 423
1 7 2
176 488
1 15 2
215 241
1 4 2
51 293
1 15 2
371 378
1 5 2
165 405
1 10 2
162 420
1 11 2
199 326
1 10 2
67 313
1 8 2
232 383
1 10 2
138 452
1 6 2
201 435
1 4 2
180 379
1 15 2
275 451
1 2 2
358 404
1 4 2
394 407
1 13 2
196 455
1 3 2
371 434
1 10 2
367 456
1 14 2
368 410
1 15 2
132 325
1 15 2
75 90
1 12 2
85 176
1 3 2
334 444
1 2 2
240 256
1 2 2
103 181
1 6 2
368 463
1 13 2
88 95
1 12 2
14 462
1 6 2
10 157
1 13 2
382 486
1 4 2
58 418
1 9 2
75 166
1 7 2
100 163
1 12 2
379 389
1 12 2
98 274
1 7 2
106 427
1 12 2
76 450
1 4 2
256 425
1 8 2
306 431
1 6 2
304 369
1 4 2
50 161
1 9 2
241 407
1 5 2
33 222
1 12 2
156 388
1 14 2
183 332
1 8 2
186 340
1 11 2
105 349
1 3 2
248 419
1 10 2
271 425
1 7 2
349 477
1 6 2
75 460
1 14 2
287 471
1 10 2
304 435
1 14 2
87 253
1 3 2
24 81
1 9 2
113 226
1 6 2
14 144
1 11 2
54 68
1 10 2
106 471
1 5 2
241 433
1 13 2
214 409
1 3 2
111 172
1 4 2
239 302
1 7 2
271 398
1 9 2
35 171
1 7 2
444 495
1 8 2
183 492
1 10 2
88 245
1 7 2
27 248
1 4 2
293 344
1 11 2
16 497
1 11 2
346 417
1 3 2
13 439
1 3 2
379 452
1 13 2
76 348
1 8 2
200 223
1 9 2
12 444
1 7 2
154 195
1 3 2
174 270
1 8 2
70 463
1 4 2
240 421
1 8 2
332 350
1 15 2
441 454
1 3 2
351 371
1 14 2
169 254
1 7 2
10 100
1 14 2
485 486
1 14 2
80 127
1 10 2
70 84
1 11 2
208 488
1 5 2
130 286
1 13 2
90 304
1 6 2
58 362
1 14 2
65 257
1 2 2
273 477
1 15 2
146 240
1 13 2
414 422
1 2 2
205 495
1 12 2
150 434
1 10 2
123 142
1 11 2
275 498
1 9 2
208 434
1 2 2
0 120
1 13 2
58 306
1 3 2
145 402
1 13 2
186 362
1 5 2
189 416
1 11 2
158 373
1 10 2
42 310
1 8 2
18 132
1 5 2
180 351
1 15 2
179 489
1 11 2
51 222
1 14 2
114 391
1 15 2
118 254
1 6 2
46 260
1 9 2
134 346
1 14 2
295 477
1 5 2
205 366
1 2 2
17 31
1 11 2
196 359
1 11 2
243 304
1 12 2
318 471
1 9 2
204 241
1 12 2
212 290
1 10 2
2 39
1 8 2
114 331
1 5 2
289 413
1 15 2
298 405
1 5 2
95 99
1 13 2
330 444
1 4 2
86 279
1 12 2
323 451
1 8 2
435 461
1 13 2
176 254
1 12 2
248 300
1 9 2
92 194
1 12 2
174 394
1 9 2
172 276
1 12 2
330 458
1 5 2
115 422
1 4 2
68 195
1 2 2
126 332
1 4 2
30 77
1 14 2
310 340
1 12 2
73 236
1 2 2
129 246
1 4 2
181 253
1 14 2
217 383
1 12 2
230 380
1 9 2
164 234
1 10 2
91 220
1 12 2
195 465
1 12 2
73 424
1 2 2
4 184
1 5 2
95 289
1 7 2
75 172
1 14 2
210 367
1 7 2
348 366
1 4 2
184 275
1 15 2
224 461
1 4 2
18 278
1 15 2
34 104
1 2 2
274 325
1 9 2
17 46
1 3 2
206 320
1 15 2
234 495
1 9 2
138 145
1 9 2
113 478
1 13 2
228 299
1 8 2
62 269
1 11 2
128 293
1 3 2
113 140
1 2 2
104 306
1 4 2
20 478
1 8 2
119 443
1 13 2
28 73
1 13 2
446 447
1 10 2
266 456
1 10 2
272 477
1 12 2
64 327
1 2 2
315 420
1 7 2
261 354
1 12 2
149 492
1 10 2
234 476
1 4 2
17 232
1 13 2
358 449
1 10 2
106 117
1 10 2
268 389
1 13 2
234 323
1 8 2
372 499
1 11 2
16 311
1 8 2
151 410
1 14 2
7 58
1 11 2
48 221
1 14 2
176 280
1 10 2
5 481
1 5 2
167 428
1 6 2
42 223
1 2 2
72 244
1 4 2
204 214
1 10 2
32 63
1 13 2
232 420
1 10 2
211 490
1 5 2
130 179
1 8 2
187 385
1 11 2
250 279
1 4 2
96 155
1 8 2
327 410
1 14 2
14 123
1 2 2
365 383
1 15 2
72 498
1 15 2
91 113
1 9 2
287 434
1 2 2
233 279
1 7 2
130 496
1 2 2
146 232
1 13 2
13 206
1 12 2
293 427
1 12 2
79 306
1 8 2
11 14
1 4 2
367 372
1 10 2
55 355
1 11 2
267 478
1 6 2
128 343
1 13 2
70 284
1 6 2
334 421
1 14 2
8 165
1 3 2
218 423
1 13 2
102 262
1 10 2
53 188
1 14 2
84 494
1 14 2
126 282
1 11 2
18 402
1 8 2
289 351
1 4 2
112 486
1 13 2
126 341
1 4 2
7 303
1 7 2
395 444
1 12 2
103 452
1 4 2
122 251
1 15 2
71 209
1 7 2
240 375
1 7 2
197 444
1 5 2
73 93
1 9 2
46 471
1 10 2
264 378
1 4 2
244 298
1 2 2
205 254
1 13 2
125 339
1 10 2
303 337
1 2 2
231 461
1 3 2
57 425
1 8 2
191 331
1 2 2
163 190
1 15 2
329 361
1 4 2
256 400
1 12 2
257 300
1 6 2
167 361
1 12 2
157 189
1 3 2
8 389
1 6 2
348 436
1 2 2
350 484
1 13 2
54 223
1 10 2
431 485
1 14 2
100 353
1 12 2
139 172
1 6 2
244 365
1 6 2
202 464
1 8 2
286 290
1 10 2
242 314
1 4 2
99 490
1 9 2
120 397
1 6 2
33 408
1 4 2
159 309
1 5 2
132 348
1 4 2
103 457
1 12 2
358 479
1 12 2
84 326
1 12 2
228 408
1 13 2
191 315
1 11 2
196 327
1 15 2
54 84
1 4 2
205 252
1 12 2
34 64
1 11 2
134 159
1 13 2
21 65
1 12 2
40 441
1 15 2
6 214
1 11 2
33 490
1 12 2
329 430
1 2 2
240 303
1 9 2
17 477
1 11 2
120 334
1 14 2
363 385
1 15 2
326 445
1 9 2
120 495
1 10 2
280 396
1 2 2
61 172
1 7 2
77 274
1 4 2
350 489
1 6 2
65 361
1 3 2
130 196
1 2 2
44 491
1 8 2
29 144
1 5 2
232 336
1 9 2
310 424
1 6 2
137 452
1 9 2
156 431
1 2 2
200 370
1 14 2
363 440
1 11 2
400 456
1 6 2
232 365
1 4 2
190 492
1 9 2
187 320
1 15 2
45 337
1 8 2
412 466
1 5 2
48 196
1 13 2
46 175
1 15 2
188 423
1 7 2
280 372
1 5 2
102 213
1 3 2
4 432
1 14 2
208 478
1 2 2
148 397
1 7 2
72 157
1 14 2
155 201
1 3 2
128 490
1 11 2
25 304
1 8 2
156 470
1 6 2
318 433
1 13 2
154 265
1 5 2
172 257
1 9 2
13 422
1 13 2
186 484
1 4 2
116 223
1 15 2
18 414
1 12 2
160 175
1 12 2
252 281
1 4 2
291 492
1 11 2
98 435
1 6 2
223 248
1 2 2
174 360
1 12 2
339 403
1 9 2
258 363
1 13 2
186 295
1 10 2
160 375
1 4 2
129 451
1 8 2
117 327
1 11 2
290 386
1 11 2
74 450
1 7 2
262 321
1 6 2
269 438
1 2 2
62 443
1 12 2
41 472
1 12 2
162 278
1 8 2
124 438
1 13 2
285 327
1 8 2
191 212
1 7 2
133 138
1 4 2
130 245
1 5 2
75 190
1 8 2
333 439
1 13 2
280 465
1 3 2
435 490
1 15 2
127 232
1 9 2
69 433
1 7 2
128 368
1 10 2
124 437
1 12 2
85 487
1 9 2
38 446
1 12 2
275 281
1 11 2
269 356
1 4 2
302 312
1 12 2
20 270
1 8 2
296 496
1 2 2
376 410
1 13 2
4 458
1 6 2
106 382
1 5 2
3 184
1 13 2
154 429
1 5 2
1 39
1 14 2
471 487
1 14 2
39 148
1 12 2
407 450
1 3 2
441 486
1 9 2
82 113
1 12 2
184 390
1 3 2
111 446
1 14 2
162 436
1 11 2
122 425
1 12 2
205 468
1 5 2
120 181
1 10 2
34 416
1 8 2
274 349
1 3 2
71 92
1 7 2
279 445
1 12 2
243 309
1 13 2
160 197
1 12 2
395 494
1 5 2
111 240
1 10 2
271 437
1 5 2
48 252
1 9 2
131 315
1 13 2
67 177
1 12 2
322 467
1 11 2
241 256
1 8 2
283 413
1 15 2
13 339
1 12 2
152 245
1 5 2
103 408
1 10 2
433 474
1 5 2
223 353
1 8 2
179 416
1 9 2
82 487
1 4 2
25 167
1 11 2
34 162
1 3 2
42 439
1 12 2
47 437
1 15 2
180 322
1 3 2
361 373
1 11 2
29 132
1 12 2
22 484
1 9 2
329 460
1 9 2
355 413
1 2 2
83 381
1 9 2
278 349
1 7 2
70 220
1 6 2
164 185
1 8 2
142 185
1 5 2
243 332
1 4 2
238 441
1 6 2
119 437
1 11 2
301 352
1 15 2
184 263
1 13 2
198 316
1 8 2
117 221
1 11 2
100 321
1 10 2
44 299
1 5 2
205 348
1 9 2
364 460
1 8 2
336 423
1 15 2
215 366
1 15 2
97 454
1 11 2
142 224
1 5 2
117 411
1 6 2
66 275
1 10 2
437 495
1 8 2
185 442
1 12 2
237 414
1 2 2
40 294
1 3 2
131 210
1 12 2
4 476
1 6 2
144 295
1 12 2
21 56
1 3 2
95 394
1 3 2
43 346
1 12 2
56 490
1 10 2
41 103
1 4 2
12 403
1 2 2
261 313
1 2 2
254 269
1 15 2
68 491
1 7 2
30 168
1 2 2
317 461
1 11 2
113 389
1 5 2
72 239
1 4 2
58 285
1 10 2
30 461
1 14 2
113 362
1 3 2
135 496
1 9 2
162 208
1 5 2
256 258
1 10 2
360 400
1 2 2
235 323
1 15 2
229 330
1 8 2
5 120
1 8 2
182 200
1 15 2
179 372
1 13 2
227 472
1 8 2
281 323
1 5 2
363 466
1 3 2
445 492
1 6 2
3 367
1 5 2
90 189
1 14 2
124 174
1 13 2
306 469
1 5 2
283 432
1 14 2
84 417
1 4 2
277 456
1 11 2
24 367
1 9 2
71 125
1 7 2
57 292
1 3 2
332 422
1 8 2
278 285
1 11 2
155 319
1 3 2
168 282
1 9 2
338 404
1 7 2
93 178
1 9 2
347 446
1 9 2
331 466
1 10 2
127 463
1 3 2
6 113
1 6 2
216 339
1 4 2
143 314
1 10 2
293 320
1 12 2
216 375
1 13 2
188 310
1 3 2
19 93
1 7 2
470 484
1 13 2
22 137
1 11 2
69 432
1 9 2
4 368
1 9 2
75 110
1 15 2
437 485
1 14 2
232 458
1 9 2
84 253
1 12 2
79 298
1 6 2
112 204
1 6 2
92 362
1 13 2
191 329
1 12 2
358 481
1 11 2
158 406
1 8 2
202 254
1 10 2
241 356
1 15 2
51 159
1 13 2
346 402
1 12 2
258 378
1 6 2
162 203
1 9 2
409 440
1 11 2
167 293
1 5 2
114 423
1 5 2
20 481
1 4 2
325 497
1 11 2
187 387
1 3 2
182 262
1 13 2
107 208
1 10 2
365 451
1 4 2
160 377
1 11 2
154 455
1 13 2
299 404
1 2 2
367 399
1 14 2
298 491
1 9 2
178 267
1 11 2
128 443
1 11 2
473 479
1 12 2
199 266
1 5 2
128 156
1 3 2
245 340
1 13 2
136 337
1 9 2
298 449
1 7 2
267 318
1 13 2
135 428
1 13 2
388 464
1 10 2
368 471
1 15 2
20 352
1 11 2
128 449
1 10 2
224 348
1 14 2
372 429
1 7 2
111 256
1 5 2
27 292
1 13 2
276 298
1 12 2
457 492
1 5 2
88 170
1 2 2
59 409
1 3 2
102 126
1 3 2
110 468
1 11 2
23 300
1 5 2
182 344
1 8 2
13 288
1 6 2
33 333
1 12 2
151 497
1 11 2
171 479
1 9 2
219 233
1 2 2
77 313
1 13 2
160 184
1 13 2
92 391
1 5 2
121 210
1 4 2
256 351
1 9 2
283 493
1 9 2
56 108
1 9 2
63 474
1 2 2
11 52
1 13 2
0 6
1 6 2
236 348
1 6 2
273 409
1 9 2
176 493
1 11 2
478 496
1 11 2
56 98
1 7 2
233 391
1 14 2
50 277
1 7 2
74 483
1 5 2
314 449
1 8 2
147 256
1 3 2
125 349
1 4 2
28 416
1 10 2
149 474
1 15 2
281 475
1 15 2
409 418
1 10 2
126 180
1 6 2
27 370
1 10 2
477 492
1 5 2
116 451
1 13 2
31 409
1 10 2
172 208
1 13 2
445 478
1 7 2
76 455
1 7 2
294 351
1 11 2
240 444
1 9 2
118 367
1 11 2
229 454
1 7 2
211 489
1 3 2
79 483
1 7 2
22 354
1 9 2
212 341
1 2 2
338 449
1 9 2
32 324
1 15 2
75 237
1 7 2
236 440
1 8 2
113 296
1 10 2
78 491
1 15 2
234 349
1 6 2
401 449
1 9 2
57 402
1 5 2
83 328
1 8 2
279 439
1 10 2
30 45
1 7 2
426 429
1 4 2
75 185
1 2 2
160 364
1 10 2
283 341
1 8 2
61 186
1 6 2
20 470
1 6 2
424 462
1 2 2
284 330
1 4 2
238 318
1 8 2
141 254
1 15 2
238 264
1 14 2
40 433
1 11 2
96 355
1 9 2
21 60
1 7 2
107 468
1 7 2
160 470
1 2 2
202 497
1 9 2
49 323
1 4 2
287 315
1 6 2
408 438
1 11 2
243 480
1 8 2
310 347
1 15 2
18 342
1 11 2
46 430
1 10 2
18 463
1 11 2
137 405
1 10 2
224 385
1 14 2
199 333
1 14 2
67 490
1 8 2
20 394
1 11 2
98 118
1 9 2
111 154
1 10 2
148 171
1 2 2
203 421
1 5 2
359 472
1 6 2
95 281
1 11 2
66 492
1 8 2
192 387
1 7 2
31 424
1 11 2
237 474
1 2 2
11 86
1 13 2
90 221
1 14 2
12 390
1 8 2
83 124
1 13 2
51 340
1 7 2
129 279
1 4 2
135 338
1 10 2
125 152
1 3 2
47 102
1 8 2
408 465
1 11 2
82 398
1 13 2
196 494
1 4 2
291 366
1 14 2
119 194
1 13 2
280 307
1 9 2
142 477
1 2 2
51 229
1 13 2
248 258
1 12 2
213 293
1 9 2
82 497
1 4 2
98 330
1 13 2
182 476
1 5 2
122 454
1 8 2
163 389
