500 4000 1500
14 22 8 15 7 19 11 24 19 16 6 22 22 22 8 24 20 19 21 8 25 16 21 18 14 20 25 6 22 22 15 17 21 11 17 13 8 18 23 14 7 19 14 17 12 6 12 23 7 12 17 7 10 25 14 9 13 6 10 21 16 21 15 14 10 9 16 24 17 11 5 19 23 21 25 17 9 23 11 15 21 14 11 5 20 14 22 14 9 25 8 7 11 13 13 17 8 8 9 17 6 22 23 20 25 6 6 17 24 6 8 23 8 14 6 20 16 14 23 15 12 25 6 8 7 24 13 6 16 12 19 9 17 24 13 7 22 18 15 15 9 16 10 10 21 19 9 13 8 16 15 25 11 20 20 14 23 21 9 8 6 15 23 12 9 21 12 19 21 14 5 15 25 25 24 20 25 8 14 19 16 24 11 15 13 10 19 21 22 20 9 21 9 19 13 7 11 10 9 10 24 25 8 19 24 19 17 20 20 5 23 11 24 13 20 15 24 24 18 24 16 21 25 15 18 19 6 11 20 23 20 22 5 14 24 6 5 24 18 20 12 19 15 17 21 6 12 14 16 13 21 20 21 19 25 14 20 5 15 23 17 8 20 9 16 25 17 18 5 20 15 14 18 10 8 10 23 20 13 13 6 5 6 5 21 11 20 8 7 15 12 11 21 16 10 18 24 23 15 16 20 15 6 10 16 10 12 22 21 23 15 13 7 6 20 9 22 6 10 14 23 14 8 24 10 22 11 24 9 22 9 17 13 11 24 25 14 17 17 17 20 10 10 22 18 23 7 21 15 15 10 16 22 17 7 21 18 10 6 22 5 9 18 22 8 14 13 13 16 23 14 23 22 14 12 14 21 11 25 20 11 17 11 12 19 22 20 14 15 21 9 14 15 12 7 20 22 13 23 10 13 6 11 20 16 17 14 17 7 8 20 9 25 19 20 23 22 6 10 19 18 18 20 21 16 23 12 20 10 12 11 18 22 7 10 11 17 12 20 10 9 10 17 11 6 24 11 17 18 13 11 9 15 23 24 15 20 11 16 23 24 5 20 23 15 21 8 15 9 15 9 7 25 5 10 7 23 21 12 12 7 14 12 17 19 21 15 24 9 10 6 19 16 12 5 14 11 13 16 12
16 18 13 17 11 14 9 19 8 14 6 10 15 18 8 17 19 20 16 14 16 3 8 17 18 6 13 6 6 20 7 6 15 14 17 16 12 10 19 10 19 4 6 16 8 9 19 5 4 11 11 10 4 7 9 3 14 4 13 11 3 13 6 10 16 17 8 4 10 17 17 14 13 8 4 18 3 15 7 6 18 4 8 14 20 20 20 17 20 17 11 5 7 13 6 13 3 13 5 20 19 7 14 3 13 12 17 9 5 4 14 20 4 13 20 18 18 15 15 13 18 19 11 3 6 20 11 9 6 13 17 6 16 5 11 11 9 3 7 3 13 19 18 13 18 14 16 12 9 5 14 16 19 12 10 11 7 19 15 13 10 13 20 6 19 17 12 19 19 19 6 20 13 20 9 14 10 12 14 19 5 14 10 20 5 14 15 3 12 13 3 6 8 10 4 10 15 3 7 17 3 14 16 7 11 18 15 3 20 6 16 7 20 13 13 6 7 10 6 20 12 19 20 9 7 20 20 9 19 19 17 9 11 11 6 3 4 7 9 8 8 13 14 7 3 15 9 6 16 11 19 19 12 14 7 17 18 9 15 20 16 18 10 18 3 20 9 13 15 14 18 3 3 9 17 13 5 3 18 9 13 10 12 5 13 3 3 16 5 18 20 19 9 5 18 3 11 11 3 4 6 6 12 8 10 18 10 17 12 9 7 20 12 19 13 14 7 3 19 11 11 16 13 7 14 18 10 8 7 16 9 4 9 8 12 12 7 11 17 4 16 13 9 10 6 17 16 7 19 18 18 17 11 10 8 3 6 6 14 16 11 11 16 9 3 7 7 16 5 17 7 6 11 20 11 14 8 19 15 5 5 17 3 14 19 8 17 11 10 7 8 14 3 13 20 17 13 18 18 12 19 18 4 15 13 4 4 3 16 7 16 4 18 15 14 10 8 8 15 5 15 15 15 14 6 12 18 9 11 7 7 10 5 5 9 11 7 3 9 7 4 9 11 13 17 3 14 14 13 10 16 14 8 7 14 3 20 18 15 5 9 16 15 18 18 11 4 7 4 7 13 4 5 7 18 17 9 11 15 6 4 12 10 12 6 4 7 14 7 13 14 16 12 7 10 13 12 11 18 3
1 12 2
59 443
1 7 2
400 480
1 7 2
361 420
1 10 2
93 477
1 10 2
421 425
1 7 2
90 197
1 4 2
135 350
1 8 2
62 87
1 10 2
159 483
1 14 2
420 474
1 11 2
100 473
1 2 2
21 497
1 3 2
258 302
1 12 2
54 376
1 15 2
231 376
1 2 2
138 361
1 2 2
317 375
1 12 2
180 201
1 12 2
115 184
1 8 2
305 399
1 5 2
224 461
1 2 2
212 272
1 11 2
16 263
1 12 2
88 174
1 8 2
40 376
1 3 2
79 425
1 10 2
401 452
1 6 2
210 311
1 5 2
82 253
1 3 2
55 447
1 5 2
121 377
1 10 2
390 445
1 8 2
80 387
1 2 2
163 294
1 8 2
166 280
1 13 2
13 151
1 13 2
62 80
1 9 2
304 484
1 12 2
137 283
1 15 2
48 270
1 14 2
1 418
1 14 2
74 257
1 9 2
290 375
1 13 2
75 291
1 15 2
44 436
1 11 2
32 185
1 6 2
40 264
1 11 2
324 341
1 11 2
56 442
1 8 2
341 361
1 12 2
440 464
1 4 2
48 483
1 10 2
330 477
1 7 2
323 326
1 10 2
75 258
1 13 2
343 386
1 14 2
25 138
1 9 2
27 349
1 6 2
137 182
1 5 2
353 426
1 11 2
273 409
1 5 2
223 476
1 8 2
0 287
1 8 2
336 407
1 15 2
131 451
1 14 2
316 435
1 4 2
43 260
1 7 2
143 300
1 11 2
210 422
1 15 2
409 474
1 4 2
249 391
1 11 2
54 491
1 6 2
46 436
1 15 2
220 269
1 14 2
194 466
1 10 2
46 58
1 9 2
376 380
1 10 2
327 347
1 15 2
372 464
1 3 2
361 417
1 2 2
57 294
1 14 2
299 346
1 3 2
205 384
1 6 2
98 127
1 13 2
51 92
1 13 2
128 136
1 7 2
6 211
1 8 2
168 328
1 12 2
72 433
1 11 2
227 325
1 5 2
141 171
1 4 2
135 291
1 9 2
5 497
1 14 2
60 266
1 8 2
167 437
1 14 2
142 389
1 10 2
94 456
1 7 2
221 388
1 10 2
85 180
1 8 2
188 395
1 12 2
323 362
1 4 2
347 372
1 6 2
71 380
1 14 2
282 376
1 9 2
333 431
1 5 2
4 434
1 4 2
442 497
1 6 2
145 244
1 7 2
44 283
1 13 2
234 363
1 14 2
95 351
1 15 2
225 476
1 6 2
103 483
1 11 2
115 466
1 9 2
35 420
1 11 2
25 69
1 13 2
128 191
1 13 2
28 418
1 10 2
210 261
1 7 2
103 272
1 13 2
115 339
1 12 2
430 436
1 13 2
28 248
1 10 2
40 114
1 3 2
86 493
1 11 2
164 270
1 10 2
35 259
1 4 2
195 319
1 6 2
158 265
1 9 2
55 337
1 6 2
6 432
1 3 2
289 296
1 5 2
346 388
1 14 2
376 497
1 11 2
189 273
1 15 2
24 313
1 5 2
139 173
1 15 2
54 296
1 14 2
57 215
1 12 2
103 165
1 11 2
46 261
1 12 2
99 342
1 6 2
364 499
1 9 2
136 143
1 9 2
0 279
1 8 2
175 213
1 10 2
373 448
1 6 2
235 392
1 6 2
145 407
1 9 2
362 456
1 12 2
76 385
1 7 2
367 433
1 11 2
178 381
1 3 2
44 139
1 11 2
62 419
1 14 2
256 369
1 10 2
80 424
1 9 2
160 293
1 15 2
7 335
1 7 2
48 284
1 3 2
60 281
1 12 2
67 389
1 4 2
340 429
1 11 2
374 425
1 4 2
17 154
1 9 2
436 496
1 2 2
415 494
1 9 2
143 491
1 4 2
46 266
1 3 2
61 251
1 10 2
287 460
1 3 2
106 131
1 2 2
166 290
1 8 2
35 140
1 11 2
177 209
1 12 2
213 306
1 9 2
171 269
1 14 2
52 337
1 10 2
82 479
1 7 2
22 107
1 14 2
227 429
1 4 2
136 191
1 11 2
3 90
1 10 2
73 161
1 3 2
79 446
1 3 2
196 495
1 10 2
209 280
1 5 2
484 495
1 7 2
143 381
1 13 2
457 458
1 2 2
112 116
1 10 2
115 406
1 7 2
274 406
1 3 2
92 246
1 7 2
38 335
1 6 2
182 389
1 2 2
414 429
1 3 2
356 437
1 7 2
149 230
1 5 2
11 183
1 14 2
63 222
1 13 2
53 364
1 8 2
13 111
1 14 2
64 85
1 7 2
80 250
1 8 2
291 493
1 9 2
397 496
1 14 2
159 382
1 14 2
36 194
1 12 2
67 282
1 12 2
69 84
1 11 2
55 255
1 4 2
76 231
1 13 2
9 403
1 5 2
124 442
1 3 2
215 432
1 12 2
57 245
1 7 2
79 161
1 5 2
309 366
1 5 2
217 429
1 13 2
297 443
1 2 2
233 447
1 11 2
115 164
1 8 2
104 253
1 11 2
302 334
1 12 2
41 86
1 9 2
211 474
1 5 2
87 385
1 9 2
208 449
1 15 2
20 234
1 12 2
14 146
1 3 2
315 414
1 9 2
278 328
1 12 2
8 206
1 2 2
223 284
1 10 2
296 446
1 12 2
267 276
1 8 2
2 207
1 7 2
23 171
1 3 2
294 487
1 2 2
14 105
1 5 2
185 216
1 6 2
102 425
1 4 2
42 61
1 9 2
144 458
1 2 2
165 475
1 11 2
82 490
1 2 2
61 154
1 3 2
167 331
1 11 2
252 444
1 6 2
109 472
1 13 2
186 310
1 4 2
67 283
1 4 2
234 342
1 15 2
85 316
1 12 2
322 489
1 5 2
100 236
1 10 2
15 114
1 5 2
472 478
1 14 2
208 456
1 13 2
315 395
1 7 2
295 343
1 11 2
106 204
1 9 2
219 288
1 3 2
127 261
1 15 2
22 363
1 10 2
24 223
1 13 2
90 252
1 10 2
219 249
1 6 2
381 399
1 11 2
212 392
1 9 2
144 329
1 14 2
134 468
1 8 2
212 293
1 3 2
79 386
1 2 2
175 327
1 14 2
38 264
1 2 2
150 373
1 6 2
75 413
1 8 2
23 90
1 11 2
45 360
1 5 2
340 341
1 13 2
23 462
1 14 2
435 470
1 12 2
109 254
1 13 2
115 219
1 11 2
56 191
1 9 2
182 211
1 2 2
160 444
1 7 2
165 421
1 5 2
62 119
1 12 2
45 315
1 13 2
284 465
1 15 2
171 365
1 10 2
301 416
1 11 2
17 89
1 10 2
218 276
1 4 2
301 489
1 10 2
3 484
1 2 2
366 468
1 3 2
99 406
1 2 2
156 402
1 15 2
252 383
1 12 2
145 284
1 12 2
322 410
1 14 2
290 466
1 8 2
58 433
1 10 2
121 236
1 14 2
312 328
1 13 2
193 498
1 15 2
29 358
1 8 2
136 244
1 13 2
66 91
1 14 2
229 338
1 10 2
29 216
1 11 2
41 49
1 9 2
252 256
1 12 2
456 486
1 15 2
225 274
1 3 2
230 262
1 4 2
236 302
1 4 2
29 426
1 10 2
304 404
1 14 2
181 324
1 6 2
233 421
1 12 2
235 271
1 5 2
188 371
1 6 2
373 388
1 6 2
12 278
1 8 2
103 266
1 11 2
45 123
1 8 2
104 140
1 13 2
125 464
1 12 2
238 347
1 3 2
67 291
1 3 2
23 251
1 6 2
12 328
1 7 2
153 359
1 2 2
62 439
1 10 2
86 396
1 8 2
311 458
1 10 2
173 254
1 3 2
181 271
1 7 2
29 296
1 15 2
170 277
1 4 2
96 242
1 10 2
236 268
1 9 2
271 324
1 9 2
414 471
1 13 2
40 227
1 2 2
99 313
1 8 2
12 217
1 10 2
108 247
1 15 2
99 403
1 10 2
173 266
1 4 2
176 224
1 6 2
165 458
1 14 2
96 200
1 2 2
109 177
1 15 2
31 124
1 5 2
370 413
1 3 2
104 477
1 10 2
383 427
1 10 2
65 444
1 15 2
160 172
1 7 2
91 233
1 3 2
14 202
1 9 2
75 145
1 9 2
213 232
1 8 2
176 489
1 2 2
346 375
1 2 2
113 324
1 5 2
221 468
1 12 2
92 332
1 13 2
66 415
1 12 2
3 335
1 15 2
186 249
1 12 2
202 208
1 14 2
62 241
1 14 2
20 155
1 7 2
28 443
1 9 2
130 267
1 9 2
198 306
1 6 2
40 143
1 10 2
18 494
1 11 2
269 445
1 4 2
8 163
1 12 2
343 345
1 4 2
233 307
1 2 2
224 439
1 6 2
346 430
1 8 2
114 394
1 6 2
6 175
1 12 2
59 371
1 15 2
147 435
1 6 2
232 321
1 12 2
173 283
1 2 2
1 253
1 7 2
228 429
1 10 2
77 162
1 3 2
261 302
1 4 2
192 352
1 2 2
51 233
1 10 2
117 244
1 6 2
457 494
1 5 2
77 322
1 12 2
408 454
1 12 2
242 402
1 15 2
205 228
1 3 2
177 342
1 11 2
224 287
1 15 2
240 327
1 8 2
191 412
1 3 2
219 314
1 5 2
264 266
1 5 2
161 364
1 12 2
115 476
1 10 2
34 281
1 6 2
55 382
1 9 2
319 463
1 3 2
186 285
1 4 2
183 403
1 3 2
11 175
1 12 2
36 276
1 8 2
72 192
1 3 2
18 47
1 14 2
221 444
1 9 2
362 453
1 14 2
160 227
1 12 2
8 295
1 3 2
55 172
1 15 2
222 421
1 12 2
21 203
1 5 2
56 266
1 15 2
488 499
1 10 2
42 288
1 12 2
232 331
1 9 2
202 275
1 14 2
9 12
1 6 2
279 446
1 12 2
236 405
1 9 2
167 218
1 10 2
49 229
1 11 2
4 159
1 14 2
20 30
1 5 2
47 429
1 13 2
246 334
1 11 2
388 436
1 5 2
207 277
1 13 2
105 143
1 5 2
299 453
1 8 2
72 299
1 14 2
297 318
1 10 2
15 412
1 3 2
78 423
1 14 2
394 412
1 3 2
19 50
1 14 2
283 380
1 10 2
349 463
1 9 2
127 429
1 13 2
372 399
1 5 2
43 226
1 9 2
77 400
1 11 2
142 343
1 9 2
93 445
1 8 2
68 175
1 11 2
256 331
1 13 2
85 238
1 14 2
0 156
1 15 2
371 403
1 14 2
44 159
1 11 2
135 412
1 7 2
9 18
1 9 2
194 359
1 4 2
304 461
1 3 2
166 303
1 8 2
118 120
1 6 2
12 277
1 3 2
119 255
1 2 2
74 316
1 13 2
218 221
1 15 2
245 440
1 13 2
246 288
1 2 2
101 419
1 2 2
110 117
1 4 2
176 453
1 7 2
76 368
1 14 2
192 213
1 4 2
40 418
1 13 2
169 354
1 11 2
261 305
1 5 2
101 378
1 13 2
247 382
1 5 2
44 208
1 13 2
65 455
1 2 2
287 412
1 3 2
44 482
1 5 2
137 301
1 11 2
135 258
1 5 2
309 396
1 2 2
275 445
1 4 2
299 437
1 8 2
204 342
1 13 2
116 199
1 14 2
102 177
1 13 2
24 365
1 6 2
2 33
1 10 2
109 387
1 14 2
345 418
1 12 2
67 237
1 5 2
0 43
1 4 2
111 442
1 8 2
356 496
1 10 2
245 289
1 15 2
101 124
1 6 2
65 88
1 12 2
206 316
1 10 2
173 470
1 13 2
258 326
1 12 2
233 369
1 3 2
266 365
1 11 2
7 458
1 4 2
436 481
1 7 2
409 421
1 13 2
156 362
1 14 2
206 295
1 14 2
214 293
1 13 2
44 229
1 6 2
207 242
1 5 2
189 459
1 6 2
301 464
1 14 2
207 311
1 6 2
262 282
1 4 2
36 69
1 11 2
338 349
1 6 2
82 325
1 15 2
166 217
1 2 2
152 387
1 12 2
134 277
1 2 2
18 138
1 5 2
200 443
1 3 2
19 361
1 11 2
140 351
1 13 2
53 347
1 13 2
98 251
1 3 2
255 429
1 3 2
27 95
1 2 2
110 327
1 9 2
10 236
1 5 2
194 252
1 7 2
21 324
1 5 2
163 217
1 8 2
121 447
1 7 2
164 216
1 2 2
148 474
1 3 2
193 448
1 9 2
244 283
1 9 2
368 376
1 7 2
188 244
1 15 2
63 184
1 2 2
182 381
1 8 2
103 130
1 12 2
166 446
1 10 2
43 492
1 9 2
41 466
1 2 2
191 303
1 6 2
323 361
1 5 2
191 325
1 9 2
73 208
1 13 2
142 469
1 11 2
9 60
1 4 2
455 458
1 11 2
314 493
1 7 2
142 184
1 7 2
282 345
1 12 2
84 165
1 11 2
35 360
1 7 2
304 385
1 15 2
141 274
1 5 2
421 448
1 13 2
159 457
1 8 2
2 286
1 15 2
344 370
1 3 2
78 223
1 7 2
49 318
1 5 2
374 421
1 8 2
128 407
1 9 2
282 409
1 15 2
1 306
1 3 2
255 420
1 3 2
194 320
1 6 2
336 339
1 11 2
306 474
1 6 2
282 353
1 6 2
213 451
1 13 2
50 337
1 11 2
75 92
1 6 2
306 468
1 7 2
338 410
1 2 2
315 439
1 14 2
307 420
1 3 2
212 479
1 5 2
10 196
1 13 2
401 407
1 11 2
130 420
1 9 2
43 165
1 2 2
117 473
1 11 2
320 406
1 11 2
278 381
1 11 2
139 282
1 14 2
96 491
1 2 2
18 333
1 11 2
37 318
1 13 2
124 227
1 2 2
149 359
1 2 2
34 380
1 11 2
35 302
1 5 2
396 494
1 12 2
350 423
1 10 2
313 335
1 11 2
230 475
1 6 2
232 299
1 15 2
51 314
1 10 2
339 362
1 15 2
59 423
1 5 2
118 147
1 4 2
217 434
1 6 2
335 476
1 2 2
289 451
1 12 2
21 467
1 13 2
220 475
1 3 2
240 332
1 2 2
62 358
1 12 2
126 240
1 2 2
247 362
1 4 2
83 368
1 6 2
189 427
1 5 2
144 375
1 14 2
356 424
1 15 2
114 246
1 8 2
333 402
1 4 2
104 167
1 5 2
153 258
1 3 2
92 224
1 8 2
20 385
1 7 2
82 249
1 2 2
54 456
1 8 2
41 349
1 15 2
332 446
1 13 2
151 241
1 11 2
131 204
1 9 2
159 184
1 10 2
35 248
1 15 2
189 492
1 6 2
180 425
1 7 2
420 426
1 2 2
378 488
1 2 2
30 50
1 13 2
102 496
1 12 2
268 466
1 11 2
297 396
1 12 2
158 252
1 3 2
15 238
1 6 2
145 212
1 14 2
197 337
1 6 2
110 368
1 2 2
260 427
1 14 2
105 289
1 2 2
266 390
1 3 2
226 403
1 13 2
91 242
1 14 2
339 438
1 5 2
105 209
1 13 2
111 292
1 7 2
59 398
1 12 2
69 178
1 4 2
209 330
1 9 2
70 155
1 8 2
169 350
1 14 2
155 396
1 10 2
23 233
1 3 2
15 357
1 8 2
199 476
1 14 2
199 383
1 3 2
31 185
1 10 2
88 294
1 13 2
14 241
1 11 2
224 484
1 12 2
36 335
1 3 2
171 219
1 11 2
269 499
1 10 2
158 453
1 3 2
215 315
1 15 2
308 412
1 7 2
16 357
1 14 2
237 362
1 12 2
264 348
1 12 2
204 385
1 13 2
114 182
1 7 2
145 486
1 10 2
431 451
1 8 2
1 118
1 2 2
353 402
1 9 2
153 270
1 15 2
120 428
1 9 2
189 281
1 2 2
31 205
1 7 2
180 185
1 8 2
278 448
1 8 2
341 412
1 9 2
114 131
1 14 2
202 447
1 2 2
229 313
1 8 2
258 292
1 10 2
25 281
1 8 2
114 383
1 10 2
233 308
1 6 2
0 398
1 12 2
327 386
1 12 2
147 441
1 7 2
137 228
1 14 2
248 415
1 14 2
250 410
1 9 2
403 406
1 6 2
56 443
1 3 2
42 107
1 15 2
210 455
1 9 2
28 109
1 5 2
126 439
1 5 2
203 479
1 14 2
42 203
1 11 2
84 234
1 11 2
226 363
1 13 2
363 487
1 5 2
76 333
1 10 2
14 331
1 6 2
206 414
1 3 2
140 360
1 6 2
341 408
1 15 2
162 429
1 5 2
225 291
1 12 2
345 370
1 3 2
304 390
1 2 2
400 460
1 10 2
345 347
1 2 2
24 431
1 11 2
477 496
1 3 2
47 445
1 6 2
76 242
1 4 2
247 298
1 14 2
143 258
1 7 2
74 469
1 2 2
372 407
1 11 2
417 466
1 7 2
308 371
1 9 2
107 181
1 11 2
41 66
1 12 2
189 475
1 3 2
187 320
1 6 2
9 163
1 3 2
113 303
1 8 2
339 485
1 4 2
43 182
1 8 2
167 213
1 13 2
172 329
1 9 2
169 173
1 14 2
443 485
1 15 2
305 381
1 12 2
73 481
1 10 2
118 203
1 10 2
246 437
1 14 2
96 328
1 9 2
29 55
1 7 2
199 382
1 2 2
43 237
1 4 2
54 428
1 12 2
49 422
1 4 2
283 398
1 11 2
79 375
1 7 2
113 166
1 5 2
368 482
1 13 2
22 262
1 8 2
417 478
1 10 2
181 232
1 13 2
176 381
1 6 2
62 380
1 9 2
120 176
1 11 2
203 207
1 3 2
335 445
1 11 2
179 253
1 7 2
230 331
1 14 2
324 429
1 3 2
0 284
1 9 2
88 315
1 14 2
12 223
1 9 2
71 384
1 15 2
76 177
1 5 2
225 290
1 2 2
59 331
1 11 2
57 492
1 12 2
66 441
1 6 2
266 402
1 4 2
30 486
1 13 2
244 390
1 2 2
309 400
1 7 2
101 240
1 4 2
129 167
1 12 2
100 336
1 11 2
125 321
1 2 2
134 243
1 5 2
189 226
1 9 2
280 447
1 9 2
119 487
1 10 2
245 315
1 14 2
160 193
1 8 2
188 366
1 7 2
129 278
1 4 2
91 324
1 7 2
323 462
1 3 2
381 493
1 3 2
31 43
1 10 2
291 420
1 3 2
74 331
1 7 2
223 461
1 11 2
75 157
1 11 2
61 135
1 15 2
313 469
1 12 2
146 287
1 14 2
363 394
1 13 2
123 387
1 4 2
304 344
1 2 2
117 194
1 3 2
150 358
1 6 2
179 420
1 5 2
16 141
1 12 2
58 346
1 13 2
220 489
1 7 2
114 316
1 14 2
289 432
1 2 2
20 23
1 11 2
341 441
1 9 2
123 491
1 4 2
169 331
1 15 2
225 299
1 14 2
315 486
1 9 2
380 396
1 13 2
256 413
1 6 2
245 359
1 5 2
110 480
1 13 2
76 176
1 3 2
242 429
1 12 2
310 472
1 3 2
37 137
1 5 2
57 336
1 14 2
159 486
1 3 2
68 425
1 10 2
60 151
1 10 2
143 250
1 15 2
186 417
1 15 2
256 285
1 7 2
34 78
1 15 2
252 490
1 12 2
206 251
1 7 2
195 296
1 9 2
8 254
1 4 2
23 494
1 9 2
98 327
1 6 2
52 226
1 9 2
335 339
1 11 2
122 265
1 6 2
54 457
1 4 2
29 198
1 7 2
11 439
1 9 2
8 109
1 14 2
328 458
1 4 2
52 206
1 6 2
239 294
1 12 2
119 275
1 7 2
263 312
1 7 2
4 203
1 6 2
89 314
1 5 2
326 423
1 13 2
206 268
1 2 2
121 308
1 11 2
241 479
1 9 2
231 423
1 9 2
264 488
1 5 2
10 446
1 10 2
27 130
1 6 2
176 235
1 3 2
279 410
1 15 2
250 261
1 8 2
252 347
1 14 2
52 316
1 8 2
373 435
1 11 2
128 214
1 11 2
100 154
1 10 2
424 476
1 12 2
58 115
1 3 2
146 490
1 2 2
63 308
1 6 2
161 333
1 10 2
337 476
1 10 2
145 269
1 11 2
273 339
1 13 2
238 377
1 4 2
88 336
1 2 2
37 132
1 9 2
6 163
1 12 2
434 497
1 2 2
49 200
1 5 2
34 335
1 11 2
315 385
1 14 2
136 236
1 6 2
69 114
1 4 2
128 470
1 3 2
178 385
1 7 2
90 332
1 10 2
117 364
1 4 2
261 315
1 7 2
317 395
1 2 2
120 268
1 14 2
296 445
1 13 2
271 376
1 4 2
347 469
1 6 2
356 476
1 11 2
19 458
1 3 2
173 461
1 15 2
449 490
1 7 2
265 450
1 12 2
2 206
1 10 2
330 339
1 5 2
91 434
1 6 2
298 365
1 12 2
105 384
1 15 2
139 167
1 10 2
19 461
1 10 2
5 239
1 3 2
48 286
1 10 2
265 426
1 7 2
116 464
1 15 2
110 157
1 14 2
229 482
1 5 2
63 234
1 2 2
125 230
1 15 2
101 421
1 7 2
107 469
1 6 2
31 152
1 8 2
274 403
1 7 2
6 288
1 13 2
46 55
1 13 2
324 451
1 3 2
331 373
1 13 2
18 48
1 11 2
134 217
1 7 2
450 469
1 3 2
111 450
1 9 2
276 459
1 4 2
191 250
1 11 2
108 210
1 9 2
371 462
1 14 2
469 470
1 13 2
17 318
1 6 2
6 12
1 12 2
229 351
1 2 2
27 97
1 8 2
332 451
1 2 2
107 156
1 9 2
358 360
1 12 2
134 462
1 7 2
10 470
1 4 2
83 412
1 11 2
90 149
1 15 2
24 196
1 7 2
312 479
1 7 2
70 359
1 8 2
174 227
1 10 2
204 490
1 12 2
11 323
1 9 2
272 334
1 2 2
242 444
1 3 2
67 379
1 6 2
230 244
1 6 2
153 345
1 4 2
407 465
1 3 2
280 315
1 3 2
53 292
1 4 2
49 351
1 4 2
376 418
1 8 2
6 100
1 5 2
35 57
1 7 2
359 381
1 5 2
282 420
1 15 2
67 457
1 11 2
329 430
1 14 2
245 261
1 7 2
272 313
1 9 2
80 237
1 10 2
84 440
1 4 2
319 342
1 7 2
266 327
1 14 2
168 420
1 4 2
63 98
1 6 2
349 390
1 13 2
388 393
1 12 2
199 426
1 5 2
258 459
1 7 2
81 288
1 10 2
58 455
1 10 2
290 473
1 3 2
188 330
1 9 2
41 489
1 11 2
158 404
1 2 2
34 141
1 10 2
24 296
1 5 2
83 203
1 15 2
321 396
1 12 2
260 377
1 2 2
178 304
1 13 2
418 451
1 12 2
146 350
1 11 2
283 435
1 7 2
106 337
1 6 2
187 215
1 8 2
362 364
1 10 2
321 346
1 9 2
223 230
1 13 2
153 362
1 11 2
15 123
1 3 2
35 479
1 4 2
108 425
1 9 2
21 439
1 12 2
216 346
1 2 2
106 455
1 4 2
148 221
1 3 2
260 308
1 7 2
217 388
1 11 2
112 493
1 8 2
164 286
1 14 2
242 353
1 8 2
120 295
1 3 2
122 321
1 11 2
280 415
1 14 2
20 145
1 9 2
89 339
1 6 2
206 354
1 8 2
21 432
1 12 2
62 484
1 14 2
94 234
1 11 2
166 476
1 5 2
128 379
1 6 2
338 370
1 12 2
59 150
1 14 2
156 266
1 4 2
404 490
1 7 2
127 419
1 6 2
119 124
1 13 2
23 447
1 13 2
320 401
1 14 2
129 231
1 14 2
157 185
1 13 2
317 381
1 6 2
33 458
1 7 2
194 462
1 5 2
45 205
1 4 2
165 356
1 7 2
312 396
1 12 2
11 74
1 7 2
292 402
1 3 2
103 299
1 5 2
241 288
1 5 2
106 129
1 11 2
28 350
1 6 2
221 442
1 2 2
1 390
1 15 2
247 344
1 2 2
303 417
1 3 2
1 462
1 5 2
364 393
1 8 2
319 389
1 4 2
22 424
1 14 2
191 253
1 14 2
133 199
1 12 2
169 352
1 15 2
259 262
1 4 2
239 281
1 5 2
304 357
1 11 2
132 302
1 13 2
77 217
1 10 2
112 442
1 11 2
130 397
1 3 2
219 304
1 8 2
215 281
1 8 2
265 296
1 15 2
421 490
1 14 2
33 69
1 15 2
211 338
1 6 2
164 335
1 13 2
167 421
1 3 2
84 373
1 4 2
253 296
1 14 2
58 491
1 15 2
76 189
1 15 2
26 74
1 9 2
154 332
1 14 2
15 249
1 5 2
428 451
1 15 2
69 468
1 5 2
128 347
1 6 2
299 458
1 4 2
193 223
1 7 2
11 407
1 3 2
17 426
1 7 2
16 414
1 14 2
381 494
1 13 2
87 95
1 8 2
164 417
1 8 2
351 389
1 7 2
4 415
1 2 2
66 98
1 15 2
437 471
1 12 2
78 345
1 7 2
365 397
1 14 2
9 443
1 4 2
5 442
1 6 2
37 342
1 12 2
93 446
1 7 2
282 346
1 8 2
8 168
1 14 2
78 183
1 10 2
335 422
1 2 2
348 457
1 14 2
265 456
1 4 2
189 351
1 4 2
0 172
1 14 2
50 137
1 13 2
124 228
1 7 2
155 248
1 13 2
123 190
1 2 2
114 335
1 14 2
362 463
1 5 2
316 364
1 11 2
133 305
1 6 2
177 225
1 6 2
90 153
1 15 2
23 26
1 4 2
97 176
1 13 2
260 392
1 9 2
283 322
1 7 2
333 353
1 14 2
172 192
1 5 2
7 404
1 2 2
178 283
1 15 2
157 293
1 13 2
317 354
1 10 2
217 236
1 12 2
79 362
1 11 2
215 461
1 13 2
93 281
1 8 2
131 299
1 9 2
210 324
1 6 2
475 481
1 6 2
400 479
1 11 2
1 481
1 5 2
337 495
1 9 2
144 377
1 13 2
176 458
1 7 2
171 321
1 15 2
141 227
1 10 2
22 471
1 13 2
427 479
1 6 2
213 300
1 3 2
324 387
1 2 2
223 254
1 3 2
242 425
1 7 2
63 411
1 13 2
275 405
1 5 2
321 334
1 12 2
86 248
1 4 2
58 65
1 11 2
425 444
1 13 2
48 116
1 6 2
74 374
1 4 2
173 492
1 6 2
153 301
1 2 2
184 492
1 10 2
125 266
1 9 2
250 387
1 4 2
161 243
1 5 2
426 475
1 7 2
316 450
1 6 2
237 467
1 7 2
39 462
1 7 2
388 429
1 4 2
214 440
1 14 2
366 376
1 5 2
246 458
1 7 2
106 196
1 2 2
2 46
1 15 2
264 371
1 8 2
298 427
1 4 2
238 302
1 3 2
312 453
1 8 2
410 455
1 8 2
212 386
1 3 2
95 131
1 13 2
14 422
1 5 2
0 187
1 10 2
272 409
1 3 2
127 410
1 14 2
43 359
1 15 2
10 275
1 11 2
194 212
1 8 2
225 479
1 5 2
22 179
1 14 2
330 467
1 5 2
49 484
1 8 2
447 477
1 10 2
20 38
1 6 2
283 371
1 4 2
140 218
1 13 2
48 367
1 4 2
0 374
1 4 2
111 178
1 3 2
317 392
1 3 2
270 448
1 3 2
297 425
1 9 2
53 283
1 6 2
135 325
1 15 2
195 375
1 11 2
238 385
1 14 2
224 306
1 13 2
295 323
1 10 2
279 499
1 5 2
430 446
1 12 2
183 464
1 11 2
6 174
1 4 2
463 494
1 7 2
9 332
1 5 2
326 338
1 7 2
311 419
1 12 2
89 92
1 10 2
88 232
1 11 2
163 378
1 12 2
250 273
1 10 2
32 232
1 9 2
16 329
1 3 2
82 456
1 8 2
111 409
1 5 2
398 462
1 15 2
142 435
1 7 2
217 330
1 6 2
135 143
1 14 2
142 455
1 13 2
169 283
1 12 2
328 481
1 7 2
29 162
1 15 2
101 456
1 12 2
44 62
1 11 2
15 214
1 3 2
62 122
1 2 2
51 320
1 9 2
300 384
1 15 2
154 194
1 4 2
247 452
1 9 2
439 481
1 13 2
31 100
1 8 2
90 429
1 9 2
157 290
1 11 2
91 175
1 12 2
36 465
1 7 2
113 178
1 3 2
285 489
1 10 2
164 385
1 11 2
413 488
1 8 2
27 87
1 5 2
216 485
1 9 2
90 479
1 7 2
154 169
1 5 2
249 445
1 9 2
326 455
1 8 2
56 495
1 10 2
14 431
1 11 2
244 246
1 10 2
229 363
1 14 2
55 418
1 5 2
402 414
1 7 2
240 448
1 5 2
264 421
1 11 2
140 414
1 3 2
74 134
1 3 2
17 229
1 5 2
355 456
1 7 2
17 334
1 6 2
11 438
1 12 2
69 465
1 8 2
163 358
1 13 2
281 376
1 11 2
88 193
1 15 2
243 417
1 3 2
154 486
1 6 2
85 448
1 14 2
19 60
1 6 2
120 339
1 12 2
285 467
1 5 2
13 203
1 3 2
107 486
1 12 2
33 286
1 8 2
27 246
1 4 2
399 482
1 6 2
37 194
1 11 2
24 202
1 8 2
99 311
1 12 2
123 193
1 2 2
379 454
1 7 2
81 284
1 10 2
127 164
1 5 2
261 320
1 9 2
87 429
1 12 2
113 292
1 14 2
453 462
1 6 2
75 496
1 2 2
2 128
1 3 2
183 205
1 14 2
24 303
1 11 2
118 334
1 3 2
190 302
1 4 2
223 484
1 8 2
175 499
1 2 2
63 383
1 5 2
154 400
1 4 2
49 131
1 3 2
61 332
1 3 2
93 343
1 11 2
192 257
1 11 2
68 436
1 9 2
201 240
1 11 2
305 491
1 8 2
16 353
1 3 2
125 308
1 6 2
363 395
1 8 2
130 252
1 8 2
254 462
1 15 2
30 158
1 5 2
259 393
1 7 2
46 484
1 2 2
318 344
1 14 2
37 178
1 14 2
435 492
1 12 2
204 418
1 8 2
241 437
1 5 2
93 351
1 4 2
228 391
1 4 2
46 255
1 4 2
163 282
1 2 2
214 397
1 5 2
39 276
1 3 2
228 388
1 4 2
208 289
1 10 2
148 376
1 15 2
61 291
1 15 2
326 420
1 6 2
103 327
1 4 2
186 263
1 7 2
360 453
1 2 2
238 363
1 9 2
238 271
1 2 2
291 494
1 13 2
166 272
1 8 2
121 429
1 14 2
82 115
1 11 2
192 297
1 10 2
222 467
1 9 2
341 452
1 11 2
18 210
1 14 2
107 197
1 15 2
173 239
1 3 2
94 128
1 10 2
340 482
1 12 2
226 365
1 15 2
274 357
1 12 2
78 195
1 4 2
19 373
1 15 2
87 333
1 2 2
345 375
1 6 2
20 399
1 2 2
365 445
1 14 2
351 472
1 13 2
157 288
1 2 2
294 494
1 8 2
163 372
1 7 2
33 296
1 14 2
83 199
1 15 2
246 361
1 7 2
275 289
1 5 2
69 499
1 3 2
71 129
1 3 2
215 359
1 12 2
178 331
1 4 2
475 480
1 3 2
409 461
1 12 2
114 143
1 15 2
113 413
1 12 2
199 269
1 12 2
6 77
1 10 2
174 284
1 15 2
447 494
1 9 2
140 388
1 9 2
6 382
1 3 2
314 406
1 9 2
91 193
1 7 2
117 166
1 12 2
154 323
1 4 2
375 494
1 7 2
271 310
1 12 2
23 316
1 4 2
457 489
1 6 2
111 241
1 6 2
298 467
1 10 2
92 137
1 11 2
39 284
1 15 2
375 457
1 4 2
38 493
1 11 2
184 315
1 14 2
19 401
1 5 2
168 247
1 13 2
18 278
1 2 2
50 104
1 5 2
248 332
1 10 2
13 165
1 6 2
138 259
1 14 2
8 19
1 14 2
160 304
1 9 2
111 166
1 4 2
301 317
1 4 2
417 471
1 5 2
21 179
1 3 2
113 352
1 8 2
178 261
1 6 2
34 42
1 7 2
226 243
1 10 2
350 491
1 7 2
116 144
1 3 2
78 222
1 3 2
184 422
1 4 2
203 245
1 3 2
186 262
1 6 2
145 214
1 4 2
200 319
1 9 2
229 252
1 12 2
83 243
1 5 2
292 342
1 10 2
56 233
1 11 2
76 321
1 12 2
109 243
1 12 2
117 438
1 6 2
212 431
1 11 2
166 412
1 6 2
361 396
1 13 2
272 394
1 4 2
308 397
1 8 2
61 78
1 8 2
144 184
1 13 2
148 203
1 15 2
401 460
1 11 2
179 296
1 8 2
167 297
1 15 2
3 255
1 15 2
34 289
1 13 2
117 180
1 13 2
18 27
1 2 2
89 424
1 9 2
97 444
1 2 2
358 452
1 5 2
363 433
1 12 2
109 134
1 12 2
114 466
1 11 2
217 403
1 10 2
37 423
1 7 2
26 200
1 2 2
81 170
1 13 2
173 389
1 15 2
365 419
1 9 2
82 454
1 5 2
129 489
1 6 2
143 172
1 3 2
367 485
1 8 2
164 407
1 11 2
410 425
1 9 2
153 328
1 13 2
174 388
1 4 2
76 328
1 9 2
298 459
1 13 2
171 440
1 4 2
193 393
1 4 2
144 491
1 13 2
86 476
1 3 2
368 409
1 15 2
217 261
1 11 2
234 438
1 6 2
412 456
1 15 2
91 224
1 4 2
276 492
1 14 2
112 453
1 10 2
8 21
1 11 2
112 322
1 9 2
393 409
1 8 2
197 198
1 12 2
279 321
1 8 2
10 102
1 5 2
197 256
1 6 2
171 446
1 3 2
130 449
1 12 2
379 429
1 2 2
121 208
1 5 2
148 304
1 14 2
338 441
1 13 2
152 371
1 5 2
62 124
1 15 2
44 269
1 11 2
51 448
1 3 2
105 127
1 6 2
203 300
1 12 2
114 322
1 7 2
30 174
1 8 2
119 460
1 6 2
60 254
1 4 2
35 225
1 7 2
205 459
1 13 2
126 393
1 5 2
215 382
1 8 2
231 268
1 2 2
259 320
1 6 2
117 425
1 10 2
177 240
1 15 2
216 221
1 8 2
184 431
1 15 2
292 424
1 4 2
241 462
1 8 2
179 468
1 9 2
235 255
1 5 2
9 471
1 14 2
401 402
1 12 2
34 373
1 7 2
221 227
1 7 2
17 57
1 8 2
220 309
1 11 2
271 446
1 9 2
134 456
1 4 2
227 451
1 13 2
151 446
1 4 2
11 449
1 6 2
190 285
1 5 2
12 28
1 5 2
344 380
1 15 2
249 322
1 10 2
8 453
1 13 2
44 256
1 3 2
286 316
1 9 2
58 71
1 6 2
7 84
1 14 2
59 274
1 5 2
114 214
1 7 2
141 455
1 14 2
346 353
1 10 2
232 384
1 8 2
79 482
1 13 2
297 360
1 9 2
79 262
1 4 2
310 323
1 12 2
152 202
1 3 2
69 81
1 8 2
192 228
1 11 2
468 477
1 14 2
13 235
1 14 2
80 129
1 9 2
231 324
1 15 2
101 466
1 2 2
233 306
1 6 2
135 390
1 3 2
57 497
1 3 2
124 215
1 11 2
101 245
1 14 2
129 318
1 4 2
426 499
1 7 2
32 125
1 12 2
140 276
1 10 2
254 256
1 9 2
155 294
1 9 2
178 222
1 3 2
4 435
1 4 2
235 354
1 4 2
305 391
1 4 2
186 246
1 2 2
40 241
1 2 2
223 273
1 12 2
50 387
1 12 2
246 480
1 3 2
44 425
1 5 2
35 334
1 2 2
77 339
1 8 2
33 467
1 2 2
21 198
1 15 2
119 446
1 7 2
67 322
1 9 2
377 484
1 6 2
66 146
1 7 2
239 480
1 14 2
15 332
1 13 2
0 353
1 14 2
218 233
1 7 2
138 145
1 11 2
316 491
1 8 2
43 462
1 10 2
46 333
1 9 2
51 466
1 12 2
222 291
1 12 2
234 298
1 15 2
44 153
1 3 2
50 123
1 13 2
108 474
1 9 2
251 258
1 13 2
44 340
1 10 2
60 203
1 2 2
12 455
1 10 2
109 368
1 8 2
107 201
1 3 2
165 322
1 12 2
205 283
1 14 2
294 492
1 5 2
20 135
1 13 2
101 125
1 14 2
210 367
1 10 2
240 476
1 7 2
46 84
1 6 2
140 386
1 2 2
180 378
1 2 2
240 261
1 10 2
77 360
1 12 2
385 457
1 4 2
40 178
1 7 2
399 488
1 7 2
16 51
1 14 2
147 255
1 11 2
71 490
1 11 2
242 297
1 8 2
56 264
1 7 2
241 344
1 3 2
221 467
1 13 2
419 451
1 2 2
291 390
1 3 2
100 177
1 8 2
89 437
1 8 2
156 345
1 8 2
414 477
1 3 2
191 262
1 12 2
62 278
1 2 2
308 490
1 8 2
46 248
1 14 2
133 406
1 14 2
74 430
1 2 2
46 209
1 14 2
206 453
1 14 2
80 86
1 12 2
445 452
1 8 2
16 398
1 3 2
50 310
1 3 2
106 466
1 3 2
158 405
1 11 2
366 404
1 11 2
193 278
1 7 2
476 496
1 8 2
319 383
1 2 2
80 425
1 3 2
248 456
1 9 2
356 428
1 13 2
226 366
1 3 2
307 419
1 11 2
89 495
1 14 2
27 191
1 2 2
120 384
1 6 2
6 233
1 12 2
120 177
1 7 2
191 466
1 10 2
88 263
1 13 2
217 481
1 3 2
118 460
1 7 2
3 161
1 8 2
175 479
1 10 2
462 480
1 3 2
284 491
1 5 2
156 252
1 8 2
213 479
1 8 2
404 443
1 14 2
438 445
1 9 2
363 387
1 13 2
72 100
1 11 2
236 488
1 13 2
76 379
1 11 2
150 153
1 2 2
241 348
1 13 2
87 88
1 15 2
140 465
1 15 2
118 349
1 14 2
77 356
1 10 2
149 245
1 2 2
283 393
1 5 2
63 247
1 3 2
320 494
1 6 2
151 445
1 4 2
17 322
1 5 2
205 443
1 9 2
47 261
1 13 2
122 394
1 9 2
170 344
1 9 2
142 288
1 5 2
403 408
1 13 2
188 278
1 13 2
69 189
1 8 2
67 139
1 8 2
31 418
1 5 2
114 167
1 14 2
154 220
1 10 2
267 280
1 11 2
24 392
1 2 2
137 389
1 10 2
79 487
1 15 2
328 483
1 9 2
300 406
1 15 2
198 284
1 3 2
34 492
1 8 2
1 458
1 3 2
408 493
1 7 2
211 371
1 6 2
128 185
1 6 2
85 235
1 2 2
238 441
1 9 2
294 476
1 2 2
58 319
1 9 2
77 111
1 10 2
34 162
1 7 2
395 403
1 5 2
316 440
1 8 2
411 450
1 12 2
203 447
1 5 2
171 326
1 13 2
382 465
1 15 2
146 422
1 3 2
149 301
1 2 2
276 435
1 10 2
35 125
1 10 2
76 492
1 2 2
130 178
1 15 2
398 440
1 8 2
62 391
1 11 2
69 215
1 15 2
268 284
1 7 2
382 385
1 4 2
61 252
1 10 2
91 195
1 9 2
149 353
1 9 2
410 480
1 14 2
27 86
1 10 2
346 416
1 7 2
21 162
1 11 2
116 225
1 3 2
192 211
1 2 2
158 228
1 5 2
178 201
1 8 2
244 284
1 9 2
294 319
1 4 2
342 395
1 9 2
15 451
1 9 2
270 407
1 3 2
76 201
1 13 2
261 322
1 13 2
146 272
1 12 2
163 469
1 3 2
321 418
1 2 2
104 282
1 12 2
286 442
1 8 2
10 160
1 4 2
13 253
1 13 2
3 260
1 15 2
95 172
1 14 2
300 387
1 4 2
129 254
1 10 2
302 403
1 11 2
130 497
1 3 2
76 353
1 5 2
265 435
1 5 2
128 422
1 9 2
76 358
1 6 2
381 402
1 10 2
135 145
1 7 2
98 441
1 6 2
233 401
1 8 2
302 340
1 11 2
238 423
1 7 2
27 281
1 12 2
83 99
1 4 2
125 330
1 6 2
188 450
1 6 2
345 469
1 14 2
350 434
1 12 2
337 421
1 11 2
340 397
1 13 2
319 329
1 2 2
93 152
1 14 2
90 335
1 5 2
229 325
1 10 2
240 247
1 6 2
250 455
1 15 2
160 163
1 8 2
288 304
1 13 2
60 289
1 13 2
197 310
1 11 2
137 347
1 2 2
237 409
1 3 2
142 228
1 9 2
411 427
1 10 2
115 390
1 2 2
7 208
1 5 2
299 391
1 9 2
74 343
1 2 2
340 381
1 11 2
323 339
1 6 2
222 472
1 15 2
141 352
1 5 2
385 438
1 7 2
90 232
1 15 2
247 358
1 9 2
80 481
1 11 2
26 339
1 13 2
426 488
1 3 2
57 273
1 3 2
32 180
1 11 2
116 283
1 4 2
287 414
1 2 2
85 187
1 13 2
169 237
1 3 2
19 128
1 14 2
235 323
1 2 2
78 147
1 8 2
101 424
1 3 2
300 323
1 3 2
122 334
1 7 2
309 410
1 9 2
299 408
1 4 2
109 400
1 8 2
278 469
1 8 2
223 454
1 10 2
170 209
1 10 2
440 492
1 15 2
422 455
1 2 2
61 345
1 6 2
365 373
1 12 2
134 187
1 15 2
48 85
1 13 2
81 495
1 3 2
150 473
1 11 2
83 300
1 3 2
222 249
1 15 2
112 420
1 8 2
185 225
1 14 2
110 358
1 4 2
80 105
1 7 2
1 487
1 7 2
2 26
1 5 2
397 442
1 2 2
142 444
1 14 2
14 256
1 15 2
123 342
1 15 2
188 476
1 2 2
74 249
1 14 2
24 448
1 14 2
52 455
1 3 2
237 366
1 9 2
121 242
1 15 2
134 457
1 12 2
321 326
1 14 2
185 295
1 8 2
107 432
1 8 2
156 297
1 11 2
184 424
1 7 2
77 133
1 12 2
192 327
1 3 2
142 263
1 6 2
250 480
1 8 2
483 487
1 12 2
235 278
1 5 2
199 338
1 15 2
132 146
1 12 2
33 410
1 10 2
292 452
1 13 2
38 446
1 4 2
69 487
1 14 2
248 296
1 8 2
103 107
1 12 2
432 447
1 9 2
168 461
1 15 2
85 318
1 5 2
30 227
1 15 2
246 452
1 12 2
298 465
1 11 2
26 71
1 2 2
382 396
1 2 2
85 270
1 4 2
68 179
1 3 2
180 249
1 15 2
85 379
1 10 2
197 282
1 3 2
7 495
1 9 2
82 481
1 12 2
264 415
1 2 2
33 172
1 9 2
73 78
1 8 2
343 394
1 5 2
394 455
1 7 2
280 333
1 14 2
169 408
1 9 2
147 398
1 12 2
263 359
1 3 2
53 98
1 5 2
290 493
1 13 2
130 411
1 9 2
16 367
1 14 2
190 332
1 9 2
416 424
1 13 2
5 396
1 6 2
205 461
1 14 2
386 493
1 6 2
8 53
1 2 2
13 328
1 2 2
388 396
1 8 2
170 378
1 12 2
214 356
1 2 2
89 316
1 2 2
146 313
1 10 2
118 196
1 6 2
380 416
1 3 2
295 358
1 6 2
59 396
1 15 2
99 224
1 9 2
340 393
1 15 2
340 444
1 2 2
296 478
1 3 2
116 341
1 5 2
64 338
1 11 2
235 283
1 3 2
66 274
1 14 2
18 385
1 3 2
82 160
1 12 2
154 425
1 10 2
145 300
1 8 2
6 25
1 9 2
431 435
1 6 2
387 436
1 10 2
217 462
1 8 2
117 467
1 3 2
305 449
1 4 2
58 415
1 4 2
240 311
1 7 2
268 442
1 3 2
220 279
1 11 2
290 431
1 15 2
436 485
1 15 2
23 459
1 3 2
246 399
1 5 2
26 391
1 9 2
212 283
1 11 2
76 173
1 9 2
423 443
1 5 2
184 229
1 10 2
83 404
1 2 2
451 490
1 11 2
24 335
1 5 2
97 399
1 13 2
179 490
1 2 2
46 184
1 11 2
257 275
1 6 2
201 310
1 13 2
14 160
1 4 2
200 353
1 11 2
129 474
1 2 2
69 174
1 7 2
278 477
1 2 2
10 263
1 5 2
205 458
1 12 2
17 221
1 9 2
233 469
1 13 2
150 168
1 11 2
182 375
1 15 2
86 307
1 13 2
38 54
1 15 2
196 341
1 9 2
278 321
1 8 2
16 24
1 12 2
348 408
1 14 2
185 220
1 11 2
155 174
1 6 2
288 332
1 3 2
69 195
1 7 2
354 360
1 15 2
91 92
1 9 2
293 383
1 15 2
18 392
1 10 2
193 314
1 9 2
182 483
1 7 2
95 468
1 11 2
184 309
1 10 2
44 458
1 3 2
101 372
1 5 2
96 167
1 3 2
122 372
1 6 2
87 324
1 2 2
431 487
1 14 2
103 408
1 13 2
30 95
1 15 2
274 428
1 15 2
88 476
1 5 2
152 452
1 3 2
118 350
1 8 2
353 482
1 3 2
361 372
1 10 2
131 169
1 12 2
131 444
1 12 2
15 187
1 2 2
31 324
1 5 2
9 317
1 11 2
79 447
1 6 2
2 5
1 3 2
93 146
1 9 2
81 253
1 4 2
70 177
1 14 2
60 381
1 15 2
163 211
1 7 2
352 359
1 5 2
198 213
1 4 2
47 449
1 13 2
100 288
1 6 2
439 487
1 4 2
8 34
1 12 2
411 452
1 9 2
105 499
1 5 2
25 494
1 2 2
449 479
1 10 2
331 405
1 2 2
328 341
1 4 2
241 466
1 3 2
35 462
1 4 2
242 456
1 11 2
159 491
1 7 2
125 298
1 12 2
196 408
1 3 2
421 473
1 9 2
43 193
1 9 2
324 465
1 3 2
181 366
1 11 2
104 138
1 10 2
209 392
1 11 2
114 408
1 5 2
49 489
1 12 2
25 183
1 7 2
266 437
1 10 2
43 329
1 14 2
29 460
1 7 2
110 111
1 10 2
395 402
1 6 2
248 386
1 9 2
68 389
1 5 2
239 349
1 6 2
127 151
1 15 2
90 221
1 2 2
49 266
1 4 2
30 93
1 14 2
203 228
1 13 2
167 453
1 4 2
195 331
1 9 2
73 277
1 14 2
82 179
1 8 2
51 145
1 2 2
41 333
1 12 2
68 447
1 13 2
346 475
1 9 2
15 60
1 9 2
265 343
1 4 2
226 328
1 15 2
8 313
1 7 2
85 211
1 3 2
83 372
1 15 2
2 475
1 15 2
175 420
1 11 2
5 35
1 11 2
209 327
1 3 2
198 202
1 11 2
16 312
1 2 2
378 390
1 2 2
37 197
1 6 2
148 155
1 12 2
86 410
1 6 2
62 455
1 9 2
242 393
1 3 2
295 449
1 5 2
271 285
1 3 2
185 314
1 12 2
264 352
1 14 2
248 406
1 15 2
119 159
1 6 2
161 260
1 3 2
142 419
1 8 2
109 383
1 8 2
45 71
1 4 2
306 498
1 8 2
15 225
1 11 2
28 83
1 10 2
38 214
1 7 2
56 247
1 14 2
297 361
1 11 2
200 332
1 7 2
243 379
1 4 2
73 84
1 4 2
355 375
1 11 2
145 166
1 8 2
268 383
1 2 2
291 471
1 12 2
55 125
1 10 2
20 266
1 12 2
210 352
1 12 2
16 108
1 2 2
117 484
1 4 2
426 449
1 13 2
171 260
1 4 2
237 401
1 15 2
173 245
1 11 2
295 452
1 2 2
85 331
1 4 2
69 484
1 2 2
101 374
1 11 2
96 325
1 4 2
258 383
1 5 2
57 468
1 8 2
308 387
1 15 2
167 429
1 3 2
1 399
1 14 2
4 254
1 3 2
89 446
1 2 2
40 244
1 15 2
142 247
1 6 2
260 383
1 15 2
160 190
1 10 2
243 324
1 5 2
121 418
1 5 2
149 336
1 6 2
284 461
1 7 2
306 390
1 3 2
195 448
1 2 2
25 480
1 3 2
307 483
1 2 2
67 470
1 5 2
110 273
1 11 2
341 476
1 10 2
333 403
1 4 2
190 453
1 3 2
215 291
1 8 2
159 422
1 2 2
217 377
1 8 2
372 383
1 12 2
204 239
1 5 2
66 107
1 13 2
250 266
1 4 2
210 419
1 8 2
169 428
1 6 2
44 104
1 12 2
31 111
1 7 2
78 173
1 2 2
60 172
1 2 2
19 443
1 6 2
162 195
1 7 2
77 170
1 4 2
192 278
1 11 2
96 271
1 3 2
207 461
1 8 2
301 475
1 4 2
212 349
1 2 2
150 278
1 14 2
192 376
1 13 2
27 388
1 4 2
256 281
1 9 2
69 87
1 15 2
328 409
1 4 2
121 234
1 9 2
279 426
1 8 2
328 416
1 14 2
209 271
1 10 2
83 192
1 8 2
98 404
1 7 2
105 467
1 13 2
8 290
1 12 2
96 171
1 7 2
408 410
1 2 2
26 344
1 9 2
63 357
1 15 2
260 486
1 8 2
277 374
1 3 2
141 382
1 14 2
217 310
1 15 2
75 88
1 9 2
379 489
1 10 2
267 271
1 10 2
111 233
1 2 2
153 338
1 6 2
9 419
1 14 2
198 268
1 10 2
172 350
1 4 2
28 137
1 7 2
28 161
1 3 2
18 301
1 2 2
401 498
1 14 2
372 471
1 8 2
185 307
1 3 2
356 399
1 12 2
256 338
1 7 2
262 292
1 13 2
66 287
1 7 2
475 487
1 8 2
94 198
1 4 2
56 385
1 5 2
93 341
1 15 2
61 189
1 4 2
314 425
1 3 2
73 325
1 14 2
198 372
1 3 2
98 229
1 15 2
24 346
1 13 2
458 465
1 2 2
46 259
1 4 2
95 416
1 8 2
75 325
1 11 2
206 499
1 5 2
34 408
1 3 2
246 270
1 4 2
434 452
1 11 2
274 381
1 15 2
135 191
1 12 2
366 428
1 8 2
465 496
1 14 2
14 171
1 8 2
46 496
1 14 2
164 405
1 15 2
33 464
1 5 2
53 73
1 6 2
241 311
1 2 2
309 389
1 7 2
227 285
1 3 2
87 425
1 14 2
238 429
1 15 2
48 246
1 2 2
267 479
1 13 2
86 405
1 9 2
318 339
1 2 2
93 407
1 7 2
49 124
1 4 2
305 462
1 9 2
67 279
1 7 2
28 194
1 12 2
165 270
1 6 2
118 372
1 4 2
19 358
1 3 2
6 431
1 3 2
260 324
1 7 2
102 194
1 3 2
408 417
1 4 2
97 496
1 12 2
64 279
1 13 2
263 354
1 2 2
78 279
1 3 2
270 352
1 9 2
146 391
1 11 2
0 243
1 10 2
103 334
1 6 2
7 477
1 6 2
29 436
1 6 2
9 313
1 15 2
296 447
1 2 2
330 491
1 3 2
8 70
1 8 2
199 393
1 7 2
29 82
1 7 2
453 470
1 9 2
52 215
1 14 2
376 421
1 13 2
304 346
1 6 2
131 419
1 7 2
108 276
1 8 2
175 394
1 3 2
194 377
1 13 2
123 289
1 3 2
74 122
1 4 2
202 386
1 10 2
267 366
1 7 2
434 465
1 12 2
214 389
1 12 2
255 316
1 8 2
58 467
1 12 2
49 350
1 2 2
79 237
1 15 2
150 472
1 14 2
164 315
1 15 2
24 445
1 5 2
45 245
1 9 2
97 154
1 4 2
9 77
1 9 2
16 197
1 5 2
80 440
1 13 2
360 443
1 6 2
224 445
1 15 2
16 474
1 10 2
175 204
1 3 2
180 294
1 2 2
74 171
1 15 2
12 491
1 6 2
67 196
1 11 2
180 407
1 2 2
152 204
1 13 2
136 140
1 12 2
345 395
1 6 2
91 337
1 15 2
118 293
1 5 2
100 420
1 11 2
69 70
1 8 2
0 189
1 12 2
86 98
1 15 2
32 358
1 11 2
86 216
1 2 2
248 291
1 10 2
37 138
1 3 2
133 135
1 4 2
112 225
1 15 2
199 407
1 2 2
293 405
1 8 2
168 224
1 4 2
243 418
1 7 2
123 220
1 6 2
32 344
1 3 2
75 371
1 15 2
9 193
1 2 2
185 424
1 3 2
63 244
1 8 2
31 266
1 11 2
363 485
1 11 2
299 385
1 9 2
82 172
1 6 2
84 228
1 12 2
298 352
1 7 2
281 421
1 2 2
62 229
1 6 2
46 462
1 10 2
223 432
1 5 2
292 458
1 9 2
84 468
1 3 2
87 402
1 13 2
247 289
1 3 2
32 374
1 7 2
393 463
1 13 2
33 72
1 14 2
32 193
1 6 2
284 330
1 6 2
142 453
1 15 2
21 171
1 9 2
54 402
1 4 2
19 189
1 15 2
199 282
1 5 2
198 309
1 15 2
340 398
1 8 2
208 301
1 14 2
245 251
1 4 2
6 451
1 9 2
114 268
1 8 2
214 314
1 5 2
147 156
1 7 2
297 434
1 10 2
16 243
1 7 2
189 238
1 4 2
54 159
1 5 2
52 499
1 14 2
74 264
1 9 2
17 224
1 10 2
246 312
1 7 2
227 243
1 11 2
160 184
1 12 2
2 247
1 11 2
282 327
1 10 2
316 330
1 11 2
282 461
1 5 2
54 123
1 2 2
239 269
1 5 2
39 433
1 2 2
232 396
1 4 2
1 431
1 12 2
232 420
1 12 2
23 346
1 10 2
96 196
1 5 2
15 418
1 8 2
468 474
1 9 2
491 498
1 15 2
50 386
1 8 2
22 418
1 5 2
356 480
1 3 2
385 392
1 4 2
177 253
1 7 2
364 389
1 7 2
77 473
1 3 2
207 218
1 15 2
88 429
1 2 2
435 439
1 13 2
47 495
1 7 2
269 297
1 5 2
18 261
1 6 2
283 395
1 2 2
370 493
1 15 2
19 247
1 5 2
289 372
1 5 2
14 472
1 7 2
92 435
1 14 2
130 460
1 15 2
211 222
1 10 2
40 75
1 6 2
18 140
1 7 2
83 86
1 7 2
39 379
1 6 2
103 292
1 9 2
7 67
1 4 2
58 179
1 12 2
328 352
1 11 2
218 492
1 4 2
115 193
1 10 2
5 444
1 4 2
18 305
1 8 2
337 390
1 3 2
9 467
1 12 2
333 351
1 7 2
129 367
1 7 2
173 393
1 10 2
24 306
1 4 2
298 314
1 3 2
81 246
1 2 2
180 221
1 13 2
318 364
1 6 2
18 380
1 2 2
82 343
1 15 2
163 262
1 11 2
53 159
1 5 2
51 346
1 4 2
151 334
1 15 2
13 216
1 7 2
27 69
1 2 2
193 463
1 13 2
248 352
1 7 2
393 413
1 12 2
27 45
1 15 2
93 402
1 5 2
242 243
1 9 2
166 324
1 5 2
201 231
1 6 2
56 106
1 8 2
184 236
1 13 2
105 448
1 7 2
131 452
1 14 2
239 350
1 7 2
205 494
1 7 2
134 450
1 14 2
12 249
1 3 2
11 423
1 12 2
250 253
1 3 2
351 362
1 9 2
125 455
1 2 2
172 344
1 15 2
406 410
1 4 2
267 457
1 5 2
185 264
1 12 2
258 448
1 14 2
123 449
1 3 2
118 273
1 4 2
124 143
1 11 2
86 445
1 4 2
316 358
1 3 2
141 176
1 9 2
36 73
1 2 2
464 491
1 14 2
150 173
1 8 2
118 229
1 2 2
75 358
1 9 2
302 405
1 15 2
135 340
1 12 2
35 99
1 15 2
121 320
1 10 2
111 411
1 6 2
146 285
1 9 2
103 497
1 10 2
73 440
1 11 2
265 306
1 9 2
246 258
1 5 2
370 388
1 5 2
343 438
1 9 2
476 483
1 5 2
38 121
1 11 2
147 291
1 7 2
223 323
1 14 2
258 487
1 15 2
98 495
1 15 2
177 367
1 8 2
194 297
1 8 2
261 345
1 4 2
7 447
1 13 2
106 303
1 11 2
135 162
1 3 2
186 436
1 6 2
82 211
1 15 2
80 472
1 12 2
134 268
1 5 2
11 473
1 12 2
43 322
1 10 2
106 289
1 9 2
181 380
1 12 2
152 429
1 6 2
98 172
1 14 2
182 499
1 15 2
454 473
1 15 2
121 355
1 11 2
218 329
1 15 2
109 255
1 10 2
121 293
1 12 2
118 221
1 12 2
23 260
1 5 2
61 401
1 8 2
82 98
1 15 2
103 135
1 11 2
96 356
1 12 2
359 454
1 13 2
294 490
1 11 2
157 239
1 12 2
89 260
1 8 2
242 329
1 7 2
75 314
1 11 2
68 115
1 12 2
107 478
1 10 2
19 369
1 14 2
311 461
1 13 2
119 385
1 8 2
105 151
1 2 2
85 340
1 11 2
235 466
1 5 2
120 205
1 11 2
379 432
1 6 2
202 290
1 7 2
340 441
1 2 2
240 466
1 3 2
70 91
1 4 2
139 467
1 11 2
236 423
1 3 2
107 356
1 13 2
91 442
1 5 2
70 181
1 11 2
103 330
1 11 2
394 476
1 13 2
66 113
1 5 2
268 314
1 10 2
198 445
1 15 2
323 481
1 10 2
32 265
1 4 2
86 113
1 5 2
153 409
1 3 2
178 337
1 12 2
173 450
1 6 2
119 318
1 7 2
172 237
1 7 2
295 423
1 10 2
196 372
1 2 2
237 396
1 4 2
162 399
1 2 2
14 443
1 14 2
53 486
1 8 2
231 265
1 12 2
146 427
1 15 2
2 40
1 14 2
215 477
1 13 2
135 372
1 11 2
236 470
1 15 2
166 362
1 4 2
26 87
1 7 2
25 211
1 4 2
33 441
1 9 2
83 169
1 13 2
16 436
1 7 2
121 413
1 14 2
64 335
1 14 2
207 332
1 7 2
269 321
1 4 2
34 175
1 2 2
164 260
1 15 2
33 369
1 7 2
115 183
1 13 2
14 287
1 12 2
270 455
1 2 2
357 451
1 2 2
207 441
1 6 2
104 360
1 4 2
195 411
1 13 2
157 492
1 6 2
309 485
1 9 2
132 448
1 7 2
279 348
1 13 2
260 449
1 4 2
336 443
1 4 2
187 193
1 5 2
304 378
1 9 2
228 371
1 13 2
26 79
1 5 2
43 497
1 6 2
106 163
1 9 2
85 377
1 15 2
253 355
1 3 2
120 360
1 12 2
1 209
1 9 2
27 73
1 7 2
45 184
1 2 2
46 250
1 10 2
30 85
1 10 2
253 368
1 4 2
182 207
1 8 2
285 484
1 14 2
192 378
1 15 2
101 455
1 8 2
168 314
1 14 2
358 496
1 14 2
218 232
1 5 2
38 428
1 13 2
24 64
1 6 2
155 352
1 8 2
76 150
1 12 2
6 213
1 15 2
175 340
1 10 2
177 398
1 4 2
84 446
1 11 2
177 219
1 3 2
9 201
1 6 2
88 339
1 12 2
32 300
1 7 2
15 139
1 13 2
14 43
1 9 2
85 263
1 10 2
20 50
1 9 2
171 294
1 9 2
233 296
1 8 2
345 403
1 4 2
98 487
1 10 2
215 447
1 12 2
225 321
1 5 2
199 372
1 15 2
156 232
1 10 2
275 342
1 9 2
124 240
1 5 2
369 383
1 10 2
163 341
1 4 2
135 210
1 15 2
378 438
1 11 2
160 373
1 3 2
46 271
1 8 2
128 383
1 5 2
105 313
1 2 2
256 319
1 10 2
215 238
1 10 2
95 195
1 2 2
29 399
1 11 2
30 92
1 8 2
211 443
1 6 2
169 461
1 7 2
113 193
1 13 2
1 78
1 2 2
54 277
1 15 2
319 361
1 14 2
120 170
1 13 2
114 380
1 13 2
140 411
1 7 2
340 368
1 10 2
224 331
1 9 2
87 395
1 10 2
273 342
1 11 2
18 142
1 2 2
250 452
1 5 2
154 422
1 9 2
394 446
1 6 2
11 276
1 9 2
88 130
1 5 2
184 452
1 4 2
152 324
1 8 2
192 208
1 3 2
369 458
1 15 2
100 158
1 12 2
135 209
1 11 2
334 493
1 12 2
6 89
1 4 2
144 150
1 12 2
318 477
1 6 2
241 436
1 15 2
181 220
1 11 2
362 372
1 5 2
258 316
1 5 2
84 98
1 7 2
99 429
1 13 2
57 361
1 15 2
248 385
1 2 2
434 456
1 9 2
51 499
1 6 2
297 351
1 11 2
91 281
1 15 2
121 269
1 4 2
222 342
1 2 2
202 437
1 8 2
246 324
1 12 2
73 154
1 12 2
321 406
1 8 2
21 479
1 3 2
343 378
1 6 2
82 314
1 9 2
296 359
1 14 2
5 265
1 8 2
463 484
1 6 2
36 299
1 9 2
44 63
1 2 2
136 186
1 14 2
402 462
1 5 2
146 496
1 11 2
218 298
1 5 2
138 257
1 12 2
77 497
1 4 2
267 440
1 8 2
289 466
1 10 2
59 113
1 6 2
145 173
1 11 2
342 383
1 6 2
204 300
1 13 2
75 454
1 11 2
80 377
1 15 2
7 379
1 13 2
25 107
1 8 2
121 172
1 5 2
12 321
1 8 2
230 484
1 10 2
357 383
1 8 2
225 237
1 8 2
99 254
1 5 2
235 320
1 9 2
287 294
1 3 2
34 453
1 3 2
108 483
1 2 2
209 482
1 11 2
16 288
1 7 2
266 307
1 15 2
38 221
1 12 2
106 144
1 14 2
48 266
1 12 2
310 405
1 12 2
214 407
1 13 2
93 237
1 3 2
71 189
1 13 2
95 121
1 5 2
20 330
1 9 2
188 212
1 14 2
356 390
1 6 2
257 491
1 5 2
293 464
1 3 2
244 259
1 12 2
233 379
1 2 2
127 258
1 13 2
14 184
1 5 2
271 373
1 2 2
277 363
1 9 2
90 385
1 6 2
350 406
1 6 2
4 184
1 5 2
300 348
1 7 2
135 156
1 9 2
355 385
1 3 2
236 406
1 5 2
133 155
1 15 2
57 271
1 13 2
10 91
1 12 2
279 282
1 7 2
8 133
1 13 2
280 320
1 14 2
336 424
1 9 2
307 343
1 2 2
34 417
1 14 2
44 203
1 3 2
234 340
1 11 2
365 471
1 5 2
16 473
1 3 2
56 155
1 8 2
94 403
1 5 2
276 402
1 13 2
150 486
1 2 2
259 375
1 3 2
40 154
1 15 2
65 237
1 3 2
268 306
1 12 2
354 454
1 3 2
210 454
1 2 2
108 159
1 3 2
170 392
1 2 2
172 184
1 13 2
111 175
1 2 2
165 494
1 9 2
79 471
1 10 2
94 327
1 9 2
102 302
1 7 2
249 446
1 7 2
191 362
1 5 2
212 498
1 11 2
60 238
1 10 2
95 159
1 12 2
208 268
1 14 2
70 383
1 10 2
198 249
1 8 2
214 347
1 5 2
80 261
1 5 2
197 380
1 2 2
175 447
1 8 2
134 430
1 13 2
226 385
1 14 2
231 435
1 13 2
144 381
1 13 2
351 419
1 15 2
286 353
1 6 2
340 470
1 12 2
85 442
1 11 2
57 401
1 15 2
278 372
1 5 2
256 264
1 5 2
27 35
1 14 2
200 201
1 2 2
232 382
1 6 2
72 169
1 15 2
216 378
1 9 2
316 427
1 6 2
73 302
1 2 2
202 450
1 9 2
69 183
1 4 2
58 405
1 4 2
5 185
1 15 2
63 364
1 10 2
252 338
1 9 2
18 368
1 11 2
138 196
1 5 2
106 171
1 6 2
281 307
1 4 2
29 372
1 14 2
40 167
1 11 2
122 264
1 7 2
18 438
1 10 2
32 396
1 6 2
75 433
1 9 2
288 377
1 10 2
121 157
1 14 2
57 344
1 13 2
193 263
1 4 2
95 326
1 10 2
80 125
1 12 2
254 444
1 3 2
95 251
1 14 2
37 340
1 13 2
236 292
1 12 2
124 205
1 14 2
145 162
1 15 2
78 177
1 15 2
51 77
1 2 2
83 154
1 9 2
116 282
1 11 2
303 390
1 10 2
2 163
1 4 2
210 351
1 8 2
248 446
1 10 2
242 416
1 8 2
20 81
1 14 2
386 453
1 4 2
38 486
1 15 2
33 436
1 13 2
175 283
1 2 2
46 344
1 13 2
143 433
1 10 2
7 116
1 7 2
87 407
1 11 2
230 432
1 10 2
182 359
1 15 2
192 344
1 8 2
176 418
1 14 2
24 480
1 2 2
307 424
1 2 2
450 459
1 8 2
85 111
1 7 2
245 255
1 3 2
88 264
1 2 2
85 325
1 11 2
109 451
1 8 2
80 140
1 13 2
44 223
1 8 2
15 250
1 14 2
45 165
1 8 2
186 314
1 3 2
213 311
1 10 2
358 483
1 8 2
77 384
1 14 2
169 284
1 12 2
268 471
1 2 2
262 451
1 2 2
19 138
1 2 2
105 202
1 5 2
83 350
1 10 2
69 130
1 2 2
155 470
1 11 2
205 395
1 10 2
293 410
1 11 2
160 298
1 15 2
46 137
1 3 2
18 366
1 5 2
41 451
1 14 2
127 337
1 13 2
229 463
1 12 2
60 162
1 13 2
272 362
1 7 2
142 174
1 15 2
42 334
1 3 2
62 276
1 9 2
7 164
1 5 2
437 492
1 8 2
37 38
1 6 2
255 309
1 11 2
457 462
1 9 2
292 294
1 13 2
0 177
1 4 2
198 460
1 5 2
437 494
1 4 2
180 278
1 11 2
140 378
1 8 2
216 482
1 11 2
134 149
1 3 2
110 397
1 2 2
265 294
1 10 2
293 391
1 9 2
92 493
1 6 2
202 282
1 8 2
10 377
1 3 2
199 236
1 13 2
391 430
1 14 2
70 495
1 2 2
178 457
1 15 2
148 195
1 5 2
56 444
1 7 2
30 166
1 9 2
345 368
1 12 2
117 379
1 13 2
196 212
1 9 2
5 473
1 9 2
45 496
1 8 2
173 320
1 15 2
43 365
1 5 2
80 231
1 12 2
111 480
1 10 2
196 364
1 10 2
8 486
1 3 2
141 468
1 3 2
354 483
1 13 2
40 433
1 15 2
14 62
1 10 2
9 274
1 12 2
400 405
1 11 2
161 190
1 5 2
230 470
1 11 2
258 370
1 7 2
27 122
1 13 2
94 418
1 3 2
140 337
1 4 2
163 319
1 11 2
454 498
1 10 2
66 214
1 8 2
173 391
1 7 2
71 107
1 13 2
210 258
1 2 2
225 373
1 7 2
191 480
1 9 2
127 392
1 8 2
334 337
1 12 2
270 279
1 7 2
376 397
1 9 2
58 230
1 9 2
75 115
1 5 2
384 492
1 10 2
28 314
1 7 2
148 409
1 12 2
234 252
1 13 2
164 469
1 7 2
74 473
1 8 2
143 294
1 7 2
1 199
1 15 2
339 367
1 9 2
244 290
1 5 2
293 378
1 8 2
266 293
1 4 2
83 364
1 8 2
180 233
1 3 2
230 234
1 4 2
23 319
1 10 2
248 307
1 12 2
228 497
1 5 2
6 266
1 12 2
109 476
1 14 2
13 307
1 7 2
127 460
1 5 2
293 312
1 11 2
216 427
1 6 2
37 279
1 6 2
29 430
1 8 2
94 228
1 13 2
52 246
1 4 2
187 210
1 10 2
41 136
1 2 2
22 333
1 8 2
6 117
1 5 2
106 276
1 5 2
63 412
1 8 2
26 35
1 13 2
255 405
1 6 2
127 493
1 4 2
55 112
1 6 2
297 412
1 9 2
297 406
1 13 2
259 325
1 3 2
368 490
1 8 2
61 307
1 3 2
375 393
1 4 2
130 401
1 12 2
203 261
1 8 2
188 370
1 15 2
45 86
1 14 2
330 460
1 13 2
273 496
1 10 2
48 83
1 5 2
228 312
1 7 2
431 496
1 2 2
227 453
1 7 2
41 303
1 13 2
56 115
1 3 2
175 442
1 3 2
204 209
1 4 2
170 371
1 3 2
81 208
1 12 2
41 110
1 13 2
268 381
1 13 2
0 88
1 9 2
119 381
1 4 2
426 482
1 5 2
27 183
1 3 2
119 274
1 3 2
49 259
1 5 2
165 489
1 4 2
270 484
1 5 2
154 281
1 10 2
295 330
1 7 2
42 358
1 10 2
60 488
1 11 2
221 407
1 12 2
134 342
1 14 2
122 377
1 6 2
272 287
1 12 2
257 475
1 15 2
330 343
1 14 2
173 191
1 2 2
26 38
1 12 2
10 410
1 11 2
181 489
1 12 2
186 448
1 3 2
7 182
1 15 2
19 462
1 9 2
258 430
1 8 2
100 416
1 3 2
132 201
1 13 2
246 320
1 9 2
220 401
1 12 2
41 335
1 11 2
201 299
1 12 2
236 433
1 14 2
146 185
1 10 2
226 411
1 6 2
40 472
1 14 2
61 314
1 2 2
403 444
1 15 2
306 336
1 3 2
86 413
1 14 2
11 81
1 15 2
26 486
1 4 2
133 244
1 10 2
50 64
1 14 2
266 358
1 11 2
36 169
1 15 2
90 400
1 15 2
228 427
1 6 2
72 97
1 13 2
218 330
1 13 2
54 490
1 11 2
377 482
1 9 2
158 417
1 9 2
160 366
1 7 2
63 296
1 7 2
23 117
1 9 2
94 304
1 12 2
125 221
1 2 2
105 477
1 15 2
331 496
1 3 2
296 341
1 7 2
373 381
1 15 2
59 384
1 11 2
94 219
1 4 2
75 391
1 11 2
58 424
1 5 2
225 269
1 10 2
265 355
1 4 2
215 318
1 12 2
374 494
1 9 2
42 110
1 9 2
489 495
1 3 2
213 338
1 13 2
45 349
1 4 2
190 426
1 4 2
12 104
1 6 2
284 337
1 2 2
263 479
1 9 2
170 403
1 3 2
97 158
1 11 2
192 480
1 4 2
70 430
1 10 2
274 409
1 7 2
97 214
1 2 2
261 265
1 2 2
13 221
1 15 2
155 260
1 7 2
97 304
1 14 2
110 401
1 2 2
17 298
1 6 2
295 493
1 4 2
145 176
1 10 2
262 296
1 12 2
207 451
1 12 2
459 487
1 3 2
14 279
1 12 2
80 154
1 9 2
33 240
1 5 2
92 215
1 12 2
105 125
1 14 2
227 380
1 11 2
145 205
1 13 2
199 230
1 6 2
55 464
1 5 2
117 306
1 7 2
145 445
1 7 2
167 178
1 2 2
186 432
1 3 2
323 354
1 11 2
235 245
1 12 2
156 186
1 7 2
51 441
1 11 2
225 261
1 14 2
22 338
1 2 2
78 270
1 5 2
330 433
1 2 2
217 437
1 6 2
82 205
1 9 2
96 252
1 11 2
469 475
1 8 2
142 476
1 9 2
76 320
1 15 2
250 272
1 13 2
139 483
1 11 2
105 222
1 12 2
225 411
1 11 2
302 328
1 5 2
136 233
1 13 2
282 436
1 6 2
293 347
1 10 2
228 484
1 12 2
103 136
1 4 2
58 105
1 14 2
211 375
1 7 2
60 377
1 6 2
137 453
1 14 2
32 497
1 14 2
114 207
1 13 2
157 238
1 7 2
103 456
1 15 2
240 437
1 5 2
351 438
1 15 2
91 391
1 8 2
63 249
1 11 2
93 408
1 3 2
109 465
1 10 2
2 301
1 6 2
244 285
1 14 2
109 300
1 12 2
219 399
1 10 2
128 301
1 2 2
142 280
1 13 2
180 366
1 14 2
80 218
1 2 2
69 302
1 9 2
110 485
1 14 2
188 341
1 2 2
88 326
1 7 2
20 406
1 4 2
154 203
1 7 2
275 425
1 13 2
426 479
1 10 2
3 293
1 15 2
163 253
1 7 2
74 308
1 8 2
26 146
1 8 2
246 247
1 11 2
157 459
1 13 2
460 490
1 10 2
135 349
1 9 2
349 462
1 12 2
68 313
1 6 2
31 35
1 6 2
17 488
1 12 2
75 146
1 13 2
72 318
1 12 2
207 409
1 7 2
2 351
1 3 2
98 414
1 2 2
444 464
1 8 2
54 496
1 3 2
76 440
1 10 2
117 338
1 14 2
59 278
1 8 2
65 135
1 12 2
63 146
1 8 2
61 67
1 5 2
321 415
1 2 2
358 446
1 10 2
15 112
1 6 2
12 329
1 13 2
59 380
1 7 2
136 447
1 10 2
356 462
1 2 2
110 243
1 3 2
167 325
1 14 2
298 302
1 14 2
26 63
1 14 2
50 486
1 12 2
72 251
1 4 2
39 324
1 10 2
107 398
1 9 2
135 413
1 7 2
105 343
1 15 2
2 121
1 11 2
149 285
1 15 2
24 194
1 3 2
123 127
1 2 2
447 450
1 6 2
68 189
1 4 2
222 305
1 15 2
40 374
1 2 2
140 220
1 7 2
70 415
1 14 2
113 453
1 6 2
221 331
1 12 2
155 183
1 9 2
384 427
1 11 2
275 368
1 11 2
205 392
1 2 2
420 481
1 4 2
6 460
1 14 2
16 259
1 11 2
4 15
1 11 2
181 357
1 5 2
34 351
1 12 2
6 180
1 10 2
314 416
1 13 2
139 353
1 4 2
452 488
1 2 2
142 183
1 15 2
143 445
1 10 2
48 333
1 8 2
276 398
1 5 2
310 364
1 14 2
194 206
1 3 2
39 167
1 12 2
292 354
1 4 2
154 313
1 4 2
398 457
1 5 2
254 399
1 10 2
299 394
1 8 2
29 453
1 12 2
299 323
1 12 2
3 444
1 10 2
135 428
1 13 2
24 245
1 2 2
98 402
1 7 2
206 303
1 4 2
243 290
1 3 2
313 419
1 9 2
120 336
1 6 2
56 350
1 14 2
121 216
1 8 2
17 490
1 5 2
21 208
1 7 2
214 395
1 9 2
205 340
1 9 2
81 221
1 12 2
135 240
1 12 2
32 342
1 11 2
122 461
1 2 2
264 400
1 5 2
422 469
1 11 2
99 332
1 15 2
183 283
1 12 2
218 228
1 8 2
314 350
1 14 2
44 315
1 3 2
240 307
1 10 2
159 175
1 14 2
12 63
1 12 2
481 491
1 8 2
188 245
1 10 2
23 268
1 9 2
391 483
1 15 2
12 229
1 15 2
295 459
1 7 2
210 366
1 12 2
101 429
1 13 2
136 427
1 7 2
59 170
1 13 2
44 474
1 2 2
277 372
1 7 2
158 163
1 6 2
33 98
1 4 2
86 425
1 15 2
230 386
1 2 2
206 242
1 15 2
209 350
1 7 2
123 377
1 10 2
7 218
1 12 2
108 482
1 6 2
265 268
1 3 2
234 414
1 10 2
158 205
1 13 2
222 230
1 15 2
98 198
1 10 2
317 497
1 2 2
365 380
1 10 2
135 146
1 15 2
26 205
1 3 2
383 396
1 4 2
222 344
1 14 2
90 307
1 5 2
28 202
1 2 2
7 121
1 13 2
107 178
1 9 2
83 223
1 4 2
100 160
1 12 2
145 428
1 9 2
177 290
1 3 2
153 160
1 14 2
50 342
1 8 2
190 204
1 7 2
335 430
1 11 2
88 340
1 9 2
412 485
1 4 2
244 369
1 2 2
373 406
1 13 2
56 492
1 9 2
99 307
1 6 2
229 283
1 7 2
141 189
1 15 2
4 325
1 2 2
364 474
1 3 2
123 370
1 7 2
145 180
1 4 2
53 100
1 11 2
479 489
1 10 2
126 203
1 4 2
59 497
1 4 2
80 475
1 4 2
128 465
1 3 2
105 277
1 8 2
83 397
1 13 2
322 355
1 8 2
85 398
1 12 2
24 309
1 15 2
59 327
1 7 2
197 472
1 5 2
16 499
1 4 2
233 241
1 7 2
229 263
1 10 2
105 418
1 13 2
156 405
1 8 2
76 282
1 14 2
20 78
1 12 2
234 476
1 3 2
261 350
1 10 2
67 247
1 10 2
117 311
1 13 2
188 293
1 4 2
66 329
1 2 2
139 338
1 13 2
166 170
1 9 2
154 327
1 12 2
279 356
1 9 2
169 246
1 7 2
40 257
1 7 2
14 379
1 12 2
161 282
1 8 2
101 263
1 14 2
55 455
1 2 2
7 258
1 3 2
111 234
1 6 2
232 458
1 12 2
139 161
1 12 2
58 85
1 6 2
141 395
1 4 2
204 392
1 14 2
171 459
1 11 2
284 325
1 14 2
64 386
1 12 2
326 363
1 7 2
439 498
1 14 2
70 320
1 2 2
76 298
1 4 2
78 207
1 14 2
143 374
1 15 2
315 365
1 4 2
52 166
1 6 2
71 453
1 2 2
237 249
1 4 2
100 147
1 3 2
65 274
1 8 2
212 477
1 14 2
48 124
1 9 2
99 306
1 15 2
243 411
1 5 2
211 377
1 13 2
43 332
1 3 2
100 296
1 8 2
208 463
1 10 2
119 333
1 7 2
54 488
1 15 2
5 300
1 6 2
101 473
1 15 2
72 344
1 9 2
154 479
1 3 2
42 465
1 12 2
221 273
1 2 2
65 116
1 7 2
178 285
1 6 2
370 480
1 8 2
168 360
1 13 2
344 438
1 15 2
5 48
1 4 2
433 477
1 9 2
33 224
1 13 2
186 206
1 11 2
52 228
1 4 2
74 79
1 15 2
380 457
1 14 2
134 159
1 15 2
6 371
1 5 2
119 402
1 10 2
348 487
1 11 2
157 498
1 3 2
93 139
1 5 2
269 310
1 10 2
79 114
1 13 2
52 272
1 6 2
142 181
1 13 2
172 325
1 14 2
18 418
1 4 2
44 156
1 6 2
93 149
1 2 2
61 211
1 12 2
130 477
1 9 2
23 150
1 7 2
17 478
1 13 2
245 391
1 3 2
385 422
1 14 2
313 357
1 6 2
165 490
1 14 2
373 375
1 5 2
107 375
1 11 2
350 422
1 6 2
392 437
1 7 2
346 355
1 12 2
325 430
1 4 2
124 452
1 2 2
64 186
1 2 2
11 468
1 3 2
156 462
1 5 2
2 381
1 9 2
216 217
1 14 2
317 361
1 2 2
38 256
1 15 2
45 470
1 13 2
262 320
1 11 2
136 294
1 13 2
129 306
1 8 2
225 379
1 8 2
118 166
1 13 2
245 259
1 7 2
318 494
1 14 2
204 386
1 10 2
60 349
1 12 2
266 470
1 15 2
174 378
1 6 2
331 411
1 12 2
174 459
1 9 2
47 404
1 9 2
226 255
1 12 2
28 38
1 10 2
159 307
1 3 2
142 346
1 13 2
274 441
1 5 2
270 478
1 10 2
309 444
1 7 2
91 393
1 12 2
288 491
1 3 2
53 455
1 7 2
353 436
1 13 2
38 168
1 14 2
154 226
1 4 2
248 295
1 3 2
182 471
1 15 2
419 448
1 11 2
135 189
1 9 2
283 359
1 3 2
171 336
1 6 2
93 397
1 4 2
37 114
1 12 2
15 422
1 12 2
364 456
1 8 2
3 462
1 6 2
386 427
1 14 2
212 476
1 14 2
473 476
1 6 2
118 265
1 10 2
188 462
1 14 2
367 447
1 2 2
65 350
1 12 2
198 373
1 14 2
64 341
1 10 2
128 395
1 8 2
153 293
1 12 2
305 395
1 15 2
19 28
1 3 2
197 372
1 8 2
193 442
1 3 2
169 363
1 8 2
380 442
1 10 2
351 375
1 15 2
308 421
1 5 2
8 116
1 9 2
249 338
1 11 2
294 397
1 12 2
135 257
1 9 2
5 363
1 8 2
93 232
1 7 2
176 234
1 5 2
200 222
1 6 2
87 137
1 14 2
20 417
1 13 2
215 253
1 3 2
9 272
1 2 2
133 395
1 15 2
236 452
1 12 2
89 192
1 10 2
324 402
1 12 2
303 430
1 5 2
83 89
1 8 2
95 282
1 13 2
171 401
1 7 2
407 477
1 11 2
297 374
1 13 2
19 174
1 5 2
197 414
1 6 2
107 417
1 5 2
154 260
1 5 2
36 185
1 9 2
359 370
1 9 2
343 405
1 15 2
267 300
1 10 2
92 387
1 6 2
282 397
1 12 2
171 220
1 8 2
46 440
1 10 2
120 473
1 10 2
294 358
1 3 2
202 481
1 4 2
136 364
1 4 2
265 496
1 6 2
250 285
1 10 2
284 315
1 9 2
63 78
1 10 2
386 482
1 15 2
210 266
1 4 2
106 315
1 5 2
39 133
1 14 2
126 310
1 3 2
352 494
1 14 2
118 405
1 9 2
436 442
1 13 2
180 478
1 2 2
199 417
1 8 2
403 413
1 2 2
210 299
1 8 2
13 199
1 8 2
274 422
1 15 2
138 309
1 2 2
35 437
1 11 2
362 498
1 10 2
245 262
1 11 2
80 327
1 6 2
306 448
1 9 2
417 429
1 3 2
53 97
1 8 2
146 475
1 6 2
127 308
1 11 2
29 295
1 9 2
320 496
1 5 2
229 421
1 6 2
11 383
1 12 2
45 80
1 4 2
10 441
1 11 2
36 429
1 2 2
426 431
1 7 2
115 423
1 3 2
269 383
1 13 2
98 390
1 8 2
195 203
1 6 2
98 140
1 12 2
5 10
1 3 2
50 458
1 2 2
265 373
1 8 2
36 469
1 15 2
323 445
1 8 2
27 177
1 11 2
262 400
1 9 2
86 241
1 12 2
109 406
1 15 2
176 258
1 11 2
120 130
1 2 2
207 390
1 12 2
246 494
1 11 2
431 482
1 9 2
166 192
1 4 2
13 343
1 6 2
342 390
1 15 2
197 366
1 9 2
29 170
1 7 2
338 361
1 13 2
82 416
1 14 2
38 99
1 13 2
348 350
1 5 2
12 31
1 11 2
282 476
1 9 2
45 55
1 3 2
293 304
1 7 2
266 425
1 9 2
60 246
1 9 2
302 481
1 11 2
164 378
1 10 2
0 258
1 8 2
137 397
1 13 2
20 179
1 13 2
136 322
1 11 2
211 369
1 15 2
63 219
1 5 2
356 490
1 11 2
133 423
1 6 2
174 452
1 3 2
186 423
1 10 2
453 482
1 10 2
314 366
1 13 2
275 331
1 8 2
225 460
1 8 2
297 444
1 15 2
209 443
1 13 2
262 459
1 4 2
34 223
1 14 2
144 290
1 3 2
13 298
1 15 2
256 419
1 13 2
273 414
1 8 2
79 268
1 12 2
228 415
1 14 2
55 406
1 3 2
77 134
1 7 2
281 488
1 2 2
112 188
1 12 2
64 220
1 14 2
131 311
1 6 2
260 443
1 2 2
169 245
1 4 2
22 189
1 13 2
100 396
1 10 2
362 418
1 7 2
345 455
1 2 2
46 87
1 14 2
4 330
1 2 2
129 409
1 14 2
164 432
1 12 2
393 442
1 12 2
38 228
1 5 2
212 258
1 7 2
42 466
1 3 2
283 327
1 11 2
90 396
1 8 2
32 462
1 15 2
164 498
1 4 2
94 178
1 13 2
76 443
1 15 2
415 435
1 13 2
74 336
1 11 2
292 497
1 5 2
71 437
1 13 2
35 204
1 6 2
91 211
1 15 2
35 355
1 14 2
377 422
1 13 2
110 418
1 4 2
147 193
1 9 2
48 340
1 9 2
113 204
1 10 2
196 351
1 11 2
321 353
1 6 2
125 451
1 9 2
197 392
1 14 2
142 170
1 9 2
248 387
1 7 2
200 479
1 12 2
164 311
1 9 2
60 223
1 4 2
209 464
1 13 2
88 151
1 13 2
89 494
1 6 2
47 83
1 11 2
128 198
1 13 2
378 382
1 6 2
193 221
1 6 2
17 408
1 15 2
133 295
1 6 2
289 448
1 4 2
43 204
1 7 2
495 498
1 13 2
21 307
1 9 2
135 352
1 4 2
311 455
1 7 2
204 464
1 7 2
369 406
1 13 2
300 404
1 4 2
393 417
1 12 2
54 249
1 4 2
19 35
1 14 2
156 394
1 15 2
469 494
1 2 2
143 330
1 5 2
137 159
1 7 2
56 256
1 6 2
9 245
1 9 2
335 399
1 5 2
174 354
1 13 2
107 384
1 5 2
194 411
1 2 2
316 398
1 2 2
7 402
1 11 2
195 389
1 9 2
117 291
1 13 2
120 181
1 14 2
397 463
1 6 2
45 161
1 5 2
138 319
1 14 2
184 345
1 7 2
34 104
1 7 2
48 82
1 9 2
67 230
1 10 2
128 471
1 13 2
292 334
1 12 2
94 441
1 15 2
240 321
1 2 2
14 311
1 11 2
114 176
1 11 2
174 356
1 3 2
124 350
1 12 2
183 451
1 6 2
92 392
1 10 2
118 411
1 15 2
105 335
1 9 2
440 482
1 14 2
143 379
1 10 2
46 242
1 14 2
201 255
1 6 2
167 488
1 9 2
270 403
1 5 2
15 443
1 14 2
11 248
1 10 2
143 240
1 10 2
58 191
1 3 2
260 440
1 7 2
153 379
1 9 2
11 304
1 8 2
207 325
1 8 2
92 121
1 15 2
10 200
1 10 2
22 104
1 3 2
139 342
1 12 2
191 371
1 14 2
116 158
1 4 2
55 95
1 14 2
154 496
1 11 2
95 127
1 6 2
231 331
1 11 2
14 80
1 10 2
187 247
1 4 2
396 450
1 4 2
185 247
1 4 2
29 347
1 5 2
39 347
1 9 2
326 346
1 8 2
339 395
1 12 2
399 471
1 7 2
216 496
1 7 2
81 201
1 4 2
72 426
1 10 2
139 326
1 8 2
294 435
1 9 2
208 222
1 5 2
15 380
1 10 2
1 191
1 10 2
28 315
1 10 2
417 470
1 2 2
38 467
1 8 2
99 227
1 9 2
349 437
1 13 2
165 195
1 8 2
118 145
1 14 2
214 350
1 2 2
29 84
1 12 2
72 361
1 12 2
278 489
1 5 2
7 244
1 2 2
405 455
1 12 2
140 335
1 5 2
283 407
1 13 2
233 265
1 14 2
9 101
1 3 2
252 278
1 3 2
91 243
1 4 2
343 374
1 12 2
206 450
1 14 2
73 222
1 7 2
133 212
1 2 2
338 385
1 4 2
8 386
1 14 2
131 448
1 7 2
0 494
1 3 2
77 492
1 13 2
387 489
1 12 2
406 436
1 6 2
94 185
1 9 2
315 348
1 2 2
131 420
1 3 2
182 433
1 5 2
8 287
1 4 2
157 224
1 9 2
231 287
1 6 2
101 140
1 4 2
83 274
1 8 2
290 447
1 15 2
433 440
1 10 2
78 271
1 6 2
304 351
1 2 2
367 432
1 11 2
297 421
1 3 2
399 461
1 8 2
160 431
1 6 2
26 398
1 13 2
313 435
1 8 2
278 471
1 9 2
232 246
1 4 2
17 249
1 4 2
147 496
1 8 2
233 292
1 10 2
84 86
1 12 2
117 284
1 6 2
157 495
1 3 2
282 442
1 4 2
337 352
1 12 2
114 241
1 9 2
23 336
1 12 2
148 284
1 5 2
115 221
1 5 2
160 391
1 9 2
51 237
1 12 2
76 230
1 12 2
224 302
1 10 2
60 314
1 13 2
151 211
1 7 2
247 357
1 7 2
10 234
1 14 2
230 474
1 3 2
150 458
1 12 2
438 479
1 4 2
78 169
1 2 2
146 431
1 11 2
64 102
1 3 2
43 476
1 7 2
238 389
1 15 2
75 202
1 6 2
268 342
1 4 2
90 399
1 11 2
303 348
1 7 2
142 477
1 15 2
243 348
1 8 2
176 367
1 6 2
8 188
1 9 2
46 160
1 2 2
166 422
1 15 2
3 212
1 5 2
302 484
1 6 2
128 290
1 11 2
217 401
1 7 2
20 413
1 13 2
331 339
1 11 2
284 424
1 5 2
237 345
1 11 2
127 173
1 10 2
97 247
1 12 2
180 231
1 12 2
100 186
1 7 2
45 343
1 4 2
294 425
1 13 2
102 441
1 7 2
52 402
1 12 2
225 338
1 2 2
90 478
1 15 2
303 436
1 11 2
270 399
1 14 2
29 219
1 12 2
106 340
1 11 2
147 336
1 13 2
54 231
1 13 2
44 345
1 15 2
21 103
1 4 2
282 344
1 12 2
107 488
1 15 2
70 152
1 11 2
113 308
1 13 2
159 352
1 2 2
19 476
1 15 2
177 410
1 13 2
107 112
1 9 2
447 461
1 10 2
66 142
1 6 2
229 489
1 10 2
260 404
1 14 2
49 126
1 8 2
303 432
1 9 2
141 209
1 11 2
433 459
1 11 2
53 299
1 11 2
85 199
1 8 2
108 426
1 5 2
47 441
1 7 2
330 430
1 4 2
89 126
1 11 2
63 125
1 11 2
443 461
1 3 2
22 43
1 14 2
204 423
1 7 2
68 149
1 15 2
161 274
1 12 2
112 190
1 11 2
7 482
1 12 2
198 447
1 5 2
2 289
1 9 2
97 108
1 15 2
176 302
1 15 2
12 361
1 13 2
78 176
1 14 2
365 486
1 5 2
5 205
1 7 2
367 435
1 4 2
56 260
1 12 2
185 299
