500 4000 1500
25 9 8 16 23 24 19 12 9 8 13 6 13 8 5 10 7 12 25 5 18 7 8 5 9 7 23 20 8 22 25 8 20 16 25 21 16 21 12 6 8 6 9 7 15 25 6 9 23 23 5 9 12 19 5 24 18 21 21 5 13 9 22 8 13 18 8 24 19 19 15 14 13 21 15 14 6 8 22 19 12 7 13 8 9 7 8 18 10 5 18 19 21 19 22 19 9 7 25 24 16 7 13 18 14 23 22 10 23 11 23 17 5 20 5 7 11 5 15 6 6 5 17 25 18 12 18 24 16 11 24 19 18 16 6 7 9 24 12 7 7 18 25 25 12 5 16 6 22 16 22 17 5 18 24 22 15 23 25 20 22 12 24 8 14 24 15 11 18 13 24 19 10 6 16 10 15 5 25 22 24 25 24 12 11 18 16 14 8 25 9 18 14 10 19 8 11 6 6 23 11 11 17 25 21 18 10 6 10 23 7 18 19 13 13 9 25 17 5 15 21 25 16 23 25 20 13 10 8 19 23 24 24 11 13 21 21 17 5 18 9 23 17 18 21 17 18 6 20 18 17 9 20 22 16 10 18 6 24 15 18 14 20 9 20 11 11 9 19 23 24 5 21 10 15 22 13 7 12 9 17 14 17 11 24 25 13 16 19 8 23 19 22 14 14 7 23 5 16 6 13 15 19 6 17 16 14 10 16 18 24 21 24 6 14 20 16 18 7 17 25 15 14 7 11 24 22 25 8 14 25 24 23 7 8 20 9 11 23 21 10 12 8 11 14 17 13 10 9 8 16 18 22 7 17 12 14 19 16 25 13 19 22 23 24 20 24 7 12 24 22 11 11 17 22 22 13 25 11 11 8 19 5 14 25 19 17 5 22 19 7 22 21 6 15 20 22 17 6 15 22 7 21 6 10 21 12 21 7 25 17 5 16 23 15 7 21 20 5 13 9 14 17 10 21 19 13 13 18 10 19 20 24 15 13 9 14 19 18 19 17 25 20 20 20 11 10 22 10 6 18 10 17 11 10 17 24 17 20 14 21 24 12 17 11 22 20 17 23 21 20 15 14 24 19 17 9 22 12 18 7 23 22 10 21 21 25 9 8 19 15 8 23 24 15 20 11 14 15 18
19 8 13 18 18 19 18 11 19 6 10 11 9 4 18 3 18 13 15 10 5 17 6 9 10 19 14 12 11 7 7 9 20 14 10 15 5 14 6 9 8 8 17 12 15 12 8 12 3 9 3 6 8 3 19 15 4 11 20 13 12 12 10 16 14 15 5 11 10 13 17 19 5 18 11 19 15 4 18 7 5 12 3 9 6 6 7 14 8 9 5 13 17 11 19 5 18 13 17 6 16 19 4 14 12 12 6 3 9 7 8 16 19 15 20 9 10 18 9 14 15 20 13 18 13 9 17 3 10 18 4 11 14 16 7 12 12 20 14 10 15 12 20 14 20 18 11 9 19 20 11 19 6 10 13 3 4 14 5 6 18 20 14 4 10 12 14 3 7 3 9 5 12 17 8 14 11 11 17 18 6 16 5 4 11 15 4 16 3 10 16 16 13 12 6 13 12 14 13 11 12 12 15 7 11 5 18 9 12 18 10 11 11 20 5 11 20 3 20 15 7 20 8 10 11 14 18 9 16 4 6 13 16 20 7 11 3 12 14 15 7 19 15 7 4 11 20 9 17 14 17 13 18 18 16 10 17 19 10 17 9 20 15 17 20 15 4 20 16 16 17 7 15 15 13 3 18 10 7 16 8 8 17 7 16 13 10 20 19 8 11 12 9 6 13 10 13 13 20 11 5 5 19 12 6 17 18 6 8 13 6 6 6 7 20 17 11 12 15 14 20 8 12 18 7 8 20 11 20 7 12 10 15 3 19 16 13 16 9 6 16 10 5 13 10 6 12 17 3 10 19 5 5 6 17 20 5 7 14 8 18 17 17 16 6 8 20 20 7 4 5 4 13 3 15 14 17 12 4 18 8 4 13 5 9 12 15 14 13 4 18 7 19 18 11 9 10 20 14 14 7 4 13 12 16 15 17 11 10 14 16 17 7 9 13 20 12 11 5 8 11 5 8 13 16 6 8 15 6 7 12 19 4 20 10 19 14 7 5 4 8 18 15 14 6 16 6 9 20 16 4 3 17 7 20 7 4 18 19 6 6 10 6 3 6 4 15 11 19 18 3 20 7 18 17 19 17 10 8 7 6 5 9 14 10 17 16 7 7 3 9 18 12 12 10 14 5 18 7 12
1 4 2
134 142
1 10 2
64 339
1 14 2
4 329
1 14 2
179 368
1 9 2
145 257
1 6 2
439 486
1 6 2
210 367
1 8 2
345 448
1 12 2
118 160
1 2 2
27 353
1 6 2
325 444
1 11 2
344 493
1 13 2
124 491
1 11 2
230 267
1 10 2
68 190
1 15 2
276 405
1 4 2
237 331
1 4 2
80 341
1 7 2
322 412
1 12 2
160 464
1 10 2
111 479
1 4 2
55 176
1 2 2
93 286
1 3 2
220 440
1 3 2
8 80
1 12 2
61 201
1 15 2
206 233
1 11 2
51 408
1 15 2
417 438
1 6 2
86 317
1 10 2
159 268
1 15 2
63 109
1 9 2
234 354
1 14 2
460 479
1 11 2
80 131
1 6 2
222 314
1 2 2
130 348
1 3 2
91 464
1 14 2
84 285
1 14 2
173 373
1 5 2
291 344
1 5 2
78 315
1 12 2
101 271
1 11 2
49 98
1 7 2
245 482
1 13 2
32 150
1 10 2
194 421
1 10 2
166 422
1 11 2
200 423
1 2 2
81 272
1 5 2
165 278
1 6 2
92 395
1 14 2
139 304
1 11 2
126 184
1 12 2
156 472
1 8 2
73 376
1 11 2
97 239
1 13 2
257 440
1 7 2
44 285
1 2 2
344 406
1 4 2
345 499
1 4 2
54 74
1 11 2
191 424
1 9 2
2 284
1 3 2
63 267
1 2 2
67 184
1 11 2
1 89
1 11 2
193 264
1 6 2
287 291
1 15 2
374 467
1 3 2
45 219
1 2 2
200 274
1 3 2
125 200
1 4 2
73 421
1 14 2
55 415
1 3 2
5 33
1 12 2
255 312
1 12 2
159 306
1 15 2
92 472
1 13 2
120 380
1 7 2
310 460
1 12 2
196 409
1 12 2
384 393
1 11 2
170 315
1 9 2
30 94
1 15 2
334 340
1 4 2
91 339
1 7 2
238 334
1 5 2
124 431
1 14 2
65 243
1 10 2
2 436
1 5 2
46 262
1 7 2
52 453
1 3 2
191 239
1 13 2
89 362
1 11 2
358 492
1 6 2
20 386
1 14 2
139 499
1 9 2
78 361
1 11 2
230 323
1 14 2
58 243
1 4 2
16 452
1 9 2
88 166
1 3 2
20 150
1 5 2
209 424
1 11 2
362 395
1 3 2
98 424
1 13 2
264 482
1 13 2
85 442
1 7 2
429 476
1 3 2
35 351
1 2 2
245 370
1 5 2
94 358
1 14 2
168 215
1 8 2
66 363
1 2 2
32 404
1 3 2
86 192
1 3 2
12 34
1 9 2
134 253
1 15 2
394 483
1 15 2
185 243
1 8 2
171 187
1 9 2
60 268
1 14 2
314 338
1 7 2
189 384
1 9 2
200 485
1 13 2
80 372
1 8 2
79 354
1 3 2
139 482
1 4 2
169 376
1 14 2
146 290
1 5 2
92 249
1 14 2
47 338
1 3 2
101 490
1 12 2
89 323
1 3 2
94 264
1 10 2
161 474
1 12 2
157 429
1 9 2
160 466
1 11 2
332 366
1 2 2
266 471
1 10 2
358 484
1 6 2
229 460
1 12 2
22 95
1 6 2
241 255
1 12 2
140 166
1 13 2
292 499
1 7 2
290 458
1 6 2
40 87
1 13 2
335 419
1 8 2
304 338
1 6 2
190 225
1 10 2
312 404
1 10 2
111 203
1 2 2
104 237
1 13 2
242 367
1 4 2
81 128
1 12 2
212 245
1 8 2
252 382
1 5 2
136 364
1 14 2
26 312
1 3 2
20 77
1 4 2
289 466
1 3 2
89 418
1 5 2
163 246
1 6 2
98 173
1 7 2
159 369
1 12 2
90 388
1 15 2
212 385
1 8 2
118 488
1 13 2
186 497
1 12 2
368 444
1 13 2
156 326
1 12 2
63 183
1 11 2
48 315
1 13 2
59 388
1 10 2
11 116
1 12 2
83 214
1 9 2
339 467
1 15 2
167 374
1 6 2
8 290
1 10 2
143 189
1 10 2
191 216
1 2 2
28 182
1 4 2
383 475
1 12 2
57 317
1 14 2
105 404
1 2 2
70 146
1 11 2
118 426
1 15 2
338 368
1 5 2
227 392
1 10 2
124 372
1 15 2
60 240
1 4 2
147 358
1 11 2
193 393
1 11 2
126 484
1 7 2
3 255
1 6 2
58 142
1 11 2
29 108
1 11 2
188 477
1 14 2
149 388
1 4 2
33 388
1 11 2
231 297
1 2 2
242 426
1 5 2
104 413
1 6 2
139 469
1 3 2
145 451
1 8 2
31 43
1 6 2
161 313
1 13 2
127 244
1 9 2
208 274
1 8 2
60 316
1 15 2
340 458
1 4 2
167 393
1 2 2
109 152
1 4 2
292 459
1 13 2
72 427
1 15 2
56 176
1 10 2
28 489
1 3 2
145 395
1 3 2
340 347
1 14 2
10 378
1 7 2
286 354
1 14 2
32 309
1 11 2
76 97
1 15 2
347 392
1 8 2
96 341
1 8 2
58 95
1 11 2
17 380
1 13 2
164 483
1 12 2
61 161
1 5 2
11 38
1 4 2
50 428
1 15 2
195 452
1 6 2
34 218
1 2 2
167 191
1 8 2
35 266
1 12 2
230 380
1 4 2
213 295
1 10 2
18 68
1 11 2
131 468
1 9 2
99 477
1 6 2
271 274
1 8 2
31 229
1 3 2
345 466
1 15 2
226 374
1 9 2
77 264
1 6 2
397 450
1 14 2
245 318
1 9 2
326 498
1 9 2
257 403
1 13 2
130 388
1 7 2
378 395
1 9 2
293 416
1 4 2
45 479
1 3 2
457 497
1 10 2
134 149
1 14 2
160 479
1 4 2
95 382
1 3 2
124 303
1 7 2
146 199
1 8 2
43 223
1 11 2
0 276
1 5 2
99 305
1 9 2
208 232
1 9 2
159 238
1 13 2
179 279
1 5 2
108 487
1 3 2
94 114
1 4 2
39 400
1 9 2
127 176
1 11 2
61 371
1 8 2
29 171
1 3 2
350 453
1 8 2
39 419
1 10 2
277 302
1 10 2
174 320
1 9 2
171 255
1 13 2
54 349
1 2 2
217 265
1 12 2
143 396
1 15 2
271 430
1 15 2
51 342
1 11 2
106 138
1 11 2
303 453
1 3 2
81 301
1 15 2
51 199
1 14 2
59 148
1 3 2
47 267
1 9 2
190 479
1 15 2
108 246
1 7 2
315 443
1 8 2
47 383
1 12 2
46 379
1 7 2
77 211
1 14 2
147 305
1 15 2
100 185
1 2 2
148 219
1 7 2
117 490
1 14 2
88 354
1 13 2
277 365
1 3 2
161 466
1 15 2
37 343
1 15 2
55 496
1 8 2
355 380
1 9 2
34 137
1 9 2
27 360
1 10 2
30 102
1 7 2
80 240
1 13 2
224 350
1 9 2
5 478
1 4 2
60 321
1 14 2
2 193
1 8 2
240 253
1 5 2
187 371
1 9 2
220 449
1 13 2
194 277
1 6 2
319 342
1 7 2
227 497
1 6 2
166 323
1 4 2
180 407
1 11 2
116 180
1 14 2
60 275
1 10 2
430 463
1 10 2
101 116
1 8 2
119 408
1 5 2
130 205
1 6 2
391 401
1 8 2
327 368
1 6 2
276 488
1 12 2
8 371
1 14 2
75 285
1 15 2
104 235
1 11 2
162 340
1 9 2
375 408
1 6 2
36 444
1 13 2
398 437
1 13 2
244 307
1 15 2
17 105
1 15 2
119 181
1 12 2
258 352
1 14 2
126 163
1 4 2
7 136
1 3 2
221 368
1 11 2
410 419
1 15 2
142 476
1 5 2
171 372
1 3 2
264 429
1 4 2
217 484
1 9 2
201 290
1 5 2
94 182
1 3 2
175 317
1 9 2
100 101
1 12 2
394 465
1 13 2
454 481
1 12 2
181 285
1 2 2
292 372
1 5 2
149 186
1 7 2
76 449
1 6 2
353 364
1 10 2
163 202
1 2 2
112 330
1 2 2
182 237
1 13 2
307 391
1 4 2
129 193
1 8 2
123 162
1 15 2
5 486
1 7 2
65 396
1 12 2
56 181
1 2 2
15 101
1 13 2
15 409
1 10 2
23 31
1 8 2
92 121
1 2 2
1 304
1 13 2
5 50
1 2 2
137 483
1 9 2
46 354
1 8 2
53 359
1 3 2
146 276
1 10 2
160 481
1 11 2
64 102
1 2 2
472 493
1 14 2
149 184
1 15 2
144 251
1 10 2
136 170
1 14 2
299 407
1 7 2
177 275
1 10 2
67 384
1 11 2
314 352
1 10 2
58 261
1 10 2
32 120
1 14 2
139 344
1 5 2
276 306
1 14 2
396 463
1 4 2
209 343
1 9 2
316 437
1 8 2
62 239
1 9 2
172 366
1 15 2
178 420
1 10 2
422 438
1 2 2
49 148
1 4 2
15 445
1 8 2
393 495
1 11 2
22 323
1 11 2
197 203
1 11 2
159 426
1 12 2
241 299
1 2 2
2 72
1 15 2
181 497
1 13 2
220 399
1 14 2
137 486
1 13 2
185 360
1 7 2
432 435
1 7 2
206 229
1 12 2
101 342
1 4 2
130 177
1 10 2
420 437
1 15 2
25 53
1 2 2
270 387
1 7 2
69 431
1 2 2
365 466
1 15 2
164 482
1 12 2
112 140
1 14 2
208 450
1 4 2
149 320
1 5 2
133 250
1 4 2
90 324
1 9 2
134 446
1 13 2
84 283
1 12 2
169 372
1 3 2
57 457
1 14 2
58 193
1 15 2
35 110
1 14 2
193 232
1 6 2
189 307
1 13 2
208 282
1 2 2
97 371
1 5 2
56 312
1 5 2
56 309
1 6 2
241 491
1 13 2
166 289
1 12 2
44 168
1 2 2
380 452
1 7 2
145 422
1 3 2
102 253
1 3 2
195 197
1 5 2
205 316
1 6 2
351 408
1 3 2
85 393
1 11 2
126 362
1 11 2
223 351
1 7 2
146 452
1 8 2
191 419
1 7 2
110 423
1 5 2
345 483
1 3 2
88 324
1 2 2
3 415
1 13 2
83 177
1 3 2
89 465
1 3 2
120 352
1 2 2
76 164
1 9 2
204 469
1 5 2
89 470
1 15 2
193 449
1 9 2
160 266
1 3 2
219 395
1 2 2
172 491
1 13 2
257 391
1 14 2
222 362
1 12 2
64 291
1 3 2
63 482
1 4 2
61 222
1 8 2
120 322
1 5 2
144 270
1 6 2
250 395
1 8 2
191 494
1 4 2
333 405
1 5 2
420 474
1 3 2
84 165
1 7 2
122 203
1 2 2
146 419
1 7 2
378 414
1 4 2
280 410
1 5 2
352 425
1 8 2
190 368
1 13 2
129 185
1 9 2
143 357
1 2 2
127 180
1 15 2
201 223
1 8 2
3 62
1 14 2
16 397
1 2 2
171 200
1 6 2
91 191
1 12 2
205 498
1 9 2
240 357
1 9 2
201 467
1 11 2
157 405
1 15 2
95 298
1 13 2
282 409
1 14 2
126 166
1 12 2
164 319
1 8 2
68 212
1 7 2
132 402
1 15 2
85 450
1 11 2
20 498
1 15 2
346 435
1 9 2
31 81
1 6 2
168 431
1 9 2
62 200
1 5 2
1 190
1 11 2
148 155
1 13 2
266 327
1 12 2
45 87
1 15 2
4 111
1 11 2
68 407
1 10 2
116 239
1 3 2
157 363
1 10 2
16 196
1 4 2
261 293
1 8 2
70 115
1 15 2
28 284
1 11 2
136 418
1 5 2
36 198
1 2 2
168 323
1 6 2
242 252
1 11 2
400 413
1 8 2
94 482
1 2 2
58 205
1 9 2
80 357
1 9 2
104 469
1 12 2
386 426
1 5 2
148 426
1 9 2
130 221
1 13 2
91 279
1 9 2
217 285
1 13 2
47 462
1 12 2
115 221
1 14 2
208 223
1 9 2
47 255
1 8 2
363 405
1 14 2
77 375
1 4 2
142 290
1 12 2
40 97
1 7 2
23 194
1 5 2
68 348
1 11 2
211 324
1 2 2
192 236
1 5 2
286 314
1 4 2
70 332
1 15 2
357 394
1 15 2
56 120
1 10 2
132 473
1 10 2
192 193
1 4 2
32 421
1 5 2
427 487
1 10 2
51 346
1 9 2
217 408
1 2 2
71 322
1 3 2
266 420
1 7 2
95 251
1 12 2
103 415
1 3 2
64 279
1 11 2
20 236
1 14 2
274 473
1 3 2
160 233
1 8 2
95 312
1 4 2
356 478
1 10 2
5 132
1 9 2
260 424
1 15 2
207 493
1 8 2
288 312
1 12 2
34 467
1 10 2
284 424
1 3 2
177 394
1 9 2
111 467
1 7 2
292 334
1 9 2
189 349
1 15 2
44 54
1 6 2
64 436
1 2 2
2 491
1 3 2
47 240
1 6 2
77 244
1 4 2
157 234
1 12 2
211 217
1 14 2
403 463
1 2 2
139 353
1 4 2
211 450
1 2 2
313 439
1 11 2
229 253
1 12 2
9 466
1 4 2
46 341
1 4 2
210 300
1 2 2
341 388
1 4 2
85 227
1 4 2
44 380
1 14 2
263 486
1 15 2
244 248
1 8 2
103 272
1 10 2
320 325
1 7 2
212 452
1 2 2
104 475
1 5 2
186 436
1 4 2
61 249
1 4 2
168 471
1 14 2
106 447
1 11 2
432 485
1 3 2
229 235
1 14 2
93 486
1 5 2
56 352
1 2 2
186 410
1 14 2
24 39
1 2 2
46 465
1 15 2
124 456
1 2 2
254 425
1 2 2
253 464
1 8 2
94 279
1 13 2
59 68
1 2 2
117 139
1 14 2
210 283
1 9 2
410 428
1 9 2
366 394
1 6 2
128 333
1 14 2
63 250
1 11 2
213 445
1 2 2
472 490
1 6 2
43 145
1 7 2
17 436
1 11 2
382 404
1 7 2
184 430
1 11 2
310 472
1 3 2
83 287
1 13 2
4 166
1 14 2
207 269
1 11 2
27 188
1 11 2
26 481
1 11 2
233 375
1 13 2
301 468
1 10 2
74 223
1 13 2
63 314
1 8 2
77 258
1 9 2
254 388
1 11 2
416 462
1 11 2
303 335
1 14 2
83 423
1 11 2
204 286
1 8 2
64 269
1 5 2
261 495
1 3 2
71 375
1 11 2
34 457
1 11 2
145 198
1 9 2
131 474
1 8 2
83 469
1 3 2
112 430
1 7 2
81 443
1 14 2
72 428
1 5 2
259 426
1 3 2
345 478
1 12 2
81 175
1 7 2
269 384
1 15 2
454 490
1 15 2
300 490
1 14 2
65 255
1 5 2
148 420
1 6 2
100 109
1 5 2
44 222
1 8 2
151 262
1 14 2
344 482
1 14 2
163 369
1 3 2
94 104
1 3 2
33 275
1 2 2
310 367
1 2 2
243 498
1 11 2
108 369
1 3 2
131 226
1 3 2
123 142
1 6 2
230 452
1 2 2
104 131
1 12 2
269 435
1 11 2
44 338
1 2 2
83 87
1 12 2
146 409
1 3 2
379 462
1 4 2
193 200
1 4 2
274 380
1 12 2
409 423
1 12 2
160 372
1 2 2
375 468
1 5 2
123 278
1 3 2
382 395
1 4 2
109 157
1 2 2
50 196
1 5 2
151 157
1 3 2
54 361
1 2 2
52 478
1 6 2
179 406
1 15 2
190 358
1 14 2
189 334
1 9 2
81 447
1 11 2
154 482
1 10 2
114 471
1 3 2
12 175
1 3 2
256 482
1 3 2
81 400
1 7 2
312 374
1 12 2
48 369
1 5 2
265 465
1 14 2
224 388
1 13 2
189 276
1 6 2
260 263
1 11 2
200 282
1 7 2
418 432
1 7 2
382 490
1 10 2
265 356
1 7 2
178 359
1 6 2
268 309
1 6 2
70 131
1 3 2
52 401
1 2 2
183 338
1 7 2
4 488
1 14 2
181 256
1 12 2
455 472
1 11 2
174 199
1 14 2
16 25
1 12 2
37 376
1 5 2
77 286
1 2 2
179 395
1 6 2
34 450
1 12 2
213 287
1 8 2
20 75
1 2 2
290 437
1 11 2
355 431
1 14 2
187 294
1 9 2
148 274
1 15 2
261 280
1 15 2
136 427
1 3 2
57 160
1 2 2
172 199
1 12 2
65 238
1 4 2
253 432
1 6 2
256 315
1 8 2
309 395
1 11 2
50 63
1 3 2
176 449
1 11 2
466 481
1 8 2
17 244
1 14 2
330 477
1 8 2
361 387
1 15 2
140 269
1 11 2
161 207
1 7 2
38 170
1 15 2
123 354
1 5 2
146 196
1 12 2
215 282
1 12 2
250 296
1 11 2
149 334
1 7 2
29 392
1 11 2
307 392
1 14 2
85 204
1 8 2
193 235
1 15 2
164 490
1 15 2
123 202
1 6 2
221 381
1 10 2
259 374
1 6 2
77 161
1 10 2
442 468
1 12 2
89 359
1 2 2
290 372
1 6 2
4 322
1 15 2
343 373
1 13 2
164 450
1 5 2
105 250
1 14 2
229 327
1 7 2
0 331
1 3 2
135 335
1 8 2
210 393
1 6 2
130 215
1 15 2
128 270
1 10 2
76 214
1 11 2
131 151
1 14 2
87 429
1 2 2
93 425
1 10 2
245 486
1 3 2
472 491
1 12 2
60 410
1 9 2
66 371
1 7 2
318 345
1 8 2
145 416
1 7 2
5 309
1 15 2
51 221
1 15 2
59 365
1 14 2
129 244
1 4 2
96 348
1 6 2
270 498
1 4 2
238 383
1 5 2
157 291
1 2 2
41 158
1 12 2
42 316
1 12 2
213 428
1 13 2
175 499
1 3 2
139 361
1 5 2
29 351
1 4 2
239 429
1 5 2
304 331
1 7 2
218 483
1 3 2
141 319
1 15 2
261 418
1 8 2
277 416
1 2 2
84 303
1 3 2
211 248
1 9 2
52 364
1 3 2
58 120
1 6 2
340 482
1 11 2
138 210
1 12 2
209 455
1 13 2
97 146
1 6 2
298 390
1 13 2
147 356
1 3 2
252 413
1 3 2
131 300
1 14 2
50 160
1 6 2
149 394
1 10 2
24 188
1 14 2
128 285
1 4 2
111 453
1 13 2
24 425
1 3 2
353 477
1 11 2
252 333
1 2 2
24 72
1 12 2
61 491
1 8 2
447 494
1 4 2
116 139
1 8 2
132 432
1 14 2
98 219
1 7 2
33 375
1 5 2
10 273
1 9 2
310 401
1 14 2
77 413
1 11 2
451 455
1 11 2
169 468
1 10 2
81 127
1 4 2
64 414
1 13 2
203 442
1 5 2
55 279
1 11 2
336 411
1 15 2
150 185
1 14 2
74 423
1 10 2
76 153
1 12 2
27 253
1 3 2
295 402
1 5 2
20 412
1 14 2
34 127
1 11 2
286 289
1 3 2
65 231
1 10 2
53 247
1 8 2
364 406
1 6 2
406 478
1 8 2
16 96
1 14 2
54 264
1 5 2
179 195
1 15 2
324 352
1 12 2
61 208
1 4 2
196 366
1 14 2
156 451
1 4 2
33 174
1 5 2
42 220
1 3 2
462 464
1 14 2
108 251
1 10 2
251 485
1 14 2
281 303
1 9 2
168 384
1 13 2
46 165
1 8 2
112 255
1 8 2
90 409
1 12 2
203 302
1 4 2
62 245
1 5 2
293 428
1 9 2
102 495
1 5 2
188 297
1 3 2
313 327
1 15 2
26 88
1 2 2
65 159
1 10 2
138 314
1 3 2
23 327
1 13 2
201 471
1 8 2
315 390
1 3 2
30 93
1 2 2
241 298
1 6 2
236 328
1 15 2
191 203
1 8 2
141 419
1 11 2
186 301
1 11 2
240 463
1 12 2
104 383
1 7 2
218 228
1 6 2
195 256
1 14 2
356 408
1 13 2
149 259
1 10 2
83 161
1 3 2
396 468
1 3 2
2 357
1 13 2
46 140
1 9 2
260 387
1 12 2
25 377
1 14 2
1 56
1 3 2
47 428
1 4 2
214 275
1 2 2
76 447
1 5 2
108 276
1 15 2
150 199
1 15 2
7 485
1 7 2
66 309
1 5 2
258 309
1 5 2
252 309
1 2 2
425 430
1 8 2
73 357
1 12 2
80 428
1 8 2
384 419
1 2 2
306 474
1 5 2
83 178
1 8 2
315 415
1 3 2
327 474
1 14 2
177 241
1 4 2
341 428
1 7 2
465 480
1 15 2
191 229
1 3 2
188 348
1 9 2
50 141
1 5 2
199 277
1 12 2
261 476
1 14 2
202 410
1 15 2
109 282
1 9 2
66 481
1 5 2
144 164
1 11 2
131 391
1 14 2
372 455
1 11 2
147 454
1 10 2
366 377
1 14 2
223 278
1 3 2
91 204
1 14 2
306 424
1 14 2
183 441
1 10 2
72 152
1 3 2
71 339
1 12 2
124 137
1 13 2
346 491
1 7 2
247 410
1 8 2
161 241
1 10 2
95 150
1 15 2
8 430
1 11 2
156 240
1 12 2
71 297
1 5 2
88 258
1 9 2
354 477
1 15 2
466 486
1 5 2
69 184
1 14 2
69 327
1 13 2
92 484
1 13 2
244 356
1 3 2
130 223
1 13 2
212 267
1 11 2
117 214
1 2 2
20 241
1 4 2
154 272
1 10 2
8 227
1 3 2
173 175
1 10 2
102 159
1 11 2
101 283
1 2 2
72 133
1 5 2
159 181
1 8 2
50 406
1 8 2
42 245
1 7 2
238 439
1 11 2
217 242
1 10 2
438 480
1 8 2
2 58
1 5 2
139 150
1 10 2
46 166
1 12 2
219 410
1 8 2
34 177
1 5 2
141 481
1 10 2
21 316
1 3 2
462 468
1 5 2
188 397
1 12 2
61 367
1 5 2
285 411
1 12 2
51 101
1 15 2
182 441
1 3 2
21 156
1 3 2
425 468
1 8 2
72 339
1 10 2
230 430
1 13 2
31 287
1 8 2
114 378
1 12 2
213 298
1 2 2
134 290
1 5 2
427 498
1 2 2
275 367
1 6 2
268 469
1 15 2
179 387
1 14 2
104 421
1 5 2
294 432
1 12 2
49 82
1 14 2
176 480
1 9 2
121 131
1 3 2
59 483
1 4 2
98 347
1 5 2
33 136
1 4 2
384 430
1 7 2
14 380
1 15 2
147 347
1 12 2
202 294
1 5 2
237 275
1 7 2
85 269
1 2 2
123 472
1 7 2
260 319
1 3 2
50 464
1 12 2
209 466
1 2 2
127 308
1 6 2
276 476
1 5 2
111 408
1 15 2
12 60
1 11 2
11 222
1 13 2
15 333
1 11 2
97 116
1 9 2
250 464
1 4 2
24 235
1 11 2
67 469
1 4 2
350 437
1 10 2
86 113
1 14 2
34 438
1 12 2
136 409
1 9 2
11 157
1 4 2
192 452
1 6 2
16 65
1 15 2
336 351
1 8 2
129 211
1 14 2
202 267
1 5 2
141 423
1 8 2
239 240
1 12 2
170 455
1 13 2
335 347
1 6 2
57 220
1 7 2
145 446
1 4 2
344 407
1 12 2
50 234
1 12 2
326 410
1 2 2
181 424
1 8 2
163 215
1 15 2
386 485
1 6 2
5 356
1 7 2
375 422
1 3 2
263 429
1 9 2
308 475
1 15 2
242 474
1 9 2
268 295
1 4 2
82 493
1 3 2
300 455
1 2 2
469 488
1 6 2
233 264
1 4 2
118 473
1 14 2
9 461
1 9 2
20 195
1 10 2
74 178
1 15 2
178 429
1 8 2
111 315
1 12 2
243 365
1 12 2
122 466
1 14 2
21 439
1 5 2
37 239
1 12 2
9 50
1 15 2
395 483
1 11 2
128 255
1 15 2
6 212
1 11 2
50 375
1 15 2
268 286
1 3 2
247 280
1 11 2
18 320
1 3 2
209 223
1 13 2
112 150
1 11 2
414 465
1 12 2
70 443
1 4 2
128 280
1 4 2
461 484
1 5 2
31 449
1 13 2
88 468
1 9 2
14 63
1 4 2
296 481
1 14 2
92 157
1 14 2
123 462
1 6 2
123 483
1 7 2
413 497
1 6 2
459 484
1 7 2
224 370
1 10 2
182 286
1 15 2
184 243
1 13 2
121 174
1 6 2
207 267
1 6 2
317 425
1 9 2
88 460
1 2 2
76 394
1 13 2
300 399
1 4 2
250 345
1 13 2
118 179
1 6 2
256 467
1 5 2
229 331
1 8 2
233 337
1 15 2
340 481
1 14 2
6 356
1 10 2
237 345
1 10 2
157 385
1 14 2
154 389
1 5 2
137 251
1 15 2
133 449
1 3 2
109 143
1 3 2
62 365
1 12 2
188 382
1 11 2
121 462
1 6 2
116 143
1 5 2
88 362
1 3 2
227 395
1 5 2
90 476
1 7 2
110 405
1 12 2
13 26
1 11 2
54 97
1 7 2
17 65
1 9 2
152 421
1 10 2
9 182
1 5 2
78 140
1 13 2
38 208
1 7 2
76 229
1 6 2
11 111
1 10 2
235 286
1 11 2
7 24
1 5 2
204 312
1 8 2
49 192
1 6 2
67 263
1 10 2
367 486
1 7 2
395 408
1 6 2
9 101
1 8 2
312 481
1 3 2
232 319
1 13 2
82 279
1 9 2
131 427
1 7 2
69 353
1 13 2
289 361
1 3 2
86 178
1 4 2
359 495
1 15 2
12 58
1 15 2
28 116
1 12 2
85 458
1 14 2
79 278
1 3 2
280 394
1 8 2
82 84
1 11 2
234 374
1 13 2
156 316
1 8 2
113 227
1 2 2
133 135
1 3 2
227 250
1 2 2
283 343
1 14 2
165 188
1 15 2
278 369
1 11 2
80 468
1 6 2
189 237
1 8 2
13 254
1 12 2
411 422
1 8 2
37 250
1 12 2
97 407
1 5 2
165 279
1 12 2
332 379
1 6 2
375 441
1 14 2
187 357
1 10 2
118 158
1 11 2
268 343
1 8 2
12 416
1 12 2
33 193
1 12 2
71 401
1 13 2
290 417
1 5 2
350 457
1 9 2
130 226
1 11 2
465 478
1 9 2
190 393
1 7 2
178 248
1 15 2
394 484
1 13 2
407 469
1 8 2
78 468
1 4 2
80 459
1 9 2
158 355
1 3 2
52 447
1 5 2
300 453
1 4 2
14 200
1 7 2
428 473
1 8 2
66 95
1 11 2
64 196
1 9 2
39 411
1 8 2
82 131
1 2 2
211 244
1 5 2
410 469
1 3 2
426 484
1 11 2
235 375
1 10 2
167 341
1 13 2
100 400
1 7 2
47 50
1 14 2
107 129
1 9 2
157 320
1 8 2
65 445
1 6 2
183 334
1 11 2
343 353
1 11 2
7 49
1 5 2
25 337
1 8 2
340 414
1 13 2
1 108
1 12 2
185 382
1 6 2
10 193
1 9 2
224 325
1 7 2
467 472
1 11 2
11 382
1 6 2
406 410
1 8 2
190 485
1 9 2
90 298
1 13 2
194 222
1 2 2
380 417
1 9 2
274 450
1 15 2
235 407
1 5 2
166 428
1 14 2
263 329
1 11 2
24 304
1 4 2
8 433
1 11 2
154 483
1 11 2
227 328
1 3 2
256 452
1 8 2
144 190
1 4 2
250 393
1 5 2
224 470
1 8 2
76 436
1 13 2
65 92
1 6 2
316 455
1 3 2
17 55
1 5 2
110 473
1 2 2
84 366
1 15 2
243 307
1 9 2
53 167
1 7 2
134 426
1 10 2
19 334
1 14 2
163 267
1 12 2
102 455
1 15 2
214 420
1 6 2
85 120
1 10 2
141 303
1 3 2
417 464
1 10 2
459 493
1 15 2
258 320
1 6 2
179 453
1 2 2
86 407
1 5 2
51 434
1 6 2
25 42
1 8 2
11 340
1 3 2
61 156
1 10 2
341 381
1 12 2
210 368
1 5 2
9 145
1 8 2
114 119
1 13 2
158 246
1 6 2
236 341
1 12 2
38 466
1 4 2
27 375
1 14 2
45 499
1 11 2
117 330
1 8 2
129 266
1 12 2
384 415
1 2 2
4 14
1 7 2
149 400
1 11 2
125 362
1 4 2
131 317
1 8 2
66 462
1 8 2
260 396
1 10 2
426 482
1 2 2
93 252
1 5 2
197 423
1 14 2
164 326
1 6 2
264 329
1 3 2
171 404
1 13 2
159 210
1 3 2
294 412
1 3 2
191 473
1 6 2
296 459
1 2 2
27 243
1 11 2
5 145
1 6 2
113 447
1 2 2
135 220
1 5 2
124 214
1 15 2
50 416
1 13 2
82 265
1 2 2
69 143
1 12 2
35 186
1 10 2
71 237
1 12 2
398 420
1 7 2
389 443
1 2 2
191 406
1 4 2
72 383
1 10 2
182 435
1 14 2
258 406
1 4 2
243 433
1 6 2
341 406
1 12 2
6 230
1 3 2
144 367
1 9 2
377 378
1 9 2
421 459
1 11 2
358 449
1 5 2
98 392
1 4 2
348 487
1 6 2
40 379
1 14 2
288 339
1 7 2
158 333
1 10 2
274 388
1 8 2
25 270
1 4 2
8 462
1 15 2
247 350
1 15 2
50 326
1 6 2
341 476
1 11 2
36 354
1 8 2
153 435
1 3 2
29 243
1 2 2
30 140
1 13 2
42 63
1 11 2
23 487
1 4 2
11 218
1 7 2
214 466
1 6 2
286 371
1 7 2
173 351
1 4 2
59 110
1 7 2
39 320
1 2 2
216 433
1 5 2
77 129
1 5 2
118 345
1 14 2
232 260
1 7 2
106 334
1 14 2
399 451
1 6 2
26 321
1 15 2
168 296
1 12 2
16 398
1 9 2
41 233
1 8 2
298 353
1 12 2
357 386
1 10 2
327 380
1 11 2
251 264
1 14 2
87 177
1 10 2
205 254
1 4 2
91 194
1 14 2
316 413
1 4 2
180 314
1 12 2
158 405
1 7 2
92 431
1 8 2
198 384
1 8 2
303 426
1 13 2
107 293
1 14 2
238 262
1 14 2
188 253
1 13 2
142 169
1 2 2
113 437
1 10 2
205 358
1 7 2
185 398
1 4 2
193 380
1 4 2
66 131
1 3 2
40 241
1 10 2
239 432
1 14 2
112 146
1 14 2
160 244
1 12 2
230 278
1 5 2
113 374
1 8 2
423 492
1 14 2
33 90
1 5 2
212 259
1 15 2
161 399
1 3 2
3 27
1 14 2
273 451
1 11 2
158 293
1 8 2
282 327
1 6 2
33 370
1 7 2
125 249
1 5 2
1 74
1 2 2
256 342
1 7 2
252 384
1 2 2
267 355
1 5 2
156 290
1 2 2
406 429
1 12 2
140 168
1 3 2
40 74
1 8 2
45 333
1 3 2
48 221
1 11 2
8 65
1 11 2
19 438
1 15 2
379 493
1 11 2
280 310
1 6 2
36 389
1 6 2
11 377
1 13 2
71 134
1 2 2
26 204
1 14 2
265 359
1 9 2
61 464
1 15 2
244 383
1 2 2
227 406
1 11 2
65 100
1 3 2
80 119
1 14 2
132 356
1 5 2
147 333
1 6 2
220 334
1 6 2
113 418
1 6 2
247 433
1 3 2
258 363
1 5 2
99 293
1 13 2
185 479
1 15 2
286 483
1 3 2
120 161
1 8 2
50 209
1 10 2
189 470
1 9 2
197 323
1 15 2
347 395
1 6 2
149 208
1 3 2
358 390
1 11 2
52 236
1 8 2
191 372
1 7 2
4 456
1 7 2
313 480
1 8 2
156 492
1 12 2
54 242
1 8 2
42 495
1 8 2
261 435
1 13 2
192 455
1 15 2
91 235
1 5 2
57 242
1 12 2
67 310
1 10 2
123 383
1 11 2
202 399
1 2 2
386 488
1 3 2
103 169
1 6 2
87 293
1 2 2
123 144
1 7 2
14 175
1 13 2
398 475
1 2 2
168 241
1 7 2
410 473
1 3 2
215 453
1 2 2
170 430
1 12 2
34 388
1 2 2
78 280
1 9 2
162 217
1 13 2
16 134
1 7 2
52 407
1 4 2
66 176
1 12 2
0 141
1 11 2
260 444
1 14 2
90 412
1 2 2
126 228
1 6 2
102 306
1 5 2
295 347
1 2 2
26 479
1 2 2
262 458
1 3 2
194 414
1 7 2
112 256
1 13 2
274 421
1 5 2
235 400
1 4 2
325 456
1 8 2
159 451
1 6 2
95 127
1 4 2
14 424
1 11 2
196 419
1 9 2
119 177
1 15 2
153 318
1 11 2
35 43
1 10 2
7 144
1 2 2
437 471
1 14 2
347 469
1 14 2
34 456
1 4 2
43 159
1 14 2
149 260
1 14 2
327 460
1 4 2
293 341
1 5 2
322 330
1 13 2
459 472
1 4 2
199 362
1 6 2
63 257
1 8 2
2 331
1 11 2
332 361
1 5 2
0 250
1 14 2
295 464
1 4 2
216 244
1 5 2
231 335
1 13 2
229 323
1 2 2
224 469
1 3 2
78 472
1 10 2
470 472
1 6 2
272 318
1 15 2
203 329
1 10 2
106 328
1 4 2
161 491
1 15 2
157 326
1 9 2
48 229
1 7 2
10 116
1 2 2
94 252
1 4 2
61 466
1 4 2
66 125
1 14 2
313 397
1 3 2
438 469
1 13 2
223 359
1 4 2
45 276
1 5 2
439 493
1 11 2
177 257
1 15 2
290 386
1 5 2
13 291
1 3 2
141 420
1 5 2
28 259
1 12 2
111 182
1 14 2
405 487
1 14 2
373 482
1 10 2
51 193
1 5 2
45 396
1 5 2
49 63
1 3 2
45 466
1 2 2
119 403
1 9 2
211 426
1 9 2
186 292
1 5 2
108 431
1 14 2
197 278
1 14 2
343 350
1 13 2
39 366
1 2 2
197 450
1 14 2
293 471
1 10 2
37 478
1 6 2
268 434
1 8 2
70 352
1 7 2
269 415
1 7 2
223 438
1 5 2
129 166
1 3 2
88 191
1 2 2
21 263
1 4 2
68 424
1 6 2
0 365
1 14 2
55 285
1 9 2
251 455
1 6 2
41 294
1 13 2
71 118
1 4 2
82 470
1 4 2
309 336
1 3 2
123 181
1 2 2
224 334
1 12 2
151 399
1 2 2
262 464
1 5 2
356 470
1 8 2
101 159
1 8 2
38 488
1 8 2
272 462
1 11 2
301 354
1 9 2
258 458
1 4 2
157 373
1 6 2
42 417
1 8 2
268 333
1 7 2
430 481
1 14 2
3 177
1 8 2
25 320
1 3 2
252 260
1 7 2
340 433
1 13 2
87 235
1 9 2
148 159
1 15 2
190 197
1 5 2
279 483
1 12 2
349 466
1 13 2
284 320
1 8 2
36 262
1 7 2
14 367
1 11 2
320 441
1 6 2
109 344
1 7 2
29 439
1 3 2
195 247
1 8 2
49 456
1 15 2
81 274
1 10 2
278 319
1 11 2
128 170
1 2 2
178 473
1 11 2
276 469
1 10 2
353 498
1 9 2
90 272
1 7 2
76 186
1 12 2
371 430
1 15 2
133 497
1 3 2
238 270
1 3 2
185 370
1 10 2
23 82
1 12 2
152 469
1 15 2
324 463
1 15 2
265 418
1 3 2
148 201
1 11 2
162 322
1 2 2
95 103
1 14 2
361 460
1 3 2
252 363
1 12 2
289 394
1 4 2
385 434
1 6 2
233 283
1 10 2
53 325
1 6 2
41 315
1 13 2
241 426
1 15 2
205 321
1 4 2
258 397
1 8 2
159 384
1 2 2
156 327
1 9 2
125 372
1 3 2
160 209
1 7 2
22 290
1 9 2
410 458
1 4 2
89 438
1 10 2
264 268
1 14 2
47 434
1 3 2
131 362
1 7 2
43 134
1 9 2
302 381
1 15 2
209 289
1 8 2
205 375
1 13 2
9 293
1 6 2
260 261
1 7 2
453 455
1 5 2
313 351
1 2 2
28 311
1 2 2
64 264
1 7 2
385 480
1 13 2
196 306
1 13 2
471 483
1 12 2
443 475
1 13 2
420 433
1 4 2
317 434
1 14 2
141 338
1 8 2
116 406
1 4 2
32 470
1 6 2
89 247
1 11 2
86 494
1 4 2
192 261
1 6 2
183 297
1 10 2
286 462
1 14 2
26 307
1 15 2
282 414
1 12 2
240 437
1 3 2
24 413
1 10 2
194 257
1 10 2
231 349
1 12 2
257 366
1 3 2
284 292
1 8 2
231 493
1 15 2
48 297
1 11 2
419 448
1 5 2
236 317
1 2 2
21 414
1 10 2
177 302
1 10 2
277 437
1 12 2
249 300
1 7 2
84 103
1 10 2
187 242
1 3 2
286 444
1 6 2
69 281
1 6 2
81 372
1 4 2
246 271
1 13 2
130 262
1 8 2
33 300
1 13 2
95 406
1 7 2
101 263
1 14 2
5 199
1 9 2
82 474
1 8 2
18 334
1 8 2
120 157
1 11 2
53 287
1 13 2
13 167
1 7 2
145 339
1 14 2
72 147
1 8 2
238 290
1 13 2
164 448
1 3 2
27 485
1 8 2
197 495
1 15 2
442 493
1 8 2
93 244
1 12 2
60 188
1 9 2
112 226
1 8 2
61 186
1 14 2
438 476
1 13 2
57 207
1 6 2
133 472
1 6 2
343 476
1 11 2
227 451
1 7 2
14 171
1 4 2
60 230
1 11 2
204 224
1 14 2
166 334
1 14 2
272 384
1 3 2
87 276
1 14 2
177 429
1 4 2
471 474
1 7 2
275 289
1 9 2
287 347
1 8 2
239 374
1 11 2
393 461
1 15 2
86 243
1 3 2
205 469
1 2 2
146 178
1 15 2
332 356
1 10 2
97 162
1 15 2
113 193
1 10 2
252 311
1 8 2
20 102
1 13 2
174 204
1 14 2
261 499
1 10 2
172 479
1 7 2
210 253
1 2 2
46 499
1 10 2
291 400
1 13 2
205 233
1 7 2
80 200
1 13 2
163 418
1 2 2
162 382
1 8 2
105 154
1 2 2
366 420
1 11 2
347 476
1 14 2
94 154
1 10 2
103 366
1 4 2
66 379
1 8 2
198 288
1 6 2
350 478
1 7 2
42 251
1 9 2
445 465
1 6 2
12 478
1 7 2
206 389
1 14 2
113 369
1 8 2
97 477
1 9 2
385 398
1 4 2
204 442
1 10 2
21 211
1 10 2
203 204
1 5 2
69 306
1 15 2
67 452
1 2 2
373 481
1 5 2
439 451
1 5 2
305 408
1 2 2
171 450
1 8 2
124 442
1 4 2
17 108
1 5 2
37 374
1 5 2
35 295
1 12 2
13 463
1 15 2
187 311
1 5 2
448 477
1 4 2
355 378
1 2 2
66 295
1 2 2
208 280
1 8 2
61 487
1 12 2
20 202
1 13 2
12 256
1 3 2
158 380
1 5 2
34 493
1 4 2
206 331
1 12 2
57 261
1 9 2
141 234
1 12 2
354 473
1 2 2
78 219
1 2 2
106 261
1 15 2
75 214
1 10 2
20 211
1 12 2
221 228
1 5 2
276 479
1 2 2
407 485
1 6 2
256 388
1 11 2
32 471
1 4 2
32 162
1 2 2
408 429
1 7 2
7 409
1 11 2
179 226
1 15 2
156 166
1 15 2
197 239
1 5 2
21 353
1 8 2
187 284
1 4 2
287 364
1 13 2
306 385
1 4 2
47 298
1 3 2
242 402
1 13 2
143 257
1 13 2
127 260
1 11 2
65 470
1 13 2
57 330
1 13 2
48 159
1 8 2
209 237
1 5 2
118 136
1 9 2
35 309
1 4 2
327 344
1 11 2
4 222
1 9 2
358 459
1 7 2
22 211
1 10 2
230 462
1 12 2
42 248
1 6 2
338 431
1 10 2
30 267
1 7 2
128 340
1 10 2
231 295
1 10 2
153 190
1 9 2
91 216
1 13 2
267 446
1 10 2
330 443
1 6 2
26 484
1 7 2
69 482
1 9 2
404 475
1 7 2
382 445
1 8 2
40 422
1 6 2
117 232
1 7 2
68 128
1 6 2
333 352
1 9 2
331 417
1 2 2
185 395
1 9 2
31 202
1 14 2
252 397
1 7 2
160 225
1 7 2
66 217
1 2 2
285 329
1 10 2
262 422
1 12 2
332 340
1 11 2
110 129
1 14 2
50 74
1 5 2
158 220
1 7 2
61 417
1 11 2
313 367
1 7 2
211 392
1 6 2
314 348
1 9 2
88 338
1 7 2
209 324
1 5 2
330 497
1 14 2
100 349
1 8 2
322 378
1 14 2
141 427
1 7 2
350 388
1 5 2
45 445
1 2 2
5 136
1 10 2
160 430
1 9 2
369 484
1 11 2
45 78
1 5 2
181 199
1 9 2
234 437
1 5 2
27 189
1 14 2
349 489
1 6 2
188 349
1 2 2
331 449
1 6 2
105 427
1 10 2
27 313
1 10 2
46 55
1 10 2
204 452
1 9 2
264 359
1 13 2
180 338
1 4 2
308 454
1 2 2
219 326
1 9 2
197 396
1 9 2
137 399
1 2 2
129 328
1 5 2
188 404
1 6 2
3 292
1 13 2
261 326
1 3 2
51 376
1 4 2
89 262
1 3 2
205 373
1 8 2
312 368
1 9 2
228 357
1 5 2
13 222
1 14 2
64 174
1 12 2
169 290
1 8 2
87 208
1 10 2
462 485
1 9 2
219 292
1 13 2
28 155
1 11 2
4 272
1 14 2
88 248
1 12 2
267 320
1 14 2
64 195
1 2 2
69 451
1 10 2
14 247
1 14 2
123 291
1 2 2
231 407
1 2 2
377 402
1 2 2
285 370
1 15 2
281 439
1 6 2
18 179
1 10 2
34 90
1 14 2
114 304
1 7 2
60 87
1 9 2
120 466
1 3 2
66 468
1 10 2
252 335
1 5 2
294 497
1 10 2
307 348
1 5 2
41 340
1 13 2
294 369
1 4 2
30 100
1 8 2
232 493
1 4 2
182 184
1 8 2
264 343
1 15 2
36 242
1 5 2
109 170
1 10 2
59 139
1 9 2
122 237
1 6 2
288 461
1 8 2
95 208
1 11 2
42 80
1 11 2
138 234
1 6 2
48 312
1 12 2
48 287
1 8 2
137 203
1 13 2
244 419
1 6 2
84 238
1 2 2
258 332
1 11 2
60 177
1 9 2
364 468
1 10 2
45 420
1 2 2
194 445
1 3 2
137 205
1 9 2
254 364
1 15 2
179 287
1 7 2
188 194
1 7 2
284 309
1 12 2
326 335
1 5 2
333 488
1 2 2
297 453
1 7 2
407 435
1 13 2
394 466
1 4 2
34 401
1 12 2
387 481
1 7 2
58 172
1 2 2
266 382
1 14 2
251 267
1 14 2
198 266
1 11 2
177 193
1 13 2
104 494
1 7 2
462 494
1 8 2
39 184
1 11 2
70 242
1 15 2
217 218
1 13 2
187 344
1 4 2
36 51
1 10 2
193 375
1 2 2
14 357
1 6 2
94 285
1 5 2
438 449
1 3 2
116 466
1 12 2
241 488
1 3 2
344 345
1 14 2
266 438
1 14 2
60 351
1 6 2
137 371
1 5 2
326 379
1 15 2
19 272
1 4 2
51 284
1 10 2
114 355
1 15 2
127 451
1 7 2
324 492
1 15 2
292 441
1 10 2
237 446
1 10 2
62 144
1 11 2
54 253
1 5 2
154 375
1 11 2
410 443
1 4 2
132 149
1 14 2
158 371
1 14 2
102 330
1 8 2
193 336
1 14 2
206 236
1 4 2
262 450
1 3 2
403 454
1 10 2
111 184
1 10 2
122 283
1 14 2
201 437
1 5 2
95 131
1 3 2
341 423
1 2 2
127 291
1 10 2
52 295
1 10 2
41 122
1 2 2
180 250
1 6 2
99 494
1 12 2
199 259
1 5 2
100 494
1 15 2
270 381
1 15 2
24 55
1 10 2
89 369
1 3 2
70 98
1 10 2
47 357
1 7 2
212 338
1 15 2
50 307
1 14 2
113 451
1 8 2
0 430
1 8 2
317 424
1 5 2
99 480
1 12 2
21 441
1 9 2
302 393
1 7 2
160 219
1 13 2
357 419
1 13 2
43 376
1 2 2
202 264
1 15 2
79 102
1 12 2
23 496
1 7 2
151 215
1 5 2
39 167
1 12 2
335 455
1 10 2
17 376
1 5 2
71 467
1 10 2
5 89
1 7 2
48 302
1 13 2
143 484
1 8 2
55 482
1 13 2
364 495
1 8 2
30 323
1 7 2
131 174
1 3 2
2 466
1 12 2
237 323
1 6 2
34 310
1 11 2
231 244
1 5 2
49 338
1 2 2
15 141
1 10 2
107 368
1 3 2
211 404
1 3 2
315 474
1 12 2
36 381
1 14 2
207 280
1 3 2
326 346
1 9 2
122 327
1 11 2
167 229
1 8 2
44 304
1 9 2
255 480
1 2 2
74 160
1 12 2
194 321
1 12 2
19 396
1 14 2
294 469
1 8 2
278 472
1 15 2
310 399
1 12 2
302 358
1 2 2
118 411
1 13 2
228 291
1 5 2
324 436
1 6 2
102 335
1 14 2
118 306
1 2 2
236 360
1 7 2
53 231
1 12 2
395 432
1 7 2
60 228
1 3 2
198 263
1 6 2
342 385
1 3 2
198 470
1 11 2
186 246
1 6 2
140 158
1 11 2
238 433
1 8 2
91 330
1 14 2
312 498
1 6 2
268 296
1 8 2
48 363
1 6 2
189 381
1 6 2
98 102
1 9 2
164 270
1 13 2
244 336
1 11 2
94 466
1 11 2
89 333
1 9 2
184 457
1 3 2
105 242
1 9 2
193 373
1 2 2
389 473
1 7 2
158 213
1 7 2
91 380
1 3 2
282 336
1 5 2
288 451
1 14 2
363 461
1 14 2
321 449
1 2 2
148 195
1 13 2
240 274
1 2 2
78 344
1 2 2
152 294
1 3 2
64 275
1 14 2
116 462
1 12 2
210 424
1 9 2
177 362
1 3 2
211 478
1 2 2
78 427
1 4 2
145 445
1 8 2
86 200
1 7 2
46 116
1 8 2
200 316
1 11 2
333 373
1 8 2
218 459
1 13 2
25 223
1 11 2
187 189
1 6 2
39 142
1 3 2
291 384
1 9 2
7 497
1 14 2
282 291
1 10 2
46 494
1 12 2
296 312
1 11 2
270 445
1 15 2
108 410
1 12 2
150 377
1 14 2
215 254
1 6 2
197 252
1 12 2
56 282
1 11 2
198 375
1 4 2
176 491
1 14 2
88 425
1 3 2
283 321
1 8 2
141 253
1 10 2
359 483
1 9 2
130 441
1 2 2
3 171
1 10 2
270 355
1 3 2
145 194
1 15 2
259 448
1 12 2
153 436
1 2 2
272 481
1 11 2
72 421
1 7 2
30 290
1 13 2
31 218
1 2 2
185 269
1 4 2
47 415
1 9 2
157 202
1 5 2
48 285
1 7 2
290 424
1 6 2
263 355
1 5 2
53 89
1 10 2
443 489
1 4 2
86 234
1 3 2
31 491
1 13 2
7 46
1 12 2
210 371
1 13 2
105 334
1 7 2
319 469
1 2 2
51 420
1 13 2
128 206
1 9 2
358 457
1 7 2
124 482
1 10 2
227 348
1 3 2
400 477
1 7 2
137 162
1 2 2
240 476
1 10 2
291 350
1 4 2
4 133
1 3 2
74 434
1 14 2
57 252
1 15 2
102 232
1 10 2
145 300
1 2 2
226 384
1 12 2
115 389
1 11 2
161 206
1 2 2
104 292
1 6 2
29 200
1 5 2
23 328
1 9 2
227 378
1 15 2
2 24
1 7 2
224 497
1 3 2
24 28
1 3 2
163 290
1 10 2
75 99
1 12 2
100 236
1 11 2
201 225
1 12 2
73 417
1 8 2
187 454
1 3 2
257 304
1 14 2
322 331
1 8 2
76 456
1 2 2
120 218
1 2 2
116 477
1 12 2
15 289
1 9 2
228 264
1 12 2
50 294
1 14 2
300 452
1 8 2
34 273
1 12 2
221 248
1 11 2
137 419
1 7 2
143 345
1 2 2
295 410
1 5 2
214 248
1 3 2
465 489
1 6 2
56 473
1 7 2
59 70
1 8 2
336 385
1 6 2
62 150
1 13 2
400 416
1 14 2
30 168
1 13 2
267 326
1 5 2
43 389
1 4 2
363 376
1 15 2
280 305
1 7 2
339 343
1 5 2
85 117
1 5 2
236 308
1 6 2
402 408
1 9 2
173 294
1 8 2
223 290
1 14 2
119 195
1 9 2
231 241
1 5 2
340 454
1 9 2
66 392
1 7 2
142 205
1 8 2
359 462
1 7 2
107 448
1 12 2
258 268
1 3 2
68 359
1 15 2
93 190
1 5 2
195 263
1 2 2
245 452
1 13 2
389 415
1 9 2
226 281
1 12 2
120 269
1 9 2
348 476
1 9 2
18 253
1 4 2
321 347
1 9 2
402 410
1 15 2
240 275
1 2 2
82 121
1 2 2
81 240
1 12 2
272 484
1 12 2
119 278
1 8 2
195 492
1 14 2
404 469
1 11 2
361 367
1 12 2
50 194
1 2 2
327 339
1 12 2
30 97
1 4 2
139 243
1 2 2
104 244
1 12 2
198 236
1 5 2
24 51
1 6 2
193 342
1 14 2
297 445
1 14 2
218 226
1 14 2
342 389
1 14 2
128 182
1 5 2
220 309
1 2 2
181 405
1 4 2
157 491
1 9 2
100 179
1 13 2
18 382
1 10 2
228 237
1 13 2
35 227
1 11 2
179 429
1 9 2
208 475
1 4 2
83 240
1 3 2
2 165
1 10 2
271 299
1 4 2
86 253
1 14 2
243 340
1 8 2
85 198
1 8 2
57 490
1 15 2
431 483
1 12 2
179 295
1 7 2
116 474
1 2 2
246 458
1 5 2
129 433
1 11 2
181 328
1 2 2
192 406
1 7 2
71 424
1 10 2
268 381
1 5 2
408 423
1 13 2
19 86
1 13 2
115 290
1 12 2
24 83
1 8 2
184 444
1 2 2
165 490
1 12 2
149 297
1 3 2
254 383
1 15 2
7 355
1 11 2
13 454
1 7 2
24 393
1 3 2
213 221
1 13 2
213 410
1 11 2
38 401
1 5 2
55 487
1 7 2
366 454
1 8 2
183 442
1 12 2
8 134
1 12 2
248 450
1 6 2
113 311
1 2 2
169 232
1 10 2
50 339
1 2 2
36 41
1 10 2
67 213
1 9 2
243 318
1 2 2
39 368
1 7 2
179 374
1 4 2
65 198
1 3 2
240 380
1 2 2
110 282
1 14 2
207 378
1 13 2
326 387
1 4 2
175 334
1 4 2
140 223
1 15 2
60 495
1 5 2
139 438
1 12 2
381 455
1 6 2
322 446
1 7 2
119 208
1 13 2
20 132
1 12 2
403 466
1 5 2
166 479
1 6 2
34 71
1 5 2
166 200
1 7 2
320 387
1 10 2
39 453
1 10 2
277 391
1 3 2
308 462
1 12 2
51 389
1 14 2
219 231
1 7 2
184 450
1 2 2
92 290
1 2 2
82 335
1 10 2
303 317
1 15 2
125 421
1 2 2
11 239
1 4 2
410 488
1 10 2
176 472
1 4 2
13 126
1 3 2
180 404
1 15 2
154 357
1 2 2
39 361
1 11 2
14 300
1 2 2
313 420
1 9 2
51 254
1 6 2
305 353
1 8 2
41 84
1 12 2
240 352
1 13 2
41 44
1 11 2
295 497
1 6 2
145 468
1 4 2
54 364
1 12 2
245 285
1 13 2
167 298
1 13 2
345 491
1 6 2
361 405
1 12 2
67 226
1 5 2
23 319
1 15 2
194 370
1 6 2
376 412
1 2 2
136 437
1 9 2
113 160
1 2 2
0 201
1 7 2
322 362
1 12 2
259 271
1 9 2
184 274
1 6 2
349 428
1 14 2
358 447
1 2 2
320 349
1 11 2
84 264
1 6 2
181 320
1 2 2
16 416
1 8 2
409 494
1 2 2
255 322
1 2 2
320 356
1 5 2
57 497
1 6 2
5 407
1 11 2
237 473
1 4 2
154 237
1 11 2
94 229
1 12 2
11 487
1 14 2
159 370
1 14 2
402 422
1 11 2
396 422
1 3 2
123 258
1 2 2
154 239
1 2 2
135 499
1 5 2
95 474
1 7 2
60 483
1 11 2
328 470
1 9 2
90 103
1 13 2
35 137
1 10 2
387 431
1 4 2
29 154
1 10 2
167 392
1 14 2
273 321
1 4 2
125 186
1 6 2
254 479
1 5 2
159 304
1 8 2
440 482
1 13 2
105 251
1 13 2
70 214
1 10 2
101 498
1 15 2
45 118
1 10 2
316 326
1 8 2
226 454
1 4 2
312 322
1 4 2
128 252
1 9 2
102 123
1 3 2
209 404
1 9 2
54 99
1 7 2
74 305
1 8 2
307 499
1 15 2
179 221
1 3 2
254 414
1 7 2
179 413
1 13 2
52 417
1 14 2
17 113
1 10 2
203 287
1 8 2
97 124
1 6 2
126 494
1 2 2
365 455
1 8 2
20 435
1 8 2
83 356
1 15 2
110 333
1 12 2
120 237
1 7 2
251 385
1 10 2
255 422
1 13 2
15 323
1 11 2
236 269
1 11 2
155 325
1 14 2
421 440
1 5 2
46 225
1 12 2
55 371
1 15 2
245 446
1 12 2
193 261
1 4 2
50 156
1 2 2
112 248
1 7 2
10 266
1 12 2
90 314
1 9 2
90 483
1 13 2
87 295
1 9 2
415 421
1 7 2
276 406
1 14 2
26 339
1 12 2
16 173
1 10 2
370 448
1 6 2
28 434
1 13 2
213 277
1 3 2
443 473
1 4 2
394 422
1 5 2
113 308
1 12 2
203 397
1 8 2
218 271
1 2 2
316 381
1 9 2
44 403
1 9 2
95 286
1 7 2
397 459
1 12 2
113 339
1 13 2
43 66
1 7 2
13 426
1 2 2
293 446
1 13 2
451 493
1 15 2
225 462
1 8 2
191 240
1 14 2
90 216
1 6 2
23 439
1 13 2
15 230
1 5 2
46 401
1 6 2
248 489
1 2 2
252 267
1 15 2
257 373
1 5 2
207 428
1 3 2
182 206
1 8 2
37 157
1 9 2
43 453
1 15 2
196 305
1 7 2
192 223
1 15 2
110 392
1 11 2
121 229
1 8 2
121 152
1 6 2
49 430
1 6 2
135 323
1 15 2
125 435
1 14 2
170 180
1 4 2
199 319
1 8 2
6 300
1 8 2
86 140
1 10 2
162 455
1 3 2
304 316
1 5 2
50 129
1 5 2
279 465
1 14 2
370 390
1 7 2
421 462
1 3 2
49 243
1 4 2
110 210
1 8 2
14 269
1 8 2
243 452
1 7 2
317 332
1 13 2
403 417
1 10 2
237 354
1 3 2
156 412
1 9 2
240 386
1 13 2
127 380
1 2 2
115 308
1 4 2
189 443
1 8 2
125 252
1 10 2
253 400
1 14 2
180 382
1 8 2
386 425
1 7 2
75 226
1 14 2
10 385
1 9 2
221 374
1 10 2
343 427
1 14 2
379 400
1 4 2
138 346
1 2 2
225 338
1 13 2
106 311
1 10 2
69 208
1 12 2
111 426
1 11 2
152 323
1 7 2
408 472
1 4 2
124 492
1 15 2
34 181
1 2 2
93 249
1 4 2
295 441
1 14 2
24 85
1 8 2
382 473
1 12 2
34 38
1 5 2
67 484
1 14 2
207 237
1 11 2
30 338
1 11 2
221 395
1 3 2
251 283
1 13 2
323 398
1 11 2
75 150
1 11 2
197 234
1 12 2
8 26
1 12 2
3 12
1 3 2
161 488
1 11 2
0 341
1 2 2
201 319
1 13 2
138 338
1 9 2
115 473
1 5 2
303 436
1 2 2
251 341
1 14 2
45 258
1 13 2
55 469
1 7 2
301 329
1 3 2
78 87
1 14 2
282 384
1 4 2
476 480
1 9 2
7 56
1 12 2
368 484
1 15 2
170 278
1 10 2
1 486
1 14 2
318 444
1 9 2
200 323
1 5 2
87 275
1 7 2
151 464
1 4 2
33 122
1 12 2
347 376
1 4 2
176 444
1 9 2
15 272
1 5 2
13 255
1 9 2
186 355
1 13 2
283 488
1 8 2
11 224
1 8 2
0 408
1 12 2
126 266
1 3 2
74 194
1 8 2
366 453
1 11 2
149 459
1 11 2
287 446
1 2 2
32 383
1 8 2
298 319
1 9 2
63 170
1 2 2
49 427
1 6 2
220 347
1 11 2
57 80
1 15 2
8 13
1 2 2
34 72
1 4 2
155 286
1 7 2
244 345
1 10 2
2 270
1 14 2
94 393
1 15 2
106 435
1 15 2
70 441
1 12 2
35 338
1 11 2
10 21
1 12 2
132 488
1 7 2
458 468
1 15 2
84 442
1 8 2
253 411
1 2 2
119 315
1 5 2
51 92
1 9 2
126 178
1 4 2
201 364
1 7 2
144 193
1 15 2
118 467
1 12 2
202 302
1 10 2
237 422
1 9 2
170 413
1 9 2
81 220
1 11 2
38 160
1 10 2
95 389
1 15 2
32 55
1 9 2
149 163
1 12 2
105 271
1 15 2
334 425
1 11 2
22 375
1 11 2
148 428
1 15 2
18 426
1 10 2
136 234
1 3 2
47 498
1 2 2
2 44
1 9 2
77 246
1 4 2
89 377
1 15 2
258 277
1 11 2
97 189
1 7 2
31 182
1 3 2
39 256
1 14 2
192 467
1 7 2
204 434
1 4 2
176 445
1 8 2
17 371
1 13 2
205 423
1 5 2
186 491
1 9 2
7 59
1 9 2
114 175
1 9 2
406 424
1 14 2
145 496
1 7 2
193 419
1 10 2
165 180
1 13 2
144 341
1 12 2
98 300
1 14 2
282 307
1 13 2
286 477
1 12 2
66 292
1 8 2
64 440
1 10 2
8 149
1 6 2
13 97
1 9 2
160 493
1 12 2
349 385
1 6 2
51 233
1 11 2
7 247
1 6 2
136 368
1 3 2
223 231
1 7 2
195 268
1 9 2
105 185
1 5 2
73 290
1 7 2
286 305
1 8 2
146 430
1 14 2
43 402
1 3 2
9 271
1 4 2
48 306
1 12 2
394 474
1 2 2
19 199
1 15 2
284 318
1 2 2
178 247
1 8 2
58 62
1 6 2
308 371
1 13 2
225 389
1 3 2
225 357
1 14 2
31 235
1 6 2
95 499
1 4 2
208 373
1 9 2
176 191
1 15 2
278 476
1 5 2
7 360
1 2 2
228 433
1 2 2
297 372
1 8 2
10 192
1 14 2
111 164
1 14 2
48 388
1 13 2
313 401
1 15 2
29 147
1 4 2
6 227
1 7 2
130 422
1 13 2
275 340
1 6 2
265 441
1 13 2
23 467
1 15 2
67 441
1 6 2
102 227
1 14 2
235 247
1 10 2
327 433
1 11 2
107 372
1 3 2
9 119
1 13 2
314 448
1 6 2
337 468
1 8 2
83 242
1 11 2
307 395
1 7 2
205 453
1 7 2
294 392
1 10 2
0 359
1 9 2
17 18
1 4 2
261 447
1 9 2
354 497
1 14 2
209 423
1 3 2
12 27
1 2 2
44 485
1 4 2
381 397
1 13 2
53 255
1 7 2
61 185
1 3 2
6 162
1 14 2
97 408
1 13 2
123 418
1 7 2
346 448
1 15 2
213 310
1 11 2
242 404
1 15 2
208 497
1 2 2
136 312
1 4 2
119 283
1 3 2
301 310
1 7 2
105 484
1 13 2
240 471
1 10 2
185 337
1 12 2
34 440
1 8 2
181 210
1 13 2
278 442
1 14 2
253 419
1 5 2
13 452
1 13 2
264 484
1 8 2
206 429
1 15 2
415 487
1 13 2
176 395
1 13 2
272 452
1 13 2
104 174
1 9 2
163 497
1 6 2
115 329
1 4 2
71 200
1 5 2
126 463
1 5 2
15 429
1 6 2
209 272
1 3 2
17 415
1 9 2
259 487
1 4 2
0 96
1 5 2
38 438
1 7 2
15 348
1 10 2
434 439
1 13 2
18 55
1 13 2
345 347
1 6 2
18 133
1 14 2
1 191
1 15 2
53 421
1 13 2
368 472
1 2 2
326 415
1 11 2
137 264
1 11 2
228 269
1 12 2
87 299
1 9 2
353 407
1 6 2
1 173
1 13 2
233 351
1 12 2
36 212
1 11 2
148 218
1 6 2
161 223
1 11 2
70 289
1 15 2
164 272
1 2 2
167 498
1 11 2
280 405
1 4 2
111 456
1 9 2
86 312
1 8 2
227 372
1 8 2
190 315
1 2 2
296 424
1 4 2
394 467
1 4 2
159 177
1 6 2
284 298
1 3 2
175 183
1 13 2
8 91
1 8 2
61 241
1 6 2
199 220
1 12 2
177 421
1 13 2
279 353
1 8 2
168 396
1 15 2
22 425
1 5 2
56 61
1 9 2
220 358
1 9 2
150 356
1 15 2
184 333
1 14 2
78 289
1 5 2
163 485
1 15 2
69 368
1 10 2
401 445
1 7 2
253 444
1 3 2
67 323
1 2 2
381 490
1 13 2
311 473
1 14 2
28 174
1 8 2
349 434
1 4 2
42 463
1 10 2
330 487
1 7 2
100 131
1 15 2
9 456
1 3 2
203 420
1 10 2
257 464
1 3 2
116 489
1 5 2
16 166
1 15 2
165 343
1 15 2
65 180
1 10 2
441 485
1 10 2
105 391
1 5 2
0 431
1 12 2
291 461
1 4 2
54 62
1 12 2
156 406
1 12 2
341 470
1 7 2
12 403
1 10 2
43 496
1 11 2
203 327
1 7 2
56 109
1 11 2
287 454
1 13 2
251 415
1 15 2
38 441
1 4 2
57 81
1 7 2
228 277
1 5 2
48 468
1 9 2
432 481
1 8 2
95 188
1 10 2
67 106
1 3 2
107 408
1 14 2
122 183
1 5 2
191 440
1 8 2
420 462
1 4 2
42 342
1 2 2
228 406
1 11 2
224 251
1 9 2
108 394
1 10 2
101 245
1 8 2
8 189
1 10 2
197 359
1 8 2
76 122
1 8 2
268 303
1 9 2
246 394
1 6 2
222 325
1 15 2
216 359
1 2 2
227 230
1 12 2
3 173
1 6 2
45 142
1 12 2
87 190
1 6 2
165 381
1 11 2
270 475
1 2 2
212 472
1 7 2
239 371
1 13 2
76 494
1 6 2
234 292
1 5 2
2 18
1 9 2
392 488
1 12 2
102 158
1 5 2
76 472
1 3 2
63 363
1 13 2
8 437
1 11 2
373 480
1 2 2
401 420
1 3 2
234 471
1 14 2
142 391
1 6 2
265 399
1 12 2
86 263
1 8 2
184 264
1 2 2
395 420
1 11 2
61 377
1 8 2
116 347
1 12 2
77 111
1 8 2
47 275
1 11 2
93 237
1 11 2
263 468
1 8 2
193 483
1 3 2
197 488
1 4 2
39 459
1 9 2
81 133
1 4 2
34 160
1 14 2
471 494
1 12 2
135 257
1 6 2
191 407
1 10 2
180 254
1 11 2
108 157
1 5 2
244 329
1 8 2
249 257
1 10 2
131 293
1 14 2
44 440
1 10 2
206 273
1 12 2
354 377
1 3 2
236 366
1 6 2
161 204
1 4 2
178 310
1 15 2
22 87
1 9 2
386 480
1 11 2
94 473
1 3 2
30 285
1 9 2
197 483
1 12 2
336 440
1 10 2
28 340
1 11 2
23 423
1 14 2
74 224
1 14 2
0 491
1 12 2
21 343
1 14 2
57 458
1 8 2
36 284
1 8 2
189 264
1 14 2
295 318
1 10 2
327 385
1 14 2
467 477
1 9 2
136 251
1 3 2
71 253
1 10 2
266 441
1 11 2
41 417
1 7 2
176 251
1 10 2
211 371
1 11 2
37 76
1 13 2
157 483
1 7 2
204 433
1 2 2
102 145
1 8 2
363 374
1 4 2
199 264
1 12 2
72 454
1 14 2
75 246
1 8 2
318 370
1 5 2
173 187
1 13 2
327 452
1 12 2
271 390
1 13 2
139 216
1 15 2
387 444
1 15 2
208 344
1 5 2
248 276
1 4 2
97 414
1 15 2
150 226
1 15 2
16 377
1 5 2
61 394
1 8 2
477 485
1 5 2
8 289
1 12 2
100 340
1 14 2
255 323
1 8 2
83 264
1 15 2
434 493
1 15 2
59 466
1 6 2
9 255
1 3 2
277 329
1 11 2
25 414
1 14 2
318 329
1 7 2
4 45
1 7 2
114 492
1 9 2
368 370
1 5 2
59 308
1 10 2
65 360
1 14 2
301 403
1 15 2
167 442
1 11 2
42 210
1 10 2
144 417
1 9 2
88 317
1 12 2
68 260
1 14 2
128 264
1 11 2
157 377
1 11 2
40 427
1 9 2
0 194
1 6 2
53 312
1 7 2
265 355
1 13 2
188 378
1 6 2
210 434
1 5 2
165 292
1 15 2
363 460
1 13 2
329 475
1 10 2
348 472
1 15 2
236 400
1 4 2
58 215
1 9 2
5 229
1 9 2
204 482
1 11 2
184 379
1 3 2
111 351
1 4 2
99 490
1 3 2
335 401
1 12 2
369 377
1 12 2
342 495
1 9 2
191 379
1 7 2
22 421
1 9 2
306 347
1 8 2
127 421
1 6 2
232 424
1 12 2
52 102
1 10 2
41 469
1 14 2
245 397
1 7 2
136 322
1 15 2
293 490
1 13 2
182 385
1 15 2
111 282
1 14 2
365 480
1 7 2
218 350
1 11 2
356 495
1 7 2
277 450
1 7 2
70 156
1 12 2
65 137
1 4 2
419 476
1 15 2
46 170
1 4 2
81 209
1 3 2
77 164
1 10 2
181 264
1 7 2
362 440
1 5 2
18 293
1 14 2
81 182
1 9 2
308 344
1 3 2
87 423
1 12 2
88 486
1 13 2
180 210
1 4 2
123 315
1 8 2
84 247
1 6 2
65 387
1 3 2
279 390
1 15 2
244 476
1 5 2
180 209
1 14 2
91 384
1 13 2
105 422
1 15 2
273 454
1 7 2
401 426
1 2 2
32 181
1 7 2
256 271
1 13 2
274 394
1 13 2
120 235
1 10 2
37 339
1 2 2
382 421
1 2 2
247 476
1 8 2
51 251
1 14 2
399 492
1 2 2
41 456
1 11 2
59 394
1 2 2
221 354
1 9 2
40 394
1 11 2
163 174
1 9 2
387 482
1 13 2
396 409
1 13 2
10 265
1 5 2
135 356
1 4 2
50 272
1 5 2
146 370
1 4 2
350 433
1 7 2
100 260
1 2 2
426 430
1 6 2
445 491
1 11 2
22 172
1 12 2
305 492
1 10 2
147 207
1 4 2
145 353
1 2 2
181 292
1 14 2
373 452
1 13 2
336 478
1 7 2
25 408
1 2 2
50 206
1 7 2
104 113
1 13 2
148 328
1 2 2
24 327
1 13 2
28 219
1 9 2
205 330
1 6 2
42 303
1 4 2
242 342
1 6 2
189 277
1 5 2
38 427
1 14 2
107 499
1 2 2
208 343
1 13 2
375 433
1 13 2
167 249
1 3 2
69 283
1 12 2
214 407
1 10 2
127 131
1 8 2
181 498
1 6 2
50 208
1 12 2
129 460
1 13 2
166 430
1 4 2
237 312
1 11 2
326 496
1 8 2
52 363
1 12 2
490 496
1 9 2
309 433
1 3 2
137 235
1 3 2
165 406
1 4 2
5 234
1 13 2
78 249
1 5 2
121 201
1 12 2
130 382
1 15 2
32 295
1 5 2
252 423
1 15 2
360 431
1 8 2
127 284
1 2 2
21 136
1 12 2
283 328
1 10 2
224 376
1 7 2
26 384
1 13 2
54 78
1 5 2
188 336
1 6 2
195 487
1 4 2
104 284
1 9 2
222 390
1 7 2
64 321
1 2 2
89 430
1 5 2
183 491
1 11 2
160 347
1 13 2
322 481
1 9 2
88 108
1 10 2
261 492
1 3 2
298 349
1 7 2
316 373
1 3 2
24 283
1 3 2
344 360
1 2 2
428 475
1 14 2
59 465
1 5 2
194 347
1 10 2
151 225
1 14 2
127 340
1 2 2
56 59
1 2 2
212 497
1 10 2
277 293
1 3 2
446 481
1 5 2
127 425
1 5 2
345 489
1 6 2
30 208
1 3 2
298 370
1 3 2
29 254
1 12 2
68 247
1 4 2
242 385
1 3 2
108 313
1 3 2
28 349
1 15 2
205 491
1 15 2
346 398
1 7 2
13 24
1 13 2
14 253
1 9 2
84 224
1 7 2
77 373
1 7 2
124 355
1 15 2
73 275
1 11 2
65 359
1 13 2
304 346
1 7 2
327 338
1 15 2
65 199
1 7 2
446 469
1 5 2
42 416
1 13 2
34 178
1 5 2
165 327
1 9 2
382 431
1 11 2
175 313
1 4 2
43 133
1 4 2
136 361
1 9 2
130 370
1 14 2
17 462
1 6 2
70 321
1 8 2
100 422
1 15 2
264 469
1 11 2
182 358
1 6 2
103 193
1 10 2
231 263
1 8 2
66 499
1 4 2
187 347
1 5 2
74 336
1 15 2
47 475
1 13 2
91 419
1 4 2
212 215
1 11 2
115 336
1 5 2
13 388
1 9 2
174 332
1 11 2
15 392
1 3 2
39 75
1 11 2
41 121
1 5 2
291 376
1 2 2
9 146
1 3 2
199 450
1 13 2
205 384
1 5 2
319 384
1 11 2
433 445
1 11 2
60 392
1 6 2
121 471
1 2 2
371 483
1 11 2
230 410
1 7 2
105 412
1 14 2
346 391
1 6 2
305 397
1 12 2
174 431
1 3 2
407 481
1 15 2
244 366
1 15 2
378 454
1 4 2
300 341
1 5 2
123 174
1 8 2
289 331
1 2 2
54 123
1 7 2
231 374
1 5 2
24 47
1 3 2
7 260
1 2 2
211 267
1 5 2
79 353
1 3 2
163 230
1 6 2
32 388
1 13 2
11 413
1 13 2
247 302
1 10 2
101 437
1 12 2
179 312
1 2 2
37 498
1 8 2
265 492
1 9 2
177 443
1 11 2
189 317
1 14 2
309 400
1 12 2
152 353
1 13 2
169 243
1 8 2
25 315
1 11 2
105 188
1 10 2
242 264
1 14 2
133 198
1 10 2
238 349
1 15 2
184 371
1 9 2
4 336
1 13 2
126 471
1 14 2
176 306
1 13 2
204 365
1 4 2
325 385
1 2 2
191 273
1 13 2
14 188
1 14 2
205 264
1 6 2
485 486
1 11 2
44 384
1 8 2
124 454
1 6 2
302 318
1 14 2
9 69
1 13 2
19 463
1 4 2
46 464
1 13 2
82 308
1 4 2
45 150
1 8 2
281 283
1 15 2
179 280
1 9 2
10 369
1 8 2
104 455
1 13 2
362 363
1 2 2
135 308
1 2 2
68 254
1 11 2
368 476
1 10 2
160 458
1 9 2
4 352
1 14 2
21 373
1 12 2
115 302
1 9 2
169 245
1 13 2
201 457
1 11 2
78 287
1 6 2
270 315
1 4 2
324 439
1 3 2
343 442
1 7 2
221 317
1 11 2
257 262
1 13 2
405 490
1 4 2
323 383
1 6 2
242 437
1 10 2
126 206
1 7 2
274 485
1 15 2
27 244
1 11 2
43 438
1 6 2
209 291
1 10 2
373 401
1 13 2
259 463
1 6 2
119 464
1 15 2
123 300
1 11 2
89 257
1 7 2
172 349
1 11 2
271 393
1 7 2
28 143
1 3 2
9 372
1 10 2
123 261
1 6 2
427 476
1 4 2
223 455
1 3 2
164 229
1 15 2
78 377
1 6 2
435 478
1 8 2
235 391
1 10 2
107 493
1 7 2
267 292
1 14 2
353 432
1 15 2
82 296
1 6 2
362 417
1 5 2
69 357
1 6 2
173 471
1 6 2
244 332
1 12 2
35 202
1 14 2
172 317
1 12 2
61 364
1 14 2
62 466
1 6 2
194 316
1 9 2
193 325
1 10 2
393 496
1 15 2
243 319
1 5 2
61 470
1 4 2
28 283
1 6 2
335 499
1 10 2
10 424
1 7 2
222 491
1 7 2
70 439
1 6 2
114 164
1 4 2
411 475
1 3 2
184 393
1 11 2
331 376
1 10 2
83 380
1 13 2
232 347
1 13 2
164 360
1 13 2
239 403
1 11 2
239 444
1 5 2
175 362
1 9 2
126 325
1 13 2
131 397
1 10 2
0 304
1 9 2
352 472
1 7 2
184 419
1 8 2
197 210
1 11 2
144 146
1 14 2
5 75
1 10 2
225 340
1 11 2
137 336
1 7 2
57 374
1 14 2
90 286
1 6 2
197 273
1 6 2
289 419
1 6 2
396 465
1 4 2
84 221
1 6 2
22 430
1 4 2
70 359
1 13 2
81 90
1 4 2
171 231
1 15 2
35 75
1 6 2
62 341
1 2 2
97 492
1 2 2
8 196
1 13 2
137 164
1 13 2
150 160
1 4 2
338 453
1 15 2
192 472
1 2 2
5 450
1 13 2
12 365
1 3 2
75 493
1 6 2
203 381
1 9 2
215 294
1 12 2
320 359
1 15 2
212 373
1 2 2
240 427
1 11 2
81 118
1 11 2
135 341
1 14 2
283 317
1 9 2
88 464
1 4 2
185 208
1 5 2
147 302
1 3 2
57 95
1 3 2
56 266
1 7 2
157 336
1 7 2
161 166
1 15 2
218 421
1 5 2
176 451
1 7 2
412 445
1 8 2
50 404
1 8 2
178 390
1 4 2
194 299
1 7 2
5 307
1 13 2
129 400
1 2 2
114 371
1 13 2
33 62
1 7 2
405 443
1 15 2
199 221
1 10 2
84 374
1 6 2
117 360
1 11 2
137 442
1 13 2
196 407
1 5 2
173 394
1 10 2
275 384
1 5 2
196 441
1 2 2
372 431
1 3 2
35 238
1 6 2
359 382
1 2 2
11 141
1 4 2
169 414
1 9 2
183 392
1 2 2
96 464
1 5 2
63 431
1 11 2
7 323
1 3 2
43 194
1 10 2
292 476
1 10 2
103 220
1 13 2
38 389
1 6 2
226 493
1 13 2
132 240
1 12 2
22 51
1 9 2
122 129
1 9 2
140 296
1 12 2
170 189
1 10 2
151 436
1 7 2
20 445
1 11 2
222 443
1 4 2
95 180
1 12 2
50 357
1 11 2
38 327
1 13 2
72 361
1 4 2
354 367
1 9 2
119 356
1 5 2
332 435
1 3 2
80 475
1 8 2
50 421
1 2 2
253 378
1 11 2
80 82
1 5 2
38 92
1 6 2
256 461
1 4 2
413 437
1 6 2
400 431
1 2 2
85 156
1 13 2
94 377
1 3 2
136 380
1 15 2
145 270
1 6 2
245 408
1 3 2
110 360
1 9 2
65 95
1 4 2
261 359
1 4 2
199 293
1 7 2
260 275
1 2 2
435 448
1 14 2
170 359
1 8 2
241 445
1 9 2
90 284
1 13 2
64 145
1 4 2
168 494
1 14 2
139 233
1 6 2
100 151
1 2 2
45 148
1 4 2
14 292
1 5 2
23 202
1 10 2
258 422
1 14 2
57 193
1 6 2
31 69
1 6 2
230 332
1 4 2
314 363
1 2 2
60 486
1 12 2
186 493
1 6 2
196 389
1 11 2
87 189
1 7 2
273 314
1 4 2
56 136
1 6 2
36 159
1 5 2
400 454
1 12 2
95 453
1 14 2
175 463
1 9 2
195 310
1 8 2
228 257
1 14 2
112 325
1 4 2
55 383
1 4 2
145 253
1 10 2
406 408
1 12 2
253 403
1 6 2
38 272
1 3 2
231 338
1 4 2
267 397
1 4 2
143 213
1 9 2
82 345
1 15 2
103 182
1 15 2
37 271
1 5 2
249 387
1 14 2
43 149
1 9 2
162 428
1 6 2
226 473
1 12 2
273 498
1 12 2
186 425
1 8 2
20 73
1 14 2
29 400
1 7 2
222 253
1 10 2
147 151
1 15 2
477 492
1 11 2
151 379
1 13 2
16 348
1 12 2
129 240
1 9 2
54 170
1 6 2
232 262
1 15 2
335 448
1 9 2
110 176
1 15 2
224 447
1 7 2
51 132
1 15 2
11 427
1 6 2
155 313
1 2 2
347 472
1 12 2
317 340
1 10 2
47 326
1 5 2
2 149
1 13 2
152 434
1 6 2
90 422
1 3 2
197 484
1 15 2
242 481
1 12 2
231 484
1 12 2
80 497
1 5 2
27 310
1 7 2
30 472
1 7 2
301 357
1 9 2
3 403
1 9 2
186 375
1 14 2
72 91
1 5 2
53 223
1 7 2
62 85
1 13 2
429 433
1 6 2
290 347
1 13 2
249 274
1 11 2
150 462
1 4 2
148 204
1 8 2
60 403
1 14 2
113 191
1 5 2
368 449
1 3 2
336 352
1 9 2
166 215
1 6 2
336 410
1 3 2
34 43
1 11 2
122 404
1 14 2
205 281
1 14 2
148 160
1 15 2
334 469
1 7 2
62 463
1 15 2
88 138
1 7 2
56 132
1 10 2
95 437
1 3 2
67 359
1 2 2
215 346
1 10 2
248 443
1 2 2
113 248
1 3 2
126 239
1 13 2
57 235
1 4 2
135 265
1 7 2
154 404
1 9 2
177 428
1 3 2
282 432
1 4 2
164 324
1 12 2
233 400
1 13 2
11 444
1 7 2
72 490
1 9 2
274 409
1 13 2
39 288
1 7 2
260 381
1 8 2
54 343
1 8 2
102 287
1 6 2
309 413
1 15 2
47 346
1 10 2
23 308
1 10 2
262 469
1 13 2
90 319
1 15 2
41 252
1 10 2
54 184
1 7 2
65 290
1 10 2
2 355
1 9 2
5 174
1 12 2
31 150
1 10 2
152 367
1 13 2
73 222
1 14 2
38 165
1 14 2
24 272
1 13 2
10 181
1 8 2
384 498
1 4 2
115 179
1 14 2
11 399
1 11 2
346 489
1 10 2
53 179
1 6 2
349 409
1 13 2
48 139
1 12 2
61 492
1 13 2
24 379
1 15 2
76 337
1 15 2
154 204
1 13 2
31 208
1 3 2
190 264
1 12 2
229 441
1 15 2
53 62
1 6 2
27 224
1 14 2
180 458
1 15 2
225 258
1 10 2
90 462
1 9 2
230 309
1 14 2
246 416
1 6 2
39 370
1 2 2
34 67
1 7 2
105 210
1 4 2
47 351
1 4 2
47 134
1 11 2
119 121
1 9 2
57 93
1 6 2
388 422
1 2 2
384 424
1 6 2
185 480
1 13 2
91 305
1 8 2
243 439
1 4 2
50 437
1 10 2
315 320
1 11 2
62 64
1 11 2
13 359
1 9 2
41 374
1 13 2
260 405
1 13 2
394 454
1 11 2
93 203
1 13 2
345 423
1 8 2
34 191
1 13 2
108 452
1 14 2
80 225
1 8 2
129 312
1 13 2
446 484
1 11 2
67 150
1 8 2
122 266
1 14 2
83 398
1 12 2
113 189
1 10 2
301 323
1 3 2
166 450
1 5 2
256 399
1 11 2
37 179
1 9 2
260 366
1 3 2
189 269
1 13 2
91 234
1 9 2
271 448
1 15 2
118 337
1 8 2
44 93
1 6 2
438 456
1 14 2
162 484
1 14 2
293 412
1 2 2
105 134
1 4 2
33 338
1 12 2
131 316
1 13 2
64 451
1 14 2
22 307
1 9 2
125 289
1 11 2
259 342
1 5 2
123 231
1 7 2
327 490
1 3 2
104 342
1 6 2
8 115
1 12 2
23 243
1 5 2
271 493
1 5 2
15 213
1 9 2
335 414
1 8 2
63 405
1 14 2
436 473
1 15 2
80 465
1 9 2
361 412
1 12 2
17 201
1 11 2
41 185
1 15 2
330 413
1 5 2
257 298
1 15 2
22 301
1 12 2
51 465
1 7 2
161 268
1 10 2
24 374
1 4 2
95 344
1 13 2
44 324
1 14 2
45 54
1 6 2
317 356
1 14 2
363 449
1 9 2
334 379
1 13 2
107 421
1 10 2
277 419
1 15 2
114 287
1 14 2
139 386
1 14 2
413 457
1 12 2
258 355
1 3 2
378 416
1 10 2
359 430
1 8 2
181 364
1 15 2
109 353
1 6 2
326 435
1 10 2
70 429
1 7 2
31 125
1 3 2
199 230
1 5 2
141 177
1 2 2
171 494
1 10 2
39 207
1 10 2
29 64
1 8 2
235 243
1 8 2
213 217
1 2 2
234 417
1 12 2
142 219
1 9 2
387 426
1 5 2
95 319
1 4 2
394 473
1 14 2
387 440
1 15 2
320 350
1 15 2
318 410
1 9 2
150 422
1 11 2
136 223
1 14 2
9 57
1 13 2
162 463
1 6 2
99 118
1 7 2
133 288
1 6 2
31 190
1 3 2
172 397
1 4 2
277 307
1 7 2
51 75
1 15 2
276 344
1 11 2
46 375
1 11 2
284 398
1 10 2
211 445
1 15 2
442 475
1 4 2
187 332
1 11 2
144 399
1 15 2
7 431
1 8 2
376 398
1 7 2
230 355
1 3 2
166 179
1 3 2
193 263
1 2 2
6 14
1 9 2
22 227
1 13 2
249 311
1 2 2
117 348
1 2 2
68 346
1 11 2
112 149
1 14 2
60 318
1 15 2
37 456
1 7 2
12 386
1 11 2
200 263
1 8 2
1 449
1 12 2
290 493
1 4 2
6 45
1 13 2
79 197
1 5 2
162 173
1 7 2
156 284
1 11 2
326 441
1 12 2
329 345
1 12 2
143 168
1 12 2
347 383
1 11 2
73 162
1 7 2
60 165
1 8 2
184 294
1 9 2
14 202
1 8 2
469 497
1 2 2
67 188
1 13 2
128 134
1 14 2
387 410
1 13 2
190 389
1 15 2
206 376
1 12 2
151 451
1 13 2
297 400
1 6 2
359 435
1 7 2
18 90
1 12 2
197 296
1 14 2
84 326
1 14 2
42 65
1 4 2
2 288
1 9 2
52 210
1 6 2
247 278
1 14 2
183 234
1 10 2
167 383
1 15 2
147 161
1 11 2
165 388
1 5 2
36 434
1 12 2
99 139
1 15 2
75 442
1 15 2
204 405
1 10 2
181 252
1 8 2
350 380
1 4 2
103 479
1 4 2
210 490
1 13 2
443 499
1 15 2
153 235
1 6 2
96 290
1 4 2
289 460
1 2 2
17 195
1 6 2
388 405
1 4 2
346 473
1 15 2
143 193
1 5 2
37 52
1 7 2
116 253
1 8 2
136 189
1 13 2
444 449
1 12 2
329 337
1 5 2
21 400
1 4 2
149 316
1 13 2
71 238
1 7 2
368 453
1 15 2
22 163
1 5 2
385 495
1 3 2
54 109
1 5 2
333 409
1 4 2
92 379
1 15 2
130 476
1 12 2
275 482
1 4 2
153 314
1 3 2
305 388
1 10 2
59 238
1 7 2
77 436
1 2 2
227 300
1 10 2
106 344
1 3 2
114 489
1 10 2
301 407
1 11 2
146 288
1 4 2
249 332
1 14 2
238 369
1 13 2
379 407
1 11 2
226 235
1 14 2
237 254
1 14 2
16 486
1 9 2
319 498
1 5 2
1 32
1 4 2
32 263
1 2 2
81 463
1 15 2
46 237
1 13 2
117 148
1 15 2
173 235
1 14 2
356 430
1 4 2
85 175
1 14 2
47 461
1 9 2
288 474
1 4 2
192 486
1 11 2
240 337
1 9 2
21 328
1 14 2
376 454
1 12 2
48 361
1 5 2
142 242
1 13 2
61 321
1 2 2
320 414
1 11 2
30 461
1 15 2
125 208
1 10 2
240 286
1 15 2
63 404
1 13 2
175 288
1 7 2
122 255
1 12 2
175 393
1 9 2
22 144
1 7 2
129 221
1 15 2
94 288
1 2 2
165 190
1 3 2
65 346
1 10 2
149 382
1 5 2
118 334
1 3 2
432 471
1 13 2
348 494
1 12 2
97 296
1 10 2
367 436
1 5 2
121 398
1 3 2
198 392
1 2 2
58 230
1 3 2
296 427
1 4 2
150 248
1 10 2
92 387
1 11 2
205 346
1 9 2
87 270
1 8 2
124 298
1 15 2
249 453
1 2 2
82 195
1 14 2
209 413
1 13 2
46 388
1 13 2
81 187
1 2 2
297 422
1 6 2
230 266
1 13 2
299 410
1 12 2
40 316
1 11 2
28 197
1 13 2
25 363
1 12 2
1 271
1 5 2
96 350
1 4 2
3 334
1 15 2
104 283
1 4 2
5 252
1 6 2
269 388
1 2 2
200 305
1 5 2
271 342
1 13 2
189 442
1 3 2
296 403
1 12 2
156 423
1 6 2
93 211
1 2 2
45 441
1 11 2
424 486
1 9 2
59 117
1 12 2
406 418
1 5 2
65 430
1 13 2
7 314
1 11 2
41 329
1 11 2
127 390
1 4 2
360 379
1 3 2
68 381
1 11 2
169 200
1 12 2
200 235
1 3 2
281 340
1 9 2
386 405
1 4 2
2 157
1 12 2
303 316
1 12 2
225 280
1 7 2
23 255
1 2 2
84 463
1 5 2
147 392
1 7 2
157 278
1 12 2
87 441
1 5 2
291 398
1 7 2
186 255
1 8 2
273 298
1 2 2
60 127
1 7 2
73 369
1 11 2
327 467
1 3 2
308 406
1 4 2
104 251
1 2 2
113 190
1 5 2
199 258
1 4 2
58 388
1 5 2
142 459
1 6 2
282 441
1 14 2
54 301
1 4 2
256 359
1 6 2
34 190
1 10 2
32 449
1 7 2
29 46
1 2 2
227 307
1 4 2
222 418
1 6 2
74 420
1 12 2
203 299
1 6 2
134 189
1 15 2
171 213
1 7 2
211 242
1 7 2
100 451
1 9 2
39 210
1 9 2
1 220
1 2 2
122 277
1 11 2
195 421
1 3 2
166 217
1 11 2
114 437
1 14 2
205 293
1 5 2
42 441
1 11 2
67 498
1 5 2
25 137
1 3 2
167 387
1 14 2
377 436
1 2 2
24 180
1 3 2
4 435
1 10 2
118 270
1 2 2
222 345
1 8 2
138 336
1 13 2
98 398
1 14 2
345 463
1 10 2
39 110
1 4 2
117 168
1 6 2
52 263
1 6 2
233 311
1 2 2
87 413
1 3 2
96 228
1 14 2
32 59
1 4 2
250 368
1 12 2
303 326
1 3 2
211 235
1 12 2
228 311
1 9 2
316 349
1 3 2
193 405
1 5 2
86 465
1 13 2
449 462
1 6 2
59 91
1 8 2
381 483
1 8 2
104 296
1 7 2
135 187
1 11 2
73 425
1 13 2
17 21
1 10 2
167 401
1 11 2
92 129
1 10 2
9 161
1 11 2
44 462
1 14 2
268 392
1 6 2
277 405
1 4 2
5 232
1 3 2
128 234
1 12 2
175 346
1 13 2
252 451
1 15 2
167 446
1 8 2
344 439
1 3 2
5 246
1 13 2
50 191
1 8 2
191 272
1 8 2
287 392
1 2 2
135 282
1 6 2
240 336
1 3 2
193 402
1 10 2
192 231
1 7 2
23 140
1 2 2
86 387
1 7 2
106 396
1 15 2
109 371
1 7 2
19 40
1 15 2
137 456
1 11 2
146 232
1 8 2
98 287
1 4 2
387 477
1 8 2
185 496
1 7 2
422 497
1 9 2
34 124
1 9 2
118 311
1 3 2
313 459
1 6 2
143 225
1 10 2
261 360
1 6 2
97 149
1 11 2
12 99
1 3 2
0 498
1 15 2
172 412
1 4 2
186 291
1 14 2
303 375
1 3 2
82 360
1 3 2
94 389
1 6 2
110 479
1 2 2
199 254
1 3 2
40 43
1 13 2
1 434
1 6 2
3 483
1 11 2
47 266
1 7 2
14 295
1 14 2
129 139
1 8 2
301 409
1 13 2
18 428
1 9 2
54 245
1 3 2
81 251
1 15 2
455 492
1 14 2
210 252
1 11 2
12 155
1 14 2
242 491
1 13 2
194 460
1 11 2
266 316
1 8 2
112 395
1 10 2
90 248
1 12 2
308 423
1 4 2
236 384
1 3 2
159 491
1 10 2
159 200
1 2 2
371 446
1 3 2
196 422
1 4 2
104 365
1 13 2
16 350
1 10 2
384 499
1 14 2
153 393
1 3 2
96 227
1 10 2
212 396
1 10 2
109 486
1 5 2
140 316
1 14 2
143 328
1 7 2
257 307
1 6 2
415 488
1 4 2
431 484
1 10 2
48 295
1 8 2
42 206
1 11 2
8 190
1 14 2
242 452
1 9 2
194 395
1 15 2
86 315
1 4 2
318 385
