500 4000 1500
6 14 11 15 5 24 18 22 23 13 10 11 25 20 10 20 25 20 6 5 19 18 21 13 16 25 18 24 23 24 12 7 24 18 22 13 11 17 22 18 11 18 23 6 17 12 9 20 12 14 6 6 21 11 19 17 6 20 23 19 12 21 20 19 9 5 8 22 7 8 22 17 15 25 25 10 9 9 12 19 13 10 10 21 6 14 23 8 24 21 8 7 23 13 9 25 16 18 12 22 7 8 14 23 18 25 23 13 5 21 22 5 25 13 10 5 19 21 24 17 20 17 13 14 21 6 24 16 7 11 15 19 21 11 11 7 11 18 21 23 5 25 10 16 24 16 8 14 10 24 11 18 21 24 17 22 12 8 16 7 17 8 21 21 17 25 7 21 6 24 17 18 18 17 10 25 17 20 13 5 7 10 8 12 21 13 10 9 11 17 25 5 13 9 9 20 23 25 17 16 16 8 6 11 10 8 18 14 19 17 23 22 9 11 14 20 15 14 23 15 21 9 6 16 21 11 6 15 17 20 7 5 22 22 11 20 8 13 19 22 12 8 6 12 5 6 19 8 25 24 7 7 24 17 14 14 18 24 15 13 10 15 15 6 5 23 7 24 22 16 14 16 18 24 25 24 15 24 13 23 25 9 11 16 12 21 11 25 25 16 18 19 10 19 21 10 25 16 13 17 25 13 17 19 15 23 11 11 11 15 9 5 7 21 9 10 14 9 6 5 20 19 7 25 11 25 13 11 19 6 12 13 18 6 22 11 7 15 18 22 24 21 25 6 23 20 18 22 7 7 7 23 15 8 21 18 9 19 5 9 18 20 15 17 10 7 20 23 12 8 18 14 22 17 9 9 19 20 17 22 7 16 6 10 7 10 6 23 25 24 12 21 9 5 17 17 10 9 16 11 9 18 9 23 12 25 7 18 15 18 13 5 19 11 19 17 24 15 7 14 6 20 22 21 24 16 25 13 22 18 20 13 20 23 16 15 7 20 9 7 7 10 14 13 8 14 8 12 10 8 10 20 11 25 16 17 18 12 11 24 6 22 5 24 17 13 20 10 14 11 21 13 13 22 5 25 17 20 19 19 22 12 8 12 11 11 9 15 10 17 19 14 25 7 11 6 11 25 20 8
5 7 8 17 7 5 18 3 5 3 4 7 5 12 14 18 4 19 5 13 5 15 18 11 9 7 4 12 3 3 5 19 9 14 5 10 15 13 13 11 3 11 5 13 16 18 17 8 6 4 19 7 6 13 19 20 9 17 5 18 10 15 10 6 7 4 16 18 14 19 4 6 15 13 3 6 12 13 20 3 18 10 4 13 6 6 17 10 15 16 13 4 9 9 5 9 6 3 5 13 16 18 19 12 17 9 4 14 5 19 5 18 15 16 11 15 5 11 8 15 11 6 4 19 14 6 6 19 11 8 11 17 13 8 9 4 9 14 11 4 15 10 15 8 7 19 4 11 12 7 3 17 5 7 16 11 3 16 4 20 18 4 14 11 11 7 18 18 16 20 7 17 11 7 12 16 5 7 15 10 19 13 9 7 3 3 19 4 6 14 16 12 16 15 10 8 20 7 16 5 13 17 15 15 3 11 3 4 8 18 11 12 14 17 3 12 9 5 17 20 15 17 14 5 19 7 5 20 4 11 20 15 19 6 17 8 4 16 6 4 18 15 6 7 15 5 9 9 18 20 3 11 9 12 3 13 7 3 12 12 7 20 13 14 8 7 13 8 3 13 9 9 9 13 12 13 7 16 3 13 12 12 18 16 19 18 5 4 9 20 11 16 14 12 17 18 9 10 10 20 18 12 10 17 7 8 3 7 8 12 5 13 17 4 11 15 10 18 19 20 3 19 5 19 13 17 3 9 14 3 8 10 11 13 10 8 9 9 16 4 15 16 5 4 14 18 5 15 7 6 15 10 14 17 19 14 3 10 11 10 10 15 16 16 17 7 7 12 15 10 9 19 12 16 15 13 12 8 7 17 5 10 5 11 9 3 20 7 15 9 11 19 8 10 17 11 3 5 9 15 6 6 16 10 19 10 3 11 18 9 19 14 19 16 13 7 19 16 13 8 6 4 9 13 7 6 20 8 17 16 19 4 5 12 17 19 16 17 20 12 11 17 5 10 15 7 18 19 10 5 5 4 13 10 20 6 14 14 20 19 4 18 6 7 20 17 16 8 18 20 4 3 16 9 14 11 7 14 19 3 6 13 3 4 13 12 10 5 20 7 12 16 14 17 3 9 8 16 20 18
1 13 2
101 212
1 7 2
259 294
1 11 2
208 324
1 11 2
67 349
1 2 2
130 474
1 13 2
130 206
1 12 2
140 154
1 10 2
346 471
1 7 2
178 399
1 14 2
87 184
1 7 2
34 427
1 13 2
10 188
1 4 2
151 283
1 8 2
227 282
1 2 2
120 250
1 5 2
199 463
1 2 2
244 345
1 12 2
360 366
1 8 2
177 485
1 3 2
29 418
1 3 2
342 453
1 8 2
5 330
1 4 2
130 305
1 7 2
362 439
1 7 2
81 109
1 5 2
388 466
1 10 2
245 499
1 14 2
110 412
1 9 2
120 189
1 2 2
70 457
1 6 2
167 401
1 15 2
14 325
1 5 2
2 86
1 3 2
196 261
1 14 2
129 183
1 6 2
390 393
1 2 2
392 438
1 13 2
19 441
1 8 2
292 473
1 8 2
168 399
1 9 2
84 444
1 11 2
6 487
1 11 2
3 72
1 14 2
205 238
1 3 2
57 166
1 5 2
67 147
1 10 2
178 386
1 2 2
65 156
1 2 2
70 132
1 4 2
147 413
1 15 2
134 302
1 11 2
36 498
1 5 2
40 465
1 12 2
183 254
1 9 2
177 373
1 15 2
444 468
1 13 2
82 364
1 6 2
215 379
1 7 2
161 189
1 7 2
101 463
1 8 2
78 374
1 4 2
271 487
1 14 2
153 416
1 5 2
167 232
1 7 2
189 297
1 14 2
96 142
1 7 2
393 405
1 4 2
183 296
1 10 2
249 388
1 13 2
293 352
1 13 2
14 460
1 6 2
5 479
1 4 2
113 436
1 2 2
228 269
1 7 2
233 281
1 13 2
59 120
1 14 2
182 243
1 9 2
58 105
1 2 2
277 330
1 2 2
228 411
1 6 2
94 122
1 9 2
22 425
1 15 2
122 349
1 3 2
190 485
1 11 2
463 498
1 13 2
273 471
1 5 2
273 375
1 6 2
186 320
1 8 2
270 461
1 12 2
47 92
1 15 2
254 342
1 4 2
63 428
1 12 2
90 498
1 13 2
59 212
1 13 2
232 469
1 4 2
18 140
1 3 2
90 113
1 5 2
362 404
1 8 2
3 349
1 7 2
256 473
1 11 2
86 238
1 13 2
404 462
1 2 2
72 186
1 6 2
130 496
1 8 2
160 431
1 6 2
162 373
1 9 2
86 150
1 8 2
166 438
1 15 2
163 390
1 9 2
98 483
1 7 2
383 495
1 12 2
52 251
1 8 2
241 457
1 10 2
273 388
1 5 2
72 99
1 13 2
116 458
1 5 2
291 372
1 11 2
35 242
1 5 2
292 408
1 11 2
62 236
1 9 2
43 189
1 7 2
18 183
1 5 2
84 218
1 15 2
2 487
1 13 2
54 420
1 6 2
104 269
1 5 2
39 316
1 6 2
180 224
1 2 2
66 235
1 13 2
7 429
1 5 2
241 267
1 15 2
155 486
1 13 2
56 209
1 4 2
330 366
1 9 2
101 320
1 7 2
111 203
1 2 2
347 479
1 5 2
135 442
1 11 2
0 280
1 15 2
113 478
1 14 2
294 344
1 4 2
56 438
1 2 2
245 251
1 11 2
248 465
1 8 2
214 458
1 15 2
6 43
1 10 2
127 337
1 7 2
327 460
1 8 2
168 444
1 11 2
139 249
1 6 2
25 187
1 4 2
363 372
1 5 2
239 449
1 4 2
68 74
1 13 2
0 61
1 12 2
289 346
1 5 2
32 334
1 3 2
190 238
1 11 2
92 444
1 14 2
96 207
1 8 2
377 473
1 9 2
17 140
1 4 2
453 494
1 5 2
76 168
1 14 2
34 401
1 4 2
14 153
1 9 2
269 270
1 4 2
190 379
1 9 2
40 292
1 6 2
264 287
1 6 2
299 391
1 10 2
322 346
1 9 2
53 199
1 7 2
2 211
1 8 2
240 279
1 2 2
232 290
1 11 2
356 460
1 14 2
325 446
1 14 2
54 97
1 3 2
102 358
1 8 2
29 329
1 11 2
7 75
1 2 2
421 441
1 8 2
249 328
1 10 2
181 430
1 14 2
124 496
1 3 2
89 290
1 5 2
324 328
1 8 2
457 465
1 13 2
29 384
1 7 2
225 426
1 7 2
96 480
1 6 2
103 372
1 5 2
147 424
1 12 2
141 333
1 3 2
157 232
1 4 2
448 490
1 4 2
254 423
1 14 2
391 440
1 10 2
304 392
1 11 2
84 264
1 15 2
337 470
1 7 2
212 420
1 11 2
243 437
1 13 2
104 422
1 13 2
244 466
1 13 2
277 388
1 11 2
42 328
1 3 2
89 442
1 13 2
120 214
1 14 2
53 294
1 14 2
263 344
1 9 2
108 280
1 8 2
121 289
1 11 2
15 407
1 12 2
297 365
1 4 2
76 473
1 6 2
73 352
1 8 2
74 340
1 8 2
179 388
1 15 2
386 396
1 6 2
39 396
1 2 2
32 245
1 6 2
240 338
1 11 2
105 372
1 2 2
42 324
1 2 2
73 471
1 8 2
36 246
1 13 2
62 498
1 9 2
216 413
1 2 2
35 399
1 8 2
359 369
1 11 2
93 377
1 2 2
147 416
1 7 2
110 309
1 10 2
31 444
1 4 2
284 498
1 10 2
151 244
1 2 2
334 394
1 15 2
269 496
1 7 2
255 481
1 8 2
323 433
1 13 2
221 421
1 2 2
31 78
1 4 2
30 340
1 3 2
143 243
1 7 2
158 485
1 9 2
9 171
1 5 2
146 180
1 12 2
42 76
1 14 2
49 487
1 12 2
24 174
1 9 2
337 457
1 8 2
162 354
1 2 2
318 438
1 11 2
72 247
1 10 2
176 473
1 11 2
68 153
1 12 2
149 402
1 3 2
44 150
1 15 2
339 343
1 11 2
351 494
1 7 2
428 462
1 14 2
33 369
1 8 2
6 112
1 4 2
365 493
1 4 2
221 431
1 12 2
232 464
1 13 2
107 382
1 7 2
272 315
1 8 2
370 372
1 12 2
357 395
1 11 2
388 472
1 9 2
130 258
1 10 2
244 474
1 2 2
299 304
1 13 2
127 129
1 9 2
184 419
1 13 2
94 159
1 2 2
163 451
1 4 2
120 247
1 12 2
94 296
1 5 2
212 293
1 15 2
45 338
1 3 2
210 331
1 3 2
239 299
1 15 2
89 112
1 12 2
94 181
1 4 2
380 389
1 4 2
183 379
1 14 2
182 194
1 6 2
120 437
1 3 2
30 142
1 14 2
164 297
1 9 2
36 52
1 11 2
47 62
1 9 2
12 481
1 9 2
305 361
1 6 2
45 131
1 6 2
84 251
1 15 2
92 398
1 9 2
333 414
1 11 2
282 481
1 12 2
211 499
1 4 2
157 438
1 12 2
144 413
1 14 2
22 247
1 3 2
80 306
1 4 2
289 498
1 7 2
77 326
1 9 2
76 446
1 15 2
269 299
1 4 2
377 432
1 11 2
181 345
1 10 2
168 281
1 6 2
24 383
1 12 2
274 293
1 3 2
35 298
1 14 2
36 133
1 12 2
214 436
1 8 2
207 482
1 9 2
145 187
1 12 2
161 403
1 2 2
96 427
1 11 2
450 495
1 3 2
394 404
1 9 2
37 319
1 7 2
148 164
1 5 2
40 229
1 6 2
43 132
1 15 2
137 449
1 9 2
158 228
1 2 2
218 489
1 5 2
256 485
1 12 2
178 276
1 15 2
74 482
1 10 2
366 442
1 6 2
142 229
1 13 2
351 374
1 2 2
88 269
1 10 2
43 59
1 3 2
137 302
1 2 2
186 466
1 9 2
268 382
1 3 2
13 350
1 11 2
146 211
1 3 2
149 304
1 4 2
322 335
1 12 2
91 472
1 13 2
284 440
1 7 2
30 304
1 9 2
98 142
1 9 2
191 472
1 10 2
29 194
1 7 2
145 479
1 6 2
193 299
1 13 2
241 411
1 14 2
202 204
1 5 2
30 366
1 12 2
333 403
1 9 2
135 318
1 2 2
190 475
1 5 2
36 450
1 8 2
54 150
1 12 2
87 360
1 9 2
9 16
1 7 2
99 290
1 10 2
62 160
1 15 2
185 199
1 5 2
356 408
1 6 2
18 49
1 15 2
96 359
1 7 2
205 224
1 2 2
97 452
1 3 2
336 390
1 5 2
118 485
1 7 2
39 310
1 7 2
355 379
1 6 2
170 314
1 2 2
5 311
1 15 2
101 491
1 4 2
173 177
1 3 2
335 359
1 3 2
196 409
1 13 2
90 193
1 7 2
70 151
1 13 2
124 282
1 14 2
78 205
1 12 2
51 398
1 4 2
116 364
1 8 2
252 398
1 2 2
8 264
1 5 2
222 488
1 5 2
23 296
1 11 2
18 415
1 9 2
61 397
1 9 2
365 407
1 13 2
6 351
1 15 2
359 448
1 5 2
342 418
1 15 2
137 251
1 12 2
116 478
1 9 2
92 274
1 4 2
230 379
1 2 2
152 261
1 13 2
432 484
1 4 2
198 316
1 15 2
59 133
1 8 2
171 247
1 5 2
82 252
1 7 2
16 247
1 11 2
48 399
1 13 2
238 449
1 15 2
116 440
1 7 2
93 404
1 8 2
274 496
1 7 2
125 447
1 10 2
164 353
1 10 2
18 191
1 11 2
286 469
1 15 2
3 356
1 4 2
11 285
1 3 2
9 293
1 9 2
217 222
1 3 2
265 342
1 14 2
8 195
1 9 2
241 284
1 9 2
23 288
1 5 2
52 104
1 4 2
262 448
1 15 2
427 430
1 12 2
306 464
1 14 2
74 499
1 12 2
124 497
1 14 2
206 445
1 13 2
167 265
1 6 2
63 387
1 12 2
340 368
1 7 2
19 270
1 3 2
99 435
1 5 2
54 299
1 10 2
182 357
1 7 2
125 223
1 3 2
129 185
1 6 2
19 296
1 13 2
147 465
1 10 2
119 266
1 3 2
125 295
1 5 2
364 432
1 9 2
482 496
1 4 2
148 422
1 10 2
201 305
1 4 2
27 272
1 8 2
326 480
1 10 2
277 380
1 5 2
361 495
1 3 2
38 120
1 14 2
75 293
1 15 2
13 257
1 7 2
320 364
1 3 2
317 437
1 10 2
121 464
1 6 2
246 365
1 14 2
127 410
1 5 2
61 120
1 7 2
118 172
1 12 2
142 168
1 11 2
79 380
1 2 2
380 488
1 11 2
232 328
1 7 2
102 286
1 11 2
283 346
1 10 2
43 406
1 2 2
478 496
1 4 2
223 252
1 3 2
127 391
1 7 2
80 271
1 8 2
260 345
1 10 2
2 37
1 5 2
125 496
1 12 2
223 278
1 10 2
145 374
1 14 2
93 211
1 10 2
108 365
1 10 2
209 360
1 5 2
107 182
1 3 2
22 248
1 14 2
291 391
1 10 2
69 138
1 12 2
163 322
1 15 2
45 376
1 11 2
149 218
1 13 2
51 322
1 14 2
368 454
1 12 2
71 352
1 4 2
61 310
1 2 2
31 452
1 7 2
0 36
1 4 2
214 231
1 9 2
91 382
1 2 2
222 249
1 3 2
49 249
1 7 2
294 488
1 11 2
47 254
1 14 2
188 346
1 14 2
383 410
1 15 2
136 360
1 13 2
72 214
1 3 2
48 218
1 4 2
180 428
1 9 2
52 200
1 10 2
206 306
1 2 2
289 347
1 14 2
381 498
1 14 2
304 477
1 3 2
54 121
1 15 2
47 175
1 15 2
103 187
1 15 2
284 373
1 12 2
94 423
1 15 2
102 396
1 8 2
123 254
1 5 2
326 495
1 13 2
53 433
1 13 2
323 390
1 13 2
314 417
1 9 2
184 217
1 5 2
423 490
1 5 2
20 38
1 12 2
62 113
1 12 2
189 462
1 3 2
138 458
1 8 2
311 404
1 13 2
209 416
1 7 2
155 493
1 15 2
32 148
1 13 2
189 372
1 10 2
153 223
1 9 2
159 277
1 10 2
63 489
1 13 2
327 366
1 4 2
59 62
1 7 2
46 339
1 15 2
9 59
1 7 2
29 97
1 2 2
104 209
1 11 2
352 403
1 12 2
61 273
1 3 2
166 327
1 4 2
129 253
1 13 2
182 229
1 14 2
236 258
1 14 2
63 330
1 6 2
90 219
1 8 2
405 421
1 10 2
214 400
1 2 2
87 234
1 12 2
30 436
1 15 2
403 476
1 3 2
151 195
1 12 2
62 297
1 9 2
294 307
1 4 2
258 316
1 13 2
235 307
1 4 2
411 494
1 2 2
158 449
1 7 2
385 442
1 10 2
139 460
1 3 2
86 477
1 3 2
67 267
1 7 2
12 363
1 4 2
80 445
1 3 2
32 180
1 3 2
98 158
1 9 2
15 191
1 4 2
27 111
1 14 2
24 418
1 12 2
28 169
1 15 2
18 117
1 15 2
26 457
1 14 2
30 46
1 2 2
107 492
1 4 2
56 403
1 13 2
61 476
1 3 2
79 264
1 14 2
63 173
1 12 2
130 412
1 2 2
245 446
1 7 2
262 498
1 14 2
95 328
1 5 2
199 453
1 11 2
203 374
1 4 2
216 309
1 3 2
132 462
1 9 2
211 487
1 3 2
38 345
1 3 2
125 330
1 15 2
318 330
1 4 2
64 183
1 6 2
33 372
1 11 2
248 291
1 11 2
296 466
1 10 2
292 442
1 8 2
10 38
1 2 2
169 206
1 14 2
29 282
1 3 2
133 296
1 13 2
248 356
1 2 2
8 44
1 5 2
476 482
1 8 2
232 472
1 13 2
326 394
1 9 2
223 386
1 12 2
75 129
1 11 2
326 408
1 14 2
38 338
1 5 2
444 486
1 6 2
60 115
1 10 2
132 262
1 11 2
193 478
1 2 2
206 219
1 3 2
336 468
1 3 2
118 440
1 6 2
77 332
1 6 2
69 271
1 6 2
94 479
1 13 2
139 348
1 4 2
101 187
1 13 2
3 265
1 10 2
415 435
1 14 2
97 493
1 2 2
203 388
1 7 2
66 133
1 3 2
53 198
1 13 2
172 390
1 14 2
62 271
1 3 2
111 285
1 14 2
177 450
1 2 2
328 418
1 2 2
58 64
1 8 2
93 274
1 9 2
318 494
1 8 2
260 392
1 12 2
36 153
1 11 2
254 332
1 14 2
158 403
1 5 2
75 140
1 14 2
361 447
1 3 2
22 113
1 6 2
99 450
1 5 2
322 356
1 9 2
17 309
1 13 2
195 286
1 4 2
84 466
1 13 2
177 334
1 12 2
401 406
1 3 2
99 136
1 7 2
54 496
1 7 2
151 489
1 6 2
47 194
1 6 2
187 418
1 9 2
210 215
1 5 2
26 215
1 2 2
270 457
1 3 2
103 249
1 15 2
93 196
1 6 2
28 438
1 3 2
323 339
1 8 2
356 485
1 13 2
86 195
1 8 2
149 425
1 15 2
329 341
1 3 2
338 414
1 3 2
231 249
1 10 2
410 413
1 8 2
256 451
1 14 2
41 186
1 3 2
306 421
1 3 2
172 467
1 15 2
92 147
1 15 2
301 383
1 12 2
160 415
1 11 2
69 165
1 10 2
230 381
1 3 2
281 427
1 13 2
153 207
1 11 2
19 383
1 2 2
63 187
1 4 2
12 191
1 10 2
211 441
1 12 2
131 240
1 2 2
79 357
1 3 2
48 219
1 15 2
150 274
1 13 2
170 212
1 14 2
437 468
1 8 2
252 307
1 13 2
36 61
1 13 2
183 223
1 2 2
5 104
1 9 2
28 487
1 4 2
205 264
1 5 2
201 218
1 10 2
376 454
1 4 2
158 205
1 11 2
186 319
1 6 2
134 363
1 5 2
158 374
1 7 2
76 249
1 14 2
11 423
1 5 2
62 296
1 7 2
84 301
1 15 2
167 312
1 3 2
179 371
1 5 2
26 115
1 3 2
152 296
1 14 2
14 48
1 9 2
8 184
1 15 2
54 433
1 13 2
61 432
1 15 2
244 445
1 6 2
51 132
1 7 2
226 230
1 9 2
61 206
1 14 2
33 92
1 14 2
3 39
1 6 2
183 198
1 5 2
82 395
1 6 2
167 323
1 3 2
136 447
1 12 2
113 462
1 11 2
164 189
1 8 2
198 258
1 3 2
279 440
1 2 2
131 370
1 10 2
247 393
1 6 2
257 334
1 11 2
257 472
1 13 2
31 380
1 5 2
195 451
1 11 2
251 485
1 8 2
307 328
1 12 2
135 408
1 4 2
319 394
1 7 2
285 292
1 11 2
135 140
1 3 2
104 366
1 8 2
306 413
1 3 2
115 142
1 6 2
56 482
1 10 2
90 456
1 8 2
59 218
1 8 2
400 427
1 15 2
44 291
1 12 2
90 211
1 11 2
185 403
1 13 2
170 447
1 7 2
312 479
1 10 2
358 499
1 11 2
52 174
1 9 2
35 71
1 9 2
7 410
1 3 2
206 440
1 7 2
263 292
1 13 2
43 426
1 2 2
386 395
1 10 2
218 223
1 6 2
280 313
1 13 2
332 345
1 2 2
242 318
1 13 2
48 233
1 15 2
77 208
1 11 2
293 470
1 8 2
286 294
1 8 2
201 406
1 3 2
21 26
1 4 2
11 218
1 9 2
117 205
1 8 2
21 115
1 8 2
328 357
1 7 2
102 167
1 8 2
263 336
1 11 2
147 493
1 9 2
467 491
1 7 2
280 354
1 14 2
180 431
1 3 2
355 391
1 15 2
117 388
1 3 2
23 267
1 12 2
70 482
1 13 2
369 440
1 8 2
113 483
1 11 2
166 227
1 15 2
189 348
1 4 2
284 464
1 15 2
262 387
1 5 2
358 393
1 14 2
266 291
1 6 2
51 416
1 9 2
290 324
1 14 2
13 94
1 8 2
37 171
1 14 2
211 279
1 9 2
230 451
1 11 2
119 359
1 8 2
57 316
1 11 2
17 158
1 11 2
221 410
1 7 2
30 115
1 4 2
74 83
1 10 2
58 439
1 5 2
222 244
1 11 2
160 185
1 2 2
434 469
1 15 2
46 469
1 14 2
74 92
1 4 2
17 97
1 12 2
167 383
1 6 2
43 91
1 3 2
276 495
1 6 2
191 369
1 4 2
133 307
1 10 2
169 468
1 7 2
71 99
1 14 2
276 388
1 9 2
229 372
1 12 2
200 347
1 8 2
12 200
1 14 2
408 427
1 4 2
277 448
1 14 2
86 313
1 14 2
132 355
1 7 2
12 344
1 9 2
293 374
1 4 2
287 329
1 6 2
347 419
1 5 2
116 217
1 6 2
185 456
1 7 2
221 475
1 14 2
123 216
1 2 2
30 326
1 12 2
228 328
1 6 2
120 297
1 3 2
250 486
1 2 2
22 257
1 8 2
173 481
1 8 2
278 339
1 3 2
177 206
1 5 2
132 192
1 5 2
143 251
1 11 2
241 260
1 9 2
15 483
1 5 2
118 152
1 4 2
236 332
1 15 2
46 483
1 3 2
224 226
1 11 2
168 180
1 10 2
16 280
1 14 2
250 277
1 8 2
25 82
1 7 2
285 354
1 4 2
42 310
1 8 2
31 463
1 5 2
181 262
1 6 2
32 264
1 15 2
12 246
1 14 2
55 111
1 14 2
37 94
1 15 2
142 404
1 13 2
264 433
1 12 2
61 200
1 15 2
142 261
1 12 2
89 401
1 7 2
316 410
1 9 2
210 360
1 11 2
248 395
1 3 2
295 417
1 15 2
98 114
1 7 2
230 403
1 6 2
154 486
1 7 2
121 489
1 2 2
109 493
1 8 2
325 365
1 13 2
108 262
1 10 2
129 281
1 10 2
198 472
1 13 2
150 347
1 3 2
145 307
1 2 2
109 496
1 2 2
171 342
1 2 2
189 483
1 6 2
273 302
1 6 2
22 244
1 7 2
117 424
1 9 2
79 126
1 8 2
104 136
1 4 2
228 296
1 7 2
132 393
1 6 2
31 417
1 5 2
160 319
1 2 2
322 440
1 13 2
154 335
1 15 2
70 98
1 14 2
34 76
1 6 2
245 374
1 15 2
224 489
1 9 2
84 103
1 13 2
135 458
1 5 2
160 438
1 13 2
156 227
1 15 2
192 418
1 7 2
243 351
1 3 2
339 419
1 3 2
50 180
1 6 2
272 421
1 6 2
178 441
1 4 2
356 459
1 14 2
19 27
1 3 2
123 465
1 7 2
73 329
1 14 2
169 286
1 5 2
130 479
1 10 2
342 409
1 2 2
175 473
1 11 2
24 190
1 10 2
308 395
1 15 2
113 390
1 8 2
69 136
1 6 2
137 326
1 6 2
172 191
1 3 2
10 242
1 5 2
4 291
1 12 2
20 250
1 6 2
85 151
1 14 2
73 220
1 5 2
424 466
1 8 2
257 452
1 13 2
136 195
1 14 2
45 174
1 4 2
11 448
1 11 2
439 490
1 2 2
93 94
1 5 2
216 224
1 4 2
57 96
1 10 2
145 231
1 15 2
166 413
1 8 2
164 315
1 3 2
209 437
1 4 2
4 170
1 11 2
61 179
1 2 2
53 460
1 2 2
33 248
1 4 2
51 91
1 15 2
95 402
1 9 2
388 396
1 9 2
187 286
1 13 2
351 496
1 9 2
61 82
1 4 2
72 421
1 9 2
209 383
1 8 2
151 210
1 10 2
43 376
1 8 2
408 420
1 15 2
143 383
1 5 2
6 83
1 7 2
69 387
1 15 2
141 488
1 11 2
61 65
1 5 2
21 485
1 3 2
142 388
1 10 2
40 468
1 8 2
151 467
1 8 2
15 278
1 12 2
170 304
1 2 2
104 111
1 8 2
69 173
1 5 2
198 328
1 10 2
180 254
1 5 2
44 217
1 3 2
41 142
1 13 2
339 408
1 8 2
115 167
1 10 2
36 213
1 3 2
273 369
1 12 2
40 237
1 2 2
106 373
1 10 2
166 441
1 7 2
29 107
1 15 2
35 264
1 5 2
108 180
1 2 2
249 481
1 7 2
369 478
1 8 2
60 277
1 4 2
173 449
1 12 2
136 391
1 13 2
257 364
1 12 2
146 208
1 6 2
157 316
1 7 2
250 406
1 7 2
105 445
1 11 2
48 101
1 4 2
281 334
1 10 2
351 386
1 3 2
252 353
1 13 2
184 488
1 7 2
152 306
1 6 2
320 340
1 4 2
338 425
1 10 2
218 252
1 10 2
34 368
1 4 2
11 236
1 10 2
253 285
1 12 2
288 368
1 7 2
150 387
1 11 2
361 449
1 15 2
380 484
1 10 2
64 166
1 11 2
51 332
1 13 2
308 313
1 12 2
182 244
1 5 2
217 290
1 12 2
295 446
1 12 2
157 424
1 5 2
289 354
1 10 2
61 248
1 9 2
124 320
1 9 2
50 300
1 15 2
9 473
1 15 2
91 387
1 12 2
308 334
1 4 2
431 476
1 11 2
188 196
1 3 2
205 482
1 6 2
8 296
1 15 2
95 463
1 3 2
344 429
1 3 2
322 372
1 4 2
137 213
1 11 2
186 357
1 12 2
58 236
1 9 2
16 292
1 14 2
454 494
1 8 2
109 361
1 14 2
8 307
1 12 2
310 414
1 15 2
364 499
1 5 2
33 75
1 7 2
67 325
1 13 2
294 485
1 10 2
183 224
1 6 2
82 241
1 4 2
21 297
1 6 2
72 223
1 13 2
53 298
1 2 2
140 193
1 15 2
204 348
1 14 2
40 439
1 4 2
56 406
1 14 2
64 428
1 9 2
191 274
1 15 2
328 444
1 10 2
377 397
1 3 2
288 322
1 14 2
343 441
1 2 2
7 212
1 3 2
215 225
1 9 2
80 407
1 12 2
24 359
1 3 2
108 313
1 12 2
285 424
1 11 2
184 241
1 8 2
216 231
1 13 2
92 185
1 8 2
91 190
1 3 2
142 443
1 8 2
315 488
1 2 2
338 376
1 2 2
207 216
1 11 2
404 420
1 13 2
149 389
1 3 2
84 145
1 13 2
150 246
1 15 2
57 350
1 2 2
143 452
1 4 2
170 188
1 9 2
367 421
1 3 2
7 179
1 13 2
88 332
1 2 2
28 468
1 6 2
59 279
1 8 2
186 373
1 5 2
139 485
1 10 2
247 424
1 5 2
94 113
1 2 2
73 122
1 2 2
272 464
1 11 2
244 460
1 7 2
18 268
1 3 2
84 244
1 12 2
341 450
1 4 2
27 350
1 8 2
167 297
1 9 2
145 434
1 11 2
171 402
1 8 2
38 438
1 6 2
204 437
1 7 2
197 346
1 11 2
34 167
1 4 2
228 415
1 2 2
14 26
1 9 2
150 379
1 4 2
291 446
1 14 2
258 495
1 4 2
31 371
1 13 2
208 211
1 7 2
294 383
1 2 2
262 456
1 9 2
10 161
1 3 2
44 252
1 10 2
166 452
1 2 2
4 396
1 6 2
61 394
1 15 2
77 371
1 2 2
198 360
1 3 2
346 447
1 2 2
100 334
1 12 2
2 366
1 5 2
351 491
1 8 2
74 381
1 15 2
291 300
1 5 2
213 320
1 15 2
76 171
1 5 2
55 376
1 13 2
5 471
1 3 2
28 373
1 10 2
9 433
1 11 2
54 429
1 9 2
34 379
1 10 2
17 327
1 4 2
271 290
1 6 2
250 366
1 4 2
333 464
1 10 2
170 383
1 2 2
185 442
1 2 2
302 343
1 12 2
196 460
1 10 2
2 381
1 10 2
76 80
1 8 2
302 381
1 14 2
244 434
1 4 2
156 304
1 15 2
234 464
1 13 2
31 321
1 13 2
23 365
1 4 2
150 419
1 9 2
250 256
1 11 2
284 301
1 3 2
147 297
1 15 2
63 79
1 14 2
127 272
1 12 2
148 198
1 3 2
17 379
1 9 2
8 74
1 2 2
93 224
1 2 2
98 358
1 3 2
289 385
1 5 2
249 311
1 12 2
458 486
1 13 2
12 120
1 8 2
9 437
1 14 2
114 416
1 3 2
372 448
1 15 2
311 417
1 11 2
104 483
1 8 2
52 296
1 8 2
147 430
1 5 2
247 442
1 13 2
447 497
1 12 2
65 135
1 12 2
132 401
1 5 2
139 268
1 5 2
38 488
1 4 2
69 200
1 5 2
69 467
1 12 2
395 460
1 8 2
270 335
1 12 2
11 29
1 4 2
224 279
1 11 2
221 271
1 15 2
224 324
1 8 2
133 416
1 10 2
382 488
1 10 2
244 311
1 8 2
5 30
1 11 2
270 323
1 2 2
221 363
1 4 2
152 456
1 8 2
32 108
1 6 2
249 472
1 11 2
255 277
1 12 2
241 329
1 8 2
14 194
1 6 2
440 474
1 8 2
168 248
1 11 2
158 161
1 13 2
26 345
1 13 2
216 245
1 4 2
212 455
1 2 2
113 346
1 14 2
353 476
1 6 2
357 385
1 4 2
395 417
1 2 2
189 421
1 12 2
54 347
1 10 2
0 340
1 10 2
127 379
1 9 2
209 440
1 11 2
136 159
1 3 2
64 477
1 12 2
309 413
1 9 2
120 128
1 9 2
58 341
1 12 2
282 371
1 7 2
12 217
1 12 2
132 181
1 15 2
69 277
1 5 2
10 198
1 9 2
45 464
1 13 2
266 332
1 11 2
218 497
1 12 2
354 422
1 6 2
13 381
1 7 2
345 469
1 5 2
122 474
1 7 2
120 220
1 13 2
53 176
1 12 2
32 153
1 12 2
93 129
1 4 2
165 396
1 6 2
33 340
1 5 2
12 251
1 15 2
72 331
1 13 2
164 453
1 8 2
115 218
1 12 2
262 270
1 10 2
252 359
1 6 2
43 88
1 4 2
168 347
1 10 2
298 322
1 2 2
177 360
1 7 2
447 484
1 3 2
140 448
1 4 2
461 482
1 6 2
152 414
1 8 2
19 496
1 11 2
111 153
1 3 2
375 395
1 2 2
126 293
1 2 2
358 491
1 12 2
148 187
1 2 2
161 447
1 5 2
72 169
1 13 2
78 409
1 3 2
91 421
1 12 2
297 440
1 8 2
34 416
1 4 2
171 194
1 5 2
93 155
1 5 2
38 130
1 13 2
490 499
1 15 2
95 429
1 15 2
198 291
1 8 2
16 139
1 9 2
375 493
1 2 2
61 441
1 10 2
296 454
1 8 2
180 230
1 9 2
160 397
1 9 2
400 497
1 11 2
213 456
1 5 2
66 185
1 9 2
348 410
1 14 2
41 273
1 4 2
42 47
1 4 2
72 138
1 10 2
35 119
1 11 2
100 373
1 9 2
197 444
1 13 2
189 292
1 6 2
238 461
1 3 2
303 399
1 9 2
175 278
1 5 2
397 425
1 9 2
393 464
1 4 2
95 366
1 12 2
384 389
1 4 2
233 439
1 5 2
230 243
1 7 2
47 86
1 6 2
13 165
1 13 2
132 356
1 13 2
194 230
1 8 2
49 382
1 14 2
268 320
1 5 2
46 139
1 15 2
44 69
1 4 2
163 270
1 4 2
149 360
1 8 2
28 149
1 11 2
79 86
1 2 2
73 221
1 11 2
22 224
1 10 2
360 362
1 15 2
174 277
1 7 2
118 300
1 12 2
157 158
1 8 2
406 459
1 7 2
15 167
1 13 2
138 482
1 14 2
3 38
1 12 2
37 126
1 15 2
59 477
1 9 2
35 216
1 3 2
10 390
1 15 2
215 345
1 7 2
163 466
1 10 2
39 232
1 2 2
15 27
1 6 2
129 453
1 4 2
73 347
1 12 2
101 131
1 15 2
26 98
1 3 2
236 275
1 4 2
211 426
1 11 2
199 269
1 6 2
264 310
1 7 2
370 395
1 9 2
5 325
1 2 2
277 394
1 2 2
93 450
1 11 2
2 373
1 2 2
45 51
1 5 2
138 495
1 14 2
66 400
1 11 2
135 203
1 14 2
91 137
1 6 2
210 339
1 9 2
183 469
1 7 2
177 414
1 6 2
230 319
1 7 2
105 250
1 8 2
255 324
1 5 2
178 328
1 9 2
264 395
1 11 2
344 367
1 5 2
329 336
1 11 2
368 483
1 10 2
123 167
1 4 2
127 203
1 14 2
13 220
1 15 2
149 421
1 15 2
168 232
1 13 2
262 282
1 10 2
208 219
1 9 2
61 119
1 15 2
442 452
1 11 2
12 392
1 11 2
189 379
1 15 2
153 330
1 14 2
306 427
1 12 2
27 46
1 9 2
219 492
1 13 2
333 442
1 6 2
203 479
1 13 2
290 433
1 14 2
118 225
1 10 2
32 55
1 6 2
39 150
1 5 2
123 253
1 13 2
200 384
1 6 2
169 358
1 7 2
331 477
1 5 2
323 430
1 2 2
296 442
1 7 2
39 321
1 8 2
147 443
1 12 2
421 472
1 5 2
43 299
1 3 2
167 186
1 13 2
154 273
1 8 2
302 400
1 11 2
57 493
1 13 2
133 391
1 12 2
56 317
1 2 2
331 444
1 2 2
325 484
1 12 2
149 346
1 13 2
367 373
1 5 2
11 355
1 8 2
120 440
1 13 2
278 374
1 13 2
116 238
1 7 2
113 120
1 11 2
352 463
1 6 2
61 463
1 12 2
33 173
1 15 2
130 339
1 8 2
29 49
1 6 2
56 263
1 7 2
24 194
1 8 2
53 397
1 12 2
331 388
1 11 2
88 422
1 6 2
265 343
1 13 2
114 194
1 2 2
45 485
1 13 2
192 368
1 8 2
149 190
1 13 2
3 338
1 7 2
426 465
1 14 2
67 375
1 5 2
169 363
1 3 2
155 404
1 3 2
24 265
1 3 2
171 321
1 6 2
94 191
1 8 2
82 95
1 11 2
367 445
1 13 2
59 368
1 5 2
277 285
1 14 2
5 307
1 6 2
218 272
1 5 2
65 281
1 11 2
227 373
1 14 2
342 458
1 12 2
289 441
1 9 2
440 489
1 3 2
231 424
1 10 2
7 309
1 6 2
87 327
1 5 2
195 413
1 8 2
96 435
1 3 2
5 481
1 2 2
14 200
1 4 2
21 207
1 8 2
312 367
1 8 2
115 263
1 13 2
375 404
1 7 2
68 186
1 6 2
408 449
1 14 2
236 394
1 9 2
83 321
1 2 2
72 489
1 10 2
40 263
1 12 2
188 464
1 11 2
153 335
1 9 2
117 311
1 7 2
33 252
1 9 2
157 220
1 3 2
162 411
1 12 2
156 496
1 9 2
63 144
1 3 2
48 246
1 12 2
215 377
1 13 2
285 389
1 6 2
124 188
1 6 2
64 332
1 8 2
110 406
1 5 2
74 441
1 12 2
129 293
1 14 2
295 332
1 5 2
180 331
1 15 2
65 456
1 6 2
60 469
1 13 2
91 116
1 9 2
19 414
1 8 2
30 407
1 3 2
332 397
1 10 2
68 475
1 4 2
25 403
1 11 2
88 394
1 7 2
75 195
1 11 2
82 159
1 9 2
18 450
1 13 2
279 474
1 8 2
399 401
1 11 2
41 96
1 8 2
92 269
1 2 2
411 464
1 9 2
4 39
1 5 2
185 465
1 15 2
19 434
1 9 2
202 419
1 6 2
134 204
1 5 2
31 394
1 15 2
112 137
1 6 2
33 216
1 12 2
46 153
1 11 2
2 58
1 12 2
302 478
1 8 2
128 378
1 2 2
291 395
1 15 2
183 289
1 11 2
41 188
1 5 2
318 427
1 7 2
237 347
1 9 2
45 448
1 9 2
8 20
1 4 2
33 104
1 7 2
374 480
1 12 2
199 348
1 14 2
407 435
1 8 2
183 293
1 10 2
96 459
1 8 2
209 471
1 4 2
94 99
1 14 2
245 395
1 13 2
59 369
1 5 2
344 393
1 9 2
115 312
1 8 2
64 74
1 5 2
432 467
1 4 2
55 405
1 8 2
7 46
1 10 2
38 186
1 2 2
369 416
1 6 2
188 399
1 14 2
153 217
1 10 2
40 302
1 12 2
301 415
1 15 2
84 438
1 10 2
301 450
1 13 2
218 496
1 7 2
445 465
1 15 2
149 244
1 6 2
323 367
1 5 2
344 493
1 3 2
209 483
1 14 2
313 475
1 9 2
12 396
1 9 2
340 455
1 5 2
68 78
1 13 2
207 329
1 4 2
317 355
1 2 2
20 363
1 10 2
397 449
1 10 2
182 348
1 12 2
303 416
1 10 2
143 371
1 3 2
118 188
1 11 2
99 218
1 5 2
158 421
1 5 2
132 285
1 13 2
420 470
1 7 2
122 149
1 14 2
55 296
1 12 2
410 420
1 9 2
87 195
1 2 2
228 317
1 3 2
242 486
1 9 2
270 498
1 15 2
216 391
1 8 2
206 443
1 15 2
188 269
1 14 2
35 258
1 4 2
130 357
1 8 2
300 339
1 10 2
175 334
1 12 2
118 307
1 13 2
263 492
1 6 2
110 261
1 12 2
6 326
1 13 2
18 466
1 2 2
15 96
1 13 2
214 217
1 2 2
136 202
1 5 2
124 247
1 13 2
223 420
1 4 2
91 106
1 12 2
127 474
1 12 2
40 198
1 5 2
52 340
1 12 2
229 370
1 11 2
112 249
1 2 2
168 364
1 4 2
273 386
1 9 2
31 204
1 4 2
95 109
1 15 2
23 84
1 9 2
92 171
1 15 2
171 320
1 6 2
253 385
1 12 2
377 419
1 13 2
189 374
1 15 2
19 429
1 5 2
32 248
1 6 2
278 398
1 7 2
185 368
1 12 2
221 273
1 5 2
29 470
1 9 2
291 402
1 4 2
160 390
1 15 2
15 119
1 7 2
258 385
1 9 2
305 312
1 10 2
259 466
1 11 2
41 163
1 13 2
315 390
1 8 2
184 295
1 6 2
63 245
1 9 2
83 407
1 12 2
156 284
1 6 2
325 343
1 13 2
304 448
1 8 2
58 413
1 7 2
69 158
1 7 2
276 475
1 5 2
261 293
1 7 2
5 40
1 3 2
150 385
1 12 2
87 199
1 5 2
195 471
1 9 2
237 481
1 2 2
225 388
1 5 2
268 481
1 15 2
5 153
1 2 2
120 453
1 7 2
289 495
1 4 2
89 92
1 4 2
99 280
1 9 2
96 130
1 7 2
317 488
1 4 2
67 488
1 14 2
332 335
1 2 2
177 308
1 4 2
300 414
1 4 2
296 483
1 7 2
123 389
1 8 2
329 335
1 8 2
151 385
1 7 2
120 465
1 14 2
160 215
1 6 2
266 437
1 4 2
120 276
1 2 2
112 140
1 7 2
12 343
1 15 2
210 294
1 11 2
39 432
1 14 2
160 175
1 3 2
221 258
1 2 2
188 279
1 14 2
242 491
1 11 2
180 448
1 12 2
161 406
1 2 2
85 202
1 15 2
324 345
1 6 2
22 499
1 3 2
29 409
1 9 2
54 331
1 5 2
50 391
1 15 2
245 314
1 6 2
83 243
1 14 2
74 154
1 13 2
364 369
1 4 2
58 396
1 2 2
56 220
1 9 2
102 150
1 2 2
46 364
1 9 2
316 492
1 4 2
3 376
1 10 2
220 469
1 10 2
136 401
1 8 2
198 287
1 10 2
333 402
1 15 2
157 391
1 13 2
17 378
1 3 2
52 235
1 8 2
24 63
1 2 2
11 228
1 7 2
87 390
1 12 2
96 261
1 7 2
8 306
1 4 2
13 115
1 2 2
106 108
1 9 2
74 221
1 7 2
88 306
1 4 2
67 360
1 2 2
425 434
1 7 2
184 401
1 11 2
41 483
1 10 2
344 419
1 11 2
378 419
1 6 2
337 392
1 6 2
82 378
1 7 2
17 102
1 15 2
2 99
1 8 2
74 436
1 6 2
372 490
1 4 2
253 425
1 3 2
89 313
1 11 2
73 172
1 12 2
63 348
1 3 2
160 369
1 2 2
13 17
1 12 2
170 257
1 4 2
79 261
1 15 2
178 481
1 8 2
95 400
1 11 2
242 465
1 7 2
4 495
1 14 2
127 428
1 10 2
83 355
1 10 2
18 495
1 2 2
221 453
1 4 2
4 134
1 5 2
102 180
1 4 2
144 189
1 7 2
14 179
1 15 2
25 263
1 13 2
102 107
1 6 2
341 393
1 2 2
75 338
1 12 2
278 396
1 13 2
310 376
1 14 2
203 293
1 8 2
362 473
1 9 2
38 446
1 11 2
266 395
1 3 2
176 188
1 3 2
22 489
1 15 2
302 475
1 9 2
124 322
1 7 2
147 332
1 4 2
360 447
1 10 2
197 437
1 10 2
35 70
1 12 2
292 478
1 15 2
85 158
1 11 2
50 328
1 4 2
404 455
1 4 2
186 301
1 5 2
78 423
1 3 2
52 426
1 13 2
150 317
1 13 2
93 239
1 9 2
125 246
1 14 2
409 471
1 2 2
86 120
1 14 2
48 483
1 11 2
401 469
1 15 2
102 137
1 4 2
154 318
1 13 2
162 277
1 11 2
372 405
1 14 2
203 398
1 9 2
159 493
1 7 2
77 462
1 9 2
289 321
1 14 2
78 457
1 2 2
19 88
1 5 2
35 358
1 13 2
77 140
1 12 2
361 496
1 2 2
124 427
1 5 2
113 209
1 4 2
183 444
1 2 2
53 251
1 15 2
125 181
1 11 2
90 139
1 13 2
366 373
1 5 2
85 222
1 10 2
167 205
1 13 2
60 247
1 14 2
22 332
1 2 2
282 404
1 10 2
101 274
1 10 2
90 124
1 2 2
151 171
1 3 2
144 350
1 3 2
368 399
1 10 2
242 294
1 6 2
161 215
1 14 2
381 406
1 13 2
176 249
1 11 2
196 445
1 14 2
6 229
1 4 2
95 183
1 4 2
330 403
1 10 2
132 473
1 2 2
221 264
1 15 2
136 356
1 13 2
61 150
1 4 2
440 494
1 11 2
34 411
1 10 2
187 367
1 11 2
358 446
1 4 2
20 461
1 11 2
352 398
1 3 2
109 466
1 2 2
198 275
1 11 2
22 227
1 12 2
10 337
1 4 2
44 352
1 10 2
155 271
1 14 2
60 439
1 8 2
111 268
1 9 2
142 447
1 3 2
115 209
1 3 2
221 255
1 15 2
44 427
1 2 2
257 258
1 13 2
112 431
1 4 2
294 386
1 8 2
320 395
1 15 2
175 431
1 7 2
54 498
1 9 2
144 455
1 13 2
3 489
1 7 2
301 359
1 15 2
133 328
1 9 2
22 292
1 3 2
151 362
1 5 2
478 482
1 10 2
49 262
1 3 2
166 495
1 8 2
34 235
1 3 2
64 369
1 12 2
311 493
1 6 2
66 437
1 7 2
247 267
1 4 2
140 181
1 13 2
84 217
1 10 2
210 275
1 10 2
45 187
1 7 2
186 329
1 9 2
49 109
1 13 2
299 358
1 11 2
168 311
1 2 2
324 364
1 3 2
125 165
1 12 2
29 446
1 2 2
205 381
1 9 2
213 493
1 15 2
66 347
1 11 2
150 352
1 2 2
305 462
1 9 2
233 440
1 15 2
149 458
1 14 2
107 406
1 9 2
168 286
1 8 2
429 482
1 9 2
163 313
1 8 2
204 425
1 4 2
52 446
1 3 2
83 472
1 13 2
137 369
1 11 2
334 443
1 8 2
186 262
1 4 2
308 327
1 7 2
172 263
1 13 2
308 432
1 4 2
95 298
1 8 2
190 462
1 3 2
47 390
1 5 2
331 496
1 5 2
238 392
1 9 2
293 369
1 6 2
167 340
1 6 2
260 295
1 10 2
53 249
1 3 2
265 417
1 14 2
362 471
1 9 2
347 363
1 6 2
121 325
1 2 2
299 400
1 7 2
131 148
1 5 2
324 359
1 5 2
123 467
1 10 2
339 477
1 14 2
43 131
1 9 2
264 467
1 5 2
163 326
1 11 2
268 396
1 12 2
295 298
1 14 2
379 449
1 6 2
76 216
1 6 2
11 67
1 12 2
8 83
1 15 2
409 495
1 12 2
25 380
1 9 2
92 338
1 15 2
102 267
1 9 2
158 371
1 8 2
14 49
1 11 2
86 186
1 3 2
180 368
1 13 2
186 240
1 7 2
485 494
1 5 2
97 359
1 3 2
29 191
1 10 2
109 387
1 4 2
297 353
1 10 2
97 120
1 9 2
257 269
1 3 2
190 321
1 15 2
289 383
1 3 2
214 473
1 2 2
77 366
1 7 2
5 242
1 2 2
244 493
1 5 2
283 416
1 6 2
116 437
1 5 2
450 455
1 13 2
135 415
1 14 2
30 218
1 7 2
44 137
1 11 2
189 344
1 14 2
46 81
1 11 2
255 308
1 9 2
337 463
1 10 2
22 53
1 6 2
31 304
1 5 2
69 89
1 8 2
61 468
1 12 2
147 219
1 8 2
259 305
1 13 2
66 123
1 12 2
278 425
1 3 2
158 160
1 11 2
71 231
1 8 2
66 358
1 10 2
20 71
1 6 2
61 363
1 12 2
382 453
1 10 2
309 458
1 11 2
197 361
1 5 2
380 442
1 5 2
299 416
1 4 2
149 415
1 7 2
169 310
1 7 2
25 210
1 11 2
50 185
1 7 2
108 493
1 10 2
95 265
1 8 2
219 252
1 3 2
1 279
1 12 2
141 428
1 14 2
251 276
1 5 2
159 285
1 5 2
39 450
1 7 2
221 467
1 10 2
137 144
1 5 2
27 132
1 12 2
167 403
1 2 2
269 491
1 14 2
41 202
1 7 2
18 295
1 7 2
82 400
1 2 2
36 316
1 3 2
379 415
1 13 2
87 271
1 3 2
138 191
1 11 2
39 116
1 11 2
312 400
1 6 2
76 269
1 5 2
67 263
1 2 2
158 400
1 9 2
119 414
1 14 2
268 383
1 8 2
148 228
1 3 2
380 413
1 14 2
95 247
1 14 2
432 465
1 4 2
118 443
1 11 2
333 484
1 12 2
35 145
1 12 2
420 433
1 14 2
125 224
1 11 2
0 299
1 7 2
255 316
1 9 2
131 373
1 12 2
54 187
1 14 2
1 63
1 8 2
356 366
1 10 2
92 255
1 7 2
181 360
1 11 2
341 394
1 15 2
270 390
1 10 2
194 489
1 12 2
128 185
1 5 2
18 286
1 15 2
81 220
1 12 2
172 348
1 10 2
79 240
1 14 2
54 439
1 9 2
91 283
1 15 2
120 348
1 6 2
79 476
1 10 2
208 245
1 7 2
159 331
1 11 2
62 373
1 10 2
66 70
1 11 2
211 253
1 14 2
98 135
1 9 2
120 308
1 3 2
51 406
1 15 2
103 210
1 15 2
106 268
1 13 2
270 451
1 10 2
74 372
1 4 2
7 364
1 5 2
131 351
1 13 2
44 162
1 7 2
234 303
1 10 2
7 118
1 13 2
214 343
1 2 2
129 260
1 7 2
289 452
1 14 2
116 268
1 8 2
55 74
1 12 2
259 499
1 11 2
199 489
1 5 2
289 420
1 3 2
108 425
1 9 2
105 380
1 6 2
302 374
1 11 2
97 238
1 6 2
80 106
1 4 2
27 215
1 3 2
113 196
1 13 2
139 333
1 10 2
268 271
1 3 2
33 73
1 15 2
158 340
1 6 2
276 374
1 7 2
167 392
1 9 2
162 286
1 10 2
235 411
1 15 2
122 330
1 3 2
197 268
1 13 2
308 375
1 9 2
134 322
1 11 2
311 389
1 4 2
105 131
1 8 2
233 237
1 14 2
5 464
1 13 2
214 448
1 13 2
59 67
1 13 2
279 413
1 10 2
18 175
1 4 2
15 296
1 2 2
284 467
1 3 2
45 495
1 3 2
8 81
1 15 2
127 409
1 5 2
111 257
1 9 2
341 490
1 14 2
156 433
1 2 2
194 446
1 14 2
61 122
1 10 2
189 315
1 6 2
5 411
1 5 2
292 308
1 10 2
186 385
1 13 2
299 340
1 3 2
10 442
1 6 2
84 273
1 2 2
50 262
1 12 2
213 458
1 2 2
143 188
1 5 2
63 447
1 13 2
66 389
1 8 2
350 396
1 15 2
38 174
1 3 2
30 294
1 14 2
265 458
1 4 2
224 254
1 12 2
323 397
1 9 2
36 386
1 5 2
13 283
1 13 2
48 426
1 14 2
175 193
1 6 2
51 343
1 12 2
307 359
1 14 2
416 464
1 14 2
3 166
1 6 2
29 277
1 6 2
268 374
1 11 2
316 435
1 3 2
359 401
1 6 2
220 372
1 15 2
137 308
1 12 2
100 335
1 9 2
171 458
1 4 2
100 385
1 8 2
17 441
1 8 2
88 358
1 9 2
55 414
1 14 2
67 434
1 12 2
267 309
1 3 2
0 106
1 3 2
86 203
1 14 2
6 197
1 15 2
87 499
1 12 2
253 336
1 5 2
187 331
1 8 2
67 471
1 9 2
315 462
1 12 2
42 139
1 6 2
331 346
1 12 2
17 238
1 15 2
93 110
1 8 2
81 227
1 14 2
354 433
1 3 2
436 489
1 3 2
112 120
1 13 2
133 360
1 11 2
409 419
1 2 2
54 432
1 4 2
124 358
1 11 2
175 460
1 15 2
84 192
1 14 2
285 321
1 8 2
141 469
1 3 2
208 229
1 13 2
454 496
1 5 2
76 279
1 4 2
68 406
1 14 2
365 370
1 5 2
216 362
1 14 2
447 454
1 3 2
150 405
1 6 2
448 480
1 11 2
40 179
1 8 2
238 467
1 14 2
267 452
1 11 2
55 142
1 4 2
249 310
1 14 2
199 212
1 5 2
64 186
1 4 2
58 142
1 5 2
270 372
1 4 2
98 178
1 4 2
261 446
1 9 2
166 226
1 10 2
385 413
1 14 2
185 226
1 12 2
184 481
1 2 2
24 447
1 14 2
93 141
1 13 2
64 230
1 4 2
53 246
1 15 2
356 370
1 2 2
51 437
1 3 2
148 382
1 6 2
181 271
1 11 2
124 361
1 8 2
79 353
1 7 2
60 90
1 4 2
353 361
1 12 2
252 363
1 13 2
121 321
1 7 2
41 486
1 15 2
92 232
1 11 2
14 192
1 11 2
91 218
1 12 2
133 466
1 14 2
473 497
1 15 2
313 450
1 6 2
226 497
1 6 2
137 167
1 3 2
267 344
1 9 2
229 311
1 6 2
143 462
1 5 2
110 134
1 13 2
0 99
1 4 2
126 281
1 12 2
59 317
1 2 2
381 387
1 7 2
169 380
1 11 2
111 394
1 5 2
17 336
1 12 2
310 449
1 10 2
113 218
1 5 2
120 443
1 6 2
53 471
1 13 2
163 458
1 15 2
3 304
1 10 2
373 444
1 11 2
153 441
1 6 2
296 491
1 4 2
352 419
1 14 2
90 368
1 3 2
397 398
1 10 2
295 390
1 13 2
6 451
1 3 2
192 366
1 12 2
277 295
1 11 2
78 108
1 5 2
21 351
1 4 2
257 495
1 13 2
165 287
1 11 2
0 108
1 9 2
163 328
1 8 2
62 460
1 12 2
5 100
1 14 2
17 146
1 11 2
68 303
1 11 2
268 451
1 8 2
84 258
1 2 2
316 457
1 14 2
112 167
1 2 2
122 230
1 8 2
17 233
1 4 2
160 249
1 9 2
1 417
1 11 2
52 201
1 2 2
138 297
1 7 2
68 181
1 7 2
129 316
1 10 2
5 398
1 6 2
50 450
1 11 2
83 148
1 15 2
237 246
1 5 2
253 274
1 2 2
44 81
1 10 2
66 74
1 8 2
341 391
1 8 2
36 245
1 13 2
360 464
1 14 2
253 273
1 5 2
248 454
1 9 2
83 184
1 3 2
29 477
1 9 2
125 160
1 13 2
18 364
1 10 2
391 495
1 12 2
353 439
1 8 2
111 324
1 10 2
51 487
1 5 2
37 499
1 5 2
117 223
1 13 2
9 156
1 2 2
101 113
1 9 2
220 436
1 8 2
314 396
1 12 2
211 378
1 2 2
107 257
1 13 2
308 419
1 9 2
6 121
1 3 2
257 294
1 13 2
353 462
1 13 2
11 267
1 15 2
270 318
1 8 2
270 297
1 8 2
149 320
1 14 2
216 242
1 14 2
93 104
1 2 2
15 475
1 2 2
441 464
1 12 2
102 256
1 10 2
316 460
1 10 2
58 135
1 6 2
250 378
1 9 2
184 396
1 13 2
309 375
1 5 2
77 144
1 8 2
335 434
1 2 2
302 351
1 14 2
266 271
1 15 2
168 295
1 14 2
310 353
1 11 2
328 495
1 7 2
7 481
1 4 2
205 452
1 14 2
184 301
1 6 2
10 239
1 7 2
70 137
1 11 2
223 305
1 2 2
338 497
1 12 2
3 380
1 3 2
453 470
1 14 2
203 283
1 13 2
119 390
1 11 2
55 478
1 4 2
145 415
1 3 2
211 243
1 2 2
26 182
1 15 2
386 398
1 9 2
110 470
1 2 2
296 497
1 7 2
372 429
1 9 2
243 346
1 11 2
267 316
1 6 2
331 338
1 6 2
324 454
1 2 2
178 370
1 5 2
104 359
1 10 2
27 408
1 5 2
161 351
1 13 2
13 79
1 9 2
300 378
1 3 2
20 483
1 14 2
221 412
1 9 2
10 229
1 12 2
10 204
1 10 2
89 308
1 4 2
144 173
1 11 2
5 312
1 12 2
366 421
1 4 2
70 406
1 7 2
170 479
1 9 2
173 385
1 9 2
33 43
1 12 2
157 208
1 4 2
221 407
1 8 2
156 362
1 2 2
274 342
1 2 2
264 396
1 12 2
346 446
1 7 2
12 219
1 14 2
12 55
1 13 2
290 292
1 13 2
30 489
1 14 2
387 408
1 10 2
204 288
1 7 2
127 353
1 14 2
63 464
1 6 2
142 484
1 13 2
434 441
1 13 2
262 487
1 9 2
13 264
1 12 2
21 37
1 13 2
371 426
1 3 2
70 101
1 10 2
219 310
1 8 2
161 401
1 5 2
19 195
1 3 2
476 480
1 13 2
69 160
1 2 2
253 443
1 8 2
97 272
1 2 2
324 443
1 14 2
340 372
1 12 2
61 453
1 4 2
217 240
1 2 2
304 436
1 8 2
60 232
1 5 2
49 166
1 9 2
25 474
1 3 2
295 296
1 12 2
328 481
1 9 2
298 401
1 9 2
11 35
1 4 2
29 493
1 12 2
102 124
1 6 2
59 363
1 9 2
95 240
1 5 2
151 252
1 2 2
161 288
1 9 2
233 302
1 13 2
99 461
1 15 2
247 275
1 6 2
156 240
1 2 2
74 287
1 6 2
304 490
1 10 2
163 362
1 11 2
135 197
1 15 2
230 481
1 12 2
213 405
1 12 2
195 292
1 14 2
77 418
1 2 2
15 356
1 12 2
22 421
1 14 2
42 145
1 13 2
161 410
1 8 2
153 312
1 14 2
207 241
1 4 2
176 213
1 13 2
178 181
1 13 2
264 499
1 11 2
228 274
1 12 2
281 462
1 4 2
24 421
1 5 2
256 413
1 12 2
224 291
1 4 2
344 466
1 9 2
315 439
1 14 2
375 387
1 13 2
404 482
1 15 2
109 318
1 3 2
67 430
1 3 2
415 487
1 14 2
43 257
1 3 2
146 222
1 13 2
180 211
1 7 2
367 393
1 3 2
51 151
1 11 2
425 461
1 11 2
170 428
1 2 2
89 464
1 7 2
304 341
1 2 2
117 342
1 7 2
302 331
1 2 2
32 216
1 13 2
330 388
1 11 2
73 272
1 6 2
265 328
1 6 2
67 343
1 2 2
240 269
1 7 2
88 476
1 15 2
280 347
1 5 2
126 361
1 8 2
3 149
1 6 2
5 245
1 7 2
276 340
1 7 2
167 446
1 15 2
177 489
1 8 2
220 416
1 3 2
358 362
1 4 2
310 361
1 3 2
414 423
1 7 2
221 289
1 4 2
82 254
1 5 2
13 347
1 5 2
397 466
1 14 2
225 409
1 9 2
157 301
1 7 2
29 430
1 14 2
8 379
1 13 2
391 475
1 10 2
345 410
1 14 2
30 390
1 12 2
301 419
1 5 2
300 332
1 14 2
160 446
1 12 2
13 260
1 6 2
120 203
1 11 2
135 271
1 15 2
52 325
1 2 2
308 472
1 14 2
287 370
1 13 2
66 440
1 5 2
201 251
1 5 2
180 370
1 4 2
328 413
1 14 2
394 401
1 12 2
225 228
1 7 2
386 477
1 15 2
165 167
1 3 2
212 245
1 9 2
137 399
1 13 2
257 392
1 5 2
89 333
1 12 2
110 496
1 2 2
109 464
1 5 2
41 82
1 4 2
33 258
1 14 2
141 429
1 4 2
229 490
1 10 2
54 140
1 11 2
48 259
1 9 2
4 496
1 9 2
174 460
1 2 2
90 300
1 2 2
249 360
1 14 2
27 228
1 6 2
58 456
1 8 2
176 398
1 13 2
209 480
1 7 2
71 105
1 14 2
296 384
1 12 2
203 498
1 13 2
295 443
1 3 2
120 397
1 11 2
101 170
1 9 2
325 345
1 9 2
54 334
1 15 2
293 469
1 12 2
280 499
1 14 2
104 481
1 15 2
202 276
1 2 2
16 396
1 5 2
380 430
1 10 2
220 258
1 8 2
216 424
1 12 2
356 363
1 14 2
126 247
1 8 2
67 283
1 6 2
319 498
1 13 2
154 248
1 14 2
96 187
1 14 2
272 363
1 14 2
58 478
1 2 2
142 182
1 3 2
146 496
1 7 2
26 491
1 10 2
331 447
1 10 2
284 471
1 8 2
183 292
1 7 2
318 399
1 3 2
114 186
1 7 2
15 247
1 7 2
90 424
1 11 2
280 338
1 15 2
238 484
1 10 2
361 414
1 6 2
1 159
1 4 2
33 164
1 6 2
135 491
1 6 2
354 379
1 7 2
408 413
1 11 2
21 447
1 12 2
302 313
1 5 2
127 344
1 13 2
173 474
1 13 2
266 346
1 15 2
84 395
1 4 2
59 227
1 7 2
23 483
1 7 2
200 400
1 8 2
113 353
1 7 2
351 465
1 14 2
203 384
1 9 2
23 455
1 11 2
122 146
1 6 2
27 257
1 6 2
228 412
1 11 2
388 475
1 13 2
208 336
1 10 2
27 41
1 13 2
55 184
1 6 2
422 487
1 7 2
8 407
1 5 2
169 356
1 11 2
103 363
1 9 2
433 454
1 15 2
89 210
1 4 2
57 303
1 8 2
412 493
1 7 2
241 332
1 15 2
130 264
1 5 2
159 434
1 14 2
43 325
1 5 2
141 352
1 2 2
89 170
1 13 2
76 112
1 6 2
241 443
1 3 2
17 360
1 10 2
6 89
1 11 2
424 456
1 11 2
72 355
1 11 2
191 365
1 15 2
126 261
1 14 2
20 167
1 12 2
24 493
1 15 2
236 407
1 14 2
231 272
1 11 2
178 231
1 4 2
304 420
1 7 2
93 281
1 7 2
185 311
1 10 2
473 488
1 10 2
208 436
1 4 2
7 70
1 14 2
5 428
1 10 2
120 331
1 12 2
7 347
1 12 2
247 467
1 4 2
160 272
1 2 2
93 186
1 8 2
21 177
1 4 2
267 432
1 13 2
261 402
1 10 2
95 412
1 2 2
174 425
1 13 2
427 474
1 8 2
220 462
1 2 2
119 407
1 4 2
435 459
1 13 2
113 384
1 15 2
37 80
1 11 2
13 422
1 9 2
127 295
1 13 2
23 36
1 2 2
57 132
1 3 2
84 432
1 11 2
428 497
1 4 2
40 64
1 6 2
139 173
1 10 2
425 445
1 5 2
124 442
1 8 2
200 388
1 3 2
92 455
1 13 2
213 224
1 4 2
10 324
1 11 2
116 467
1 10 2
150 467
1 13 2
268 438
1 10 2
67 483
1 14 2
283 486
1 3 2
357 383
1 2 2
372 402
1 15 2
43 419
1 10 2
53 160
1 7 2
194 471
1 5 2
0 391
1 3 2
367 381
1 14 2
169 370
1 10 2
350 439
1 6 2
98 326
1 15 2
89 296
1 7 2
320 385
1 7 2
80 450
1 5 2
317 399
1 8 2
452 478
1 3 2
196 406
1 3 2
99 330
1 11 2
28 292
1 15 2
35 148
1 2 2
373 406
1 4 2
11 17
1 12 2
29 403
1 8 2
258 331
1 4 2
356 477
1 2 2
17 122
1 3 2
198 344
1 4 2
140 273
1 11 2
142 428
1 9 2
170 200
1 5 2
119 193
1 2 2
30 86
1 13 2
48 338
1 12 2
140 477
1 9 2
226 421
1 2 2
232 460
1 10 2
156 371
1 12 2
311 314
1 12 2
186 366
1 9 2
34 279
1 12 2
115 308
1 6 2
136 489
1 14 2
112 400
1 13 2
335 429
1 2 2
195 296
1 10 2
25 453
1 6 2
427 471
1 12 2
73 321
1 11 2
44 279
1 6 2
46 487
1 3 2
127 362
1 11 2
343 410
1 3 2
8 77
1 14 2
132 325
1 12 2
162 317
1 10 2
159 468
1 13 2
167 364
1 9 2
13 494
1 12 2
20 37
1 11 2
25 423
1 10 2
89 198
1 3 2
236 438
1 8 2
198 466
1 15 2
22 312
1 12 2
105 461
1 5 2
127 300
1 6 2
11 91
1 7 2
45 477
1 9 2
252 284
1 2 2
241 407
1 15 2
190 211
1 10 2
124 314
1 15 2
78 96
1 11 2
357 389
1 8 2
213 272
1 4 2
256 454
1 12 2
207 399
1 15 2
198 250
1 8 2
182 269
1 12 2
350 475
1 2 2
129 413
1 3 2
23 404
1 3 2
308 343
1 14 2
233 436
1 13 2
156 436
1 11 2
129 455
1 4 2
174 251
1 12 2
183 241
1 15 2
9 131
1 6 2
78 298
1 6 2
92 391
1 3 2
301 366
1 3 2
60 419
1 2 2
158 381
1 14 2
364 420
1 5 2
41 158
1 11 2
181 423
1 14 2
430 499
1 13 2
95 243
1 15 2
7 451
1 7 2
58 182
1 15 2
111 341
1 8 2
95 226
1 14 2
173 428
1 9 2
156 364
1 7 2
263 321
1 14 2
111 442
1 11 2
217 437
1 3 2
249 387
1 15 2
206 472
1 4 2
325 330
1 4 2
40 350
1 6 2
188 294
1 3 2
174 248
1 2 2
160 421
1 5 2
132 475
1 15 2
66 324
1 15 2
212 380
1 4 2
294 494
1 6 2
241 371
1 12 2
301 376
1 10 2
388 453
1 2 2
362 395
1 13 2
159 471
1 14 2
143 168
1 10 2
109 128
1 5 2
184 427
1 8 2
48 157
1 14 2
201 437
1 12 2
99 451
1 5 2
14 387
1 12 2
250 319
1 13 2
213 403
1 13 2
303 455
1 14 2
7 459
1 3 2
97 479
1 3 2
42 121
1 11 2
212 463
1 5 2
168 294
1 11 2
183 420
1 9 2
236 326
1 4 2
59 357
1 10 2
97 295
1 12 2
51 76
1 5 2
90 366
1 3 2
318 378
1 12 2
446 451
1 4 2
115 345
1 12 2
259 332
1 4 2
37 131
1 11 2
69 260
1 4 2
242 306
1 11 2
2 398
1 6 2
221 311
1 5 2
185 452
1 7 2
163 423
1 3 2
123 362
1 11 2
82 111
1 7 2
124 177
1 11 2
82 277
1 12 2
243 306
1 5 2
356 380
1 7 2
30 139
1 8 2
127 358
1 11 2
141 303
1 3 2
325 409
1 9 2
128 343
1 10 2
84 487
1 12 2
1 440
1 8 2
15 74
1 12 2
49 352
1 7 2
412 441
1 7 2
99 369
1 9 2
122 299
1 4 2
143 418
1 5 2
2 90
1 7 2
303 325
1 6 2
301 399
1 14 2
153 166
1 9 2
162 375
1 14 2
116 250
1 8 2
422 477
1 3 2
31 465
1 11 2
283 309
1 11 2
378 423
1 8 2
274 317
1 9 2
48 496
1 9 2
326 391
1 13 2
103 123
1 14 2
119 425
1 9 2
200 487
1 3 2
244 310
1 7 2
39 179
1 6 2
3 132
1 10 2
361 440
1 15 2
57 363
1 12 2
141 235
1 13 2
279 313
1 12 2
290 461
1 7 2
285 331
1 4 2
165 403
1 4 2
158 491
1 10 2
355 445
1 11 2
289 397
1 10 2
281 397
1 14 2
86 469
1 4 2
154 470
1 9 2
215 279
1 7 2
89 446
1 11 2
8 312
1 5 2
31 298
1 9 2
9 125
1 5 2
171 212
1 15 2
299 382
1 9 2
233 492
1 5 2
150 171
1 11 2
52 242
1 9 2
46 94
1 14 2
123 376
1 13 2
343 361
1 6 2
133 278
1 5 2
139 243
1 6 2
258 301
1 13 2
346 433
1 2 2
179 268
1 9 2
61 451
1 2 2
19 382
1 8 2
43 223
1 6 2
269 328
1 8 2
251 488
1 6 2
164 428
1 11 2
353 455
1 10 2
261 292
1 12 2
335 435
1 14 2
425 467
1 2 2
54 421
1 7 2
93 251
1 6 2
270 369
1 9 2
332 346
1 5 2
415 417
1 6 2
108 244
1 8 2
52 437
1 2 2
273 404
1 6 2
194 416
1 13 2
94 187
1 6 2
22 278
1 8 2
146 391
1 10 2
17 23
1 13 2
66 424
1 15 2
43 60
1 3 2
37 117
1 8 2
82 136
1 12 2
265 359
1 9 2
367 428
1 2 2
153 256
1 2 2
142 320
1 9 2
118 330
1 13 2
125 282
1 5 2
340 421
1 8 2
209 459
1 5 2
104 495
1 4 2
162 177
1 10 2
126 135
1 12 2
82 204
1 7 2
285 457
1 11 2
89 472
1 11 2
151 333
1 7 2
3 238
1 5 2
64 377
1 3 2
213 289
1 11 2
127 179
1 2 2
6 143
1 15 2
54 382
1 6 2
350 456
1 3 2
194 464
1 9 2
77 436
1 10 2
316 319
1 12 2
174 244
1 11 2
147 417
1 6 2
245 351
1 13 2
111 200
1 14 2
112 191
1 11 2
77 80
1 11 2
116 328
1 10 2
444 475
1 6 2
45 310
1 8 2
105 460
1 6 2
146 486
1 15 2
101 478
1 7 2
297 471
1 9 2
74 211
1 13 2
84 493
1 11 2
3 306
1 7 2
89 363
1 3 2
356 396
1 10 2
214 494
1 3 2
410 415
1 12 2
116 366
1 7 2
132 216
1 6 2
170 458
1 10 2
64 490
1 12 2
47 465
1 15 2
391 473
1 11 2
58 331
1 6 2
142 496
1 15 2
3 259
1 8 2
314 424
1 10 2
184 210
1 9 2
367 405
1 3 2
92 247
1 14 2
44 203
1 9 2
271 383
1 13 2
215 298
1 15 2
463 478
1 5 2
320 359
1 4 2
257 323
1 5 2
110 394
1 7 2
211 300
1 8 2
160 228
1 15 2
35 275
1 7 2
33 178
1 4 2
124 441
1 11 2
78 125
1 12 2
202 349
1 9 2
147 225
1 2 2
218 236
1 13 2
212 411
1 13 2
50 126
1 11 2
25 243
1 15 2
87 189
1 11 2
154 449
1 8 2
120 132
1 9 2
77 212
1 11 2
15 400
1 3 2
166 492
1 13 2
29 102
1 9 2
39 104
1 12 2
308 498
1 3 2
369 467
1 12 2
238 248
1 9 2
216 471
1 14 2
322 379
1 5 2
303 452
1 12 2
348 378
1 2 2
128 280
1 2 2
442 458
1 12 2
81 261
1 10 2
251 400
1 11 2
25 397
1 11 2
154 186
1 10 2
158 354
1 9 2
3 169
1 7 2
329 437
1 2 2
254 375
1 9 2
8 416
1 5 2
86 447
1 11 2
301 497
1 2 2
126 347
1 9 2
143 393
1 12 2
26 133
1 12 2
106 175
1 13 2
81 322
1 3 2
277 399
1 10 2
260 441
1 15 2
307 318
1 9 2
70 172
1 13 2
3 144
1 9 2
121 157
1 13 2
37 100
1 12 2
3 76
1 15 2
12 320
1 3 2
211 306
1 7 2
146 197
1 7 2
374 437
1 10 2
27 318
1 2 2
10 57
1 6 2
240 374
1 15 2
363 454
1 12 2
65 447
1 15 2
321 484
1 11 2
257 378
1 12 2
118 268
1 11 2
282 491
1 9 2
38 57
1 12 2
177 362
1 13 2
251 390
1 10 2
30 131
1 4 2
191 246
1 15 2
101 396
1 5 2
85 364
1 3 2
213 497
1 3 2
367 492
1 2 2
22 150
1 2 2
256 481
1 12 2
167 429
1 15 2
143 392
1 3 2
335 456
1 11 2
129 251
1 8 2
62 426
1 14 2
1 387
1 3 2
179 431
1 3 2
178 217
1 15 2
268 442
1 4 2
44 295
1 6 2
95 223
1 12 2
157 288
1 5 2
68 239
1 7 2
78 180
1 14 2
138 245
1 4 2
201 299
1 11 2
66 191
1 3 2
148 497
1 6 2
133 182
1 8 2
426 484
1 6 2
82 398
1 14 2
142 362
1 8 2
22 159
1 9 2
411 427
1 10 2
394 403
1 4 2
149 285
1 4 2
136 324
1 3 2
100 292
1 15 2
7 269
1 9 2
188 283
1 6 2
260 444
1 2 2
276 482
1 12 2
61 424
1 11 2
339 446
1 6 2
6 472
1 14 2
28 358
1 5 2
1 105
1 11 2
104 405
1 2 2
346 366
1 9 2
134 481
1 3 2
104 185
1 12 2
277 345
1 13 2
59 470
1 7 2
80 290
1 14 2
61 72
1 3 2
40 233
1 7 2
238 268
1 11 2
83 284
1 10 2
140 271
1 9 2
96 320
1 13 2
170 361
1 2 2
78 415
1 2 2
128 299
1 13 2
53 475
1 2 2
79 335
1 2 2
124 340
1 13 2
227 424
1 8 2
184 307
1 10 2
34 165
1 5 2
400 442
1 14 2
253 468
1 6 2
13 336
1 2 2
140 218
1 8 2
412 473
1 4 2
331 340
1 2 2
152 341
1 15 2
93 326
1 13 2
33 280
1 13 2
50 197
1 12 2
129 206
1 2 2
413 414
1 4 2
426 448
1 11 2
183 385
1 6 2
233 466
1 12 2
85 121
1 7 2
174 495
1 10 2
153 407
1 14 2
42 75
1 12 2
365 414
1 6 2
323 360
1 7 2
102 427
1 11 2
144 202
1 8 2
76 316
1 12 2
297 476
1 13 2
243 260
1 2 2
100 318
1 4 2
254 264
1 9 2
126 231
1 11 2
39 427
1 11 2
21 58
1 8 2
265 424
1 12 2
189 351
1 13 2
275 426
1 2 2
339 479
1 5 2
80 491
1 7 2
143 286
1 5 2
37 43
1 14 2
188 316
1 13 2
248 377
1 2 2
113 238
1 14 2
230 471
1 15 2
59 175
1 12 2
72 349
1 15 2
92 260
1 12 2
292 297
1 5 2
140 263
1 11 2
103 286
1 10 2
52 268
1 5 2
227 238
1 5 2
127 351
1 12 2
335 392
1 14 2
42 169
1 2 2
175 378
1 15 2
370 456
1 9 2
53 384
1 2 2
58 82
1 7 2
67 350
1 12 2
154 462
1 10 2
191 392
1 15 2
77 315
1 3 2
293 383
1 12 2
224 422
1 5 2
136 340
1 3 2
64 355
1 15 2
28 306
1 8 2
4 281
1 6 2
227 263
1 13 2
72 418
1 9 2
328 370
1 11 2
187 272
1 2 2
129 161
1 2 2
61 359
1 5 2
165 329
1 2 2
70 494
1 2 2
255 326
1 15 2
192 206
1 8 2
392 474
1 3 2
32 357
1 15 2
157 488
1 6 2
112 307
1 8 2
223 481
1 9 2
308 360
1 4 2
151 204
1 6 2
72 165
1 4 2
303 479
1 9 2
276 280
1 15 2
128 297
1 7 2
159 390
1 11 2
60 464
1 6 2
163 315
1 4 2
174 185
1 11 2
61 466
1 6 2
286 492
1 3 2
291 367
1 13 2
166 285
1 6 2
415 485
1 8 2
22 102
1 11 2
54 68
1 5 2
245 345
1 15 2
45 271
1 13 2
120 310
1 4 2
91 320
1 10 2
171 250
1 5 2
414 487
1 10 2
65 373
1 5 2
76 203
1 3 2
339 492
1 15 2
72 226
1 15 2
274 357
1 6 2
251 266
1 15 2
292 482
1 14 2
109 327
1 12 2
342 385
1 3 2
153 211
1 6 2
15 351
1 8 2
439 479
1 14 2
28 257
1 13 2
467 479
1 2 2
173 189
1 15 2
174 364
1 12 2
181 460
1 15 2
216 270
1 9 2
297 315
1 10 2
40 397
1 13 2
33 412
1 8 2
130 167
1 5 2
151 344
1 5 2
187 269
1 10 2
273 439
1 7 2
42 78
1 13 2
28 317
1 9 2
163 166
1 3 2
138 386
1 2 2
233 324
1 7 2
1 431
1 13 2
159 464
1 9 2
21 456
1 6 2
13 222
1 12 2
305 411
1 11 2
140 180
1 9 2
71 263
1 10 2
49 413
1 8 2
300 404
1 4 2
141 306
1 14 2
45 354
1 10 2
302 469
1 7 2
11 200
1 3 2
306 477
1 11 2
85 192
1 3 2
135 357
1 5 2
58 229
1 13 2
352 423
1 9 2
261 497
1 3 2
253 469
1 9 2
215 314
1 5 2
112 116
1 12 2
162 209
1 4 2
250 370
1 14 2
246 447
1 9 2
343 414
1 6 2
156 258
1 12 2
149 277
1 8 2
366 423
1 2 2
5 277
1 2 2
88 411
1 12 2
51 429
1 7 2
47 257
1 9 2
287 472
1 4 2
179 429
1 6 2
167 457
1 15 2
250 399
1 6 2
412 462
1 9 2
13 447
1 12 2
222 379
1 7 2
11 102
1 5 2
335 433
1 7 2
133 376
1 14 2
60 327
1 8 2
16 434
1 12 2
70 296
1 15 2
12 274
1 5 2
421 494
1 13 2
23 318
1 9 2
159 176
1 2 2
304 349
1 4 2
210 465
1 5 2
311 399
1 5 2
98 302
1 6 2
439 470
1 15 2
36 426
1 10 2
115 358
1 14 2
178 193
1 13 2
218 229
1 3 2
141 411
1 13 2
100 202
1 12 2
48 183
1 9 2
267 445
1 9 2
399 433
1 15 2
171 447
1 4 2
127 421
1 7 2
67 287
1 6 2
29 328
1 5 2
297 318
1 4 2
57 349
1 15 2
192 386
1 13 2
34 143
1 10 2
218 325
1 13 2
442 496
1 11 2
51 111
1 8 2
133 418
1 8 2
13 383
1 6 2
150 271
1 8 2
18 167
1 10 2
31 347
1 3 2
131 215
1 15 2
17 397
1 4 2
405 470
1 6 2
248 485
1 12 2
251 256
1 9 2
6 212
1 9 2
117 273
1 11 2
111 416
1 4 2
274 479
1 10 2
4 81
1 7 2
59 152
1 14 2
22 130
1 15 2
104 335
1 4 2
77 207
1 12 2
99 438
1 10 2
482 488
1 6 2
118 129
1 11 2
84 200
1 13 2
171 264
1 5 2
344 484
1 13 2
131 408
1 6 2
388 402
1 3 2
201 297
1 3 2
173 205
1 2 2
324 394
1 14 2
416 457
1 8 2
29 314
1 12 2
140 336
1 4 2
247 317
1 9 2
37 352
1 10 2
21 121
1 6 2
352 396
1 2 2
220 454
1 11 2
317 349
1 3 2
113 131
1 3 2
107 160
1 7 2
112 449
1 9 2
30 312
1 8 2
112 241
1 4 2
63 368
1 8 2
190 325
1 13 2
171 343
1 10 2
131 159
1 9 2
27 105
1 13 2
16 309
1 7 2
182 265
1 6 2
240 295
1 14 2
104 322
1 12 2
283 472
1 13 2
47 394
1 15 2
332 450
1 15 2
31 289
1 3 2
0 486
1 7 2
0 255
1 7 2
64 229
1 11 2
219 391
1 14 2
29 294
1 15 2
15 115
1 6 2
0 240
1 15 2
224 396
1 6 2
150 402
1 11 2
119 123
1 12 2
67 86
1 4 2
60 93
1 10 2
377 425
1 11 2
1 381
1 7 2
49 431
1 6 2
132 400
1 7 2
77 441
1 6 2
12 354
1 8 2
269 326
1 11 2
306 498
1 13 2
42 49
1 10 2
347 370
1 10 2
24 395
1 12 2
41 103
1 9 2
237 277
1 15 2
23 162
1 7 2
194 460
1 8 2
96 400
1 6 2
276 449
1 13 2
17 458
1 13 2
42 315
1 8 2
50 90
1 8 2
100 122
1 9 2
405 458
1 15 2
244 423
1 3 2
205 245
1 11 2
164 261
1 11 2
13 459
1 11 2
32 273
1 9 2
62 491
1 13 2
112 186
1 12 2
476 484
1 6 2
307 453
1 12 2
12 53
1 13 2
257 268
1 14 2
385 453
1 12 2
153 158
1 13 2
4 461
1 6 2
57 424
1 4 2
58 362
1 14 2
258 275
1 6 2
208 224
1 10 2
324 407
1 11 2
137 353
1 7 2
84 206
1 2 2
379 474
1 12 2
19 365
1 5 2
9 40
1 13 2
12 268
1 14 2
295 395
1 4 2
295 314
1 2 2
44 265
1 9 2
422 439
1 2 2
24 422
1 2 2
207 426
1 14 2
37 109
1 8 2
240 288
1 12 2
139 296
1 8 2
284 455
1 15 2
469 485
1 11 2
223 426
1 4 2
119 445
1 2 2
105 346
1 2 2
350 433
1 14 2
263 447
1 3 2
206 428
1 9 2
228 420
1 9 2
324 351
1 12 2
376 453
1 10 2
77 267
1 7 2
234 481
1 5 2
107 447
1 12 2
8 218
1 12 2
309 373
1 6 2
92 415
1 4 2
130 346
1 4 2
213 294
1 9 2
82 412
1 11 2
76 382
1 6 2
164 308
1 14 2
314 369
1 6 2
161 488
1 11 2
18 128
1 6 2
144 432
1 12 2
18 50
1 8 2
195 261
1 4 2
100 331
1 12 2
209 357
1 3 2
469 484
1 4 2
269 436
1 7 2
97 406
1 4 2
117 285
1 15 2
61 336
1 4 2
26 424
1 11 2
210 229
1 8 2
165 284
1 9 2
22 328
1 7 2
271 335
1 8 2
232 480
1 15 2
433 436
1 3 2
148 177
1 4 2
218 234
1 11 2
339 460
1 7 2
248 274
1 12 2
18 207
1 9 2
64 429
1 11 2
6 180
1 15 2
272 401
1 6 2
96 469
1 8 2
446 455
1 11 2
147 373
1 3 2
15 426
1 15 2
72 136
1 10 2
79 235
1 14 2
14 146
1 14 2
96 147
1 6 2
14 160
1 6 2
141 436
1 4 2
79 123
1 13 2
7 365
1 5 2
273 430
1 8 2
126 220
1 15 2
8 68
1 10 2
325 390
1 2 2
89 199
1 3 2
138 175
1 2 2
99 266
1 5 2
25 414
1 9 2
415 450
1 13 2
170 401
1 4 2
4 133
1 3 2
95 434
1 9 2
230 441
1 4 2
103 464
1 7 2
57 201
1 11 2
24 214
1 5 2
273 478
1 12 2
60 241
1 2 2
351 391
1 12 2
180 330
1 3 2
399 461
1 13 2
280 463
1 5 2
171 318
1 3 2
116 316
1 8 2
144 310
1 7 2
124 150
1 11 2
149 217
1 15 2
221 440
1 14 2
212 421
1 13 2
305 490
1 9 2
187 190
1 13 2
74 429
1 12 2
8 125
1 11 2
36 187
1 10 2
159 444
1 14 2
156 434
1 10 2
285 337
1 6 2
7 101
1 6 2
185 324
1 13 2
171 244
1 3 2
45 288
1 12 2
83 139
1 7 2
182 382
1 6 2
156 446
1 5 2
97 262
1 10 2
89 479
1 7 2
32 490
1 4 2
207 280
1 2 2
197 476
1 11 2
260 442
1 11 2
199 341
1 8 2
57 106
1 4 2
64 416
1 3 2
51 391
1 15 2
101 144
1 10 2
98 189
1 13 2
183 330
1 3 2
447 490
1 5 2
41 429
1 3 2
128 216
1 11 2
234 365
1 15 2
157 206
1 11 2
235 470
1 10 2
411 478
1 12 2
42 153
1 15 2
270 484
1 2 2
76 193
1 10 2
5 237
1 2 2
121 189
1 6 2
166 319
1 9 2
3 283
1 9 2
93 373
1 11 2
140 494
1 15 2
389 393
1 13 2
142 263
1 7 2
156 485
1 9 2
132 327
1 14 2
4 425
1 8 2
228 238
1 3 2
285 399
1 6 2
83 481
1 4 2
84 117
1 2 2
112 190
1 6 2
77 237
1 4 2
196 289
1 5 2
219 462
1 10 2
58 81
1 12 2
93 223
1 13 2
8 84
1 14 2
33 484
1 10 2
339 440
1 9 2
48 391
1 11 2
469 479
1 4 2
299 315
1 8 2
340 355
1 14 2
109 337
1 11 2
147 394
1 5 2
181 199
1 6 2
224 278
1 11 2
7 495
1 13 2
160 277
1 12 2
134 489
1 8 2
77 162
1 4 2
89 146
1 14 2
71 323
1 4 2
416 434
1 11 2
226 246
1 5 2
27 182
1 12 2
47 113
1 15 2
48 162
1 13 2
19 424
1 8 2
97 146
1 5 2
23 54
1 7 2
268 346
1 2 2
300 479
1 15 2
207 483
1 10 2
67 70
1 3 2
280 425
1 2 2
102 448
1 11 2
159 295
1 6 2
54 137
1 3 2
221 459
1 9 2
117 176
1 8 2
248 477
1 2 2
106 484
1 14 2
5 111
1 14 2
183 481
1 12 2
79 274
1 10 2
385 399
1 7 2
59 173
1 3 2
79 116
1 5 2
72 237
1 9 2
214 456
1 6 2
149 230
1 15 2
395 485
1 10 2
337 454
1 13 2
313 365
1 8 2
107 441
1 2 2
114 228
1 3 2
102 185
1 13 2
188 430
1 14 2
161 281
1 2 2
116 162
1 12 2
170 250
1 7 2
156 324
1 6 2
361 379
1 6 2
70 113
1 13 2
409 470
1 4 2
141 193
1 11 2
49 471
1 10 2
225 273
1 15 2
165 239
1 15 2
145 443
1 7 2
251 403
1 13 2
327 340
1 2 2
352 392
1 8 2
35 431
1 5 2
45 327
1 9 2
384 484
1 12 2
109 320
1 4 2
0 297
1 5 2
95 216
1 6 2
29 313
1 9 2
137 373
1 9 2
215 223
1 12 2
1 492
1 6 2
229 475
1 14 2
172 456
1 7 2
395 402
1 9 2
25 393
1 5 2
101 481
1 3 2
2 202
1 5 2
126 198
1 7 2
79 98
1 4 2
41 489
1 13 2
20 107
1 2 2
439 469
1 10 2
239 245
1 14 2
154 158
1 7 2
360 446
1 4 2
112 368
1 11 2
60 476
1 14 2
418 478
1 8 2
18 281
1 15 2
151 483
1 5 2
4 85
1 15 2
177 273
1 5 2
331 399
1 11 2
234 470
1 4 2
82 420
1 9 2
168 482
1 14 2
224 269
1 7 2
243 446
1 3 2
225 334
1 7 2
26 434
1 5 2
178 436
1 2 2
9 150
1 9 2
408 431
1 11 2
24 275
1 12 2
147 359
1 13 2
71 169
1 11 2
212 242
1 7 2
166 301
1 5 2
51 77
1 10 2
386 430
1 14 2
330 491
1 15 2
110 323
1 5 2
37 357
1 8 2
17 328
1 2 2
145 344
1 4 2
41 192
1 7 2
257 497
1 15 2
335 413
1 11 2
13 292
1 9 2
260 433
1 5 2
139 378
1 7 2
93 206
1 12 2
147 287
1 13 2
34 232
1 5 2
13 335
1 14 2
107 478
1 14 2
334 463
1 7 2
23 321
1 10 2
280 287
1 9 2
192 367
1 12 2
77 112
1 6 2
244 496
1 9 2
222 304
1 2 2
55 264
1 7 2
249 348
1 3 2
152 399
1 8 2
63 228
1 3 2
131 244
1 7 2
79 370
1 4 2
14 448
1 7 2
381 452
1 3 2
401 486
1 8 2
381 427
1 8 2
175 428
1 13 2
275 361
1 2 2
20 392
1 3 2
94 293
1 14 2
130 349
1 11 2
367 425
1 11 2
328 478
1 9 2
139 350
1 12 2
56 240
1 3 2
90 348
1 11 2
454 487
1 10 2
59 472
1 11 2
22 205
1 5 2
270 364
1 13 2
11 68
1 10 2
49 210
1 5 2
76 134
1 12 2
30 373
1 8 2
8 344
1 9 2
442 493
1 12 2
4 467
1 7 2
98 339
1 13 2
466 468
1 5 2
99 272
1 6 2
168 463
1 12 2
22 93
1 5 2
57 94
1 11 2
367 395
1 11 2
112 247
1 4 2
316 469
1 11 2
28 35
1 11 2
256 326
1 14 2
141 348
1 13 2
343 465
1 6 2
160 380
1 11 2
178 202
1 3 2
113 387
1 3 2
298 344
1 12 2
114 201
1 5 2
28 224
1 14 2
199 326
1 10 2
54 484
1 6 2
26 341
1 6 2
187 467
1 11 2
63 425
1 8 2
199 292
1 12 2
28 77
1 12 2
158 439
1 3 2
214 385
1 9 2
127 424
1 10 2
31 311
1 13 2
90 199
1 6 2
135 380
1 14 2
209 249
1 2 2
9 406
1 6 2
105 497
1 13 2
295 489
1 6 2
123 199
1 10 2
253 451
1 9 2
192 242
1 3 2
254 471
1 9 2
65 499
1 12 2
73 451
1 8 2
120 336
1 9 2
1 37
1 4 2
75 172
1 10 2
243 474
1 6 2
458 494
1 8 2
259 302
1 8 2
74 94
1 4 2
185 349
1 9 2
216 319
1 10 2
297 367
1 2 2
330 459
1 10 2
300 451
1 6 2
201 363
1 5 2
80 442
1 11 2
61 365
1 14 2
97 176
1 7 2
364 418
1 6 2
49 418
1 9 2
327 437
1 3 2
0 179
1 6 2
198 345
1 2 2
185 444
1 10 2
78 496
1 9 2
205 214
1 10 2
59 488
1 10 2
284 449
1 12 2
109 472
1 4 2
66 157
1 3 2
144 495
1 12 2
54 64
1 13 2
284 404
1 6 2
189 438
1 11 2
220 335
1 5 2
51 150
1 2 2
364 494
1 6 2
75 267
1 5 2
53 248
1 12 2
282 497
1 12 2
287 330
1 2 2
169 216
1 14 2
87 289
1 11 2
311 414
1 14 2
141 233
1 11 2
232 398
1 4 2
116 308
1 3 2
224 347
1 14 2
297 384
1 12 2
330 381
1 2 2
236 243
1 5 2
181 285
1 6 2
371 419
1 5 2
209 390
1 13 2
170 333
1 9 2
306 375
1 14 2
22 466
1 9 2
274 334
1 7 2
68 296
1 2 2
253 440
1 15 2
209 375
1 4 2
36 161
1 15 2
45 372
1 7 2
277 481
1 7 2
155 282
1 11 2
9 398
1 5 2
163 352
1 3 2
188 362
1 8 2
2 184
1 10 2
31 372
1 10 2
28 138
1 4 2
72 135
1 12 2
335 410
1 9 2
86 89
1 2 2
98 363
1 9 2
38 461
1 4 2
79 281
1 5 2
37 87
1 4 2
328 377
1 13 2
421 470
1 10 2
39 219
1 2 2
121 221
1 12 2
81 449
1 6 2
202 420
1 14 2
40 297
1 4 2
62 206
1 6 2
211 251
1 13 2
56 194
1 8 2
46 261
1 10 2
45 99
1 5 2
226 306
1 9 2
343 460
1 14 2
275 486
1 7 2
396 468
1 5 2
76 329
1 13 2
54 391
1 9 2
250 377
1 7 2
181 456
1 4 2
232 475
1 6 2
45 447
1 5 2
242 384
1 14 2
155 397
1 7 2
19 420
1 15 2
282 477
1 8 2
222 405
1 12 2
9 77
1 6 2
32 436
1 9 2
116 401
1 5 2
94 464
1 14 2
163 488
1 4 2
20 78
1 3 2
151 460
1 8 2
0 196
1 13 2
249 431
1 11 2
64 144
1 8 2
180 290
1 15 2
246 410
1 12 2
336 359
1 8 2
207 383
1 13 2
318 326
1 14 2
369 409
1 11 2
129 254
1 12 2
296 467
1 3 2
188 423
1 2 2
277 301
1 13 2
480 492
1 11 2
7 320
1 6 2
381 445
1 6 2
90 413
1 3 2
13 287
1 5 2
54 111
1 2 2
163 438
1 8 2
176 325
1 13 2
170 312
1 14 2
420 472
1 13 2
345 409
1 3 2
175 443
1 5 2
410 496
1 6 2
62 413
1 14 2
296 377
1 14 2
184 234
1 14 2
42 92
1 7 2
69 215
1 3 2
32 279
1 9 2
9 104
1 3 2
77 490
1 14 2
280 366
1 3 2
18 288
1 3 2
75 305
1 7 2
143 316
1 2 2
185 186
1 11 2
143 339
1 2 2
215 469
1 3 2
75 253
1 14 2
467 482
1 15 2
390 406
1 10 2
324 427
1 11 2
45 425
1 3 2
268 350
1 9 2
124 194
1 11 2
45 276
1 2 2
209 384
1 2 2
355 381
1 9 2
95 286
1 11 2
54 204
1 10 2
205 220
1 14 2
335 336
1 10 2
247 435
1 5 2
141 230
1 7 2
365 474
1 2 2
172 344
1 3 2
365 411
1 15 2
317 337
1 10 2
15 75
1 12 2
179 247
1 5 2
313 492
1 7 2
125 262
1 12 2
136 357
1 2 2
198 317
1 7 2
66 130
1 13 2
40 491
1 11 2
210 371
1 7 2
171 470
1 7 2
44 365
1 2 2
186 399
1 6 2
213 454
1 8 2
52 429
1 11 2
361 363
1 5 2
338 394
1 10 2
9 68
1 6 2
39 184
1 14 2
175 246
1 8 2
164 314
1 6 2
281 434
1 13 2
285 377
1 11 2
237 340
1 5 2
128 301
1 7 2
190 363
1 7 2
114 167
1 14 2
380 403
1 2 2
223 263
1 3 2
342 413
1 15 2
8 49
1 7 2
438 493
1 11 2
94 199
1 2 2
12 81
1 4 2
126 375
1 9 2
48 485
1 5 2
390 458
1 10 2
289 436
1 13 2
107 417
1 11 2
43 140
1 7 2
21 293
1 14 2
165 475
1 5 2
140 318
1 10 2
15 51
1 8 2
153 187
1 11 2
106 336
1 11 2
88 137
1 7 2
85 88
1 4 2
53 406
1 4 2
182 273
1 7 2
12 44
1 14 2
403 466
1 12 2
50 286
1 8 2
274 377
1 2 2
158 261
1 6 2
292 293
1 4 2
31 205
1 9 2
308 412
1 11 2
226 292
1 6 2
97 444
1 8 2
159 353
1 5 2
165 440
1 10 2
61 198
1 9 2
16 358
1 10 2
146 431
1 14 2
75 393
1 13 2
38 134
1 6 2
311 463
1 15 2
292 475
1 9 2
69 279
1 15 2
78 272
1 15 2
175 398
1 6 2
160 233
1 6 2
59 114
1 3 2
188 209
1 4 2
237 369
1 7 2
145 493
1 11 2
49 300
1 9 2
356 416
