500 4000 1500
9 22 12 12 11 9 16 20 10 7 18 5 13 24 17 22 5 17 23 8 13 15 11 13 24 14 10 9 10 9 23 19 19 19 13 17 12 13 17 8 21 8 6 19 10 18 13 6 7 22 9 11 11 17 8 9 25 18 22 14 18 19 12 18 17 6 20 12 7 8 18 20 17 15 14 9 8 12 7 10 10 22 14 22 16 17 10 23 9 6 8 9 12 23 15 24 12 16 18 10 6 8 10 10 16 14 16 5 19 6 12 7 7 9 19 19 15 9 8 8 18 22 5 21 17 20 20 15 12 22 10 16 14 21 10 24 20 14 8 12 10 21 11 12 21 15 9 18 12 12 24 16 22 7 6 11 9 21 6 12 23 12 6 19 12 7 9 18 11 23 5 12 12 23 25 20 5 20 19 13 18 12 12 6 9 17 17 24 6 7 6 6 16 11 25 6 21 9 21 18 21 8 23 10 24 12 19 5 12 16 14 7 24 19 8 19 14 18 10 16 22 16 8 21 14 14 18 9 17 25 18 6 25 9 16 23 6 18 12 12 19 11 23 24 18 21 21 24 20 20 19 9 16 8 22 7 15 12 22 18 9 20 12 6 25 6 9 9 16 13 5 5 18 13 7 15 16 8 13 6 14 24 6 14 20 21 16 15 14 19 10 5 9 9 15 22 13 6 22 5 23 10 7 15 19 6 14 21 10 13 21 22 11 13 15 14 13 16 9 8 22 19 5 9 10 13 25 22 16 15 21 20 9 18 13 14 19 19 13 17 22 7 15 24 7 17 8 22 23 13 21 14 6 13 14 10 8 11 24 13 16 21 14 22 12 7 23 20 24 18 21 21 5 5 8 6 25 14 22 25 11 11 9 22 17 24 25 19 17 5 18 23 19 19 20 22 23 7 15 9 14 11 19 16 10 9 8 13 21 22 25 6 11 18 17 16 18 19 22 10 11 11 24 14 16 7 6 22 15 14 14 11 11 11 20 10 12 8 9 11 25 10 6 24 16 15 12 14 19 13 10 15 16 25 24 13 15 20 15 20 23 24 25 5 16 13 21 16 5 24 20 11 14 22 19 15 14 16 16 6 5 23 5 22 14 25 5 19 18 23 13 24 25 23 16 8 20 20 5 7
7 4 3 3 9 13 3 11 9 15 3 11 7 3 11 20 5 17 16 11 14 6 19 11 11 15 8 20 18 16 18 6 4 10 15 20 14 3 20 9 9 7 15 15 15 5 9 18 8 11 16 7 16 14 14 16 4 5 5 12 7 18 12 13 15 13 16 16 15 17 7 11 10 4 18 5 11 5 10 5 16 5 20 10 8 15 20 3 15 4 13 11 12 16 5 16 13 19 8 7 19 6 6 15 9 3 3 15 11 12 3 20 4 14 10 19 20 4 4 13 5 3 15 15 9 16 8 19 8 19 4 5 20 12 3 18 14 5 13 9 6 16 9 13 19 5 13 11 16 20 14 9 18 15 8 20 3 7 7 10 17 3 11 13 19 19 8 9 16 8 7 7 9 6 5 12 3 20 13 12 9 18 13 16 14 10 18 12 15 20 7 6 20 19 14 13 17 9 12 20 19 16 12 16 13 20 15 20 20 16 18 4 12 14 9 17 11 17 11 18 10 12 12 5 11 19 11 18 10 17 7 11 16 3 4 4 18 5 5 8 11 15 17 12 15 5 7 19 11 17 17 10 3 13 3 19 10 17 17 17 14 9 20 15 5 9 16 4 16 7 10 15 6 5 16 10 14 10 8 19 14 8 7 17 13 13 8 13 14 8 13 9 15 16 17 19 4 9 16 13 20 8 4 15 8 6 14 14 10 3 15 13 3 9 13 8 5 12 13 6 16 7 20 13 7 10 13 17 14 19 14 3 15 3 14 9 20 15 7 15 18 17 14 18 4 11 13 13 6 6 12 9 10 15 14 9 10 11 10 18 13 14 4 19 17 8 18 14 10 9 5 12 12 15 5 3 5 14 10 3 3 11 18 10 19 9 10 9 5 17 8 10 10 13 13 14 6 15 13 4 7 5 17 17 13 8 4 4 7 17 9 13 7 19 14 18 9 4 8 16 17 17 7 15 3 8 18 14 8 19 15 5 15 10 5 12 15 10 15 4 10 17 14 8 14 6 20 7 11 19 4 15 20 9 16 7 11 11 7 17 8 9 8 10 17 15 15 10 4 5 8 3 19 20 11 6 4 14 5 4 5 12 11 19 13 8 6 5 13 4 20 11 19 5 14 17 10 10 13 6
1 9 2
187 207
1 15 2
55 94
1 2 2
400 452
1 8 2
95 141
1 12 2
159 390
1 3 2
71 349
1 8 2
134 266
1 12 2
137 348
1 14 2
96 208
1 9 2
368 406
1 3 2
203 312
1 12 2
424 479
1 11 2
221 480
1 7 2
159 176
1 7 2
362 404
1 11 2
102 258
1 2 2
189 337
1 12 2
34 86
1 10 2
400 447
1 4 2
75 115
1 5 2
361 384
1 15 2
35 277
1 7 2
477 486
1 7 2
373 480
1 8 2
97 374
1 9 2
79 329
1 9 2
196 243
1 4 2
18 373
1 2 2
90 154
1 12 2
40 186
1 10 2
66 230
1 13 2
129 148
1 8 2
213 334
1 10 2
249 365
1 9 2
340 407
1 5 2
52 497
1 12 2
215 325
1 8 2
85 232
1 9 2
114 248
1 12 2
46 50
1 9 2
285 288
1 4 2
397 480
1 14 2
142 460
1 13 2
384 426
1 4 2
153 213
1 9 2
12 480
1 12 2
241 312
1 13 2
87 197
1 2 2
128 261
1 6 2
206 213
1 12 2
346 425
1 11 2
185 227
1 6 2
56 181
1 2 2
302 397
1 5 2
60 322
1 10 2
365 407
1 6 2
462 465
1 3 2
17 458
1 9 2
131 254
1 12 2
79 363
1 3 2
346 465
1 7 2
91 289
1 13 2
250 366
1 6 2
239 331
1 15 2
67 119
1 13 2
137 246
1 11 2
35 196
1 5 2
67 372
1 13 2
43 246
1 3 2
47 327
1 7 2
113 284
1 7 2
186 305
1 13 2
51 469
1 12 2
357 366
1 15 2
42 241
1 8 2
57 499
1 12 2
96 280
1 3 2
15 456
1 8 2
217 281
1 6 2
466 482
1 9 2
464 487
1 12 2
29 400
1 3 2
45 54
1 11 2
458 496
1 15 2
220 491
1 8 2
48 93
1 13 2
144 374
1 6 2
61 420
1 5 2
171 456
1 3 2
43 145
1 2 2
102 344
1 13 2
201 444
1 3 2
261 450
1 8 2
211 476
1 2 2
78 87
1 10 2
128 171
1 12 2
74 332
1 4 2
197 486
1 9 2
6 199
1 10 2
20 145
1 4 2
101 313
1 3 2
393 434
1 7 2
210 293
1 12 2
60 359
1 11 2
25 223
1 7 2
111 383
1 13 2
39 482
1 14 2
99 169
1 15 2
240 369
1 2 2
96 228
1 12 2
63 287
1 15 2
150 487
1 5 2
318 404
1 9 2
15 399
1 14 2
90 450
1 6 2
191 479
1 7 2
112 354
1 7 2
395 459
1 11 2
276 388
1 14 2
100 222
1 5 2
143 482
1 9 2
305 480
1 14 2
248 453
1 14 2
68 216
1 14 2
143 146
1 14 2
311 433
1 14 2
287 322
1 10 2
330 378
1 7 2
27 409
1 10 2
343 401
1 14 2
54 210
1 13 2
204 459
1 10 2
54 163
1 8 2
104 495
1 11 2
149 210
1 10 2
335 487
1 3 2
224 440
1 10 2
163 212
1 9 2
251 454
1 4 2
168 354
1 5 2
202 214
1 5 2
275 325
1 9 2
394 405
1 15 2
144 484
1 12 2
205 441
1 3 2
25 236
1 6 2
94 344
1 10 2
153 407
1 12 2
121 499
1 13 2
32 47
1 6 2
18 429
1 13 2
256 435
1 2 2
46 48
1 7 2
205 485
1 7 2
75 330
1 3 2
45 424
1 2 2
83 264
1 8 2
300 496
1 3 2
306 481
1 4 2
184 452
1 6 2
76 205
1 7 2
120 483
1 13 2
247 342
1 10 2
44 400
1 9 2
249 427
1 8 2
134 269
1 3 2
368 399
1 10 2
86 112
1 5 2
99 176
1 5 2
14 76
1 3 2
137 357
1 13 2
145 451
1 10 2
63 263
1 11 2
232 469
1 15 2
119 173
1 2 2
180 364
1 10 2
140 351
1 3 2
207 458
1 5 2
3 192
1 8 2
28 122
1 4 2
156 163
1 11 2
50 64
1 11 2
135 459
1 9 2
5 258
1 13 2
38 122
1 5 2
151 494
1 15 2
29 475
1 8 2
145 492
1 12 2
65 197
1 7 2
37 72
1 8 2
44 402
1 9 2
22 395
1 10 2
183 191
1 4 2
393 401
1 13 2
171 396
1 5 2
63 259
1 15 2
199 218
1 14 2
79 428
1 2 2
132 379
1 8 2
66 137
1 2 2
131 262
1 10 2
133 440
1 5 2
298 403
1 7 2
21 406
1 4 2
131 143
1 11 2
248 449
1 14 2
64 454
1 4 2
65 315
1 11 2
258 470
1 15 2
441 445
1 9 2
350 476
1 3 2
323 460
1 10 2
43 306
1 8 2
58 333
1 2 2
11 469
1 4 2
62 353
1 6 2
206 326
1 10 2
89 219
1 12 2
40 108
1 9 2
89 167
1 9 2
118 196
1 13 2
249 425
1 14 2
146 152
1 4 2
186 454
1 10 2
141 292
1 14 2
187 467
1 9 2
153 261
1 11 2
206 358
1 3 2
185 445
1 5 2
46 190
1 15 2
11 316
1 10 2
58 323
1 8 2
203 403
1 6 2
186 258
1 5 2
290 479
1 5 2
287 368
1 12 2
321 481
1 15 2
20 453
1 13 2
61 334
1 12 2
33 395
1 6 2
139 245
1 15 2
98 292
1 13 2
34 486
1 2 2
39 301
1 9 2
319 482
1 3 2
19 349
1 4 2
351 472
1 3 2
330 420
1 8 2
8 44
1 11 2
85 216
1 7 2
333 484
1 9 2
88 271
1 4 2
350 377
1 15 2
372 488
1 7 2
124 389
1 12 2
220 364
1 12 2
118 232
1 11 2
298 401
1 13 2
427 482
1 10 2
378 399
1 2 2
305 446
1 8 2
173 245
1 8 2
26 39
1 5 2
11 13
1 15 2
249 449
1 8 2
428 480
1 8 2
334 459
1 15 2
53 184
1 3 2
136 144
1 6 2
274 423
1 2 2
165 219
1 4 2
292 298
1 6 2
225 480
1 2 2
158 308
1 2 2
374 435
1 11 2
10 39
1 10 2
289 430
1 3 2
365 380
1 3 2
429 442
1 4 2
368 404
1 8 2
299 493
1 14 2
360 396
1 11 2
11 158
1 3 2
262 479
1 7 2
102 493
1 4 2
105 168
1 10 2
309 361
1 12 2
106 459
1 14 2
237 350
1 13 2
120 355
1 10 2
119 422
1 9 2
98 239
1 2 2
23 365
1 2 2
57 268
1 6 2
28 390
1 11 2
165 327
1 10 2
322 436
1 11 2
415 476
1 12 2
18 480
1 12 2
3 118
1 8 2
163 404
1 12 2
275 276
1 10 2
142 415
1 4 2
184 206
1 9 2
63 468
1 7 2
240 409
1 12 2
20 362
1 8 2
0 38
1 9 2
191 427
1 11 2
257 446
1 6 2
221 478
1 3 2
61 393
1 7 2
225 370
1 3 2
3 197
1 3 2
267 479
1 7 2
262 338
1 8 2
2 195
1 13 2
193 346
1 9 2
193 358
1 4 2
85 292
1 9 2
166 224
1 14 2
264 284
1 14 2
413 465
1 3 2
41 170
1 14 2
341 405
1 2 2
11 186
1 12 2
13 107
1 5 2
153 298
1 11 2
119 381
1 11 2
37 196
1 10 2
178 361
1 7 2
132 488
1 7 2
309 335
1 3 2
79 301
1 12 2
469 483
1 12 2
441 467
1 9 2
48 106
1 9 2
115 349
1 10 2
176 359
1 13 2
129 192
1 13 2
361 371
1 2 2
58 114
1 2 2
199 217
1 5 2
156 460
1 7 2
278 295
1 9 2
99 464
1 3 2
250 282
1 6 2
43 267
1 7 2
60 188
1 13 2
57 203
1 11 2
131 435
1 14 2
126 327
1 2 2
190 298
1 15 2
29 371
1 8 2
204 439
1 2 2
189 363
1 15 2
321 394
1 12 2
149 326
1 3 2
85 326
1 10 2
55 100
1 11 2
183 241
1 5 2
136 296
1 11 2
471 486
1 3 2
336 490
1 8 2
161 343
1 6 2
153 307
1 6 2
137 196
1 12 2
60 310
1 15 2
80 283
1 13 2
140 238
1 7 2
15 40
1 10 2
283 481
1 2 2
354 498
1 4 2
337 480
1 15 2
194 382
1 12 2
48 182
1 11 2
61 347
1 15 2
26 476
1 13 2
327 355
1 4 2
34 281
1 6 2
231 290
1 4 2
412 486
1 10 2
124 297
1 14 2
426 495
1 8 2
250 480
1 4 2
17 242
1 4 2
192 400
1 15 2
47 441
1 11 2
8 280
1 5 2
57 264
1 8 2
134 472
1 5 2
274 441
1 15 2
226 353
1 6 2
268 461
1 7 2
257 461
1 12 2
256 258
1 10 2
57 192
1 5 2
307 430
1 7 2
33 83
1 5 2
22 109
1 13 2
253 480
1 10 2
354 357
1 14 2
128 353
1 3 2
253 435
1 8 2
224 363
1 15 2
131 323
1 8 2
189 409
1 15 2
167 392
1 5 2
225 371
1 10 2
279 337
1 4 2
394 470
1 7 2
30 230
1 4 2
57 78
1 8 2
82 224
1 15 2
84 316
1 4 2
69 470
1 12 2
153 309
1 8 2
180 244
1 6 2
479 480
1 10 2
162 298
1 4 2
60 267
1 9 2
5 212
1 15 2
139 273
1 13 2
57 141
1 11 2
2 110
1 15 2
90 439
1 2 2
166 279
1 7 2
122 341
1 12 2
426 442
1 15 2
19 448
1 3 2
252 295
1 13 2
185 326
1 15 2
8 150
1 8 2
22 195
1 13 2
289 486
1 5 2
0 389
1 11 2
129 441
1 8 2
36 315
1 10 2
288 479
1 5 2
61 145
1 7 2
18 354
1 14 2
11 453
1 7 2
298 334
1 13 2
203 376
1 10 2
305 470
1 5 2
22 283
1 5 2
366 410
1 7 2
211 429
1 3 2
25 189
1 8 2
134 374
1 15 2
96 175
1 4 2
16 363
1 13 2
403 490
1 12 2
0 373
1 11 2
79 393
1 15 2
89 396
1 9 2
377 393
1 3 2
307 396
1 3 2
104 375
1 15 2
445 489
1 12 2
43 398
1 11 2
152 450
1 8 2
56 450
1 10 2
86 165
1 3 2
76 262
1 11 2
81 92
1 5 2
158 432
1 10 2
280 467
1 10 2
173 199
1 10 2
147 261
1 3 2
274 397
1 5 2
131 324
1 10 2
59 131
1 8 2
15 108
1 8 2
20 34
1 7 2
15 135
1 2 2
161 381
1 12 2
235 375
1 13 2
144 424
1 15 2
92 391
1 3 2
52 123
1 9 2
30 32
1 13 2
302 405
1 5 2
190 379
1 12 2
333 471
1 12 2
61 171
1 14 2
45 254
1 11 2
227 447
1 10 2
120 451
1 8 2
318 349
1 4 2
266 419
1 10 2
180 258
1 11 2
141 303
1 7 2
6 198
1 2 2
398 418
1 7 2
100 103
1 11 2
207 409
1 11 2
143 171
1 6 2
204 367
1 3 2
63 315
1 15 2
71 466
1 3 2
1 290
1 7 2
301 375
1 9 2
39 72
1 8 2
242 423
1 5 2
27 199
1 3 2
30 129
1 7 2
8 190
1 15 2
44 383
1 5 2
91 321
1 9 2
198 394
1 7 2
101 220
1 4 2
165 293
1 13 2
187 383
1 12 2
44 375
1 11 2
182 269
1 6 2
286 433
1 9 2
134 443
1 8 2
357 363
1 15 2
142 411
1 9 2
122 374
1 4 2
186 358
1 12 2
150 156
1 6 2
354 403
1 4 2
358 366
1 6 2
40 318
1 11 2
363 434
1 8 2
289 475
1 4 2
434 465
1 11 2
100 305
1 3 2
128 161
1 10 2
226 348
1 2 2
38 469
1 13 2
191 302
1 7 2
128 205
1 10 2
204 354
1 2 2
7 391
1 6 2
147 335
1 14 2
134 492
1 9 2
210 260
1 7 2
34 349
1 12 2
7 127
1 11 2
44 181
1 4 2
216 360
1 11 2
100 328
1 7 2
151 299
1 5 2
213 384
1 10 2
60 274
1 9 2
27 356
1 9 2
58 359
1 2 2
293 341
1 12 2
79 204
1 7 2
0 358
1 4 2
241 332
1 14 2
232 303
1 5 2
156 185
1 5 2
119 447
1 12 2
103 264
1 12 2
410 487
1 4 2
152 174
1 7 2
256 290
1 11 2
62 79
1 11 2
197 394
1 4 2
341 460
1 13 2
66 266
1 13 2
365 386
1 12 2
3 21
1 13 2
73 217
1 11 2
172 277
1 4 2
313 321
1 11 2
6 190
1 12 2
149 425
1 6 2
292 495
1 4 2
45 426
1 3 2
178 327
1 10 2
285 363
1 15 2
13 70
1 8 2
23 412
1 14 2
74 135
1 8 2
332 419
1 10 2
123 181
1 6 2
83 352
1 10 2
115 310
1 5 2
84 226
1 3 2
78 341
1 15 2
90 237
1 8 2
52 340
1 4 2
342 494
1 6 2
32 187
1 15 2
38 193
1 10 2
89 183
1 2 2
49 300
1 4 2
46 246
1 4 2
220 453
1 3 2
25 67
1 15 2
66 329
1 5 2
12 263
1 2 2
371 399
1 8 2
266 454
1 5 2
224 391
1 12 2
115 400
1 7 2
3 281
1 8 2
196 219
1 5 2
109 439
1 11 2
243 416
1 8 2
160 350
1 11 2
49 218
1 2 2
15 149
1 11 2
49 483
1 7 2
255 319
1 15 2
38 224
1 14 2
203 325
1 2 2
298 499
1 7 2
289 350
1 6 2
34 292
1 10 2
89 321
1 4 2
16 151
1 6 2
347 420
1 11 2
119 337
1 4 2
388 492
1 13 2
186 425
1 2 2
22 220
1 5 2
29 494
1 5 2
200 440
1 5 2
114 207
1 4 2
343 451
1 8 2
171 457
1 14 2
213 222
1 5 2
28 396
1 5 2
151 270
1 11 2
128 200
1 5 2
10 257
1 9 2
75 487
1 8 2
96 408
1 9 2
298 318
1 3 2
26 400
1 10 2
55 258
1 6 2
155 429
1 15 2
220 431
1 8 2
57 452
1 13 2
9 481
1 11 2
423 480
1 12 2
138 382
1 3 2
93 261
1 9 2
21 332
1 15 2
187 457
1 3 2
182 339
1 10 2
172 181
1 7 2
199 432
1 6 2
290 477
1 12 2
208 225
1 8 2
179 299
1 14 2
76 85
1 9 2
197 423
1 8 2
83 492
1 15 2
171 389
1 12 2
65 108
1 8 2
412 429
1 14 2
234 465
1 6 2
190 296
1 8 2
395 424
1 11 2
84 96
1 8 2
147 262
1 13 2
44 450
1 2 2
189 475
1 4 2
148 483
1 11 2
196 458
1 2 2
347 425
1 10 2
203 385
1 8 2
427 467
1 5 2
118 406
1 2 2
74 356
1 7 2
187 316
1 15 2
137 440
1 11 2
3 289
1 9 2
400 433
1 8 2
35 362
1 6 2
81 292
1 10 2
295 370
1 11 2
111 404
1 4 2
154 326
1 9 2
336 431
1 6 2
305 468
1 3 2
173 398
1 3 2
303 436
1 8 2
24 40
1 9 2
302 422
1 2 2
70 448
1 12 2
93 407
1 3 2
46 201
1 3 2
290 393
1 12 2
163 358
1 13 2
210 271
1 12 2
6 318
1 13 2
162 334
1 12 2
202 215
1 4 2
129 493
1 12 2
277 301
1 14 2
168 256
1 7 2
153 345
1 2 2
6 337
1 3 2
271 357
1 15 2
289 451
1 3 2
259 481
1 10 2
261 307
1 6 2
429 480
1 12 2
121 240
1 15 2
181 209
1 8 2
63 363
1 13 2
139 493
1 10 2
78 82
1 6 2
230 356
1 12 2
246 476
1 6 2
182 378
1 6 2
133 242
1 13 2
294 451
1 10 2
66 495
1 9 2
27 152
1 3 2
378 397
1 10 2
105 330
1 6 2
141 454
1 11 2
243 456
1 15 2
356 405
1 5 2
96 128
1 15 2
149 428
1 9 2
103 303
1 9 2
53 228
1 13 2
348 421
1 4 2
185 476
1 7 2
406 418
1 7 2
356 410
1 8 2
444 495
1 5 2
28 473
1 7 2
338 375
1 11 2
90 471
1 13 2
294 406
1 7 2
140 369
1 15 2
216 349
1 2 2
175 338
1 8 2
323 395
1 5 2
38 416
1 14 2
451 454
1 15 2
16 130
1 10 2
259 363
1 14 2
200 499
1 11 2
265 438
1 6 2
174 462
1 2 2
172 256
1 8 2
120 327
1 6 2
165 282
1 12 2
69 185
1 7 2
137 310
1 4 2
87 212
1 12 2
148 317
1 10 2
218 289
1 7 2
55 488
1 14 2
55 347
1 15 2
164 334
1 9 2
11 435
1 13 2
123 429
1 14 2
326 408
1 2 2
201 248
1 9 2
343 445
1 8 2
184 490
1 12 2
119 490
1 7 2
232 284
1 3 2
54 316
1 2 2
127 361
1 11 2
114 334
1 2 2
94 147
1 7 2
177 254
1 5 2
340 372
1 5 2
197 395
1 6 2
267 364
1 13 2
414 478
1 2 2
223 473
1 6 2
185 306
1 4 2
138 151
1 15 2
168 400
1 9 2
289 491
1 15 2
369 403
1 7 2
418 497
1 11 2
278 406
1 8 2
395 458
1 5 2
279 367
1 4 2
202 283
1 6 2
416 481
1 10 2
281 333
1 4 2
134 322
1 4 2
193 303
1 7 2
40 293
1 10 2
240 442
1 7 2
1 7
1 10 2
226 232
1 6 2
447 467
1 7 2
305 352
1 8 2
394 460
1 13 2
25 94
1 13 2
0 456
1 3 2
224 344
1 8 2
61 85
1 10 2
146 303
1 4 2
103 238
1 2 2
30 254
1 5 2
214 494
1 12 2
201 363
1 10 2
92 129
1 8 2
51 84
1 13 2
1 312
1 14 2
17 184
1 13 2
379 449
1 4 2
178 386
1 10 2
146 404
1 8 2
105 182
1 11 2
160 474
1 7 2
385 442
1 2 2
235 258
1 3 2
203 408
1 3 2
213 309
1 13 2
24 222
1 10 2
25 263
1 12 2
72 420
1 3 2
122 443
1 13 2
142 461
1 2 2
214 371
1 13 2
52 483
1 2 2
424 459
1 9 2
79 100
1 11 2
326 394
1 11 2
48 334
1 15 2
143 488
1 14 2
445 487
1 15 2
45 63
1 5 2
11 264
1 15 2
53 218
1 2 2
412 484
1 8 2
208 244
1 3 2
216 333
1 3 2
337 461
1 12 2
154 406
1 12 2
29 409
1 14 2
245 334
1 5 2
135 283
1 11 2
182 367
1 10 2
10 462
1 2 2
54 450
1 4 2
135 299
1 2 2
80 268
1 15 2
98 349
1 7 2
150 292
1 13 2
137 198
1 7 2
209 343
1 10 2
28 276
1 10 2
105 414
1 8 2
232 393
1 15 2
8 193
1 13 2
32 58
1 4 2
151 435
1 13 2
166 259
1 4 2
367 467
1 13 2
178 340
1 5 2
200 478
1 8 2
1 230
1 8 2
42 205
1 10 2
181 457
1 14 2
227 367
1 3 2
271 315
1 4 2
127 136
1 4 2
40 145
1 5 2
5 124
1 11 2
83 392
1 13 2
156 180
1 15 2
67 438
1 14 2
30 318
1 10 2
37 408
1 9 2
320 352
1 6 2
14 221
1 7 2
341 421
1 13 2
153 188
1 2 2
7 485
1 15 2
293 338
1 3 2
128 147
1 12 2
260 390
1 9 2
376 487
1 11 2
222 423
1 3 2
320 496
1 9 2
25 45
1 7 2
35 340
1 3 2
25 444
1 2 2
433 458
1 2 2
401 498
1 15 2
6 118
1 15 2
4 452
1 4 2
74 384
1 4 2
43 320
1 13 2
160 345
1 9 2
69 371
1 2 2
221 323
1 12 2
277 308
1 3 2
302 358
1 6 2
90 271
1 10 2
134 252
1 3 2
191 385
1 13 2
91 126
1 10 2
162 443
1 12 2
228 352
1 4 2
224 449
1 13 2
51 233
1 15 2
73 431
1 11 2
115 347
1 6 2
2 332
1 15 2
369 469
1 3 2
177 470
1 8 2
352 491
1 6 2
384 479
1 10 2
9 172
1 12 2
48 204
1 2 2
155 326
1 11 2
121 252
1 6 2
108 179
1 12 2
63 108
1 13 2
179 427
1 9 2
306 457
1 3 2
291 322
1 11 2
105 454
1 7 2
265 493
1 5 2
75 230
1 4 2
136 336
1 8 2
382 389
1 5 2
9 412
1 14 2
482 491
1 15 2
338 344
1 11 2
147 418
1 7 2
54 87
1 3 2
284 309
1 14 2
343 394
1 12 2
76 290
1 11 2
191 360
1 5 2
181 359
1 13 2
6 453
1 5 2
146 457
1 2 2
145 455
1 8 2
29 30
1 13 2
67 446
1 4 2
313 352
1 12 2
254 285
1 10 2
13 106
1 14 2
410 411
1 10 2
282 464
1 14 2
323 393
1 9 2
31 70
1 7 2
78 348
1 11 2
99 120
1 6 2
128 227
1 12 2
265 450
1 10 2
55 204
1 15 2
362 494
1 11 2
196 436
1 2 2
393 403
1 8 2
67 210
1 5 2
29 93
1 11 2
440 493
1 13 2
44 69
1 2 2
175 333
1 12 2
119 403
1 6 2
51 430
1 9 2
290 357
1 11 2
64 209
1 5 2
41 250
1 6 2
141 437
1 3 2
55 387
1 11 2
132 198
1 10 2
156 236
1 13 2
396 467
1 15 2
292 381
1 11 2
256 365
1 10 2
24 438
1 5 2
184 408
1 11 2
92 400
1 11 2
141 344
1 4 2
204 485
1 12 2
206 489
1 8 2
368 481
1 2 2
125 209
1 6 2
82 223
1 15 2
132 322
1 11 2
453 454
1 15 2
19 376
1 14 2
38 88
1 4 2
11 205
1 6 2
201 485
1 3 2
65 214
1 15 2
71 297
1 3 2
315 497
1 8 2
72 117
1 9 2
81 300
1 3 2
55 366
1 3 2
398 498
1 2 2
145 425
1 8 2
56 143
1 3 2
241 375
1 6 2
255 419
1 13 2
221 339
1 3 2
120 494
1 11 2
158 323
1 3 2
323 366
1 8 2
289 435
1 11 2
44 197
1 4 2
29 474
1 2 2
203 270
1 7 2
53 392
1 2 2
306 315
1 14 2
387 478
1 15 2
437 495
1 4 2
10 242
1 12 2
19 78
1 10 2
144 339
1 7 2
111 373
1 12 2
208 358
1 12 2
77 375
1 2 2
342 485
1 15 2
349 454
1 9 2
310 414
1 13 2
311 418
1 13 2
389 485
1 10 2
453 466
1 14 2
3 13
1 15 2
3 470
1 6 2
459 496
1 8 2
99 403
1 12 2
96 468
1 5 2
313 416
1 6 2
59 76
1 15 2
225 324
1 10 2
88 177
1 9 2
43 57
1 9 2
196 389
1 5 2
103 258
1 5 2
106 148
1 9 2
84 483
1 4 2
180 317
1 14 2
375 433
1 4 2
139 348
1 14 2
419 490
1 8 2
73 203
1 14 2
52 439
1 4 2
148 198
1 6 2
246 263
1 11 2
70 363
1 12 2
222 477
1 3 2
46 455
1 5 2
64 354
1 9 2
132 416
1 14 2
163 214
1 3 2
16 244
1 10 2
318 447
1 11 2
15 342
1 5 2
46 380
1 4 2
15 460
1 6 2
64 481
1 7 2
114 252
1 8 2
38 70
1 12 2
230 397
1 6 2
192 396
1 14 2
355 467
1 5 2
113 170
1 12 2
97 156
1 14 2
49 485
1 3 2
144 345
1 2 2
376 432
1 6 2
138 367
1 3 2
152 367
1 12 2
47 78
1 15 2
276 284
1 4 2
78 497
1 13 2
460 488
1 12 2
319 358
1 5 2
19 246
1 9 2
7 138
1 10 2
288 334
1 4 2
170 226
1 5 2
130 443
1 6 2
232 287
1 11 2
283 443
1 2 2
17 137
1 9 2
86 119
1 14 2
37 406
1 4 2
189 360
1 5 2
185 221
1 3 2
206 288
1 14 2
68 441
1 10 2
319 445
1 7 2
128 447
1 7 2
289 407
1 7 2
262 477
1 3 2
54 440
1 11 2
156 398
1 12 2
140 499
1 13 2
143 292
1 8 2
350 402
1 4 2
207 339
1 8 2
68 222
1 3 2
192 266
1 14 2
4 466
1 14 2
477 479
1 5 2
31 270
1 14 2
17 43
1 5 2
66 90
1 14 2
140 181
1 11 2
115 194
1 14 2
84 346
1 15 2
230 450
1 14 2
110 400
1 7 2
128 473
1 12 2
55 221
1 15 2
419 458
1 14 2
178 289
1 9 2
18 455
1 6 2
57 292
1 14 2
319 426
1 15 2
18 97
1 10 2
34 240
1 14 2
106 227
1 9 2
4 459
1 7 2
174 475
1 10 2
445 486
1 9 2
121 268
1 7 2
36 129
1 10 2
478 484
1 11 2
221 401
1 5 2
255 406
1 6 2
356 448
1 5 2
157 441
1 14 2
172 433
1 3 2
178 313
1 3 2
100 492
1 9 2
182 361
1 15 2
316 470
1 5 2
85 280
1 8 2
296 364
1 8 2
306 397
1 2 2
17 212
1 3 2
138 161
1 6 2
11 262
1 13 2
166 178
1 11 2
224 257
1 14 2
278 394
1 5 2
206 289
1 8 2
44 291
1 8 2
153 338
1 10 2
202 322
1 10 2
141 497
1 2 2
30 163
1 4 2
42 408
1 15 2
101 465
1 2 2
125 448
1 4 2
299 386
1 3 2
135 226
1 9 2
485 497
1 6 2
145 155
1 6 2
69 487
1 5 2
86 364
1 8 2
8 175
1 10 2
13 345
1 2 2
203 329
1 5 2
171 375
1 2 2
158 315
1 12 2
412 435
1 11 2
67 303
1 10 2
240 305
1 8 2
194 468
1 12 2
315 433
1 7 2
6 70
1 2 2
45 113
1 7 2
128 178
1 2 2
131 378
1 9 2
95 273
1 7 2
292 307
1 7 2
417 471
1 13 2
12 95
1 12 2
44 428
1 12 2
38 236
1 10 2
60 159
1 4 2
185 307
1 12 2
98 416
1 8 2
99 101
1 4 2
83 459
1 3 2
253 489
1 7 2
70 120
1 2 2
27 133
1 8 2
282 462
1 8 2
155 170
1 8 2
23 265
1 8 2
132 458
1 8 2
12 470
1 9 2
289 443
1 7 2
330 482
1 7 2
272 339
1 15 2
296 383
1 3 2
106 394
1 5 2
15 123
1 8 2
239 309
1 5 2
11 149
1 11 2
95 455
1 13 2
388 499
1 2 2
229 367
1 9 2
105 424
1 3 2
373 453
1 2 2
130 202
1 15 2
197 466
1 11 2
244 288
1 10 2
13 138
1 7 2
234 251
1 15 2
221 413
1 3 2
333 377
1 2 2
94 369
1 2 2
437 485
1 7 2
154 224
1 12 2
284 363
1 5 2
283 286
1 11 2
20 103
1 2 2
290 355
1 9 2
100 203
1 7 2
383 433
1 9 2
76 337
1 11 2
28 77
1 13 2
73 398
1 10 2
177 464
1 14 2
427 436
1 3 2
100 272
1 6 2
249 375
1 14 2
319 375
1 6 2
72 261
1 6 2
14 431
1 15 2
155 379
1 7 2
288 416
1 3 2
29 185
1 7 2
37 236
1 11 2
78 93
1 11 2
341 478
1 15 2
304 308
1 11 2
123 167
1 12 2
339 424
1 9 2
68 335
1 7 2
34 269
1 4 2
2 176
1 11 2
65 298
1 4 2
61 476
1 12 2
259 331
1 13 2
434 490
1 2 2
149 306
1 5 2
103 254
1 12 2
101 165
1 7 2
177 214
1 11 2
107 298
1 7 2
114 280
1 7 2
346 406
1 9 2
84 213
1 2 2
222 397
1 13 2
3 424
1 9 2
146 450
1 10 2
236 247
1 14 2
447 457
1 2 2
361 375
1 3 2
264 391
1 4 2
98 449
1 12 2
16 139
1 2 2
301 490
1 11 2
5 34
1 11 2
156 486
1 15 2
32 457
1 7 2
98 398
1 6 2
196 345
1 9 2
143 407
1 13 2
335 413
1 10 2
21 267
1 12 2
356 429
1 12 2
68 288
1 3 2
3 402
1 2 2
297 433
1 10 2
305 482
1 4 2
304 362
1 7 2
35 474
1 8 2
249 409
1 15 2
379 456
1 9 2
235 322
1 11 2
197 474
1 3 2
233 308
1 4 2
4 414
1 7 2
163 413
1 4 2
109 494
1 7 2
95 157
1 3 2
53 443
1 12 2
159 309
1 12 2
24 56
1 4 2
111 253
1 6 2
238 335
1 6 2
141 155
1 10 2
72 479
1 11 2
312 411
1 11 2
64 422
1 14 2
235 300
1 3 2
48 264
1 3 2
13 400
1 3 2
43 56
1 8 2
248 312
1 9 2
3 211
1 11 2
414 488
1 12 2
110 282
1 11 2
106 270
1 13 2
249 470
1 10 2
127 339
1 4 2
147 326
1 7 2
412 430
1 9 2
3 358
1 8 2
231 369
1 5 2
117 336
1 14 2
398 416
1 2 2
168 192
1 8 2
136 213
1 14 2
113 358
1 2 2
94 443
1 12 2
226 289
1 14 2
310 447
1 7 2
131 446
1 5 2
54 196
1 14 2
3 299
1 15 2
85 145
1 12 2
19 414
1 3 2
387 472
1 3 2
78 282
1 7 2
97 488
1 8 2
173 271
1 7 2
106 476
1 11 2
357 466
1 13 2
141 424
1 9 2
18 303
1 10 2
238 407
1 2 2
189 340
1 11 2
81 247
1 6 2
412 456
1 4 2
63 481
1 6 2
332 475
1 13 2
49 286
1 7 2
184 273
1 8 2
37 265
1 3 2
100 382
1 4 2
218 421
1 5 2
352 495
1 4 2
139 278
1 10 2
137 333
1 13 2
138 159
1 7 2
90 96
1 3 2
219 270
1 14 2
43 125
1 10 2
357 393
1 7 2
248 448
1 13 2
176 364
1 10 2
28 442
1 6 2
22 164
1 7 2
185 443
1 2 2
50 494
1 15 2
437 491
1 14 2
65 402
1 3 2
145 440
1 10 2
93 334
1 6 2
68 271
1 12 2
202 254
1 4 2
76 319
1 11 2
278 334
1 4 2
186 229
1 14 2
55 306
1 8 2
54 103
1 14 2
104 345
1 4 2
335 434
1 8 2
20 99
1 11 2
189 276
1 8 2
152 499
1 10 2
45 146
1 3 2
39 132
1 10 2
148 203
1 3 2
286 327
1 10 2
29 444
1 13 2
215 463
1 8 2
181 193
1 11 2
260 314
1 15 2
76 222
1 5 2
0 15
1 2 2
125 490
1 13 2
228 422
1 15 2
33 167
1 12 2
375 442
1 8 2
257 375
1 12 2
124 296
1 13 2
88 111
1 12 2
233 246
1 12 2
140 218
1 13 2
218 489
1 11 2
318 477
1 14 2
145 452
1 8 2
253 497
1 14 2
145 266
1 3 2
325 408
1 10 2
304 397
1 2 2
407 473
1 2 2
335 461
1 14 2
126 251
1 9 2
265 345
1 4 2
150 411
1 3 2
172 319
1 12 2
81 88
1 8 2
167 355
1 11 2
122 464
1 9 2
47 167
1 14 2
338 352
1 2 2
226 384
1 7 2
348 407
1 4 2
206 372
1 4 2
148 341
1 11 2
214 252
1 15 2
142 349
1 13 2
15 192
1 15 2
149 162
1 8 2
243 463
1 6 2
117 246
1 2 2
251 429
1 14 2
364 442
1 8 2
92 221
1 3 2
58 159
1 9 2
146 347
1 5 2
400 469
1 10 2
103 369
1 6 2
42 457
1 6 2
49 456
1 15 2
23 371
1 13 2
30 227
1 2 2
107 333
1 14 2
278 386
1 2 2
96 151
1 14 2
316 430
1 7 2
79 254
1 14 2
31 333
1 2 2
96 355
1 4 2
341 364
1 6 2
67 145
1 13 2
246 498
1 6 2
179 488
1 4 2
288 395
1 3 2
41 112
1 4 2
172 216
1 4 2
132 269
1 9 2
48 135
1 3 2
331 358
1 9 2
71 329
1 13 2
31 279
1 3 2
231 277
1 5 2
366 445
1 2 2
335 410
1 4 2
135 349
1 5 2
301 469
1 6 2
123 452
1 9 2
55 165
1 13 2
292 342
1 4 2
171 223
1 13 2
223 411
1 13 2
256 287
1 3 2
218 453
1 14 2
413 499
1 9 2
88 112
1 13 2
167 429
1 2 2
482 498
1 4 2
1 54
1 7 2
210 226
1 4 2
36 445
1 14 2
78 471
1 7 2
203 276
1 12 2
377 462
1 3 2
220 451
1 14 2
74 284
1 10 2
20 478
1 14 2
202 317
1 4 2
321 433
1 10 2
215 483
1 12 2
126 183
1 12 2
332 497
1 13 2
236 429
1 5 2
282 363
1 2 2
100 189
1 6 2
11 275
1 10 2
148 287
1 7 2
7 433
1 13 2
98 290
1 12 2
73 430
1 9 2
222 245
1 15 2
291 461
1 13 2
60 113
1 8 2
183 196
1 2 2
279 443
1 6 2
193 466
1 2 2
38 306
1 10 2
39 303
1 9 2
248 309
1 2 2
50 278
1 6 2
77 94
1 14 2
69 217
1 5 2
208 437
1 6 2
192 221
1 6 2
226 389
1 13 2
28 225
1 11 2
350 438
1 13 2
18 406
1 7 2
101 178
1 4 2
48 320
1 6 2
390 445
1 9 2
302 451
1 10 2
87 458
1 3 2
215 234
1 2 2
205 253
1 10 2
220 261
1 10 2
333 347
1 6 2
138 358
1 7 2
25 79
1 8 2
243 348
1 8 2
274 404
1 13 2
0 4
1 3 2
122 380
1 12 2
219 257
1 10 2
77 153
1 14 2
12 61
1 8 2
363 381
1 3 2
186 438
1 12 2
31 48
1 6 2
77 98
1 5 2
18 159
1 6 2
35 108
1 4 2
110 458
1 3 2
114 344
1 9 2
183 258
1 13 2
264 470
1 14 2
172 422
1 8 2
283 497
1 14 2
42 406
1 12 2
21 340
1 3 2
356 361
1 6 2
165 222
1 6 2
46 250
1 12 2
165 470
1 8 2
164 376
1 4 2
161 484
1 8 2
111 228
1 10 2
79 155
1 9 2
1 300
1 11 2
154 276
1 9 2
92 252
1 9 2
24 176
1 3 2
125 234
1 5 2
138 375
1 5 2
0 167
1 13 2
336 358
1 12 2
181 205
1 14 2
154 258
1 9 2
115 448
1 3 2
290 384
1 10 2
55 238
1 2 2
307 456
1 6 2
160 363
1 5 2
241 421
1 9 2
380 464
1 15 2
116 189
1 4 2
182 266
1 10 2
168 283
1 4 2
189 313
1 5 2
271 317
1 9 2
118 393
1 10 2
235 240
1 8 2
297 358
1 15 2
369 448
1 8 2
282 388
1 10 2
179 480
1 15 2
173 174
1 6 2
131 398
1 7 2
178 451
1 6 2
418 468
1 3 2
79 107
1 7 2
293 437
1 7 2
251 297
1 7 2
295 308
1 13 2
2 325
1 3 2
70 283
1 8 2
119 338
1 14 2
376 410
1 14 2
152 463
1 10 2
161 365
1 10 2
225 271
1 11 2
6 477
1 12 2
169 257
1 2 2
63 305
1 14 2
341 361
1 9 2
9 493
1 13 2
17 92
1 7 2
114 168
1 10 2
14 25
1 10 2
238 338
1 6 2
200 289
1 14 2
290 301
1 6 2
128 336
1 4 2
443 492
1 15 2
240 348
1 14 2
73 241
1 4 2
176 230
1 3 2
96 158
1 4 2
178 275
1 14 2
380 492
1 7 2
87 411
1 11 2
256 270
1 14 2
115 363
1 8 2
176 315
1 3 2
263 476
1 9 2
191 349
1 11 2
306 323
1 6 2
39 125
1 11 2
145 411
1 13 2
9 188
1 12 2
1 99
1 14 2
244 484
1 14 2
329 461
1 11 2
162 499
1 5 2
38 312
1 10 2
297 425
1 5 2
75 133
1 10 2
17 120
1 5 2
277 450
1 13 2
89 242
1 6 2
14 80
1 8 2
68 360
1 9 2
78 226
1 9 2
171 419
1 8 2
117 211
1 15 2
399 422
1 10 2
274 403
1 11 2
203 350
1 7 2
94 246
1 9 2
159 182
1 4 2
104 347
1 8 2
11 16
1 2 2
30 86
1 8 2
190 291
1 6 2
278 345
1 5 2
247 282
1 15 2
174 304
1 15 2
405 437
1 14 2
251 288
1 15 2
15 331
1 13 2
67 260
1 6 2
18 143
1 2 2
101 137
1 10 2
51 180
1 9 2
414 426
1 6 2
240 372
1 12 2
13 87
1 9 2
356 394
1 3 2
442 486
1 5 2
303 379
1 15 2
199 437
1 11 2
61 355
1 13 2
146 252
1 3 2
423 447
1 7 2
280 349
1 9 2
151 316
1 10 2
31 456
1 5 2
45 410
1 5 2
326 466
1 6 2
246 381
1 4 2
11 255
1 15 2
97 483
1 6 2
224 339
1 2 2
29 116
1 11 2
105 226
1 4 2
11 498
1 10 2
187 418
1 8 2
369 487
1 4 2
187 195
1 10 2
382 422
1 14 2
298 474
1 13 2
254 301
1 6 2
183 263
1 8 2
151 413
1 8 2
34 444
1 11 2
333 403
1 3 2
45 70
1 7 2
241 348
1 8 2
160 213
1 10 2
49 413
1 6 2
93 392
1 5 2
119 450
1 2 2
3 122
1 2 2
225 298
1 10 2
362 449
1 7 2
97 441
1 5 2
2 382
1 14 2
323 349
1 13 2
181 214
1 7 2
19 360
1 5 2
143 277
1 7 2
35 251
1 7 2
129 336
1 13 2
238 385
1 5 2
225 457
1 10 2
227 346
1 9 2
196 362
1 15 2
135 294
1 14 2
119 258
1 12 2
59 123
1 13 2
251 367
1 4 2
201 468
1 11 2
52 481
1 15 2
161 429
1 14 2
11 59
1 15 2
29 40
1 7 2
347 491
1 8 2
180 190
1 11 2
180 277
1 13 2
218 307
1 8 2
299 389
1 4 2
1 262
1 4 2
114 244
1 11 2
327 412
1 4 2
138 474
1 6 2
79 481
1 7 2
15 103
1 13 2
139 396
1 5 2
85 255
1 14 2
88 345
1 3 2
152 428
1 5 2
226 401
1 13 2
75 298
1 10 2
372 483
1 15 2
1 108
1 15 2
131 248
1 14 2
40 193
1 4 2
332 442
1 10 2
221 250
1 5 2
89 260
1 13 2
275 350
1 9 2
214 260
1 3 2
149 282
1 13 2
141 204
1 15 2
103 156
1 6 2
175 390
1 15 2
63 227
1 4 2
122 469
1 10 2
127 156
1 7 2
74 167
1 8 2
123 309
1 13 2
69 189
1 2 2
292 403
1 9 2
199 308
1 2 2
223 343
1 8 2
18 144
1 7 2
84 444
1 10 2
335 414
1 15 2
13 56
1 2 2
365 455
1 15 2
36 447
1 12 2
220 440
1 8 2
56 290
1 15 2
20 163
1 3 2
198 313
1 14 2
24 388
1 6 2
133 498
1 11 2
1 30
1 3 2
234 295
1 2 2
279 416
1 3 2
4 267
1 5 2
141 395
1 15 2
86 392
1 10 2
90 121
1 11 2
140 344
1 9 2
82 411
1 13 2
82 495
1 8 2
298 362
1 2 2
346 389
1 13 2
228 239
1 12 2
197 435
1 7 2
246 431
1 11 2
122 241
1 6 2
210 342
1 8 2
397 433
1 8 2
51 206
1 8 2
266 277
1 3 2
139 482
1 10 2
205 276
1 10 2
7 352
1 6 2
288 440
1 4 2
191 234
1 3 2
395 489
1 8 2
14 362
1 13 2
1 244
1 11 2
275 298
1 9 2
21 88
1 8 2
50 154
1 4 2
40 177
1 7 2
92 114
1 5 2
116 223
1 6 2
173 231
1 14 2
176 385
1 7 2
291 400
1 4 2
130 496
1 4 2
289 448
1 3 2
206 268
1 2 2
189 387
1 11 2
231 372
1 3 2
134 161
1 11 2
424 465
1 14 2
143 384
1 12 2
147 164
1 2 2
75 482
1 11 2
154 282
1 4 2
159 358
1 14 2
68 408
1 13 2
43 351
1 10 2
25 301
1 4 2
325 351
1 12 2
86 269
1 4 2
163 192
1 12 2
7 320
1 14 2
44 252
1 2 2
420 441
1 14 2
3 319
1 8 2
48 479
1 8 2
241 437
1 9 2
158 452
1 6 2
20 39
1 2 2
13 249
1 9 2
16 213
1 14 2
165 185
1 12 2
52 381
1 6 2
353 490
1 2 2
290 390
1 6 2
11 459
1 2 2
427 434
1 5 2
87 343
1 11 2
42 333
1 5 2
296 340
1 10 2
239 477
1 5 2
72 170
1 2 2
270 322
1 6 2
30 40
1 2 2
311 480
1 14 2
134 395
1 6 2
52 176
1 12 2
94 410
1 15 2
37 360
1 12 2
309 314
1 13 2
105 254
1 10 2
192 414
1 6 2
41 97
1 15 2
184 403
1 5 2
329 493
1 5 2
162 343
1 15 2
6 335
1 3 2
133 234
1 5 2
48 117
1 10 2
353 479
1 15 2
297 404
1 15 2
39 298
1 2 2
72 430
1 7 2
294 381
1 8 2
49 341
1 10 2
360 476
1 3 2
276 293
1 2 2
266 344
1 3 2
82 365
1 9 2
169 230
1 11 2
116 121
1 8 2
218 262
1 9 2
16 91
1 3 2
95 153
1 5 2
324 354
1 14 2
379 397
1 12 2
393 464
1 6 2
230 279
1 5 2
295 440
1 2 2
283 474
1 3 2
300 394
1 9 2
213 364
1 13 2
32 277
1 3 2
161 374
1 9 2
193 345
1 5 2
274 474
1 15 2
1 406
1 11 2
199 306
1 8 2
78 322
1 12 2
188 483
1 3 2
108 317
1 11 2
131 476
1 15 2
257 306
1 9 2
59 75
1 11 2
475 498
1 15 2
290 327
1 12 2
309 407
1 11 2
349 352
1 2 2
27 97
1 15 2
224 367
1 7 2
81 278
1 3 2
174 273
1 3 2
82 486
1 9 2
21 122
1 9 2
316 458
1 14 2
18 41
1 11 2
109 285
1 6 2
41 118
1 3 2
121 338
1 7 2
106 365
1 7 2
316 320
1 7 2
337 359
1 6 2
375 447
1 8 2
243 488
1 14 2
341 457
1 6 2
217 223
1 4 2
7 467
1 15 2
187 299
1 14 2
332 447
1 9 2
277 384
1 7 2
411 428
1 8 2
88 455
1 6 2
63 219
1 11 2
47 286
1 7 2
159 265
1 6 2
173 434
1 7 2
49 349
1 4 2
10 369
1 14 2
408 465
1 15 2
241 446
1 9 2
270 493
1 13 2
234 464
1 15 2
192 477
1 7 2
69 195
1 11 2
142 342
1 15 2
81 390
1 10 2
422 443
1 3 2
345 413
1 9 2
54 145
1 11 2
381 388
1 5 2
123 494
1 3 2
7 470
1 3 2
37 139
1 6 2
175 183
1 14 2
55 332
1 2 2
90 303
1 9 2
319 487
1 7 2
4 357
1 11 2
173 464
1 10 2
153 399
1 5 2
23 171
1 2 2
258 273
1 13 2
61 119
1 12 2
253 274
1 14 2
0 476
1 3 2
16 83
1 6 2
13 270
1 12 2
128 191
1 12 2
38 170
1 7 2
223 271
1 11 2
417 452
1 14 2
260 481
1 4 2
173 211
1 6 2
255 487
1 4 2
166 320
1 14 2
207 348
1 13 2
15 284
1 3 2
319 378
1 9 2
91 175
1 10 2
50 201
1 3 2
457 495
1 8 2
39 192
1 4 2
31 428
1 4 2
82 465
1 14 2
3 156
1 11 2
219 396
1 9 2
2 403
1 4 2
88 469
1 12 2
268 440
1 15 2
249 461
1 13 2
29 51
1 8 2
183 422
1 4 2
134 249
1 11 2
25 114
1 2 2
178 214
1 10 2
55 407
1 12 2
134 458
1 4 2
313 406
1 15 2
198 214
1 12 2
17 149
1 15 2
424 460
1 13 2
112 136
1 14 2
116 383
1 12 2
109 493
1 4 2
41 74
1 14 2
206 371
1 10 2
302 378
1 14 2
182 470
1 9 2
24 265
1 11 2
64 332
1 4 2
83 166
1 15 2
397 492
1 2 2
186 233
1 5 2
354 374
1 7 2
34 221
1 6 2
12 84
1 7 2
300 388
1 12 2
177 260
1 13 2
102 388
1 6 2
253 412
1 3 2
187 188
1 10 2
62 365
1 5 2
185 417
1 10 2
401 405
1 15 2
102 294
1 10 2
41 245
1 11 2
452 458
1 3 2
9 208
1 6 2
207 405
1 3 2
56 82
1 2 2
226 429
1 12 2
214 420
1 7 2
5 497
1 7 2
40 317
1 11 2
186 449
1 7 2
406 415
1 9 2
327 409
1 7 2
128 259
1 10 2
373 425
1 6 2
40 71
1 15 2
45 165
1 9 2
118 409
1 3 2
123 434
1 2 2
147 357
1 11 2
126 225
1 11 2
158 300
1 5 2
223 400
1 3 2
71 380
1 3 2
138 316
1 6 2
324 487
1 8 2
329 343
1 15 2
119 312
1 15 2
370 483
1 5 2
199 324
1 9 2
331 449
1 12 2
143 405
1 11 2
37 130
1 2 2
35 226
1 8 2
29 98
1 10 2
90 426
1 8 2
184 448
1 11 2
155 247
1 12 2
16 281
1 12 2
412 441
1 12 2
16 233
1 2 2
236 330
1 12 2
100 266
1 5 2
161 244
1 4 2
183 209
1 8 2
297 418
1 15 2
327 439
1 12 2
176 474
1 7 2
46 343
1 12 2
105 356
1 8 2
7 395
1 8 2
69 287
1 10 2
254 282
1 11 2
313 345
1 4 2
229 300
1 12 2
166 336
1 10 2
159 367
1 5 2
33 482
1 3 2
272 400
1 6 2
2 416
1 13 2
96 304
1 12 2
219 483
1 10 2
137 340
1 2 2
154 237
1 6 2
223 325
1 13 2
276 349
1 13 2
256 427
1 12 2
85 270
1 4 2
225 234
1 11 2
55 474
1 11 2
56 287
1 8 2
114 413
1 13 2
38 142
1 5 2
380 409
1 3 2
246 421
1 12 2
383 462
1 8 2
87 113
1 5 2
238 364
1 10 2
339 498
1 5 2
269 474
1 6 2
112 195
1 2 2
162 239
1 15 2
287 463
1 4 2
87 181
1 12 2
70 237
1 6 2
338 372
1 9 2
97 358
1 2 2
56 461
1 13 2
41 122
1 11 2
145 373
1 3 2
155 319
1 5 2
20 156
1 14 2
60 191
1 8 2
44 496
1 6 2
106 451
1 3 2
150 395
1 2 2
141 288
1 14 2
300 321
1 14 2
109 224
1 13 2
135 374
1 15 2
219 240
1 5 2
100 271
1 5 2
215 272
1 5 2
251 482
1 14 2
262 470
1 6 2
99 341
1 15 2
322 401
1 12 2
121 413
1 9 2
230 383
1 15 2
424 433
1 15 2
157 260
1 3 2
49 214
1 12 2
115 270
1 3 2
153 412
1 6 2
4 360
1 2 2
198 445
1 6 2
150 211
1 8 2
153 358
1 2 2
188 499
1 7 2
191 464
1 12 2
176 437
1 14 2
212 389
1 4 2
351 497
1 5 2
302 327
1 10 2
262 448
1 15 2
303 345
1 4 2
140 318
1 9 2
148 410
1 13 2
182 295
1 7 2
34 209
1 10 2
4 263
1 15 2
1 298
1 3 2
217 400
1 5 2
422 440
1 6 2
4 325
1 15 2
142 378
1 10 2
237 367
1 10 2
34 123
1 10 2
60 246
1 14 2
257 451
1 11 2
83 115
1 14 2
284 484
1 13 2
446 469
1 12 2
158 434
1 3 2
210 381
1 12 2
88 370
1 4 2
157 266
1 6 2
47 496
1 11 2
201 357
1 7 2
88 241
1 13 2
83 493
1 12 2
52 279
1 9 2
26 460
1 6 2
225 489
1 5 2
173 482
1 5 2
149 486
1 14 2
85 469
1 2 2
189 190
1 5 2
9 136
1 4 2
7 30
1 3 2
306 363
1 7 2
124 127
1 7 2
230 249
1 15 2
238 496
1 10 2
49 404
1 4 2
45 253
1 7 2
82 255
1 2 2
354 355
1 7 2
307 372
1 4 2
296 396
1 7 2
119 237
1 14 2
55 293
1 7 2
57 286
1 8 2
105 212
1 4 2
145 287
1 5 2
389 489
1 3 2
123 142
1 15 2
367 463
1 12 2
18 274
1 9 2
54 299
1 3 2
185 322
1 13 2
347 410
1 14 2
205 396
1 12 2
284 405
1 9 2
31 107
1 5 2
96 415
1 2 2
26 327
1 14 2
35 464
1 6 2
237 343
1 11 2
134 487
1 10 2
246 455
1 14 2
223 240
1 2 2
321 423
1 3 2
5 78
1 11 2
227 301
1 12 2
201 234
1 11 2
21 211
1 6 2
25 35
1 7 2
100 361
1 14 2
72 81
1 3 2
357 394
1 7 2
93 272
1 7 2
132 371
1 5 2
99 348
1 6 2
233 391
1 10 2
186 339
1 8 2
8 231
1 2 2
449 481
1 15 2
137 353
1 13 2
14 140
1 14 2
132 343
1 12 2
170 410
1 15 2
56 91
1 3 2
7 13
1 9 2
366 422
1 8 2
65 428
1 5 2
345 408
1 7 2
111 210
1 2 2
211 305
1 4 2
18 440
1 13 2
27 386
1 6 2
33 136
1 6 2
429 446
1 9 2
15 77
1 2 2
102 196
1 4 2
219 492
1 2 2
4 131
1 9 2
143 276
1 11 2
59 133
1 8 2
201 300
1 11 2
15 27
1 15 2
379 435
1 14 2
55 310
1 7 2
172 450
1 14 2
104 114
1 2 2
376 439
1 9 2
224 466
1 4 2
390 432
1 4 2
266 491
1 12 2
62 88
1 9 2
151 229
1 2 2
35 378
1 15 2
261 441
1 3 2
166 451
1 13 2
17 238
1 15 2
31 222
1 9 2
427 452
1 2 2
173 313
1 7 2
226 272
1 5 2
109 202
1 10 2
110 239
1 2 2
379 457
1 7 2
155 499
1 6 2
117 421
1 13 2
364 400
1 15 2
62 77
1 14 2
195 378
1 9 2
282 312
1 7 2
124 481
1 4 2
263 435
1 13 2
24 364
1 13 2
38 234
1 15 2
78 464
1 6 2
147 444
1 15 2
210 343
1 7 2
45 287
1 9 2
25 273
1 9 2
103 277
1 9 2
88 173
1 10 2
232 470
1 12 2
257 462
1 12 2
178 460
1 4 2
106 296
1 9 2
251 458
1 7 2
181 303
1 5 2
182 189
1 4 2
415 449
1 5 2
129 358
1 5 2
148 158
1 13 2
241 309
1 15 2
276 434
1 5 2
251 441
1 8 2
24 301
1 5 2
136 192
1 13 2
320 467
1 12 2
316 403
1 2 2
27 257
1 7 2
123 245
1 8 2
105 110
1 11 2
103 390
1 7 2
11 285
1 2 2
144 416
1 15 2
113 448
1 11 2
173 209
1 9 2
93 494
1 12 2
173 481
1 5 2
285 316
1 13 2
180 227
1 7 2
250 473
1 12 2
138 498
1 8 2
306 497
1 12 2
8 20
1 9 2
214 344
1 5 2
20 404
1 12 2
164 213
1 5 2
69 441
1 2 2
389 430
1 9 2
211 339
1 4 2
98 259
1 6 2
275 323
1 10 2
304 374
1 9 2
235 466
1 6 2
301 374
1 10 2
24 238
1 12 2
5 56
1 4 2
33 170
1 15 2
131 484
1 5 2
92 152
1 6 2
147 234
1 8 2
299 394
1 10 2
176 423
1 11 2
2 90
1 15 2
32 244
1 3 2
116 449
1 15 2
234 452
1 9 2
246 283
1 3 2
261 272
1 6 2
36 280
1 15 2
120 210
1 6 2
245 330
1 15 2
10 449
1 7 2
248 339
1 5 2
148 297
1 10 2
182 202
1 7 2
138 344
1 15 2
55 158
1 11 2
322 439
1 14 2
177 204
1 8 2
127 248
1 13 2
38 138
1 14 2
157 265
1 11 2
83 452
1 13 2
373 432
1 5 2
327 462
1 8 2
165 360
1 13 2
77 204
1 13 2
79 139
1 9 2
38 286
1 9 2
133 388
1 9 2
176 387
1 13 2
318 490
1 12 2
327 474
1 8 2
5 442
1 9 2
360 411
1 5 2
45 81
1 13 2
9 315
1 4 2
420 491
1 3 2
264 300
1 6 2
236 480
1 3 2
337 488
1 13 2
396 495
1 12 2
65 348
1 7 2
241 481
1 5 2
134 289
1 8 2
176 202
1 9 2
152 227
1 10 2
207 478
1 6 2
334 388
1 11 2
143 199
1 2 2
110 234
1 13 2
140 224
1 10 2
287 409
1 8 2
33 392
1 10 2
86 169
1 3 2
185 370
1 12 2
263 346
1 12 2
24 331
1 12 2
296 421
1 15 2
115 305
1 7 2
142 157
1 9 2
217 282
1 7 2
40 309
1 7 2
186 277
1 10 2
114 487
1 6 2
121 392
1 4 2
86 440
1 4 2
252 467
1 8 2
42 412
1 2 2
288 460
1 6 2
295 376
1 15 2
365 451
1 8 2
89 404
1 4 2
291 397
1 10 2
434 493
1 9 2
422 436
1 10 2
1 462
1 10 2
14 370
1 10 2
285 422
1 6 2
315 419
1 13 2
42 147
1 12 2
87 225
1 13 2
33 406
1 7 2
114 121
1 6 2
204 419
1 2 2
87 479
1 8 2
440 468
1 9 2
52 485
1 10 2
2 400
1 7 2
86 339
1 10 2
16 41
1 7 2
43 347
1 12 2
109 305
1 10 2
419 469
1 6 2
165 243
1 10 2
7 329
1 10 2
72 211
1 12 2
59 451
1 6 2
41 267
1 6 2
44 320
1 14 2
39 485
1 2 2
106 410
1 14 2
58 235
1 2 2
328 477
1 4 2
141 162
1 7 2
75 227
1 14 2
180 192
1 14 2
68 127
1 9 2
417 493
1 9 2
279 281
1 6 2
156 334
1 11 2
31 138
1 7 2
375 443
1 8 2
323 394
1 2 2
334 411
1 10 2
93 189
1 11 2
17 73
1 2 2
136 260
1 10 2
23 334
1 13 2
5 378
1 7 2
357 408
1 8 2
399 455
1 11 2
55 334
1 8 2
76 144
1 2 2
190 350
1 7 2
280 298
1 4 2
201 417
1 14 2
24 443
1 11 2
22 64
1 8 2
329 469
1 11 2
88 379
1 2 2
187 230
1 11 2
294 443
1 8 2
214 378
1 2 2
51 353
1 4 2
235 491
1 9 2
86 224
1 15 2
46 261
1 10 2
286 354
1 8 2
83 320
1 7 2
36 198
1 15 2
78 228
1 14 2
269 405
1 6 2
115 420
1 15 2
68 432
1 5 2
144 446
1 13 2
101 481
1 12 2
197 454
1 9 2
272 420
1 12 2
198 288
1 15 2
170 349
1 2 2
17 477
1 2 2
192 360
1 6 2
70 354
1 6 2
11 462
1 6 2
288 485
1 5 2
156 492
1 8 2
24 444
1 5 2
10 450
1 3 2
330 377
1 12 2
212 283
1 4 2
20 347
1 14 2
129 280
1 2 2
96 477
1 10 2
80 222
1 11 2
288 499
1 6 2
116 203
1 3 2
37 444
1 12 2
2 64
1 8 2
51 234
1 6 2
300 312
1 10 2
3 262
1 7 2
255 409
1 4 2
3 364
1 7 2
4 241
1 6 2
178 321
1 11 2
252 363
1 7 2
60 285
1 2 2
2 404
1 4 2
115 313
1 11 2
51 396
1 7 2
91 431
1 11 2
350 374
1 12 2
110 176
1 6 2
12 27
1 8 2
32 494
1 5 2
57 310
1 6 2
210 217
1 5 2
20 258
1 10 2
6 386
1 5 2
155 171
1 14 2
425 469
1 14 2
252 338
1 15 2
259 311
1 9 2
62 68
1 5 2
0 169
1 10 2
206 441
1 7 2
125 482
1 14 2
239 362
1 13 2
177 492
1 3 2
169 415
1 8 2
28 124
1 5 2
2 279
1 4 2
217 457
1 10 2
75 199
1 12 2
147 464
1 8 2
167 472
1 14 2
189 242
1 10 2
201 331
1 14 2
173 418
1 5 2
483 486
1 9 2
286 399
1 12 2
31 262
1 13 2
366 390
1 10 2
57 413
1 12 2
269 416
1 6 2
198 200
1 7 2
9 151
1 6 2
376 382
1 11 2
17 457
1 7 2
107 311
1 15 2
73 446
1 10 2
17 304
1 8 2
63 406
1 5 2
118 227
1 2 2
229 479
1 8 2
334 366
1 12 2
165 284
1 6 2
255 262
1 11 2
36 438
1 10 2
237 419
1 6 2
155 352
1 8 2
104 463
1 2 2
422 473
1 4 2
68 393
1 5 2
96 361
1 2 2
30 63
1 8 2
165 404
1 5 2
176 236
1 8 2
297 430
1 10 2
349 467
1 4 2
322 348
1 12 2
77 406
1 2 2
149 394
1 12 2
221 475
1 13 2
185 488
1 2 2
146 443
1 8 2
150 163
1 9 2
396 434
1 9 2
71 119
1 12 2
182 260
1 9 2
121 466
1 11 2
225 282
1 7 2
203 255
1 3 2
83 209
1 7 2
59 178
1 5 2
266 475
1 6 2
145 413
1 5 2
78 481
1 4 2
207 231
1 15 2
68 316
1 15 2
286 414
1 4 2
107 490
1 4 2
229 260
1 6 2
53 463
1 3 2
60 131
1 12 2
183 400
1 9 2
251 402
1 14 2
76 183
1 2 2
259 347
1 12 2
154 425
1 12 2
274 290
1 6 2
242 332
1 10 2
234 392
1 6 2
297 415
1 13 2
353 413
1 14 2
251 449
1 12 2
233 337
1 5 2
22 236
1 7 2
12 486
1 13 2
101 455
1 6 2
425 493
1 12 2
181 349
1 10 2
239 356
1 5 2
4 474
1 2 2
301 460
1 3 2
166 332
1 13 2
45 78
1 11 2
197 447
1 12 2
305 426
1 4 2
22 297
1 5 2
75 369
1 6 2
282 434
1 13 2
483 491
1 8 2
68 70
1 11 2
119 156
1 14 2
104 314
1 10 2
1 136
1 3 2
175 478
1 9 2
276 481
1 14 2
79 192
1 13 2
151 240
1 11 2
370 486
1 9 2
54 237
1 2 2
71 146
1 14 2
107 332
1 7 2
176 324
1 12 2
44 431
1 6 2
354 480
1 4 2
15 170
1 10 2
263 291
1 5 2
161 385
1 8 2
191 363
1 5 2
0 400
1 4 2
12 334
1 8 2
396 465
1 14 2
219 332
1 11 2
108 335
1 11 2
160 187
1 11 2
32 349
1 8 2
358 489
1 11 2
79 218
1 11 2
230 236
1 7 2
250 308
1 12 2
263 406
1 8 2
106 201
1 11 2
37 91
1 3 2
63 210
1 7 2
13 72
1 10 2
63 493
1 14 2
373 451
1 11 2
120 459
1 11 2
104 445
1 12 2
123 493
1 2 2
27 382
1 3 2
113 483
1 3 2
158 275
1 3 2
12 400
1 7 2
239 432
1 3 2
111 446
1 7 2
350 397
1 14 2
74 498
1 12 2
370 419
1 4 2
342 398
1 9 2
260 494
1 12 2
146 170
1 12 2
113 332
1 13 2
39 55
1 12 2
217 296
1 4 2
97 376
1 15 2
90 106
1 7 2
175 403
1 5 2
111 234
1 11 2
56 153
1 8 2
50 296
1 8 2
93 440
1 15 2
96 211
1 11 2
313 324
1 6 2
149 455
1 5 2
152 347
1 6 2
288 418
1 11 2
125 356
1 11 2
155 441
1 10 2
199 420
1 14 2
103 129
1 9 2
88 175
1 6 2
113 420
1 11 2
239 299
1 10 2
134 411
1 10 2
135 270
1 11 2
342 372
1 7 2
37 496
1 4 2
228 271
1 7 2
356 463
1 2 2
252 361
1 7 2
206 497
1 13 2
156 346
1 7 2
25 424
1 3 2
362 462
1 6 2
1 202
1 7 2
226 390
1 6 2
200 280
1 8 2
295 446
1 12 2
211 373
1 3 2
154 178
1 7 2
25 282
1 9 2
183 225
1 10 2
143 287
1 7 2
30 264
1 3 2
32 460
1 4 2
264 441
1 4 2
106 462
1 11 2
355 425
1 2 2
86 213
1 11 2
31 275
1 7 2
253 387
1 6 2
371 383
1 13 2
308 409
1 2 2
181 440
1 3 2
208 336
1 5 2
51 54
1 5 2
40 334
1 13 2
28 354
1 9 2
61 388
1 11 2
314 348
1 2 2
238 244
1 9 2
81 160
1 10 2
2 477
1 2 2
316 428
1 14 2
172 294
1 12 2
24 59
1 14 2
9 353
1 11 2
144 426
1 5 2
133 321
1 7 2
133 257
1 4 2
138 247
1 12 2
130 417
1 3 2
297 432
1 7 2
74 78
1 15 2
22 69
1 4 2
226 273
1 3 2
153 382
1 4 2
239 335
1 3 2
1 17
1 11 2
109 131
1 3 2
173 430
1 13 2
138 304
1 12 2
77 304
1 4 2
5 272
1 5 2
21 158
1 13 2
86 214
1 15 2
325 478
1 11 2
157 309
1 8 2
152 472
1 10 2
55 315
1 4 2
237 317
1 2 2
0 237
1 5 2
304 376
1 14 2
25 312
1 5 2
56 249
1 12 2
187 444
1 11 2
94 352
1 4 2
102 186
1 4 2
253 273
1 12 2
88 262
1 5 2
166 302
1 2 2
78 276
1 6 2
271 338
1 7 2
99 195
1 15 2
328 484
1 13 2
182 457
1 13 2
448 496
1 9 2
123 298
1 10 2
33 145
1 4 2
108 334
1 6 2
87 349
1 13 2
49 103
1 7 2
115 481
1 13 2
207 396
1 6 2
2 9
1 8 2
26 316
1 13 2
290 468
1 5 2
49 339
1 14 2
192 402
1 14 2
312 406
1 2 2
349 485
1 15 2
233 370
1 12 2
101 382
1 5 2
45 305
1 8 2
133 364
1 6 2
74 350
1 15 2
194 332
1 6 2
329 379
1 9 2
83 466
1 12 2
5 160
1 13 2
246 446
1 9 2
164 285
1 5 2
137 412
1 14 2
126 326
1 15 2
315 404
1 8 2
433 452
1 4 2
447 499
1 7 2
29 106
1 3 2
91 315
1 3 2
196 426
1 15 2
219 379
1 14 2
285 310
1 8 2
134 412
1 3 2
415 496
1 7 2
176 305
1 5 2
287 306
1 14 2
339 381
1 15 2
68 187
1 7 2
81 164
1 12 2
180 418
1 3 2
303 321
1 4 2
9 226
1 8 2
104 469
1 3 2
179 401
1 8 2
102 282
1 13 2
308 407
1 10 2
311 326
1 11 2
164 484
1 3 2
156 397
1 12 2
347 405
1 9 2
21 156
1 8 2
338 473
1 8 2
47 119
1 14 2
186 465
1 12 2
37 493
1 7 2
264 435
1 2 2
60 404
1 6 2
331 459
1 8 2
410 489
1 5 2
72 185
1 10 2
114 160
1 2 2
222 228
1 13 2
402 490
1 5 2
147 390
1 14 2
344 359
1 14 2
57 259
1 7 2
24 292
1 6 2
61 241
1 9 2
104 152
1 11 2
224 387
1 6 2
31 346
1 6 2
213 402
1 15 2
272 498
1 5 2
42 189
1 7 2
303 310
1 8 2
42 295
1 8 2
129 136
1 3 2
223 414
1 11 2
5 431
1 14 2
203 282
1 13 2
76 469
1 10 2
402 431
1 3 2
222 480
1 4 2
0 256
1 14 2
247 451
1 10 2
184 357
1 14 2
104 494
1 7 2
24 465
1 14 2
470 479
1 6 2
87 446
1 3 2
40 327
1 9 2
287 440
1 3 2
249 315
1 4 2
106 377
1 11 2
108 169
1 8 2
422 460
1 14 2
86 415
1 7 2
147 477
1 5 2
193 318
1 14 2
101 188
1 8 2
152 263
1 5 2
393 450
1 6 2
94 296
1 15 2
284 370
1 14 2
257 263
1 9 2
7 237
1 9 2
144 428
1 14 2
109 444
1 13 2
336 483
1 11 2
23 328
1 12 2
214 297
1 7 2
429 486
1 10 2
132 314
1 13 2
137 350
1 10 2
210 280
1 5 2
83 149
1 13 2
144 398
1 10 2
93 241
1 15 2
465 483
1 11 2
193 207
1 7 2
286 452
1 6 2
361 449
1 12 2
75 83
1 12 2
379 403
1 8 2
118 394
1 12 2
26 165
1 6 2
195 410
1 12 2
215 465
1 8 2
140 295
1 8 2
272 399
1 7 2
349 436
1 5 2
62 265
1 8 2
228 233
1 6 2
91 475
1 11 2
381 453
1 10 2
202 331
1 10 2
77 333
1 3 2
305 419
1 15 2
286 404
1 10 2
228 453
1 4 2
136 255
1 13 2
262 368
1 5 2
23 155
1 15 2
7 317
1 3 2
257 372
1 5 2
60 455
1 12 2
52 135
1 8 2
290 446
1 12 2
428 463
1 4 2
73 324
1 3 2
100 139
1 13 2
241 277
1 4 2
319 387
1 13 2
159 195
1 6 2
82 395
1 12 2
191 330
1 15 2
285 304
1 6 2
73 256
1 4 2
388 477
1 13 2
407 494
1 12 2
145 370
1 10 2
298 299
1 8 2
377 481
1 12 2
324 394
1 8 2
249 473
1 9 2
20 232
1 3 2
97 267
1 8 2
106 137
1 6 2
135 380
1 5 2
305 466
1 6 2
249 362
1 3 2
28 131
1 7 2
285 458
1 14 2
253 446
1 11 2
36 358
1 9 2
120 305
1 15 2
98 180
1 6 2
102 179
1 9 2
3 472
1 15 2
48 313
1 7 2
237 418
1 12 2
119 405
1 4 2
429 457
1 5 2
325 450
1 7 2
203 414
1 2 2
86 155
1 15 2
332 336
1 5 2
21 479
1 5 2
82 166
1 7 2
40 390
1 9 2
62 461
1 2 2
139 417
1 13 2
153 195
1 13 2
223 432
1 12 2
40 188
1 8 2
189 191
1 10 2
401 444
1 7 2
245 285
1 8 2
115 393
1 7 2
305 488
1 6 2
181 471
1 12 2
174 258
1 7 2
176 410
1 2 2
6 38
1 11 2
34 321
1 13 2
186 343
1 4 2
351 363
1 5 2
9 61
1 11 2
101 161
1 2 2
108 176
1 3 2
325 343
1 10 2
147 152
1 10 2
214 394
1 5 2
89 375
1 15 2
211 496
1 6 2
211 479
1 14 2
220 246
1 11 2
113 268
1 13 2
182 391
1 9 2
116 188
1 8 2
166 353
1 9 2
274 336
1 2 2
172 416
1 8 2
103 110
1 6 2
150 203
1 11 2
84 323
1 2 2
288 365
1 11 2
231 484
1 14 2
121 319
1 12 2
108 392
1 4 2
51 158
1 9 2
370 393
1 6 2
132 133
1 14 2
105 322
1 8 2
125 400
1 11 2
96 221
1 5 2
202 212
1 2 2
2 236
1 6 2
365 403
1 7 2
52 387
1 3 2
215 324
1 15 2
58 228
1 3 2
169 399
1 12 2
50 328
1 11 2
186 289
1 4 2
186 275
1 9 2
186 484
1 5 2
243 277
1 12 2
52 479
1 2 2
275 291
1 5 2
267 392
1 5 2
8 149
1 9 2
31 252
1 11 2
48 450
1 6 2
258 484
1 14 2
404 465
1 3 2
162 318
1 7 2
359 402
1 8 2
161 314
1 3 2
149 395
1 12 2
19 330
1 4 2
139 372
1 15 2
240 436
1 11 2
325 491
1 15 2
167 198
1 7 2
97 497
1 5 2
419 424
1 10 2
115 340
1 11 2
16 153
1 6 2
356 419
1 5 2
173 318
1 8 2
294 389
1 15 2
410 460
1 14 2
293 361
1 9 2
389 391
1 15 2
54 199
1 8 2
119 384
1 2 2
34 467
1 2 2
81 150
1 15 2
43 433
1 14 2
146 426
1 12 2
47 204
1 5 2
60 260
1 11 2
139 252
1 12 2
314 467
1 10 2
64 100
1 3 2
51 462
1 6 2
30 124
1 14 2
159 496
1 6 2
114 191
1 7 2
23 296
1 4 2
306 388
1 5 2
31 147
1 9 2
145 410
1 12 2
393 452
1 15 2
81 495
1 9 2
66 142
1 10 2
222 235
1 13 2
201 477
1 8 2
9 100
1 8 2
237 273
1 5 2
232 419
1 5 2
259 386
1 5 2
203 410
1 10 2
222 246
1 5 2
133 189
1 11 2
14 305
1 12 2
96 314
1 2 2
293 301
1 8 2
327 404
1 7 2
285 318
1 5 2
151 321
1 12 2
365 369
1 5 2
61 418
1 6 2
15 463
1 8 2
314 489
1 13 2
0 11
1 2 2
80 350
1 4 2
73 227
1 3 2
231 429
1 9 2
176 194
1 13 2
253 447
1 12 2
144 450
1 14 2
11 81
1 9 2
182 420
1 7 2
106 171
1 12 2
94 367
1 4 2
338 471
1 9 2
418 446
1 7 2
286 419
1 3 2
300 366
1 9 2
153 486
1 6 2
372 451
1 8 2
251 282
1 14 2
13 299
1 2 2
289 357
1 5 2
179 292
1 11 2
134 336
1 11 2
139 414
1 13 2
17 209
1 2 2
305 312
1 2 2
133 330
1 10 2
23 428
1 11 2
230 454
1 2 2
443 489
1 6 2
264 473
1 10 2
52 268
1 4 2
185 296
1 2 2
248 299
1 14 2
46 123
1 11 2
441 461
1 14 2
147 429
1 6 2
222 366
1 6 2
19 244
1 7 2
72 124
1 2 2
23 25
1 4 2
240 364
1 3 2
8 43
1 2 2
248 464
1 7 2
36 356
1 9 2
118 396
1 8 2
356 366
1 3 2
70 294
1 8 2
75 341
1 8 2
192 246
1 3 2
151 342
1 10 2
138 487
1 7 2
100 365
1 7 2
21 424
1 10 2
9 104
1 8 2
263 446
1 5 2
63 456
1 13 2
15 80
1 4 2
20 315
1 10 2
310 423
1 9 2
345 360
1 2 2
347 401
1 3 2
323 336
1 10 2
192 455
1 6 2
276 490
1 11 2
14 318
1 12 2
10 454
1 3 2
174 230
1 9 2
100 155
1 2 2
55 394
1 10 2
301 339
1 11 2
147 271
1 7 2
74 304
1 10 2
115 278
1 12 2
29 255
1 7 2
110 147
1 5 2
92 173
1 7 2
257 302
1 10 2
116 172
1 2 2
261 443
1 7 2
201 213
1 6 2
12 342
1 6 2
122 277
1 5 2
172 466
1 7 2
103 414
1 8 2
170 180
1 2 2
213 410
1 10 2
48 80
1 15 2
134 275
1 2 2
22 27
1 15 2
193 208
1 9 2
125 184
1 6 2
86 133
1 6 2
184 191
1 2 2
340 355
1 12 2
294 469
1 9 2
66 247
1 10 2
49 415
1 2 2
154 418
1 7 2
79 465
1 11 2
112 141
1 11 2
243 401
1 3 2
211 427
1 5 2
437 455
1 6 2
221 246
1 12 2
28 267
1 9 2
302 416
1 13 2
105 161
1 13 2
294 371
1 14 2
305 388
1 11 2
150 376
1 14 2
404 445
1 12 2
85 303
1 14 2
138 351
1 2 2
161 320
1 11 2
347 356
1 6 2
435 467
1 10 2
98 414
1 4 2
265 453
1 14 2
52 223
1 13 2
63 83
1 6 2
361 430
1 14 2
6 328
1 13 2
155 197
1 12 2
350 393
1 9 2
41 92
1 6 2
86 323
1 3 2
11 464
1 15 2
6 33
1 12 2
27 246
1 8 2
20 90
1 7 2
128 357
1 7 2
194 342
1 6 2
88 307
1 6 2
14 216
1 12 2
120 452
1 7 2
197 335
1 6 2
415 441
1 12 2
57 76
1 6 2
411 415
1 14 2
49 429
1 10 2
66 263
1 11 2
53 262
1 9 2
277 391
1 13 2
62 302
1 7 2
50 357
1 9 2
62 165
1 8 2
43 476
1 3 2
251 407
1 9 2
24 379
1 3 2
301 435
1 9 2
208 477
1 12 2
295 489
1 4 2
29 87
1 3 2
119 215
1 2 2
478 487
1 7 2
111 159
1 10 2
228 484
1 2 2
34 205
1 6 2
304 347
1 15 2
29 391
1 5 2
82 391
1 12 2
124 337
1 10 2
61 456
1 10 2
442 477
1 10 2
302 313
1 14 2
127 347
1 9 2
348 491
1 4 2
3 309
1 14 2
6 476
1 13 2
132 160
1 13 2
239 420
1 2 2
161 473
1 9 2
67 457
1 14 2
284 337
1 10 2
35 306
1 14 2
127 330
1 7 2
190 247
1 13 2
82 186
1 8 2
160 258
1 6 2
202 267
1 3 2
201 382
1 2 2
35 60
1 10 2
102 241
1 7 2
300 403
1 4 2
177 314
1 2 2
35 274
1 13 2
103 330
1 12 2
405 428
1 12 2
34 461
1 7 2
159 279
1 3 2
34 345
1 10 2
455 465
1 14 2
182 481
1 13 2
128 412
1 5 2
240 304
1 4 2
278 428
1 10 2
73 320
1 7 2
342 345
1 8 2
387 430
1 9 2
329 391
1 15 2
81 184
1 15 2
40 406
1 12 2
27 244
1 3 2
221 488
1 9 2
229 433
1 12 2
204 298
1 2 2
55 460
1 15 2
159 237
1 14 2
354 370
1 11 2
210 250
1 9 2
69 197
1 14 2
247 471
1 6 2
9 380
1 13 2
124 238
1 7 2
224 433
1 13 2
3 427
1 15 2
280 398
1 9 2
101 398
1 4 2
195 207
1 2 2
342 388
1 6 2
323 497
1 4 2
30 357
1 2 2
66 468
1 9 2
336 421
1 4 2
342 434
1 7 2
47 229
1 9 2
194 495
1 10 2
258 276
1 7 2
141 488
1 3 2
314 472
1 8 2
243 347
1 14 2
175 477
1 3 2
169 357
1 2 2
189 407
1 15 2
22 105
1 9 2
77 299
1 5 2
426 450
1 8 2
40 49
1 9 2
230 334
1 2 2
153 401
1 11 2
185 464
1 3 2
193 483
1 12 2
136 280
1 10 2
290 314
1 13 2
105 234
1 7 2
37 97
1 13 2
317 410
1 7 2
423 464
1 13 2
80 288
1 6 2
187 488
1 12 2
100 163
1 14 2
192 278
1 13 2
93 231
1 6 2
22 269
1 12 2
387 429
1 8 2
233 362
1 4 2
208 425
1 14 2
154 381
1 12 2
33 313
1 13 2
69 349
1 11 2
34 206
1 5 2
131 182
1 4 2
266 348
1 15 2
361 425
1 9 2
94 468
1 2 2
11 182
1 6 2
117 345
1 3 2
407 499
1 6 2
15 73
1 13 2
19 375
1 13 2
71 382
1 8 2
41 359
1 7 2
175 211
1 12 2
40 421
1 10 2
249 392
1 11 2
91 190
1 4 2
107 234
1 9 2
26 434
1 4 2
134 306
1 14 2
8 437
1 2 2
85 249
1 9 2
325 427
1 11 2
100 125
1 11 2
252 398
1 13 2
65 329
1 4 2
9 182
1 14 2
194 425
1 8 2
35 102
1 13 2
94 428
1 9 2
131 134
1 7 2
267 404
1 12 2
118 194
1 6 2
176 429
1 12 2
235 320
1 5 2
44 68
1 13 2
219 259
1 12 2
382 490
1 5 2
58 375
1 8 2
107 286
1 13 2
304 471
1 9 2
3 306
1 15 2
9 300
1 6 2
115 438
1 11 2
93 320
1 15 2
229 480
1 11 2
103 211
1 9 2
253 434
1 13 2
121 164
1 8 2
9 368
1 4 2
51 357
1 12 2
120 312
1 13 2
173 369
1 4 2
128 463
1 2 2
144 313
1 11 2
210 430
1 7 2
6 353
1 11 2
323 479
1 12 2
119 469
1 14 2
110 185
1 14 2
196 475
1 13 2
81 440
1 5 2
361 363
1 15 2
6 360
1 14 2
168 480
1 2 2
78 191
1 10 2
346 449
1 3 2
289 496
1 7 2
116 289
1 3 2
146 222
1 2 2
0 78
1 8 2
297 451
1 7 2
171 269
1 5 2
219 246
1 13 2
154 256
1 11 2
25 245
1 12 2
155 332
1 14 2
288 331
1 9 2
340 435
1 9 2
197 407
1 9 2
153 388
1 13 2
26 85
1 15 2
196 302
1 14 2
31 244
1 14 2
17 317
1 14 2
185 453
1 4 2
382 400
1 9 2
353 355
1 13 2
99 297
1 5 2
201 269
1 12 2
6 408
1 7 2
205 247
1 6 2
199 440
1 9 2
240 470
1 3 2
153 438
1 15 2
304 396
1 14 2
180 282
1 4 2
149 472
1 6 2
139 203
1 2 2
184 251
1 4 2
45 372
1 2 2
24 365
1 14 2
101 361
1 9 2
116 470
1 10 2
137 437
1 10 2
121 387
1 2 2
377 394
1 3 2
92 427
1 6 2
137 228
1 2 2
80 487
1 4 2
2 283
1 7 2
121 482
1 5 2
449 460
1 2 2
228 249
1 13 2
312 450
1 3 2
121 132
1 13 2
3 79
1 2 2
162 394
1 15 2
371 485
1 14 2
20 249
1 11 2
284 345
1 2 2
20 304
1 4 2
175 199
1 2 2
183 493
1 2 2
287 355
1 2 2
10 76
1 6 2
179 441
1 7 2
108 302
1 15 2
82 235
1 7 2
48 314
1 5 2
174 335
1 6 2
65 312
1 5 2
337 358
1 8 2
291 376
1 11 2
287 414
1 5 2
351 436
1 2 2
291 446
1 5 2
25 294
1 15 2
189 418
1 3 2
277 354
1 15 2
223 377
1 10 2
150 288
1 6 2
124 411
1 14 2
120 191
1 6 2
34 36
1 12 2
205 307
1 3 2
126 194
1 2 2
451 476
1 5 2
75 137
1 4 2
62 246
1 14 2
300 495
1 5 2
243 267
1 6 2
186 212
1 7 2
263 410
1 2 2
309 366
1 14 2
197 316
1 4 2
18 449
1 10 2
7 389
1 10 2
158 313
1 12 2
272 453
1 13 2
179 216
1 4 2
196 241
1 6 2
97 408
1 6 2
270 408
1 12 2
198 379
1 12 2
210 296
1 5 2
136 370
1 5 2
43 393
1 12 2
332 333
1 3 2
116 426
1 8 2
229 242
1 4 2
20 35
1 5 2
95 333
1 13 2
458 488
1 9 2
138 426
1 12 2
242 492
1 3 2
57 478
1 9 2
163 411
1 15 2
265 432
1 12 2
246 330
1 14 2
216 308
1 4 2
335 452
1 11 2
4 52
1 9 2
56 362
1 9 2
133 409
1 4 2
94 439
1 2 2
325 448
1 10 2
321 471
1 7 2
114 159
1 10 2
166 365
1 14 2
140 338
1 11 2
92 227
1 10 2
303 449
1 9 2
47 398
1 13 2
397 477
1 12 2
360 390
1 12 2
86 252
1 12 2
268 395
1 8 2
84 126
1 14 2
233 351
1 14 2
28 303
1 10 2
300 316
1 7 2
205 398
1 12 2
421 459
1 11 2
192 453
1 6 2
150 266
1 15 2
139 212
1 14 2
124 394
1 7 2
227 273
1 11 2
111 219
1 13 2
286 429
1 8 2
16 74
1 8 2
108 397
1 7 2
200 380
1 2 2
131 147
1 4 2
148 301
1 7 2
256 337
1 11 2
239 431
1 9 2
345 385
1 15 2
7 408
1 15 2
40 361
1 15 2
42 428
1 10 2
100 250
1 15 2
118 234
1 12 2
30 212
1 3 2
91 98
1 9 2
164 499
1 4 2
2 437
1 4 2
123 324
1 10 2
370 409
1 12 2
162 231
1 6 2
204 281
1 9 2
176 366
1 3 2
269 424
1 9 2
81 365
1 14 2
101 193
1 15 2
346 419
1 3 2
106 345
1 6 2
6 26
1 12 2
272 313
1 8 2
38 496
1 6 2
397 440
1 8 2
71 243
1 9 2
223 384
1 5 2
15 216
1 15 2
102 159
1 13 2
163 238
1 10 2
34 403
1 9 2
146 370
1 10 2
219 357
1 12 2
234 236
1 7 2
77 438
1 4 2
89 133
1 11 2
186 378
1 13 2
212 286
1 9 2
25 435
1 10 2
320 395
1 14 2
74 171
1 2 2
349 468
1 15 2
125 335
1 2 2
193 472
1 7 2
202 441
1 9 2
183 465
1 4 2
145 490
1 5 2
83 494
1 8 2
326 377
1 13 2
217 402
1 10 2
216 386
1 6 2
490 499
1 3 2
327 371
1 2 2
168 313
1 7 2
383 483
1 10 2
217 443
1 5 2
2 10
1 3 2
243 276
1 7 2
24 105
1 3 2
293 474
1 12 2
66 213
1 11 2
355 388
1 3 2
142 246
1 6 2
185 333
1 4 2
90 494
1 11 2
104 456
1 2 2
356 493
1 9 2
295 321
1 13 2
242 351
1 8 2
33 75
1 12 2
13 105
1 9 2
41 370
1 5 2
162 342
1 6 2
300 440
1 12 2
80 308
1 7 2
119 208
1 6 2
206 482
1 12 2
50 223
1 14 2
47 293
1 5 2
255 380
1 11 2
199 485
1 4 2
397 445
1 9 2
385 447
1 13 2
22 323
1 9 2
286 496
1 7 2
64 381
1 5 2
143 424
1 13 2
321 364
1 8 2
84 481
1 3 2
337 426
1 12 2
171 477
1 3 2
468 484
1 4 2
291 473
1 8 2
312 414
1 6 2
132 389
1 5 2
76 384
1 5 2
125 280
1 6 2
7 153
1 12 2
335 364
1 2 2
14 434
1 5 2
58 380
1 11 2
290 376
1 9 2
380 387
1 7 2
276 406
1 6 2
303 352
1 4 2
225 398
1 3 2
333 416
1 4 2
133 340
1 3 2
274 460
1 2 2
373 476
1 14 2
104 226
1 14 2
115 407
1 3 2
197 264
1 10 2
170 432
1 4 2
18 265
1 8 2
482 485
1 15 2
49 111
1 2 2
86 108
1 14 2
114 395
1 6 2
185 460
1 9 2
150 258
1 5 2
91 174
1 15 2
86 244
1 9 2
285 403
1 12 2
327 370
1 10 2
394 453
1 2 2
291 341
1 13 2
152 466
1 15 2
198 468
1 4 2
259 498
1 7 2
49 122
1 10 2
392 460
1 3 2
65 317
1 2 2
374 489
1 4 2
48 97
1 15 2
18 326
1 13 2
24 300
1 10 2
139 255
1 8 2
268 321
1 10 2
28 56
1 15 2
276 439
1 12 2
265 285
1 5 2
72 299
1 6 2
73 337
1 8 2
345 487
1 15 2
357 443
1 8 2
22 51
1 13 2
100 381
1 15 2
186 273
1 13 2
30 257
1 14 2
29 462
1 6 2
381 445
1 7 2
439 452
1 4 2
9 134
1 5 2
271 332
1 13 2
112 490
1 4 2
87 175
1 15 2
332 383
1 10 2
26 204
1 9 2
43 455
1 8 2
125 160
1 4 2
4 483
1 8 2
52 188
1 14 2
15 265
1 9 2
0 179
1 14 2
22 212
1 11 2
0 396
1 7 2
91 111
1 6 2
371 411
1 2 2
128 434
1 13 2
237 487
1 3 2
168 495
1 9 2
253 494
1 8 2
130 164
1 14 2
284 375
1 10 2
172 345
1 15 2
108 232
1 4 2
227 406
1 9 2
137 192
1 15 2
214 395
1 8 2
201 410
1 11 2
74 376
1 14 2
114 368
1 5 2
467 499
1 10 2
326 469
1 7 2
291 418
1 2 2
147 155
1 6 2
107 307
1 3 2
35 175
1 3 2
99 233
1 6 2
197 403
1 15 2
11 420
1 8 2
77 481
1 9 2
339 457
1 5 2
193 488
1 10 2
60 471
1 3 2
133 438
1 15 2
75 224
1 13 2
179 237
1 6 2
245 420
1 4 2
165 369
1 7 2
169 292
1 5 2
184 243
1 5 2
74 313
1 5 2
390 394
1 14 2
172 189
1 3 2
45 234
1 3 2
196 286
1 15 2
98 156
1 8 2
176 340
1 14 2
286 424
1 11 2
385 470
1 12 2
173 251
1 15 2
66 470
1 11 2
239 382
1 9 2
308 330
1 15 2
140 358
1 2 2
68 334
1 11 2
91 371
1 15 2
121 182
1 2 2
382 476
1 13 2
176 212
1 13 2
6 371
1 10 2
424 435
1 13 2
356 428
1 9 2
266 375
1 2 2
266 447
1 13 2
301 335
1 12 2
266 497
1 15 2
324 445
1 8 2
447 465
1 12 2
41 339
1 7 2
22 33
1 6 2
398 441
1 7 2
182 430
1 4 2
143 206
1 9 2
178 417
1 4 2
307 494
1 14 2
47 194
1 9 2
208 246
1 4 2
391 416
1 9 2
35 363
1 12 2
173 322
1 4 2
125 189
1 4 2
100 274
1 4 2
5 205
1 10 2
57 472
1 3 2
166 411
1 3 2
138 405
1 14 2
104 442
1 9 2
58 87
1 11 2
50 310
1 13 2
301 482
1 13 2
478 485
1 8 2
8 55
1 15 2
320 323
1 8 2
152 251
1 10 2
93 451
1 7 2
62 225
1 13 2
69 112
1 7 2
133 293
1 9 2
175 472
1 11 2
0 41
1 6 2
248 261
1 7 2
243 305
1 11 2
116 460
1 9 2
19 252
1 15 2
483 492
1 6 2
78 123
1 15 2
67 241
1 5 2
210 414
1 11 2
16 154
1 2 2
30 134
1 14 2
104 391
1 10 2
18 23
1 7 2
297 309
1 3 2
15 334
1 13 2
236 255
1 2 2
23 240
1 2 2
238 263
1 5 2
220 248
1 3 2
212 490
1 2 2
62 282
1 13 2
124 166
1 11 2
23 89
1 6 2
104 244
1 9 2
67 116
1 5 2
177 365
1 3 2
358 444
1 5 2
270 483
1 4 2
201 259
1 9 2
100 459
1 6 2
318 443
1 14 2
39 365
1 13 2
98 158
1 14 2
108 290
1 13 2
248 390
1 4 2
96 157
1 8 2
82 116
1 9 2
188 261
1 10 2
425 476
1 5 2
98 187
1 7 2
73 473
1 10 2
143 233
1 5 2
232 369
1 5 2
243 429
1 9 2
120 373
1 6 2
38 109
1 14 2
172 463
1 9 2
268 421
1 12 2
221 496
1 2 2
285 369
1 10 2
87 160
1 15 2
167 241
1 8 2
107 160
1 7 2
224 299
1 4 2
0 430
1 5 2
184 293
1 6 2
101 228
1 8 2
214 416
1 11 2
309 431
1 11 2
89 115
1 3 2
31 66
1 15 2
212 352
1 8 2
133 309
1 5 2
24 242
1 3 2
310 470
1 2 2
48 52
1 8 2
6 219
1 5 2
275 292
1 11 2
205 402
1 5 2
76 394
1 9 2
199 391
1 4 2
48 442
1 7 2
204 302
1 14 2
274 323
1 4 2
77 461
1 4 2
92 149
1 13 2
112 294
1 11 2
366 451
1 2 2
249 389
1 2 2
33 223
1 8 2
356 460
1 10 2
133 153
1 3 2
151 421
1 3 2
90 407
1 6 2
50 382
1 7 2
27 307
1 2 2
160 340
1 8 2
109 154
1 12 2
18 243
1 4 2
79 140
1 2 2
140 372
1 11 2
79 172
1 9 2
63 115
1 2 2
34 362
1 13 2
38 136
1 9 2
217 336
1 12 2
317 364
1 9 2
163 320
1 15 2
404 439
1 7 2
79 488
1 14 2
125 383
1 15 2
135 266
1 8 2
359 448
1 4 2
306 393
1 5 2
229 411
1 9 2
104 299
1 11 2
323 451
1 5 2
304 482
1 14 2
83 141
1 9 2
88 422
1 15 2
116 263
1 6 2
73 125
1 12 2
114 393
1 13 2
269 429
1 15 2
33 113
1 2 2
3 499
1 2 2
72 149
1 6 2
131 327
1 9 2
409 476
1 8 2
36 353
1 2 2
38 82
1 10 2
280 417
1 5 2
365 450
1 9 2
190 440
1 3 2
37 321
1 10 2
233 365
1 4 2
71 437
1 11 2
180 428
1 13 2
64 356
1 4 2
452 457
1 8 2
120 498
1 12 2
129 299
1 8 2
192 347
1 6 2
47 88
1 6 2
369 372
1 2 2
253 265
1 6 2
346 373
1 11 2
133 222
1 8 2
101 370
1 13 2
57 125
1 3 2
223 249
1 3 2
175 487
1 14 2
287 496
1 10 2
99 276
1 7 2
280 340
1 13 2
13 34
1 8 2
86 402
1 12 2
18 292
1 2 2
176 252
1 6 2
341 493
1 2 2
166 306
1 10 2
61 384
1 14 2
351 471
1 10 2
429 468
