500 4000 1500
22 6 23 21 16 24 15 9 19 20 25 25 6 15 20 21 14 18 23 24 21 7 14 10 14 25 24 12 12 12 24 15 15 25 14 8 18 25 22 15 13 10 9 22 7 23 12 17 10 13 25 20 10 7 20 10 24 23 10 6 16 23 19 20 13 23 24 9 16 15 8 7 14 23 22 17 8 17 8 21 7 19 5 18 6 22 20 24 21 24 18 7 25 19 5 9 22 6 15 10 17 22 14 14 18 25 11 8 11 21 6 23 7 20 15 17 22 24 21 8 22 20 10 6 8 17 15 12 8 15 20 12 7 5 24 7 16 15 12 25 16 25 6 12 21 23 9 22 10 18 7 7 13 23 19 13 13 16 14 13 11 14 6 23 10 7 22 12 15 18 9 6 10 15 15 23 24 20 8 22 24 20 18 11 14 25 20 7 21 20 10 12 14 9 12 24 21 11 23 19 19 19 11 23 11 9 16 6 19 6 11 17 10 10 24 5 10 8 11 12 11 12 20 6 14 14 25 22 8 5 5 18 9 8 11 21 10 18 23 15 7 11 5 15 11 12 12 16 13 9 7 15 11 18 5 8 9 18 5 25 5 15 25 19 13 17 9 8 7 9 21 11 6 8 9 25 6 19 5 9 16 23 10 15 12 8 17 15 12 15 23 17 16 7 6 15 8 7 21 22 19 5 20 24 18 9 25 7 13 6 25 6 20 22 24 5 23 23 24 14 13 20 8 7 18 20 18 8 23 25 5 25 8 23 17 24 6 16 16 23 6 16 8 8 7 20 6 14 5 25 21 10 18 8 8 8 14 7 21 11 5 16 15 13 24 8 20 8 22 18 14 5 13 22 6 16 12 17 15 8 6 12 20 7 17 14 6 10 6 23 6 16 13 13 21 20 6 16 7 16 11 25 23 9 23 25 12 15 5 10 25 20 23 6 12 10 6 14 8 25 10 11 12 10 23 8 20 12 20 7 8 22 8 23 6 25 12 17 6 13 19 17 8 17 13 16 10 13 12 9 7 7 5 17 5 24 9 15 12 18 6 14 19 19 13 14 11 23 25 17 20 5 12 19 25 14 12 9 6 6 10 13 18 16 5 22 13 12 6 22 18 20 12 22 9 18 17 5 16 25
6 10 17 20 4 13 17 3 8 19 3 8 12 16 5 8 18 13 6 3 8 14 18 14 3 4 15 3 20 8 19 15 8 3 3 15 4 9 11 16 7 12 13 17 12 7 14 17 14 16 4 9 7 14 8 8 10 14 10 10 10 5 17 20 20 10 3 6 7 3 13 18 14 9 5 20 18 7 7 14 9 7 13 11 18 10 7 11 9 6 7 7 14 5 3 5 15 7 14 3 16 17 7 11 11 11 6 18 7 13 4 12 4 3 16 5 8 10 10 15 7 4 4 5 14 15 8 17 8 7 18 7 4 14 10 19 7 13 13 18 17 20 20 14 9 20 18 3 19 13 3 18 14 4 9 4 7 11 5 8 20 10 9 17 6 15 19 4 7 6 20 3 6 9 7 6 15 14 6 16 12 4 6 15 16 13 8 5 16 16 13 15 18 18 16 19 10 10 4 12 7 7 12 14 13 11 13 19 15 9 11 11 18 10 14 9 12 15 11 20 13 14 16 12 9 15 7 20 7 14 16 9 3 13 12 12 3 6 19 18 4 11 14 14 3 20 4 8 14 17 10 16 12 5 14 9 19 3 12 13 18 13 14 9 11 6 19 9 11 19 18 8 20 17 12 14 3 20 11 12 18 8 9 14 7 5 3 18 11 20 20 9 4 13 16 20 20 15 13 17 3 20 11 7 20 4 20 17 17 19 12 7 19 6 20 19 20 17 7 12 3 11 15 6 15 13 5 20 6 13 5 10 5 16 5 17 3 20 7 20 16 17 18 19 6 5 14 15 16 6 16 17 6 11 16 16 7 19 12 12 17 5 11 5 8 5 7 4 12 19 14 19 18 9 8 18 20 20 17 16 4 15 18 8 17 17 8 15 12 5 5 6 10 16 5 10 4 16 9 17 3 20 8 11 13 19 6 5 7 14 8 10 13 11 20 15 20 15 15 7 12 16 9 9 5 11 3 9 5 20 6 17 17 10 20 3 6 20 9 17 14 6 20 3 17 6 9 12 12 12 10 19 20 5 14 8 6 13 7 8 6 14 8 10 10 10 12 9 7 7 8 15 4 18 9 15 17 6 15 20 16 17 19 18 5 15 8 6 6 16 7 20 16 7 6 7 12 17 18 8
1 5 2
84 429
1 2 2
233 339
1 8 2
18 375
1 11 2
255 332
1 5 2
71 114
1 11 2
90 411
1 7 2
198 435
1 9 2
419 471
1 14 2
279 361
1 8 2
429 473
1 13 2
34 396
1 5 2
53 377
1 4 2
106 259
1 14 2
412 422
1 9 2
237 448
1 14 2
75 175
1 7 2
115 263
1 13 2
210 236
1 2 2
304 454
1 14 2
31 332
1 15 2
37 264
1 14 2
79 350
1 3 2
54 97
1 6 2
301 398
1 5 2
141 190
1 11 2
86 483
1 11 2
32 295
1 11 2
80 324
1 11 2
136 344
1 8 2
34 409
1 14 2
9 88
1 13 2
122 365
1 6 2
173 284
1 9 2
110 335
1 8 2
292 342
1 8 2
2 110
1 8 2
108 439
1 12 2
7 191
1 11 2
221 268
1 2 2
2 146
1 7 2
69 340
1 2 2
24 248
1 13 2
295 310
1 9 2
242 495
1 13 2
363 438
1 9 2
88 437
1 6 2
232 426
1 8 2
8 482
1 13 2
126 286
1 5 2
60 484
1 5 2
90 333
1 6 2
119 430
1 13 2
118 330
1 13 2
379 471
1 13 2
221 390
1 6 2
1 99
1 6 2
154 364
1 12 2
217 274
1 7 2
212 365
1 7 2
52 144
1 7 2
301 316
1 3 2
424 453
1 5 2
227 416
1 6 2
188 201
1 2 2
18 205
1 9 2
9 497
1 10 2
67 296
1 10 2
13 489
1 13 2
176 340
1 15 2
66 180
1 13 2
113 470
1 3 2
383 474
1 15 2
82 428
1 6 2
186 429
1 6 2
7 297
1 14 2
62 497
1 9 2
84 109
1 12 2
335 453
1 13 2
212 305
1 10 2
35 460
1 8 2
80 243
1 2 2
175 479
1 12 2
178 246
1 9 2
73 476
1 11 2
17 446
1 14 2
221 437
1 3 2
205 262
1 14 2
80 297
1 4 2
43 489
1 6 2
254 391
1 12 2
230 310
1 2 2
325 440
1 15 2
0 388
1 14 2
55 297
1 4 2
110 143
1 13 2
302 433
1 13 2
109 329
1 12 2
127 220
1 6 2
116 419
1 2 2
42 90
1 10 2
108 366
1 9 2
166 194
1 11 2
34 344
1 6 2
35 420
1 13 2
136 402
1 13 2
33 167
1 12 2
109 460
1 11 2
3 4
1 13 2
51 128
1 8 2
360 497
1 14 2
58 223
1 15 2
460 464
1 10 2
177 383
1 3 2
112 256
1 3 2
304 316
1 6 2
365 490
1 10 2
452 467
1 3 2
331 366
1 2 2
68 362
1 13 2
431 437
1 3 2
164 253
1 9 2
3 187
1 14 2
238 364
1 14 2
34 98
1 2 2
18 343
1 4 2
119 180
1 3 2
104 409
1 7 2
222 446
1 8 2
29 298
1 14 2
376 410
1 4 2
283 291
1 10 2
312 333
1 12 2
297 415
1 12 2
89 252
1 13 2
480 483
1 3 2
437 470
1 5 2
146 471
1 10 2
239 492
1 9 2
179 379
1 13 2
3 316
1 3 2
144 440
1 5 2
221 312
1 15 2
52 72
1 15 2
4 325
1 7 2
92 333
1 4 2
106 379
1 12 2
452 455
1 9 2
60 425
1 15 2
75 153
1 11 2
295 320
1 10 2
225 245
1 3 2
219 461
1 15 2
82 149
1 7 2
221 397
1 5 2
78 90
1 14 2
24 343
1 14 2
243 249
1 15 2
254 400
1 14 2
164 480
1 7 2
8 471
1 10 2
97 468
1 3 2
64 326
1 10 2
392 489
1 6 2
175 306
1 3 2
436 487
1 6 2
291 448
1 13 2
189 345
1 8 2
175 449
1 2 2
332 451
1 6 2
11 337
1 9 2
25 432
1 6 2
5 433
1 9 2
415 447
1 3 2
44 427
1 4 2
333 377
1 13 2
193 280
1 6 2
90 307
1 11 2
373 456
1 2 2
129 274
1 4 2
43 191
1 7 2
218 268
1 14 2
145 364
1 7 2
82 132
1 12 2
121 436
1 11 2
186 392
1 4 2
240 295
1 15 2
120 358
1 2 2
140 245
1 3 2
277 335
1 8 2
443 490
1 3 2
233 382
1 10 2
340 458
1 6 2
229 493
1 9 2
26 443
1 3 2
154 201
1 11 2
83 173
1 4 2
276 400
1 2 2
207 414
1 2 2
280 295
1 9 2
399 401
1 6 2
153 255
1 3 2
4 117
1 3 2
169 265
1 8 2
9 336
1 9 2
112 122
1 4 2
63 341
1 15 2
178 477
1 3 2
391 491
1 14 2
146 171
1 9 2
276 405
1 13 2
235 468
1 8 2
4 230
1 8 2
136 241
1 6 2
68 83
1 11 2
106 191
1 13 2
51 405
1 14 2
20 485
1 8 2
45 286
1 12 2
149 381
1 5 2
58 324
1 15 2
22 488
1 9 2
81 364
1 13 2
393 428
1 11 2
173 478
1 15 2
267 362
1 10 2
185 277
1 13 2
111 355
1 11 2
43 193
1 15 2
36 464
1 9 2
128 340
1 9 2
143 162
1 9 2
143 432
1 4 2
216 499
1 12 2
18 348
1 8 2
159 389
1 7 2
459 474
1 12 2
176 406
1 15 2
166 372
1 11 2
215 380
1 12 2
314 354
1 11 2
154 291
1 9 2
15 41
1 2 2
58 381
1 13 2
201 445
1 2 2
15 71
1 3 2
274 385
1 9 2
191 387
1 3 2
307 341
1 2 2
158 217
1 6 2
252 272
1 6 2
39 233
1 7 2
61 259
1 3 2
116 463
1 11 2
198 401
1 8 2
49 364
1 2 2
4 142
1 13 2
5 120
1 15 2
115 261
1 3 2
143 273
1 5 2
78 376
1 13 2
366 477
1 12 2
338 360
1 15 2
179 229
1 10 2
120 366
1 12 2
121 410
1 5 2
2 249
1 9 2
34 499
1 9 2
217 292
1 4 2
163 402
1 8 2
12 59
1 2 2
334 402
1 6 2
20 383
1 5 2
61 308
1 6 2
238 424
1 15 2
355 405
1 8 2
195 196
1 7 2
211 309
1 9 2
173 221
1 12 2
280 352
1 2 2
11 182
1 3 2
242 271
1 10 2
98 284
1 14 2
119 175
1 5 2
109 384
1 6 2
74 433
1 10 2
10 245
1 15 2
158 166
1 8 2
217 369
1 5 2
45 191
1 12 2
12 152
1 13 2
36 475
1 6 2
419 468
1 7 2
258 308
1 7 2
76 462
1 15 2
131 491
1 14 2
26 154
1 8 2
298 469
1 7 2
177 322
1 7 2
12 172
1 2 2
6 24
1 10 2
124 489
1 2 2
11 485
1 14 2
152 433
1 2 2
329 489
1 12 2
14 306
1 2 2
176 415
1 5 2
184 328
1 3 2
81 393
1 6 2
202 223
1 2 2
360 460
1 15 2
11 198
1 5 2
9 475
1 13 2
339 470
1 3 2
311 457
1 10 2
163 375
1 5 2
445 481
1 6 2
28 106
1 6 2
118 273
1 14 2
405 422
1 4 2
270 390
1 14 2
50 210
1 4 2
418 473
1 6 2
251 364
1 7 2
123 488
1 4 2
346 372
1 6 2
227 422
1 14 2
106 179
1 5 2
230 331
1 6 2
181 387
1 15 2
48 69
1 9 2
97 290
1 3 2
319 403
1 8 2
360 490
1 7 2
159 369
1 3 2
275 283
1 13 2
211 452
1 12 2
81 129
1 11 2
162 450
1 8 2
345 356
1 2 2
38 332
1 13 2
52 181
1 8 2
205 468
1 6 2
110 474
1 12 2
25 441
1 2 2
51 491
1 14 2
268 425
1 15 2
9 114
1 15 2
233 323
1 12 2
101 176
1 4 2
82 270
1 15 2
222 346
1 2 2
214 300
1 8 2
294 341
1 10 2
364 403
1 10 2
58 441
1 11 2
219 398
1 10 2
322 356
1 8 2
9 237
1 4 2
175 213
1 14 2
17 234
1 6 2
182 320
1 6 2
369 390
1 14 2
27 100
1 10 2
76 372
1 5 2
47 268
1 10 2
172 319
1 14 2
73 330
1 4 2
48 101
1 13 2
57 488
1 6 2
8 84
1 6 2
84 410
1 9 2
70 385
1 2 2
7 311
1 13 2
109 252
1 6 2
149 317
1 5 2
226 411
1 8 2
205 273
1 15 2
202 234
1 12 2
179 394
1 6 2
183 255
1 12 2
26 279
1 14 2
86 205
1 13 2
124 377
1 4 2
52 449
1 6 2
5 337
1 11 2
394 417
1 3 2
366 460
1 5 2
208 368
1 7 2
255 301
1 15 2
5 422
1 12 2
170 363
1 2 2
105 461
1 15 2
213 337
1 11 2
179 285
1 2 2
415 437
1 11 2
403 409
1 6 2
468 475
1 8 2
261 275
1 7 2
120 266
1 6 2
7 339
1 10 2
370 386
1 4 2
110 259
1 7 2
85 298
1 9 2
139 262
1 10 2
217 485
1 4 2
124 306
1 8 2
324 476
1 14 2
35 399
1 11 2
76 274
1 9 2
79 191
1 7 2
286 358
1 13 2
264 275
1 8 2
221 360
1 4 2
17 266
1 9 2
65 477
1 2 2
296 328
1 10 2
171 347
1 11 2
69 234
1 13 2
187 210
1 12 2
197 430
1 11 2
324 428
1 15 2
46 171
1 12 2
345 382
1 6 2
109 405
1 13 2
391 392
1 9 2
46 297
1 6 2
229 446
1 10 2
247 460
1 8 2
190 246
1 12 2
209 305
1 4 2
175 215
1 2 2
323 405
1 10 2
280 407
1 2 2
99 274
1 2 2
34 384
1 9 2
112 382
1 8 2
53 484
1 13 2
54 478
1 4 2
391 443
1 3 2
134 339
1 9 2
190 438
1 9 2
10 497
1 9 2
1 227
1 11 2
93 335
1 10 2
133 156
1 3 2
161 189
1 15 2
418 496
1 8 2
176 255
1 14 2
42 162
1 2 2
52 356
1 15 2
302 339
1 5 2
302 395
1 7 2
261 494
1 14 2
327 446
1 6 2
253 355
1 8 2
128 322
1 7 2
84 184
1 10 2
122 353
1 5 2
206 394
1 9 2
5 71
1 3 2
21 398
1 9 2
176 248
1 11 2
308 408
1 11 2
51 69
1 10 2
141 267
1 15 2
303 496
1 2 2
118 360
1 11 2
51 259
1 8 2
293 336
1 14 2
257 454
1 11 2
331 427
1 13 2
66 391
1 12 2
20 278
1 9 2
221 330
1 9 2
6 169
1 3 2
111 343
1 12 2
284 317
1 3 2
168 316
1 3 2
25 262
1 12 2
436 469
1 2 2
281 384
1 10 2
150 416
1 14 2
181 431
1 4 2
275 427
1 13 2
56 245
1 13 2
113 175
1 12 2
286 423
1 2 2
363 369
1 11 2
71 154
1 3 2
118 144
1 15 2
274 489
1 6 2
22 460
1 10 2
157 460
1 5 2
442 490
1 7 2
320 370
1 15 2
96 373
1 6 2
361 381
1 4 2
353 431
1 12 2
353 472
1 4 2
268 394
1 7 2
31 286
1 9 2
159 482
1 15 2
42 186
1 2 2
81 356
1 15 2
101 249
1 13 2
154 287
1 8 2
306 487
1 9 2
13 448
1 4 2
452 474
1 6 2
35 476
1 15 2
7 259
1 4 2
238 459
1 7 2
25 377
1 2 2
399 475
1 2 2
28 382
1 9 2
160 219
1 3 2
120 388
1 14 2
13 80
1 4 2
69 240
1 7 2
125 210
1 15 2
61 458
1 12 2
248 483
1 13 2
240 247
1 5 2
283 334
1 8 2
23 483
1 14 2
67 315
1 10 2
33 453
1 14 2
63 142
1 3 2
81 475
1 13 2
254 415
1 14 2
335 455
1 13 2
226 312
1 9 2
115 139
1 11 2
298 483
1 5 2
375 471
1 8 2
41 251
1 6 2
133 191
1 2 2
23 96
1 6 2
288 386
1 5 2
213 287
1 9 2
295 372
1 7 2
254 366
1 10 2
240 323
1 7 2
219 391
1 9 2
191 293
1 3 2
131 341
1 11 2
39 402
1 6 2
129 359
1 11 2
95 134
1 14 2
244 395
1 6 2
276 317
1 5 2
231 486
1 8 2
204 402
1 14 2
179 251
1 15 2
332 370
1 6 2
406 473
1 4 2
9 387
1 13 2
323 383
1 3 2
138 466
1 11 2
223 437
1 5 2
149 497
1 7 2
67 389
1 3 2
262 390
1 2 2
153 368
1 8 2
355 400
1 7 2
113 197
1 8 2
44 72
1 10 2
295 362
1 15 2
94 401
1 12 2
5 455
1 5 2
321 387
1 15 2
202 418
1 5 2
214 219
1 5 2
132 146
1 7 2
95 414
1 13 2
141 345
1 4 2
270 382
1 11 2
84 286
1 13 2
335 463
1 4 2
135 461
1 2 2
250 471
1 12 2
125 153
1 11 2
147 444
1 4 2
169 386
1 12 2
192 496
1 4 2
25 449
1 10 2
249 352
1 13 2
239 305
1 5 2
110 246
1 12 2
18 339
1 2 2
58 64
1 11 2
76 139
1 12 2
211 487
1 8 2
56 183
1 10 2
212 291
1 8 2
303 325
1 15 2
105 360
1 4 2
48 77
1 10 2
267 497
1 10 2
140 160
1 14 2
341 350
1 3 2
42 214
1 5 2
43 129
1 8 2
163 196
1 9 2
140 496
1 13 2
79 164
1 12 2
351 359
1 3 2
341 384
1 11 2
142 379
1 9 2
282 384
1 10 2
69 329
1 12 2
38 496
1 8 2
378 472
1 13 2
62 205
1 6 2
140 362
1 12 2
162 168
1 12 2
14 314
1 13 2
141 168
1 4 2
40 442
1 9 2
278 413
1 8 2
353 374
1 7 2
29 416
1 14 2
247 422
1 6 2
391 402
1 5 2
220 436
1 6 2
250 266
1 14 2
85 242
1 15 2
1 326
1 2 2
390 444
1 15 2
57 379
1 14 2
348 394
1 11 2
200 289
1 6 2
162 352
1 15 2
14 336
1 12 2
190 315
1 4 2
248 284
1 14 2
46 497
1 11 2
149 413
1 3 2
221 222
1 5 2
165 379
1 10 2
208 253
1 7 2
14 368
1 10 2
11 300
1 9 2
441 487
1 10 2
3 182
1 8 2
68 323
1 5 2
242 368
1 10 2
52 249
1 3 2
412 483
1 4 2
163 386
1 8 2
233 373
1 5 2
478 494
1 11 2
53 283
1 15 2
273 423
1 7 2
51 468
1 11 2
94 418
1 6 2
2 75
1 11 2
201 231
1 3 2
143 144
1 5 2
23 414
1 15 2
109 250
1 8 2
20 491
1 8 2
258 452
1 9 2
182 262
1 10 2
68 109
1 10 2
127 431
1 13 2
286 405
1 12 2
151 301
1 15 2
65 387
1 11 2
261 452
1 3 2
9 446
1 6 2
77 438
1 4 2
189 192
1 6 2
209 435
1 13 2
25 315
1 5 2
27 337
1 11 2
24 462
1 3 2
118 164
1 5 2
134 299
1 4 2
61 202
1 4 2
113 189
1 9 2
48 240
1 7 2
12 430
1 2 2
16 24
1 12 2
396 474
1 8 2
33 320
1 7 2
30 479
1 6 2
6 274
1 2 2
284 381
1 13 2
377 390
1 4 2
481 496
1 13 2
416 472
1 7 2
330 349
1 3 2
128 424
1 10 2
179 198
1 4 2
277 303
1 8 2
6 249
1 4 2
14 344
1 11 2
286 407
1 2 2
58 177
1 8 2
302 351
1 14 2
107 227
1 3 2
26 365
1 7 2
21 494
1 3 2
6 48
1 5 2
53 206
1 15 2
37 311
1 2 2
318 413
1 2 2
191 310
1 4 2
265 375
1 12 2
215 446
1 5 2
51 381
1 6 2
55 312
1 4 2
271 459
1 4 2
25 241
1 11 2
51 392
1 13 2
107 433
1 11 2
304 484
1 7 2
279 353
1 8 2
335 445
1 7 2
271 330
1 8 2
50 276
1 10 2
304 342
1 4 2
135 405
1 15 2
191 318
1 12 2
328 468
1 10 2
175 261
1 5 2
42 425
1 2 2
3 26
1 11 2
21 188
1 9 2
22 309
1 3 2
356 490
1 2 2
47 297
1 13 2
123 255
1 4 2
123 420
1 10 2
214 269
1 3 2
448 457
1 15 2
39 155
1 8 2
96 286
1 11 2
347 407
1 3 2
206 499
1 15 2
35 418
1 3 2
20 201
1 9 2
50 117
1 5 2
146 464
1 4 2
45 269
1 8 2
282 467
1 14 2
124 214
1 2 2
240 457
1 12 2
226 234
1 8 2
222 436
1 5 2
16 165
1 13 2
145 326
1 5 2
200 464
1 11 2
6 135
1 7 2
180 300
1 15 2
248 299
1 3 2
16 188
1 11 2
300 469
1 5 2
109 455
1 15 2
185 316
1 13 2
168 448
1 2 2
227 297
1 15 2
51 275
1 10 2
17 68
1 15 2
145 181
1 9 2
113 219
1 9 2
249 337
1 3 2
260 469
1 11 2
64 84
1 9 2
70 433
1 4 2
47 176
1 7 2
141 283
1 8 2
172 180
1 13 2
329 462
1 2 2
269 421
1 13 2
42 74
1 10 2
32 172
1 2 2
385 401
1 7 2
27 382
1 5 2
79 122
1 3 2
200 305
1 13 2
31 284
1 4 2
41 322
1 11 2
349 492
1 12 2
217 388
1 5 2
304 381
1 6 2
47 198
1 9 2
51 412
1 9 2
57 421
1 7 2
249 396
1 8 2
170 284
1 14 2
144 289
1 10 2
335 419
1 8 2
37 407
1 14 2
333 379
1 13 2
200 217
1 7 2
82 321
1 11 2
159 446
1 7 2
212 403
1 15 2
271 314
1 11 2
140 252
1 12 2
53 252
1 5 2
452 485
1 9 2
79 317
1 2 2
208 328
1 6 2
213 417
1 13 2
254 464
1 5 2
102 142
1 8 2
270 493
1 9 2
147 405
1 5 2
353 375
1 14 2
175 238
1 11 2
131 445
1 3 2
153 472
1 14 2
80 104
1 13 2
101 102
1 2 2
94 254
1 5 2
145 274
1 4 2
10 309
1 2 2
11 242
1 3 2
6 452
1 10 2
5 292
1 10 2
92 218
1 14 2
22 443
1 14 2
14 360
1 4 2
43 408
1 2 2
212 456
1 3 2
164 282
1 12 2
46 310
1 15 2
284 418
1 9 2
7 195
1 2 2
154 365
1 8 2
177 368
1 3 2
212 301
1 15 2
314 465
1 10 2
17 436
1 4 2
128 158
1 13 2
1 362
1 15 2
3 411
1 13 2
380 476
1 4 2
78 420
1 9 2
28 460
1 5 2
10 97
1 3 2
140 246
1 9 2
403 431
1 12 2
35 99
1 8 2
161 460
1 2 2
49 420
1 15 2
266 281
1 7 2
206 392
1 11 2
39 479
1 10 2
249 330
1 2 2
25 194
1 3 2
60 417
1 14 2
18 425
1 2 2
178 271
1 5 2
13 124
1 3 2
401 456
1 13 2
258 273
1 2 2
90 302
1 11 2
292 343
1 3 2
4 161
1 6 2
234 349
1 7 2
239 413
1 2 2
96 295
1 12 2
361 478
1 7 2
172 453
1 5 2
187 235
1 13 2
469 473
1 12 2
210 218
1 9 2
133 233
1 13 2
238 420
1 8 2
205 374
1 7 2
63 189
1 13 2
2 85
1 8 2
193 305
1 6 2
194 212
1 9 2
31 224
1 14 2
308 329
1 14 2
97 281
1 7 2
21 402
1 4 2
36 343
1 12 2
332 368
1 12 2
214 400
1 13 2
92 193
1 2 2
207 438
1 7 2
215 460
1 11 2
30 451
1 6 2
88 307
1 4 2
49 393
1 10 2
94 282
1 5 2
113 210
1 8 2
247 274
1 5 2
57 283
1 13 2
122 279
1 10 2
299 301
1 15 2
136 397
1 7 2
365 483
1 13 2
278 331
1 7 2
14 425
1 15 2
49 64
1 8 2
64 115
1 8 2
82 253
1 5 2
241 410
1 11 2
264 347
1 4 2
138 212
1 11 2
282 335
1 4 2
61 479
1 12 2
87 278
1 9 2
362 491
1 11 2
237 474
1 11 2
382 419
1 7 2
144 171
1 3 2
326 390
1 2 2
221 259
1 9 2
90 106
1 3 2
140 420
1 12 2
242 253
1 8 2
281 385
1 11 2
83 310
1 10 2
126 316
1 12 2
415 486
1 9 2
129 447
1 14 2
60 346
1 10 2
289 469
1 2 2
72 298
1 2 2
187 443
1 9 2
61 224
1 3 2
19 91
1 14 2
415 461
1 4 2
259 488
1 13 2
100 247
1 7 2
144 235
1 13 2
357 431
1 15 2
50 217
1 7 2
340 368
1 10 2
110 369
1 5 2
2 486
1 10 2
211 383
1 2 2
322 456
1 7 2
247 326
1 11 2
23 71
1 14 2
87 261
1 11 2
315 416
1 9 2
210 243
1 9 2
227 253
1 10 2
138 421
1 2 2
100 325
1 2 2
216 473
1 4 2
305 491
1 4 2
87 498
1 8 2
236 452
1 10 2
166 218
1 10 2
215 472
1 6 2
179 269
1 5 2
68 124
1 6 2
127 422
1 10 2
88 395
1 8 2
395 445
1 6 2
222 328
1 6 2
112 360
1 3 2
218 372
1 15 2
390 392
1 8 2
15 407
1 3 2
145 455
1 13 2
145 309
1 8 2
79 344
1 4 2
33 104
1 13 2
103 425
1 4 2
82 453
1 11 2
166 463
1 3 2
138 353
1 5 2
183 348
1 6 2
108 261
1 12 2
40 290
1 14 2
220 344
1 11 2
287 353
1 12 2
248 497
1 7 2
305 489
1 2 2
171 209
1 3 2
109 267
1 5 2
244 304
1 8 2
67 449
1 10 2
58 193
1 10 2
462 483
1 13 2
43 239
1 14 2
329 401
1 10 2
474 490
1 12 2
16 454
1 11 2
196 350
1 10 2
239 320
1 5 2
55 265
1 15 2
90 349
1 10 2
449 471
1 13 2
53 200
1 3 2
293 437
1 2 2
265 305
1 12 2
195 394
1 15 2
295 296
1 9 2
42 400
1 10 2
264 305
1 3 2
117 170
1 11 2
302 432
1 12 2
186 223
1 6 2
366 375
1 4 2
104 249
1 2 2
176 424
1 5 2
134 137
1 8 2
174 295
1 4 2
110 362
1 8 2
159 292
1 15 2
74 496
1 6 2
182 452
1 10 2
145 323
1 13 2
47 83
1 5 2
336 396
1 10 2
55 185
1 11 2
300 371
1 6 2
19 120
1 10 2
222 333
1 6 2
173 197
1 14 2
120 482
1 15 2
75 275
1 7 2
212 337
1 7 2
101 437
1 7 2
69 120
1 2 2
98 103
1 15 2
80 455
1 9 2
77 310
1 9 2
116 193
1 15 2
28 441
1 13 2
397 490
1 8 2
193 312
1 5 2
292 489
1 6 2
105 390
1 7 2
117 481
1 5 2
242 440
1 7 2
118 345
1 10 2
35 112
1 12 2
77 248
1 3 2
283 319
1 12 2
103 304
1 5 2
187 193
1 8 2
87 142
1 2 2
259 357
1 15 2
278 377
1 4 2
453 478
1 8 2
137 373
1 6 2
229 244
1 7 2
7 394
1 10 2
33 143
1 12 2
149 370
1 6 2
107 282
1 8 2
162 280
1 10 2
18 259
1 12 2
118 312
1 9 2
170 335
1 7 2
278 351
1 14 2
66 382
1 9 2
333 475
1 7 2
290 474
1 9 2
320 346
1 15 2
32 257
1 7 2
199 433
1 6 2
115 488
1 4 2
97 266
1 4 2
29 485
1 13 2
6 334
1 14 2
425 428
1 3 2
231 274
1 8 2
3 92
1 14 2
210 227
1 6 2
59 448
1 13 2
11 474
1 10 2
196 477
1 14 2
64 446
1 2 2
54 89
1 12 2
234 295
1 12 2
35 180
1 4 2
114 468
1 14 2
0 196
1 5 2
290 372
1 14 2
31 256
1 10 2
240 440
1 6 2
180 273
1 10 2
220 247
1 12 2
306 424
1 6 2
210 435
1 13 2
321 467
1 14 2
160 422
1 11 2
53 220
1 5 2
146 422
1 9 2
20 147
1 4 2
74 262
1 11 2
91 442
1 3 2
209 338
1 5 2
4 463
1 11 2
256 257
1 8 2
100 233
1 12 2
276 445
1 3 2
133 273
1 2 2
191 440
1 4 2
412 450
1 8 2
286 447
1 8 2
149 162
1 3 2
195 241
1 7 2
100 369
1 8 2
122 183
1 14 2
189 444
1 14 2
98 414
1 14 2
70 405
1 2 2
50 226
1 2 2
252 267
1 3 2
3 107
1 10 2
193 407
1 5 2
14 439
1 15 2
281 371
1 7 2
196 475
1 6 2
155 411
1 4 2
328 436
1 10 2
207 222
1 8 2
101 327
1 13 2
445 466
1 10 2
109 387
1 14 2
342 382
1 12 2
312 494
1 13 2
1 141
1 10 2
69 326
1 10 2
218 410
1 10 2
1 390
1 9 2
252 436
1 8 2
69 436
1 13 2
89 206
1 4 2
253 325
1 4 2
8 461
1 7 2
30 309
1 2 2
210 222
1 14 2
223 491
1 15 2
58 230
1 13 2
102 308
1 12 2
109 175
1 11 2
236 409
1 9 2
177 480
1 13 2
136 223
1 12 2
46 283
1 13 2
148 202
1 6 2
36 188
1 3 2
192 201
1 13 2
240 369
1 10 2
62 333
1 13 2
14 444
1 5 2
28 225
1 12 2
165 475
1 15 2
151 314
1 5 2
462 477
1 11 2
246 285
1 8 2
358 374
1 12 2
59 134
1 6 2
7 152
1 8 2
359 478
1 13 2
236 307
1 7 2
110 232
1 9 2
204 379
1 7 2
165 255
1 14 2
234 471
1 2 2
74 156
1 10 2
399 407
1 14 2
18 57
1 14 2
344 447
1 7 2
120 126
1 15 2
90 225
1 5 2
174 275
1 3 2
5 437
1 5 2
150 292
1 9 2
313 316
1 6 2
309 377
1 9 2
126 203
1 6 2
96 165
1 10 2
42 373
1 5 2
17 361
1 13 2
303 497
1 13 2
48 389
1 5 2
193 402
1 6 2
332 475
1 5 2
375 497
1 9 2
55 117
1 3 2
26 64
1 7 2
63 294
1 13 2
225 461
1 5 2
182 374
1 8 2
168 326
1 6 2
5 380
1 6 2
258 289
1 7 2
196 403
1 3 2
318 494
1 13 2
217 413
1 11 2
58 234
1 2 2
135 192
1 6 2
61 269
1 7 2
218 357
1 5 2
156 225
1 10 2
21 206
1 14 2
80 98
1 4 2
132 271
1 12 2
166 366
1 2 2
10 475
1 14 2
287 341
1 7 2
71 186
1 10 2
56 416
1 8 2
68 171
1 11 2
219 235
1 2 2
25 434
1 4 2
39 137
1 8 2
13 480
1 9 2
186 428
1 8 2
202 447
1 5 2
376 428
1 9 2
197 350
1 7 2
153 473
1 2 2
353 390
1 15 2
14 206
1 3 2
13 377
1 9 2
167 266
1 6 2
377 454
1 8 2
302 482
1 3 2
41 129
1 10 2
156 422
1 15 2
399 422
1 3 2
277 434
1 10 2
3 379
1 5 2
325 364
1 7 2
104 432
1 6 2
30 60
1 4 2
132 430
1 5 2
59 97
1 4 2
419 491
1 13 2
369 447
1 11 2
43 365
1 2 2
215 287
1 5 2
147 153
1 7 2
162 309
1 4 2
357 363
1 10 2
134 381
1 8 2
160 283
1 6 2
24 470
1 11 2
208 230
1 12 2
193 278
1 14 2
223 447
1 6 2
268 377
1 14 2
0 200
1 13 2
194 254
1 3 2
176 190
1 15 2
81 90
1 5 2
343 465
1 2 2
21 409
1 10 2
63 440
1 4 2
194 453
1 8 2
57 279
1 14 2
100 384
1 3 2
67 405
1 11 2
192 446
1 13 2
194 318
1 8 2
22 425
1 5 2
132 439
1 9 2
296 325
1 12 2
131 317
1 12 2
277 329
1 7 2
76 298
1 13 2
189 323
1 5 2
207 309
1 9 2
74 102
1 10 2
275 313
1 10 2
35 123
1 15 2
31 110
1 9 2
114 364
1 7 2
384 426
1 6 2
196 266
1 15 2
222 330
1 10 2
82 273
1 11 2
48 420
1 7 2
137 261
1 13 2
121 265
1 6 2
181 450
1 8 2
38 212
1 12 2
36 116
1 14 2
372 481
1 10 2
126 329
1 8 2
123 436
1 5 2
343 389
1 10 2
117 290
1 6 2
280 368
1 2 2
79 229
1 3 2
32 38
1 2 2
185 355
1 4 2
176 351
1 8 2
402 441
1 5 2
444 456
1 9 2
39 267
1 15 2
160 244
1 3 2
13 288
1 8 2
83 150
1 9 2
229 242
1 11 2
148 192
1 2 2
382 422
1 9 2
232 243
1 11 2
143 272
1 2 2
311 348
1 2 2
97 306
1 5 2
112 145
1 7 2
0 181
1 10 2
182 230
1 13 2
60 461
1 9 2
109 475
1 10 2
0 93
1 8 2
293 450
1 2 2
135 245
1 10 2
6 319
1 14 2
120 334
1 7 2
78 128
1 3 2
367 412
1 5 2
8 479
1 10 2
359 448
1 15 2
87 300
1 10 2
126 186
1 9 2
191 481
1 14 2
140 235
1 10 2
259 338
1 13 2
57 493
1 9 2
38 302
1 3 2
183 189
1 15 2
78 196
1 15 2
447 465
1 7 2
220 420
1 3 2
106 406
1 8 2
23 286
1 7 2
43 44
1 11 2
84 417
1 10 2
421 489
1 3 2
339 462
1 6 2
244 492
1 6 2
40 89
1 4 2
99 401
1 13 2
77 108
1 11 2
328 495
1 11 2
259 369
1 10 2
86 385
1 14 2
36 231
1 8 2
176 282
1 9 2
107 475
1 13 2
6 350
1 13 2
119 124
1 6 2
148 218
1 10 2
275 347
1 2 2
141 192
1 10 2
186 284
1 10 2
310 492
1 9 2
0 221
1 4 2
61 442
1 3 2
37 217
1 9 2
74 481
1 12 2
15 104
1 14 2
395 421
1 8 2
339 358
1 2 2
8 299
1 11 2
35 411
1 5 2
165 360
1 10 2
218 351
1 9 2
20 237
1 9 2
11 15
1 5 2
36 292
1 15 2
148 407
1 15 2
346 449
1 14 2
213 365
1 4 2
83 152
1 13 2
92 245
1 13 2
299 498
1 15 2
66 352
1 5 2
2 333
1 9 2
89 167
1 10 2
13 247
1 12 2
144 332
1 6 2
177 325
1 6 2
77 196
1 4 2
119 455
1 13 2
398 475
1 4 2
110 392
1 14 2
112 143
1 12 2
162 273
1 13 2
256 389
1 6 2
118 332
1 3 2
41 401
1 4 2
325 466
1 13 2
330 373
1 10 2
32 193
1 7 2
411 458
1 11 2
62 304
1 8 2
45 213
1 10 2
50 185
1 10 2
382 470
1 15 2
203 410
1 2 2
130 349
1 10 2
177 274
1 7 2
351 358
1 6 2
66 481
1 13 2
20 58
1 13 2
188 276
1 10 2
245 451
1 13 2
46 241
1 9 2
119 495
1 10 2
168 213
1 4 2
18 478
1 4 2
64 106
1 13 2
77 151
1 9 2
136 264
1 7 2
40 394
1 5 2
142 153
1 13 2
301 418
1 3 2
264 496
1 7 2
68 71
1 7 2
210 277
1 5 2
198 439
1 14 2
68 399
1 6 2
21 84
1 15 2
269 413
1 3 2
244 286
1 2 2
226 447
1 10 2
224 314
1 9 2
295 403
1 4 2
77 140
1 15 2
417 476
1 13 2
206 406
1 15 2
157 291
1 7 2
70 128
1 2 2
152 477
1 12 2
175 202
1 2 2
176 429
1 5 2
232 442
1 9 2
349 431
1 8 2
238 407
1 2 2
217 275
1 4 2
43 391
1 11 2
119 374
1 4 2
243 330
1 12 2
230 420
1 6 2
15 336
1 11 2
67 356
1 14 2
27 205
1 12 2
413 482
1 13 2
228 382
1 3 2
95 287
1 15 2
146 313
1 14 2
292 455
1 3 2
36 458
1 7 2
338 404
1 12 2
23 113
1 4 2
69 146
1 4 2
250 358
1 8 2
147 224
1 8 2
99 304
1 12 2
306 462
1 8 2
387 422
1 6 2
260 376
1 5 2
60 282
1 3 2
305 418
1 2 2
267 338
1 2 2
256 344
1 15 2
214 288
1 7 2
248 459
1 13 2
37 58
1 3 2
187 480
1 11 2
138 282
1 12 2
300 491
1 12 2
62 425
1 10 2
225 413
1 14 2
318 478
1 15 2
143 379
1 3 2
30 234
1 6 2
92 383
1 8 2
274 467
1 7 2
403 418
1 4 2
250 453
1 5 2
350 456
1 13 2
130 382
1 15 2
297 409
1 2 2
201 208
1 10 2
350 447
1 3 2
335 348
1 6 2
33 133
1 6 2
223 268
1 12 2
1 388
1 2 2
156 371
1 7 2
83 473
1 9 2
19 150
1 6 2
358 478
1 4 2
146 179
1 14 2
20 229
1 12 2
84 328
1 7 2
166 350
1 12 2
0 99
1 3 2
90 456
1 3 2
334 363
1 3 2
76 272
1 8 2
126 191
1 4 2
124 220
1 8 2
366 459
1 6 2
269 457
1 9 2
25 173
1 15 2
60 384
1 15 2
130 330
1 9 2
41 204
1 7 2
20 297
1 5 2
299 329
1 9 2
40 445
1 15 2
45 65
1 14 2
247 260
1 8 2
96 381
1 11 2
260 390
1 7 2
29 209
1 11 2
199 329
1 9 2
51 113
1 3 2
451 492
1 14 2
21 422
1 5 2
93 351
1 12 2
11 220
1 13 2
15 308
1 8 2
42 61
1 5 2
116 291
1 11 2
332 424
1 10 2
306 425
1 10 2
198 497
1 5 2
51 465
1 7 2
272 371
1 12 2
327 375
1 8 2
233 481
1 9 2
435 453
1 9 2
318 328
1 14 2
338 461
1 7 2
79 431
1 13 2
31 232
1 12 2
39 366
1 14 2
331 405
1 9 2
414 424
1 11 2
121 334
1 4 2
67 336
1 8 2
376 476
1 6 2
242 333
1 2 2
398 429
1 13 2
167 458
1 5 2
49 452
1 8 2
109 436
1 7 2
226 406
1 14 2
297 361
1 4 2
313 317
1 3 2
402 452
1 9 2
118 492
1 11 2
40 130
1 11 2
177 370
1 8 2
49 235
1 5 2
138 226
1 12 2
289 463
1 7 2
4 398
1 5 2
81 225
1 9 2
204 437
1 5 2
138 477
1 10 2
203 266
1 4 2
26 293
1 9 2
376 382
1 9 2
115 220
1 7 2
124 125
1 5 2
59 465
1 10 2
310 346
1 15 2
68 492
1 5 2
13 474
1 11 2
69 424
1 11 2
448 487
1 15 2
190 303
1 7 2
216 299
1 11 2
274 496
1 6 2
214 463
1 13 2
109 229
1 2 2
142 423
1 5 2
441 470
1 14 2
38 213
1 14 2
349 474
1 5 2
418 487
1 5 2
199 488
1 7 2
88 424
1 4 2
166 184
1 14 2
253 356
1 5 2
289 466
1 2 2
115 292
1 4 2
116 427
1 13 2
211 375
1 10 2
248 275
1 8 2
11 179
1 9 2
139 314
1 14 2
326 440
1 11 2
115 420
1 3 2
270 470
1 7 2
404 452
1 13 2
57 400
1 12 2
202 467
1 6 2
7 445
1 14 2
471 475
1 2 2
338 403
1 12 2
200 417
1 11 2
220 492
1 5 2
304 404
1 7 2
329 497
1 2 2
378 391
1 4 2
59 116
1 14 2
129 423
1 7 2
8 121
1 5 2
58 259
1 10 2
234 323
1 12 2
269 309
1 13 2
17 418
1 6 2
26 183
1 10 2
489 499
1 14 2
210 221
1 3 2
291 370
1 7 2
111 322
1 13 2
249 391
1 6 2
82 311
1 11 2
263 375
1 14 2
436 479
1 7 2
21 184
1 7 2
196 286
1 6 2
315 316
1 14 2
3 442
1 10 2
22 234
1 15 2
407 481
1 3 2
50 89
1 14 2
302 355
1 3 2
100 465
1 2 2
422 462
1 6 2
235 244
1 4 2
105 436
1 6 2
157 269
1 8 2
347 404
1 13 2
38 250
1 14 2
144 456
1 13 2
165 326
1 13 2
11 173
1 4 2
53 255
1 3 2
90 489
1 8 2
218 493
1 5 2
168 456
1 6 2
17 292
1 8 2
361 420
1 3 2
20 458
1 3 2
10 254
1 3 2
253 376
1 11 2
167 371
1 14 2
59 377
1 9 2
46 408
1 14 2
118 393
1 11 2
124 402
1 14 2
56 419
1 14 2
81 279
1 10 2
139 238
1 2 2
226 383
1 9 2
76 93
1 8 2
225 346
1 13 2
84 175
1 12 2
11 84
1 3 2
90 220
1 15 2
44 385
1 15 2
58 296
1 2 2
429 491
1 4 2
69 360
1 4 2
3 53
1 2 2
113 332
1 5 2
371 436
1 11 2
75 179
1 13 2
176 267
1 11 2
1 54
1 9 2
159 302
1 7 2
448 467
1 9 2
271 398
1 11 2
14 131
1 3 2
65 148
1 3 2
28 303
1 4 2
36 260
1 7 2
297 421
1 13 2
267 314
1 13 2
307 469
1 12 2
317 442
1 6 2
146 409
1 14 2
56 426
1 6 2
308 456
1 10 2
167 185
1 15 2
280 357
1 6 2
221 385
1 8 2
148 335
1 12 2
25 406
1 2 2
123 327
1 11 2
104 359
1 3 2
357 499
1 10 2
307 335
1 3 2
109 191
1 14 2
231 267
1 15 2
149 472
1 2 2
183 351
1 15 2
212 293
1 4 2
107 119
1 2 2
9 406
1 2 2
244 373
1 3 2
85 346
1 15 2
54 75
1 7 2
156 346
1 2 2
270 450
1 15 2
182 228
1 5 2
307 494
1 10 2
239 428
1 12 2
144 384
1 6 2
30 65
1 11 2
442 454
1 11 2
144 466
1 11 2
120 263
1 8 2
280 308
1 5 2
293 469
1 6 2
209 307
1 13 2
155 444
1 13 2
467 478
1 4 2
143 305
1 9 2
171 445
1 14 2
130 328
1 5 2
366 483
1 4 2
165 352
1 12 2
313 413
1 9 2
185 450
1 12 2
117 224
1 11 2
155 470
1 5 2
125 344
1 4 2
323 400
1 14 2
55 476
1 10 2
231 381
1 5 2
335 428
1 14 2
79 394
1 3 2
200 447
1 11 2
28 326
1 14 2
345 499
1 10 2
301 447
1 11 2
235 377
1 9 2
80 355
1 11 2
236 460
1 2 2
80 263
1 2 2
126 260
1 11 2
250 445
1 14 2
148 295
1 11 2
123 348
1 11 2
99 116
1 6 2
412 424
1 5 2
31 442
1 9 2
186 336
1 3 2
55 114
1 3 2
245 398
1 8 2
106 199
1 12 2
135 490
1 2 2
77 340
1 10 2
44 361
1 3 2
107 353
1 10 2
71 227
1 10 2
1 317
1 4 2
434 452
1 8 2
230 350
1 6 2
23 398
1 12 2
49 406
1 14 2
174 445
1 12 2
66 463
1 9 2
73 103
1 10 2
124 132
1 10 2
297 420
1 10 2
338 437
1 4 2
425 441
1 15 2
193 241
1 2 2
209 497
1 5 2
204 252
1 5 2
30 305
1 8 2
132 224
1 8 2
95 204
1 12 2
161 243
1 5 2
252 307
1 10 2
37 488
1 4 2
149 191
1 8 2
3 344
1 2 2
238 289
1 5 2
124 397
1 2 2
51 189
1 10 2
71 394
1 15 2
132 196
1 2 2
32 232
1 14 2
394 436
1 14 2
137 251
1 9 2
161 356
1 5 2
60 421
1 8 2
377 488
1 11 2
88 399
1 13 2
112 162
1 14 2
12 485
1 5 2
25 318
1 9 2
48 200
1 9 2
265 337
1 12 2
59 397
1 7 2
258 280
1 7 2
213 254
1 15 2
57 266
1 4 2
200 318
1 7 2
183 341
1 11 2
159 401
1 7 2
152 499
1 7 2
83 408
1 5 2
196 460
1 6 2
38 105
1 3 2
390 433
1 3 2
347 358
1 13 2
167 202
1 12 2
3 208
1 6 2
130 319
1 5 2
207 488
1 10 2
103 348
1 2 2
233 330
1 4 2
384 483
1 14 2
106 362
1 11 2
156 195
1 13 2
108 434
1 9 2
289 411
1 6 2
289 385
1 2 2
49 122
1 8 2
102 437
1 6 2
32 239
1 9 2
239 479
1 5 2
155 471
1 10 2
176 305
1 2 2
386 469
1 11 2
183 297
1 11 2
278 481
1 8 2
330 396
1 5 2
240 487
1 14 2
190 466
1 6 2
27 261
1 7 2
197 213
1 9 2
367 402
1 3 2
259 378
1 8 2
120 168
1 7 2
244 372
1 6 2
335 393
1 3 2
88 391
1 10 2
393 396
1 12 2
260 267
1 2 2
88 264
1 5 2
130 416
1 14 2
208 467
1 6 2
15 267
1 6 2
170 456
1 7 2
235 345
1 6 2
11 321
1 4 2
3 249
1 3 2
236 385
1 6 2
17 95
1 9 2
52 486
1 15 2
11 49
1 9 2
200 247
1 13 2
97 135
1 10 2
83 305
1 10 2
112 219
1 3 2
252 359
1 2 2
288 417
1 9 2
71 157
1 4 2
198 306
1 14 2
38 138
1 7 2
170 466
1 2 2
12 171
1 5 2
246 386
1 5 2
49 342
1 15 2
262 308
1 8 2
331 411
1 14 2
235 294
1 15 2
297 354
1 6 2
287 496
1 8 2
53 470
1 15 2
212 434
1 4 2
306 385
1 10 2
35 183
1 13 2
43 379
1 15 2
66 146
1 4 2
424 481
1 11 2
272 492
1 12 2
366 454
1 2 2
252 445
1 7 2
249 413
1 10 2
218 379
1 6 2
78 124
1 8 2
75 453
1 8 2
125 173
1 12 2
36 270
1 14 2
23 453
1 7 2
173 437
1 13 2
65 143
1 13 2
94 262
1 12 2
311 416
1 12 2
381 482
1 3 2
52 483
1 9 2
153 239
1 5 2
201 368
1 10 2
81 448
1 14 2
107 306
1 13 2
24 404
1 2 2
17 402
1 12 2
91 246
1 12 2
223 250
1 5 2
269 404
1 2 2
389 411
1 14 2
80 476
1 13 2
74 170
1 11 2
260 440
1 9 2
408 434
1 9 2
318 418
1 2 2
0 494
1 11 2
342 416
1 13 2
13 464
1 15 2
304 326
1 13 2
363 484
1 13 2
147 390
1 8 2
385 476
1 12 2
76 308
1 12 2
398 442
1 6 2
215 248
1 10 2
349 423
1 11 2
437 442
1 14 2
335 365
1 8 2
387 445
1 8 2
59 165
1 7 2
409 454
1 8 2
142 252
1 7 2
281 454
1 14 2
220 359
1 14 2
340 399
1 7 2
147 214
1 15 2
275 323
1 3 2
35 170
1 2 2
61 93
1 14 2
6 273
1 2 2
7 332
1 3 2
96 249
1 6 2
91 297
1 7 2
63 274
1 14 2
0 98
1 4 2
83 482
1 6 2
48 199
1 14 2
137 389
1 10 2
27 463
1 10 2
428 485
1 15 2
159 438
1 8 2
258 420
1 7 2
340 341
1 6 2
36 209
1 8 2
177 440
1 15 2
441 466
1 12 2
266 360
1 3 2
30 116
1 7 2
83 217
1 12 2
124 296
1 11 2
12 259
1 12 2
90 114
1 7 2
114 301
1 6 2
94 306
1 15 2
265 314
1 11 2
144 298
1 3 2
140 404
1 3 2
379 487
1 2 2
311 343
1 3 2
41 184
1 3 2
180 259
1 5 2
239 302
1 8 2
357 422
1 12 2
91 110
1 6 2
1 366
1 2 2
183 218
1 2 2
306 308
1 5 2
360 364
1 8 2
45 290
1 15 2
2 145
1 2 2
116 326
1 2 2
269 480
1 6 2
82 361
1 7 2
242 246
1 4 2
322 410
1 15 2
304 414
1 9 2
368 407
1 5 2
267 308
1 10 2
36 478
1 11 2
288 318
1 13 2
72 156
1 15 2
3 357
1 9 2
211 429
1 13 2
23 409
1 13 2
133 418
1 9 2
4 319
1 12 2
175 325
1 7 2
214 282
1 2 2
104 414
1 15 2
359 462
1 5 2
123 409
1 12 2
368 466
1 10 2
262 493
1 11 2
240 319
1 12 2
150 174
1 15 2
442 448
1 14 2
260 423
1 6 2
225 231
1 13 2
422 483
1 7 2
236 265
1 14 2
278 304
1 14 2
17 156
1 3 2
25 115
1 9 2
121 134
1 15 2
84 337
1 7 2
298 307
1 2 2
42 133
1 6 2
385 435
1 2 2
61 219
1 7 2
34 256
1 4 2
67 126
1 10 2
5 58
1 5 2
64 204
1 11 2
122 175
1 3 2
333 371
1 3 2
417 486
1 5 2
140 142
1 11 2
247 468
1 6 2
154 449
1 2 2
309 450
1 2 2
192 432
1 12 2
98 274
1 8 2
147 252
1 6 2
227 454
1 8 2
120 256
1 13 2
11 257
1 2 2
58 450
1 2 2
212 432
1 3 2
338 375
1 6 2
92 318
1 11 2
326 486
1 13 2
59 335
1 7 2
157 288
1 13 2
294 450
1 13 2
47 356
1 12 2
122 406
1 10 2
376 448
1 8 2
25 286
1 8 2
353 490
1 5 2
325 402
1 14 2
195 285
1 6 2
41 139
1 11 2
57 214
1 5 2
111 221
1 5 2
203 337
1 10 2
7 65
1 9 2
147 448
1 2 2
86 472
1 2 2
60 244
1 10 2
318 351
1 10 2
0 76
1 12 2
167 323
1 13 2
225 468
1 4 2
21 411
1 8 2
331 385
1 11 2
56 487
1 9 2
295 475
1 9 2
108 389
1 15 2
17 383
1 13 2
235 415
1 2 2
134 142
1 2 2
12 492
1 11 2
162 339
1 2 2
103 371
1 4 2
41 43
1 15 2
131 283
1 8 2
29 451
1 10 2
99 211
1 12 2
344 457
1 10 2
388 442
1 7 2
77 155
1 4 2
28 369
1 8 2
106 325
1 8 2
68 424
1 15 2
152 489
1 8 2
120 239
1 13 2
28 49
1 12 2
190 380
1 12 2
167 397
1 12 2
85 292
1 10 2
161 491
1 13 2
35 241
1 14 2
22 307
1 7 2
230 473
1 2 2
37 235
1 15 2
261 491
1 11 2
273 427
1 2 2
264 453
1 2 2
162 376
1 9 2
330 411
1 14 2
219 355
1 12 2
290 414
1 10 2
117 145
1 11 2
101 319
1 11 2
283 372
1 12 2
242 357
1 11 2
283 405
1 3 2
448 491
1 12 2
64 105
1 5 2
243 454
1 7 2
111 203
1 12 2
171 294
1 13 2
174 394
1 8 2
125 171
1 2 2
73 482
1 3 2
179 245
1 12 2
83 172
1 12 2
161 269
1 13 2
197 266
1 10 2
348 372
1 4 2
180 271
1 14 2
91 364
1 12 2
461 477
1 7 2
215 255
1 14 2
64 468
1 8 2
134 371
1 14 2
199 350
1 12 2
200 265
1 14 2
86 89
1 3 2
12 287
1 9 2
185 390
1 5 2
275 401
1 5 2
101 295
1 8 2
120 177
1 11 2
94 276
1 4 2
230 387
1 7 2
137 411
1 6 2
327 445
1 3 2
263 415
1 15 2
169 401
1 3 2
313 354
1 2 2
422 490
1 9 2
298 463
1 6 2
300 336
1 5 2
115 407
1 3 2
149 344
1 4 2
351 407
1 9 2
11 340
1 6 2
256 261
1 4 2
150 374
1 9 2
229 401
1 13 2
138 361
1 12 2
475 486
1 3 2
53 167
1 4 2
225 285
1 9 2
2 139
1 10 2
31 498
1 2 2
146 430
1 14 2
303 422
1 9 2
13 349
1 12 2
208 245
1 11 2
246 394
1 11 2
124 315
1 12 2
377 444
1 4 2
423 489
1 15 2
53 285
1 13 2
9 135
1 13 2
316 430
1 8 2
283 306
1 7 2
269 485
1 7 2
247 455
1 13 2
21 289
1 11 2
98 264
1 2 2
29 117
1 2 2
77 97
1 12 2
185 438
1 13 2
33 396
1 13 2
108 301
1 7 2
470 472
1 4 2
114 441
1 10 2
292 449
1 3 2
62 201
1 15 2
265 385
1 5 2
69 86
1 15 2
64 282
1 13 2
341 497
1 13 2
4 326
1 4 2
11 391
1 6 2
93 381
1 7 2
356 404
1 3 2
41 423
1 13 2
211 354
1 3 2
86 481
1 14 2
166 283
1 10 2
108 273
1 12 2
52 376
1 12 2
110 433
1 7 2
328 330
1 14 2
166 465
1 5 2
56 366
1 3 2
12 316
1 14 2
157 353
1 4 2
240 245
1 2 2
101 146
1 2 2
42 380
1 5 2
189 209
1 6 2
12 218
1 8 2
160 442
1 6 2
318 407
1 15 2
204 290
1 15 2
46 126
1 15 2
47 216
1 9 2
153 267
1 4 2
306 455
1 14 2
284 488
1 14 2
27 407
1 6 2
77 205
1 6 2
54 430
1 7 2
329 436
1 9 2
28 60
1 2 2
172 326
1 6 2
203 295
1 7 2
46 424
1 4 2
179 185
1 12 2
175 497
1 8 2
6 160
1 15 2
50 304
1 12 2
148 386
1 9 2
341 453
1 6 2
149 393
1 15 2
178 277
1 12 2
386 455
1 13 2
212 450
1 5 2
332 382
1 9 2
140 398
1 4 2
78 249
1 9 2
301 457
1 6 2
195 333
1 12 2
143 390
1 14 2
101 495
1 14 2
124 453
1 9 2
36 357
1 8 2
189 285
1 6 2
331 386
1 11 2
45 331
1 11 2
118 229
1 8 2
176 319
1 12 2
67 455
1 10 2
200 462
1 13 2
249 265
1 2 2
6 445
1 15 2
198 279
1 6 2
205 208
1 7 2
426 434
1 14 2
62 152
1 10 2
134 356
1 6 2
147 211
1 14 2
40 410
1 5 2
303 332
1 5 2
136 341
1 9 2
93 412
1 11 2
184 478
1 11 2
82 458
1 14 2
249 398
1 11 2
381 479
1 14 2
109 477
1 12 2
185 294
1 9 2
383 448
1 10 2
125 220
1 6 2
183 215
1 6 2
148 306
1 4 2
249 255
1 14 2
86 220
1 15 2
125 383
1 4 2
384 496
1 9 2
38 49
1 2 2
183 335
1 9 2
118 260
1 7 2
53 256
1 7 2
17 405
1 3 2
134 412
1 11 2
203 465
1 14 2
344 448
1 13 2
244 437
1 6 2
248 380
1 3 2
86 239
1 4 2
118 433
1 4 2
243 281
1 12 2
111 460
1 11 2
82 152
1 13 2
70 209
1 15 2
65 171
1 10 2
60 345
1 9 2
29 455
1 13 2
193 330
1 13 2
198 319
1 11 2
93 305
1 10 2
77 335
1 2 2
112 324
1 6 2
18 471
1 4 2
74 303
1 2 2
38 80
1 3 2
116 351
1 4 2
9 315
1 6 2
23 363
1 8 2
57 125
1 14 2
39 129
1 13 2
210 419
1 15 2
144 389
1 15 2
148 452
1 4 2
132 470
1 10 2
0 161
1 10 2
70 249
1 9 2
342 413
1 10 2
134 340
1 4 2
78 350
1 3 2
301 451
1 8 2
131 499
1 11 2
234 351
1 7 2
19 223
1 2 2
65 465
1 4 2
214 290
1 2 2
172 355
1 8 2
91 352
1 2 2
57 193
1 15 2
5 183
1 8 2
377 411
1 4 2
363 417
1 12 2
132 260
1 3 2
183 327
1 2 2
187 205
1 7 2
84 401
1 2 2
170 431
1 2 2
261 400
1 8 2
179 267
1 4 2
285 376
1 5 2
6 198
1 10 2
176 452
1 12 2
120 242
1 13 2
110 307
1 8 2
140 152
1 10 2
348 439
1 8 2
201 423
1 3 2
135 403
1 7 2
138 377
1 9 2
56 495
1 5 2
214 392
1 11 2
107 349
1 3 2
93 300
1 14 2
60 185
1 3 2
176 178
1 8 2
13 253
1 5 2
121 330
1 2 2
87 398
1 8 2
40 309
1 12 2
187 449
1 10 2
427 435
1 13 2
105 110
1 14 2
117 174
1 8 2
272 325
1 4 2
231 392
1 3 2
97 256
1 6 2
142 310
1 9 2
58 246
1 6 2
38 109
1 10 2
42 104
1 6 2
297 476
1 4 2
9 152
1 12 2
268 483
1 12 2
57 119
1 12 2
73 230
1 6 2
196 418
1 5 2
49 318
1 3 2
228 304
1 15 2
254 312
1 15 2
11 416
1 6 2
51 439
1 15 2
236 263
1 3 2
235 427
1 5 2
133 194
1 12 2
290 438
1 11 2
22 410
1 14 2
114 368
1 15 2
128 227
1 15 2
318 360
1 3 2
45 444
1 6 2
198 216
1 4 2
82 314
1 14 2
20 196
1 8 2
6 78
1 12 2
60 316
1 15 2
15 318
1 13 2
1 305
1 10 2
360 474
1 15 2
315 427
1 6 2
404 414
1 15 2
139 485
1 3 2
168 283
1 4 2
335 387
1 8 2
291 494
1 6 2
45 64
1 6 2
458 487
1 14 2
227 478
1 8 2
75 391
1 13 2
240 432
1 12 2
188 197
1 12 2
347 434
1 14 2
164 197
1 7 2
380 490
1 14 2
236 479
1 4 2
38 430
1 15 2
113 119
1 12 2
66 175
1 10 2
4 187
1 15 2
334 471
1 14 2
82 181
1 9 2
190 299
1 4 2
292 426
1 14 2
133 202
1 13 2
284 472
1 10 2
214 378
1 7 2
12 55
1 12 2
4 267
1 14 2
73 260
1 8 2
342 383
1 3 2
102 480
1 3 2
28 325
1 8 2
40 75
1 12 2
57 415
1 5 2
211 363
1 11 2
212 330
1 4 2
209 437
1 6 2
175 402
1 10 2
329 333
1 4 2
92 283
1 3 2
219 284
1 10 2
104 413
1 10 2
18 198
1 2 2
156 391
1 4 2
201 323
1 11 2
80 450
1 7 2
66 302
1 6 2
260 382
1 11 2
281 393
1 11 2
116 397
1 5 2
22 220
1 2 2
114 484
1 5 2
154 282
1 10 2
199 349
1 8 2
0 307
1 3 2
11 103
1 15 2
104 318
1 2 2
463 473
1 5 2
105 128
1 3 2
127 359
1 11 2
265 400
1 6 2
317 335
1 10 2
215 384
1 6 2
362 376
1 10 2
138 420
1 12 2
14 297
1 12 2
53 435
1 7 2
227 434
1 14 2
202 267
1 15 2
295 349
1 11 2
5 387
1 13 2
301 327
1 3 2
83 333
1 5 2
78 242
1 10 2
198 380
1 3 2
80 204
1 7 2
355 474
1 6 2
134 197
1 9 2
45 117
1 14 2
183 324
1 10 2
257 447
1 12 2
188 480
1 12 2
431 433
1 9 2
376 394
1 7 2
152 172
1 7 2
404 493
1 10 2
23 234
1 14 2
207 475
1 5 2
227 425
1 8 2
97 190
1 7 2
327 468
1 5 2
58 434
1 9 2
195 367
1 8 2
128 253
1 13 2
205 255
1 14 2
271 293
1 7 2
28 376
1 10 2
300 438
1 14 2
241 246
1 11 2
16 386
1 2 2
299 448
1 15 2
158 380
1 10 2
0 230
1 6 2
64 389
1 15 2
236 329
1 10 2
43 481
1 4 2
105 423
1 9 2
404 467
1 11 2
336 388
1 9 2
159 224
1 7 2
139 186
1 13 2
130 158
1 10 2
122 368
1 3 2
272 274
1 7 2
212 229
1 8 2
390 418
1 5 2
275 448
1 14 2
216 225
1 7 2
455 478
1 15 2
116 160
1 6 2
55 306
1 3 2
160 238
1 11 2
195 206
1 3 2
49 69
1 5 2
7 84
1 7 2
70 102
1 8 2
164 470
1 14 2
18 299
1 2 2
170 437
1 3 2
222 241
1 2 2
183 226
1 7 2
134 369
1 4 2
31 370
1 10 2
15 380
1 6 2
379 435
1 7 2
68 97
1 13 2
404 431
1 8 2
117 196
1 12 2
120 325
1 9 2
25 109
1 6 2
117 329
1 2 2
331 483
1 6 2
42 173
1 4 2
8 422
1 10 2
292 389
1 5 2
138 444
1 3 2
251 329
1 8 2
29 107
1 6 2
35 340
1 14 2
127 311
1 2 2
144 375
1 9 2
32 169
1 5 2
272 315
1 2 2
63 154
1 8 2
67 96
1 11 2
228 267
1 10 2
324 497
1 9 2
79 430
1 6 2
381 383
1 4 2
105 185
1 6 2
40 248
1 10 2
273 443
1 15 2
405 494
1 12 2
45 298
1 9 2
20 403
1 3 2
5 382
1 3 2
201 472
1 7 2
321 361
1 5 2
102 475
1 15 2
246 476
1 13 2
87 127
1 8 2
305 423
1 4 2
132 284
1 9 2
207 387
1 2 2
195 245
1 9 2
250 273
1 15 2
130 439
1 6 2
295 478
1 3 2
337 490
1 14 2
19 37
1 12 2
204 266
1 4 2
229 392
1 11 2
347 482
1 7 2
51 217
1 8 2
3 330
1 13 2
145 356
1 5 2
340 475
1 12 2
230 300
1 8 2
69 212
1 10 2
246 309
1 4 2
204 477
1 13 2
37 55
1 11 2
241 484
1 13 2
23 406
1 8 2
114 456
1 15 2
46 187
1 14 2
55 282
1 15 2
82 400
1 4 2
153 371
1 8 2
47 322
1 12 2
35 108
1 10 2
297 397
1 5 2
124 169
1 6 2
171 441
1 10 2
352 416
1 6 2
93 232
1 8 2
113 321
1 14 2
58 114
1 5 2
196 360
1 10 2
87 400
1 4 2
380 459
1 9 2
122 352
1 8 2
161 426
1 2 2
317 486
1 6 2
96 140
1 14 2
463 495
1 10 2
328 410
1 12 2
198 420
1 13 2
33 191
1 4 2
340 440
1 3 2
342 480
1 8 2
76 419
1 7 2
16 260
1 12 2
44 360
1 10 2
228 338
1 9 2
341 473
1 10 2
362 464
1 14 2
73 408
1 5 2
60 331
1 4 2
67 339
1 4 2
324 338
1 10 2
100 362
1 12 2
15 452
1 10 2
282 311
1 8 2
319 331
1 8 2
296 438
1 12 2
8 174
1 9 2
33 477
1 6 2
119 307
1 11 2
179 477
1 4 2
190 253
1 15 2
202 255
1 14 2
80 482
1 15 2
322 333
1 8 2
8 273
1 4 2
66 420
1 11 2
407 435
1 3 2
30 157
1 11 2
177 310
1 4 2
224 236
1 13 2
205 260
1 2 2
205 312
1 12 2
26 204
1 11 2
128 358
1 13 2
87 276
1 11 2
276 360
1 13 2
124 261
1 6 2
114 296
1 3 2
287 330
1 14 2
142 225
1 11 2
237 250
1 9 2
94 232
1 5 2
7 124
1 13 2
170 453
1 8 2
4 350
1 12 2
113 239
1 4 2
43 288
1 2 2
20 155
1 11 2
254 380
1 9 2
27 291
1 15 2
181 462
1 2 2
171 411
1 6 2
66 403
1 14 2
302 303
1 13 2
118 251
1 3 2
238 311
1 3 2
168 305
1 15 2
215 466
1 4 2
212 304
1 2 2
272 335
1 13 2
227 370
1 7 2
71 246
1 8 2
298 450
1 8 2
178 252
1 7 2
247 377
1 6 2
78 228
1 6 2
397 475
1 10 2
132 378
1 2 2
208 338
1 5 2
333 336
1 5 2
187 247
1 9 2
276 310
1 4 2
35 144
1 14 2
334 394
1 13 2
250 403
1 3 2
295 434
1 10 2
48 288
1 8 2
148 209
1 11 2
390 497
1 2 2
344 439
1 2 2
147 419
1 13 2
73 419
1 12 2
143 452
1 9 2
19 351
1 13 2
254 470
1 14 2
29 378
1 5 2
219 493
1 12 2
309 451
1 5 2
133 174
1 15 2
56 455
1 10 2
17 151
1 5 2
55 396
1 12 2
6 56
1 6 2
265 289
1 7 2
132 397
1 10 2
18 42
1 4 2
60 141
1 14 2
91 281
1 2 2
2 47
1 13 2
162 293
1 12 2
60 209
1 7 2
22 109
1 2 2
272 455
1 6 2
239 241
1 6 2
76 292
1 2 2
37 191
1 6 2
73 267
1 12 2
408 424
1 7 2
285 428
1 4 2
106 481
1 15 2
62 420
1 8 2
128 216
1 13 2
365 433
1 4 2
373 478
1 4 2
58 107
1 7 2
258 330
1 3 2
223 341
1 4 2
73 486
1 15 2
369 450
1 10 2
130 220
1 15 2
119 354
1 10 2
297 451
1 14 2
162 387
1 8 2
238 483
1 4 2
12 446
1 8 2
24 50
1 11 2
48 358
1 8 2
149 297
1 2 2
21 447
1 2 2
309 403
1 7 2
225 358
1 11 2
234 235
1 12 2
416 418
1 14 2
138 156
1 4 2
141 465
1 5 2
119 341
1 14 2
46 192
1 10 2
12 112
1 4 2
400 473
1 7 2
50 381
1 10 2
70 335
1 12 2
253 261
1 7 2
56 397
1 9 2
459 463
1 13 2
67 116
1 4 2
385 477
1 8 2
110 255
1 10 2
104 364
1 7 2
137 317
1 12 2
349 450
1 3 2
317 477
1 5 2
231 404
1 13 2
331 442
1 13 2
365 414
1 11 2
101 359
1 11 2
246 441
1 9 2
175 437
1 9 2
90 320
1 14 2
374 431
1 8 2
180 354
1 6 2
52 361
1 12 2
388 402
1 13 2
293 475
1 14 2
135 307
1 9 2
65 335
1 13 2
6 261
1 5 2
138 371
1 11 2
7 193
1 3 2
29 268
1 7 2
189 224
1 13 2
0 251
1 4 2
29 380
1 14 2
243 415
1 3 2
90 121
1 10 2
236 393
1 13 2
53 75
1 5 2
114 157
1 12 2
142 456
1 5 2
53 161
1 12 2
237 336
1 2 2
258 290
1 2 2
179 282
1 2 2
187 382
1 14 2
227 256
1 2 2
1 261
1 5 2
276 344
1 12 2
148 328
1 2 2
8 198
1 13 2
57 439
1 8 2
274 478
1 6 2
314 353
1 12 2
45 358
1 11 2
254 387
1 10 2
194 261
1 5 2
292 379
1 6 2
77 472
1 13 2
111 353
1 10 2
61 210
1 6 2
238 368
1 11 2
232 373
1 2 2
152 175
1 13 2
206 240
1 6 2
16 357
1 7 2
100 274
1 12 2
279 402
1 9 2
411 429
1 14 2
86 487
1 3 2
3 370
1 4 2
375 445
1 15 2
193 354
1 5 2
125 429
1 4 2
189 249
1 4 2
183 378
1 6 2
22 492
1 15 2
205 380
1 5 2
280 409
1 13 2
395 475
1 13 2
340 451
1 5 2
251 322
1 9 2
4 91
1 8 2
48 265
1 11 2
112 152
1 6 2
184 378
1 9 2
115 313
1 10 2
36 262
1 10 2
4 151
1 9 2
393 444
1 10 2
46 72
1 11 2
282 433
1 6 2
76 90
1 7 2
15 107
1 13 2
81 316
1 11 2
134 207
1 15 2
279 483
1 4 2
440 484
1 11 2
7 10
1 13 2
194 251
1 8 2
124 497
1 7 2
38 339
1 4 2
313 337
1 12 2
338 439
1 4 2
192 441
1 12 2
63 239
1 8 2
56 178
1 9 2
132 150
1 7 2
383 396
1 7 2
300 301
1 11 2
263 459
1 8 2
249 402
1 11 2
89 226
1 2 2
235 281
1 8 2
449 494
1 11 2
424 427
1 10 2
228 319
1 9 2
238 374
1 13 2
130 180
1 11 2
36 108
1 15 2
29 427
1 5 2
91 474
1 9 2
101 447
1 3 2
128 185
1 15 2
288 457
1 6 2
182 351
1 9 2
411 473
1 15 2
332 462
1 15 2
89 370
1 9 2
115 413
1 9 2
359 413
1 10 2
242 446
1 7 2
298 310
1 12 2
66 139
1 9 2
7 81
1 15 2
182 298
1 5 2
313 358
1 9 2
124 472
1 13 2
37 316
1 2 2
0 300
1 15 2
246 467
1 2 2
23 438
1 5 2
382 406
1 5 2
96 274
1 10 2
214 408
1 5 2
15 207
1 10 2
213 324
1 7 2
126 418
1 14 2
270 437
1 7 2
373 492
1 14 2
111 174
1 5 2
295 405
1 3 2
355 381
1 12 2
27 264
1 4 2
93 156
1 9 2
26 463
1 7 2
19 439
1 3 2
208 499
1 14 2
35 318
1 2 2
465 471
1 11 2
163 190
1 11 2
77 165
1 6 2
53 265
1 12 2
53 131
1 10 2
102 455
1 13 2
408 427
1 10 2
73 297
1 9 2
96 451
1 11 2
103 305
1 12 2
47 138
1 3 2
324 343
1 12 2
72 237
1 13 2
249 333
1 10 2
214 318
1 15 2
51 314
1 14 2
118 367
1 11 2
319 418
1 9 2
39 225
1 15 2
158 314
1 11 2
242 300
1 4 2
229 431
1 8 2
160 427
1 7 2
242 283
1 2 2
327 449
1 11 2
198 255
1 14 2
23 90
1 6 2
156 415
1 10 2
200 423
1 9 2
6 472
1 9 2
409 419
1 8 2
51 210
1 11 2
179 361
1 2 2
130 391
1 13 2
285 344
1 9 2
201 256
1 8 2
221 239
1 12 2
2 182
1 10 2
133 460
1 5 2
112 113
1 4 2
213 344
1 6 2
36 280
1 3 2
37 158
1 2 2
295 394
1 15 2
280 299
1 6 2
424 450
1 6 2
338 464
1 10 2
192 297
1 7 2
234 416
1 6 2
156 183
1 2 2
246 317
1 3 2
220 373
1 8 2
294 344
1 6 2
213 428
1 14 2
96 417
1 12 2
479 488
1 7 2
143 195
1 14 2
150 287
1 15 2
263 439
1 2 2
54 176
1 5 2
113 493
1 15 2
97 341
1 12 2
174 240
1 7 2
230 290
1 15 2
298 349
1 11 2
356 429
1 14 2
6 347
1 15 2
127 242
1 10 2
207 302
1 7 2
31 292
1 12 2
192 244
1 12 2
247 418
1 4 2
65 331
1 15 2
69 198
1 13 2
295 453
1 13 2
106 269
1 2 2
366 408
1 14 2
96 432
1 14 2
16 18
1 7 2
37 472
1 11 2
69 124
1 14 2
166 473
1 12 2
119 141
1 7 2
195 286
1 15 2
47 481
1 11 2
470 493
1 12 2
341 354
1 10 2
156 169
1 7 2
190 392
1 4 2
246 279
1 10 2
62 322
1 6 2
106 439
1 2 2
0 450
1 7 2
221 487
1 13 2
190 345
1 10 2
275 441
1 15 2
228 355
1 6 2
210 367
1 2 2
292 468
1 12 2
192 223
1 11 2
75 449
1 8 2
352 461
1 14 2
194 287
1 4 2
139 214
1 9 2
108 238
1 8 2
247 255
1 15 2
448 480
1 6 2
160 343
1 9 2
13 304
1 9 2
454 471
1 4 2
371 454
1 3 2
290 303
1 7 2
155 384
1 10 2
73 167
1 11 2
292 466
1 3 2
227 287
1 3 2
191 330
1 14 2
224 405
1 7 2
382 493
1 3 2
23 68
1 10 2
268 278
1 13 2
67 230
1 6 2
226 293
1 5 2
3 481
1 8 2
14 421
1 6 2
84 137
1 8 2
424 434
1 14 2
76 421
1 3 2
43 492
1 3 2
101 465
1 7 2
321 420
1 11 2
83 434
1 8 2
47 334
1 7 2
25 59
1 7 2
406 499
1 7 2
198 342
1 9 2
224 390
1 11 2
190 327
1 12 2
122 377
1 14 2
108 477
1 12 2
99 419
1 2 2
422 466
1 7 2
263 409
1 7 2
286 421
1 4 2
24 177
1 3 2
356 371
1 7 2
79 144
1 6 2
292 453
1 2 2
156 486
1 2 2
152 430
1 10 2
41 327
1 14 2
261 405
1 15 2
430 449
1 13 2
50 453
1 9 2
280 438
1 2 2
103 284
1 13 2
143 488
1 14 2
31 169
1 12 2
102 215
1 6 2
327 423
1 4 2
275 470
1 10 2
136 481
1 8 2
180 436
1 10 2
61 165
1 3 2
113 274
1 4 2
250 342
1 9 2
326 351
1 13 2
115 296
1 3 2
1 392
1 13 2
84 277
1 5 2
92 265
1 14 2
69 283
1 7 2
175 260
1 12 2
80 203
1 3 2
360 413
1 12 2
7 396
1 14 2
124 140
1 6 2
404 420
1 2 2
138 264
1 8 2
126 205
1 6 2
271 450
1 15 2
240 482
1 12 2
108 490
1 8 2
88 346
1 4 2
380 400
1 14 2
95 368
1 4 2
256 360
1 3 2
414 451
1 6 2
154 168
1 12 2
22 197
1 10 2
51 239
1 9 2
72 442
1 10 2
132 213
1 11 2
311 344
1 10 2
141 222
1 2 2
183 406
1 8 2
239 297
1 13 2
119 268
1 14 2
308 483
1 13 2
246 466
1 10 2
274 297
1 4 2
29 45
1 3 2
223 321
1 7 2
272 449
1 5 2
299 314
1 12 2
183 216
1 10 2
7 469
1 5 2
0 425
1 5 2
250 473
1 11 2
77 221
1 9 2
26 144
1 8 2
120 200
1 6 2
274 370
1 13 2
142 157
1 7 2
7 269
1 12 2
71 463
1 12 2
29 241
1 7 2
62 219
1 2 2
5 106
1 2 2
341 432
1 5 2
248 490
1 11 2
218 382
1 13 2
106 320
1 8 2
198 368
1 8 2
359 370
1 14 2
35 218
1 2 2
71 202
1 14 2
153 404
1 5 2
225 226
1 15 2
137 396
1 7 2
102 498
1 4 2
18 129
1 11 2
80 494
1 9 2
320 429
1 10 2
397 414
1 6 2
288 385
1 7 2
210 313
1 15 2
7 498
1 8 2
121 420
1 7 2
97 107
1 6 2
38 398
1 14 2
286 364
1 6 2
39 42
1 15 2
335 380
1 11 2
112 269
1 2 2
237 280
1 12 2
12 340
1 15 2
147 177
1 7 2
299 304
1 15 2
97 455
1 4 2
25 331
1 7 2
7 108
1 5 2
413 487
1 11 2
93 133
1 10 2
159 498
1 6 2
5 479
1 13 2
227 315
1 3 2
182 184
1 13 2
335 433
1 5 2
188 416
1 2 2
246 399
1 2 2
393 425
1 8 2
63 446
1 10 2
39 100
1 3 2
1 372
1 3 2
47 113
1 5 2
90 289
1 8 2
238 499
1 8 2
258 274
1 6 2
304 478
1 8 2
43 331
1 10 2
44 394
1 15 2
202 478
1 13 2
144 457
1 7 2
49 228
1 13 2
2 64
1 8 2
258 281
1 7 2
390 441
1 4 2
172 473
1 11 2
92 258
1 7 2
322 491
1 13 2
19 129
1 4 2
139 187
1 8 2
44 130
1 8 2
72 163
1 7 2
33 251
1 2 2
10 228
1 8 2
192 299
1 6 2
285 414
1 13 2
337 478
1 10 2
323 445
1 11 2
3 103
1 11 2
16 125
1 6 2
109 431
1 13 2
63 387
1 9 2
221 392
1 6 2
201 312
1 9 2
29 52
1 13 2
343 488
1 3 2
189 450
1 13 2
150 224
1 9 2
310 484
1 9 2
282 456
1 6 2
53 321
1 7 2
396 465
1 15 2
274 394
1 6 2
90 211
1 11 2
163 191
1 12 2
137 149
1 7 2
13 108
1 13 2
388 428
1 13 2
228 497
1 5 2
284 327
1 2 2
127 383
1 6 2
24 220
1 6 2
179 313
1 5 2
35 424
1 10 2
139 313
1 6 2
132 188
1 12 2
120 452
1 5 2
257 378
1 10 2
69 339
1 2 2
36 244
1 5 2
290 329
1 11 2
189 320
1 10 2
208 325
1 12 2
24 97
1 3 2
82 478
1 10 2
44 251
1 5 2
18 153
1 13 2
234 412
1 14 2
229 403
1 4 2
209 358
1 7 2
287 297
1 3 2
193 293
1 13 2
36 370
1 7 2
63 364
1 11 2
78 317
1 12 2
410 497
1 11 2
81 383
1 12 2
415 429
1 9 2
171 186
1 11 2
119 215
1 9 2
110 376
1 12 2
142 355
1 10 2
195 288
1 4 2
60 347
1 2 2
167 227
1 11 2
324 430
1 2 2
24 89
1 15 2
17 120
1 3 2
117 147
1 11 2
297 311
1 4 2
24 317
1 15 2
132 158
1 8 2
49 395
1 7 2
56 459
1 2 2
84 121
1 4 2
18 479
1 4 2
47 420
1 3 2
65 73
1 13 2
70 311
1 9 2
174 199
1 14 2
336 459
1 6 2
171 223
1 10 2
19 467
1 5 2
253 458
1 11 2
134 490
1 6 2
140 283
1 7 2
35 101
1 12 2
161 200
1 8 2
291 415
1 6 2
234 441
1 11 2
173 375
1 13 2
85 202
1 7 2
265 476
1 12 2
372 498
1 12 2
163 360
1 10 2
283 368
1 11 2
147 354
1 4 2
275 380
1 6 2
178 191
1 11 2
426 443
1 12 2
162 441
1 13 2
52 226
1 5 2
367 479
1 12 2
121 154
1 6 2
2 434
1 13 2
145 155
1 13 2
184 401
1 11 2
182 411
1 4 2
287 471
1 15 2
226 332
1 12 2
17 164
1 2 2
35 450
1 13 2
40 183
1 13 2
29 56
1 4 2
331 470
1 14 2
80 200
1 5 2
198 392
1 5 2
388 408
1 8 2
100 457
1 13 2
279 395
1 5 2
220 430
1 4 2
17 233
1 9 2
68 430
1 12 2
64 248
1 6 2
379 402
1 9 2
189 331
1 7 2
98 193
1 10 2
76 466
1 6 2
49 158
1 14 2
231 283
1 15 2
94 182
1 2 2
304 444
1 9 2
4 69
1 9 2
192 488
1 10 2
149 216
1 15 2
149 207
1 6 2
70 277
1 6 2
224 429
1 7 2
0 447
1 2 2
273 498
1 6 2
44 388
1 4 2
242 314
1 5 2
56 273
1 10 2
182 335
1 14 2
32 357
1 6 2
264 494
1 5 2
258 427
1 14 2
106 196
1 12 2
319 423
1 5 2
236 462
1 13 2
114 473
1 6 2
214 285
1 10 2
155 397
1 12 2
236 248
1 14 2
179 456
1 8 2
237 260
1 15 2
19 190
1 10 2
322 451
1 14 2
151 280
1 11 2
92 440
1 7 2
197 337
1 10 2
208 337
1 2 2
102 237
1 11 2
201 448
1 2 2
354 442
1 8 2
50 285
1 9 2
33 321
1 3 2
110 297
1 7 2
216 353
1 12 2
17 75
1 14 2
180 196
1 12 2
302 498
1 11 2
55 157
1 15 2
115 141
1 3 2
189 475
1 11 2
221 459
1 6 2
165 487
1 15 2
34 352
1 7 2
141 342
1 2 2
276 410
1 8 2
143 354
1 3 2
228 398
1 15 2
87 376
1 2 2
341 413
1 12 2
384 461
1 5 2
406 417
1 13 2
61 238
1 3 2
1 11
1 10 2
205 456
1 7 2
50 468
1 6 2
245 493
1 7 2
207 272
1 3 2
260 299
1 9 2
382 384
1 15 2
16 174
1 4 2
132 330
1 8 2
80 246
1 7 2
42 392
1 11 2
347 472
1 15 2
287 431
1 2 2
267 404
1 3 2
301 414
1 3 2
412 499
1 7 2
52 169
1 10 2
137 182
1 5 2
78 469
1 7 2
302 316
1 11 2
202 373
1 14 2
143 388
1 10 2
168 346
1 11 2
431 478
1 12 2
10 197
1 10 2
97 112
1 4 2
246 345
1 11 2
327 471
1 2 2
294 422
1 4 2
4 206
1 5 2
72 304
1 6 2
145 417
1 10 2
81 408
1 14 2
87 374
1 8 2
159 171
1 14 2
230 487
1 14 2
282 315
1 15 2
78 184
1 14 2
126 280
1 12 2
170 373
1 9 2
19 370
1 12 2
119 346
1 13 2
79 97
1 2 2
318 370
1 8 2
120 133
1 8 2
54 106
1 14 2
78 282
1 13 2
273 337
1 15 2
346 409
1 14 2
32 286
1 14 2
303 361
1 12 2
301 307
1 5 2
266 409
1 10 2
474 488
1 13 2
218 338
1 10 2
145 407
1 13 2
168 343
1 4 2
252 473
1 8 2
205 291
1 12 2
37 263
1 3 2
226 432
1 12 2
61 191
1 11 2
8 163
1 8 2
148 321
1 11 2
183 436
1 13 2
111 132
1 11 2
251 341
1 6 2
14 433
1 8 2
309 362
1 5 2
5 466
1 6 2
428 470
1 13 2
49 162
1 4 2
276 288
1 12 2
83 244
1 7 2
293 300
1 15 2
48 462
1 2 2
335 363
1 14 2
107 135
1 5 2
80 119
1 13 2
70 242
1 10 2
49 184
1 11 2
136 310
1 9 2
228 316
1 10 2
219 360
1 14 2
146 265
1 3 2
79 131
1 14 2
140 164
1 3 2
71 342
1 12 2
394 479
1 7 2
485 495
1 5 2
58 190
1 10 2
16 288
1 12 2
137 372
1 2 2
296 390
1 14 2
135 231
1 9 2
183 196
1 11 2
60 462
1 2 2
33 299
1 5 2
102 292
1 13 2
255 436
1 9 2
95 483
1 8 2
89 276
1 6 2
132 247
1 15 2
136 476
1 3 2
291 317
1 10 2
112 350
1 7 2
107 125
1 14 2
202 451
1 14 2
77 366
1 9 2
19 252
1 11 2
80 213
1 9 2
188 278
1 13 2
334 395
1 6 2
60 446
1 8 2
81 201
1 4 2
137 293
1 11 2
38 345
1 2 2
128 267
1 8 2
144 454
1 3 2
373 397
1 4 2
250 268
1 14 2
24 35
1 10 2
143 324
1 13 2
178 309
1 7 2
369 378
1 13 2
136 152
1 10 2
71 231
1 9 2
85 110
1 7 2
393 429
1 14 2
219 445
1 7 2
69 492
1 7 2
128 414
1 4 2
46 277
1 2 2
55 188
1 7 2
197 274
1 9 2
192 481
1 2 2
182 269
1 3 2
47 228
1 6 2
170 177
1 10 2
3 335
1 7 2
152 193
1 8 2
79 195
1 2 2
208 403
1 13 2
168 386
1 15 2
11 489
1 6 2
165 270
1 11 2
371 460
1 14 2
195 490
1 9 2
190 443
1 7 2
36 380
1 11 2
237 365
1 8 2
223 385
1 5 2
210 310
1 15 2
234 374
1 8 2
62 96
1 15 2
0 228
1 9 2
168 170
1 11 2
43 153
1 2 2
75 378
1 11 2
210 489
1 6 2
104 384
1 9 2
20 126
1 5 2
71 209
1 13 2
338 424
1 4 2
281 491
1 2 2
166 327
1 4 2
269 327
1 12 2
117 284
1 14 2
310 428
1 9 2
353 468
1 15 2
158 227
1 8 2
73 200
1 3 2
273 397
1 15 2
9 87
1 13 2
20 120
1 4 2
3 148
1 14 2
0 303
1 5 2
150 309
1 5 2
1 474
1 14 2
14 251
1 4 2
26 479
1 13 2
250 432
1 9 2
302 415
1 12 2
401 438
1 2 2
117 474
1 11 2
294 425
1 13 2
106 279
1 11 2
409 467
1 10 2
220 285
1 10 2
139 156
1 11 2
168 267
1 14 2
329 355
1 2 2
282 481
1 3 2
371 411
1 11 2
364 491
1 10 2
108 380
1 5 2
245 252
1 14 2
89 422
1 3 2
10 398
1 13 2
326 377
1 12 2
203 320
1 10 2
190 475
1 15 2
154 357
1 10 2
192 422
1 8 2
176 211
1 11 2
445 451
1 12 2
416 488
1 4 2
15 66
1 14 2
101 285
1 15 2
48 300
1 14 2
70 290
1 9 2
135 371
1 7 2
84 412
1 4 2
210 427
1 2 2
84 444
1 8 2
65 420
1 5 2
232 389
1 9 2
95 382
1 13 2
168 279
1 15 2
67 276
1 8 2
135 450
1 3 2
180 345
1 4 2
48 85
1 9 2
219 300
1 14 2
338 423
1 8 2
236 356
1 7 2
231 253
1 6 2
128 406
1 3 2
187 345
1 4 2
82 156
1 15 2
422 486
1 3 2
80 389
1 3 2
269 476
1 6 2
125 323
1 12 2
36 223
1 5 2
309 495
1 5 2
309 461
1 8 2
52 393
1 11 2
70 224
1 12 2
3 214
1 3 2
113 270
1 14 2
108 150
1 7 2
105 395
1 8 2
78 237
1 4 2
65 107
1 7 2
287 323
1 15 2
122 432
1 10 2
298 381
1 9 2
323 364
1 11 2
103 139
1 2 2
138 335
1 14 2
106 236
1 2 2
109 140
1 12 2
190 323
1 6 2
97 380
1 11 2
372 469
1 12 2
44 292
1 15 2
164 298
1 7 2
78 143
1 10 2
8 48
1 9 2
47 231
1 15 2
104 254
1 14 2
271 309
1 8 2
281 442
1 5 2
70 448
1 3 2
37 436
1 5 2
11 480
1 15 2
111 422
1 3 2
204 404
1 4 2
367 410
1 4 2
87 241
1 13 2
119 448
1 10 2
178 282
1 15 2
275 456
1 14 2
198 204
1 11 2
58 425
1 12 2
11 141
1 12 2
358 447
1 7 2
81 198
1 2 2
8 450
1 11 2
162 417
1 8 2
20 414
1 4 2
429 447
1 15 2
74 362
1 12 2
75 284
1 9 2
357 391
1 6 2
125 204
1 3 2
138 442
1 9 2
60 402
1 6 2
141 358
1 8 2
217 376
1 3 2
60 225
1 9 2
17 195
1 7 2
90 254
1 6 2
231 269
1 14 2
398 496
1 15 2
376 377
1 15 2
38 320
1 11 2
323 345
1 3 2
194 385
1 14 2
158 270
1 15 2
40 222
1 4 2
10 221
1 9 2
148 382
1 12 2
238 259
1 4 2
385 464
1 2 2
166 180
1 10 2
286 429
1 9 2
4 344
1 6 2
284 432
1 7 2
348 478
1 6 2
45 467
1 13 2
373 481
1 11 2
65 369
1 4 2
390 445
1 3 2
25 141
1 12 2
52 311
1 3 2
54 463
1 12 2
26 418
1 6 2
101 207
1 5 2
453 457
1 15 2
331 402
1 13 2
190 486
1 12 2
441 449
1 5 2
101 223
1 2 2
351 462
1 6 2
109 340
1 15 2
13 332
1 5 2
114 282
1 6 2
105 216
1 2 2
94 138
1 8 2
51 329
1 11 2
148 350
1 2 2
322 431
1 12 2
220 281
1 14 2
136 308
1 5 2
37 38
1 5 2
183 258
1 2 2
144 356
1 5 2
301 332
1 12 2
101 354
1 13 2
40 50
1 2 2
428 445
1 10 2
11 92
1 9 2
194 269
1 7 2
165 245
1 7 2
114 140
1 11 2
91 158
1 3 2
85 176
1 14 2
105 331
1 3 2
215 224
1 8 2
157 273
1 3 2
1 374
1 6 2
313 434
1 9 2
0 433
1 11 2
112 274
1 9 2
234 453
1 2 2
231 337
1 9 2
103 230
1 6 2
163 215
1 8 2
384 430
1 13 2
214 322
1 2 2
129 336
1 6 2
194 298
1 7 2
170 233
1 8 2
208 237
1 3 2
287 339
1 5 2
238 333
1 13 2
189 497
1 5 2
16 76
1 2 2
301 322
1 5 2
71 83
1 10 2
310 385
1 2 2
318 417
1 15 2
404 450
1 10 2
179 385
1 3 2
21 90
1 14 2
9 150
1 14 2
287 465
1 14 2
89 359
1 8 2
172 235
1 6 2
43 50
1 10 2
183 495
1 11 2
175 352
1 9 2
275 397
1 7 2
150 220
1 12 2
21 404
1 15 2
143 470
1 5 2
131 318
1 9 2
271 408
1 2 2
356 467
1 2 2
319 330
1 3 2
253 290
1 5 2
32 281
1 9 2
253 476
1 2 2
75 81
1 8 2
152 315
1 6 2
162 498
1 10 2
393 492
1 10 2
283 414
1 6 2
283 400
1 2 2
225 430
1 4 2
14 179
1 3 2
180 270
1 14 2
214 401
1 12 2
167 376
1 8 2
309 361
1 6 2
78 334
1 5 2
2 160
1 5 2
195 330
1 13 2
315 321
1 5 2
200 419
1 5 2
294 499
1 13 2
111 334
1 7 2
64 474
1 9 2
242 255
1 10 2
294 439
1 15 2
47 414
1 6 2
236 397
1 11 2
404 475
1 9 2
114 193
1 11 2
157 455
1 11 2
72 76
1 13 2
100 103
1 9 2
292 445
1 10 2
220 461
1 10 2
160 373
1 13 2
205 321
1 5 2
264 362
1 6 2
399 480
1 6 2
146 298
1 14 2
164 333
1 4 2
361 380
1 8 2
208 423
1 15 2
222 273
1 8 2
130 141
1 2 2
95 366
1 5 2
355 418
1 10 2
143 281
1 4 2
69 469
1 10 2
52 172
1 3 2
79 120
1 11 2
60 338
1 2 2
43 230
1 15 2
3 470
1 14 2
226 475
1 13 2
210 327
1 10 2
42 88
1 12 2
287 290
1 13 2
30 372
1 3 2
260 486
1 15 2
400 412
1 4 2
6 99
1 8 2
17 73
1 14 2
272 474
1 4 2
55 327
1 6 2
186 448
1 4 2
99 359
1 3 2
15 311
1 6 2
23 62
1 11 2
51 403
1 10 2
182 340
1 12 2
138 200
1 13 2
263 465
1 15 2
35 322
1 4 2
77 390
1 5 2
134 136
1 14 2
48 155
1 9 2
238 387
1 5 2
179 242
1 5 2
36 140
1 10 2
107 257
1 4 2
224 379
1 5 2
8 137
1 4 2
117 239
1 4 2
307 326
1 13 2
273 354
1 13 2
125 415
1 15 2
113 183
1 14 2
127 443
1 13 2
133 208
1 9 2
77 282
1 9 2
348 397
1 10 2
199 455
1 15 2
297 439
1 12 2
112 310
1 9 2
19 314
1 6 2
264 480
1 6 2
295 323
1 9 2
61 131
1 6 2
51 404
1 4 2
332 400
1 15 2
206 220
1 10 2
442 463
1 2 2
131 325
1 5 2
332 343
1 5 2
68 442
1 12 2
68 107
1 8 2
349 424
1 9 2
217 296
1 7 2
311 377
1 6 2
149 356
1 15 2
28 393
1 3 2
275 478
1 5 2
163 433
1 8 2
170 489
1 5 2
309 481
1 6 2
196 375
1 2 2
234 467
1 13 2
20 33
1 2 2
221 378
1 10 2
58 73
1 14 2
95 430
1 7 2
125 152
1 5 2
131 427
1 10 2
329 344
1 12 2
71 146
1 14 2
106 332
1 2 2
404 496
1 7 2
35 164
1 10 2
111 327
1 9 2
153 173
1 12 2
240 260
1 8 2
53 360
1 5 2
44 228
1 9 2
408 440
1 12 2
349 436
1 12 2
153 241
1 10 2
254 278
1 7 2
299 394
1 8 2
371 400
1 10 2
5 255
1 5 2
29 110
1 8 2
147 256
1 3 2
213 490
1 15 2
240 275
1 2 2
318 409
1 7 2
276 304
1 11 2
60 298
1 14 2
223 485
1 4 2
42 364
1 10 2
244 469
1 13 2
236 275
1 4 2
190 464
1 15 2
114 322
1 6 2
128 455
1 15 2
59 477
1 10 2
166 303
1 13 2
269 409
1 11 2
82 282
1 13 2
74 268
1 14 2
264 378
1 8 2
130 392
1 4 2
55 70
1 5 2
134 335
1 6 2
156 378
1 10 2
10 205
1 15 2
93 106
1 12 2
23 267
1 9 2
186 313
1 15 2
375 403
1 3 2
9 79
1 9 2
180 380
1 15 2
54 303
1 9 2
123 249
1 15 2
56 345
1 8 2
120 487
1 11 2
167 386
1 3 2
266 432
1 8 2
5 440
1 12 2
433 477
1 8 2
105 467
1 9 2
78 410
1 15 2
48 375
1 11 2
44 189
1 8 2
172 402
1 10 2
367 462
1 7 2
444 446
1 12 2
18 86
1 10 2
22 56
1 11 2
177 350
1 8 2
361 407
1 14 2
314 415
1 15 2
78 426
1 10 2
226 382
1 15 2
3 449
1 5 2
116 293
1 7 2
363 479
1 7 2
363 370
1 3 2
48 58
1 12 2
222 483
1 11 2
118 288
1 11 2
41 132
1 12 2
14 111
1 4 2
123 274
1 3 2
7 233
1 6 2
309 490
1 9 2
195 200
1 5 2
263 382
1 10 2
195 437
1 5 2
1 353
1 7 2
386 426
1 2 2
18 355
1 4 2
308 463
1 6 2
138 143
1 9 2
3 321
1 6 2
137 208
1 15 2
277 499
1 11 2
33 479
1 4 2
189 266
1 3 2
20 437
1 5 2
104 361
1 2 2
140 175
1 13 2
189 337
