500 4000 1500
22 18 25 13 7 15 13 21 23 22 14 11 17 13 15 11 16 12 25 11 14 21 25 12 5 7 25 13 11 16 11 7 11 11 8 10 15 14 14 8 11 5 21 13 21 25 21 17 25 14 16 15 12 22 15 10 10 5 9 22 10 24 17 8 14 13 17 8 17 14 23 13 22 15 12 22 24 7 16 19 11 9 16 5 22 17 16 8 8 19 22 6 22 20 15 5 15 16 24 8 24 5 21 6 24 18 17 24 18 20 10 12 7 9 25 24 16 9 12 17 9 13 10 25 25 24 18 18 12 10 14 7 11 12 7 8 10 18 19 24 5 10 7 9 15 16 24 14 5 9 13 15 22 20 11 8 11 25 13 10 5 20 8 25 8 23 18 14 8 18 21 10 25 22 24 15 19 10 18 23 13 20 24 6 15 14 17 24 18 16 16 20 10 23 6 21 11 23 7 22 12 19 5 25 21 23 6 16 16 16 10 21 18 18 20 18 21 17 12 19 14 12 13 10 19 7 6 12 23 24 7 21 21 14 19 14 14 18 17 19 12 17 18 20 8 7 23 18 25 7 20 18 14 7 17 14 20 23 16 6 21 21 18 22 21 12 12 15 9 9 7 7 22 14 19 7 11 18 23 20 7 25 20 8 17 7 12 19 23 15 19 24 14 18 24 20 5 5 20 10 20 14 16 9 13 22 15 8 21 19 13 24 13 12 19 24 22 18 23 6 20 21 18 14 5 9 10 6 11 17 11 13 21 15 20 11 6 9 17 9 25 12 6 11 24 15 5 10 17 14 7 18 8 10 22 25 18 22 23 19 6 16 11 15 12 23 16 21 25 12 21 22 14 11 20 25 9 24 11 13 25 10 20 9 12 19 25 24 5 9 16 16 20 5 25 23 16 20 9 19 18 20 11 18 18 15 18 15 25 9 16 11 9 24 7 11 22 25 17 7 15 19 16 6 5 21 18 13 25 20 24 13 6 13 23 13 11 7 8 19 17 15 21 25 5 6 25 25 24 9 19 9 10 9 19 24 7 16 8 17 17 12 12 13 22 6 14 21 5 7 25 11 25 16 20 5 10 15 18 8 23 15 23 7 6 17 20 14 10 19 21 7 10 9 7 17 12 13 11 5
12 4 9 12 12 19 10 3 7 8 9 8 5 8 19 16 8 14 7 20 3 16 13 20 15 14 18 6 18 11 20 9 20 18 14 4 14 19 10 16 4 11 14 11 4 15 8 12 7 10 3 3 10 6 3 19 8 3 15 8 18 14 6 19 3 5 5 12 8 5 11 19 18 17 6 18 3 15 3 4 10 8 13 14 15 13 4 7 17 12 15 20 12 5 18 4 3 19 7 15 12 7 17 20 5 13 18 14 19 3 11 3 18 3 18 19 3 19 16 15 13 16 3 7 18 11 6 3 19 16 8 17 12 15 11 11 4 16 12 3 19 11 18 6 4 10 12 10 8 5 17 6 7 5 11 17 12 8 12 20 4 4 13 12 12 9 8 17 17 14 18 6 11 6 9 15 8 6 17 11 12 8 12 11 15 10 10 10 14 10 14 6 3 13 15 3 20 3 10 12 19 3 14 20 4 17 13 6 12 16 6 8 11 18 8 10 16 20 12 12 12 19 19 3 14 17 14 20 16 3 12 17 9 7 17 9 12 20 17 9 6 4 5 17 8 5 14 18 19 17 11 12 18 16 17 17 13 5 4 16 12 7 9 19 5 20 4 17 10 6 11 5 14 19 14 14 12 6 14 7 4 14 3 20 9 17 16 11 6 13 5 15 12 17 20 18 5 16 20 8 19 19 7 6 13 9 7 20 7 16 7 15 16 9 11 3 3 17 15 18 3 16 3 8 3 6 7 14 17 9 7 9 7 12 5 8 12 17 6 18 4 19 6 8 15 20 5 9 19 10 4 5 9 16 14 9 13 15 13 6 12 14 5 17 11 8 13 8 19 11 3 8 15 19 5 3 18 13 20 6 18 17 18 4 20 4 15 17 3 6 7 13 6 6 5 16 7 6 14 3 17 13 13 18 7 7 17 10 12 10 8 15 16 6 5 8 17 8 17 15 10 9 10 4 12 16 14 7 20 14 17 4 14 3 15 9 6 10 11 12 19 9 8 12 19 12 11 11 19 10 18 12 12 19 18 18 8 12 16 7 14 14 19 20 6 17 11 17 19 20 15 13 10 11 6 11 8 7 11 11 14 10 12 9 9 13 11 9 12 7 7 16 7 20 20 13 12 16 11 15
1 11 2
46 54
1 3 2
255 297
1 3 2
38 213
1 13 2
289 370
1 4 2
152 237
1 13 2
8 19
1 7 2
215 309
1 9 2
102 109
1 15 2
267 461
1 8 2
284 494
1 3 2
218 271
1 11 2
292 316
1 9 2
465 470
1 11 2
35 414
1 14 2
8 162
1 3 2
100 169
1 10 2
318 388
1 3 2
110 259
1 6 2
107 380
1 12 2
279 343
1 8 2
3 71
1 12 2
17 220
1 3 2
3 304
1 12 2
392 461
1 3 2
267 411
1 3 2
129 355
1 5 2
52 158
1 2 2
73 91
1 11 2
162 389
1 8 2
96 237
1 8 2
141 146
1 5 2
158 298
1 13 2
177 204
1 14 2
221 457
1 13 2
88 420
1 8 2
329 409
1 2 2
196 298
1 12 2
252 452
1 5 2
19 476
1 13 2
168 321
1 10 2
39 445
1 3 2
26 204
1 8 2
153 245
1 3 2
156 269
1 5 2
281 328
1 4 2
218 463
1 2 2
220 251
1 7 2
108 495
1 9 2
50 163
1 15 2
120 221
1 10 2
70 443
1 5 2
63 297
1 15 2
94 422
1 12 2
331 394
1 14 2
2 51
1 12 2
72 93
1 8 2
186 224
1 3 2
147 291
1 12 2
6 241
1 5 2
377 423
1 5 2
225 425
1 3 2
333 439
1 3 2
63 119
1 7 2
267 401
1 6 2
287 444
1 13 2
93 408
1 3 2
201 382
1 12 2
320 468
1 15 2
124 460
1 6 2
241 472
1 4 2
110 318
1 6 2
145 277
1 3 2
432 470
1 8 2
10 66
1 6 2
323 342
1 7 2
2 280
1 12 2
3 133
1 7 2
466 468
1 8 2
42 172
1 2 2
33 115
1 12 2
60 327
1 10 2
21 179
1 7 2
136 302
1 8 2
123 262
1 8 2
345 374
1 8 2
381 449
1 2 2
150 281
1 14 2
19 481
1 14 2
57 192
1 8 2
253 325
1 13 2
16 116
1 8 2
338 364
1 7 2
253 273
1 14 2
264 420
1 9 2
20 439
1 13 2
180 470
1 8 2
104 387
1 4 2
147 281
1 3 2
459 493
1 4 2
267 421
1 5 2
121 323
1 6 2
34 290
1 11 2
288 385
1 10 2
369 401
1 3 2
137 160
1 10 2
336 382
1 13 2
339 415
1 7 2
45 292
1 2 2
63 428
1 12 2
441 447
1 2 2
182 332
1 6 2
19 498
1 3 2
305 336
1 11 2
18 368
1 10 2
35 261
1 2 2
170 195
1 5 2
186 294
1 5 2
33 39
1 3 2
14 481
1 5 2
54 171
1 12 2
115 227
1 2 2
90 380
1 11 2
109 231
1 10 2
156 378
1 7 2
137 373
1 14 2
442 475
1 5 2
41 397
1 13 2
236 247
1 15 2
8 182
1 15 2
108 439
1 7 2
110 400
1 12 2
202 384
1 15 2
42 490
1 12 2
51 85
1 15 2
220 253
1 6 2
79 420
1 2 2
210 366
1 9 2
390 397
1 12 2
44 479
1 3 2
273 358
1 6 2
245 310
1 5 2
158 214
1 3 2
48 166
1 11 2
42 82
1 9 2
227 466
1 14 2
73 161
1 11 2
89 94
1 8 2
91 300
1 6 2
355 399
1 14 2
64 204
1 2 2
327 449
1 8 2
84 199
1 2 2
303 470
1 7 2
204 409
1 7 2
170 439
1 11 2
371 406
1 3 2
58 187
1 14 2
404 482
1 12 2
237 381
1 2 2
87 380
1 15 2
145 180
1 3 2
160 368
1 9 2
181 480
1 11 2
162 461
1 6 2
337 460
1 15 2
354 420
1 3 2
246 298
1 14 2
111 290
1 6 2
299 319
1 9 2
66 496
1 13 2
130 315
1 7 2
276 405
1 12 2
15 47
1 10 2
9 414
1 6 2
202 442
1 2 2
269 455
1 2 2
459 477
1 13 2
201 358
1 8 2
346 488
1 11 2
109 408
1 6 2
337 433
1 3 2
20 215
1 2 2
56 192
1 7 2
149 462
1 11 2
306 443
1 8 2
86 109
1 9 2
303 465
1 2 2
186 389
1 6 2
31 356
1 10 2
9 497
1 9 2
32 105
1 4 2
290 442
1 15 2
22 50
1 9 2
100 435
1 4 2
23 471
1 14 2
15 122
1 2 2
49 261
1 9 2
67 308
1 9 2
228 344
1 9 2
281 346
1 10 2
74 168
1 15 2
11 264
1 14 2
341 362
1 3 2
51 454
1 6 2
193 323
1 4 2
420 447
1 12 2
139 454
1 10 2
6 55
1 9 2
32 460
1 6 2
241 410
1 11 2
69 256
1 5 2
22 450
1 12 2
376 387
1 9 2
20 279
1 12 2
113 497
1 7 2
316 363
1 10 2
8 119
1 6 2
236 371
1 9 2
140 303
1 14 2
1 167
1 13 2
35 417
1 5 2
109 169
1 13 2
147 319
1 2 2
327 368
1 9 2
102 342
1 11 2
189 387
1 15 2
268 400
1 9 2
203 360
1 11 2
83 356
1 13 2
214 255
1 10 2
148 174
1 11 2
55 315
1 3 2
337 393
1 15 2
86 382
1 4 2
97 426
1 8 2
171 178
1 5 2
28 360
1 3 2
74 230
1 8 2
37 257
1 8 2
383 398
1 7 2
238 448
1 3 2
181 273
1 15 2
124 137
1 12 2
24 357
1 4 2
18 433
1 15 2
98 329
1 8 2
194 219
1 15 2
149 223
1 3 2
249 495
1 6 2
49 419
1 9 2
7 174
1 3 2
53 270
1 9 2
141 278
1 15 2
162 384
1 3 2
49 323
1 3 2
152 179
1 13 2
340 374
1 10 2
168 449
1 2 2
68 311
1 15 2
10 166
1 10 2
70 251
1 11 2
16 149
1 3 2
312 373
1 7 2
163 236
1 10 2
1 306
1 5 2
11 369
1 10 2
314 330
1 12 2
11 143
1 5 2
245 358
1 3 2
121 147
1 14 2
151 439
1 13 2
185 364
1 13 2
19 150
1 13 2
67 104
1 6 2
63 426
1 14 2
270 389
1 4 2
72 169
1 10 2
276 488
1 14 2
163 256
1 9 2
274 457
1 6 2
50 181
1 4 2
397 417
1 5 2
12 196
1 3 2
26 63
1 13 2
230 240
1 7 2
174 258
1 14 2
204 266
1 5 2
2 23
1 3 2
9 249
1 15 2
272 434
1 3 2
24 166
1 6 2
437 495
1 8 2
87 173
1 15 2
384 421
1 4 2
98 391
1 8 2
177 301
1 9 2
233 361
1 15 2
282 426
1 8 2
234 454
1 7 2
85 305
1 8 2
89 242
1 13 2
60 89
1 13 2
191 275
1 12 2
273 376
1 6 2
167 250
1 3 2
244 451
1 6 2
120 290
1 3 2
355 498
1 3 2
322 403
1 7 2
106 339
1 7 2
117 462
1 11 2
182 192
1 4 2
326 362
1 8 2
229 307
1 9 2
132 281
1 4 2
13 226
1 2 2
100 306
1 9 2
51 200
1 3 2
62 389
1 9 2
99 277
1 7 2
213 359
1 2 2
185 393
1 12 2
211 473
1 14 2
4 489
1 12 2
240 444
1 2 2
204 215
1 3 2
11 349
1 13 2
3 106
1 10 2
266 420
1 11 2
34 40
1 13 2
12 294
1 15 2
54 89
1 11 2
79 486
1 4 2
117 233
1 15 2
101 190
1 2 2
394 409
1 9 2
253 284
1 8 2
231 343
1 7 2
114 388
1 6 2
327 421
1 12 2
145 343
1 7 2
78 262
1 10 2
250 448
1 7 2
124 208
1 3 2
349 360
1 6 2
35 85
1 2 2
405 423
1 14 2
29 290
1 4 2
288 349
1 14 2
184 367
1 10 2
172 479
1 7 2
139 286
1 7 2
293 467
1 3 2
110 479
1 6 2
47 347
1 3 2
118 376
1 11 2
141 490
1 5 2
178 461
1 4 2
37 208
1 11 2
11 485
1 4 2
360 369
1 10 2
183 223
1 3 2
45 389
1 10 2
205 247
1 14 2
122 422
1 15 2
77 133
1 4 2
212 289
1 2 2
117 281
1 6 2
183 344
1 3 2
166 482
1 3 2
257 428
1 5 2
37 457
1 11 2
92 170
1 7 2
40 219
1 2 2
319 351
1 2 2
118 404
1 5 2
362 434
1 13 2
92 328
1 11 2
398 433
1 15 2
121 273
1 11 2
162 329
1 5 2
152 254
1 4 2
202 394
1 10 2
5 246
1 9 2
143 207
1 8 2
237 376
1 14 2
170 494
1 14 2
157 169
1 10 2
227 473
1 5 2
462 477
1 9 2
258 336
1 9 2
16 213
1 7 2
42 244
1 15 2
206 425
1 11 2
120 433
1 8 2
256 456
1 10 2
214 479
1 10 2
139 352
1 12 2
28 183
1 4 2
146 469
1 6 2
40 336
1 9 2
30 260
1 9 2
481 489
1 3 2
17 328
1 3 2
204 480
1 9 2
240 244
1 3 2
32 55
1 12 2
378 440
1 3 2
181 260
1 12 2
128 129
1 10 2
51 203
1 3 2
64 149
1 4 2
38 463
1 8 2
40 415
1 8 2
157 299
1 5 2
40 80
1 10 2
290 438
1 8 2
106 366
1 5 2
221 290
1 5 2
173 416
1 10 2
5 425
1 4 2
156 291
1 14 2
158 170
1 5 2
6 338
1 14 2
34 448
1 13 2
100 288
1 7 2
1 310
1 12 2
91 166
1 12 2
48 135
1 12 2
224 371
1 2 2
249 373
1 10 2
256 344
1 14 2
235 319
1 5 2
201 215
1 13 2
81 86
1 12 2
37 392
1 7 2
301 424
1 4 2
314 321
1 3 2
66 473
1 5 2
359 381
1 2 2
21 176
1 8 2
116 248
1 14 2
116 456
1 10 2
153 333
1 10 2
417 457
1 10 2
384 435
1 9 2
296 418
1 9 2
160 458
1 2 2
369 459
1 9 2
71 341
1 6 2
51 479
1 10 2
194 421
1 6 2
401 498
1 5 2
284 493
1 4 2
313 346
1 2 2
8 25
1 5 2
107 201
1 11 2
300 328
1 9 2
213 304
1 7 2
230 493
1 13 2
82 358
1 6 2
62 80
1 15 2
341 466
1 2 2
174 226
1 6 2
236 296
1 8 2
68 133
1 2 2
164 297
1 8 2
157 413
1 5 2
183 464
1 15 2
3 134
1 8 2
119 364
1 2 2
81 497
1 8 2
112 246
1 3 2
33 182
1 8 2
30 461
1 4 2
372 442
1 11 2
203 356
1 14 2
429 475
1 8 2
241 306
1 15 2
294 496
1 2 2
74 131
1 13 2
47 98
1 8 2
183 242
1 6 2
35 36
1 8 2
194 477
1 5 2
174 380
1 14 2
48 120
1 5 2
345 423
1 4 2
452 466
1 8 2
226 408
1 12 2
108 371
1 11 2
292 351
1 6 2
146 375
1 11 2
316 486
1 12 2
317 496
1 10 2
4 482
1 6 2
403 492
1 14 2
42 335
1 3 2
167 413
1 13 2
94 277
1 12 2
104 156
1 10 2
181 216
1 12 2
77 371
1 8 2
2 324
1 3 2
249 409
1 2 2
15 285
1 10 2
58 128
1 6 2
244 282
1 3 2
160 352
1 3 2
66 337
1 13 2
119 320
1 6 2
289 401
1 10 2
84 344
1 12 2
98 237
1 2 2
156 170
1 7 2
62 158
1 6 2
191 377
1 2 2
298 401
1 15 2
309 345
1 13 2
128 187
1 4 2
3 254
1 2 2
7 408
1 6 2
185 217
1 6 2
36 397
1 7 2
313 393
1 3 2
395 451
1 5 2
266 467
1 11 2
22 400
1 3 2
242 345
1 7 2
207 453
1 5 2
100 485
1 7 2
30 178
1 4 2
151 255
1 8 2
145 477
1 8 2
21 365
1 3 2
244 268
1 3 2
184 451
1 7 2
189 417
1 15 2
251 407
1 9 2
100 336
1 8 2
437 452
1 14 2
136 259
1 6 2
443 465
1 8 2
120 156
1 10 2
355 431
1 2 2
39 187
1 4 2
68 415
1 11 2
184 197
1 13 2
133 258
1 15 2
481 491
1 2 2
70 329
1 7 2
235 360
1 2 2
135 140
1 3 2
457 495
1 7 2
172 184
1 2 2
48 178
1 2 2
123 417
1 3 2
335 355
1 5 2
252 425
1 4 2
270 483
1 6 2
276 402
1 7 2
284 478
1 10 2
85 273
1 6 2
265 273
1 14 2
63 267
1 4 2
123 356
1 4 2
121 361
1 12 2
266 419
1 3 2
47 243
1 3 2
80 473
1 12 2
210 473
1 11 2
112 250
1 3 2
248 389
1 6 2
337 474
1 3 2
194 471
1 3 2
107 202
1 6 2
419 476
1 3 2
285 423
1 8 2
278 321
1 12 2
235 278
1 9 2
160 339
1 11 2
42 165
1 13 2
15 276
1 15 2
246 290
1 5 2
170 364
1 9 2
385 397
1 4 2
132 409
1 10 2
369 468
1 9 2
400 476
1 7 2
412 456
1 13 2
27 359
1 4 2
296 401
1 7 2
223 388
1 14 2
336 486
1 11 2
32 34
1 13 2
72 254
1 6 2
31 428
1 6 2
146 226
1 8 2
62 265
1 10 2
140 306
1 6 2
253 271
1 9 2
179 260
1 8 2
33 113
1 14 2
55 283
1 2 2
351 499
1 2 2
82 493
1 10 2
228 238
1 10 2
57 398
1 14 2
273 297
1 7 2
203 466
1 6 2
223 477
1 4 2
228 290
1 9 2
161 278
1 12 2
23 160
1 6 2
254 433
1 2 2
133 479
1 6 2
147 216
1 4 2
38 153
1 12 2
118 225
1 5 2
8 412
1 4 2
52 413
1 12 2
193 202
1 8 2
154 284
1 11 2
64 363
1 9 2
193 416
1 5 2
141 386
1 2 2
21 185
1 10 2
234 433
1 9 2
4 351
1 8 2
146 283
1 8 2
416 493
1 4 2
223 357
1 10 2
281 377
1 14 2
140 255
1 12 2
11 319
1 6 2
261 496
1 4 2
51 205
1 3 2
293 436
1 4 2
62 90
1 6 2
51 101
1 8 2
2 61
1 5 2
337 442
1 4 2
118 307
1 5 2
250 407
1 4 2
190 342
1 5 2
303 471
1 3 2
375 406
1 15 2
301 402
1 8 2
118 494
1 10 2
30 323
1 10 2
73 225
1 13 2
89 276
1 13 2
64 478
1 12 2
281 306
1 3 2
390 428
1 3 2
215 485
1 5 2
369 496
1 13 2
84 292
1 13 2
175 288
1 8 2
196 237
1 3 2
264 342
1 5 2
116 464
1 2 2
134 307
1 6 2
91 466
1 15 2
97 302
1 10 2
0 336
1 14 2
116 254
1 14 2
118 206
1 4 2
331 426
1 8 2
201 271
1 15 2
165 260
1 13 2
204 269
1 14 2
320 334
1 6 2
336 380
1 7 2
310 327
1 7 2
373 388
1 5 2
235 288
1 3 2
15 429
1 5 2
125 370
1 13 2
279 330
1 7 2
71 115
1 14 2
154 417
1 15 2
444 463
1 9 2
139 310
1 15 2
374 487
1 15 2
148 264
1 5 2
48 347
1 8 2
200 470
1 3 2
67 168
1 11 2
159 162
1 5 2
236 466
1 11 2
130 302
1 8 2
19 390
1 13 2
185 365
1 9 2
265 304
1 9 2
11 144
1 15 2
201 341
1 9 2
58 219
1 3 2
142 253
1 13 2
40 311
1 3 2
316 440
1 14 2
113 403
1 7 2
127 426
1 14 2
331 359
1 10 2
111 132
1 3 2
285 300
1 6 2
251 480
1 12 2
322 438
1 5 2
122 204
1 12 2
214 385
1 14 2
112 449
1 10 2
34 471
1 3 2
370 382
1 5 2
77 476
1 4 2
208 404
1 14 2
287 323
1 15 2
69 238
1 5 2
197 278
1 4 2
114 361
1 9 2
140 483
1 4 2
117 287
1 8 2
319 432
1 15 2
111 386
1 11 2
102 213
1 3 2
257 394
1 3 2
110 116
1 10 2
179 476
1 6 2
30 339
1 14 2
156 473
1 2 2
399 421
1 10 2
49 382
1 4 2
161 231
1 2 2
21 146
1 13 2
321 497
1 14 2
241 425
1 8 2
49 277
1 5 2
269 326
1 5 2
99 275
1 4 2
57 271
1 6 2
179 332
1 3 2
147 174
1 2 2
182 482
1 4 2
52 466
1 2 2
275 328
1 4 2
60 272
1 5 2
0 441
1 7 2
208 346
1 15 2
348 390
1 7 2
328 330
1 3 2
287 494
1 2 2
134 184
1 10 2
129 180
1 8 2
248 423
1 3 2
199 204
1 11 2
158 386
1 3 2
207 274
1 7 2
145 322
1 11 2
123 244
1 10 2
63 286
1 10 2
294 296
1 3 2
98 253
1 13 2
207 424
1 11 2
63 118
1 5 2
202 427
1 11 2
7 389
1 15 2
36 382
1 12 2
454 455
1 11 2
89 127
1 11 2
105 140
1 12 2
46 326
1 14 2
12 157
1 4 2
155 292
1 15 2
243 300
1 11 2
204 376
1 11 2
298 362
1 9 2
41 284
1 15 2
253 476
1 11 2
214 260
1 15 2
178 325
1 12 2
312 347
1 13 2
195 291
1 2 2
164 406
1 8 2
351 464
1 4 2
192 445
1 10 2
303 457
1 13 2
303 428
1 11 2
290 416
1 6 2
118 498
1 2 2
32 358
1 4 2
136 150
1 9 2
278 453
1 11 2
175 444
1 12 2
197 218
1 9 2
380 468
1 14 2
86 102
1 3 2
61 366
1 11 2
144 321
1 7 2
327 423
1 15 2
316 454
1 4 2
79 202
1 7 2
315 318
1 5 2
239 458
1 11 2
106 175
1 3 2
105 281
1 13 2
60 413
1 5 2
93 214
1 14 2
152 391
1 11 2
250 487
1 15 2
2 81
1 12 2
205 351
1 13 2
369 497
1 10 2
105 204
1 10 2
66 477
1 9 2
308 408
1 7 2
256 378
1 10 2
63 343
1 9 2
185 323
1 9 2
75 342
1 14 2
30 272
1 2 2
102 197
1 15 2
32 417
1 13 2
163 294
1 12 2
107 442
1 5 2
127 447
1 10 2
91 284
1 5 2
83 97
1 9 2
22 177
1 4 2
225 346
1 10 2
312 379
1 15 2
79 203
1 9 2
84 278
1 11 2
261 282
1 8 2
23 309
1 12 2
203 326
1 12 2
50 209
1 12 2
13 482
1 7 2
170 408
1 6 2
45 282
1 15 2
5 175
1 12 2
64 401
1 11 2
324 380
1 4 2
292 320
1 11 2
26 255
1 7 2
16 120
1 8 2
15 396
1 8 2
346 496
1 11 2
406 438
1 14 2
309 332
1 15 2
18 57
1 4 2
154 331
1 4 2
141 174
1 4 2
61 326
1 12 2
160 269
1 11 2
454 483
1 7 2
256 334
1 11 2
295 459
1 7 2
165 300
1 6 2
61 375
1 13 2
77 134
1 8 2
323 455
1 5 2
213 396
1 9 2
121 262
1 14 2
113 402
1 6 2
48 182
1 7 2
53 257
1 2 2
73 222
1 12 2
250 273
1 6 2
88 478
1 13 2
179 319
1 12 2
59 216
1 15 2
54 467
1 10 2
11 99
1 2 2
64 199
1 10 2
348 452
1 8 2
90 402
1 15 2
171 193
1 13 2
118 154
1 7 2
72 211
1 11 2
24 75
1 10 2
114 335
1 12 2
40 81
1 4 2
227 254
1 10 2
136 229
1 5 2
242 260
1 14 2
227 394
1 2 2
129 270
1 6 2
170 478
1 10 2
466 497
1 4 2
214 345
1 14 2
234 391
1 8 2
347 450
1 14 2
71 172
1 6 2
42 422
1 5 2
208 430
1 10 2
24 193
1 10 2
211 251
1 5 2
147 382
1 7 2
124 496
1 11 2
94 108
1 13 2
263 325
1 10 2
147 446
1 8 2
346 423
1 6 2
296 470
1 13 2
293 484
1 9 2
184 494
1 2 2
250 315
1 7 2
267 487
1 2 2
281 466
1 11 2
293 400
1 3 2
174 438
1 3 2
202 488
1 5 2
278 346
1 12 2
300 407
1 10 2
170 224
1 11 2
110 358
1 3 2
173 276
1 15 2
270 277
1 3 2
275 474
1 7 2
224 226
1 9 2
203 497
1 12 2
197 329
1 14 2
261 405
1 10 2
238 334
1 7 2
162 243
1 8 2
259 262
1 4 2
130 389
1 15 2
44 366
1 15 2
22 269
1 8 2
374 390
1 3 2
13 142
1 13 2
97 438
1 4 2
10 372
1 6 2
137 221
1 5 2
35 37
1 2 2
10 336
1 9 2
267 499
1 8 2
95 277
1 13 2
137 421
1 4 2
176 187
1 8 2
42 157
1 2 2
163 421
1 3 2
51 69
1 3 2
63 296
1 11 2
327 371
1 8 2
238 478
1 4 2
56 224
1 7 2
92 376
1 11 2
85 451
1 8 2
124 333
1 6 2
462 467
1 11 2
32 103
1 11 2
45 223
1 7 2
221 396
1 9 2
20 478
1 7 2
211 340
1 7 2
8 309
1 5 2
82 221
1 8 2
140 184
1 7 2
6 153
1 9 2
180 338
1 6 2
118 399
1 4 2
48 454
1 12 2
398 481
1 5 2
482 492
1 14 2
179 385
1 8 2
224 323
1 7 2
5 263
1 10 2
305 451
1 4 2
63 138
1 13 2
33 486
1 8 2
291 367
1 7 2
159 366
1 5 2
160 242
1 8 2
439 444
1 6 2
9 240
1 10 2
79 168
1 14 2
288 340
1 6 2
39 467
1 15 2
16 245
1 5 2
150 289
1 13 2
189 281
1 5 2
271 299
1 10 2
148 265
1 5 2
260 348
1 3 2
79 415
1 13 2
51 154
1 15 2
147 221
1 7 2
358 390
1 12 2
133 455
1 6 2
105 401
1 7 2
35 451
1 2 2
9 195
1 10 2
193 213
1 2 2
131 307
1 13 2
54 319
1 8 2
16 459
1 13 2
193 443
1 14 2
154 364
1 14 2
127 180
1 14 2
102 320
1 5 2
103 416
1 2 2
114 283
1 6 2
201 316
1 4 2
88 291
1 13 2
190 260
1 2 2
30 311
1 4 2
200 496
1 5 2
92 259
1 12 2
286 402
1 14 2
132 307
1 3 2
107 306
1 12 2
102 314
1 12 2
241 438
1 15 2
21 357
1 14 2
55 97
1 12 2
90 462
1 9 2
184 310
1 6 2
417 438
1 10 2
2 119
1 3 2
0 303
1 2 2
342 485
1 11 2
244 246
1 12 2
97 322
1 2 2
76 79
1 11 2
208 237
1 11 2
70 483
1 11 2
380 464
1 5 2
71 330
1 13 2
284 340
1 15 2
296 430
1 8 2
110 331
1 11 2
294 494
1 13 2
69 304
1 2 2
187 434
1 13 2
148 427
1 12 2
60 488
1 14 2
168 294
1 12 2
119 190
1 15 2
388 397
1 11 2
70 137
1 5 2
57 466
1 11 2
149 418
1 8 2
48 489
1 3 2
42 158
1 8 2
126 392
1 9 2
54 338
1 10 2
98 263
1 7 2
173 178
1 3 2
359 391
1 2 2
110 123
1 15 2
345 355
1 7 2
284 354
1 12 2
135 378
1 6 2
140 169
1 13 2
220 247
1 3 2
284 400
1 4 2
150 371
1 14 2
43 258
1 11 2
161 238
1 7 2
151 369
1 11 2
191 291
1 9 2
135 246
1 11 2
54 365
1 5 2
88 326
1 6 2
89 283
1 11 2
218 498
1 11 2
14 241
1 14 2
128 253
1 10 2
63 414
1 15 2
281 353
1 12 2
136 459
1 11 2
182 491
1 8 2
161 328
1 10 2
447 464
1 13 2
293 493
1 3 2
27 437
1 5 2
430 474
1 12 2
301 465
1 9 2
73 433
1 13 2
31 254
1 12 2
95 313
1 6 2
76 218
1 3 2
78 394
1 14 2
177 368
1 2 2
365 383
1 7 2
289 322
1 7 2
259 384
1 12 2
407 479
1 9 2
212 395
1 14 2
130 362
1 14 2
73 233
1 11 2
175 301
1 2 2
359 457
1 5 2
198 202
1 13 2
189 351
1 15 2
124 168
1 4 2
375 464
1 2 2
137 264
1 2 2
320 329
1 5 2
195 240
1 8 2
37 70
1 15 2
34 216
1 7 2
351 397
1 15 2
73 491
1 12 2
18 348
1 2 2
148 386
1 14 2
378 469
1 15 2
318 348
1 11 2
133 336
1 14 2
450 468
1 8 2
168 488
1 3 2
282 303
1 10 2
142 469
1 8 2
357 497
1 6 2
57 142
1 9 2
162 172
1 5 2
113 204
1 5 2
225 313
1 13 2
140 497
1 2 2
211 458
1 14 2
204 301
1 11 2
369 495
1 14 2
326 398
1 13 2
78 365
1 8 2
147 213
1 4 2
192 404
1 11 2
434 451
1 10 2
9 129
1 2 2
165 210
1 8 2
278 368
1 8 2
261 347
1 5 2
184 413
1 7 2
35 93
1 4 2
6 498
1 15 2
19 187
1 2 2
123 450
1 13 2
148 378
1 10 2
213 370
1 10 2
11 390
1 9 2
122 279
1 11 2
42 254
1 13 2
156 439
1 11 2
253 491
1 7 2
294 302
1 5 2
126 321
1 12 2
117 243
1 6 2
41 55
1 12 2
320 357
1 6 2
110 471
1 9 2
75 499
1 6 2
419 481
1 2 2
297 389
1 14 2
304 457
1 8 2
23 280
1 3 2
6 431
1 12 2
276 392
1 13 2
59 184
1 2 2
20 460
1 5 2
52 255
1 4 2
143 341
1 4 2
6 78
1 8 2
129 431
1 15 2
392 429
1 3 2
440 484
1 8 2
103 471
1 7 2
105 460
1 4 2
413 415
1 7 2
229 323
1 10 2
140 160
1 4 2
237 326
1 11 2
250 457
1 2 2
33 357
1 5 2
262 397
1 15 2
88 452
1 11 2
32 476
1 5 2
227 250
1 7 2
188 359
1 3 2
48 175
1 6 2
230 443
1 13 2
253 479
1 14 2
180 260
1 3 2
56 198
1 4 2
30 325
1 4 2
53 82
1 5 2
138 455
1 14 2
421 442
1 10 2
97 237
1 15 2
130 452
1 9 2
433 492
1 10 2
63 86
1 8 2
371 481
1 5 2
202 212
1 13 2
119 156
1 15 2
361 408
1 8 2
45 217
1 6 2
78 201
1 11 2
159 306
1 15 2
113 157
1 12 2
84 397
1 5 2
198 280
1 9 2
240 385
1 9 2
18 109
1 2 2
159 203
1 9 2
0 359
1 9 2
73 377
1 6 2
28 150
1 14 2
63 250
1 14 2
18 217
1 10 2
295 336
1 13 2
111 234
1 8 2
219 256
1 3 2
118 346
1 3 2
212 329
1 11 2
336 454
1 12 2
52 116
1 10 2
96 403
1 2 2
190 469
1 15 2
177 291
1 5 2
169 193
1 7 2
348 391
1 5 2
424 448
1 2 2
21 273
1 13 2
469 486
1 4 2
351 432
1 10 2
290 412
1 5 2
81 87
1 14 2
282 357
1 9 2
339 425
1 7 2
204 431
1 12 2
171 483
1 7 2
101 359
1 3 2
105 185
1 9 2
334 457
1 7 2
96 120
1 5 2
257 478
1 10 2
12 421
1 8 2
66 76
1 14 2
66 409
1 6 2
331 425
1 15 2
230 380
1 14 2
136 367
1 5 2
19 88
1 6 2
404 450
1 11 2
139 302
1 2 2
293 402
1 3 2
208 300
1 14 2
472 482
1 3 2
169 304
1 15 2
52 304
1 8 2
447 451
1 14 2
216 446
1 14 2
376 377
1 3 2
379 451
1 2 2
170 308
1 15 2
190 350
1 15 2
48 230
1 6 2
61 286
1 3 2
180 476
1 7 2
250 484
1 8 2
149 376
1 13 2
19 202
1 14 2
7 351
1 13 2
32 300
1 3 2
99 357
1 12 2
179 342
1 6 2
176 494
1 4 2
120 487
1 9 2
167 252
1 7 2
143 441
1 8 2
158 165
1 15 2
148 294
1 11 2
26 300
1 4 2
451 491
1 4 2
67 276
1 14 2
243 432
1 10 2
10 249
1 11 2
263 452
1 15 2
258 326
1 3 2
172 186
1 12 2
427 486
1 14 2
174 458
1 8 2
437 480
1 4 2
51 177
1 12 2
247 436
1 12 2
272 445
1 12 2
194 241
1 4 2
234 315
1 15 2
80 327
1 5 2
78 254
1 6 2
4 108
1 2 2
114 136
1 9 2
4 373
1 7 2
260 376
1 12 2
175 353
1 15 2
28 220
1 9 2
93 163
1 7 2
160 479
1 5 2
185 390
1 9 2
166 346
1 11 2
133 458
1 4 2
166 421
1 13 2
76 338
1 13 2
82 486
1 7 2
432 485
1 13 2
200 482
1 10 2
61 249
1 2 2
219 403
1 14 2
247 305
1 4 2
189 476
1 15 2
223 323
1 5 2
74 85
1 3 2
40 193
1 7 2
197 223
1 2 2
140 277
1 5 2
71 380
1 10 2
51 327
1 6 2
136 187
1 9 2
218 474
1 5 2
197 407
1 3 2
323 356
1 7 2
305 403
1 14 2
72 280
1 2 2
153 405
1 4 2
5 333
1 4 2
77 190
1 9 2
451 455
1 7 2
48 164
1 14 2
324 412
1 12 2
173 204
1 12 2
53 451
1 5 2
140 267
1 14 2
69 436
1 7 2
132 401
1 7 2
362 370
1 5 2
25 208
1 2 2
86 386
1 3 2
176 243
1 2 2
128 326
1 11 2
252 307
1 8 2
237 398
1 2 2
300 308
1 11 2
339 414
1 14 2
25 474
1 15 2
150 162
1 2 2
75 482
1 3 2
19 140
1 7 2
137 376
1 13 2
21 133
1 12 2
59 464
1 13 2
68 91
1 5 2
446 456
1 12 2
453 471
1 9 2
36 258
1 12 2
382 407
1 2 2
253 298
1 5 2
484 488
1 11 2
122 195
1 14 2
142 394
1 2 2
27 79
1 3 2
351 378
1 7 2
394 422
1 8 2
55 351
1 11 2
138 145
1 10 2
105 398
1 4 2
93 496
1 8 2
338 437
1 5 2
29 295
1 11 2
75 257
1 14 2
0 248
1 15 2
185 284
1 15 2
341 422
1 7 2
122 228
1 3 2
83 144
1 13 2
346 473
1 5 2
184 204
1 15 2
244 389
1 14 2
304 364
1 5 2
33 392
1 9 2
78 90
1 5 2
258 499
1 14 2
387 481
1 9 2
1 47
1 12 2
104 107
1 7 2
244 258
1 12 2
222 248
1 2 2
104 144
1 11 2
260 465
1 6 2
197 305
1 15 2
24 192
1 5 2
210 287
1 10 2
289 309
1 13 2
133 399
1 11 2
30 172
1 10 2
206 330
1 2 2
227 244
1 12 2
6 46
1 10 2
273 342
1 14 2
125 379
1 3 2
177 376
1 2 2
140 307
1 2 2
77 338
1 12 2
35 125
1 15 2
153 378
1 2 2
314 350
1 8 2
321 330
1 15 2
238 302
1 14 2
260 460
1 15 2
134 359
1 4 2
16 216
1 15 2
23 306
1 4 2
314 333
1 3 2
219 417
1 8 2
324 498
1 6 2
226 262
1 6 2
192 329
1 11 2
22 448
1 9 2
25 225
1 14 2
45 447
1 9 2
275 467
1 4 2
51 191
1 3 2
28 409
1 5 2
262 463
1 4 2
389 458
1 6 2
262 376
1 14 2
365 470
1 6 2
0 232
1 11 2
97 111
1 13 2
248 323
1 4 2
38 176
1 12 2
427 471
1 2 2
27 165
1 11 2
432 489
1 14 2
172 265
1 3 2
162 228
1 3 2
297 370
1 6 2
46 296
1 14 2
76 383
1 4 2
70 114
1 12 2
362 377
1 13 2
104 282
1 13 2
164 388
1 12 2
290 386
1 11 2
47 74
1 7 2
26 334
1 13 2
15 20
1 12 2
248 282
1 13 2
143 257
1 6 2
74 382
1 4 2
361 466
1 4 2
21 97
1 14 2
225 275
1 11 2
20 48
1 12 2
97 135
1 14 2
168 181
1 11 2
80 425
1 13 2
206 305
1 10 2
447 485
1 5 2
232 479
1 11 2
179 288
1 3 2
108 422
1 6 2
201 323
1 5 2
254 468
1 9 2
2 441
1 10 2
6 275
1 12 2
44 290
1 10 2
210 213
1 6 2
301 350
1 3 2
39 215
1 9 2
23 475
1 6 2
82 403
1 6 2
175 180
1 15 2
50 79
1 12 2
173 260
1 12 2
108 123
1 15 2
83 223
1 8 2
317 429
1 7 2
249 462
1 9 2
116 212
1 7 2
83 447
1 2 2
14 342
1 4 2
484 491
1 13 2
24 88
1 15 2
231 251
1 12 2
300 374
1 7 2
8 158
1 8 2
62 498
1 11 2
6 334
1 13 2
287 387
1 2 2
262 412
1 14 2
133 450
1 6 2
208 258
1 14 2
91 278
1 10 2
168 257
1 10 2
240 248
1 2 2
326 483
1 11 2
9 261
1 12 2
241 275
1 2 2
275 428
1 3 2
28 306
1 3 2
252 340
1 14 2
128 139
1 5 2
1 119
1 8 2
335 486
1 13 2
329 413
1 8 2
179 357
1 12 2
156 187
1 12 2
213 443
1 9 2
44 250
1 8 2
97 401
1 13 2
104 188
1 3 2
90 298
1 12 2
416 472
1 5 2
57 308
1 11 2
222 366
1 7 2
127 439
1 2 2
125 297
1 15 2
98 101
1 8 2
369 456
1 9 2
261 363
1 13 2
138 312
1 8 2
59 438
1 11 2
110 275
1 5 2
214 331
1 9 2
379 497
1 13 2
96 344
1 15 2
162 410
1 8 2
15 213
1 4 2
176 295
1 8 2
59 314
1 8 2
234 398
1 11 2
113 206
1 8 2
30 413
1 4 2
243 339
1 14 2
213 228
1 6 2
199 409
1 11 2
143 467
1 12 2
85 237
1 2 2
67 162
1 8 2
204 254
1 14 2
120 121
1 8 2
213 224
1 12 2
115 174
1 10 2
245 444
1 12 2
164 499
1 2 2
234 450
1 6 2
356 448
1 15 2
241 258
1 3 2
289 317
1 15 2
269 441
1 2 2
177 220
1 7 2
99 121
1 13 2
121 416
1 4 2
23 291
1 12 2
413 444
1 5 2
23 114
1 9 2
49 374
1 11 2
111 439
1 10 2
109 428
1 3 2
170 415
1 4 2
4 277
1 5 2
301 487
1 14 2
146 169
1 2 2
365 474
1 5 2
70 372
1 4 2
214 287
1 11 2
176 450
1 15 2
284 475
1 4 2
206 373
1 7 2
69 127
1 4 2
75 129
1 4 2
59 418
1 9 2
117 308
1 12 2
272 304
1 12 2
238 283
1 13 2
95 241
1 10 2
252 281
1 8 2
96 133
1 3 2
273 408
1 4 2
251 355
1 14 2
44 374
1 3 2
239 252
1 15 2
223 488
1 9 2
7 364
1 14 2
353 405
1 2 2
309 331
1 2 2
310 334
1 9 2
59 172
1 10 2
275 341
1 8 2
203 382
1 11 2
264 499
1 4 2
143 476
1 12 2
284 375
1 10 2
36 326
1 2 2
5 150
1 8 2
11 326
1 2 2
126 424
1 9 2
151 413
1 13 2
16 147
1 4 2
76 190
1 9 2
194 423
1 6 2
112 454
1 8 2
206 335
1 9 2
294 388
1 12 2
24 282
1 9 2
43 111
1 9 2
53 326
1 10 2
315 391
1 15 2
215 377
1 4 2
362 422
1 10 2
414 442
1 3 2
8 233
1 15 2
168 313
1 12 2
101 154
1 7 2
70 484
1 3 2
119 281
1 6 2
193 318
1 14 2
376 404
1 15 2
126 258
1 5 2
15 305
1 14 2
107 172
1 8 2
1 143
1 9 2
316 483
1 8 2
223 356
1 13 2
263 292
1 15 2
17 26
1 10 2
257 304
1 4 2
68 404
1 14 2
233 303
1 3 2
272 311
1 9 2
5 142
1 15 2
30 38
1 14 2
64 400
1 12 2
379 449
1 13 2
88 222
1 8 2
238 256
1 9 2
157 443
1 7 2
137 353
1 12 2
162 391
1 5 2
192 211
1 9 2
9 283
1 10 2
144 413
1 14 2
325 391
1 15 2
89 371
1 10 2
118 465
1 2 2
136 480
1 2 2
309 342
1 4 2
275 381
1 13 2
355 485
1 15 2
135 486
1 10 2
69 361
1 5 2
352 496
1 6 2
167 185
1 13 2
95 434
1 6 2
133 384
1 11 2
18 459
1 8 2
27 369
1 3 2
291 403
1 6 2
109 456
1 5 2
227 402
1 9 2
70 138
1 12 2
172 382
1 6 2
34 143
1 14 2
44 73
1 5 2
383 447
1 5 2
86 473
1 6 2
95 426
1 8 2
234 350
1 4 2
200 417
1 11 2
93 362
1 5 2
238 335
1 6 2
48 359
1 13 2
86 198
1 7 2
290 330
1 7 2
125 326
1 10 2
271 489
1 4 2
67 102
1 8 2
160 258
1 14 2
118 302
1 8 2
135 491
1 12 2
339 463
1 4 2
114 349
1 9 2
192 237
1 4 2
232 409
1 7 2
38 294
1 9 2
310 403
1 15 2
272 372
1 9 2
222 226
1 15 2
99 363
1 11 2
46 458
1 7 2
343 392
1 12 2
108 497
1 6 2
201 377
1 13 2
111 310
1 3 2
380 414
1 11 2
283 495
1 7 2
110 298
1 3 2
258 497
1 11 2
65 241
1 10 2
67 122
1 10 2
69 366
1 3 2
130 303
1 9 2
54 183
1 5 2
26 112
1 12 2
216 313
1 2 2
83 119
1 6 2
161 414
1 11 2
299 377
1 14 2
374 400
1 2 2
460 473
1 6 2
122 238
1 5 2
281 323
1 6 2
238 378
1 9 2
28 365
1 4 2
65 170
1 14 2
85 216
1 11 2
83 323
1 10 2
38 188
1 5 2
112 284
1 13 2
336 491
1 5 2
143 308
1 10 2
413 446
1 7 2
121 160
1 6 2
59 466
1 7 2
32 252
1 4 2
142 186
1 12 2
157 405
1 10 2
45 157
1 11 2
306 375
1 5 2
50 392
1 13 2
95 197
1 4 2
400 437
1 6 2
41 411
1 13 2
168 458
1 15 2
4 137
1 8 2
278 343
1 11 2
174 322
1 13 2
75 158
1 14 2
133 218
1 10 2
295 428
1 7 2
46 388
1 4 2
187 287
1 15 2
233 308
1 11 2
262 382
1 12 2
90 451
1 15 2
244 412
1 5 2
91 448
1 8 2
233 420
1 9 2
87 334
1 4 2
280 437
1 9 2
210 471
1 3 2
289 331
1 7 2
9 244
1 7 2
75 334
1 3 2
209 321
1 7 2
313 472
1 13 2
54 383
1 7 2
374 442
1 15 2
52 264
1 2 2
136 183
1 12 2
110 242
1 4 2
17 463
1 13 2
14 203
1 6 2
105 266
1 11 2
106 343
1 9 2
82 184
1 10 2
69 498
1 6 2
49 339
1 8 2
55 464
1 13 2
100 382
1 3 2
240 324
1 5 2
120 393
1 12 2
193 340
1 3 2
218 492
1 11 2
205 271
1 6 2
107 374
1 6 2
125 199
1 7 2
67 76
1 12 2
289 479
1 14 2
31 466
1 8 2
241 412
1 8 2
133 441
1 4 2
20 402
1 3 2
234 430
1 2 2
174 376
1 7 2
119 474
1 14 2
471 493
1 10 2
292 404
1 4 2
75 245
1 5 2
1 272
1 2 2
24 93
1 11 2
351 430
1 2 2
3 376
1 8 2
350 407
1 3 2
72 487
1 9 2
283 474
1 7 2
182 472
1 13 2
114 246
1 5 2
15 498
1 13 2
233 401
1 12 2
1 399
1 5 2
368 479
1 10 2
263 291
1 2 2
135 381
1 15 2
251 420
1 7 2
33 277
1 6 2
266 452
1 5 2
261 495
1 9 2
40 439
1 4 2
114 415
1 5 2
69 266
1 3 2
150 207
1 8 2
206 220
1 15 2
43 305
1 13 2
149 427
1 6 2
26 136
1 4 2
65 236
1 6 2
136 237
1 9 2
257 458
1 8 2
308 381
1 2 2
185 305
1 10 2
14 456
1 7 2
440 443
1 7 2
433 466
1 14 2
130 265
1 5 2
119 331
1 6 2
311 381
1 15 2
296 472
1 14 2
6 474
1 8 2
454 486
1 13 2
87 407
1 10 2
58 103
1 14 2
56 370
1 2 2
91 209
1 9 2
143 171
1 9 2
273 322
1 11 2
207 304
1 8 2
46 153
1 11 2
165 256
1 4 2
123 410
1 10 2
51 243
1 9 2
322 364
1 7 2
3 384
1 6 2
216 478
1 6 2
176 478
1 4 2
273 334
1 6 2
253 401
1 13 2
115 486
1 11 2
119 172
1 8 2
165 411
1 9 2
327 451
1 11 2
127 224
1 7 2
187 481
1 6 2
51 448
1 6 2
117 289
1 2 2
262 340
1 7 2
402 474
1 10 2
339 370
1 11 2
156 204
1 13 2
175 493
1 14 2
115 476
1 12 2
215 451
1 13 2
153 429
1 5 2
56 90
1 2 2
319 352
1 14 2
462 468
1 9 2
20 263
1 10 2
130 378
1 4 2
102 121
1 13 2
386 387
1 10 2
197 297
1 14 2
258 274
1 10 2
338 381
1 15 2
282 428
1 2 2
81 459
1 4 2
35 470
1 8 2
64 183
1 14 2
259 352
1 4 2
87 351
1 11 2
214 399
1 10 2
292 495
1 4 2
154 381
1 6 2
24 433
1 2 2
33 92
1 15 2
84 326
1 7 2
0 271
1 15 2
101 430
1 8 2
33 329
1 15 2
32 121
1 15 2
65 128
1 8 2
267 271
1 2 2
59 452
1 12 2
191 381
1 15 2
28 122
1 13 2
50 85
1 7 2
56 302
1 6 2
219 247
1 2 2
237 249
1 7 2
399 479
1 10 2
138 454
1 13 2
24 322
1 11 2
257 493
1 13 2
79 154
1 15 2
103 304
1 7 2
43 346
1 9 2
12 136
1 2 2
11 337
1 14 2
257 293
1 13 2
172 213
1 10 2
147 159
1 14 2
246 346
1 6 2
478 487
1 4 2
5 363
1 9 2
212 320
1 6 2
85 268
1 2 2
201 427
1 3 2
84 295
1 13 2
91 230
1 13 2
42 384
1 5 2
5 303
1 7 2
63 265
1 7 2
215 470
1 11 2
328 443
1 10 2
115 362
1 12 2
379 445
1 5 2
69 320
1 10 2
306 352
1 12 2
49 87
1 7 2
44 217
1 6 2
57 262
1 7 2
360 431
1 3 2
133 273
1 15 2
282 418
1 4 2
36 146
1 4 2
151 474
1 4 2
21 51
1 6 2
132 299
1 12 2
411 428
1 14 2
39 357
1 11 2
267 368
1 8 2
178 206
1 12 2
36 393
1 9 2
137 380
1 12 2
87 291
1 5 2
429 445
1 4 2
43 63
1 6 2
323 484
1 5 2
68 271
1 15 2
306 366
1 3 2
77 472
1 6 2
14 369
1 12 2
62 383
1 12 2
109 368
1 3 2
40 139
1 14 2
284 443
1 11 2
258 448
1 12 2
103 230
1 15 2
204 382
1 5 2
360 411
1 2 2
37 473
1 15 2
5 441
1 2 2
68 236
1 7 2
64 193
1 12 2
74 242
1 15 2
284 296
1 6 2
275 395
1 3 2
240 439
1 11 2
29 191
1 2 2
290 376
1 15 2
172 467
1 4 2
69 208
1 15 2
168 456
1 11 2
313 360
1 7 2
250 362
1 9 2
295 364
1 8 2
273 295
1 6 2
208 348
1 4 2
174 318
1 13 2
295 388
1 5 2
393 427
1 3 2
396 488
1 7 2
282 431
1 2 2
278 384
1 9 2
139 368
1 7 2
61 321
1 14 2
127 404
1 6 2
40 241
1 6 2
336 368
1 10 2
143 435
1 2 2
393 498
1 6 2
129 195
1 13 2
287 301
1 12 2
1 152
1 6 2
169 324
1 4 2
162 347
1 3 2
353 402
1 6 2
62 411
1 14 2
224 456
1 8 2
288 328
1 3 2
61 273
1 12 2
156 412
1 6 2
153 162
1 8 2
224 255
1 4 2
402 420
1 9 2
212 218
1 15 2
83 220
1 2 2
92 168
1 4 2
58 202
1 12 2
112 148
1 2 2
246 375
1 6 2
424 440
1 9 2
72 311
1 2 2
42 198
1 9 2
210 326
1 11 2
428 437
1 4 2
135 471
1 6 2
52 454
1 9 2
323 373
1 13 2
191 246
1 9 2
71 285
1 9 2
204 366
1 6 2
35 408
1 12 2
57 176
1 2 2
25 210
1 5 2
230 439
1 10 2
247 258
1 6 2
44 139
1 15 2
134 277
1 13 2
133 262
1 5 2
196 205
1 12 2
85 426
1 9 2
292 451
1 2 2
124 176
1 3 2
16 150
1 11 2
102 250
1 14 2
183 205
1 6 2
258 362
1 8 2
132 336
1 10 2
274 293
1 10 2
89 116
1 14 2
6 145
1 15 2
60 309
1 9 2
68 492
1 8 2
325 394
1 2 2
23 193
1 15 2
35 136
1 3 2
63 233
1 13 2
168 246
1 11 2
259 422
1 6 2
55 89
1 14 2
211 247
1 7 2
49 158
1 8 2
69 192
1 3 2
44 431
1 11 2
213 459
1 7 2
250 382
1 6 2
180 364
1 15 2
8 38
1 2 2
431 456
1 13 2
142 184
1 14 2
145 262
1 10 2
171 213
1 4 2
35 366
1 15 2
136 244
1 8 2
102 429
1 6 2
63 105
1 5 2
190 405
1 14 2
47 113
1 12 2
140 172
1 14 2
408 431
1 6 2
88 463
1 2 2
86 275
1 12 2
74 93
1 3 2
414 490
1 7 2
179 270
1 14 2
286 396
1 4 2
91 317
1 8 2
177 312
1 7 2
84 427
1 2 2
64 378
1 12 2
122 320
1 2 2
417 479
1 11 2
28 158
1 13 2
103 209
1 4 2
2 6
1 4 2
90 183
1 8 2
68 196
1 11 2
197 382
1 6 2
34 371
1 13 2
190 383
1 4 2
145 251
1 3 2
302 396
1 11 2
446 495
1 2 2
214 470
1 9 2
231 479
1 5 2
15 200
1 13 2
402 404
1 11 2
242 337
1 11 2
231 422
1 7 2
274 346
1 5 2
133 241
1 8 2
10 240
1 4 2
3 208
1 5 2
216 279
1 8 2
253 304
1 8 2
12 378
1 5 2
47 203
1 11 2
186 191
1 12 2
197 418
1 10 2
22 322
1 8 2
291 446
1 2 2
239 306
1 7 2
59 488
1 6 2
44 120
1 2 2
14 487
1 12 2
246 410
1 10 2
111 242
1 5 2
378 447
1 5 2
51 67
1 2 2
33 223
1 5 2
22 297
1 6 2
253 382
1 8 2
128 367
1 3 2
355 415
1 12 2
109 212
1 5 2
409 438
1 9 2
24 55
1 8 2
170 323
1 2 2
75 494
1 14 2
101 110
1 6 2
381 439
1 10 2
259 408
1 12 2
57 391
1 9 2
155 274
1 5 2
34 498
1 4 2
12 270
1 6 2
82 467
1 5 2
41 203
1 14 2
48 200
1 7 2
172 178
1 2 2
307 383
1 6 2
339 460
1 11 2
218 261
1 11 2
158 459
1 2 2
40 200
1 11 2
325 362
1 15 2
93 498
1 9 2
240 264
1 2 2
105 110
1 15 2
369 448
1 3 2
113 425
1 3 2
347 421
1 14 2
335 431
1 7 2
30 186
1 3 2
58 96
1 4 2
245 359
1 12 2
331 362
1 2 2
48 497
1 11 2
113 313
1 12 2
16 162
1 15 2
33 133
1 5 2
220 462
1 10 2
194 348
1 10 2
191 237
1 5 2
25 481
1 11 2
212 418
1 15 2
169 207
1 11 2
185 264
1 7 2
149 333
1 13 2
141 499
1 14 2
414 436
1 7 2
13 396
1 4 2
159 410
1 13 2
235 472
1 8 2
64 243
1 3 2
349 415
1 7 2
118 453
1 12 2
408 462
1 15 2
124 352
1 6 2
393 414
1 6 2
250 349
1 11 2
134 327
1 6 2
265 406
1 3 2
194 278
1 6 2
179 249
1 11 2
60 140
1 6 2
37 180
1 4 2
357 466
1 14 2
54 128
1 6 2
159 233
1 9 2
108 435
1 14 2
451 488
1 8 2
463 465
1 4 2
130 145
1 14 2
57 449
1 15 2
360 441
1 15 2
35 193
1 7 2
288 324
1 15 2
3 187
1 13 2
82 109
1 6 2
207 376
1 15 2
308 483
1 7 2
318 484
1 15 2
47 365
1 4 2
305 402
1 3 2
78 198
1 5 2
369 381
1 4 2
194 435
1 7 2
181 252
1 3 2
382 441
1 9 2
322 420
1 6 2
209 301
1 7 2
157 256
1 15 2
246 409
1 13 2
450 478
1 7 2
233 473
1 3 2
323 381
1 13 2
57 158
1 8 2
202 279
1 8 2
160 165
1 14 2
48 224
1 13 2
121 412
1 5 2
230 389
1 11 2
294 321
1 7 2
87 112
1 14 2
0 27
1 8 2
227 452
1 5 2
290 439
1 11 2
214 376
1 11 2
121 384
1 13 2
99 324
1 5 2
14 168
1 14 2
195 197
1 4 2
154 243
1 10 2
106 194
1 14 2
38 178
1 8 2
36 373
1 15 2
144 271
1 4 2
77 425
1 15 2
328 364
1 9 2
108 433
1 5 2
334 422
1 3 2
48 145
1 9 2
225 336
1 11 2
5 145
1 8 2
395 431
1 12 2
286 399
1 8 2
314 407
1 12 2
112 324
1 7 2
250 268
1 7 2
42 383
1 4 2
358 484
1 13 2
25 353
1 15 2
104 433
1 5 2
55 496
1 12 2
291 377
1 6 2
165 311
1 11 2
280 318
1 6 2
96 492
1 3 2
312 401
1 2 2
122 236
1 12 2
122 377
1 15 2
297 466
1 2 2
147 175
1 6 2
40 472
1 5 2
193 360
1 12 2
86 472
1 6 2
170 367
1 5 2
349 494
1 7 2
126 307
1 13 2
129 490
1 13 2
77 173
1 6 2
221 325
1 9 2
236 326
1 2 2
399 480
1 2 2
367 496
1 14 2
128 383
1 5 2
66 198
1 5 2
125 432
1 15 2
101 252
1 4 2
350 406
1 3 2
137 278
1 10 2
195 377
1 13 2
29 229
1 10 2
187 433
1 9 2
11 401
1 6 2
75 297
1 2 2
30 181
1 4 2
27 55
1 4 2
161 375
1 10 2
61 301
1 4 2
229 486
1 2 2
249 312
1 4 2
295 370
1 3 2
354 453
1 9 2
123 451
1 3 2
211 304
1 14 2
83 441
1 11 2
93 389
1 12 2
295 321
1 8 2
199 360
1 12 2
249 499
1 4 2
26 429
1 5 2
69 90
1 13 2
240 322
1 11 2
285 369
1 13 2
239 248
1 7 2
174 256
1 13 2
29 148
1 7 2
72 270
1 10 2
1 179
1 2 2
407 422
1 14 2
29 240
1 3 2
51 313
1 11 2
72 316
1 3 2
75 467
1 11 2
77 214
1 13 2
144 191
1 11 2
439 482
1 15 2
179 237
1 8 2
76 432
1 10 2
277 354
1 5 2
170 430
1 12 2
218 282
1 10 2
397 470
1 4 2
146 219
1 15 2
171 232
1 3 2
302 329
1 3 2
384 388
1 14 2
57 443
1 12 2
19 144
1 10 2
10 155
1 15 2
244 333
1 8 2
131 190
1 14 2
183 290
1 7 2
317 412
1 2 2
13 66
1 10 2
227 261
1 4 2
21 229
1 2 2
241 380
1 15 2
54 161
1 12 2
187 332
1 11 2
206 452
1 8 2
97 182
1 4 2
451 494
1 7 2
439 478
1 11 2
122 370
1 8 2
52 369
1 3 2
376 434
1 11 2
464 488
1 6 2
158 162
1 11 2
133 182
1 7 2
162 450
1 6 2
167 487
1 5 2
167 338
1 5 2
41 227
1 5 2
140 282
1 8 2
6 415
1 5 2
271 442
1 8 2
345 443
1 2 2
221 343
1 5 2
379 410
1 7 2
256 271
1 8 2
71 135
1 15 2
74 197
1 13 2
172 387
1 13 2
420 485
1 5 2
389 456
1 5 2
118 432
1 3 2
301 319
1 3 2
136 140
1 6 2
93 350
1 4 2
37 120
1 13 2
36 145
1 3 2
9 227
1 8 2
156 321
1 10 2
171 340
1 15 2
80 410
1 3 2
164 437
1 10 2
189 455
1 3 2
263 375
1 2 2
83 240
1 3 2
300 315
1 3 2
101 200
1 12 2
259 358
1 4 2
108 255
1 10 2
178 344
1 4 2
90 414
1 3 2
220 372
1 7 2
9 222
1 14 2
37 44
1 9 2
205 474
1 15 2
292 493
1 11 2
40 467
1 12 2
275 373
1 13 2
303 333
1 6 2
428 469
1 15 2
39 375
1 10 2
174 230
1 8 2
303 414
1 6 2
55 476
1 5 2
197 430
1 7 2
2 314
1 7 2
79 331
1 5 2
43 256
1 8 2
275 312
1 13 2
99 182
1 12 2
109 418
1 12 2
314 453
1 9 2
262 266
1 5 2
105 224
1 13 2
318 405
1 10 2
240 440
1 6 2
317 365
1 2 2
89 313
1 13 2
285 458
1 3 2
452 481
1 4 2
159 208
1 3 2
182 191
1 6 2
119 164
1 15 2
22 484
1 4 2
212 388
1 10 2
339 419
1 13 2
77 109
1 7 2
74 180
1 15 2
369 465
1 12 2
237 412
1 5 2
16 20
1 14 2
87 225
1 3 2
78 102
1 11 2
1 447
1 5 2
277 346
1 10 2
243 274
1 2 2
18 273
1 2 2
112 163
1 2 2
152 371
1 8 2
312 336
1 15 2
11 437
1 7 2
61 415
1 4 2
51 83
1 2 2
36 471
1 11 2
54 489
1 10 2
39 131
1 6 2
280 469
1 2 2
159 377
1 2 2
143 212
1 11 2
208 243
1 14 2
115 254
1 11 2
39 350
1 10 2
22 313
1 5 2
135 196
1 10 2
257 459
1 8 2
124 390
1 8 2
162 270
1 15 2
8 77
1 13 2
146 151
1 2 2
105 197
1 4 2
168 373
1 13 2
112 381
1 10 2
254 394
1 11 2
92 290
1 11 2
124 404
1 7 2
87 420
1 5 2
4 258
1 3 2
361 421
1 11 2
221 366
1 8 2
92 410
1 12 2
274 367
1 7 2
266 394
1 6 2
82 127
1 7 2
386 396
1 7 2
185 218
1 2 2
423 434
1 2 2
98 271
1 10 2
248 344
1 9 2
98 304
1 15 2
46 393
1 9 2
303 494
1 2 2
198 349
1 11 2
276 284
1 13 2
192 400
1 2 2
310 432
1 13 2
51 179
1 7 2
233 406
1 10 2
10 496
1 11 2
51 208
1 14 2
131 230
1 4 2
408 429
1 6 2
364 432
1 13 2
170 346
1 8 2
48 170
1 10 2
119 352
1 11 2
53 139
1 8 2
26 119
1 12 2
7 494
1 14 2
146 335
1 12 2
73 362
1 13 2
68 485
1 9 2
143 321
1 11 2
122 156
1 7 2
290 348
1 10 2
138 401
1 13 2
121 329
1 9 2
43 212
1 3 2
5 266
1 14 2
11 333
1 10 2
162 475
1 12 2
194 432
1 14 2
208 380
1 4 2
33 90
1 14 2
266 409
1 4 2
241 462
1 13 2
114 170
1 8 2
128 489
1 12 2
268 481
1 3 2
122 184
1 7 2
262 385
1 3 2
394 399
1 9 2
130 307
1 12 2
9 316
1 14 2
168 361
1 15 2
197 344
1 7 2
169 389
1 10 2
11 225
1 5 2
159 324
1 9 2
361 467
1 14 2
357 498
1 9 2
54 102
1 13 2
78 464
1 9 2
347 427
1 7 2
244 380
1 12 2
94 203
1 12 2
370 403
1 12 2
190 343
1 7 2
149 472
1 5 2
298 486
1 13 2
138 158
1 6 2
8 145
1 7 2
243 458
1 11 2
217 374
1 15 2
9 439
1 11 2
22 204
1 4 2
21 368
1 4 2
328 457
1 2 2
94 165
1 9 2
94 411
1 12 2
297 428
1 4 2
197 392
1 14 2
206 387
1 9 2
40 279
1 7 2
16 135
1 9 2
257 405
1 15 2
195 366
1 8 2
215 495
1 4 2
48 89
1 6 2
320 493
1 3 2
40 387
1 12 2
103 154
1 4 2
159 418
1 15 2
264 372
1 9 2
258 457
1 9 2
336 370
1 13 2
264 361
1 5 2
41 486
1 4 2
153 218
1 6 2
166 265
1 9 2
155 299
1 15 2
46 269
1 10 2
167 476
1 11 2
238 421
1 11 2
110 131
1 7 2
314 393
1 11 2
41 433
1 9 2
283 388
1 15 2
353 396
1 4 2
93 159
1 12 2
8 382
1 3 2
37 345
1 3 2
119 332
1 14 2
283 400
1 2 2
231 370
1 8 2
41 295
1 7 2
15 310
1 13 2
226 353
1 10 2
36 274
1 15 2
267 295
1 5 2
2 230
1 3 2
77 128
1 12 2
62 182
1 10 2
74 413
1 5 2
62 251
1 14 2
33 398
1 3 2
110 462
1 4 2
152 302
1 12 2
155 161
1 8 2
338 388
1 5 2
4 335
1 9 2
75 318
1 2 2
153 248
1 3 2
229 466
1 6 2
222 250
1 9 2
31 46
1 11 2
133 142
1 10 2
381 484
1 8 2
417 418
1 10 2
439 492
1 2 2
291 294
1 9 2
43 74
1 8 2
194 462
1 2 2
298 449
1 3 2
374 428
1 14 2
141 422
1 9 2
259 265
1 8 2
142 400
1 11 2
201 357
1 6 2
143 202
1 10 2
90 466
1 7 2
48 363
1 4 2
32 416
1 2 2
231 415
1 14 2
31 443
1 4 2
171 323
1 7 2
38 243
1 5 2
110 267
1 6 2
112 139
1 4 2
77 232
1 11 2
293 352
1 8 2
60 311
1 12 2
67 449
1 10 2
49 492
1 3 2
5 293
1 6 2
204 367
1 4 2
47 265
1 3 2
338 479
1 11 2
185 242
1 10 2
60 112
1 15 2
190 384
1 3 2
467 492
1 15 2
145 370
1 3 2
34 499
1 12 2
126 175
1 2 2
232 269
1 9 2
57 136
1 10 2
62 225
1 14 2
15 34
1 13 2
30 184
1 8 2
93 342
1 3 2
119 495
1 6 2
83 446
1 12 2
352 383
1 13 2
170 246
1 2 2
98 171
1 14 2
386 493
1 12 2
99 428
1 2 2
9 175
1 15 2
51 165
1 14 2
1 135
1 6 2
152 275
1 7 2
231 493
1 14 2
86 248
1 6 2
87 232
1 6 2
331 464
1 15 2
192 239
1 5 2
155 168
1 9 2
98 281
1 2 2
22 290
1 15 2
52 477
1 6 2
23 237
1 2 2
120 371
1 11 2
196 333
1 12 2
49 153
1 6 2
389 465
1 14 2
175 354
1 5 2
47 378
1 10 2
150 442
1 4 2
131 206
1 10 2
28 46
1 15 2
3 370
1 15 2
118 155
1 10 2
29 496
1 15 2
90 254
1 8 2
4 490
1 10 2
234 237
1 12 2
359 499
1 10 2
137 482
1 12 2
446 481
1 4 2
34 361
1 12 2
67 481
1 9 2
248 379
1 12 2
252 325
1 14 2
135 337
1 4 2
274 280
1 13 2
254 356
1 14 2
51 139
1 9 2
301 449
1 7 2
177 308
1 10 2
248 294
1 7 2
228 474
1 10 2
59 392
1 7 2
141 169
1 4 2
199 429
1 15 2
99 109
1 4 2
99 394
1 2 2
36 174
1 12 2
131 359
1 3 2
141 344
1 5 2
11 285
1 9 2
129 254
1 6 2
362 367
1 3 2
89 415
1 4 2
15 428
1 11 2
18 68
1 4 2
409 416
1 15 2
199 268
1 2 2
99 190
1 5 2
204 353
1 8 2
86 368
1 8 2
26 134
1 13 2
275 471
1 12 2
114 476
1 15 2
398 432
1 10 2
71 391
1 3 2
281 416
1 12 2
12 415
1 7 2
310 482
1 13 2
147 296
1 11 2
231 465
1 14 2
65 459
1 3 2
77 493
1 3 2
112 259
1 10 2
384 477
1 2 2
1 464
1 9 2
90 146
1 10 2
211 347
1 4 2
103 115
1 3 2
66 133
1 2 2
87 422
1 8 2
65 368
1 13 2
148 314
1 2 2
66 73
1 5 2
227 475
1 3 2
231 353
1 3 2
266 481
1 7 2
81 213
1 2 2
131 343
1 15 2
55 93
1 7 2
369 405
1 13 2
296 422
1 10 2
13 476
1 3 2
67 152
1 12 2
55 379
1 15 2
154 428
1 11 2
243 394
1 4 2
87 459
1 10 2
127 166
1 3 2
155 260
1 9 2
183 203
1 13 2
221 445
1 12 2
90 262
1 2 2
199 351
1 6 2
385 429
1 3 2
70 422
1 8 2
11 33
1 9 2
117 257
1 5 2
243 346
1 14 2
164 185
1 5 2
279 402
1 8 2
14 476
1 12 2
146 309
1 4 2
361 380
1 3 2
35 431
1 6 2
106 132
1 5 2
34 135
1 10 2
131 476
1 11 2
13 445
1 7 2
325 490
1 10 2
48 243
1 7 2
71 72
1 10 2
145 242
1 6 2
15 475
1 6 2
81 322
1 4 2
1 361
1 11 2
40 136
1 4 2
194 362
1 11 2
18 35
1 14 2
70 219
1 5 2
131 429
1 5 2
17 161
1 5 2
116 398
1 8 2
469 495
1 13 2
243 314
1 14 2
144 243
1 9 2
146 412
1 7 2
141 330
1 10 2
20 281
1 14 2
203 273
1 9 2
316 499
1 4 2
216 335
1 13 2
322 471
1 12 2
87 473
1 8 2
235 379
1 4 2
255 385
1 14 2
143 475
1 9 2
69 485
1 10 2
130 380
1 13 2
247 382
1 15 2
446 478
1 7 2
1 4
1 12 2
177 474
1 2 2
263 493
1 10 2
128 137
1 12 2
105 265
1 9 2
119 205
1 5 2
344 444
1 8 2
295 463
1 11 2
218 473
1 15 2
189 498
1 5 2
332 479
1 6 2
59 496
1 13 2
14 353
1 13 2
40 105
1 12 2
321 357
1 9 2
98 381
1 13 2
183 392
1 2 2
0 261
1 4 2
190 300
1 6 2
125 475
1 6 2
41 204
1 11 2
245 440
1 7 2
112 176
1 10 2
349 496
1 12 2
91 159
1 7 2
203 218
1 10 2
13 192
1 7 2
198 326
1 8 2
46 268
1 9 2
184 313
1 14 2
208 316
1 4 2
78 448
1 6 2
78 391
1 11 2
203 332
1 11 2
430 458
1 11 2
259 392
1 7 2
199 327
1 9 2
354 455
1 6 2
263 276
1 12 2
305 377
1 2 2
116 195
1 10 2
67 222
1 11 2
228 355
1 8 2
187 384
1 9 2
5 235
1 9 2
64 318
1 8 2
69 159
1 8 2
18 36
1 5 2
74 149
1 3 2
378 411
1 5 2
6 92
1 5 2
300 437
1 6 2
351 388
1 11 2
101 278
1 15 2
206 365
1 7 2
179 273
1 3 2
184 442
1 14 2
91 399
1 13 2
201 360
1 7 2
193 424
1 14 2
83 212
1 10 2
199 396
1 3 2
201 352
1 12 2
299 409
1 15 2
135 474
1 6 2
96 409
1 5 2
6 32
1 10 2
367 475
1 3 2
254 437
1 2 2
75 371
1 11 2
42 416
1 4 2
323 325
1 10 2
68 221
1 4 2
97 311
1 11 2
25 402
1 9 2
20 415
1 2 2
301 406
1 10 2
196 264
1 6 2
326 463
1 6 2
270 405
1 15 2
42 148
1 13 2
196 400
1 4 2
75 356
1 4 2
83 339
1 2 2
132 300
1 6 2
0 152
1 7 2
225 420
1 3 2
38 450
1 7 2
138 444
1 7 2
149 152
1 14 2
15 424
1 3 2
165 438
1 12 2
7 289
1 8 2
233 344
1 13 2
36 305
1 6 2
107 174
1 14 2
320 343
1 9 2
127 265
1 8 2
205 414
1 7 2
25 257
1 5 2
40 371
1 3 2
104 152
1 11 2
53 481
1 14 2
144 268
1 5 2
174 483
1 2 2
56 383
1 14 2
221 386
1 4 2
102 317
1 4 2
37 45
1 3 2
15 497
1 14 2
308 458
1 7 2
234 451
1 12 2
303 372
1 9 2
380 426
1 15 2
200 204
1 2 2
96 166
1 4 2
426 435
1 4 2
72 325
1 2 2
345 407
1 12 2
222 426
1 2 2
303 385
1 6 2
249 397
1 14 2
41 264
1 9 2
178 392
1 8 2
43 48
1 8 2
326 477
1 15 2
43 89
1 13 2
204 386
1 9 2
116 187
1 3 2
177 447
1 12 2
92 303
1 15 2
262 312
1 14 2
11 464
1 13 2
176 399
1 6 2
109 247
1 2 2
15 73
1 8 2
42 248
1 10 2
302 387
1 2 2
370 400
1 9 2
73 77
1 11 2
103 297
1 13 2
43 97
1 12 2
288 414
1 3 2
334 369
1 12 2
271 297
1 8 2
102 119
1 6 2
77 116
1 15 2
147 310
1 14 2
292 378
1 10 2
38 387
1 14 2
112 133
1 13 2
257 452
1 13 2
130 407
1 7 2
350 415
1 8 2
210 312
1 11 2
322 413
1 6 2
346 465
1 15 2
116 168
1 11 2
46 265
1 8 2
147 284
1 10 2
218 317
1 4 2
155 277
1 14 2
210 245
1 7 2
87 147
1 12 2
46 251
1 14 2
24 413
1 11 2
192 221
1 11 2
40 48
1 11 2
291 466
1 6 2
44 78
1 15 2
80 379
1 3 2
407 483
1 14 2
108 392
1 10 2
5 25
1 11 2
156 295
1 8 2
378 475
1 15 2
5 241
1 10 2
125 263
1 5 2
23 253
1 8 2
48 256
1 15 2
98 400
1 7 2
127 358
1 3 2
239 465
1 14 2
221 432
1 4 2
155 184
1 8 2
219 325
1 5 2
435 482
1 5 2
260 321
1 3 2
85 437
1 6 2
293 424
1 8 2
357 409
1 10 2
18 331
1 10 2
282 363
1 3 2
278 365
1 7 2
222 312
1 14 2
226 294
1 8 2
396 451
1 5 2
315 434
1 11 2
306 458
1 11 2
119 414
1 12 2
115 116
1 13 2
350 487
1 6 2
99 354
1 6 2
183 485
1 3 2
147 368
1 6 2
196 216
1 15 2
56 333
1 7 2
24 207
1 9 2
150 499
1 4 2
3 487
1 2 2
24 360
1 15 2
337 443
1 6 2
162 201
1 6 2
53 432
1 10 2
83 264
1 14 2
6 237
1 12 2
153 322
1 14 2
203 207
1 4 2
5 394
1 12 2
241 334
1 8 2
181 493
1 2 2
32 431
1 7 2
253 409
1 3 2
48 110
1 13 2
4 340
1 14 2
139 472
1 8 2
274 276
1 4 2
131 356
1 7 2
114 441
1 15 2
28 272
1 4 2
79 430
1 7 2
260 280
1 10 2
88 477
1 2 2
48 231
1 5 2
27 378
1 10 2
231 361
1 9 2
15 314
1 12 2
134 470
1 11 2
457 476
1 11 2
121 444
1 5 2
132 473
1 13 2
401 406
1 3 2
38 83
1 9 2
5 449
1 10 2
300 380
1 10 2
168 196
1 11 2
311 428
1 15 2
350 412
1 4 2
227 472
1 11 2
345 388
1 4 2
425 478
1 6 2
96 438
1 12 2
58 144
1 5 2
239 472
1 5 2
171 489
1 10 2
55 192
1 6 2
216 266
1 15 2
275 377
1 14 2
99 183
1 10 2
3 26
1 10 2
86 268
1 7 2
82 190
1 5 2
21 462
1 9 2
99 301
1 7 2
119 195
1 15 2
142 155
1 13 2
67 346
1 2 2
215 407
1 5 2
91 202
1 11 2
61 484
1 8 2
285 370
1 7 2
15 189
1 15 2
33 417
1 3 2
196 478
1 10 2
48 118
1 2 2
104 298
1 15 2
122 406
1 6 2
356 470
1 5 2
52 262
1 8 2
332 403
1 4 2
404 481
1 15 2
98 413
1 11 2
84 219
1 15 2
253 385
1 4 2
244 252
1 4 2
404 430
1 3 2
387 480
1 9 2
435 480
1 7 2
64 485
1 8 2
202 410
1 15 2
182 189
1 5 2
441 490
1 2 2
363 425
1 3 2
284 329
1 8 2
60 450
1 14 2
22 305
1 13 2
273 392
1 14 2
30 89
1 6 2
185 325
1 11 2
188 305
1 6 2
24 431
1 10 2
139 265
1 10 2
372 416
1 11 2
45 206
1 13 2
302 346
1 5 2
237 404
1 5 2
93 448
1 10 2
363 450
1 13 2
4 16
1 9 2
111 238
1 4 2
343 441
1 10 2
60 150
1 14 2
134 426
1 7 2
318 480
1 5 2
161 394
1 5 2
312 454
1 3 2
334 354
1 13 2
42 340
1 9 2
133 405
1 11 2
91 95
1 12 2
196 481
1 4 2
287 303
1 12 2
282 483
1 7 2
260 320
1 6 2
276 400
1 2 2
15 340
1 5 2
56 293
1 2 2
70 124
1 2 2
379 415
1 7 2
157 219
1 8 2
79 162
1 7 2
230 489
1 10 2
119 432
1 13 2
387 392
1 6 2
67 128
1 3 2
128 299
1 12 2
207 254
1 10 2
140 315
1 11 2
327 393
1 4 2
315 366
1 8 2
414 445
1 15 2
93 143
1 7 2
3 264
1 15 2
101 161
1 6 2
169 181
1 4 2
71 383
1 4 2
186 254
1 12 2
62 206
1 6 2
92 363
1 12 2
203 493
1 7 2
298 443
1 6 2
77 276
1 11 2
418 497
1 8 2
173 426
1 12 2
377 439
1 13 2
160 470
1 12 2
295 464
1 12 2
120 327
1 15 2
64 233
1 7 2
282 304
1 3 2
276 384
1 12 2
328 344
1 10 2
4 461
1 15 2
240 384
1 7 2
244 297
1 15 2
293 401
1 4 2
140 419
1 13 2
5 413
1 2 2
198 457
1 10 2
43 171
1 4 2
159 391
1 2 2
272 357
1 12 2
111 304
1 13 2
204 370
1 7 2
90 106
1 4 2
301 345
1 13 2
182 372
1 14 2
211 324
1 10 2
61 213
1 12 2
425 451
1 8 2
200 227
1 15 2
12 47
1 3 2
130 231
1 4 2
175 310
1 14 2
43 475
1 5 2
135 488
1 5 2
202 351
1 4 2
148 467
1 14 2
115 489
1 5 2
166 209
1 5 2
176 203
1 12 2
235 426
1 10 2
184 285
1 11 2
325 346
1 7 2
165 188
1 9 2
158 278
1 10 2
302 439
1 14 2
261 306
1 11 2
30 170
1 9 2
89 236
1 10 2
203 275
1 12 2
151 487
1 9 2
425 443
1 15 2
265 315
1 11 2
366 418
1 6 2
140 450
1 12 2
21 363
1 14 2
134 461
1 2 2
196 422
1 7 2
432 479
1 12 2
325 422
1 13 2
175 432
1 13 2
115 354
1 11 2
200 207
1 6 2
396 410
1 11 2
268 340
1 11 2
105 249
1 3 2
160 491
1 13 2
77 183
1 6 2
26 306
1 5 2
109 234
1 4 2
41 305
1 5 2
103 143
1 5 2
386 417
1 9 2
172 309
1 5 2
305 407
1 15 2
234 456
1 9 2
323 364
1 4 2
222 465
1 9 2
4 110
1 14 2
111 261
1 14 2
143 200
1 14 2
46 347
1 5 2
218 352
1 4 2
7 72
1 4 2
15 16
1 12 2
473 492
1 10 2
3 248
1 5 2
127 225
1 13 2
137 487
1 7 2
146 165
1 9 2
210 367
1 12 2
31 87
1 15 2
334 447
1 12 2
165 238
1 2 2
271 460
1 10 2
321 433
1 10 2
40 148
1 7 2
78 437
1 11 2
9 119
1 10 2
65 183
1 11 2
137 214
1 10 2
26 305
1 12 2
57 339
1 12 2
245 340
1 6 2
102 353
1 9 2
174 434
1 4 2
9 302
1 15 2
230 477
1 3 2
264 367
1 10 2
312 492
1 15 2
432 492
1 2 2
270 364
1 15 2
80 217
1 9 2
394 433
1 13 2
181 396
1 4 2
319 363
1 8 2
234 274
1 8 2
1 327
1 5 2
78 298
1 7 2
70 410
1 5 2
156 474
1 9 2
383 480
1 2 2
237 251
1 15 2
193 467
1 3 2
390 465
1 15 2
387 487
1 10 2
164 393
1 7 2
249 331
1 15 2
171 206
1 11 2
125 182
1 4 2
181 303
1 12 2
419 445
1 3 2
310 394
1 3 2
188 194
1 4 2
357 366
1 4 2
204 272
1 10 2
105 462
1 2 2
185 448
1 4 2
332 391
1 15 2
71 137
1 4 2
144 491
1 9 2
143 465
1 6 2
232 285
1 12 2
154 400
1 6 2
364 464
1 9 2
104 290
1 12 2
204 334
1 2 2
104 450
1 3 2
65 408
1 4 2
168 472
1 13 2
73 177
1 9 2
173 296
1 5 2
346 406
1 13 2
17 34
1 8 2
257 417
1 9 2
232 390
1 8 2
89 101
1 6 2
128 343
1 2 2
86 105
1 13 2
258 261
1 15 2
478 499
1 9 2
111 374
1 9 2
236 499
1 5 2
249 478
1 13 2
193 405
1 14 2
204 404
1 3 2
80 264
1 12 2
389 435
1 6 2
7 213
1 2 2
166 198
1 6 2
275 317
1 3 2
245 453
1 9 2
295 402
1 15 2
254 268
1 13 2
167 191
1 4 2
47 321
1 15 2
5 110
1 6 2
404 497
1 8 2
162 462
1 13 2
229 416
1 7 2
159 281
1 6 2
3 72
1 9 2
96 169
1 13 2
293 454
1 2 2
139 309
1 4 2
84 345
1 10 2
103 246
1 10 2
38 146
1 11 2
109 161
1 2 2
161 291
1 11 2
13 228
1 13 2
48 278
1 13 2
116 160
1 2 2
132 385
1 2 2
104 126
1 2 2
168 370
1 13 2
391 441
1 15 2
16 282
1 8 2
199 209
1 14 2
79 159
1 10 2
127 381
1 13 2
158 474
1 10 2
353 410
1 3 2
10 83
1 14 2
124 420
1 12 2
122 423
1 9 2
442 480
1 6 2
96 243
1 11 2
130 278
1 13 2
127 183
1 8 2
218 394
1 5 2
208 307
1 4 2
41 245
1 12 2
343 408
1 5 2
67 107
1 4 2
34 65
1 4 2
91 224
1 12 2
135 254
1 2 2
117 374
1 7 2
336 393
1 13 2
166 419
1 11 2
214 402
1 10 2
33 268
1 12 2
240 426
1 8 2
13 328
1 15 2
48 352
1 15 2
136 167
1 5 2
286 312
1 3 2
196 480
1 13 2
25 461
1 10 2
15 169
1 14 2
97 250
1 3 2
89 125
1 7 2
123 473
1 2 2
149 450
1 15 2
140 390
1 9 2
166 377
1 5 2
448 451
1 13 2
68 247
1 12 2
26 253
1 6 2
56 485
1 15 2
127 400
1 4 2
278 450
1 3 2
56 322
1 2 2
165 360
1 14 2
233 434
1 7 2
124 148
1 12 2
377 411
1 10 2
41 393
1 4 2
167 330
1 3 2
174 426
1 9 2
109 175
1 14 2
151 308
1 12 2
31 421
1 13 2
261 376
1 3 2
51 161
1 7 2
11 260
1 14 2
452 484
1 7 2
88 285
1 5 2
359 428
1 5 2
21 437
1 13 2
13 265
1 2 2
66 316
1 15 2
113 269
1 15 2
207 487
1 9 2
29 65
1 2 2
234 303
1 4 2
230 298
1 5 2
360 433
1 2 2
331 396
1 9 2
176 329
1 14 2
71 455
1 2 2
89 159
1 10 2
95 316
1 12 2
210 339
1 2 2
461 464
1 4 2
110 414
1 7 2
35 421
1 10 2
46 355
1 15 2
43 384
1 12 2
205 224
1 7 2
349 385
1 6 2
12 315
1 8 2
85 110
1 5 2
13 491
1 10 2
63 206
1 10 2
130 308
1 5 2
23 320
1 4 2
332 467
1 3 2
438 480
1 9 2
328 435
1 10 2
27 148
1 4 2
6 189
1 2 2
104 163
1 6 2
114 251
1 14 2
108 252
1 12 2
232 473
1 10 2
414 447
1 13 2
47 331
1 4 2
20 477
1 9 2
401 495
1 7 2
256 358
1 11 2
190 378
1 11 2
36 446
1 15 2
128 182
1 9 2
231 300
1 4 2
116 481
1 10 2
31 339
1 10 2
59 450
1 2 2
112 230
1 2 2
91 366
1 3 2
72 164
1 10 2
301 490
1 13 2
308 455
1 5 2
19 322
1 7 2
202 299
1 8 2
337 473
1 4 2
86 164
1 2 2
2 237
1 10 2
375 468
1 6 2
129 143
1 11 2
62 499
1 7 2
132 392
1 8 2
228 422
1 5 2
102 208
1 10 2
184 354
1 6 2
25 480
1 9 2
120 352
1 9 2
35 352
1 9 2
55 327
1 9 2
31 208
1 8 2
28 72
1 5 2
426 446
1 14 2
353 439
1 10 2
95 148
1 10 2
75 173
1 13 2
240 489
1 7 2
150 384
1 7 2
10 325
1 10 2
105 287
1 3 2
25 105
1 14 2
70 104
1 4 2
104 429
1 11 2
287 305
1 8 2
109 133
1 15 2
12 292
1 12 2
146 280
1 12 2
176 228
1 7 2
350 417
1 4 2
18 423
1 7 2
313 326
1 6 2
351 396
1 3 2
34 96
1 14 2
181 483
1 7 2
104 418
1 10 2
400 445
1 5 2
0 85
1 9 2
59 409
1 4 2
282 347
1 9 2
98 404
1 10 2
250 427
1 7 2
31 399
1 11 2
228 240
1 7 2
77 441
1 15 2
173 423
1 7 2
43 257
1 7 2
67 271
1 12 2
284 345
1 3 2
50 429
1 15 2
305 320
1 14 2
299 338
1 7 2
110 360
1 2 2
71 275
1 6 2
55 436
1 14 2
201 480
1 6 2
382 452
1 15 2
283 350
1 3 2
237 473
1 14 2
149 279
1 8 2
19 97
1 8 2
77 161
1 14 2
459 469
1 3 2
317 330
1 14 2
118 364
1 12 2
2 339
1 15 2
218 284
1 8 2
114 224
1 9 2
38 156
1 7 2
245 443
1 8 2
388 424
1 10 2
142 410
1 10 2
137 371
1 9 2
243 491
1 11 2
9 142
1 3 2
272 419
1 6 2
44 442
1 7 2
132 295
1 11 2
49 220
1 3 2
157 498
1 13 2
237 311
1 7 2
151 486
1 11 2
120 378
1 4 2
67 452
1 7 2
133 328
1 4 2
3 202
1 7 2
197 429
1 9 2
326 381
1 11 2
168 213
1 9 2
6 300
1 7 2
76 285
1 3 2
86 170
1 3 2
8 398
1 3 2
85 374
1 12 2
101 167
1 4 2
110 366
1 9 2
276 434
1 7 2
166 371
1 4 2
17 419
1 11 2
170 484
1 13 2
115 420
1 3 2
24 238
1 5 2
424 428
1 3 2
141 227
1 5 2
68 498
1 4 2
193 272
1 12 2
225 436
1 2 2
91 418
1 11 2
219 431
1 12 2
267 376
1 4 2
467 497
1 2 2
101 287
1 9 2
172 442
1 2 2
32 174
1 9 2
19 363
1 4 2
313 475
1 13 2
132 220
1 14 2
281 386
1 2 2
19 288
1 13 2
139 299
1 13 2
162 265
1 12 2
289 438
1 11 2
106 169
1 6 2
186 473
1 5 2
147 438
1 8 2
71 430
1 2 2
289 460
1 4 2
227 398
1 13 2
350 370
1 15 2
69 492
1 4 2
63 154
1 5 2
54 445
1 8 2
200 288
1 14 2
389 437
1 12 2
172 390
1 4 2
85 419
1 14 2
178 237
1 6 2
101 318
1 6 2
0 467
1 4 2
277 397
1 5 2
403 447
1 5 2
210 311
1 12 2
5 329
1 14 2
384 420
1 4 2
39 287
1 12 2
75 411
1 8 2
251 445
1 8 2
45 90
1 6 2
233 405
1 14 2
1 147
1 2 2
484 499
1 10 2
129 221
1 9 2
277 379
1 11 2
449 474
1 5 2
152 208
1 13 2
200 287
1 4 2
121 464
1 11 2
243 284
1 2 2
244 498
1 9 2
29 345
1 13 2
227 407
1 6 2
224 419
1 6 2
186 341
1 7 2
78 382
1 13 2
81 180
1 6 2
37 269
1 11 2
240 277
1 5 2
242 314
1 8 2
203 323
1 10 2
214 485
1 8 2
141 315
1 15 2
160 430
1 5 2
221 230
1 9 2
41 454
1 2 2
121 169
1 7 2
98 326
1 12 2
10 143
1 15 2
211 215
1 13 2
79 125
1 7 2
43 459
1 9 2
206 251
1 5 2
80 413
1 15 2
137 438
1 6 2
296 442
1 8 2
263 442
1 4 2
1 354
1 7 2
372 458
1 12 2
38 98
1 3 2
103 305
1 2 2
286 420
1 9 2
21 387
1 4 2
67 80
1 13 2
2 353
1 12 2
152 465
1 4 2
80 214
1 14 2
230 273
1 14 2
82 274
1 11 2
29 46
1 6 2
7 392
1 8 2
153 317
1 5 2
121 427
1 10 2
285 499
1 11 2
473 496
1 15 2
260 291
1 13 2
40 228
1 4 2
395 471
1 3 2
181 415
1 3 2
169 188
1 6 2
240 378
1 13 2
134 260
1 9 2
321 325
1 13 2
3 90
1 6 2
24 432
1 7 2
23 31
1 6 2
38 173
1 7 2
257 455
1 8 2
425 439
1 8 2
305 438
1 15 2
325 374
1 11 2
189 367
1 9 2
298 470
1 15 2
463 482
1 12 2
442 474
1 6 2
438 442
1 15 2
13 330
1 5 2
362 491
1 15 2
26 200
1 13 2
368 490
1 8 2
166 321
1 12 2
484 490
1 14 2
183 196
1 7 2
269 357
1 4 2
211 446
1 3 2
5 153
1 2 2
99 350
1 10 2
189 346
1 6 2
164 186
1 5 2
84 470
1 7 2
39 270
1 11 2
143 331
1 13 2
126 174
1 3 2
281 405
1 4 2
305 309
1 15 2
311 341
1 14 2
188 448
1 8 2
387 464
1 4 2
142 349
1 10 2
82 293
1 3 2
288 451
1 12 2
10 399
1 14 2
21 29
1 3 2
79 81
1 11 2
336 386
1 3 2
297 298
1 11 2
17 388
1 7 2
55 149
1 10 2
181 291
1 3 2
376 388
1 3 2
111 123
1 5 2
75 151
1 2 2
141 272
1 15 2
266 285
1 15 2
133 293
1 11 2
168 462
1 9 2
122 154
1 12 2
66 413
1 6 2
130 238
1 7 2
161 454
1 9 2
1 303
1 2 2
61 356
1 12 2
420 450
1 13 2
65 174
1 10 2
339 480
1 7 2
105 419
1 3 2
346 352
1 9 2
72 398
1 15 2
270 391
1 8 2
333 495
1 14 2
130 467
1 9 2
8 451
1 12 2
110 250
1 10 2
86 87
1 2 2
359 377
1 10 2
250 429
1 9 2
56 180
1 14 2
375 415
1 3 2
10 286
1 7 2
18 151
1 12 2
97 480
1 7 2
236 383
1 13 2
275 399
1 14 2
170 374
1 13 2
312 325
1 13 2
360 471
1 2 2
62 81
1 6 2
42 208
1 4 2
90 303
1 8 2
351 474
1 2 2
14 337
1 4 2
110 376
1 14 2
270 458
1 2 2
111 280
1 9 2
41 388
1 11 2
334 477
1 9 2
399 492
1 15 2
233 441
1 12 2
73 99
1 12 2
93 284
1 5 2
88 401
1 3 2
216 448
1 7 2
336 488
1 15 2
158 468
1 7 2
237 373
1 15 2
305 324
1 15 2
182 341
1 7 2
354 454
1 11 2
91 307
1 11 2
181 487
1 15 2
346 447
1 13 2
135 442
1 13 2
42 218
1 7 2
87 415
1 4 2
97 388
1 2 2
44 230
1 9 2
61 428
1 6 2
258 443
1 9 2
404 420
1 10 2
400 407
1 14 2
354 478
1 6 2
190 475
1 3 2
152 362
1 8 2
265 377
1 3 2
309 352
1 9 2
209 431
1 11 2
256 257
1 6 2
231 492
1 15 2
166 429
1 10 2
70 458
1 14 2
327 461
1 10 2
226 259
1 15 2
230 252
1 6 2
321 381
1 15 2
91 266
1 12 2
58 435
1 6 2
106 282
1 5 2
76 438
1 7 2
32 72
1 2 2
51 292
1 3 2
136 230
1 10 2
392 469
1 8 2
62 412
1 7 2
11 426
1 10 2
51 378
1 7 2
322 482
1 14 2
27 33
1 12 2
4 322
1 15 2
83 396
1 14 2
381 495
1 4 2
289 394
1 3 2
110 430
1 3 2
174 308
1 14 2
63 71
1 14 2
173 415
1 7 2
197 433
1 11 2
253 290
1 4 2
205 266
1 12 2
404 435
1 6 2
365 480
1 9 2
71 395
1 9 2
316 480
1 15 2
53 349
1 15 2
66 424
1 3 2
156 251
1 13 2
143 420
1 8 2
105 283
1 9 2
102 248
1 9 2
225 228
1 9 2
177 362
1 15 2
347 348
1 14 2
269 353
1 9 2
243 498
1 4 2
276 301
1 7 2
318 462
1 6 2
108 286
1 9 2
116 312
1 13 2
326 328
1 2 2
85 373
1 8 2
120 372
1 14 2
314 354
1 10 2
48 368
1 9 2
121 498
1 11 2
8 79
1 14 2
64 346
1 11 2
164 477
1 3 2
50 260
1 4 2
208 385
1 3 2
26 78
1 9 2
16 138
1 5 2
186 385
1 11 2
322 433
1 11 2
294 467
1 14 2
2 423
1 9 2
330 338
1 2 2
311 353
1 11 2
364 369
1 3 2
453 492
1 2 2
124 209
1 14 2
320 414
1 8 2
61 302
1 6 2
71 424
1 4 2
126 448
1 8 2
88 281
1 14 2
64 252
1 15 2
39 283
1 8 2
105 200
1 7 2
77 224
1 9 2
178 479
1 3 2
164 309
1 10 2
126 469
1 6 2
425 468
1 12 2
9 236
1 9 2
47 270
1 10 2
78 390
1 13 2
145 483
1 14 2
137 325
1 2 2
281 471
1 9 2
47 67
1 15 2
193 361
1 13 2
479 496
1 8 2
96 208
1 14 2
74 256
1 5 2
141 246
1 15 2
338 339
1 6 2
85 382
1 15 2
171 195
1 14 2
358 493
1 2 2
275 360
1 14 2
151 466
1 3 2
26 89
1 13 2
72 332
1 5 2
196 288
1 3 2
129 305
1 9 2
130 309
1 6 2
323 494
1 6 2
74 275
1 8 2
346 426
1 2 2
359 389
1 12 2
57 306
1 11 2
39 148
1 12 2
316 374
1 14 2
265 286
1 5 2
380 393
1 8 2
280 472
1 8 2
95 124
1 8 2
293 319
1 12 2
375 400
1 15 2
177 431
1 7 2
77 381
1 7 2
191 374
1 6 2
179 314
1 8 2
182 199
1 14 2
94 377
1 8 2
16 418
1 3 2
10 35
1 3 2
74 247
1 7 2
83 190
1 15 2
250 441
1 12 2
246 450
1 13 2
366 495
1 9 2
158 493
1 13 2
96 392
1 4 2
144 220
1 12 2
121 387
1 2 2
374 432
1 10 2
88 330
1 4 2
48 370
1 11 2
258 330
1 11 2
221 462
1 3 2
270 473
1 7 2
65 418
1 7 2
10 436
1 8 2
75 457
1 2 2
123 127
1 10 2
340 430
1 12 2
108 141
1 9 2
200 383
1 9 2
182 470
1 9 2
171 334
1 15 2
115 293
1 11 2
156 411
1 9 2
25 137
1 3 2
422 468
1 9 2
257 290
1 11 2
209 363
1 8 2
79 121
1 13 2
232 465
1 8 2
325 421
1 6 2
77 372
1 13 2
74 190
1 4 2
26 448
1 14 2
215 499
1 8 2
204 247
1 3 2
223 406
1 8 2
145 310
1 15 2
18 458
1 13 2
75 265
1 5 2
370 390
1 11 2
9 48
1 2 2
73 241
1 4 2
403 417
1 10 2
209 273
1 13 2
213 379
1 3 2
201 207
1 7 2
165 295
1 8 2
71 307
1 8 2
209 232
1 6 2
344 352
1 11 2
135 417
1 15 2
2 215
1 8 2
397 488
1 3 2
39 55
1 13 2
263 280
1 8 2
65 359
1 3 2
0 118
