500 3000 1500
5 23 14 10 7 7 18 22 13 5 5 10 10 6 22 12 16 6 10 20 24 8 9 20 22 14 16 12 8 8 14 12 14 8 22 24 23 14 9 11 7 19 23 11 12 22 20 19 22 15 14 6 18 8 10 10 24 17 7 10 17 25 7 5 15 20 6 21 23 14 6 8 17 22 8 15 16 10 20 11 13 24 13 9 19 14 5 14 18 24 18 7 19 16 18 19 13 6 8 23 21 7 9 11 7 21 5 20 15 25 21 10 13 22 14 15 24 21 8 17 10 18 12 6 6 16 5 18 13 21 12 11 10 9 16 25 7 16 24 6 22 14 24 13 24 7 17 6 19 6 12 12 10 18 22 25 14 11 15 9 22 9 25 19 11 25 24 25 15 13 18 19 20 9 25 15 5 6 12 23 11 18 19 8 25 14 10 21 21 6 16 8 12 9 24 19 24 12 11 6 25 25 14 13 21 22 6 23 23 22 8 9 23 19 11 18 20 10 10 18 23 12 11 24 24 10 20 22 8 19 11 10 17 20 15 17 18 25 25 22 17 7 22 10 8 24 8 14 25 21 18 18 18 22 8 5 19 21 16 9 20 10 22 12 9 11 12 14 21 19 23 11 22 22 7 6 22 24 24 24 15 15 5 11 11 9 13 22 15 9 21 20 17 5 15 7 14 22 10 11 24 10 25 11 22 7 24 5 22 11 17 10 16 13 8 15 19 25 11 10 23 19 5 15 25 19 5 14 24 10 20 13 24 20 13 13 17 19 9 16 17 5 24 5 19 25 10 18 7 9 20 14 6 5 12 24 14 25 16 24 15 6 6 19 11 15 25 15 22 11 22 7 17 25 14 7 15 25 16 18 13 12 17 11 11 8 8 10 24 22 8 6 21 8 11 8 17 17 16 17 10 13 20 14 15 5 24 25 11 15 15 15 23 22 17 17 11 11 14 13 12 24 16 24 13 22 22 7 17 15 20 19 13 17 14 17 23 24 24 5 15 15 22 25 8 13 11 21 9 20 25 13 13 10 22 11 14 19 16 24 22 13 19 22 22 6 21 19 13 10 16 9 7 21 12 13 11 10 19 10 9 9 13 11 24 11 14 22 5 8 11 23 11 12 20 13 24 22 9 25
3 18 18 11 5 17 20 17 19 19 16 19 12 20 12 9 16 13 20 17 20 7 8 16 6 13 5 14 9 15 6 19 9 13 15 18 20 3 10 14 6 9 8 20 3 18 6 19 13 17 11 8 9 9 4 20 19 9 15 16 15 8 3 18 9 18 7 9 11 7 15 10 16 12 9 10 18 9 18 18 17 19 16 14 5 14 13 8 16 17 20 10 6 12 20 6 9 6 3 17 20 8 9 3 9 11 14 17 15 7 7 10 20 20 4 19 18 3 18 16 16 10 8 10 18 11 7 15 4 13 19 8 8 17 12 12 6 6 18 16 14 4 16 16 19 11 9 19 10 5 19 6 16 19 12 4 4 19 5 10 19 16 11 5 4 10 9 13 10 5 15 11 6 4 17 11 4 5 3 14 17 11 8 6 4 20 3 7 4 3 11 19 19 6 7 7 20 16 7 15 19 15 13 6 8 9 14 11 4 4 11 20 7 4 20 19 15 16 20 8 20 20 11 6 19 10 5 7 5 18 8 14 9 17 8 8 13 12 10 7 8 18 15 12 19 20 4 13 10 3 16 5 11 8 11 16 7 6 17 11 4 10 19 5 12 14 3 11 3 7 15 14 17 16 12 4 18 16 19 19 8 5 19 20 19 20 11 3 12 18 19 15 11 20 4 4 9 4 5 6 19 11 14 18 5 18 7 10 18 8 5 19 18 11 12 9 7 14 13 10 10 8 14 13 9 9 8 16 15 17 4 7 5 3 5 9 13 6 17 14 18 7 8 4 6 14 13 3 4 3 4 4 6 15 15 10 3 19 19 10 15 9 10 10 10 15 5 17 15 20 4 20 7 17 10 9 12 11 20 5 3 10 18 16 11 17 17 7 15 16 13 14 7 12 5 6 10 4 16 3 19 5 14 12 15 16 4 12 11 20 6 13 3 16 8 14 15 13 8 6 17 9 20 4 16 20 7 13 20 5 11 8 14 20 18 19 3 12 18 11 12 6 9 16 9 15 17 20 15 7 16 19 10 5 19 10 11 6 5 8 20 12 18 4 9 17 8 11 12 20 8 17 4 9 4 5 6 12 13 5 5 13 14 4 16 4 8 5 5 20 5 17 11 4 17 3 16 15 7 10
1 5 2
231 456
1 13 2
397 460
1 19 2
194 437
1 3 2
28 471
1 5 2
362 397
1 15 2
297 425
1 4 2
230 311
1 13 2
379 454
1 8 2
114 410
1 8 2
245 361
1 12 2
277 419
1 7 2
11 399
1 10 2
180 368
1 13 2
229 257
1 7 2
103 146
1 11 2
446 450
1 18 2
116 300
1 10 2
310 399
1 8 2
49 339
1 14 2
135 280
1 9 2
204 483
1 6 2
93 152
1 7 2
210 290
1 12 2
328 376
1 3 2
405 416
1 16 2
65 138
1 5 2
18 151
1 10 2
155 217
1 8 2
144 405
1 15 2
340 496
1 15 2
262 344
1 11 2
374 436
1 17 2
248 333
1 13 2
414 436
1 11 2
272 374
1 11 2
272 445
1 16 2
73 113
1 12 2
242 458
1 8 2
114 433
1 5 2
156 383
1 19 2
406 407
1 10 2
67 96
1 12 2
65 337
1 5 2
72 149
1 14 2
236 272
1 6 2
9 253
1 13 2
357 445
1 20 2
109 144
1 10 2
151 460
1 13 2
235 413
1 12 2
92 250
1 9 2
121 451
1 7 2
117 285
1 12 2
57 188
1 11 2
474 491
1 12 2
366 492
1 20 2
35 109
1 15 2
425 463
1 13 2
90 291
1 12 2
324 474
1 18 2
166 454
1 5 2
418 480
1 11 2
117 137
1 7 2
202 365
1 10 2
318 464
1 8 2
448 466
1 11 2
112 212
1 11 2
272 451
1 15 2
181 277
1 9 2
24 417
1 17 2
144 442
1 10 2
370 474
1 6 2
5 171
1 5 2
60 255
1 18 2
373 442
1 11 2
186 201
1 17 2
155 473
1 7 2
175 461
1 12 2
56 401
1 11 2
2 188
1 16 2
68 389
1 12 2
105 414
1 13 2
423 440
1 11 2
27 160
1 15 2
90 201
1 8 2
271 473
1 7 2
169 458
1 16 2
278 291
1 15 2
229 273
1 7 2
117 136
1 17 2
36 463
1 9 2
239 263
1 10 2
360 402
1 15 2
328 397
1 7 2
11 16
1 15 2
1 127
1 13 2
168 237
1 12 2
262 376
1 5 2
149 235
1 7 2
157 251
1 18 2
160 184
1 10 2
64 229
1 12 2
156 194
1 17 2
279 449
1 13 2
175 317
1 11 2
318 345
1 12 2
179 418
1 12 2
42 315
1 11 2
195 382
1 19 2
220 317
1 13 2
94 447
1 17 2
142 330
1 13 2
272 358
1 7 2
60 401
1 19 2
24 200
1 10 2
238 453
1 10 2
55 300
1 9 2
155 305
1 12 2
160 240
1 15 2
188 449
1 8 2
203 399
1 10 2
116 400
1 16 2
105 308
1 19 2
35 238
1 5 2
301 476
1 10 2
155 387
1 10 2
321 374
1 17 2
166 273
1 15 2
251 412
1 8 2
161 392
1 8 2
258 378
1 15 2
34 233
1 16 2
324 325
1 11 2
392 422
1 12 2
64 436
1 12 2
168 442
1 18 2
89 209
1 9 2
447 476
1 12 2
112 201
1 7 2
2 85
1 10 2
224 299
1 9 2
131 249
1 16 2
237 379
1 15 2
170 328
1 8 2
214 269
1 11 2
212 474
1 14 2
236 342
1 12 2
57 402
1 10 2
209 286
1 11 2
239 313
1 14 2
170 464
1 18 2
200 436
1 16 2
23 166
1 15 2
251 437
1 9 2
114 235
1 10 2
142 283
1 17 2
92 373
1 12 2
174 192
1 16 2
14 262
1 11 2
100 168
1 14 2
72 99
1 13 2
121 140
1 10 2
14 493
1 4 2
133 479
1 17 2
68 187
1 8 2
182 230
1 9 2
313 333
1 8 2
337 408
1 15 2
226 370
1 6 2
387 398
1 5 2
60 275
1 10 2
237 259
1 11 2
155 214
1 12 2
81 266
1 12 2
20 112
1 4 2
271 489
1 6 2
41 71
1 10 2
267 449
1 13 2
137 223
1 5 2
269 275
1 11 2
388 495
1 8 2
301 454
1 16 2
89 344
1 14 2
291 426
1 8 2
27 127
1 16 2
110 142
1 15 2
23 304
1 6 2
136 431
1 20 2
174 248
1 17 2
155 494
1 14 2
158 332
1 9 2
264 484
1 12 2
409 460
1 14 2
355 397
1 11 2
141 209
1 9 2
220 480
1 9 2
408 487
1 12 2
316 428
1 17 2
257 407
1 16 2
262 442
1 17 2
89 110
1 9 2
53 342
1 6 2
186 339
1 9 2
387 389
1 7 2
47 477
1 8 2
256 265
1 10 2
92 374
1 12 2
78 93
1 13 2
213 291
1 9 2
3 194
1 13 2
342 404
1 12 2
251 290
1 8 2
5 99
1 13 2
46 256
1 19 2
279 484
1 15 2
325 406
1 9 2
36 120
1 9 2
24 79
1 14 2
277 397
1 11 2
222 499
1 17 2
205 277
1 17 2
350 450
1 10 2
181 440
1 19 2
42 437
1 13 2
310 497
1 13 2
30 167
1 9 2
115 125
1 17 2
140 270
1 12 2
162 381
1 14 2
302 470
1 10 2
2 23
1 15 2
201 310
1 9 2
35 498
1 11 2
12 238
1 13 2
247 459
1 6 2
236 314
1 9 2
198 413
1 13 2
88 257
1 8 2
134 470
1 15 2
113 129
1 9 2
178 447
1 17 2
290 324
1 14 2
47 463
1 15 2
146 328
1 17 2
14 45
1 6 2
229 341
1 14 2
73 90
1 11 2
304 335
1 19 2
223 248
1 8 2
47 483
1 16 2
117 308
1 14 2
370 462
1 7 2
39 190
1 11 2
263 423
1 16 2
181 184
1 12 2
410 442
1 6 2
55 137
1 6 2
298 486
1 18 2
436 437
1 10 2
132 366
1 3 2
0 82
1 17 2
14 99
1 9 2
36 83
1 7 2
232 271
1 11 2
263 277
1 8 2
74 287
1 7 2
132 428
1 13 2
41 249
1 7 2
80 281
1 15 2
24 148
1 17 2
81 140
1 9 2
256 296
1 6 2
53 462
1 18 2
205 278
1 9 2
202 269
1 12 2
88 182
1 9 2
367 382
1 6 2
178 445
1 18 2
19 450
1 11 2
267 389
1 10 2
157 279
1 11 2
47 415
1 8 2
267 365
1 9 2
32 171
1 10 2
79 412
1 4 2
131 416
1 11 2
181 256
1 5 2
280 362
1 10 2
222 423
1 4 2
338 492
1 12 2
235 273
1 9 2
108 235
1 16 2
170 238
1 9 2
2 414
1 8 2
396 432
1 16 2
302 325
1 11 2
394 459
1 4 2
9 76
1 10 2
84 404
1 7 2
206 473
1 14 2
248 382
1 18 2
184 207
1 8 2
272 390
1 17 2
239 359
1 8 2
22 425
1 7 2
203 280
1 14 2
236 389
1 7 2
237 343
1 14 2
435 450
1 14 2
184 258
1 8 2
47 164
1 20 2
35 373
1 12 2
56 411
1 9 2
383 460
1 14 2
168 345
1 7 2
312 452
1 14 2
290 462
1 16 2
436 466
1 16 2
342 402
1 16 2
248 344
1 11 2
182 258
1 9 2
98 245
1 14 2
238 398
1 13 2
144 456
1 13 2
185 359
1 12 2
93 216
1 8 2
291 386
1 9 2
418 467
1 7 2
32 281
1 5 2
132 313
1 6 2
286 364
1 10 2
250 399
1 13 2
168 238
1 16 2
73 425
1 14 2
72 370
1 8 2
95 490
1 6 2
16 498
1 10 2
155 159
1 13 2
258 273
1 11 2
258 457
1 19 2
184 308
1 8 2
134 358
1 6 2
72 298
1 6 2
266 474
1 11 2
41 292
1 11 2
109 329
1 9 2
321 495
1 20 2
61 238
1 5 2
222 380
1 9 2
196 371
1 15 2
250 436
1 13 2
100 478
1 5 2
292 371
1 16 2
138 467
1 12 2
121 229
1 7 2
115 401
1 9 2
50 232
1 12 2
249 470
1 12 2
287 292
1 14 2
163 370
1 8 2
269 495
1 18 2
73 421
1 13 2
195 297
1 18 2
140 162
1 7 2
2 440
1 13 2
252 350
1 9 2
132 140
1 11 2
114 368
1 11 2
83 200
1 13 2
127 154
1 19 2
109 220
1 9 2
95 419
1 12 2
75 438
1 19 2
317 459
1 8 2
247 312
1 9 2
61 147
1 8 2
134 376
1 13 2
20 410
1 19 2
166 491
1 16 2
7 227
1 12 2
156 209
1 3 2
13 193
1 19 2
377 438
1 16 2
7 187
1 19 2
142 423
1 4 2
305 313
1 15 2
78 487
1 4 2
103 157
1 11 2
121 379
1 12 2
344 372
1 13 2
269 316
1 7 2
62 447
1 16 2
7 73
1 10 2
24 492
1 8 2
34 53
1 11 2
311 423
1 6 2
151 482
1 9 2
408 466
1 11 2
184 319
1 10 2
242 301
1 5 2
260 307
1 12 2
360 425
1 12 2
437 468
1 12 2
209 409
1 19 2
300 377
1 14 2
60 272
1 5 2
420 492
1 18 2
166 487
1 9 2
47 296
1 12 2
125 257
1 9 2
20 472
1 20 2
317 345
1 11 2
107 108
1 17 2
73 436
1 17 2
67 248
1 14 2
237 315
1 11 2
214 300
1 6 2
76 299
1 6 2
79 258
1 5 2
283 474
1 18 2
99 320
1 12 2
92 146
1 2 2
101 126
1 13 2
135 456
1 18 2
237 249
1 12 2
140 360
1 10 2
185 260
1 19 2
45 443
1 18 2
36 426
1 18 2
154 345
1 12 2
458 463
1 9 2
95 420
1 11 2
72 121
1 19 2
140 165
1 9 2
163 419
1 13 2
171 216
1 12 2
215 260
1 9 2
287 417
1 9 2
115 433
1 16 2
34 179
1 10 2
446 484
1 9 2
188 364
1 17 2
212 276
1 10 2
271 437
1 14 2
45 431
1 5 2
91 398
1 18 2
277 496
1 10 2
241 377
1 9 2
84 296
1 3 2
28 217
1 10 2
299 308
1 15 2
41 438
1 12 2
290 458
1 13 2
358 459
1 11 2
130 332
1 15 2
213 253
1 18 2
67 201
1 9 2
125 280
1 10 2
459 481
1 9 2
334 467
1 8 2
362 484
1 7 2
102 256
1 14 2
212 292
1 11 2
459 479
1 11 2
73 456
1 7 2
62 268
1 9 2
233 303
1 18 2
140 496
1 13 2
60 276
1 14 2
165 294
1 7 2
118 233
1 14 2
358 423
1 7 2
260 489
1 11 2
160 374
1 6 2
175 301
1 4 2
77 193
1 18 2
109 389
1 16 2
78 359
1 9 2
29 306
1 9 2
12 436
1 10 2
278 483
1 10 2
211 317
1 13 2
247 484
1 8 2
158 365
1 13 2
140 396
1 15 2
52 277
1 4 2
71 85
1 6 2
71 256
1 14 2
163 308
1 7 2
99 282
1 20 2
355 423
1 7 2
38 84
1 20 2
342 373
1 5 2
85 191
1 10 2
60 240
1 14 2
268 402
1 10 2
92 141
1 11 2
116 283
1 12 2
270 281
1 18 2
272 377
1 6 2
451 468
1 18 2
262 328
1 16 2
226 270
1 6 2
51 260
1 9 2
170 410
1 10 2
208 284
1 4 2
16 106
1 7 2
60 151
1 16 2
227 389
1 10 2
44 413
1 19 2
196 277
1 3 2
210 254
1 13 2
330 379
1 9 2
39 413
1 16 2
302 333
1 9 2
133 205
1 8 2
183 270
1 9 2
50 163
1 8 2
64 281
1 8 2
80 433
1 10 2
71 317
1 5 2
151 492
1 4 2
169 191
1 6 2
47 199
1 17 2
35 442
1 6 2
157 411
1 11 2
325 339
1 16 2
478 496
1 12 2
258 297
1 12 2
276 336
1 20 2
377 499
1 8 2
12 204
1 14 2
324 360
1 11 2
34 294
1 15 2
344 496
1 8 2
264 370
1 6 2
376 477
1 17 2
242 320
1 16 2
100 276
1 15 2
35 449
1 2 2
176 348
1 10 2
27 204
1 20 2
237 279
1 12 2
96 144
1 8 2
134 367
1 7 2
72 394
1 13 2
320 422
1 13 2
23 226
1 7 2
364 396
1 5 2
8 132
1 18 2
207 388
1 9 2
67 218
1 11 2
213 347
1 8 2
48 264
1 12 2
30 81
1 9 2
336 422
1 6 2
26 173
1 7 2
58 207
1 15 2
60 184
1 5 2
365 386
1 7 2
71 187
1 15 2
117 487
1 12 2
93 272
1 14 2
36 372
1 11 2
32 320
1 10 2
245 309
1 7 2
325 385
1 9 2
133 262
1 13 2
109 280
1 14 2
92 276
1 7 2
433 493
1 15 2
379 484
1 9 2
65 319
1 9 2
185 372
1 7 2
112 429
1 3 2
180 375
1 15 2
320 344
1 13 2
308 398
1 14 2
90 287
1 5 2
391 410
1 6 2
305 402
1 16 2
368 412
1 17 2
366 466
1 13 2
96 443
1 15 2
1 163
1 5 2
159 351
1 9 2
239 416
1 13 2
116 376
1 17 2
332 368
1 17 2
46 357
1 11 2
203 270
1 7 2
181 289
1 12 2
192 407
1 20 2
245 388
1 16 2
24 36
1 8 2
80 252
1 12 2
350 478
1 6 2
125 498
1 14 2
76 155
1 9 2
175 219
1 13 2
300 315
1 2 2
13 91
1 3 2
106 476
1 9 2
113 222
1 10 2
236 410
1 14 2
317 410
1 13 2
478 494
1 17 2
207 273
1 13 2
167 323
1 9 2
151 466
1 18 2
194 370
1 10 2
285 377
1 11 2
30 239
1 10 2
95 404
1 12 2
169 388
1 15 2
48 268
1 14 2
184 428
1 14 2
290 330
1 5 2
130 384
1 5 2
230 309
1 12 2
203 317
1 10 2
14 150
1 6 2
247 354
1 16 2
463 464
1 20 2
35 438
1 12 2
16 36
1 7 2
25 87
1 18 2
160 277
1 19 2
328 355
1 20 2
61 237
1 8 2
427 438
1 4 2
43 479
1 9 2
226 403
1 12 2
34 374
1 8 2
410 429
1 4 2
25 28
1 19 2
24 201
1 11 2
72 347
1 18 2
249 366
1 11 2
100 156
1 7 2
44 382
1 18 2
407 466
1 7 2
127 400
1 8 2
39 163
1 7 2
16 284
1 7 2
60 289
1 15 2
46 179
1 18 2
89 140
1 16 2
220 466
1 12 2
92 467
1 16 2
487 497
1 11 2
103 196
1 7 2
331 374
1 7 2
4 268
1 4 2
186 381
1 17 2
14 463
1 9 2
103 110
1 16 2
61 219
1 10 2
260 331
1 11 2
331 464
1 11 2
215 467
1 6 2
216 439
1 11 2
166 416
1 16 2
389 447
1 6 2
33 170
1 13 2
113 428
1 13 2
185 342
1 10 2
20 383
1 15 2
129 442
1 13 2
167 482
1 5 2
44 197
1 12 2
170 269
1 4 2
259 289
1 8 2
23 453
1 11 2
416 496
1 12 2
148 250
1 4 2
470 488
1 8 2
379 475
1 4 2
50 66
1 17 2
257 278
1 5 2
240 361
1 10 2
198 248
1 12 2
82 155
1 7 2
344 481
1 16 2
233 279
1 7 2
229 498
1 7 2
95 289
1 11 2
297 376
1 10 2
121 251
1 15 2
407 415
1 16 2
201 344
1 5 2
119 177
1 14 2
377 397
1 12 2
80 194
1 10 2
130 460
1 14 2
200 339
1 7 2
48 177
1 16 2
268 297
1 3 2
390 444
1 6 2
15 315
1 3 2
5 243
1 3 2
59 375
1 11 2
57 333
1 10 2
179 461
1 20 2
200 324
1 19 2
196 220
1 12 2
250 392
1 7 2
23 28
1 6 2
323 446
1 10 2
138 469
1 7 2
57 408
1 13 2
158 194
1 11 2
196 329
1 18 2
370 388
1 15 2
184 379
1 9 2
303 304
1 13 2
140 399
1 20 2
317 443
1 8 2
125 267
1 12 2
163 344
1 14 2
312 359
1 8 2
7 210
1 14 2
60 450
1 12 2
156 412
1 17 2
166 257
1 12 2
146 209
1 8 2
111 494
1 15 2
188 308
1 11 2
75 413
1 15 2
78 370
1 12 2
276 327
1 10 2
205 265
1 9 2
256 263
1 11 2
121 321
1 10 2
224 298
1 5 2
218 419
1 6 2
120 470
1 15 2
109 250
1 12 2
107 339
1 19 2
174 342
1 17 2
45 279
1 9 2
181 470
1 6 2
21 26
1 9 2
23 475
1 19 2
345 388
1 6 2
59 168
1 11 2
35 401
1 14 2
88 412
1 19 2
276 302
1 12 2
163 181
1 8 2
394 457
1 9 2
23 424
1 12 2
93 497
1 7 2
125 214
1 11 2
112 179
1 20 2
438 450
1 17 2
41 61
1 12 2
60 325
1 16 2
166 236
1 9 2
89 348
1 8 2
117 480
1 4 2
210 214
1 12 2
45 294
1 11 2
270 419
1 12 2
324 416
1 10 2
100 247
1 18 2
174 426
1 11 2
416 459
1 9 2
5 56
1 10 2
342 481
1 9 2
157 497
1 11 2
69 304
1 13 2
213 233
1 14 2
110 344
1 20 2
201 207
1 6 2
234 265
1 12 2
93 473
1 8 2
16 365
1 9 2
77 304
1 14 2
76 407
1 8 2
214 494
1 11 2
76 363
1 16 2
46 89
1 9 2
227 408
1 10 2
119 379
1 7 2
124 497
1 12 2
36 267
1 16 2
245 431
1 16 2
67 359
1 7 2
4 41
1 9 2
37 399
1 12 2
181 219
1 8 2
420 428
1 15 2
242 337
1 20 2
167 491
1 16 2
121 450
1 11 2
382 478
1 15 2
94 406
1 14 2
204 466
1 17 2
105 388
1 12 2
171 232
1 5 2
94 307
1 10 2
117 495
1 9 2
356 462
1 6 2
88 480
1 4 2
231 483
1 6 2
219 371
1 18 2
257 345
1 12 2
308 414
1 5 2
15 416
1 11 2
178 328
1 11 2
342 445
1 12 2
213 251
1 11 2
374 426
1 11 2
417 499
1 15 2
47 138
1 7 2
226 241
1 18 2
160 421
1 5 2
424 471
1 8 2
41 311
1 12 2
27 167
1 9 2
283 430
1 8 2
175 440
1 11 2
93 195
1 4 2
286 395
1 13 2
237 456
1 15 2
201 235
1 19 2
56 201
1 11 2
107 137
1 9 2
96 430
1 12 2
146 460
1 10 2
248 446
1 9 2
334 478
1 5 2
3 327
1 11 2
144 221
1 6 2
150 334
1 17 2
78 81
1 12 2
273 378
1 17 2
209 484
1 6 2
127 189
1 17 2
245 449
1 6 2
49 178
1 9 2
183 438
1 17 2
248 260
1 13 2
273 398
1 16 2
121 165
1 9 2
65 263
1 5 2
271 387
1 8 2
370 444
1 16 2
181 201
1 10 2
24 266
1 14 2
94 187
1 11 2
220 247
1 7 2
72 453
1 19 2
373 459
1 9 2
172 434
1 16 2
237 269
1 9 2
60 435
1 15 2
19 359
1 17 2
245 389
1 4 2
152 369
1 8 2
399 419
1 3 2
66 480
1 4 2
203 241
1 7 2
26 112
1 13 2
251 253
1 8 2
369 402
1 7 2
378 420
1 11 2
355 469
1 14 2
179 399
1 7 2
163 311
1 11 2
45 456
1 19 2
138 499
1 12 2
25 328
1 11 2
117 141
1 4 2
33 456
1 18 2
7 20
1 15 2
213 320
1 5 2
255 396
1 4 2
309 395
1 12 2
242 470
1 8 2
390 460
1 7 2
117 371
1 9 2
2 310
1 8 2
125 381
1 19 2
194 237
1 17 2
171 499
1 9 2
250 456
1 10 2
35 453
1 16 2
95 194
1 4 2
18 476
1 14 2
268 337
1 6 2
284 410
1 8 2
286 372
1 7 2
140 405
1 16 2
278 330
1 17 2
220 412
1 14 2
14 41
1 4 2
305 419
1 4 2
44 136
1 15 2
273 457
1 10 2
94 336
1 8 2
92 298
1 14 2
134 167
1 11 2
406 424
1 10 2
26 52
1 12 2
19 414
1 12 2
68 76
1 6 2
267 346
1 3 2
217 241
1 16 2
239 425
1 7 2
316 481
1 12 2
49 304
1 13 2
93 166
1 14 2
389 467
1 20 2
167 443
1 17 2
45 68
1 6 2
16 38
1 15 2
196 414
1 13 2
155 258
1 9 2
318 491
1 17 2
184 216
1 13 2
232 304
1 9 2
146 360
1 12 2
232 268
1 10 2
107 315
1 6 2
214 247
1 11 2
342 369
1 12 2
100 433
1 13 2
167 432
1 5 2
103 203
1 3 2
282 420
1 3 2
21 246
1 10 2
146 336
1 11 2
24 409
1 15 2
181 437
1 18 2
140 407
1 12 2
57 242
1 10 2
111 407
1 11 2
6 213
1 9 2
170 381
1 11 2
215 372
1 12 2
137 227
1 10 2
323 478
1 12 2
272 292
1 15 2
148 308
1 3 2
307 401
1 12 2
286 366
1 8 2
197 478
1 8 2
170 230
1 17 2
290 421
1 2 2
101 295
1 11 2
184 477
1 10 2
135 217
1 12 2
166 495
1 6 2
198 461
1 5 2
5 76
1 11 2
110 294
1 19 2
277 412
1 3 2
63 446
1 8 2
50 280
1 11 2
46 382
1 10 2
122 144
1 9 2
143 467
1 10 2
335 449
1 14 2
321 389
1 14 2
88 388
1 4 2
102 130
1 15 2
332 379
1 11 2
178 223
1 12 2
163 252
1 12 2
358 473
1 10 2
296 402
1 8 2
70 116
1 8 2
214 256
1 15 2
235 237
1 11 2
164 421
1 8 2
97 317
1 6 2
215 274
1 3 2
43 206
1 8 2
53 304
1 20 2
345 366
1 17 2
201 290
1 9 2
283 478
1 4 2
164 211
1 13 2
300 340
1 15 2
431 443
1 7 2
232 394
1 17 2
359 487
1 13 2
20 175
1 8 2
173 426
1 4 2
101 474
1 16 2
45 140
1 17 2
220 368
1 13 2
92 392
1 15 2
188 205
1 10 2
213 418
1 17 2
67 407
1 18 2
272 499
1 6 2
258 480
1 13 2
84 447
1 6 2
229 274
1 5 2
254 280
1 7 2
329 415
1 6 2
411 492
1 10 2
245 259
1 13 2
279 294
1 12 2
80 237
1 14 2
121 426
1 10 2
186 437
1 7 2
269 338
1 11 2
267 333
1 10 2
190 256
1 19 2
165 270
1 10 2
108 269
1 11 2
178 248
1 13 2
129 229
1 11 2
7 69
1 9 2
175 458
1 20 2
167 245
1 15 2
388 457
1 9 2
236 294
1 6 2
70 330
1 7 2
49 221
1 20 2
200 345
1 11 2
239 452
1 14 2
125 144
1 14 2
316 454
1 6 2
62 363
1 10 2
333 461
1 11 2
27 162
1 9 2
380 478
1 11 2
1 25
1 16 2
166 226
1 12 2
128 443
1 10 2
103 116
1 8 2
294 411
1 10 2
33 302
1 15 2
262 330
1 7 2
138 326
1 10 2
53 201
1 8 2
65 225
1 14 2
89 93
1 12 2
130 174
1 8 2
467 485
1 11 2
344 399
1 8 2
35 63
1 10 2
36 266
1 14 2
16 237
1 8 2
6 331
1 8 2
11 73
1 10 2
56 77
1 9 2
191 245
1 6 2
37 369
1 13 2
142 234
1 13 2
158 184
1 16 2
163 437
1 7 2
8 418
1 17 2
154 273
1 4 2
102 128
1 19 2
165 308
1 16 2
35 110
1 5 2
118 281
1 10 2
336 347
1 14 2
129 431
1 18 2
89 116
1 11 2
328 461
1 13 2
216 363
1 5 2
266 303
1 17 2
248 368
1 14 2
89 137
1 17 2
56 226
1 8 2
296 376
1 20 2
179 373
1 3 2
10 103
1 18 2
48 359
1 7 2
79 215
1 16 2
195 357
1 13 2
281 302
1 5 2
314 475
1 11 2
141 227
1 17 2
179 466
1 7 2
410 411
1 19 2
138 320
1 10 2
166 498
1 9 2
228 487
1 8 2
83 188
1 11 2
249 376
1 20 2
42 373
1 14 2
78 256
1 14 2
184 382
1 14 2
167 240
1 9 2
415 470
1 12 2
142 203
1 17 2
279 413
1 14 2
315 484
1 10 2
231 438
1 9 2
113 471
1 13 2
154 251
1 14 2
6 207
1 3 2
293 474
1 16 2
402 484
1 9 2
54 413
1 10 2
135 311
1 7 2
214 396
1 6 2
218 458
1 16 2
41 223
1 17 2
359 413
1 13 2
52 113
1 12 2
166 404
1 11 2
42 424
1 16 2
36 204
1 15 2
148 277
1 17 2
257 423
1 8 2
299 402
1 10 2
219 410
1 13 2
140 316
1 9 2
122 363
1 18 2
200 249
1 10 2
133 174
1 9 2
198 368
1 18 2
140 377
1 5 2
66 457
1 12 2
325 402
1 4 2
305 490
1 9 2
20 393
1 8 2
134 441
1 7 2
431 481
1 18 2
447 450
1 7 2
218 316
1 11 2
232 316
1 14 2
237 310
1 13 2
278 418
1 9 2
74 366
1 6 2
163 241
1 13 2
125 487
1 16 2
23 138
1 9 2
23 263
1 8 2
291 492
1 9 2
46 369
1 14 2
95 262
1 9 2
178 226
1 12 2
203 423
1 5 2
173 327
1 18 2
277 300
1 17 2
188 306
1 11 2
151 357
1 15 2
287 462
1 7 2
62 425
1 8 2
397 419
1 13 2
323 423
1 12 2
134 257
1 18 2
201 276
1 16 2
220 287
1 7 2
304 341
1 18 2
368 499
1 13 2
95 457
1 10 2
85 188
1 19 2
253 324
1 17 2
277 368
1 18 2
138 442
1 18 2
260 357
1 10 2
166 225
1 8 2
101 194
1 16 2
187 355
1 8 2
365 441
1 9 2
399 404
1 7 2
203 403
1 9 2
77 300
1 9 2
76 360
1 12 2
203 207
1 15 2
333 421
1 17 2
388 442
1 13 2
16 166
1 5 2
111 286
1 15 2
257 426
1 16 2
20 46
1 16 2
105 304
1 6 2
112 128
1 13 2
355 398
1 12 2
172 458
1 4 2
79 469
1 11 2
130 144
1 16 2
333 359
1 7 2
236 354
1 19 2
443 460
1 4 2
258 439
1 18 2
245 425
1 6 2
358 387
1 17 2
19 317
1 12 2
68 374
1 8 2
367 410
1 8 2
192 428
1 14 2
200 281
1 15 2
99 268
1 10 2
118 406
1 11 2
179 420
1 10 2
59 165
1 10 2
24 169
1 18 2
300 355
1 20 2
81 317
1 12 2
110 125
1 8 2
145 389
1 12 2
224 475
1 15 2
406 462
1 15 2
56 95
1 7 2
313 356
1 11 2
165 186
1 5 2
185 231
1 14 2
235 499
1 10 2
137 310
1 12 2
47 321
1 10 2
120 277
1 6 2
51 172
1 14 2
52 464
1 4 2
128 444
1 9 2
146 280
1 10 2
153 175
1 8 2
190 296
1 14 2
190 306
1 12 2
216 347
1 18 2
279 497
1 20 2
357 443
1 5 2
214 364
1 9 2
225 272
1 9 2
25 363
1 16 2
237 336
1 16 2
67 220
1 10 2
153 404
1 9 2
67 180
1 10 2
175 256
1 15 2
113 268
1 9 2
85 250
1 5 2
74 158
1 17 2
248 460
1 9 2
11 220
1 7 2
202 409
1 14 2
276 330
1 12 2
178 184
1 9 2
43 413
1 18 2
165 447
1 8 2
409 435
1 10 2
116 152
1 15 2
257 287
1 13 2
129 347
1 10 2
57 137
1 9 2
3 454
1 15 2
19 370
1 9 2
124 155
1 9 2
152 287
1 10 2
47 378
1 13 2
67 171
1 8 2
86 165
1 10 2
93 382
1 17 2
155 291
1 16 2
100 487
1 13 2
229 291
1 14 2
160 163
1 19 2
370 377
1 6 2
147 229
1 12 2
56 85
1 8 2
84 186
1 5 2
222 331
1 9 2
41 169
1 7 2
131 440
1 15 2
88 406
1 11 2
156 320
1 8 2
267 367
1 19 2
223 277
1 7 2
1 189
1 12 2
332 419
1 10 2
272 408
1 17 2
78 373
1 11 2
73 351
1 10 2
23 351
1 4 2
85 149
1 10 2
1 54
1 10 2
317 319
1 16 2
117 154
1 9 2
312 409
1 11 2
160 474
1 13 2
148 226
1 5 2
86 414
1 2 2
395 488
1 14 2
224 340
1 7 2
76 112
1 13 2
64 277
1 14 2
332 428
1 9 2
109 465
1 15 2
148 242
1 16 2
42 140
1 11 2
268 422
1 13 2
81 378
1 17 2
201 209
1 19 2
328 359
1 11 2
316 441
1 9 2
373 386
1 12 2
119 290
1 14 2
373 435
1 6 2
378 387
1 11 2
359 369
1 7 2
1 106
1 12 2
336 350
1 18 2
194 242
1 6 2
214 456
1 13 2
32 135
1 7 2
96 128
1 12 2
8 300
1 11 2
225 237
1 5 2
371 440
1 18 2
45 248
1 12 2
257 258
1 9 2
59 460
1 16 2
84 306
1 10 2
226 323
1 17 2
227 355
1 8 2
213 266
1 13 2
245 258
1 16 2
345 478
1 15 2
208 321
1 14 2
89 358
1 10 2
65 281
1 11 2
27 287
1 17 2
179 270
1 11 2
20 303
1 10 2
262 394
1 3 2
40 383
1 15 2
226 253
1 4 2
70 327
1 5 2
143 469
1 10 2
71 450
1 11 2
110 356
1 12 2
440 459
1 9 2
431 461
1 8 2
6 474
1 8 2
202 435
1 7 2
164 340
1 4 2
288 465
1 11 2
203 370
1 12 2
277 451
1 16 2
73 447
1 8 2
435 461
1 16 2
81 494
1 5 2
96 198
1 7 2
186 372
1 15 2
110 350
1 9 2
32 60
1 7 2
319 379
1 10 2
421 455
1 14 2
224 414
1 15 2
105 154
1 18 2
42 270
1 14 2
105 216
1 10 2
366 489
1 15 2
56 92
1 2 2
254 405
1 6 2
31 37
1 12 2
350 431
1 15 2
148 223
1 6 2
30 493
1 8 2
201 439
1 11 2
190 337
1 13 2
7 232
1 11 2
321 422
1 7 2
264 457
1 19 2
245 279
1 4 2
489 490
1 8 2
73 395
1 16 2
73 188
1 7 2
336 483
1 10 2
301 496
1 12 2
146 370
1 14 2
20 470
1 19 2
196 279
1 19 2
89 201
1 8 2
15 127
1 18 2
1 368
1 9 2
26 365
1 10 2
265 273
1 13 2
258 459
1 15 2
90 499
1 20 2
196 357
1 11 2
14 178
1 11 2
166 222
1 4 2
225 453
1 14 2
100 363
1 11 2
350 378
1 11 2
399 478
1 12 2
81 424
1 8 2
239 314
1 13 2
200 267
1 13 2
110 148
1 6 2
122 315
1 16 2
238 325
1 13 2
99 376
1 10 2
89 453
1 17 2
46 407
1 3 2
271 314
1 4 2
4 185
1 6 2
192 280
1 17 2
249 355
1 14 2
251 304
1 9 2
39 253
1 6 2
191 219
1 10 2
144 383
1 19 2
324 454
1 10 2
102 484
1 9 2
57 470
1 15 2
223 269
1 20 2
155 162
1 7 2
171 448
1 12 2
137 220
1 4 2
82 295
1 14 2
179 431
1 17 2
110 248
1 14 2
24 181
1 20 2
201 332
1 9 2
72 115
1 10 2
226 434
1 11 2
265 359
1 8 2
337 492
1 14 2
137 423
1 10 2
143 325
1 6 2
83 219
1 12 2
248 456
1 12 2
169 437
1 12 2
257 441
1 7 2
107 498
1 10 2
110 156
1 9 2
171 482
1 2 2
66 211
1 12 2
170 216
1 5 2
247 477
1 14 2
7 462
1 9 2
264 290
1 6 2
38 137
1 8 2
76 185
1 5 2
69 311
1 10 2
148 168
1 9 2
61 371
1 6 2
77 288
1 10 2
205 474
1 14 2
226 454
1 11 2
19 119
1 15 2
65 389
1 12 2
428 449
1 17 2
174 392
1 16 2
188 406
1 11 2
299 320
1 4 2
82 362
1 16 2
279 430
1 9 2
237 314
1 7 2
123 320
1 9 2
264 436
1 7 2
82 203
1 8 2
108 365
1 4 2
31 289
1 18 2
20 273
1 8 2
214 431
1 12 2
37 184
1 13 2
249 256
1 14 2
153 224
1 15 2
171 332
1 12 2
291 396
1 18 2
160 377
1 16 2
47 484
1 9 2
28 35
1 13 2
67 379
1 16 2
208 253
1 8 2
1 361
1 9 2
14 231
1 18 2
155 466
1 15 2
162 312
1 19 2
332 406
1 9 2
279 390
1 7 2
107 314
1 15 2
219 377
1 17 2
84 155
1 4 2
91 451
1 15 2
148 304
1 15 2
90 359
1 6 2
131 422
1 14 2
125 332
1 9 2
172 485
1 3 2
390 408
1 9 2
235 360
1 19 2
196 355
1 12 2
112 359
1 15 2
148 194
1 17 2
129 491
1 13 2
26 160
1 12 2
174 263
1 9 2
67 230
1 8 2
236 364
1 17 2
166 287
1 3 2
393 469
1 3 2
293 432
1 14 2
129 344
1 15 2
304 449
1 9 2
325 403
1 6 2
32 483
1 8 2
71 105
1 7 2
239 371
1 14 2
179 415
1 9 2
179 285
1 6 2
303 367
1 5 2
102 468
1 17 2
205 460
1 9 2
95 150
1 9 2
289 389
1 13 2
85 300
1 8 2
58 412
1 20 2
166 443
1 20 2
278 499
1 17 2
166 270
1 14 2
195 442
1 16 2
182 196
1 12 2
73 367
1 10 2
200 386
1 12 2
99 168
1 4 2
83 492
1 13 2
167 281
1 5 2
49 498
1 8 2
22 368
1 6 2
254 396
1 12 2
72 107
1 3 2
62 471
1 11 2
175 276
1 17 2
35 460
1 9 2
78 424
1 9 2
21 36
1 10 2
129 143
1 16 2
7 392
1 8 2
180 316
1 8 2
151 457
1 13 2
46 494
1 8 2
213 318
1 9 2
250 334
1 16 2
1 268
1 3 2
102 349
1 15 2
174 232
1 7 2
216 427
1 9 2
334 344
1 12 2
68 158
1 5 2
458 481
1 6 2
28 250
1 13 2
219 242
1 11 2
301 324
1 15 2
251 496
1 9 2
231 276
1 12 2
182 321
1 10 2
88 323
1 13 2
160 219
1 9 2
64 219
1 11 2
52 428
1 14 2
449 466
1 16 2
73 304
1 7 2
37 313
1 11 2
303 359
1 4 2
254 485
1 7 2
43 397
1 12 2
166 266
1 12 2
115 389
1 8 2
153 169
1 8 2
146 197
1 9 2
489 491
1 12 2
185 201
1 9 2
254 437
1 7 2
93 419
1 13 2
140 148
1 10 2
142 338
1 15 2
454 463
1 8 2
110 159
1 10 2
140 394
1 17 2
220 370
1 4 2
211 214
1 13 2
308 458
1 20 2
248 317
1 11 2
107 378
1 9 2
191 388
1 19 2
184 328
1 7 2
326 454
1 5 2
10 60
1 13 2
117 379
1 10 2
11 223
1 12 2
37 302
1 12 2
240 457
1 8 2
131 462
1 15 2
20 52
1 5 2
251 352
1 17 2
242 324
1 12 2
92 316
1 8 2
92 221
1 9 2
41 309
1 10 2
11 306
1 11 2
61 243
1 8 2
36 210
1 13 2
41 110
1 13 2
310 454
1 3 2
314 448
1 18 2
68 81
1 13 2
116 470
1 9 2
41 354
1 8 2
124 499
1 15 2
487 494
1 9 2
36 298
1 13 2
114 499
1 20 2
345 484
1 11 2
273 456
1 7 2
8 486
1 7 2
64 354
1 3 2
101 211
1 11 2
310 431
1 13 2
87 443
1 12 2
175 205
1 10 2
333 418
1 6 2
261 281
1 13 2
367 450
1 12 2
24 382
1 8 2
110 254
1 10 2
245 498
1 17 2
78 144
1 10 2
228 328
1 16 2
251 328
1 15 2
113 140
1 8 2
360 456
1 17 2
226 438
1 16 2
162 325
1 11 2
357 476
1 10 2
171 434
1 12 2
238 284
1 11 2
15 237
1 17 2
297 370
1 12 2
331 342
1 14 2
239 347
1 4 2
126 339
1 6 2
112 286
1 7 2
42 353
1 14 2
297 337
1 10 2
447 452
1 8 2
457 493
1 6 2
18 415
1 11 2
20 313
1 4 2
479 483
1 11 2
45 96
1 6 2
32 151
1 13 2
330 431
1 7 2
178 281
1 6 2
254 310
1 10 2
155 285
1 18 2
304 388
1 13 2
200 404
1 8 2
220 295
1 9 2
154 173
1 16 2
68 249
1 7 2
37 411
1 4 2
186 471
1 13 2
25 167
1 12 2
130 184
1 9 2
229 418
1 20 2
61 332
1 10 2
346 450
1 8 2
122 325
1 5 2
255 269
1 15 2
110 227
1 8 2
142 371
1 14 2
93 116
1 12 2
46 121
1 9 2
27 478
1 18 2
20 464
1 6 2
136 344
1 3 2
343 498
1 9 2
65 461
1 18 2
270 317
1 8 2
190 327
1 7 2
189 245
1 15 2
89 340
1 18 2
154 224
1 12 2
470 473
1 4 2
115 255
1 10 2
114 350
1 11 2
209 334
1 18 2
140 406
1 15 2
216 412
1 11 2
7 327
1 14 2
402 466
1 10 2
101 324
1 6 2
203 380
1 10 2
384 497
1 11 2
302 477
1 3 2
145 479
1 11 2
220 263
1 9 2
140 301
1 17 2
144 273
1 18 2
99 328
1 7 2
12 171
1 16 2
370 389
1 16 2
107 300
1 11 2
61 178
1 13 2
235 459
1 9 2
77 107
1 6 2
54 87
1 14 2
213 466
1 8 2
36 361
1 8 2
81 106
1 10 2
131 224
1 8 2
155 176
1 8 2
90 296
1 15 2
24 413
1 2 2
101 210
1 16 2
155 233
1 18 2
48 201
1 17 2
7 116
1 13 2
216 350
1 9 2
350 455
1 11 2
61 217
1 11 2
203 300
1 10 2
87 216
1 8 2
368 448
1 16 2
174 213
1 13 2
87 237
1 5 2
225 474
1 8 2
249 285
1 17 2
140 276
1 13 2
242 347
1 9 2
15 269
1 6 2
285 398
1 13 2
302 461
1 16 2
138 447
1 11 2
403 464
1 7 2
435 476
1 5 2
3 299
1 13 2
262 372
1 18 2
167 413
1 18 2
248 447
1 13 2
20 360
1 9 2
167 385
1 15 2
269 487
1 8 2
222 226
1 8 2
326 421
1 13 2
45 153
1 15 2
184 236
1 17 2
113 116
1 5 2
82 161
1 4 2
5 475
1 19 2
320 459
1 12 2
302 475
1 5 2
147 292
1 10 2
246 345
1 4 2
108 177
1 15 2
321 497
1 7 2
164 396
1 16 2
302 467
1 4 2
75 206
1 8 2
31 52
1 13 2
57 239
1 13 2
207 240
1 19 2
24 366
1 10 2
195 202
1 14 2
342 429
1 10 2
346 359
1 9 2
129 243
1 11 2
308 482
1 10 2
310 378
1 6 2
39 258
1 2 2
66 123
1 9 2
231 268
1 18 2
223 460
1 9 2
120 442
1 11 2
67 327
1 12 2
286 407
1 7 2
103 399
1 8 2
229 453
1 10 2
47 356
1 15 2
292 332
1 11 2
144 384
1 8 2
121 351
1 11 2
267 370
1 11 2
281 430
1 14 2
235 320
1 15 2
127 135
1 10 2
325 365
1 13 2
280 306
1 3 2
221 274
1 9 2
43 204
1 16 2
113 187
1 8 2
396 418
1 6 2
380 381
1 14 2
200 280
1 9 2
47 419
1 19 2
135 454
1 14 2
272 350
1 7 2
76 284
1 14 2
238 433
1 4 2
38 476
1 5 2
80 243
1 17 2
23 377
1 9 2
26 108
1 6 2
169 432
1 3 2
265 362
1 16 2
65 306
1 18 2
160 245
1 4 2
11 349
1 20 2
165 200
1 10 2
160 335
1 9 2
128 379
1 10 2
103 308
1 10 2
204 419
1 17 2
454 491
1 4 2
289 461
1 17 2
14 345
1 13 2
219 402
1 9 2
3 491
1 15 2
92 412
1 9 2
183 437
1 11 2
296 449
1 16 2
19 320
1 20 2
196 328
1 13 2
92 182
1 13 2
37 200
1 16 2
245 494
1 16 2
207 239
1 4 2
28 468
1 12 2
129 378
1 3 2
307 369
1 14 2
116 190
1 8 2
96 312
1 11 2
408 484
1 10 2
272 364
1 15 2
45 110
1 9 2
170 313
1 13 2
114 155
1 4 2
230 481
1 3 2
193 259
1 15 2
287 402
1 9 2
314 342
1 16 2
223 449
1 10 2
198 208
1 13 2
195 216
1 13 2
182 478
1 19 2
248 406
1 15 2
142 148
1 7 2
69 452
1 11 2
466 482
1 17 2
20 207
1 10 2
76 333
1 13 2
208 336
1 12 2
73 340
1 13 2
89 429
1 6 2
29 41
1 18 2
36 194
1 4 2
214 477
1 8 2
114 398
1 15 2
88 332
1 12 2
48 376
1 5 2
8 230
1 8 2
187 375
1 11 2
194 222
1 15 2
188 436
1 5 2
362 458
1 6 2
243 440
1 13 2
431 497
1 8 2
235 486
1 8 2
379 419
1 13 2
110 340
1 3 2
285 305
1 11 2
14 486
1 3 2
159 471
1 6 2
9 363
1 9 2
401 449
1 5 2
74 440
1 11 2
306 364
1 10 2
198 450
1 6 2
468 495
1 9 2
48 477
1 16 2
332 402
1 14 2
41 188
1 11 2
121 431
1 14 2
72 438
1 11 2
411 431
1 15 2
195 460
1 13 2
99 134
1 10 2
105 468
1 13 2
32 300
1 19 2
207 317
1 8 2
242 386
1 7 2
197 356
1 15 2
57 499
1 8 2
22 257
1 12 2
46 57
1 6 2
219 395
1 14 2
239 430
1 15 2
105 442
1 11 2
174 492
1 18 2
45 355
1 5 2
265 483
1 11 2
24 315
1 6 2
347 352
1 15 2
232 438
1 5 2
21 351
1 18 2
61 226
1 15 2
154 187
1 14 2
345 415
1 14 2
142 409
1 8 2
214 337
1 17 2
78 194
1 10 2
33 277
1 4 2
97 281
1 6 2
79 266
1 7 2
151 294
1 6 2
127 295
1 19 2
194 279
1 14 2
397 496
1 10 2
82 172
1 5 2
55 365
1 10 2
327 494
1 7 2
410 434
1 20 2
142 248
1 4 2
17 197
1 10 2
137 344
1 9 2
21 332
1 17 2
160 487
1 16 2
201 379
1 12 2
194 403
1 9 2
92 495
1 11 2
397 449
1 14 2
227 431
1 5 2
150 329
1 13 2
144 315
1 11 2
39 345
1 4 2
96 295
1 13 2
462 466
1 20 2
200 373
1 10 2
122 308
1 11 2
76 250
1 10 2
56 79
1 14 2
272 337
1 10 2
154 164
1 18 2
36 144
1 10 2
114 308
1 6 2
52 161
1 15 2
20 478
1 12 2
168 242
1 12 2
242 281
1 6 2
5 250
1 7 2
7 361
1 16 2
277 333
1 9 2
387 436
1 10 2
347 458
1 5 2
87 314
1 10 2
38 357
1 3 2
124 265
1 6 2
161 441
1 6 2
33 90
1 10 2
15 239
1 7 2
190 417
1 16 2
431 450
1 14 2
23 209
1 8 2
20 326
1 14 2
1 251
1 6 2
50 130
1 16 2
88 109
1 9 2
259 436
1 11 2
19 75
1 14 2
162 409
1 13 2
35 115
1 7 2
252 319
1 11 2
99 169
1 13 2
220 292
1 9 2
127 380
1 5 2
96 285
1 13 2
410 438
1 14 2
190 423
1 11 2
24 234
1 10 2
42 218
1 3 2
71 393
1 5 2
49 395
1 10 2
36 263
1 19 2
45 357
1 9 2
336 441
1 10 2
122 257
1 18 2
201 454
1 13 2
30 109
1 7 2
334 475
1 10 2
285 320
1 14 2
60 278
1 14 2
219 426
1 18 2
273 359
1 18 2
34 359
1 19 2
201 270
1 7 2
323 445
1 5 2
32 244
1 7 2
28 188
1 11 2
223 445
1 7 2
119 485
1 9 2
43 287
1 6 2
215 254
1 3 2
147 284
1 11 2
153 163
1 5 2
192 214
1 13 2
256 447
1 15 2
350 436
1 5 2
111 432
1 16 2
95 496
1 5 2
47 341
1 11 2
34 495
1 18 2
42 207
1 6 2
75 492
1 14 2
24 170
1 9 2
154 474
1 9 2
215 434
1 19 2
324 487
1 7 2
123 491
1 13 2
117 163
1 13 2
73 134
1 7 2
181 298
1 13 2
47 107
1 13 2
232 426
1 14 2
238 315
1 6 2
269 322
1 9 2
22 154
1 15 2
269 317
1 9 2
397 486
1 10 2
251 410
1 20 2
224 245
1 6 2
156 221
1 7 2
3 292
1 11 2
335 463
1 2 2
118 472
1 7 2
63 306
1 16 2
154 447
1 8 2
95 222
1 18 2
426 437
1 19 2
109 138
1 6 2
141 230
1 19 2
342 496
1 10 2
33 109
1 12 2
87 388
1 16 2
260 306
1 7 2
339 384
1 12 2
115 426
1 6 2
319 441
1 9 2
59 166
1 8 2
128 321
1 10 2
85 148
1 11 2
18 201
1 20 2
355 366
1 8 2
211 466
1 9 2
335 350
1 11 2
7 452
1 11 2
109 157
1 11 2
68 401
1 9 2
87 182
1 7 2
123 370
1 11 2
115 268
1 16 2
105 459
1 8 2
66 459
1 18 2
248 466
1 7 2
6 15
1 5 2
83 434
1 4 2
183 335
1 11 2
47 137
1 11 2
7 37
1 10 2
144 173
1 9 2
123 135
1 7 2
48 70
1 8 2
42 481
1 6 2
29 119
1 7 2
152 337
1 5 2
150 271
1 9 2
36 285
1 11 2
397 462
1 19 2
68 144
1 7 2
49 376
1 17 2
201 449
1 16 2
179 262
1 14 2
76 144
1 11 2
432 437
1 13 2
316 467
1 10 2
6 281
1 14 2
73 325
1 15 2
92 499
1 16 2
167 402
1 12 2
116 429
1 9 2
33 238
1 10 2
3 238
1 16 2
117 436
1 11 2
27 35
1 12 2
153 291
1 19 2
302 437
1 18 2
253 357
1 8 2
115 156
1 5 2
83 495
1 17 2
1 279
1 16 2
204 306
1 14 2
129 213
1 7 2
119 222
1 13 2
93 377
1 11 2
100 403
1 13 2
25 35
1 10 2
134 478
1 11 2
88 219
1 18 2
105 421
1 20 2
238 328
1 11 2
42 418
1 5 2
28 409
1 7 2
215 338
1 11 2
144 313
1 9 2
182 367
1 15 2
35 121
1 7 2
4 253
1 8 2
195 284
1 12 2
65 72
1 9 2
67 143
1 16 2
205 242
1 10 2
19 378
1 9 2
12 257
1 5 2
87 118
1 7 2
231 382
1 9 2
195 482
1 2 2
439 480
1 12 2
168 297
1 7 2
241 454
1 15 2
6 484
1 17 2
84 443
1 11 2
303 328
1 12 2
84 88
1 15 2
184 310
1 13 2
224 435
1 3 2
0 128
1 11 2
320 401
1 10 2
52 134
1 12 2
64 73
1 13 2
234 342
1 17 2
268 278
1 8 2
0 332
1 7 2
312 474
1 6 2
424 455
1 10 2
144 400
1 13 2
168 248
1 8 2
2 16
1 18 2
45 184
1 11 2
317 408
1 12 2
48 365
1 7 2
85 168
1 13 2
242 269
1 13 2
277 312
1 7 2
5 454
1 5 2
96 118
1 8 2
120 257
1 15 2
116 478
1 11 2
84 127
1 19 2
497 499
1 12 2
328 474
1 17 2
216 423
1 6 2
331 475
1 11 2
2 233
1 9 2
400 491
1 5 2
285 335
1 6 2
71 219
1 4 2
283 469
1 8 2
141 146
1 9 2
209 455
1 12 2
205 323
1 13 2
407 409
1 14 2
34 107
1 13 2
201 335
1 10 2
35 299
1 9 2
114 462
1 5 2
152 280
1 11 2
251 379
1 10 2
118 450
1 5 2
39 263
1 14 2
227 350
1 19 2
273 366
1 11 2
131 200
1 18 2
242 248
1 4 2
104 432
1 5 2
335 448
1 7 2
114 202
1 9 2
57 267
1 7 2
314 430
1 10 2
88 470
1 3 2
301 390
1 8 2
43 344
1 11 2
117 376
1 16 2
45 276
1 8 2
45 124
1 6 2
134 448
1 12 2
73 397
1 10 2
7 408
1 10 2
235 240
1 5 2
69 161
1 7 2
38 347
1 16 2
212 227
1 14 2
336 443
1 9 2
164 430
1 9 2
262 265
1 10 2
229 367
1 14 2
213 449
1 16 2
117 239
1 8 2
153 231
1 7 2
178 202
1 12 2
41 148
1 8 2
250 434
1 16 2
61 170
1 12 2
47 399
1 7 2
369 435
1 6 2
310 444
1 5 2
234 305
1 9 2
96 236
1 15 2
84 438
1 16 2
107 245
1 6 2
8 493
1 6 2
351 416
1 8 2
45 217
1 13 2
458 459
1 16 2
144 188
1 13 2
81 190
1 15 2
181 406
1 8 2
171 417
1 9 2
337 381
1 15 2
328 462
1 7 2
234 401
1 19 2
238 300
1 16 2
187 342
1 17 2
45 227
1 19 2
245 450
1 10 2
205 313
1 16 2
73 154
1 12 2
234 320
1 8 2
434 441
1 19 2
116 248
1 5 2
403 489
1 12 2
8 443
1 6 2
202 408
1 7 2
42 322
1 5 2
60 341
1 14 2
76 201
1 16 2
67 208
1 6 2
204 255
1 8 2
182 301
1 11 2
44 245
1 16 2
201 478
1 11 2
321 399
1 9 2
120 242
1 11 2
292 449
1 14 2
127 454
1 14 2
172 304
1 12 2
240 449
1 13 2
129 379
1 5 2
180 452
1 12 2
117 190
1 11 2
280 466
1 15 2
34 188
1 9 2
65 192
1 11 2
60 88
1 13 2
248 365
1 9 2
117 419
1 13 2
117 291
1 16 2
232 357
1 17 2
242 368
1 20 2
165 300
1 9 2
31 494
1 11 2
49 107
1 5 2
15 419
1 9 2
25 236
1 9 2
151 431
1 9 2
95 266
1 8 2
123 270
1 6 2
37 284
1 9 2
151 172
1 11 2
19 146
1 7 2
214 372
1 4 2
28 383
1 15 2
212 268
1 16 2
110 279
1 10 2
311 359
1 12 2
76 110
1 15 2
200 399
1 13 2
360 496
1 8 2
219 286
1 8 2
192 462
1 9 2
19 150
1 18 2
421 491
1 9 2
39 262
1 9 2
191 438
1 10 2
373 408
1 11 2
350 360
1 18 2
179 406
1 10 2
302 471
1 10 2
184 225
1 20 2
317 438
1 7 2
96 114
1 12 2
238 468
1 17 2
194 425
1 10 2
1 79
1 3 2
313 322
1 19 2
48 248
1 13 2
73 88
1 7 2
182 289
1 13 2
410 412
1 10 2
128 497
1 9 2
336 374
1 15 2
357 397
1 13 2
212 429
1 6 2
111 411
1 11 2
6 195
1 14 2
121 277
1 11 2
120 155
1 16 2
105 491
1 11 2
54 167
1 11 2
377 455
1 11 2
190 325
1 17 2
248 268
1 16 2
129 209
1 13 2
325 425
1 5 2
4 252
1 10 2
23 32
1 5 2
161 403
1 4 2
13 32
1 12 2
187 336
1 4 2
285 485
1 5 2
6 13
1 12 2
57 182
1 10 2
270 417
1 6 2
139 467
1 11 2
75 333
1 12 2
219 431
1 14 2
35 414
1 16 2
213 406
1 15 2
99 291
1 16 2
155 457
1 11 2
229 281
1 11 2
128 262
1 7 2
352 464
1 6 2
168 283
1 7 2
343 412
1 12 2
392 399
1 8 2
23 311
1 7 2
256 314
1 7 2
140 275
1 7 2
170 498
1 11 2
190 321
1 15 2
107 297
1 4 2
21 132
1 13 2
252 473
1 5 2
231 409
1 4 2
62 263
1 10 2
328 446
1 13 2
113 372
1 10 2
268 451
1 11 2
8 460
1 7 2
139 239
1 11 2
266 438
1 13 2
252 413
1 13 2
119 297
1 8 2
251 283
1 12 2
56 452
1 10 2
116 354
1 9 2
64 397
1 5 2
197 490
1 2 2
13 393
1 13 2
302 434
1 15 2
134 450
1 13 2
294 302
1 3 2
241 261
1 14 2
260 473
1 13 2
115 359
1 17 2
249 279
1 12 2
143 423
1 5 2
130 169
1 10 2
93 337
1 8 2
6 420
1 15 2
181 377
1 7 2
360 461
1 14 2
137 388
1 7 2
222 292
1 2 2
149 439
1 11 2
8 272
1 13 2
107 148
1 17 2
226 377
1 7 2
394 470
1 9 2
2 72
1 17 2
162 447
1 11 2
237 299
1 10 2
364 412
1 15 2
153 166
1 3 2
104 210
1 11 2
337 340
1 11 2
45 49
1 9 2
217 497
1 8 2
316 474
1 10 2
138 498
1 13 2
115 200
1 13 2
144 185
1 8 2
424 433
1 7 2
213 264
1 4 2
405 470
1 20 2
270 366
1 17 2
99 262
1 9 2
107 495
1 11 2
153 195
1 9 2
19 486
1 20 2
355 443
1 12 2
450 482
1 18 2
105 443
1 11 2
294 304
1 7 2
93 197
1 7 2
54 215
1 12 2
169 345
1 9 2
75 396
1 3 2
98 222
1 18 2
388 406
1 16 2
61 215
1 13 2
142 367
1 4 2
303 338
1 7 2
281 286
1 12 2
181 182
1 11 2
220 446
1 10 2
46 440
1 12 2
56 313
1 20 2
109 324
1 9 2
131 227
1 5 2
91 137
1 7 2
106 242
1 12 2
100 235
1 8 2
312 401
1 19 2
223 357
1 13 2
45 240
1 17 2
7 142
1 15 2
332 431
1 8 2
25 441
1 5 2
134 139
1 15 2
242 425
1 12 2
175 368
1 17 2
442 496
1 6 2
311 415
1 19 2
135 406
1 15 2
107 116
1 13 2
308 372
1 5 2
261 286
1 18 2
388 423
1 16 2
277 447
1 14 2
302 310
1 12 2
6 65
1 14 2
68 337
1 8 2
10 196
1 8 2
40 48
1 10 2
35 131
1 16 2
392 460
1 9 2
228 248
1 8 2
16 356
1 10 2
7 164
1 16 2
290 320
1 11 2
237 417
1 13 2
215 242
1 10 2
48 286
1 5 2
132 451
1 9 2
14 390
1 10 2
197 304
1 5 2
141 259
1 10 2
157 406
1 19 2
20 328
1 11 2
36 381
1 9 2
83 253
1 10 2
8 129
1 12 2
105 440
1 15 2
248 292
1 13 2
252 425
1 11 2
316 398
1 11 2
216 294
1 10 2
228 345
1 16 2
165 269
1 12 2
365 491
1 11 2
50 466
1 8 2
331 467
1 11 2
283 436
1 14 2
166 358
1 15 2
24 229
1 6 2
54 397
1 17 2
278 442
1 9 2
165 393
1 12 2
328 356
1 11 2
303 499
1 7 2
34 51
1 12 2
437 456
1 11 2
79 450
1 12 2
8 317
1 9 2
71 162
1 12 2
267 421
1 14 2
16 421
1 9 2
175 340
1 10 2
74 345
1 12 2
61 203
1 17 2
138 268
1 14 2
397 459
1 14 2
88 392
1 10 2
73 192
1 7 2
39 398
1 19 2
113 155
1 10 2
114 431
1 6 2
115 122
1 8 2
69 134
1 14 2
61 72
1 3 2
331 353
1 9 2
173 355
1 11 2
76 187
1 12 2
107 219
1 14 2
304 321
1 11 2
69 110
1 8 2
86 328
1 18 2
160 165
1 16 2
42 187
1 11 2
90 94
1 16 2
61 88
1 13 2
239 344
1 15 2
84 242
1 9 2
76 312
1 8 2
64 396
1 18 2
129 373
1 4 2
203 371
1 15 2
220 347
1 19 2
273 302
1 9 2
191 377
1 12 2
332 418
1 15 2
88 407
1 13 2
140 310
1 16 2
68 413
1 11 2
73 247
1 7 2
232 476
1 19 2
407 442
1 15 2
370 473
1 12 2
328 334
1 15 2
146 421
1 13 2
238 380
1 16 2
154 463
1 8 2
174 176
1 7 2
229 417
1 17 2
366 430
1 7 2
173 462
1 14 2
238 458
1 10 2
32 110
1 7 2
37 335
1 14 2
330 473
1 6 2
360 476
1 4 2
16 439
1 14 2
460 467
1 9 2
70 237
1 19 2
200 262
1 15 2
330 421
1 16 2
89 216
1 10 2
100 141
1 7 2
241 497
1 8 2
168 339
1 10 2
6 458
1 16 2
148 167
1 10 2
285 438
1 10 2
267 269
1 12 2
357 486
1 11 2
54 443
1 7 2
356 365
1 18 2
297 366
1 10 2
247 333
1 13 2
105 462
1 5 2
400 490
1 3 2
18 177
1 13 2
317 323
1 6 2
111 258
1 14 2
115 342
1 17 2
224 370
1 19 2
248 278
1 12 2
69 165
1 15 2
431 491
1 9 2
47 192
1 14 2
195 253
1 4 2
86 146
1 5 2
133 334
1 7 2
66 291
1 4 2
9 429
1 16 2
242 413
1 15 2
56 415
1 7 2
35 86
1 12 2
268 340
1 14 2
328 414
1 10 2
18 142
1 13 2
328 365
1 6 2
114 265
1 5 2
198 266
1 7 2
4 290
1 9 2
198 370
1 9 2
313 321
1 7 2
13 291
1 12 2
75 426
1 15 2
187 454
1 15 2
144 235
1 18 2
24 443
1 9 2
229 445
1 3 2
364 427
1 8 2
226 301
1 14 2
45 344
1 5 2
319 432
1 20 2
224 438
1 8 2
269 381
1 18 2
61 100
1 9 2
161 196
1 13 2
119 270
1 6 2
119 301
1 18 2
68 194
1 2 2
33 439
1 9 2
48 400
1 13 2
279 323
1 10 2
84 440
1 8 2
84 346
1 4 2
301 480
1 12 2
44 407
1 9 2
219 351
1 10 2
84 409
1 9 2
187 309
1 6 2
418 483
1 7 2
409 475
1 10 2
243 450
1 11 2
130 245
1 7 2
45 307
1 17 2
140 438
1 5 2
197 468
1 20 2
35 324
1 12 2
294 300
1 15 2
129 308
1 11 2
34 69
1 9 2
323 372
1 13 2
64 438
1 13 2
281 317
1 18 2
135 436
1 12 2
235 253
1 6 2
246 433
1 11 2
87 447
1 4 2
79 289
1 6 2
28 347
1 9 2
212 349
1 17 2
172 317
1 12 2
257 411
1 11 2
64 463
1 12 2
82 237
1 6 2
102 190
1 19 2
138 342
1 11 2
65 470
1 12 2
64 368
1 18 2
48 377
1 13 2
99 288
1 12 2
219 337
1 7 2
219 301
1 16 2
377 494
1 11 2
318 359
1 5 2
299 452
1 17 2
201 430
1 10 2
311 438
1 13 2
129 171
1 9 2
113 243
1 8 2
368 375
1 10 2
227 334
1 15 2
16 443
1 4 2
327 361
1 14 2
1 462
1 12 2
422 449
1 9 2
182 247
1 7 2
262 341
1 17 2
413 487
1 12 2
442 470
1 10 2
368 369
1 8 2
115 356
1 6 2
112 419
1 15 2
67 454
1 11 2
201 469
1 8 2
121 424
1 15 2
209 321
1 10 2
95 281
1 17 2
200 291
1 19 2
116 144
1 16 2
442 466
1 8 2
311 457
1 10 2
384 423
1 7 2
27 190
1 12 2
135 203
1 7 2
333 395
1 11 2
8 212
1 14 2
108 345
1 12 2
184 486
1 15 2
154 226
1 13 2
100 195
1 16 2
142 216
1 10 2
26 146
1 11 2
56 143
1 14 2
95 227
1 9 2
11 105
1 8 2
33 204
1 11 2
419 423
1 17 2
184 272
1 12 2
277 313
1 20 2
324 406
1 16 2
34 425
1 7 2
111 321
1 11 2
160 411
1 8 2
121 150
1 11 2
154 280
1 11 2
47 57
1 14 2
125 359
1 10 2
243 388
1 8 2
197 235
1 13 2
41 182
1 2 2
405 444
1 9 2
64 170
1 12 2
306 441
1 8 2
362 436
1 8 2
55 350
1 7 2
274 473
1 4 2
118 408
1 9 2
252 367
1 6 2
247 261
1 13 2
342 378
1 14 2
200 398
1 17 2
14 406
1 5 2
173 339
1 9 2
225 328
1 19 2
366 487
1 8 2
65 448
1 12 2
181 325
1 3 2
265 361
1 11 2
65 360
1 16 2
24 187
1 8 2
83 129
1 10 2
261 328
1 12 2
324 475
1 10 2
320 369
1 5 2
189 232
1 11 2
406 446
1 9 2
283 487
1 16 2
46 242
1 15 2
6 270
1 14 2
60 138
1 18 2
113 196
1 12 2
219 233
1 13 2
93 413
1 15 2
34 187
1 9 2
394 473
1 19 2
20 332
1 9 2
297 319
1 8 2
289 497
1 8 2
39 88
1 11 2
249 281
1 14 2
64 248
1 16 2
95 224
1 5 2
38 456
1 19 2
42 155
1 19 2
245 357
1 9 2
112 252
1 11 2
52 215
1 10 2
82 140
1 6 2
21 433
1 6 2
90 133
1 12 2
109 112
1 14 2
146 272
1 4 2
22 44
1 19 2
450 491
1 5 2
271 474
1 14 2
119 142
1 7 2
146 455
1 7 2
247 351
1 11 2
90 236
1 7 2
158 432
1 5 2
143 383
1 8 2
89 386
1 14 2
90 454
1 12 2
188 378
1 7 2
396 479
1 19 2
332 421
1 10 2
113 266
1 11 2
81 198
1 9 2
111 412
1 16 2
430 491
1 5 2
62 115
1 13 2
34 347
1 14 2
163 188
1 6 2
69 408
1 15 2
236 238
1 11 2
221 345
1 13 2
82 499
1 6 2
18 141
1 11 2
88 236
1 13 2
336 370
1 10 2
6 398
1 7 2
156 403
1 18 2
109 497
1 6 2
17 350
1 11 2
52 457
1 9 2
219 461
1 19 2
68 277
1 15 2
23 140
1 10 2
14 218
1 16 2
155 250
1 13 2
78 431
1 9 2
201 274
1 15 2
146 248
1 9 2
180 273
1 6 2
191 399
1 18 2
14 496
1 16 2
153 443
1 4 2
232 322
1 6 2
25 495
1 14 2
240 317
1 6 2
54 158
1 5 2
10 52
1 7 2
268 427
1 11 2
240 330
1 12 2
108 370
1 12 2
223 409
1 14 2
20 358
1 15 2
57 237
1 8 2
76 434
1 5 2
64 469
1 17 2
110 278
1 8 2
42 58
1 15 2
208 447
1 16 2
377 415
1 13 2
165 374
1 12 2
276 399
1 12 2
294 442
1 9 2
5 373
1 16 2
105 223
1 13 2
174 419
1 14 2
220 236
1 5 2
103 152
1 12 2
194 313
1 11 2
112 245
1 9 2
40 223
1 11 2
35 150
1 18 2
154 245
1 18 2
297 300
1 16 2
100 220
1 17 2
89 117
1 13 2
179 310
1 5 2
85 305
1 12 2
88 478
1 20 2
279 443
1 15 2
140 478
1 10 2
279 477
1 5 2
180 416
1 12 2
48 158
1 14 2
46 449
1 16 2
377 457
1 10 2
179 186
1 10 2
131 223
1 18 2
270 496
1 20 2
248 366
1 11 2
94 397
1 11 2
55 496
1 13 2
46 181
1 13 2
26 36
1 11 2
110 175
1 10 2
27 308
1 13 2
69 279
1 16 2
23 207
1 10 2
201 284
1 12 2
23 84
1 16 2
81 216
1 17 2
224 497
1 16 2
92 116
1 12 2
49 297
1 12 2
81 267
1 15 2
162 321
1 16 2
233 412
1 8 2
13 220
1 8 2
170 420
1 15 2
100 179
1 7 2
391 436
1 6 2
180 360
1 20 2
20 306
1 11 2
89 197
1 3 2
222 375
1 3 2
12 118
1 11 2
272 411
1 18 2
73 174
1 10 2
270 299
1 9 2
372 434
1 11 2
156 368
1 16 2
207 402
1 15 2
121 201
1 5 2
391 457
1 11 2
186 373
1 9 2
279 305
1 18 2
223 497
1 18 2
68 73
1 16 2
24 113
1 9 2
85 233
1 12 2
140 397
1 12 2
235 257
1 14 2
174 339
1 15 2
1 47
1 7 2
429 482
1 20 2
99 174
1 4 2
217 408
1 15 2
229 421
1 14 2
279 435
1 9 2
72 137
1 19 2
306 437
1 20 2
238 499
1 20 2
200 302
1 5 2
97 125
1 3 2
161 375
1 14 2
239 449
1 8 2
134 419
1 6 2
360 417
1 8 2
279 375
1 12 2
50 328
1 8 2
118 272
1 4 2
12 311
1 12 2
195 333
1 9 2
20 83
1 6 2
11 175
1 10 2
82 350
1 12 2
25 342
1 11 2
130 135
1 8 2
146 417
1 6 2
351 381
1 14 2
48 226
1 18 2
270 443
1 18 2
68 135
1 8 2
18 107
1 4 2
203 386
1 10 2
226 374
1 7 2
58 100
1 20 2
116 155
1 13 2
46 95
1 13 2
75 223
1 12 2
65 415
1 13 2
64 212
1 7 2
411 419
1 12 2
273 281
1 7 2
72 186
1 12 2
208 234
1 9 2
68 349
1 16 2
14 436
1 16 2
36 449
1 8 2
4 208
1 13 2
64 443
1 19 2
212 317
1 10 2
346 407
1 7 2
64 313
1 13 2
75 302
1 11 2
68 474
1 14 2
90 320
1 10 2
44 227
1 8 2
192 256
1 9 2
32 213
1 11 2
290 470
1 12 2
34 288
1 11 2
89 455
1 16 2
6 443
1 12 2
281 406
1 4 2
97 360
1 8 2
252 335
1 16 2
90 109
1 7 2
175 281
1 5 2
13 26
1 5 2
141 314
1 7 2
160 307
1 10 2
103 278
1 14 2
155 433
1 4 2
4 441
1 14 2
19 392
1 8 2
19 400
1 16 2
78 200
1 19 2
61 205
1 17 2
160 223
1 10 2
336 428
1 13 2
232 370
1 7 2
234 266
1 12 2
96 167
1 14 2
190 324
1 6 2
76 244
1 18 2
166 220
1 16 2
204 209
1 8 2
260 261
1 13 2
181 308
1 7 2
243 256
1 8 2
193 304
1 11 2
262 327
1 8 2
159 242
1 9 2
378 404
1 10 2
112 392
1 14 2
119 237
1 5 2
206 240
1 16 2
229 278
1 16 2
407 462
1 13 2
169 443
1 19 2
36 56
1 12 2
272 404
1 13 2
188 260
1 17 2
182 302
1 4 2
98 486
