500 3000 1500
14 8 6 18 11 13 9 22 10 25 15 9 5 10 7 5 14 22 7 11 25 22 23 14 17 18 9 17 21 9 24 18 22 6 25 20 21 14 9 15 8 20 8 7 6 11 10 7 17 25 7 23 18 15 25 17 15 17 12 7 11 18 14 12 17 15 17 20 7 22 10 24 21 23 24 14 21 11 9 11 23 5 8 9 25 16 10 19 20 8 22 22 18 16 23 19 16 8 20 7 22 5 7 13 21 6 15 14 15 19 10 24 25 12 20 10 22 18 20 25 7 18 25 10 23 10 16 9 21 12 8 8 18 21 11 7 10 22 18 8 19 16 14 18 5 17 20 13 8 17 23 18 12 8 21 25 17 14 6 7 17 24 14 21 20 22 19 20 12 22 24 5 22 20 20 20 13 19 22 18 8 11 7 16 7 6 6 12 21 21 9 19 24 12 20 23 15 6 18 15 11 20 21 15 9 19 16 17 13 11 15 19 11 23 8 6 12 13 22 19 16 22 21 18 23 7 6 12 23 14 17 8 16 9 22 22 13 7 17 18 17 9 16 22 18 9 22 12 23 11 24 10 8 6 25 11 11 20 11 21 9 8 14 10 15 19 24 18 23 5 12 24 18 10 24 20 14 20 9 12 13 15 24 13 9 7 8 5 19 7 22 11 23 11 9 11 20 7 23 10 20 11 17 19 5 18 24 10 9 22 22 5 21 20 12 18 6 16 16 21 14 9 15 23 21 23 19 24 15 14 20 10 9 18 6 23 14 17 16 9 20 7 12 18 22 12 9 16 6 16 8 15 23 11 19 5 14 15 8 22 10 13 8 7 16 14 6 15 21 10 19 5 23 17 23 12 18 5 6 10 23 13 21 11 6 15 22 18 6 15 7 16 18 10 14 12 20 10 11 15 20 11 7 19 19 6 5 20 11 8 7 21 5 24 11 8 11 10 19 20 11 15 17 7 13 13 10 15 13 23 12 24 18 23 25 6 17 19 9 22 25 11 11 8 18 22 17 5 16 5 17 15 17 22 8 5 22 21 21 11 9 7 23 11 9 24 21 12 25 8 14 18 23 14 16 10 16 10 11 20 15 7 24 6 23 5 13 12 9 8 20 9 20 18 23 5 16 12 10 5
15 3 14 9 5 9 8 14 4 7 5 15 7 5 16 6 20 11 7 7 11 13 15 18 13 13 13 5 5 5 4 12 18 15 9 20 9 18 20 3 5 18 4 10 4 20 3 20 19 13 10 8 12 17 4 18 8 10 11 14 18 8 9 10 16 4 14 5 17 20 20 3 6 8 18 13 3 18 8 6 6 20 10 16 5 4 5 20 19 7 9 3 5 8 5 8 7 10 5 7 20 6 8 12 4 19 9 13 9 10 20 16 15 6 8 6 10 17 4 15 18 20 15 12 16 6 3 15 16 6 10 17 9 3 9 13 8 5 5 6 3 4 16 12 10 11 4 6 4 16 12 9 18 11 6 17 16 17 12 11 20 12 10 13 5 10 19 9 18 3 6 10 12 5 13 13 8 5 15 9 8 9 16 6 19 15 19 18 10 4 18 14 13 7 12 14 16 16 13 14 9 4 8 8 5 10 12 17 10 19 9 4 11 11 18 17 5 5 4 14 15 5 14 9 10 4 18 12 14 8 6 6 7 6 8 11 11 15 20 20 18 13 4 18 4 10 17 6 11 19 3 11 10 7 7 8 3 8 12 20 17 15 3 12 5 12 17 13 10 9 8 3 11 18 13 8 16 3 13 3 18 14 19 16 18 14 15 7 12 9 20 13 13 12 4 19 20 9 16 18 20 18 4 14 17 17 20 4 11 13 18 3 6 13 7 8 17 18 11 15 4 10 8 5 10 19 20 19 18 17 5 8 9 6 17 12 20 13 7 7 8 19 14 12 3 6 16 6 5 17 14 7 4 13 14 19 6 7 3 9 15 4 17 15 4 20 15 12 8 10 5 10 10 12 3 7 8 19 12 15 17 5 10 13 7 9 18 9 17 10 18 17 11 16 13 4 20 9 11 18 5 6 17 19 8 5 16 12 17 5 8 18 20 5 8 7 20 10 20 8 18 5 13 18 7 4 6 8 8 13 7 13 15 20 11 13 5 7 5 13 11 9 18 9 3 16 3 9 17 3 16 16 8 8 8 10 18 17 10 16 12 9 20 19 4 16 18 7 16 9 20 14 18 14 7 12 19 13 4 13 14 9 6 3 6 17 12 20 4 17 20 3 3 5 18 10 5 5 12 9
1 16 2
266 267
1 14 2
175 492
1 14 2
266 337
1 5 2
283 353
1 8 2
64 107
1 16 2
128 306
1 8 2
24 63
1 20 2
266 413
1 8 2
13 244
1 13 2
93 335
1 11 2
335 470
1 8 2
346 457
1 8 2
208 452
1 10 2
177 427
1 6 2
117 483
1 10 2
51 383
1 7 2
236 356
1 6 2
316 404
1 8 2
144 306
1 5 2
48 423
1 8 2
239 291
1 6 2
107 441
1 12 2
28 427
1 6 2
166 409
1 10 2
95 399
1 6 2
220 477
1 18 2
189 254
1 8 2
166 301
1 10 2
64 347
1 7 2
463 474
1 9 2
288 486
1 17 2
352 433
1 13 2
323 337
1 7 2
240 293
1 8 2
212 223
1 3 2
209 461
1 9 2
308 413
1 11 2
118 357
1 11 2
258 413
1 7 2
36 334
1 6 2
56 375
1 7 2
229 322
1 16 2
7 21
1 12 2
73 367
1 3 2
253 273
1 12 2
65 298
1 8 2
347 385
1 8 2
136 163
1 8 2
415 472
1 10 2
30 383
1 7 2
176 391
1 12 2
56 298
1 9 2
30 350
1 12 2
281 319
1 8 2
39 162
1 15 2
92 274
1 9 2
241 246
1 11 2
267 288
1 8 2
165 241
1 7 2
187 349
1 18 2
323 433
1 13 2
66 298
1 12 2
90 357
1 13 2
160 172
1 14 2
64 122
1 12 2
319 480
1 10 2
293 325
1 11 2
20 459
1 4 2
81 424
1 8 2
31 168
1 3 2
214 350
1 8 2
272 430
1 10 2
328 437
1 15 2
175 310
1 7 2
133 348
1 17 2
170 453
1 6 2
56 152
1 15 2
90 154
1 14 2
32 422
1 15 2
116 175
1 5 2
142 278
1 15 2
419 484
1 6 2
245 337
1 3 2
68 256
1 7 2
76 423
1 7 2
27 293
1 15 2
112 244
1 17 2
32 116
1 12 2
56 462
1 6 2
29 337
1 5 2
19 487
1 17 2
124 462
1 13 2
61 72
1 17 2
155 259
1 11 2
274 467
1 14 2
211 243
1 15 2
166 374
1 14 2
239 439
1 9 2
3 480
1 5 2
270 395
1 13 2
104 275
1 11 2
55 326
1 15 2
218 457
1 12 2
58 74
1 11 2
146 160
1 2 2
6 495
1 19 2
49 335
1 10 2
39 437
1 12 2
220 494
1 13 2
151 259
1 7 2
93 497
1 7 2
197 309
1 16 2
445 484
1 9 2
286 429
1 10 2
46 323
1 8 2
151 425
1 13 2
121 188
1 20 2
34 51
1 16 2
189 359
1 9 2
351 471
1 4 2
79 353
1 5 2
102 126
1 5 2
168 414
1 4 2
59 217
1 6 2
11 452
1 6 2
144 418
1 13 2
205 235
1 16 2
124 174
1 11 2
279 325
1 14 2
98 407
1 9 2
107 315
1 8 2
65 281
1 10 2
343 364
1 8 2
207 421
1 9 2
165 295
1 10 2
200 323
1 14 2
31 456
1 8 2
201 294
1 5 2
200 293
1 13 2
35 432
1 13 2
52 128
1 15 2
17 310
1 8 2
389 496
1 3 2
18 426
1 6 2
43 376
1 14 2
194 202
1 14 2
124 315
1 7 2
41 390
1 14 2
228 272
1 14 2
164 235
1 12 2
116 427
1 10 2
173 322
1 5 2
364 455
1 11 2
170 463
1 10 2
163 497
1 8 2
437 467
1 13 2
315 386
1 8 2
307 396
1 15 2
30 452
1 6 2
261 403
1 9 2
17 460
1 13 2
150 230
1 16 2
172 292
1 16 2
80 275
1 15 2
73 117
1 3 2
346 402
1 13 2
282 356
1 14 2
35 114
1 11 2
167 452
1 6 2
175 366
1 5 2
183 339
1 7 2
0 23
1 15 2
128 494
1 12 2
275 387
1 9 2
113 166
1 16 2
482 492
1 6 2
56 204
1 4 2
110 463
1 11 2
35 142
1 7 2
128 184
1 9 2
114 176
1 4 2
227 417
1 16 2
292 319
1 6 2
125 203
1 9 2
107 444
1 10 2
74 200
1 12 2
28 347
1 9 2
180 413
1 9 2
321 344
1 15 2
224 396
1 19 2
271 323
1 6 2
158 164
1 10 2
25 317
1 14 2
170 493
1 5 2
46 430
1 16 2
73 458
1 8 2
236 436
1 13 2
169 337
1 8 2
277 379
1 14 2
330 382
1 14 2
275 382
1 10 2
251 484
1 5 2
262 353
1 7 2
212 347
1 8 2
89 306
1 8 2
204 288
1 9 2
209 222
1 12 2
205 333
1 13 2
206 298
1 10 2
179 203
1 13 2
51 57
1 9 2
98 397
1 13 2
202 471
1 14 2
66 472
1 4 2
15 364
1 12 2
27 191
1 7 2
424 448
1 11 2
161 342
1 12 2
195 281
1 6 2
85 86
1 7 2
85 420
1 13 2
338 352
1 16 2
116 335
1 4 2
93 378
1 5 2
25 406
1 16 2
330 352
1 18 2
310 431
1 9 2
418 424
1 12 2
244 479
1 6 2
42 66
1 17 2
137 298
1 8 2
72 153
1 12 2
10 51
1 15 2
76 492
1 9 2
188 258
1 4 2
45 390
1 8 2
37 450
1 15 2
170 179
1 10 2
17 291
1 12 2
242 330
1 9 2
41 426
1 6 2
328 345
1 18 2
248 327
1 17 2
178 274
1 12 2
325 473
1 17 2
312 327
1 12 2
324 391
1 14 2
145 380
1 13 2
271 480
1 14 2
69 194
1 10 2
228 441
1 17 2
112 396
1 10 2
145 387
1 10 2
62 166
1 6 2
136 452
1 10 2
290 293
1 7 2
107 206
1 7 2
11 239
1 9 2
113 219
1 13 2
118 121
1 10 2
193 386
1 14 2
165 257
1 10 2
20 78
1 4 2
486 499
1 16 2
73 128
1 11 2
20 29
1 7 2
196 428
1 6 2
93 286
1 15 2
90 309
1 18 2
248 271
1 8 2
299 343
1 4 2
47 336
1 6 2
206 488
1 13 2
56 161
1 7 2
109 294
1 17 2
21 429
1 12 2
259 349
1 6 2
115 389
1 9 2
386 415
1 12 2
391 490
1 11 2
109 317
1 11 2
134 266
1 20 2
155 254
1 14 2
437 462
1 18 2
21 111
1 7 2
194 488
1 19 2
49 213
1 10 2
93 376
1 8 2
256 326
1 13 2
17 315
1 9 2
119 489
1 7 2
57 136
1 16 2
202 429
1 4 2
291 408
1 8 2
45 259
1 13 2
57 352
1 13 2
118 188
1 7 2
200 267
1 10 2
436 452
1 14 2
30 391
1 17 2
274 439
1 16 2
73 359
1 3 2
120 130
1 9 2
284 433
1 12 2
147 271
1 13 2
210 484
1 14 2
174 490
1 9 2
216 313
1 9 2
110 178
1 12 2
21 57
1 17 2
54 479
1 7 2
105 494
1 13 2
309 436
1 7 2
104 358
1 5 2
208 360
1 12 2
103 170
1 17 2
28 372
1 14 2
374 471
1 9 2
400 463
1 13 2
140 382
1 18 2
73 94
1 6 2
262 414
1 8 2
77 223
1 16 2
94 275
1 3 2
2 200
1 17 2
49 313
1 16 2
72 169
1 11 2
295 327
1 12 2
17 162
1 6 2
103 467
1 17 2
34 296
1 7 2
92 233
1 9 2
181 382
1 10 2
116 193
1 9 2
216 324
1 16 2
155 418
1 10 2
281 303
1 6 2
153 303
1 8 2
154 233
1 11 2
73 497
1 15 2
202 439
1 8 2
58 370
1 12 2
32 318
1 12 2
57 303
1 16 2
396 413
1 16 2
382 413
1 7 2
239 420
1 10 2
128 217
1 15 2
400 445
1 8 2
183 322
1 16 2
111 133
1 7 2
292 384
1 9 2
320 446
1 6 2
227 365
1 17 2
74 114
1 8 2
167 299
1 13 2
36 138
1 12 2
116 451
1 13 2
422 439
1 15 2
109 494
1 8 2
49 158
1 14 2
268 496
1 14 2
76 88
1 6 2
144 437
1 13 2
178 220
1 10 2
320 368
1 10 2
122 139
1 8 2
26 259
1 9 2
146 193
1 8 2
321 323
1 12 2
213 399
1 9 2
51 273
1 15 2
30 31
1 16 2
374 445
1 17 2
88 122
1 2 2
43 225
1 8 2
111 348
1 17 2
246 306
1 4 2
19 59
1 20 2
84 111
1 8 2
278 386
1 5 2
123 375
1 9 2
259 401
1 14 2
112 242
1 14 2
116 219
1 3 2
6 135
1 5 2
284 421
1 8 2
219 383
1 19 2
84 298
1 17 2
344 462
1 8 2
58 302
1 16 2
54 257
1 8 2
234 286
1 14 2
121 439
1 13 2
207 429
1 13 2
17 25
1 15 2
67 90
1 10 2
206 437
1 10 2
125 266
1 8 2
79 164
1 16 2
34 444
1 8 2
77 452
1 14 2
267 431
1 18 2
161 484
1 6 2
341 418
1 14 2
124 392
1 12 2
62 372
1 7 2
174 435
1 12 2
73 141
1 3 2
460 498
1 13 2
151 175
1 16 2
202 453
1 4 2
58 409
1 15 2
292 403
1 14 2
132 172
1 16 2
91 290
1 15 2
24 250
1 6 2
72 348
1 11 2
222 427
1 9 2
174 293
1 9 2
177 217
1 8 2
134 138
1 19 2
22 306
1 13 2
34 356
1 11 2
160 387
1 12 2
243 422
1 15 2
76 411
1 14 2
48 266
1 8 2
14 71
1 9 2
229 230
1 3 2
115 214
1 13 2
51 337
1 9 2
45 164
1 10 2
440 477
1 14 2
93 413
1 9 2
165 393
1 12 2
146 436
1 11 2
235 356
1 10 2
42 155
1 11 2
5 170
1 8 2
308 324
1 15 2
87 372
1 6 2
341 373
1 15 2
7 312
1 15 2
172 340
1 13 2
85 221
1 6 2
321 347
1 9 2
242 262
1 9 2
137 308
1 10 2
217 259
1 6 2
92 390
1 10 2
175 399
1 8 2
74 144
1 13 2
85 248
1 11 2
314 374
1 3 2
251 348
1 10 2
62 400
1 15 2
370 456
1 11 2
8 266
1 14 2
177 439
1 8 2
131 344
1 4 2
236 438
1 16 2
22 259
1 2 2
185 435
1 3 2
231 397
1 12 2
62 327
1 6 2
382 384
1 10 2
295 465
1 4 2
13 441
1 5 2
216 416
1 15 2
109 374
1 16 2
257 274
1 18 2
246 352
1 15 2
25 306
1 4 2
152 348
1 17 2
51 165
1 19 2
352 468
1 3 2
289 299
1 16 2
88 440
1 11 2
142 169
1 9 2
19 309
1 17 2
407 434
1 12 2
323 329
1 18 2
20 246
1 16 2
433 456
1 12 2
147 274
1 6 2
171 313
1 8 2
32 321
1 7 2
468 485
1 11 2
25 207
1 17 2
352 472
1 9 2
56 96
1 4 2
212 241
1 15 2
315 431
1 13 2
373 429
1 14 2
138 250
1 19 2
271 335
1 12 2
87 205
1 16 2
133 413
1 6 2
259 311
1 5 2
304 432
1 7 2
240 395
1 9 2
369 433
1 11 2
255 413
1 2 2
379 495
1 9 2
172 263
1 8 2
15 94
1 15 2
188 407
1 18 2
292 494
1 12 2
219 404
1 8 2
366 413
1 19 2
80 282
1 16 2
119 121
1 7 2
41 78
1 9 2
353 382
1 7 2
187 238
1 11 2
122 459
1 14 2
49 480
1 12 2
282 473
1 15 2
292 444
1 15 2
31 282
1 11 2
52 149
1 8 2
188 460
1 13 2
149 323
1 8 2
316 431
1 11 2
169 365
1 12 2
94 425
1 12 2
394 429
1 8 2
342 471
1 3 2
2 293
1 10 2
292 360
1 8 2
93 276
1 14 2
471 484
1 14 2
132 429
1 12 2
165 349
1 8 2
55 176
1 14 2
372 450
1 15 2
290 319
1 9 2
96 206
1 3 2
297 362
1 14 2
25 137
1 14 2
57 306
1 11 2
162 221
1 17 2
250 439
1 14 2
143 429
1 3 2
68 463
1 7 2
109 438
1 18 2
161 306
1 4 2
263 393
1 13 2
479 492
1 14 2
64 74
1 9 2
109 113
1 12 2
207 221
1 11 2
368 427
1 12 2
32 357
1 5 2
66 130
1 8 2
10 302
1 7 2
171 298
1 15 2
403 440
1 12 2
318 359
1 7 2
57 299
1 5 2
301 345
1 18 2
254 433
1 16 2
155 166
1 15 2
98 352
1 9 2
24 85
1 14 2
310 404
1 13 2
298 448
1 8 2
439 489
1 8 2
211 375
1 6 2
331 474
1 3 2
97 135
1 10 2
115 327
1 15 2
104 324
1 11 2
65 453
1 8 2
424 452
1 8 2
52 212
1 16 2
205 327
1 11 2
32 176
1 10 2
57 349
1 14 2
84 349
1 12 2
167 422
1 15 2
104 172
1 11 2
229 344
1 7 2
37 280
1 5 2
92 334
1 6 2
165 371
1 7 2
353 446
1 4 2
200 233
1 11 2
21 62
1 12 2
400 422
1 8 2
236 452
1 11 2
39 354
1 8 2
208 422
1 5 2
63 278
1 13 2
262 468
1 14 2
7 404
1 10 2
4 243
1 7 2
152 242
1 9 2
137 438
1 14 2
275 290
1 14 2
205 340
1 12 2
32 56
1 14 2
21 244
1 16 2
69 359
1 9 2
118 258
1 7 2
135 296
1 14 2
92 310
1 13 2
96 462
1 18 2
116 266
1 8 2
243 362
1 18 2
122 202
1 14 2
178 479
1 16 2
195 490
1 6 2
61 127
1 6 2
11 317
1 3 2
60 341
1 10 2
13 150
1 18 2
137 413
1 5 2
416 467
1 9 2
143 276
1 13 2
165 242
1 11 2
275 427
1 14 2
192 322
1 10 2
201 470
1 6 2
70 364
1 6 2
11 151
1 14 2
240 327
1 18 2
359 482
1 11 2
80 103
1 10 2
235 459
1 16 2
161 166
1 15 2
163 174
1 9 2
216 386
1 13 2
220 344
1 8 2
78 259
1 18 2
266 372
1 15 2
191 352
1 12 2
133 160
1 18 2
111 462
1 10 2
379 431
1 11 2
227 374
1 5 2
153 210
1 9 2
160 322
1 9 2
142 156
1 12 2
128 448
1 6 2
182 340
1 13 2
25 222
1 9 2
331 472
1 5 2
304 471
1 10 2
75 275
1 3 2
79 186
1 9 2
122 350
1 14 2
173 194
1 6 2
13 281
1 9 2
118 152
1 7 2
190 211
1 9 2
77 243
1 11 2
28 448
1 15 2
109 282
1 9 2
48 56
1 10 2
92 232
1 10 2
181 228
1 5 2
16 299
1 19 2
429 465
1 15 2
154 165
1 7 2
16 176
1 13 2
173 340
1 11 2
37 91
1 17 2
195 298
1 5 2
79 424
1 14 2
292 305
1 14 2
163 392
1 9 2
313 420
1 16 2
41 119
1 4 2
276 390
1 5 2
334 376
1 17 2
150 165
1 4 2
220 483
1 16 2
36 71
1 18 2
228 472
1 7 2
225 234
1 14 2
116 238
1 15 2
67 235
1 12 2
194 404
1 6 2
37 168
1 6 2
108 299
1 17 2
20 164
1 9 2
127 169
1 12 2
389 457
1 18 2
54 439
1 15 2
49 376
1 10 2
100 478
1 16 2
35 150
1 7 2
66 438
1 8 2
245 457
1 11 2
90 229
1 12 2
290 450
1 10 2
305 317
1 11 2
94 129
1 11 2
187 248
1 15 2
155 302
1 16 2
163 271
1 7 2
335 435
1 14 2
28 118
1 6 2
442 480
1 5 2
232 237
1 8 2
62 126
1 12 2
30 229
1 11 2
271 401
1 3 2
8 11
1 8 2
55 389
1 11 2
35 281
1 14 2
267 462
1 19 2
192 472
1 9 2
308 374
1 13 2
266 476
1 13 2
92 466
1 18 2
122 150
1 18 2
246 434
1 4 2
251 401
1 3 2
398 412
1 9 2
98 227
1 11 2
22 75
1 14 2
259 275
1 7 2
141 236
1 17 2
84 407
1 16 2
100 137
1 20 2
20 292
1 11 2
169 216
1 8 2
73 252
1 7 2
171 292
1 14 2
72 211
1 7 2
311 484
1 4 2
180 498
1 7 2
92 464
1 7 2
35 241
1 6 2
5 270
1 9 2
305 329
1 5 2
11 487
1 6 2
68 140
1 15 2
150 370
1 11 2
52 87
1 16 2
437 468
1 15 2
244 274
1 19 2
170 468
1 11 2
303 317
1 12 2
198 330
1 10 2
233 494
1 16 2
124 344
1 8 2
7 423
1 9 2
93 356
1 9 2
386 416
1 13 2
121 457
1 9 2
333 365
1 14 2
421 434
1 16 2
112 223
1 11 2
138 303
1 16 2
98 306
1 18 2
80 327
1 13 2
116 471
1 17 2
330 468
1 10 2
66 117
1 17 2
20 466
1 9 2
6 150
1 11 2
380 442
1 9 2
306 454
1 9 2
136 453
1 7 2
98 263
1 16 2
100 325
1 9 2
322 436
1 15 2
90 319
1 8 2
219 249
1 8 2
209 326
1 8 2
162 328
1 9 2
103 432
1 8 2
361 421
1 12 2
138 275
1 8 2
47 90
1 19 2
94 254
1 14 2
201 222
1 11 2
283 352
1 6 2
263 399
1 11 2
132 138
1 2 2
269 316
1 11 2
35 474
1 10 2
170 346
1 4 2
408 491
1 7 2
115 206
1 6 2
354 410
1 7 2
377 429
1 9 2
109 208
1 12 2
57 188
1 9 2
368 441
1 14 2
90 239
1 14 2
290 370
1 4 2
157 182
1 8 2
53 336
1 11 2
272 354
1 11 2
330 473
1 12 2
92 151
1 3 2
193 485
1 10 2
376 448
1 7 2
27 193
1 9 2
230 389
1 13 2
169 446
1 16 2
41 327
1 10 2
210 288
1 16 2
224 259
1 5 2
77 459
1 18 2
84 104
1 20 2
84 254
1 10 2
167 428
1 10 2
42 440
1 11 2
282 401
1 19 2
352 482
1 6 2
179 190
1 9 2
90 110
1 11 2
206 275
1 5 2
136 279
1 15 2
34 151
1 11 2
10 396
1 14 2
333 439
1 8 2
195 402
1 7 2
278 354
1 10 2
61 264
1 9 2
369 431
1 20 2
49 440
1 7 2
113 347
1 4 2
89 356
1 18 2
32 271
1 10 2
232 422
1 4 2
38 401
1 14 2
88 457
1 20 2
54 112
1 12 2
69 328
1 13 2
39 161
1 12 2
66 167
1 13 2
3 172
1 5 2
212 498
1 16 2
201 434
1 11 2
16 292
1 17 2
124 128
1 10 2
22 233
1 10 2
106 444
1 17 2
17 161
1 13 2
201 275
1 12 2
277 471
1 18 2
112 163
1 8 2
283 496
1 9 2
68 254
1 11 2
196 201
1 14 2
104 146
1 11 2
62 277
1 5 2
256 353
1 18 2
411 434
1 14 2
211 323
1 17 2
170 246
1 8 2
121 416
1 18 2
116 213
1 9 2
203 240
1 13 2
160 484
1 6 2
167 461
1 7 2
140 321
1 18 2
49 277
1 15 2
118 352
1 5 2
289 436
1 11 2
146 317
1 7 2
167 339
1 12 2
65 195
1 6 2
225 376
1 7 2
181 436
1 11 2
21 424
1 6 2
217 420
1 11 2
206 479
1 6 2
315 321
1 3 2
377 416
1 5 2
328 488
1 7 2
39 212
1 11 2
272 302
1 17 2
235 282
1 9 2
9 410
1 8 2
8 76
1 11 2
7 473
1 6 2
181 281
1 15 2
95 282
1 10 2
93 432
1 16 2
112 179
1 12 2
76 302
1 15 2
54 96
1 14 2
224 370
1 12 2
155 208
1 9 2
34 481
1 10 2
110 434
1 2 2
81 99
1 16 2
111 201
1 15 2
118 325
1 8 2
82 91
1 12 2
64 100
1 9 2
53 338
1 14 2
24 161
1 12 2
157 178
1 14 2
213 343
1 13 2
189 479
1 4 2
115 294
1 7 2
343 488
1 11 2
56 492
1 13 2
232 290
1 14 2
317 465
1 14 2
143 462
1 12 2
288 296
1 10 2
320 396
1 12 2
121 198
1 11 2
325 381
1 8 2
70 118
1 8 2
285 494
1 12 2
117 202
1 13 2
188 265
1 7 2
336 470
1 3 2
402 426
1 15 2
271 305
1 15 2
73 354
1 13 2
116 422
1 14 2
3 234
1 18 2
20 22
1 15 2
138 195
1 16 2
36 439
1 16 2
112 275
1 8 2
344 409
1 8 2
259 358
1 14 2
111 399
1 14 2
28 174
1 19 2
20 73
1 17 2
20 104
1 9 2
255 359
1 17 2
72 213
1 7 2
72 388
1 9 2
58 194
1 19 2
161 440
1 11 2
92 474
1 5 2
63 339
1 11 2
119 134
1 6 2
330 405
1 10 2
356 466
1 12 2
100 347
1 7 2
16 480
1 19 2
9 137
1 9 2
148 429
1 15 2
259 407
1 11 2
27 132
1 3 2
105 416
1 14 2
211 374
1 9 2
83 380
1 4 2
135 395
1 18 2
34 380
1 15 2
436 440
1 14 2
149 161
1 15 2
172 324
1 13 2
224 452
1 3 2
125 378
1 6 2
19 126
1 12 2
7 328
1 9 2
394 479
1 18 2
7 306
1 20 2
413 434
1 8 2
170 226
1 14 2
61 456
1 7 2
289 313
1 13 2
74 338
1 6 2
207 415
1 10 2
107 296
1 10 2
218 424
1 12 2
310 318
1 17 2
165 195
1 18 2
80 433
1 14 2
224 288
1 11 2
13 34
1 8 2
242 473
1 7 2
6 117
1 11 2
206 319
1 5 2
103 369
1 8 2
14 111
1 8 2
196 207
1 9 2
137 353
1 6 2
33 404
1 14 2
422 484
1 15 2
323 326
1 8 2
247 373
1 16 2
179 440
1 16 2
195 344
1 10 2
298 463
1 7 2
56 381
1 7 2
76 120
1 9 2
63 457
1 7 2
85 345
1 12 2
91 338
1 6 2
75 459
1 13 2
254 381
1 10 2
331 440
1 10 2
207 422
1 11 2
79 468
1 8 2
370 401
1 6 2
217 280
1 12 2
210 453
1 8 2
212 370
1 8 2
67 127
1 6 2
349 442
1 16 2
222 235
1 12 2
192 428
1 11 2
143 223
1 7 2
8 432
1 13 2
272 453
1 18 2
169 468
1 4 2
398 478
1 12 2
88 392
1 5 2
207 455
1 15 2
57 170
1 18 2
266 380
1 5 2
14 338
1 15 2
211 213
1 12 2
246 349
1 13 2
27 188
1 11 2
24 61
1 9 2
41 280
1 5 2
203 350
1 5 2
26 176
1 15 2
138 192
1 7 2
159 259
1 19 2
482 484
1 8 2
110 404
1 13 2
87 277
1 17 2
72 434
1 10 2
108 277
1 14 2
73 370
1 3 2
2 393
1 6 2
101 340
1 15 2
34 149
1 16 2
319 439
1 16 2
146 327
1 6 2
355 386
1 17 2
140 468
1 8 2
28 78
1 7 2
15 124
1 6 2
241 385
1 10 2
76 486
1 11 2
71 293
1 17 2
34 114
1 15 2
243 259
1 10 2
349 387
1 14 2
64 282
1 10 2
112 204
1 20 2
34 122
1 9 2
98 360
1 12 2
333 340
1 11 2
94 381
1 11 2
27 471
1 20 2
254 306
1 18 2
161 228
1 9 2
248 398
1 11 2
133 470
1 11 2
224 320
1 4 2
204 208
1 13 2
244 330
1 3 2
289 438
1 9 2
136 165
1 7 2
373 441
1 13 2
189 403
1 7 2
191 204
1 10 2
286 482
1 11 2
138 392
1 15 2
76 335
1 13 2
312 373
1 11 2
255 327
1 8 2
202 488
1 10 2
168 466
1 9 2
176 288
1 7 2
446 477
1 2 2
214 316
1 14 2
76 177
1 12 2
93 458
1 14 2
138 248
1 13 2
240 250
1 9 2
48 322
1 18 2
90 161
1 6 2
193 322
1 11 2
5 111
1 13 2
91 121
1 18 2
22 434
1 15 2
119 156
1 18 2
374 431
1 9 2
314 354
1 13 2
53 374
1 8 2
23 302
1 12 2
312 385
1 13 2
465 480
1 2 2
44 186
1 6 2
475 476
1 16 2
122 300
1 6 2
238 260
1 7 2
189 384
1 14 2
100 305
1 17 2
259 325
1 17 2
137 325
1 12 2
51 75
1 8 2
3 283
1 10 2
145 149
1 17 2
100 323
1 7 2
23 39
1 18 2
54 246
1 11 2
4 94
1 11 2
53 67
1 2 2
186 405
1 10 2
206 392
1 14 2
90 179
1 11 2
267 418
1 13 2
137 207
1 11 2
112 301
1 16 2
91 172
1 6 2
307 476
1 10 2
10 25
1 6 2
14 35
1 5 2
64 226
1 14 2
313 411
1 19 2
30 482
1 11 2
49 168
1 14 2
84 328
1 10 2
121 317
1 9 2
169 369
1 12 2
223 404
1 4 2
101 317
1 7 2
317 417
1 12 2
41 446
1 14 2
22 387
1 13 2
165 493
1 16 2
98 161
1 11 2
210 326
1 11 2
113 248
1 7 2
303 454
1 11 2
66 313
1 4 2
6 190
1 16 2
298 340
1 16 2
298 439
1 12 2
52 201
1 11 2
236 327
1 9 2
325 339
1 7 2
109 260
1 11 2
55 265
1 10 2
283 310
1 8 2
51 384
1 11 2
296 422
1 18 2
323 468
1 18 2
312 440
1 8 2
169 241
1 3 2
63 81
1 15 2
98 165
1 8 2
126 367
1 12 2
118 141
1 10 2
193 368
1 8 2
254 435
1 9 2
104 420
1 11 2
156 300
1 5 2
107 225
1 4 2
291 362
1 10 2
307 413
1 5 2
256 295
1 7 2
209 281
1 15 2
246 259
1 16 2
465 479
1 7 2
288 489
1 11 2
173 357
1 12 2
34 58
1 15 2
164 494
1 7 2
110 288
1 14 2
218 277
1 18 2
221 250
1 17 2
28 192
1 18 2
386 465
1 7 2
48 233
1 9 2
178 258
1 10 2
133 227
1 3 2
197 491
1 12 2
124 199
1 10 2
108 177
1 7 2
139 387
1 16 2
154 290
1 9 2
134 380
1 13 2
169 432
1 16 2
84 265
1 6 2
283 497
1 9 2
20 289
1 11 2
146 337
1 15 2
140 433
1 7 2
135 313
1 14 2
206 434
1 16 2
118 274
1 11 2
111 383
1 8 2
3 255
1 19 2
20 165
1 5 2
46 428
1 19 2
7 122
1 10 2
70 306
1 14 2
9 364
1 8 2
151 181
1 14 2
150 343
1 7 2
39 176
1 5 2
67 499
1 16 2
20 446
1 14 2
385 440
1 12 2
298 329
1 19 2
124 271
1 8 2
0 349
1 15 2
223 372
1 12 2
36 451
1 12 2
94 281
1 16 2
124 324
1 7 2
338 375
1 12 2
92 305
1 12 2
141 368
1 8 2
358 458
1 10 2
48 206
1 3 2
60 226
1 14 2
211 222
1 3 2
402 441
1 16 2
76 274
1 16 2
21 178
1 13 2
52 335
1 14 2
224 387
1 11 2
201 373
1 8 2
144 434
1 12 2
344 473
1 14 2
145 484
1 13 2
56 119
1 16 2
169 456
1 15 2
66 482
1 9 2
71 125
1 18 2
51 325
1 15 2
166 465
1 4 2
252 353
1 12 2
21 317
1 7 2
124 449
1 9 2
46 374
1 4 2
420 442
1 18 2
271 429
1 6 2
258 329
1 6 2
62 212
1 6 2
190 272
1 9 2
78 195
1 16 2
344 429
1 16 2
104 213
1 13 2
32 452
1 8 2
109 168
1 4 2
11 342
1 15 2
300 310
1 15 2
146 453
1 11 2
156 326
1 14 2
111 317
1 6 2
58 129
1 16 2
282 303
1 15 2
173 462
1 8 2
45 87
1 6 2
14 400
1 13 2
54 399
1 3 2
402 491
1 4 2
197 276
1 9 2
95 320
1 6 2
167 334
1 7 2
92 488
1 13 2
267 340
1 10 2
305 347
1 18 2
9 453
1 12 2
243 496
1 11 2
306 441
1 13 2
27 100
1 8 2
267 430
1 9 2
60 146
1 6 2
57 363
1 12 2
25 313
1 13 2
119 210
1 17 2
71 298
1 15 2
84 436
1 13 2
300 303
1 12 2
41 223
1 15 2
24 431
1 9 2
201 425
1 6 2
11 422
1 5 2
147 301
1 8 2
172 286
1 13 2
48 104
1 9 2
300 375
1 5 2
12 244
1 16 2
71 140
1 10 2
119 263
1 11 2
326 391
1 10 2
267 373
1 20 2
111 122
1 18 2
175 468
1 10 2
19 282
1 16 2
36 178
1 3 2
19 483
1 8 2
23 349
1 8 2
245 490
1 2 2
2 409
1 10 2
181 465
1 14 2
196 271
1 7 2
73 405
1 13 2
41 140
1 7 2
281 314
1 13 2
457 471
1 14 2
132 344
1 11 2
107 218
1 10 2
198 391
1 12 2
220 228
1 7 2
187 196
1 13 2
126 310
1 14 2
25 71
1 4 2
45 200
1 6 2
311 326
1 11 2
63 374
1 12 2
167 337
1 12 2
411 422
1 9 2
179 356
1 11 2
243 395
1 12 2
54 247
1 12 2
36 446
1 7 2
162 320
1 16 2
167 248
1 8 2
198 258
1 12 2
175 432
1 10 2
244 281
1 10 2
28 63
1 4 2
269 283
1 11 2
168 271
1 6 2
59 87
1 7 2
145 245
1 9 2
113 114
1 13 2
192 470
1 15 2
35 456
1 9 2
218 291
1 6 2
308 347
1 9 2
347 387
1 7 2
46 117
1 9 2
126 149
1 10 2
170 204
1 7 2
38 432
1 5 2
37 463
1 6 2
52 461
1 11 2
28 451
1 11 2
55 219
1 6 2
107 463
1 7 2
3 115
1 6 2
93 498
1 6 2
256 427
1 16 2
41 352
1 16 2
61 155
1 12 2
238 466
1 9 2
433 464
1 12 2
359 496
1 8 2
203 351
1 8 2
17 489
1 12 2
20 58
1 16 2
73 396
1 18 2
161 266
1 10 2
0 67
1 8 2
57 276
1 16 2
128 248
1 11 2
257 367
1 11 2
290 497
1 10 2
210 437
1 13 2
121 128
1 13 2
337 429
1 7 2
21 405
1 16 2
188 482
1 16 2
111 194
1 11 2
295 306
1 13 2
109 167
1 11 2
211 450
1 8 2
10 361
1 11 2
138 403
1 9 2
145 320
1 5 2
44 207
1 17 2
76 482
1 9 2
139 323
1 13 2
61 133
1 8 2
201 293
1 7 2
58 451
1 7 2
59 133
1 16 2
28 73
1 12 2
107 374
1 13 2
315 479
1 16 2
259 271
1 15 2
119 376
1 7 2
44 116
1 13 2
116 349
1 12 2
48 201
1 10 2
152 221
1 12 2
63 74
1 20 2
440 484
1 16 2
201 325
1 16 2
205 465
1 6 2
60 103
1 6 2
236 247
1 16 2
112 175
1 10 2
290 420
1 8 2
141 480
1 11 2
229 453
1 9 2
119 226
1 3 2
139 415
1 7 2
55 383
1 17 2
51 243
1 9 2
140 430
1 9 2
346 462
1 14 2
192 318
1 11 2
52 211
1 11 2
164 427
1 10 2
23 219
1 18 2
246 327
1 7 2
118 350
1 9 2
112 355
1 18 2
292 445
1 10 2
176 259
1 19 2
9 266
1 10 2
69 395
1 11 2
198 446
1 8 2
289 323
1 7 2
39 113
1 11 2
111 398
1 17 2
192 453
1 8 2
262 302
1 16 2
235 259
1 7 2
164 284
1 7 2
88 245
1 12 2
21 276
1 19 2
111 282
1 8 2
215 440
1 4 2
304 389
1 15 2
382 458
1 16 2
221 372
1 13 2
0 112
1 12 2
228 264
1 18 2
94 325
1 8 2
42 312
1 6 2
280 478
1 5 2
53 332
1 7 2
291 471
1 8 2
60 151
1 19 2
254 494
1 7 2
316 494
1 5 2
121 384
1 13 2
174 492
1 10 2
160 448
1 4 2
273 395
1 15 2
71 343
1 4 2
158 424
1 18 2
119 290
1 8 2
208 376
1 15 2
243 411
1 5 2
58 134
1 8 2
173 299
1 12 2
57 167
1 8 2
310 461
1 18 2
9 359
1 8 2
182 298
1 9 2
329 387
1 14 2
132 246
1 7 2
10 356
1 14 2
265 453
1 15 2
140 246
1 5 2
241 361
1 10 2
331 468
1 7 2
88 321
1 3 2
79 316
1 9 2
258 313
1 8 2
65 385
1 9 2
94 454
1 9 2
75 418
1 6 2
130 387
1 14 2
124 198
1 7 2
68 167
1 11 2
167 281
1 8 2
76 115
1 8 2
130 456
1 19 2
161 282
1 11 2
69 75
1 17 2
71 175
1 14 2
109 380
1 16 2
32 456
1 6 2
394 497
1 9 2
426 462
1 12 2
173 391
1 7 2
101 323
1 8 2
25 375
1 19 2
54 172
1 14 2
36 300
1 10 2
249 456
1 13 2
103 122
1 7 2
147 196
1 4 2
65 197
1 18 2
116 431
1 5 2
1 65
1 12 2
107 274
1 9 2
165 200
1 8 2
132 258
1 18 2
73 323
1 8 2
19 411
1 6 2
42 156
1 3 2
293 304
1 11 2
480 492
1 11 2
177 448
1 10 2
407 424
1 17 2
122 312
1 14 2
91 179
1 9 2
260 440
1 6 2
469 471
1 16 2
109 155
1 8 2
149 236
1 14 2
267 323
1 11 2
61 223
1 10 2
272 446
1 9 2
207 367
1 9 2
120 250
1 16 2
17 72
1 15 2
164 309
1 15 2
84 347
1 2 2
197 286
1 9 2
183 242
1 7 2
260 404
1 12 2
10 380
1 4 2
83 283
1 15 2
7 437
1 17 2
172 224
1 14 2
201 319
1 15 2
163 202
1 7 2
57 459
1 14 2
199 254
1 18 2
192 429
1 8 2
1 368
1 9 2
110 386
1 14 2
116 419
1 13 2
154 343
1 6 2
129 351
1 3 2
8 483
1 17 2
17 266
1 7 2
348 368
1 14 2
22 95
1 9 2
131 380
1 11 2
353 465
1 7 2
375 474
1 8 2
256 368
1 17 2
22 80
1 11 2
30 152
1 5 2
138 423
1 5 2
1 336
1 16 2
91 479
1 10 2
235 236
1 13 2
93 266
1 9 2
433 491
1 9 2
274 286
1 7 2
88 97
1 15 2
265 271
1 11 2
232 437
1 14 2
219 453
1 18 2
73 372
1 17 2
298 310
1 15 2
146 290
1 13 2
74 302
1 7 2
273 317
1 7 2
78 313
1 14 2
3 248
1 10 2
272 427
1 9 2
32 152
1 11 2
277 480
1 7 2
250 371
1 11 2
121 403
1 16 2
319 325
1 13 2
326 404
1 14 2
95 492
1 6 2
175 449
1 5 2
481 496
1 14 2
146 368
1 13 2
238 271
1 4 2
209 263
1 11 2
236 344
1 8 2
162 347
1 18 2
254 429
1 15 2
92 170
1 11 2
27 140
1 5 2
350 451
1 9 2
10 31
1 18 2
323 327
1 13 2
265 275
1 5 2
23 29
1 13 2
234 347
1 11 2
37 246
1 12 2
3 265
1 10 2
473 490
1 9 2
43 482
1 16 2
122 370
1 7 2
113 391
1 18 2
111 116
1 7 2
156 307
1 7 2
36 341
1 4 2
39 304
1 6 2
98 371
1 14 2
306 432
1 11 2
151 450
1 6 2
181 329
1 7 2
4 373
1 13 2
188 343
1 12 2
165 399
1 9 2
246 478
1 7 2
227 451
1 12 2
172 210
1 5 2
11 381
1 10 2
240 318
1 11 2
351 419
1 5 2
403 499
1 5 2
262 469
1 19 2
192 434
1 9 2
45 309
1 10 2
19 431
1 10 2
85 223
1 7 2
166 454
1 8 2
16 220
1 18 2
372 465
1 11 2
53 359
1 11 2
16 234
1 13 2
9 356
1 8 2
226 445
1 15 2
24 54
1 12 2
52 173
1 10 2
23 28
1 15 2
246 368
1 13 2
91 452
1 10 2
38 440
1 13 2
403 404
1 12 2
137 496
1 4 2
42 45
1 6 2
58 361
1 12 2
95 166
1 15 2
91 166
1 12 2
309 470
1 19 2
170 429
1 10 2
233 327
1 9 2
175 280
1 11 2
230 326
1 11 2
193 374
1 10 2
167 276
1 13 2
48 439
1 20 2
155 327
1 14 2
137 492
1 5 2
156 171
1 6 2
432 454
1 8 2
110 202
1 20 2
111 254
1 15 2
177 323
1 16 2
154 298
1 8 2
283 337
1 9 2
92 157
1 13 2
191 194
1 7 2
174 284
1 4 2
40 273
1 12 2
288 376
1 9 2
319 475
1 10 2
174 210
1 10 2
100 217
1 9 2
375 419
1 12 2
188 210
1 12 2
20 394
1 10 2
86 192
1 5 2
13 280
1 12 2
17 106
1 13 2
90 337
1 13 2
151 222
1 15 2
118 266
1 6 2
63 424
1 9 2
54 464
1 13 2
116 317
1 5 2
113 442
1 17 2
246 292
1 11 2
262 352
1 11 2
84 393
1 11 2
203 368
1 6 2
47 343
1 17 2
54 173
1 3 2
77 415
1 9 2
57 336
1 12 2
100 476
1 9 2
281 373
1 12 2
236 413
1 17 2
243 494
1 9 2
364 451
1 14 2
98 243
1 8 2
143 416
1 16 2
9 418
1 6 2
14 143
1 9 2
53 446
1 19 2
386 440
1 11 2
194 281
1 20 2
254 327
1 5 2
346 365
1 16 2
91 188
1 13 2
207 374
1 14 2
73 333
1 15 2
403 462
1 8 2
33 494
1 7 2
291 373
1 12 2
172 199
1 8 2
27 425
1 6 2
67 171
1 9 2
211 236
1 2 2
153 215
1 16 2
319 462
1 8 2
42 259
1 9 2
217 343
1 9 2
96 264
1 7 2
116 120
1 5 2
176 284
1 17 2
254 404
1 9 2
232 322
1 16 2
154 218
1 12 2
155 176
1 7 2
102 165
1 7 2
39 487
1 5 2
16 148
1 20 2
254 482
1 7 2
61 83
1 14 2
35 172
1 14 2
90 132
1 14 2
106 112
1 5 2
75 97
1 13 2
302 457
1 6 2
151 390
1 11 2
7 108
1 9 2
192 204
1 6 2
153 305
1 15 2
266 376
1 15 2
223 352
1 13 2
64 80
1 9 2
34 410
1 10 2
295 413
1 16 2
124 396
1 9 2
45 221
1 17 2
192 490
1 11 2
351 458
1 4 2
107 297
1 14 2
3 150
1 6 2
110 141
1 13 2
119 283
1 7 2
98 136
1 20 2
9 440
1 14 2
61 235
1 9 2
136 218
1 8 2
292 402
1 9 2
150 379
1 10 2
88 232
1 7 2
315 430
1 15 2
61 482
1 17 2
330 434
1 12 2
34 425
1 12 2
3 177
1 14 2
67 259
1 14 2
257 457
1 10 2
32 107
1 6 2
0 459
1 5 2
245 375
1 10 2
142 340
1 16 2
17 335
1 18 2
112 325
1 18 2
17 274
1 12 2
65 80
1 17 2
266 309
1 8 2
233 319
1 13 2
65 372
1 7 2
190 223
1 13 2
126 248
1 6 2
107 113
1 20 2
49 248
1 13 2
248 367
1 4 2
47 258
1 18 2
32 266
1 9 2
265 283
1 8 2
88 498
1 12 2
138 432
1 14 2
92 150
1 5 2
25 355
1 15 2
213 326
1 15 2
128 335
1 12 2
64 67
1 4 2
364 371
1 18 2
213 380
1 8 2
13 163
1 14 2
191 319
1 12 2
274 399
1 13 2
318 325
1 16 2
396 482
1 12 2
75 352
1 18 2
54 76
1 12 2
430 482
1 8 2
181 205
1 10 2
24 141
1 4 2
18 361
1 9 2
356 436
1 17 2
116 413
1 14 2
166 344
1 3 2
59 241
1 13 2
277 396
1 4 2
347 412
1 11 2
220 326
1 9 2
160 347
1 12 2
34 168
1 17 2
161 344
1 11 2
234 351
1 8 2
116 331
1 18 2
124 465
1 16 2
20 340
1 14 2
396 407
1 12 2
94 232
1 12 2
51 473
1 8 2
46 91
1 13 2
108 268
1 8 2
52 270
1 11 2
145 211
1 5 2
316 392
1 17 2
51 116
1 14 2
121 169
1 7 2
232 459
1 8 2
7 477
1 5 2
219 355
1 16 2
84 191
1 13 2
199 250
1 7 2
275 390
1 6 2
428 463
1 8 2
232 395
1 7 2
135 340
1 5 2
217 397
1 11 2
57 92
1 16 2
30 419
1 7 2
105 298
1 14 2
166 325
1 6 2
421 467
1 8 2
174 200
1 16 2
21 221
1 10 2
458 473
1 13 2
53 429
1 11 2
312 496
1 8 2
373 486
1 19 2
21 119
1 12 2
93 396
1 5 2
295 314
1 18 2
91 195
1 6 2
5 478
1 11 2
126 173
1 6 2
365 379
1 13 2
232 372
1 3 2
353 384
1 14 2
243 267
1 7 2
476 478
1 2 2
316 488
1 12 2
62 309
1 8 2
206 421
1 10 2
134 248
1 16 2
80 312
1 3 2
12 256
1 11 2
124 356
1 12 2
71 320
1 9 2
295 439
1 13 2
84 262
1 11 2
106 344
1 11 2
275 320
1 10 2
118 320
1 9 2
273 319
1 8 2
317 425
1 8 2
335 415
1 10 2
224 420
1 10 2
75 88
1 11 2
414 431
1 10 2
16 211
1 17 2
172 386
1 15 2
165 194
1 18 2
100 306
1 11 2
172 217
1 10 2
280 396
1 10 2
134 274
1 13 2
277 479
1 8 2
137 180
1 7 2
113 474
1 14 2
313 439
1 8 2
60 166
1 7 2
219 379
1 3 2
341 491
1 9 2
31 142
1 16 2
122 315
1 13 2
254 394
1 15 2
235 275
1 6 2
227 264
1 14 2
140 386
1 8 2
37 391
1 18 2
150 465
1 9 2
398 411
1 16 2
292 419
1 9 2
129 257
1 11 2
227 228
1 7 2
77 206
1 13 2
93 386
1 7 2
76 461
1 12 2
324 496
1 18 2
17 30
1 16 2
234 382
1 15 2
17 35
1 12 2
305 407
1 19 2
150 434
1 5 2
152 283
1 16 2
80 202
1 13 2
163 337
1 16 2
119 223
1 16 2
71 166
1 4 2
59 473
1 9 2
23 354
1 11 2
173 264
1 6 2
200 394
1 14 2
94 343
1 6 2
55 390
1 6 2
6 240
1 17 2
224 228
1 17 2
248 344
1 17 2
218 372
1 15 2
254 338
1 7 2
16 349
1 9 2
227 330
1 5 2
349 435
1 10 2
196 288
1 9 2
117 385
1 9 2
166 473
1 16 2
94 188
1 8 2
48 176
1 8 2
192 334
1 16 2
439 458
1 12 2
302 368
1 7 2
124 355
1 15 2
323 479
1 15 2
57 413
1 10 2
295 352
1 10 2
100 176
1 6 2
200 280
1 12 2
126 257
1 8 2
237 319
1 14 2
22 333
1 5 2
337 366
1 13 2
146 340
1 7 2
356 473
1 12 2
75 306
1 15 2
194 359
1 17 2
90 250
1 9 2
190 380
1 12 2
126 466
1 10 2
154 486
1 9 2
257 487
1 10 2
90 227
1 14 2
191 313
1 10 2
200 235
1 7 2
187 220
1 18 2
368 413
1 13 2
72 333
1 17 2
275 431
1 17 2
74 178
1 3 2
5 405
1 17 2
34 330
1 13 2
254 281
1 8 2
11 98
1 14 2
88 90
1 10 2
268 353
1 13 2
91 230
1 9 2
330 398
1 7 2
397 432
1 10 2
176 189
1 7 2
98 148
1 14 2
191 456
1 3 2
45 377
1 12 2
17 183
1 11 2
71 463
1 7 2
183 353
1 6 2
336 430
1 10 2
49 261
1 14 2
310 446
1 12 2
55 76
1 19 2
9 472
1 14 2
48 306
1 13 2
175 300
1 6 2
302 379
1 10 2
145 199
1 9 2
407 414
1 5 2
105 338
1 11 2
152 468
1 11 2
46 112
1 7 2
355 431
1 9 2
381 400
1 14 2
325 326
1 11 2
143 211
1 9 2
191 227
1 14 2
446 484
1 14 2
137 326
1 17 2
440 490
1 10 2
219 389
1 3 2
294 334
1 9 2
172 408
1 15 2
32 403
1 6 2
58 176
1 12 2
292 347
1 8 2
272 498
1 15 2
51 275
1 17 2
150 352
1 7 2
87 289
1 7 2
57 115
1 15 2
309 479
1 12 2
243 474
1 10 2
250 278
1 9 2
75 272
1 6 2
229 430
1 9 2
369 472
1 15 2
198 323
1 7 2
361 427
1 3 2
26 346
1 19 2
20 325
1 19 2
112 218
1 11 2
32 421
1 9 2
58 326
1 10 2
71 441
1 13 2
48 456
1 10 2
265 329
1 14 2
335 474
1 9 2
132 425
1 17 2
386 456
1 11 2
125 254
1 16 2
178 268
1 9 2
310 441
1 6 2
85 331
1 14 2
84 206
1 11 2
282 295
1 4 2
229 388
1 11 2
242 411
1 6 2
75 430
1 7 2
249 322
1 16 2
114 228
1 13 2
140 340
1 5 2
190 381
1 12 2
52 370
1 14 2
242 306
1 7 2
144 298
1 17 2
9 370
1 11 2
166 337
1 11 2
119 416
1 15 2
88 352
1 13 2
35 174
1 7 2
3 417
1 7 2
42 202
1 13 2
166 218
1 6 2
62 129
1 9 2
411 416
1 10 2
235 442
1 6 2
242 415
1 14 2
49 162
1 15 2
250 432
1 6 2
331 421
1 13 2
211 400
1 11 2
274 478
1 9 2
29 161
1 15 2
268 418
1 9 2
77 114
1 10 2
178 342
1 9 2
92 389
1 11 2
181 327
1 8 2
125 201
1 8 2
396 426
1 4 2
134 251
1 12 2
191 337
1 13 2
116 496
1 14 2
205 359
1 3 2
18 286
1 16 2
25 30
1 18 2
34 202
1 15 2
22 277
1 13 2
114 194
1 11 2
41 93
1 8 2
122 285
1 17 2
100 243
1 9 2
20 237
1 9 2
154 263
1 8 2
127 396
1 13 2
391 465
1 4 2
6 459
1 14 2
213 305
1 15 2
128 466
1 11 2
41 347
1 16 2
76 218
1 11 2
283 372
1 17 2
80 456
1 9 2
331 382
1 5 2
467 498
1 14 2
146 457
1 3 2
78 89
1 9 2
41 279
1 5 2
79 428
1 13 2
30 264
1 17 2
100 266
1 8 2
181 370
1 13 2
290 364
1 14 2
17 179
1 17 2
9 313
1 6 2
342 365
1 2 2
287 488
1 11 2
267 305
1 14 2
351 434
1 16 2
192 396
1 8 2
117 251
1 7 2
100 182
1 11 2
276 472
1 5 2
101 452
1 10 2
271 321
1 8 2
376 463
1 3 2
14 78
1 10 2
57 206
1 12 2
264 310
1 9 2
268 409
1 20 2
431 482
1 11 2
272 392
1 11 2
140 364
1 10 2
212 431
1 14 2
138 268
1 6 2
245 264
1 15 2
202 490
1 13 2
166 382
1 5 2
68 448
1 13 2
48 91
1 12 2
310 385
1 8 2
154 369
1 16 2
25 254
1 7 2
64 414
1 18 2
228 494
1 12 2
175 493
1 8 2
230 480
1 13 2
268 450
1 12 2
142 374
1 10 2
136 228
1 16 2
282 479
1 15 2
194 453
1 16 2
61 84
1 17 2
21 73
1 8 2
253 374
1 10 2
421 479
1 6 2
70 351
1 14 2
95 290
1 3 2
249 455
1 11 2
51 329
1 20 2
20 327
1 12 2
189 206
1 15 2
352 354
1 4 2
351 406
1 7 2
145 209
1 15 2
205 494
1 11 2
149 333
1 14 2
174 259
1 12 2
90 156
1 8 2
257 488
1 8 2
135 380
1 10 2
93 333
1 14 2
160 482
1 10 2
299 465
1 14 2
359 396
1 7 2
131 164
1 17 2
111 154
1 8 2
177 420
1 9 2
136 250
1 5 2
304 403
1 17 2
222 380
1 14 2
91 305
1 9 2
246 321
1 13 2
95 404
1 15 2
175 431
1 17 2
250 344
1 15 2
3 298
1 13 2
306 389
1 12 2
52 175
1 15 2
164 290
1 12 2
116 264
1 8 2
252 292
1 14 2
28 175
1 11 2
399 407
1 5 2
110 401
1 15 2
76 90
1 14 2
54 317
1 10 2
189 342
1 13 2
25 189
1 11 2
5 192
1 10 2
70 494
1 9 2
145 394
1 10 2
305 356
1 13 2
222 376
1 14 2
74 210
1 6 2
210 464
1 14 2
124 151
1 10 2
221 280
1 20 2
224 468
1 11 2
45 84
1 17 2
67 254
1 15 2
354 494
1 10 2
20 190
1 6 2
101 303
1 9 2
165 478
1 12 2
205 354
1 7 2
40 343
1 16 2
94 118
1 6 2
261 446
1 17 2
104 266
1 11 2
196 313
1 13 2
156 163
1 8 2
92 212
1 7 2
17 378
1 19 2
94 250
1 16 2
266 324
1 14 2
128 370
1 12 2
234 480
1 5 2
79 113
1 8 2
129 219
1 12 2
10 74
1 17 2
74 445
1 16 2
268 310
1 13 2
104 244
1 18 2
221 429
1 15 2
150 313
1 4 2
26 115
1 4 2
70 369
1 12 2
91 149
1 17 2
34 259
1 9 2
27 142
1 13 2
142 468
1 12 2
166 354
1 10 2
168 335
1 10 2
140 336
1 15 2
51 479
1 7 2
339 452
1 15 2
373 440
1 12 2
223 296
1 9 2
42 274
1 9 2
229 239
1 8 2
206 486
1 12 2
107 161
1 8 2
10 427
1 13 2
205 418
1 10 2
352 426
1 5 2
15 315
1 4 2
269 356
1 18 2
22 482
1 12 2
109 132
1 18 2
112 312
1 12 2
5 122
1 8 2
199 389
1 12 2
27 288
1 8 2
58 303
1 10 2
55 230
1 6 2
3 366
1 9 2
236 265
1 15 2
177 433
1 11 2
23 100
1 5 2
131 262
1 13 2
164 166
1 9 2
129 154
1 4 2
4 369
1 11 2
5 306
1 7 2
136 151
1 6 2
249 329
1 18 2
170 178
1 17 2
310 494
1 12 2
93 222
1 9 2
433 475
1 18 2
222 434
1 9 2
119 186
1 18 2
122 221
1 8 2
32 294
1 18 2
440 492
1 14 2
98 340
1 4 2
186 329
1 13 2
240 382
1 12 2
108 429
1 9 2
240 320
1 9 2
156 451
1 8 2
280 446
1 17 2
266 457
1 19 2
34 124
1 17 2
100 472
1 8 2
47 494
1 18 2
298 462
1 18 2
84 275
1 9 2
7 187
1 11 2
39 222
1 7 2
15 170
1 12 2
53 372
1 9 2
237 292
1 8 2
0 446
1 18 2
250 325
1 18 2
271 274
1 13 2
265 490
1 20 2
111 306
1 11 2
103 111
1 12 2
54 187
1 11 2
85 146
1 17 2
466 472
1 7 2
399 430
1 3 2
115 469
1 5 2
159 179
1 8 2
9 371
1 14 2
72 177
1 14 2
100 343
1 13 2
124 450
1 7 2
280 357
1 5 2
305 334
1 9 2
232 238
1 15 2
119 149
1 10 2
69 152
1 12 2
370 492
1 8 2
273 330
1 9 2
32 342
1 10 2
23 118
1 10 2
56 313
1 7 2
29 198
1 7 2
209 238
1 14 2
169 201
1 9 2
168 300
1 6 2
247 356
1 5 2
262 438
1 5 2
166 334
1 7 2
12 274
1 3 2
286 383
1 11 2
238 471
1 7 2
208 428
1 9 2
246 393
1 17 2
112 330
1 14 2
74 337
1 12 2
229 372
1 4 2
46 273
1 7 2
402 490
1 9 2
313 345
1 7 2
129 422
1 6 2
135 418
1 13 2
230 259
1 12 2
30 320
1 6 2
270 283
1 10 2
57 183
1 11 2
357 396
1 7 2
181 364
1 7 2
6 173
1 8 2
109 441
1 7 2
55 263
1 17 2
323 445
1 4 2
286 487
1 9 2
128 279
1 9 2
284 298
1 7 2
181 376
1 5 2
209 342
1 17 2
372 494
1 11 2
315 452
1 7 2
135 326
1 8 2
120 335
1 16 2
21 453
1 5 2
18 25
1 12 2
151 370
1 6 2
141 251
1 6 2
68 198
1 13 2
179 419
1 14 2
66 228
1 16 2
137 178
1 18 2
431 439
1 14 2
387 484
1 14 2
108 112
1 9 2
307 309
1 12 2
357 462
1 14 2
246 419
1 11 2
161 270
1 8 2
44 111
1 12 2
188 317
1 15 2
303 482
1 15 2
167 372
1 7 2
128 390
1 11 2
208 445
1 10 2
8 274
1 16 2
104 462
1 8 2
60 138
1 8 2
393 479
1 5 2
183 297
1 4 2
14 147
1 13 2
195 446
1 13 2
64 292
1 16 2
324 352
1 8 2
274 390
1 11 2
272 326
1 6 2
328 353
1 16 2
246 380
1 14 2
119 281
1 7 2
97 303
1 20 2
161 250
1 7 2
207 339
1 13 2
41 437
1 10 2
86 228
1 7 2
45 240
1 7 2
445 495
1 9 2
306 481
1 8 2
356 391
1 12 2
128 238
1 10 2
260 372
1 12 2
239 471
1 10 2
328 370
1 7 2
50 114
1 14 2
141 440
1 10 2
149 207
1 10 2
133 142
1 8 2
7 135
1 17 2
257 482
1 7 2
211 438
1 9 2
204 213
1 13 2
282 338
1 16 2
259 484
1 18 2
119 172
1 5 2
31 384
1 13 2
234 436
1 15 2
306 392
1 12 2
5 440
1 6 2
177 415
1 15 2
272 440
1 5 2
252 450
1 18 2
195 235
1 16 2
154 433
1 3 2
295 485
1 9 2
93 476
1 10 2
21 345
1 10 2
236 396
1 8 2
331 400
1 7 2
65 381
1 15 2
111 437
1 14 2
128 174
1 9 2
236 300
1 13 2
296 437
1 17 2
21 374
1 19 2
69 434
1 8 2
362 439
1 15 2
312 429
1 14 2
71 141
1 14 2
22 392
1 14 2
31 298
1 9 2
82 453
1 6 2
421 442
1 12 2
206 466
1 11 2
206 244
1 17 2
194 468
1 15 2
64 482
1 3 2
297 379
1 3 2
181 197
1 15 2
170 354
1 14 2
132 482
1 10 2
98 320
1 7 2
258 496
1 8 2
153 221
1 8 2
158 282
1 13 2
31 494
1 9 2
30 97
1 3 2
231 252
1 14 2
17 98
1 16 2
290 456
1 12 2
216 434
1 11 2
77 440
1 12 2
300 343
1 13 2
242 268
1 9 2
244 470
1 16 2
74 479
1 12 2
121 143
1 12 2
146 240
1 8 2
60 419
1 12 2
249 254
1 7 2
418 426
1 9 2
62 240
1 9 2
83 90
1 14 2
118 382
1 16 2
195 259
1 8 2
37 436
1 4 2
97 212
1 5 2
6 279
1 13 2
235 373
1 12 2
27 35
1 14 2
277 407
1 7 2
239 362
1 10 2
396 425
1 9 2
279 376
1 13 2
422 429
1 10 2
239 385
1 6 2
209 349
1 17 2
17 292
1 5 2
233 345
1 10 2
77 91
1 12 2
354 392
1 9 2
79 494
1 2 2
158 252
1 18 2
386 431
1 11 2
4 327
1 9 2
216 457
1 6 2
232 284
1 11 2
126 167
1 11 2
80 176
1 7 2
15 28
1 15 2
35 235
1 14 2
282 421
1 10 2
177 196
1 12 2
72 338
1 8 2
4 201
1 11 2
283 453
1 17 2
163 250
1 9 2
172 442
1 12 2
61 277
1 12 2
303 471
1 12 2
392 404
1 10 2
303 389
1 10 2
65 191
1 15 2
34 48
1 7 2
42 189
1 11 2
470 492
1 12 2
98 303
1 7 2
139 466
1 15 2
122 149
1 18 2
386 434
1 11 2
121 448
1 7 2
105 133
1 10 2
72 470
1 10 2
361 419
1 7 2
340 384
1 16 2
98 248
1 7 2
25 426
1 13 2
290 303
1 6 2
38 48
1 9 2
266 363
1 15 2
21 173
1 7 2
25 45
1 7 2
239 498
1 6 2
129 473
1 9 2
65 318
1 6 2
166 341
1 11 2
112 430
1 4 2
200 438
1 16 2
28 325
1 8 2
134 174
1 13 2
328 434
1 15 2
163 382
1 16 2
80 382
1 11 2
238 392
1 10 2
324 430
1 14 2
51 143
1 7 2
132 284
1 16 2
34 61
1 8 2
56 147
1 5 2
208 442
1 10 2
132 240
1 13 2
201 493
1 16 2
445 466
1 13 2
173 205
1 6 2
6 156
1 11 2
160 396
1 11 2
147 310
1 12 2
281 309
1 17 2
122 201
1 18 2
32 352
1 9 2
105 468
1 9 2
468 489
1 11 2
32 62
1 3 2
278 483
1 16 2
80 439
1 11 2
52 121
1 16 2
67 323
1 17 2
268 359
1 7 2
64 79
1 8 2
136 222
1 12 2
205 265
1 7 2
244 258
1 9 2
96 476
1 8 2
130 202
1 11 2
0 221
1 16 2
166 306
1 9 2
404 473
1 16 2
116 310
1 10 2
266 441
1 13 2
34 473
1 16 2
30 146
1 13 2
298 399
1 10 2
93 191
1 15 2
91 164
1 7 2
24 401
1 15 2
90 479
1 13 2
150 385
1 8 2
200 223
1 17 2
116 221
1 8 2
428 432
1 10 2
76 394
1 5 2
145 289
1 5 2
110 487
1 17 2
155 167
1 3 2
182 459
1 12 2
210 243
1 9 2
187 453
1 16 2
188 250
1 14 2
391 431
1 9 2
8 116
1 11 2
394 492
1 17 2
111 325
1 13 2
206 344
1 9 2
1 465
1 10 2
264 404
1 17 2
352 484
1 17 2
17 84
1 13 2
7 85
1 13 2
25 154
1 13 2
56 274
1 12 2
240 319
1 13 2
173 411
1 5 2
107 294
1 14 2
9 149
1 15 2
118 246
1 13 2
257 267
1 18 2
22 119
1 12 2
189 427
1 10 2
317 354
1 11 2
175 196
1 12 2
63 282
1 11 2
309 399
1 17 2
259 327
1 7 2
149 398
1 8 2
276 317
1 3 2
251 489
1 5 2
15 354
1 9 2
46 466
1 12 2
143 326
1 16 2
306 387
1 17 2
73 319
1 7 2
16 152
1 11 2
69 157
1 15 2
219 413
1 13 2
170 281
1 15 2
174 466
1 6 2
236 336
1 9 2
168 400
1 12 2
119 147
1 4 2
209 414
1 11 2
55 223
1 14 2
118 164
1 11 2
227 323
1 12 2
137 338
1 3 2
42 127
1 9 2
442 490
1 9 2
35 497
1 5 2
244 377
1 16 2
324 325
1 9 2
24 203
1 8 2
354 416
1 12 2
31 419
1 9 2
152 396
1 18 2
21 266
1 12 2
16 51
1 7 2
234 388
1 6 2
83 199
1 18 2
271 482
1 4 2
273 475
1 9 2
106 232
1 10 2
84 321
1 10 2
232 343
1 9 2
268 291
1 5 2
197 322
1 16 2
76 292
1 15 2
218 354
1 9 2
464 472
1 5 2
65 135
1 8 2
352 454
1 7 2
144 429
1 8 2
254 412
1 10 2
408 494
1 15 2
198 431
1 11 2
259 357
1 9 2
205 301
1 17 2
124 382
1 15 2
51 191
1 3 2
346 481
1 15 2
117 122
1 11 2
55 87
1 9 2
7 60
1 10 2
72 270
1 8 2
277 350
1 9 2
57 85
1 9 2
1 224
1 6 2
157 345
1 18 2
114 119
1 8 2
161 366
1 17 2
374 411
1 12 2
52 267
1 13 2
121 221
1 9 2
10 57
1 10 2
52 57
1 4 2
168 350
1 7 2
198 397
1 5 2
53 131
1 9 2
17 417
1 9 2
166 270
1 13 2
323 349
1 14 2
124 493
1 9 2
38 91
1 20 2
250 266
1 5 2
47 373
1 10 2
113 154
1 15 2
290 312
1 6 2
120 419
1 6 2
77 329
1 4 2
26 273
1 16 2
154 484
1 13 2
151 344
1 8 2
438 466
1 17 2
235 323
1 15 2
137 400
1 7 2
81 309
1 11 2
177 281
1 3 2
345 355
1 14 2
306 474
1 11 2
57 211
1 12 2
25 201
1 13 2
175 418
1 7 2
12 327
1 5 2
196 241
1 3 2
15 314
1 7 2
347 420
1 17 2
165 380
1 9 2
312 463
1 10 2
299 484
1 16 2
51 330
1 13 2
177 201
1 13 2
191 330
1 6 2
64 489
1 8 2
46 116
1 14 2
202 411
1 4 2
131 263
1 9 2
162 240
1 14 2
21 98
1 5 2
217 475
1 9 2
240 367
1 8 2
321 472
1 16 2
74 146
1 15 2
17 114
1 17 2
90 266
1 2 2
159 185
1 9 2
75 151
1 11 2
343 354
1 8 2
127 457
1 14 2
67 243
1 13 2
315 359
1 8 2
177 314
1 13 2
151 456
1 12 2
220 479
1 10 2
60 462
1 8 2
226 372
1 13 2
66 248
1 9 2
58 419
1 13 2
198 292
1 16 2
67 462
1 4 2
415 486
1 13 2
94 364
1 11 2
61 64
1 6 2
160 261
1 8 2
10 232
1 8 2
138 430
1 17 2
71 222
1 12 2
39 335
1 13 2
87 177
1 4 2
106 304
1 19 2
266 282
1 16 2
80 319
1 2 2
101 261
1 3 2
33 346
1 13 2
96 218
1 13 2
428 440
1 10 2
21 134
1 13 2
64 352
1 14 2
32 177
1 11 2
340 349
1 6 2
144 163
1 10 2
90 342
1 15 2
71 437
1 6 2
113 236
1 14 2
112 141
1 14 2
64 84
1 9 2
176 305
1 7 2
225 319
1 10 2
207 446
1 3 2
360 405
1 8 2
153 218
1 7 2
272 273
1 12 2
174 387
1 11 2
58 282
1 3 2
241 252
1 9 2
285 306
1 14 2
166 292
1 7 2
66 270
1 17 2
282 445
1 15 2
234 265
1 7 2
428 470
1 17 2
310 327
1 11 2
309 394
1 15 2
228 396
1 6 2
191 378
1 18 2
32 74
1 7 2
58 106
1 8 2
78 137
1 9 2
223 394
1 10 2
327 397
1 13 2
96 465
1 5 2
139 365
1 8 2
126 183
1 9 2
38 80
1 11 2
283 413
1 16 2
213 458
1 14 2
235 400
1 10 2
55 199
1 12 2
80 107
1 13 2
72 444
1 14 2
80 95
1 14 2
146 330
1 15 2
211 434
1 18 2
17 468
1 10 2
27 207
1 14 2
149 445
1 8 2
244 416
1 17 2
67 468
1 11 2
37 116
1 11 2
166 183
1 11 2
187 266
1 13 2
205 222
1 8 2
46 319
1 16 2
146 372
1 15 2
275 335
1 7 2
295 302
1 13 2
167 239
1 8 2
237 482
1 18 2
178 327
1 9 2
181 324
1 16 2
271 396
1 5 2
67 287
1 12 2
421 445
1 18 2
84 243
1 14 2
370 429
1 10 2
300 328
1 9 2
5 275
1 18 2
73 170
1 16 2
128 352
1 11 2
32 157
1 15 2
164 325
1 11 2
301 468
1 14 2
248 493
1 12 2
45 468
1 7 2
146 245
1 7 2
298 355
1 7 2
130 419
1 10 2
48 85
1 6 2
339 367
1 20 2
271 468
1 10 2
338 493
1 8 2
165 339
1 5 2
168 475
1 6 2
24 241
1 15 2
22 219
1 19 2
9 30
1 7 2
130 201
1 9 2
66 474
1 16 2
17 429
1 10 2
126 337
1 13 2
35 41
1 15 2
173 380
1 16 2
114 431
1 13 2
138 234
1 12 2
203 221
1 14 2
272 380
1 14 2
54 364
1 9 2
429 438
1 8 2
90 489
1 10 2
34 442
1 13 2
272 382
1 12 2
203 250
1 8 2
297 484
1 8 2
124 131
1 13 2
166 400
1 6 2
139 373
1 14 2
213 219
1 7 2
151 397
1 8 2
178 180
1 8 2
244 276
1 13 2
386 471
1 13 2
20 424
1 12 2
56 128
1 16 2
192 457
1 14 2
35 330
1 13 2
3 202
1 5 2
159 238
1 13 2
235 418
1 10 2
7 208
1 11 2
407 448
1 12 2
179 277
1 6 2
114 186
1 13 2
28 52
1 18 2
172 482
1 12 2
66 133
1 9 2
45 300
1 13 2
230 382
1 18 2
73 325
1 8 2
42 165
1 11 2
221 283
1 7 2
97 313
1 8 2
18 344
1 3 2
18 393
1 14 2
239 386
1 18 2
74 386
1 12 2
262 298
1 7 2
437 488
1 13 2
145 372
1 9 2
202 459
1 13 2
372 391
1 5 2
62 70
1 11 2
146 338
1 15 2
124 265
1 11 2
330 357
1 17 2
54 72
1 13 2
163 239
1 5 2
5 401
1 6 2
62 236
1 5 2
123 229
1 5 2
65 388
1 19 2
30 71
1 12 2
92 219
1 17 2
457 494
1 13 2
66 386
1 14 2
3 32
1 6 2
251 446
1 6 2
317 346
1 4 2
130 426
1 11 2
75 221
1 7 2
270 480
1 17 2
221 380
1 16 2
34 404
1 14 2
98 189
1 11 2
3 151
1 13 2
413 452
1 6 2
167 184
1 12 2
156 324
1 19 2
298 434
1 13 2
3 445
1 10 2
283 313
1 9 2
369 466
1 6 2
338 417
1 9 2
56 436
1 6 2
138 489
1 8 2
3 247
1 13 2
84 399
1 9 2
28 86
1 6 2
269 326
1 10 2
27 496
1 9 2
4 400
1 5 2
200 270
1 7 2
134 160
1 8 2
13 114
1 8 2
422 497
1 7 2
175 454
1 13 2
114 333
1 6 2
151 153
1 5 2
38 236
1 7 2
179 426
1 13 2
194 330
1 15 2
161 387
1 11 2
267 272
1 6 2
11 238
1 7 2
8 173
1 19 2
323 465
1 17 2
254 419
1 10 2
195 270
1 5 2
47 117
1 12 2
155 395
1 17 2
222 250
1 9 2
342 411
1 4 2
11 307
1 5 2
375 379
1 14 2
87 221
1 12 2
57 354
1 7 2
63 322
1 5 2
96 350
1 9 2
136 146
1 3 2
426 455
1 4 2
105 270
1 5 2
451 464
1 7 2
138 233
1 6 2
46 391
1 13 2
117 340
1 10 2
272 365
1 17 2
246 335
1 14 2
265 386
