500 3000 1500
9 23 8 8 5 7 9 21 7 7 24 18 5 10 22 13 17 14 6 12 13 13 25 24 19 6 19 7 17 15 19 10 23 8 5 23 12 15 9 12 21 6 22 16 21 8 18 12 22 19 20 16 12 13 21 11 11 5 8 12 8 19 23 25 23 12 10 10 22 15 19 5 21 7 22 19 16 13 18 19 12 5 8 19 24 12 16 10 8 14 10 10 22 23 13 20 17 23 16 21 24 25 9 18 25 17 11 15 6 17 23 15 8 15 8 6 17 5 11 18 18 16 17 17 11 8 19 9 17 14 17 13 7 24 7 10 22 24 12 14 6 8 8 18 23 24 17 12 21 20 18 11 21 23 10 7 7 17 17 16 12 9 16 14 14 12 11 25 15 21 23 7 11 22 20 12 15 14 7 21 5 15 17 13 11 5 23 17 18 21 18 16 20 11 9 13 7 23 20 9 13 12 6 23 11 22 20 24 25 16 14 24 7 21 16 16 5 24 12 12 8 6 12 21 14 6 25 18 22 13 16 8 24 7 23 21 5 15 9 7 16 25 25 22 8 13 17 17 13 10 23 10 17 5 14 23 25 7 5 11 11 23 11 5 18 7 15 23 18 21 21 21 13 25 8 7 15 15 12 16 10 11 9 10 15 24 15 17 22 7 7 20 24 9 16 16 11 12 17 21 11 15 16 15 14 9 18 7 23 5 24 21 11 5 18 6 22 20 24 20 20 17 20 9 24 9 9 12 10 23 6 5 19 16 9 20 19 8 8 14 9 6 8 25 15 19 20 9 17 13 25 9 5 15 12 20 21 12 11 8 10 9 18 20 24 11 25 7 15 10 5 8 15 6 7 6 6 20 9 9 5 21 14 7 15 22 16 22 14 13 25 21 11 20 6 25 15 14 6 6 5 17 14 9 23 15 25 14 15 9 9 16 9 6 19 25 13 21 5 8 19 23 8 6 19 16 9 18 23 23 9 7 12 8 16 20 14 21 11 18 6 25 13 20 18 20 9 17 20 22 19 22 23 12 18 14 21 13 16 10 19 13 16 16 25 10 16 11 11 19 20 5 10 5 8 24 11 12 25 20 13 11 22 10 12 24 11 25 25 10 18 17 17 9 10 9 14 7 5 22
16 4 5 17 9 7 3 7 4 10 14 17 11 9 5 14 12 19 8 10 7 18 13 6 7 17 20 5 9 15 13 18 19 18 7 14 18 5 8 4 15 19 3 4 15 3 18 20 20 20 11 12 13 10 11 10 16 3 17 10 8 18 5 11 11 3 11 4 20 10 14 14 9 8 16 9 12 8 17 18 11 6 19 3 4 16 18 20 19 13 14 12 9 16 7 10 3 5 3 17 10 19 20 5 3 15 9 15 19 7 14 7 4 9 17 6 19 11 5 14 6 4 11 18 12 17 9 18 10 13 14 8 3 5 17 8 9 17 14 3 15 18 17 5 8 19 9 15 9 7 8 3 9 6 20 13 13 16 8 17 14 5 13 12 4 14 17 10 19 16 16 3 14 15 20 8 17 10 3 10 5 17 10 5 9 18 14 3 13 15 11 4 9 10 8 16 9 15 20 7 14 9 16 16 3 18 12 13 16 14 17 18 15 7 15 14 15 19 18 6 18 16 6 14 17 11 15 4 19 15 18 15 5 8 13 16 8 11 7 7 4 20 4 17 16 4 11 15 12 5 20 13 18 12 4 20 11 16 19 8 20 9 17 9 15 12 12 13 14 20 16 17 9 13 13 14 9 17 12 15 3 17 17 10 6 10 15 18 14 5 8 6 3 15 14 12 19 14 9 11 9 13 15 18 9 16 3 6 16 8 11 5 13 9 14 13 3 6 16 6 6 16 12 11 11 6 6 3 19 19 17 19 14 13 11 15 18 17 16 5 5 13 20 3 20 10 17 6 11 17 11 20 10 18 9 18 8 10 3 13 3 13 16 17 4 7 3 15 9 6 16 9 4 15 6 8 19 11 16 8 14 18 4 5 6 20 3 8 6 13 7 11 17 8 14 10 3 5 15 4 11 15 19 5 14 16 4 14 13 7 14 4 10 4 6 3 5 20 4 15 14 20 8 14 20 12 13 18 9 6 4 9 10 18 15 13 8 19 9 11 18 14 15 14 19 3 17 14 12 13 19 11 11 17 13 10 18 13 20 17 18 4 12 4 8 4 6 6 19 11 4 9 10 6 11 8 5 9 4 6 17 20 11 20 14 8 9 15 4 8 16 10 7 6 20 4 15 4 5 17
1 15 2
322 437
1 12 2
181 203
1 7 2
79 334
1 8 2
158 477
1 9 2
61 436
1 9 2
327 377
1 6 2
213 380
1 9 2
150 408
1 4 2
108 339
1 5 2
195 489
1 18 2
74 104
1 6 2
171 444
1 6 2
247 359
1 8 2
251 355
1 9 2
63 326
1 5 2
244 294
1 6 2
178 435
1 10 2
198 294
1 13 2
68 306
1 12 2
148 463
1 6 2
166 168
1 17 2
167 417
1 7 2
103 260
1 12 2
301 451
1 13 2
136 314
1 15 2
421 435
1 11 2
61 182
1 8 2
163 191
1 10 2
272 320
1 9 2
31 451
1 8 2
18 441
1 14 2
273 295
1 18 2
320 395
1 9 2
84 422
1 11 2
405 451
1 8 2
338 452
1 10 2
109 306
1 6 2
338 348
1 6 2
393 471
1 9 2
376 487
1 10 2
277 470
1 10 2
61 191
1 14 2
26 437
1 9 2
238 390
1 11 2
353 387
1 11 2
68 175
1 20 2
241 350
1 10 2
267 481
1 8 2
361 479
1 12 2
11 393
1 7 2
186 352
1 5 2
378 402
1 8 2
38 381
1 10 2
47 169
1 10 2
300 329
1 12 2
24 460
1 8 2
126 459
1 14 2
121 441
1 14 2
43 292
1 3 2
142 410
1 6 2
290 469
1 7 2
46 296
1 14 2
92 346
1 5 2
416 468
1 6 2
270 498
1 6 2
135 333
1 3 2
330 360
1 10 2
426 485
1 14 2
43 395
1 15 2
149 387
1 12 2
42 182
1 18 2
22 437
1 10 2
11 116
1 11 2
217 457
1 2 2
342 431
1 12 2
68 462
1 14 2
207 447
1 6 2
230 481
1 11 2
39 84
1 12 2
162 169
1 7 2
346 495
1 12 2
32 248
1 16 2
152 452
1 11 2
35 53
1 7 2
146 468
1 15 2
192 475
1 13 2
110 295
1 10 2
327 452
1 15 2
7 322
1 12 2
386 391
1 10 2
14 131
1 18 2
84 310
1 4 2
52 383
1 11 2
151 406
1 8 2
236 464
1 8 2
107 368
1 11 2
453 475
1 4 2
53 330
1 10 2
11 425
1 8 2
360 437
1 18 2
167 356
1 7 2
193 306
1 9 2
198 442
1 13 2
30 322
1 10 2
364 486
1 8 2
132 207
1 9 2
150 436
1 5 2
88 121
1 10 2
10 31
1 15 2
136 271
1 8 2
5 428
1 10 2
66 211
1 6 2
87 295
1 9 2
31 288
1 13 2
32 492
1 3 2
67 108
1 4 2
58 280
1 18 2
100 207
1 10 2
285 459
1 15 2
314 487
1 18 2
97 421
1 11 2
17 148
1 3 2
38 134
1 11 2
143 150
1 16 2
288 404
1 6 2
129 365
1 13 2
32 458
1 8 2
29 389
1 15 2
243 448
1 19 2
292 478
1 9 2
0 261
1 11 2
273 360
1 14 2
32 128
1 15 2
101 491
1 16 2
100 317
1 8 2
28 77
1 5 2
455 465
1 19 2
93 364
1 13 2
407 487
1 7 2
48 178
1 7 2
37 165
1 8 2
232 431
1 16 2
206 395
1 10 2
256 323
1 14 2
348 390
1 9 2
264 339
1 6 2
3 246
1 5 2
19 106
1 14 2
101 301
1 17 2
381 390
1 15 2
74 435
1 9 2
190 388
1 6 2
34 235
1 5 2
77 409
1 7 2
250 258
1 6 2
16 361
1 6 2
247 305
1 16 2
364 377
1 8 2
200 490
1 14 2
111 343
1 20 2
101 406
1 18 2
101 136
1 13 2
415 455
1 15 2
119 488
1 6 2
6 353
1 13 2
10 301
1 14 2
93 121
1 11 2
406 483
1 7 2
202 421
1 18 2
152 324
1 8 2
102 288
1 12 2
92 109
1 14 2
311 424
1 3 2
371 446
1 18 2
390 456
1 12 2
304 308
1 8 2
47 83
1 13 2
335 345
1 10 2
22 82
1 4 2
71 434
1 5 2
233 333
1 20 2
104 350
1 3 2
361 446
1 5 2
113 305
1 13 2
402 478
1 13 2
119 435
1 14 2
61 437
1 18 2
144 234
1 11 2
65 255
1 5 2
77 166
1 17 2
241 355
1 9 2
42 161
1 5 2
154 461
1 19 2
207 421
1 7 2
433 450
1 7 2
20 69
1 8 2
255 433
1 5 2
51 433
1 12 2
279 319
1 7 2
52 247
1 13 2
190 443
1 18 2
145 153
1 7 2
252 361
1 6 2
75 253
1 11 2
24 162
1 3 2
289 430
1 6 2
240 438
1 8 2
220 385
1 18 2
366 456
1 18 2
170 475
1 15 2
306 324
1 15 2
74 291
1 19 2
133 452
1 3 2
259 263
1 14 2
99 291
1 14 2
356 363
1 4 2
183 290
1 7 2
44 431
1 15 2
320 385
1 11 2
229 255
1 9 2
228 326
1 10 2
254 377
1 11 2
44 389
1 13 2
217 301
1 13 2
97 434
1 11 2
26 294
1 10 2
355 368
1 12 2
234 466
1 12 2
123 391
1 19 2
10 406
1 11 2
75 333
1 8 2
107 162
1 13 2
113 390
1 7 2
105 238
1 15 2
311 381
1 10 2
123 362
1 14 2
355 377
1 7 2
89 339
1 16 2
149 186
1 5 2
151 461
1 7 2
146 459
1 10 2
31 211
1 18 2
104 270
1 7 2
272 295
1 17 2
10 311
1 4 2
77 221
1 16 2
104 182
1 8 2
49 297
1 6 2
55 176
1 14 2
137 240
1 7 2
185 207
1 6 2
38 128
1 7 2
349 372
1 9 2
144 360
1 10 2
481 485
1 14 2
198 235
1 4 2
52 67
1 7 2
128 410
1 16 2
170 316
1 11 2
21 267
1 13 2
333 429
1 16 2
61 318
1 14 2
192 391
1 5 2
247 330
1 6 2
312 388
1 8 2
247 354
1 15 2
206 308
1 5 2
52 325
1 5 2
65 262
1 10 2
151 318
1 10 2
152 457
1 16 2
75 441
1 14 2
51 217
1 11 2
15 110
1 10 2
158 279
1 16 2
119 441
1 5 2
369 457
1 14 2
32 264
1 9 2
84 141
1 2 2
313 410
1 9 2
68 327
1 4 2
134 405
1 14 2
70 288
1 10 2
184 391
1 10 2
16 51
1 14 2
23 454
1 2 2
114 398
1 14 2
408 488
1 9 2
124 456
1 9 2
37 123
1 5 2
309 427
1 12 2
211 344
1 7 2
8 437
1 13 2
107 350
1 17 2
437 485
1 3 2
36 132
1 11 2
83 401
1 2 2
27 418
1 9 2
206 248
1 12 2
11 291
1 12 2
234 266
1 13 2
227 363
1 9 2
13 452
1 2 2
117 370
1 17 2
54 404
1 7 2
99 117
1 12 2
129 329
1 14 2
404 439
1 10 2
78 286
1 12 2
173 405
1 14 2
208 425
1 5 2
220 279
1 16 2
267 269
1 15 2
186 346
1 7 2
291 347
1 11 2
241 312
1 11 2
97 480
1 6 2
445 471
1 6 2
76 244
1 18 2
223 390
1 5 2
396 433
1 19 2
364 395
1 6 2
195 201
1 9 2
115 145
1 16 2
150 364
1 20 2
35 406
1 4 2
85 398
1 16 2
213 318
1 8 2
168 214
1 18 2
167 269
1 13 2
158 173
1 7 2
462 467
1 14 2
228 336
1 20 2
133 343
1 9 2
157 368
1 11 2
268 314
1 9 2
128 230
1 16 2
186 269
1 5 2
159 409
1 9 2
118 152
1 11 2
421 432
1 12 2
83 336
1 16 2
228 449
1 10 2
229 288
1 7 2
393 493
1 14 2
159 488
1 16 2
292 322
1 5 2
200 323
1 16 2
356 485
1 13 2
230 273
1 6 2
31 187
1 9 2
194 316
1 6 2
181 249
1 11 2
6 63
1 9 2
371 485
1 9 2
37 405
1 4 2
354 367
1 17 2
32 428
1 7 2
36 86
1 7 2
164 181
1 8 2
231 243
1 4 2
47 231
1 11 2
24 130
1 9 2
242 383
1 13 2
11 95
1 9 2
64 459
1 15 2
136 448
1 8 2
257 385
1 9 2
52 319
1 15 2
101 150
1 9 2
43 492
1 11 2
146 306
1 15 2
99 417
1 7 2
301 461
1 12 2
76 186
1 12 2
149 252
1 14 2
320 445
1 18 2
93 234
1 8 2
352 488
1 13 2
181 242
1 8 2
324 341
1 14 2
295 390
1 8 2
17 240
1 7 2
206 412
1 8 2
122 245
1 17 2
211 346
1 3 2
474 494
1 7 2
340 460
1 5 2
30 236
1 9 2
51 266
1 18 2
451 487
1 6 2
138 177
1 4 2
342 442
1 12 2
7 190
1 15 2
26 62
1 7 2
37 389
1 7 2
53 405
1 8 2
73 261
1 7 2
385 394
1 4 2
248 371
1 10 2
268 396
1 14 2
62 121
1 10 2
189 222
1 12 2
206 268
1 20 2
84 415
1 14 2
385 460
1 7 2
58 469
1 10 2
270 278
1 15 2
190 292
1 8 2
363 465
1 8 2
317 446
1 20 2
256 343
1 10 2
326 441
1 13 2
28 68
1 10 2
306 368
1 5 2
151 382
1 14 2
28 144
1 12 2
101 480
1 9 2
30 312
1 11 2
364 494
1 11 2
48 53
1 9 2
234 323
1 8 2
48 156
1 19 2
68 242
1 10 2
222 269
1 7 2
219 463
1 16 2
74 228
1 18 2
234 255
1 14 2
393 479
1 16 2
192 421
1 15 2
126 267
1 9 2
164 444
1 12 2
44 298
1 11 2
188 439
1 10 2
294 298
1 4 2
413 434
1 9 2
52 451
1 14 2
99 317
1 9 2
148 477
1 6 2
118 284
1 14 2
50 235
1 15 2
30 267
1 11 2
302 306
1 13 2
133 168
1 10 2
28 79
1 14 2
104 458
1 18 2
42 415
1 18 2
387 406
1 12 2
292 457
1 18 2
270 488
1 15 2
234 450
1 8 2
27 228
1 17 2
451 452
1 19 2
256 329
1 19 2
137 242
1 11 2
242 281
1 8 2
207 239
1 5 2
260 476
1 9 2
288 438
1 4 2
20 141
1 10 2
105 247
1 7 2
119 124
1 10 2
79 129
1 10 2
143 353
1 10 2
47 170
1 18 2
213 285
1 6 2
204 353
1 7 2
222 230
1 9 2
203 325
1 13 2
350 405
1 17 2
350 479
1 7 2
179 399
1 14 2
146 452
1 4 2
69 202
1 10 2
30 396
1 9 2
437 494
1 14 2
206 385
1 11 2
172 256
1 11 2
47 211
1 9 2
319 392
1 10 2
294 333
1 16 2
93 437
1 6 2
341 346
1 15 2
11 167
1 11 2
107 288
1 7 2
281 301
1 3 2
289 342
1 17 2
393 415
1 17 2
10 288
1 20 2
406 415
1 18 2
42 485
1 7 2
181 201
1 13 2
368 429
1 7 2
47 372
1 9 2
108 285
1 12 2
93 266
1 5 2
94 184
1 12 2
120 336
1 14 2
145 425
1 5 2
19 465
1 11 2
335 368
1 15 2
137 227
1 11 2
174 434
1 8 2
382 462
1 7 2
179 471
1 4 2
418 466
1 20 2
242 310
1 9 2
141 217
1 6 2
176 300
1 8 2
78 327
1 19 2
310 485
1 11 2
62 160
1 2 2
34 376
1 12 2
242 477
1 10 2
208 340
1 4 2
9 210
1 16 2
174 404
1 16 2
336 350
1 9 2
335 402
1 11 2
211 432
1 15 2
192 255
1 8 2
16 20
1 6 2
102 264
1 6 2
218 304
1 11 2
235 277
1 5 2
124 165
1 9 2
317 468
1 12 2
298 345
1 9 2
41 226
1 14 2
243 268
1 13 2
381 450
1 11 2
110 160
1 10 2
349 355
1 9 2
36 320
1 10 2
266 435
1 17 2
10 228
1 5 2
78 185
1 10 2
72 183
1 19 2
63 207
1 13 2
273 407
1 9 2
274 451
1 17 2
211 393
1 10 2
325 406
1 14 2
14 119
1 2 2
161 471
1 15 2
306 415
1 8 2
213 257
1 7 2
36 43
1 18 2
404 421
1 9 2
419 475
1 11 2
99 176
1 14 2
128 292
1 2 2
253 265
1 5 2
8 252
1 10 2
319 397
1 7 2
391 399
1 10 2
89 417
1 6 2
245 272
1 10 2
187 333
1 7 2
248 455
1 5 2
16 34
1 4 2
81 214
1 14 2
84 454
1 13 2
68 362
1 10 2
23 165
1 13 2
101 402
1 10 2
412 488
1 9 2
292 340
1 17 2
84 299
1 15 2
143 241
1 14 2
384 415
1 5 2
43 325
1 15 2
46 197
1 11 2
177 234
1 7 2
126 249
1 17 2
101 291
1 8 2
479 483
1 15 2
96 273
1 8 2
46 453
1 4 2
263 389
1 6 2
199 264
1 11 2
317 382
1 12 2
197 304
1 8 2
314 327
1 14 2
105 343
1 11 2
146 469
1 5 2
365 416
1 11 2
26 287
1 2 2
5 265
1 9 2
240 386
1 7 2
252 296
1 6 2
222 442
1 14 2
425 429
1 14 2
186 227
1 19 2
273 288
1 8 2
170 342
1 11 2
79 458
1 5 2
175 222
1 13 2
189 420
1 12 2
461 478
1 9 2
124 391
1 11 2
50 121
1 6 2
375 377
1 2 2
112 309
1 19 2
226 485
1 10 2
96 333
1 7 2
248 382
1 10 2
86 187
1 17 2
205 441
1 9 2
147 435
1 5 2
29 244
1 10 2
395 412
1 16 2
292 479
1 13 2
43 48
1 8 2
89 247
1 14 2
111 350
1 16 2
197 437
1 13 2
137 247
1 12 2
345 420
1 15 2
44 391
1 11 2
159 456
1 9 2
46 200
1 15 2
30 211
1 11 2
271 303
1 14 2
266 366
1 9 2
302 466
1 5 2
112 277
1 12 2
72 103
1 13 2
10 277
1 14 2
44 460
1 6 2
228 380
1 14 2
393 456
1 5 2
56 245
1 8 2
316 423
1 9 2
19 381
1 17 2
186 385
1 17 2
54 208
1 3 2
33 371
1 12 2
287 355
1 17 2
242 460
1 8 2
397 463
1 5 2
2 303
1 12 2
169 408
1 7 2
128 483
1 14 2
11 482
1 11 2
192 302
1 19 2
478 499
1 18 2
10 144
1 10 2
158 447
1 11 2
249 485
1 19 2
101 232
1 7 2
371 490
1 5 2
187 359
1 16 2
99 173
1 4 2
107 185
1 5 2
239 463
1 16 2
385 449
1 3 2
194 426
1 13 2
299 447
1 12 2
466 499
1 3 2
60 422
1 16 2
54 329
1 8 2
322 403
1 9 2
174 457
1 18 2
42 207
1 5 2
116 331
1 17 2
173 255
1 8 2
53 182
1 17 2
50 350
1 10 2
124 261
1 9 2
191 252
1 8 2
296 348
1 18 2
211 269
1 13 2
176 207
1 14 2
205 414
1 4 2
280 328
1 9 2
33 488
1 7 2
33 414
1 6 2
15 297
1 5 2
218 476
1 10 2
28 128
1 8 2
80 96
1 11 2
208 280
1 15 2
217 291
1 15 2
179 317
1 18 2
101 271
1 14 2
30 482
1 17 2
406 479
1 10 2
328 441
1 14 2
146 207
1 10 2
23 249
1 13 2
86 186
1 10 2
300 318
1 11 2
387 455
1 8 2
58 186
1 15 2
226 268
1 2 2
225 337
1 6 2
286 465
1 9 2
192 245
1 8 2
38 445
1 7 2
227 293
1 16 2
61 415
1 16 2
78 488
1 19 2
167 308
1 13 2
43 478
1 6 2
201 455
1 12 2
377 447
1 17 2
74 343
1 9 2
335 407
1 14 2
316 332
1 13 2
84 210
1 3 2
263 494
1 10 2
99 164
1 9 2
33 186
1 8 2
75 297
1 8 2
79 147
1 12 2
329 339
1 19 2
10 211
1 13 2
261 386
1 13 2
10 69
1 8 2
116 477
1 9 2
250 379
1 6 2
130 493
1 13 2
208 384
1 9 2
230 333
1 12 2
206 401
1 12 2
109 437
1 16 2
203 479
1 8 2
259 345
1 9 2
265 415
1 9 2
168 230
1 7 2
141 317
1 16 2
205 451
1 9 2
272 414
1 8 2
53 162
1 6 2
90 447
1 9 2
77 362
1 6 2
340 458
1 13 2
299 314
1 14 2
269 346
1 12 2
75 443
1 7 2
243 471
1 7 2
88 103
1 12 2
434 437
1 9 2
317 407
1 17 2
329 391
1 6 2
173 471
1 10 2
414 466
1 14 2
451 454
1 7 2
69 210
1 9 2
327 437
1 10 2
251 487
1 9 2
67 206
1 6 2
183 358
1 11 2
174 294
1 19 2
485 488
1 11 2
322 396
1 11 2
195 250
1 2 2
81 398
1 6 2
80 455
1 13 2
310 408
1 15 2
83 441
1 7 2
82 322
1 11 2
15 381
1 10 2
372 414
1 9 2
80 448
1 15 2
186 355
1 10 2
200 269
1 4 2
129 307
1 8 2
210 279
1 4 2
303 374
1 13 2
405 478
1 7 2
246 280
1 9 2
47 50
1 15 2
267 363
1 4 2
125 496
1 10 2
95 339
1 9 2
256 433
1 6 2
253 414
1 17 2
343 450
1 4 2
5 59
1 7 2
14 431
1 8 2
470 472
1 5 2
338 407
1 15 2
364 450
1 6 2
274 401
1 10 2
183 381
1 4 2
60 481
1 4 2
113 258
1 2 2
18 265
1 8 2
91 479
1 15 2
62 299
1 11 2
395 483
1 6 2
194 434
1 9 2
244 318
1 3 2
221 379
1 5 2
215 265
1 11 2
175 261
1 12 2
152 408
1 10 2
30 294
1 15 2
232 439
1 18 2
64 144
1 8 2
10 202
1 13 2
49 299
1 11 2
75 158
1 10 2
335 480
1 7 2
120 274
1 10 2
412 475
1 8 2
259 362
1 12 2
99 362
1 13 2
149 381
1 8 2
302 353
1 13 2
167 248
1 8 2
286 397
1 5 2
94 199
1 5 2
396 459
1 9 2
312 335
1 9 2
378 485
1 7 2
252 365
1 13 2
143 355
1 10 2
119 425
1 11 2
106 487
1 17 2
1 74
1 11 2
136 496
1 14 2
68 268
1 9 2
236 395
1 10 2
70 407
1 8 2
97 257
1 15 2
84 314
1 8 2
131 181
1 14 2
92 460
1 17 2
256 356
1 18 2
173 273
1 14 2
35 187
1 9 2
364 419
1 5 2
135 248
1 17 2
1 170
1 8 2
29 168
1 5 2
11 398
1 12 2
321 346
1 8 2
189 334
1 18 2
32 421
1 7 2
195 434
1 7 2
227 305
1 9 2
1 337
1 2 2
313 347
1 5 2
102 245
1 5 2
296 392
1 17 2
269 429
1 3 2
27 222
1 7 2
278 294
1 6 2
13 402
1 12 2
447 470
1 10 2
53 377
1 10 2
21 424
1 8 2
94 247
1 12 2
122 198
1 9 2
411 492
1 7 2
233 319
1 3 2
220 403
1 17 2
68 485
1 10 2
0 104
1 7 2
47 247
1 11 2
234 477
1 17 2
22 445
1 7 2
423 482
1 13 2
303 364
1 5 2
18 458
1 4 2
260 383
1 11 2
319 455
1 16 2
273 336
1 7 2
125 450
1 12 2
48 246
1 13 2
40 362
1 15 2
427 464
1 13 2
377 448
1 6 2
166 181
1 12 2
434 479
1 13 2
89 226
1 12 2
7 348
1 11 2
241 259
1 15 2
228 499
1 11 2
187 479
1 5 2
182 315
1 15 2
70 292
1 10 2
241 481
1 14 2
148 271
1 17 2
179 292
1 12 2
93 480
1 12 2
200 217
1 7 2
33 319
1 3 2
283 473
1 9 2
45 208
1 6 2
317 376
1 16 2
144 437
1 4 2
193 379
1 10 2
68 486
1 9 2
103 181
1 10 2
49 368
1 8 2
66 143
1 20 2
343 415
1 10 2
230 247
1 14 2
301 343
1 8 2
0 44
1 15 2
427 487
1 15 2
314 390
1 8 2
30 481
1 6 2
74 352
1 7 2
10 440
1 20 2
256 350
1 11 2
317 372
1 15 2
144 317
1 12 2
113 173
1 7 2
231 424
1 2 2
399 413
1 19 2
211 475
1 8 2
380 441
1 8 2
284 339
1 11 2
266 437
1 9 2
127 429
1 8 2
114 428
1 10 2
93 354
1 7 2
121 457
1 7 2
299 423
1 6 2
325 353
1 7 2
2 179
1 17 2
269 475
1 6 2
348 409
1 13 2
181 211
1 13 2
98 232
1 13 2
40 314
1 10 2
251 485
1 13 2
404 434
1 12 2
139 428
1 11 2
135 395
1 16 2
424 464
1 10 2
319 402
1 8 2
13 198
1 12 2
273 432
1 15 2
104 158
1 13 2
317 320
1 11 2
260 428
1 16 2
377 429
1 9 2
278 291
1 2 2
18 112
1 14 2
321 452
1 8 2
87 192
1 12 2
243 491
1 9 2
226 419
1 12 2
95 116
1 11 2
234 442
1 17 2
35 269
1 5 2
388 426
1 18 2
197 485
1 14 2
152 169
1 17 2
241 437
1 10 2
227 247
1 8 2
237 462
1 12 2
336 420
1 16 2
32 270
1 10 2
65 335
1 5 2
86 225
1 10 2
86 362
1 9 2
84 347
1 10 2
197 259
1 12 2
15 255
1 3 2
33 419
1 5 2
94 194
1 16 2
145 450
1 11 2
123 420
1 15 2
167 190
1 15 2
136 456
1 19 2
35 441
1 8 2
175 460
1 17 2
356 478
1 11 2
61 162
1 12 2
32 163
1 7 2
75 481
1 8 2
134 292
1 3 2
125 378
1 13 2
96 213
1 13 2
405 421
1 9 2
269 483
1 6 2
356 498
1 8 2
269 274
1 11 2
144 165
1 15 2
190 364
1 7 2
39 43
1 14 2
110 439
1 18 2
35 153
1 10 2
95 277
1 8 2
363 433
1 4 2
379 468
1 9 2
245 420
1 9 2
62 161
1 3 2
8 251
1 18 2
44 211
1 4 2
260 328
1 11 2
420 458
1 16 2
322 487
1 8 2
169 489
1 20 2
100 241
1 6 2
230 358
1 8 2
72 410
1 13 2
266 324
1 17 2
198 211
1 11 2
150 188
1 13 2
83 356
1 2 2
171 367
1 6 2
179 216
1 16 2
306 488
1 12 2
348 435
1 3 2
90 171
1 3 2
115 297
1 12 2
43 288
1 11 2
98 192
1 14 2
40 363
1 15 2
170 346
1 12 2
104 349
1 8 2
231 428
1 13 2
26 126
1 5 2
302 380
1 4 2
280 419
1 20 2
23 84
1 14 2
387 450
1 13 2
435 460
1 12 2
246 479
1 12 2
139 145
1 11 2
246 439
1 9 2
144 312
1 5 2
287 376
1 9 2
242 289
1 12 2
89 478
1 7 2
26 125
1 10 2
197 481
1 7 2
19 384
1 12 2
51 288
1 8 2
12 478
1 10 2
47 316
1 10 2
42 165
1 8 2
268 357
1 13 2
37 167
1 11 2
259 366
1 5 2
229 369
1 4 2
135 351
1 5 2
113 403
1 8 2
223 347
1 15 2
22 491
1 9 2
307 310
1 10 2
304 320
1 8 2
228 323
1 15 2
78 404
1 9 2
36 470
1 13 2
123 189
1 12 2
227 355
1 18 2
101 320
1 14 2
126 213
1 9 2
38 170
1 15 2
318 439
1 8 2
223 409
1 11 2
101 477
1 11 2
234 457
1 12 2
77 285
1 8 2
30 328
1 8 2
224 284
1 3 2
340 379
1 10 2
238 366
1 12 2
420 435
1 7 2
302 453
1 13 2
366 384
1 5 2
20 166
1 8 2
238 482
1 14 2
104 247
1 10 2
74 365
1 9 2
191 490
1 15 2
174 429
1 11 2
147 267
1 7 2
61 199
1 13 2
332 381
1 14 2
103 429
1 7 2
16 245
1 14 2
162 364
1 5 2
307 321
1 17 2
261 485
1 15 2
130 395
1 14 2
362 485
1 10 2
377 402
1 7 2
160 295
1 8 2
228 383
1 9 2
372 463
1 7 2
38 345
1 17 2
97 387
1 17 2
270 364
1 16 2
126 226
1 17 2
54 395
1 7 2
0 439
1 14 2
271 355
1 18 2
35 329
1 16 2
243 385
1 20 2
84 350
1 17 2
63 317
1 8 2
139 303
1 8 2
37 240
1 7 2
215 278
1 6 2
159 283
1 3 2
88 154
1 12 2
197 286
1 10 2
130 240
1 9 2
54 465
1 7 2
325 420
1 12 2
242 455
1 5 2
176 338
1 17 2
228 292
1 13 2
35 159
1 3 2
117 438
1 12 2
159 381
1 13 2
449 466
1 13 2
126 169
1 17 2
256 363
1 15 2
70 452
1 4 2
56 67
1 20 2
395 488
1 18 2
428 485
1 19 2
74 415
1 11 2
10 481
1 2 2
375 493
1 5 2
314 418
1 17 2
93 499
1 6 2
244 268
1 10 2
133 351
1 9 2
122 254
1 15 2
109 242
1 5 2
240 342
1 13 2
177 464
1 7 2
19 397
1 6 2
123 433
1 16 2
1 470
1 8 2
245 252
1 9 2
128 344
1 15 2
93 435
1 8 2
134 203
1 15 2
466 487
1 7 2
179 185
1 10 2
248 470
1 8 2
36 362
1 9 2
83 480
1 8 2
52 460
1 19 2
14 406
1 19 2
42 350
1 7 2
246 494
1 9 2
191 386
1 7 2
28 426
1 13 2
99 460
1 10 2
28 348
1 8 2
128 248
1 9 2
162 396
1 4 2
432 465
1 9 2
120 405
1 14 2
286 390
1 6 2
244 332
1 7 2
14 125
1 11 2
139 223
1 8 2
24 166
1 12 2
129 208
1 9 2
61 303
1 6 2
190 374
1 13 2
120 317
1 12 2
128 223
1 2 2
315 375
1 8 2
369 381
1 8 2
15 158
1 13 2
240 261
1 7 2
81 250
1 18 2
97 211
1 20 2
242 441
1 12 2
292 339
1 14 2
101 284
1 7 2
13 214
1 6 2
122 334
1 8 2
158 281
1 18 2
208 391
1 7 2
68 140
1 18 2
84 267
1 8 2
17 434
1 16 2
99 250
1 2 2
73 155
1 15 2
197 391
1 13 2
46 99
1 12 2
150 377
1 10 2
378 464
1 6 2
20 296
1 10 2
358 428
1 13 2
1 268
1 14 2
101 348
1 3 2
13 155
1 14 2
74 424
1 9 2
64 204
1 13 2
209 267
1 5 2
239 425
1 15 2
310 443
1 19 2
186 318
1 12 2
332 393
1 9 2
28 408
1 12 2
24 454
1 15 2
203 206
1 11 2
357 406
1 10 2
195 456
1 16 2
235 428
1 5 2
0 69
1 20 2
23 478
1 9 2
76 466
1 16 2
292 414
1 17 2
1 42
1 16 2
64 320
1 14 2
110 362
1 7 2
73 148
1 5 2
177 184
1 15 2
136 270
1 18 2
104 445
1 6 2
194 462
1 11 2
22 222
1 9 2
191 463
1 9 2
121 215
1 10 2
53 223
1 17 2
1 40
1 14 2
205 322
1 15 2
40 271
1 2 2
331 419
1 12 2
1 229
1 6 2
165 354
1 8 2
48 87
1 4 2
259 409
1 8 2
131 191
1 10 2
158 463
1 14 2
333 441
1 16 2
93 377
1 4 2
349 433
1 12 2
98 152
1 5 2
201 296
1 4 2
90 172
1 12 2
158 311
1 9 2
31 110
1 18 2
101 267
1 11 2
79 187
1 12 2
213 214
1 7 2
244 264
1 13 2
98 250
1 12 2
68 252
1 7 2
45 126
1 7 2
303 480
1 10 2
170 283
1 9 2
156 242
1 10 2
96 230
1 13 2
385 434
1 20 2
133 487
1 4 2
225 286
1 10 2
153 193
1 10 2
148 201
1 15 2
190 273
1 17 2
137 291
1 17 2
223 292
1 10 2
103 298
1 13 2
110 444
1 11 2
64 389
1 13 2
110 227
1 12 2
116 322
1 10 2
0 242
1 10 2
121 321
1 14 2
62 105
1 10 2
36 197
1 13 2
152 491
1 13 2
24 223
1 18 2
1 478
1 14 2
42 362
1 15 2
197 311
1 15 2
230 366
1 8 2
50 124
1 4 2
236 405
1 10 2
291 463
1 12 2
48 382
1 10 2
245 479
1 11 2
109 332
1 9 2
162 277
1 15 2
250 345
1 11 2
103 427
1 9 2
187 397
1 12 2
208 389
1 10 2
15 363
1 13 2
429 462
1 9 2
86 121
1 5 2
2 284
1 18 2
1 234
1 14 2
105 153
1 8 2
128 461
1 7 2
138 295
1 7 2
85 397
1 4 2
196 405
1 9 2
163 458
1 8 2
24 94
1 5 2
190 373
1 6 2
109 135
1 9 2
35 360
1 11 2
48 389
1 18 2
256 381
1 11 2
322 466
1 9 2
38 232
1 10 2
209 444
1 9 2
144 196
1 12 2
69 170
1 17 2
100 243
1 5 2
188 315
1 15 2
26 145
1 9 2
214 294
1 8 2
125 485
1 1 2
370 498
1 16 2
437 452
1 5 2
154 432
1 15 2
126 211
1 2 2
239 290
1 5 2
15 87
1 9 2
93 260
1 9 2
15 126
1 17 2
228 267
1 12 2
159 179
1 14 2
242 353
1 12 2
148 368
1 7 2
383 437
1 14 2
319 420
1 8 2
302 397
1 12 2
103 414
1 11 2
357 428
1 5 2
114 434
1 19 2
292 329
1 9 2
256 307
1 4 2
134 165
1 11 2
302 479
1 5 2
341 344
1 13 2
17 441
1 5 2
190 400
1 16 2
460 475
1 8 2
194 417
1 10 2
0 137
1 10 2
95 111
1 12 2
246 271
1 11 2
226 300
1 10 2
85 451
1 6 2
174 370
1 10 2
59 97
1 7 2
121 300
1 8 2
333 372
1 9 2
32 493
1 10 2
166 250
1 5 2
28 315
1 5 2
135 372
1 16 2
72 211
1 8 2
280 450
1 16 2
46 242
1 8 2
80 444
1 12 2
187 387
1 15 2
99 269
1 11 2
139 499
1 4 2
15 274
1 10 2
44 455
1 4 2
87 282
1 15 2
406 491
1 4 2
204 325
1 15 2
79 170
1 18 2
285 308
1 10 2
133 204
1 11 2
29 381
1 18 2
35 101
1 8 2
177 348
1 6 2
218 382
1 14 2
206 417
1 11 2
147 404
1 5 2
286 474
1 8 2
87 443
1 11 2
329 349
1 7 2
128 151
1 3 2
166 257
1 11 2
291 382
1 14 2
46 62
1 15 2
1 393
1 11 2
179 344
1 8 2
174 378
1 10 2
135 207
1 12 2
92 98
1 11 2
182 444
1 11 2
204 350
1 7 2
42 440
1 9 2
369 449
1 9 2
264 304
1 13 2
179 450
1 10 2
120 190
1 10 2
426 464
1 4 2
403 477
1 7 2
151 492
1 9 2
200 414
1 4 2
279 373
1 7 2
59 321
1 5 2
85 312
1 11 2
385 480
1 8 2
73 485
1 20 2
273 318
1 6 2
17 354
1 8 2
206 465
1 12 2
332 490
1 8 2
342 437
1 11 2
24 458
1 11 2
176 299
1 6 2
109 474
1 15 2
232 427
1 8 2
118 393
1 12 2
72 78
1 12 2
144 405
1 13 2
192 270
1 6 2
16 446
1 17 2
285 435
1 11 2
7 176
1 8 2
157 484
1 12 2
279 391
1 14 2
247 421
1 10 2
70 286
1 8 2
2 404
1 20 2
232 415
1 18 2
40 390
1 3 2
66 161
1 7 2
17 245
1 6 2
400 443
1 5 2
143 185
1 13 2
50 445
1 15 2
122 343
1 16 2
206 261
1 14 2
191 366
1 9 2
357 479
1 3 2
118 290
1 12 2
29 205
1 8 2
397 405
1 16 2
189 449
1 17 2
291 292
1 13 2
105 234
1 12 2
75 198
1 8 2
424 476
1 14 2
68 314
1 9 2
174 365
1 12 2
248 350
1 3 2
39 394
1 18 2
14 364
1 16 2
192 364
1 4 2
281 365
1 12 2
28 173
1 12 2
152 191
1 7 2
50 88
1 17 2
7 318
1 7 2
447 489
1 20 2
22 63
1 6 2
0 302
1 6 2
102 302
1 13 2
348 391
1 5 2
58 416
1 10 2
279 454
1 14 2
74 150
1 10 2
305 390
1 4 2
91 184
1 2 2
12 399
1 3 2
12 201
1 7 2
87 490
1 10 2
11 146
1 5 2
5 168
1 6 2
20 177
1 4 2
249 328
1 19 2
208 288
1 14 2
350 386
1 13 2
272 478
1 8 2
214 436
1 6 2
434 494
1 12 2
113 169
1 13 2
304 415
1 6 2
192 497
1 3 2
73 300
1 15 2
235 291
1 14 2
7 143
1 17 2
64 110
1 18 2
207 250
1 16 2
256 424
1 13 2
232 286
1 14 2
250 306
1 13 2
22 163
1 10 2
428 484
1 5 2
209 418
1 9 2
54 85
1 13 2
93 98
1 8 2
73 324
1 7 2
45 49
1 3 2
141 410
1 10 2
242 326
1 6 2
13 111
1 12 2
177 232
1 11 2
55 310
1 14 2
10 458
1 9 2
318 430
1 17 2
395 443
1 9 2
160 271
1 10 2
152 254
1 13 2
72 188
1 13 2
84 279
1 9 2
47 456
1 10 2
128 401
1 7 2
175 276
1 16 2
192 478
1 10 2
195 311
1 9 2
161 404
1 10 2
97 489
1 18 2
1 167
1 16 2
126 343
1 8 2
372 455
1 13 2
197 321
1 6 2
55 98
1 11 2
224 261
1 8 2
254 372
1 13 2
37 308
1 16 2
72 197
1 8 2
80 362
1 9 2
343 347
1 16 2
78 242
1 7 2
129 163
1 6 2
89 328
1 6 2
143 323
1 17 2
167 223
1 10 2
43 79
1 13 2
68 116
1 9 2
61 237
1 6 2
69 378
1 11 2
415 486
1 17 2
226 299
1 10 2
16 314
1 9 2
229 450
1 10 2
14 177
1 5 2
181 239
1 11 2
44 276
1 8 2
212 478
1 8 2
174 327
1 5 2
303 394
1 7 2
72 493
1 19 2
186 415
1 16 2
46 104
1 10 2
358 387
1 16 2
207 437
1 17 2
167 336
1 7 2
426 470
1 16 2
35 270
1 12 2
103 317
1 13 2
152 158
1 12 2
247 482
1 7 2
75 132
1 13 2
332 435
1 19 2
10 133
1 6 2
78 142
1 18 2
84 207
1 7 2
193 424
1 5 2
168 430
1 10 2
126 463
1 5 2
469 471
1 14 2
252 452
1 7 2
67 158
1 12 2
271 447
1 9 2
192 272
1 4 2
240 263
1 8 2
374 437
1 11 2
184 318
1 5 2
290 344
1 17 2
79 208
1 9 2
396 444
1 9 2
85 320
1 15 2
62 314
1 13 2
146 261
1 13 2
37 133
1 15 2
101 187
1 6 2
281 304
1 10 2
119 182
1 10 2
86 454
1 16 2
40 482
1 8 2
150 481
1 14 2
271 393
1 15 2
48 79
1 13 2
30 355
1 11 2
264 268
1 6 2
372 494
1 8 2
141 223
1 8 2
54 102
1 12 2
246 345
1 11 2
86 377
1 13 2
267 302
1 8 2
51 209
1 19 2
32 415
1 10 2
33 390
1 5 2
337 463
1 4 2
215 370
1 9 2
294 491
1 7 2
317 422
1 12 2
22 200
1 11 2
177 235
1 7 2
335 359
1 5 2
240 257
1 3 2
340 497
1 10 2
65 97
1 19 2
84 329
1 10 2
1 468
1 5 2
94 483
1 10 2
148 496
1 8 2
359 428
1 17 2
319 475
1 3 2
290 337
1 14 2
190 449
1 18 2
366 451
1 7 2
253 288
1 16 2
320 487
1 10 2
56 170
1 4 2
59 265
1 18 2
308 329
1 12 2
11 443
1 9 2
306 436
1 15 2
208 492
1 17 2
311 364
1 12 2
96 332
1 8 2
3 152
1 12 2
131 145
1 15 2
136 152
1 8 2
176 266
1 11 2
119 227
1 7 2
179 367
1 15 2
50 93
1 10 2
150 388
1 11 2
169 405
1 12 2
298 435
1 9 2
191 214
1 18 2
479 488
1 6 2
8 75
1 9 2
115 167
1 11 2
61 466
1 19 2
97 488
1 10 2
350 360
1 7 2
107 224
1 17 2
48 255
1 19 2
63 64
1 9 2
170 282
1 19 2
415 499
1 12 2
20 475
1 12 2
209 451
1 9 2
416 445
1 12 2
40 294
1 4 2
193 328
1 12 2
402 475
1 10 2
308 360
1 6 2
218 408
1 18 2
145 255
1 12 2
109 126
1 17 2
22 448
1 13 2
130 261
1 16 2
136 267
1 16 2
149 217
1 17 2
35 152
1 12 2
32 210
1 15 2
78 390
1 8 2
272 411
1 17 2
310 421
1 12 2
276 308
1 7 2
33 356
1 17 2
149 292
1 15 2
255 444
1 5 2
125 353
1 19 2
136 256
1 17 2
475 482
1 9 2
329 419
1 9 2
125 292
1 12 2
70 95
1 7 2
184 215
1 7 2
250 400
1 8 2
334 443
1 9 2
230 302
1 6 2
155 454
1 17 2
299 485
1 6 2
176 218
1 11 2
70 252
1 14 2
247 428
1 9 2
122 240
1 12 2
246 443
1 8 2
74 367
1 11 2
207 486
1 15 2
120 428
1 6 2
209 283
1 6 2
103 275
1 8 2
83 201
1 11 2
167 365
1 10 2
372 443
1 18 2
316 343
1 4 2
196 300
1 11 2
215 269
1 13 2
268 317
1 3 2
371 472
1 8 2
176 402
1 10 2
428 476
1 9 2
119 344
1 4 2
89 398
1 9 2
228 238
1 11 2
93 195
1 7 2
222 447
1 11 2
137 200
1 10 2
22 87
1 3 2
65 394
1 20 2
63 318
1 10 2
123 247
1 7 2
127 420
1 8 2
288 378
1 9 2
332 496
1 6 2
301 483
1 9 2
16 113
1 12 2
306 317
1 20 2
167 364
1 7 2
113 461
1 5 2
253 306
1 5 2
146 212
1 10 2
163 381
1 7 2
361 439
1 15 2
120 207
1 8 2
26 476
1 9 2
444 455
1 20 2
84 406
1 4 2
166 282
1 8 2
402 491
1 16 2
119 350
1 15 2
170 460
1 8 2
295 416
1 10 2
70 382
1 6 2
319 413
1 10 2
242 495
1 9 2
80 443
1 11 2
179 215
1 7 2
306 494
1 7 2
204 227
1 5 2
225 463
1 3 2
412 493
1 13 2
303 310
1 7 2
112 243
1 16 2
100 179
1 11 2
312 350
1 7 2
288 431
1 17 2
189 197
1 12 2
110 277
1 13 2
86 452
1 10 2
69 362
1 8 2
6 335
1 3 2
196 483
1 9 2
6 387
1 11 2
198 492
1 3 2
160 225
1 18 2
144 217
1 13 2
350 382
1 13 2
64 458
1 7 2
70 283
1 14 2
54 355
1 5 2
185 492
1 10 2
345 388
1 13 2
129 406
1 4 2
222 338
1 17 2
62 228
1 15 2
99 169
1 14 2
104 303
1 7 2
331 452
1 14 2
158 170
1 13 2
84 463
1 13 2
11 243
1 16 2
264 366
1 14 2
145 333
1 15 2
174 499
1 8 2
83 486
1 4 2
430 467
1 12 2
98 203
1 12 2
316 405
1 15 2
92 377
1 6 2
291 367
1 7 2
175 321
1 17 2
223 267
1 14 2
458 488
1 7 2
4 451
1 16 2
74 482
1 12 2
157 424
1 15 2
149 223
1 12 2
24 122
1 11 2
273 358
1 11 2
454 490
1 14 2
264 329
1 9 2
179 340
1 5 2
200 379
1 11 2
124 241
1 9 2
365 377
1 15 2
136 346
1 16 2
54 93
1 7 2
131 408
1 12 2
492 499
1 19 2
242 255
1 8 2
381 392
1 5 2
142 266
1 11 2
425 450
1 14 2
345 482
1 15 2
206 243
1 10 2
365 475
1 14 2
213 269
1 8 2
284 368
1 5 2
201 358
1 10 2
357 429
1 11 2
210 243
1 4 2
31 412
1 10 2
50 77
1 13 2
424 437
1 8 2
70 484
1 9 2
124 381
1 15 2
122 395
1 14 2
208 353
1 12 2
79 95
1 9 2
207 340
1 11 2
291 405
1 15 2
32 448
1 6 2
457 468
1 14 2
363 381
1 9 2
154 203
1 20 2
22 421
1 15 2
14 288
1 16 2
1 479
1 4 2
139 471
1 14 2
22 113
1 8 2
265 449
1 19 2
234 324
1 11 2
159 174
1 11 2
61 105
1 16 2
30 324
1 12 2
116 213
1 7 2
75 102
1 9 2
126 327
1 7 2
5 198
1 4 2
124 141
1 10 2
89 271
1 8 2
349 414
1 15 2
126 228
1 12 2
10 397
1 7 2
252 328
1 13 2
121 404
1 18 2
186 197
1 3 2
379 493
1 4 2
248 305
1 7 2
181 389
1 4 2
56 66
1 13 2
366 416
1 13 2
49 469
1 8 2
146 438
1 7 2
108 417
1 5 2
237 474
1 16 2
26 366
1 9 2
86 130
1 14 2
206 387
1 10 2
451 468
1 11 2
61 252
1 15 2
54 456
1 16 2
61 207
1 4 2
164 258
1 13 2
345 456
1 11 2
111 470
1 14 2
40 381
1 16 2
273 363
1 8 2
69 177
1 12 2
269 427
1 3 2
431 472
1 11 2
278 449
1 10 2
441 472
1 15 2
203 346
1 10 2
317 416
1 5 2
244 368
1 7 2
60 213
1 10 2
80 437
1 6 2
331 377
1 8 2
262 332
1 17 2
417 487
1 4 2
224 422
1 11 2
131 267
1 13 2
192 206
1 5 2
17 66
1 5 2
19 201
1 18 2
110 415
1 2 2
57 373
1 6 2
224 354
1 16 2
133 450
1 15 2
401 406
1 13 2
111 256
1 14 2
368 487
1 3 2
418 438
1 7 2
45 450
1 10 2
443 480
1 10 2
193 213
1 10 2
209 424
1 9 2
130 294
1 5 2
183 274
1 20 2
343 487
1 4 2
351 468
1 9 2
329 489
1 6 2
80 480
1 6 2
26 202
1 12 2
314 335
1 7 2
29 254
1 11 2
287 332
1 9 2
276 336
1 16 2
273 319
1 2 2
376 399
1 10 2
252 348
1 9 2
354 456
1 11 2
14 402
1 11 2
363 386
1 14 2
206 363
1 11 2
182 335
1 6 2
336 498
1 11 2
56 487
1 7 2
87 345
1 6 2
131 177
1 12 2
327 364
1 8 2
93 275
1 6 2
15 389
1 11 2
214 445
1 8 2
100 253
1 11 2
298 420
1 10 2
240 287
1 10 2
287 463
1 6 2
264 375
1 14 2
107 273
1 10 2
55 223
1 18 2
68 390
1 8 2
67 316
1 13 2
363 445
1 9 2
130 301
1 17 2
148 207
1 6 2
410 492
1 12 2
78 393
1 6 2
113 409
1 16 2
170 213
1 15 2
152 311
1 8 2
200 214
1 16 2
406 420
1 13 2
208 224
1 7 2
13 246
1 15 2
119 429
1 12 2
23 89
1 13 2
11 40
1 7 2
109 172
1 9 2
42 260
1 10 2
137 184
1 3 2
94 394
1 8 2
415 431
1 12 2
35 405
1 5 2
109 418
1 7 2
143 359
1 17 2
170 261
1 4 2
277 370
1 6 2
245 457
1 12 2
217 339
1 8 2
192 422
1 10 2
146 246
1 8 2
188 201
1 6 2
134 362
1 11 2
126 396
1 20 2
32 441
1 9 2
109 164
1 11 2
122 460
1 3 2
199 360
1 19 2
288 395
1 19 2
92 350
1 6 2
469 497
1 13 2
144 279
1 10 2
345 434
1 12 2
276 429
1 7 2
305 424
1 17 2
63 179
1 4 2
379 489
1 7 2
139 248
1 10 2
1 300
1 17 2
64 261
1 9 2
32 360
1 11 2
207 369
1 14 2
456 470
1 8 2
205 305
1 5 2
140 444
1 13 2
273 416
1 16 2
72 186
1 11 2
291 303
1 9 2
197 467
1 3 2
25 249
1 7 2
291 373
1 7 2
193 466
1 6 2
59 303
1 11 2
195 316
1 14 2
150 243
1 9 2
356 438
1 13 2
72 443
1 12 2
390 453
1 12 2
234 344
1 8 2
383 429
1 16 2
391 482
1 8 2
381 494
1 7 2
202 437
1 6 2
419 444
1 19 2
133 292
1 7 2
153 331
1 7 2
403 454
1 11 2
30 279
1 4 2
31 193
1 13 2
157 169
1 9 2
43 86
1 10 2
28 246
1 4 2
237 341
1 13 2
72 332
1 8 2
69 96
1 3 2
4 118
1 4 2
262 337
1 3 2
471 486
1 11 2
74 461
1 12 2
205 287
1 12 2
491 499
1 13 2
51 285
1 15 2
488 491
1 8 2
291 365
1 5 2
94 124
1 6 2
25 335
1 19 2
267 285
1 12 2
11 50
1 16 2
336 343
1 8 2
29 191
1 12 2
266 316
1 18 2
451 485
1 13 2
279 308
1 11 2
268 298
1 5 2
146 253
1 12 2
17 211
1 7 2
157 219
1 9 2
69 214
1 16 2
75 145
1 4 2
305 465
1 18 2
84 499
1 5 2
289 298
1 7 2
7 140
1 6 2
19 219
1 5 2
209 263
1 7 2
150 409
1 14 2
149 451
1 10 2
10 91
1 13 2
100 130
1 7 2
214 467
1 10 2
377 382
1 5 2
301 323
1 8 2
296 319
1 14 2
235 443
1 12 2
35 230
1 17 2
197 288
1 11 2
110 461
1 8 2
297 491
1 11 2
204 488
1 10 2
256 337
1 16 2
167 491
1 14 2
79 228
1 8 2
259 336
1 6 2
6 86
1 9 2
186 199
1 7 2
98 365
1 13 2
32 51
1 12 2
143 363
1 9 2
68 472
1 18 2
101 449
1 12 2
92 425
1 11 2
1 402
1 12 2
120 192
1 8 2
135 319
1 12 2
294 363
1 9 2
116 402
1 4 2
66 124
1 16 2
99 391
1 12 2
232 237
1 14 2
143 217
1 12 2
346 454
1 15 2
227 464
1 17 2
288 292
1 13 2
148 448
1 12 2
23 432
1 15 2
252 343
1 15 2
26 308
1 11 2
74 129
1 4 2
58 166
1 14 2
143 203
1 13 2
191 441
1 10 2
355 408
1 18 2
22 387
1 11 2
99 303
1 5 2
339 446
1 11 2
179 368
1 16 2
101 355
1 11 2
61 333
1 12 2
51 311
1 18 2
99 226
1 14 2
475 491
1 7 2
11 280
1 9 2
232 361
1 2 2
313 399
1 13 2
76 207
1 3 2
194 257
1 8 2
214 386
1 6 2
359 401
1 8 2
1 236
1 6 2
71 270
1 10 2
203 222
1 12 2
181 499
1 13 2
15 406
1 6 2
89 165
1 13 2
181 285
1 16 2
234 299
1 16 2
173 311
1 13 2
26 174
1 7 2
39 306
1 15 2
320 329
1 14 2
208 279
1 10 2
103 386
1 10 2
14 166
1 9 2
40 151
1 13 2
197 298
1 13 2
214 267
1 15 2
205 269
1 14 2
101 401
1 5 2
309 424
1 5 2
83 473
1 11 2
121 223
1 16 2
97 270
1 10 2
84 365
1 14 2
344 488
1 16 2
72 451
1 20 2
406 441
1 11 2
277 449
1 14 2
188 428
1 12 2
68 286
1 8 2
321 480
1 10 2
283 310
1 7 2
105 493
1 8 2
241 400
1 13 2
32 190
1 10 2
192 278
1 14 2
322 387
1 9 2
79 304
1 10 2
241 494
1 14 2
133 159
1 6 2
2 128
1 8 2
299 403
1 11 2
129 186
1 9 2
234 293
1 9 2
153 239
1 3 2
66 370
1 20 2
255 478
1 12 2
173 344
1 18 2
84 429
1 18 2
207 316
1 10 2
69 460
1 7 2
351 355
1 6 2
181 412
1 5 2
204 297
1 10 2
116 182
1 6 2
11 141
1 14 2
264 421
1 10 2
20 355
1 3 2
36 367
1 15 2
208 246
1 17 2
104 355
1 4 2
151 337
1 18 2
72 343
1 15 2
332 499
1 3 2
238 410
1 14 2
182 488
1 5 2
128 274
1 13 2
164 415
1 5 2
39 91
1 7 2
80 333
1 8 2
144 275
1 8 2
195 266
1 9 2
54 147
1 7 2
19 168
1 13 2
131 464
1 13 2
303 343
1 18 2
429 482
1 13 2
84 159
1 16 2
250 448
1 8 2
366 380
1 9 2
116 407
1 13 2
173 191
1 12 2
23 237
1 3 2
55 289
1 15 2
321 390
1 3 2
27 87
1 17 2
32 197
1 6 2
114 159
1 9 2
324 493
1 5 2
334 480
1 9 2
90 203
1 8 2
71 485
1 14 2
364 447
1 13 2
11 335
1 5 2
18 240
1 7 2
50 239
1 14 2
261 439
1 5 2
194 224
1 18 2
449 488
1 8 2
456 493
1 11 2
484 485
1 11 2
170 432
1 7 2
371 417
1 11 2
30 123
1 13 2
48 490
1 15 2
214 488
1 6 2
36 353
1 5 2
352 414
1 19 2
110 232
1 15 2
42 377
1 14 2
316 492
1 10 2
11 466
1 8 2
454 461
1 4 2
82 248
1 8 2
37 176
1 8 2
47 439
1 6 2
13 28
1 15 2
182 273
1 12 2
63 164
1 13 2
445 479
1 9 2
395 419
1 13 2
131 350
1 18 2
308 421
1 2 2
88 155
1 9 2
378 482
1 16 2
234 456
1 10 2
246 268
1 10 2
170 327
1 10 2
339 469
1 8 2
231 235
1 7 2
203 394
1 14 2
310 333
1 8 2
36 192
1 5 2
175 453
1 13 2
388 487
1 4 2
347 481
1 12 2
97 159
1 12 2
407 485
1 8 2
79 477
1 16 2
173 452
1 5 2
31 358
1 5 2
3 176
1 11 2
105 447
1 14 2
96 464
1 12 2
163 261
1 8 2
188 222
1 3 2
394 486
1 7 2
176 442
1 11 2
55 241
1 5 2
164 360
1 6 2
55 111
1 6 2
283 303
1 12 2
51 149
1 15 2
133 335
1 11 2
37 336
1 9 2
70 248
1 11 2
26 425
1 11 2
136 388
1 10 2
126 214
1 10 2
14 461
1 16 2
32 393
1 3 2
165 258
1 9 2
25 167
1 7 2
73 213
1 8 2
89 121
1 3 2
59 471
1 13 2
268 417
1 7 2
267 313
1 18 2
148 343
1 18 2
1 211
1 8 2
320 325
1 10 2
303 320
1 8 2
78 131
1 6 2
130 340
1 9 2
280 421
1 8 2
393 459
1 10 2
125 350
1 17 2
63 269
1 9 2
98 246
1 11 2
445 491
1 15 2
197 448
1 9 2
312 377
1 7 2
175 301
1 8 2
49 326
1 10 2
35 260
1 14 2
317 435
1 8 2
17 348
1 10 2
242 328
1 8 2
80 450
1 11 2
189 277
1 16 2
72 428
1 6 2
279 300
1 12 2
162 499
1 17 2
14 64
1 5 2
150 315
1 20 2
63 211
1 18 2
170 186
1 5 2
172 281
1 3 2
307 338
1 14 2
32 70
1 17 2
44 273
1 8 2
119 392
1 13 2
277 390
1 18 2
256 417
1 8 2
325 499
1 8 2
136 474
1 8 2
384 411
1 6 2
258 435
1 13 2
121 211
1 10 2
277 427
1 14 2
120 145
1 20 2
217 226
1 8 2
179 323
1 7 2
123 412
1 19 2
42 488
1 12 2
144 266
1 5 2
230 359
1 2 2
141 216
1 9 2
205 468
1 16 2
97 223
1 11 2
54 266
1 11 2
137 183
1 14 2
63 382
1 7 2
43 296
1 7 2
148 374
1 12 2
93 276
1 15 2
393 482
1 10 2
96 246
1 17 2
83 242
1 13 2
319 391
1 16 2
321 488
1 20 2
207 487
1 13 2
188 437
1 12 2
63 442
1 14 2
232 302
1 7 2
399 456
1 7 2
422 470
1 9 2
139 450
1 17 2
364 385
1 14 2
97 420
1 16 2
435 441
1 15 2
188 406
1 7 2
57 92
1 13 2
150 391
1 10 2
174 237
1 8 2
56 149
1 5 2
246 380
1 14 2
42 492
1 12 2
10 77
1 11 2
1 165
1 14 2
7 356
1 12 2
306 454
1 11 2
182 427
1 12 2
211 272
1 8 2
316 465
1 3 2
65 309
1 3 2
161 369
1 15 2
64 424
1 14 2
211 279
1 9 2
308 369
1 7 2
227 283
1 19 2
267 364
1 3 2
6 199
1 15 2
428 450
1 18 2
110 452
1 8 2
88 203
1 18 2
68 256
1 15 2
291 456
1 9 2
247 396
1 10 2
23 359
1 5 2
278 465
1 19 2
364 421
1 7 2
332 494
1 11 2
241 476
1 9 2
43 408
1 6 2
28 307
1 4 2
236 463
1 4 2
283 453
1 9 2
304 314
1 6 2
54 313
1 5 2
181 419
1 16 2
267 387
1 4 2
278 342
1 7 2
305 336
1 11 2
296 350
1 8 2
347 385
1 8 2
103 222
1 17 2
145 152
1 7 2
21 411
1 7 2
338 391
1 9 2
241 383
1 13 2
319 345
1 4 2
181 263
1 11 2
139 288
1 15 2
447 487
1 9 2
250 323
1 7 2
69 397
1 5 2
94 358
1 5 2
6 339
1 16 2
203 322
1 12 2
89 366
1 11 2
255 297
1 16 2
10 213
1 6 2
168 280
1 9 2
11 372
1 18 2
104 437
1 3 2
171 281
1 15 2
288 456
1 11 2
392 485
1 15 2
324 450
1 14 2
203 227
1 15 2
273 427
1 10 2
95 224
1 9 2
207 244
1 17 2
40 464
1 15 2
270 356
1 17 2
226 437
1 9 2
404 494
1 7 2
416 466
1 5 2
121 338
1 16 2
62 235
1 10 2
154 406
1 16 2
452 456
1 12 2
121 449
1 13 2
111 137
1 15 2
101 362
1 17 2
50 487
1 6 2
201 496
1 15 2
72 223
1 13 2
126 443
1 6 2
141 306
1 4 2
249 438
1 8 2
103 327
1 18 2
101 356
1 8 2
125 437
1 9 2
28 353
1 8 2
11 47
1 9 2
110 323
1 8 2
409 445
1 6 2
73 443
1 19 2
101 255
1 17 2
213 273
1 11 2
74 455
1 13 2
110 411
1 5 2
29 325
1 9 2
294 466
1 9 2
65 336
1 17 2
320 390
1 8 2
154 456
1 2 2
140 293
1 7 2
194 306
1 9 2
130 436
1 11 2
62 224
1 9 2
177 252
1 11 2
241 438
1 10 2
97 118
1 11 2
101 365
1 11 2
191 269
1 13 2
26 319
1 18 2
14 63
1 6 2
282 303
1 9 2
121 333
1 9 2
89 227
1 10 2
351 452
1 10 2
37 439
1 12 2
20 186
1 11 2
436 482
1 15 2
226 332
1 11 2
215 445
1 6 2
140 264
1 14 2
97 345
1 14 2
243 345
1 4 2
8 457
1 14 2
205 424
1 13 2
95 335
1 6 2
158 326
1 9 2
199 250
1 7 2
300 454
1 6 2
17 118
1 7 2
172 176
1 8 2
185 256
1 6 2
66 129
1 8 2
417 422
1 8 2
279 434
1 8 2
425 496
1 8 2
78 476
1 8 2
52 439
1 8 2
21 96
1 7 2
198 459
1 8 2
2 149
1 12 2
362 454
1 17 2
101 270
1 10 2
256 412
1 9 2
292 426
1 4 2
71 388
1 16 2
7 261
1 11 2
302 456
1 12 2
99 105
1 5 2
159 233
1 18 2
64 101
1 17 2
441 456
1 4 2
262 379
1 13 2
170 396
1 15 2
264 415
1 12 2
158 169
1 9 2
210 268
1 17 2
32 93
1 5 2
265 444
1 14 2
113 406
1 4 2
21 498
1 4 2
431 496
1 11 2
421 481
1 15 2
128 390
1 9 2
199 273
1 8 2
52 61
1 7 2
224 248
1 8 2
254 287
1 7 2
326 393
1 5 2
45 277
1 10 2
294 321
1 3 2
221 328
1 14 2
46 451
1 8 2
76 89
1 6 2
177 369
1 15 2
14 148
1 8 2
82 385
1 5 2
38 442
1 9 2
148 193
1 18 2
22 311
1 3 2
60 231
1 17 2
211 479
1 19 2
241 449
1 18 2
285 288
1 10 2
35 249
1 7 2
106 466
1 12 2
123 169
1 6 2
82 116
1 9 2
186 347
1 10 2
379 488
1 10 2
83 463
1 8 2
180 487
1 6 2
0 119
1 15 2
268 350
1 13 2
317 460
1 3 2
132 351
1 16 2
213 316
1 6 2
31 111
1 10 2
357 417
1 14 2
105 308
1 6 2
89 90
1 13 2
103 499
1 20 2
144 406
1 14 2
16 452
1 13 2
329 466
1 5 2
41 51
1 5 2
118 459
1 15 2
22 86
1 3 2
60 274
1 6 2
21 151
1 7 2
178 377
1 7 2
105 296
1 10 2
35 472
1 11 2
335 372
1 20 2
101 211
1 8 2
305 335
1 11 2
183 387
1 11 2
255 442
1 4 2
397 422
1 8 2
82 152
1 10 2
363 455
1 15 2
182 390
1 14 2
22 214
1 17 2
62 316
1 7 2
149 244
1 16 2
32 316
1 18 2
211 451
1 6 2
129 262
1 12 2
15 390
1 8 2
183 321
1 9 2
342 404
1 5 2
259 354
1 15 2
270 393
1 12 2
77 452
1 10 2
333 420
1 11 2
219 350
1 16 2
288 499
1 8 2
125 153
1 13 2
64 168
1 16 2
213 364
1 13 2
213 298
1 8 2
290 429
1 16 2
203 319
1 15 2
105 241
1 9 2
159 214
1 18 2
170 429
1 14 2
11 74
1 12 2
52 256
1 4 2
129 398
1 10 2
249 324
1 5 2
164 426
1 6 2
278 477
1 9 2
113 401
1 11 2
267 432
1 8 2
295 408
1 11 2
104 262
1 11 2
284 445
1 7 2
14 330
1 16 2
179 250
1 7 2
117 285
1 11 2
53 74
1 3 2
327 330
1 4 2
330 407
1 7 2
174 231
1 14 2
177 343
1 18 2
273 437
1 10 2
99 349
1 5 2
262 416
1 7 2
3 70
1 15 2
314 485
1 13 2
24 148
1 8 2
201 414
1 12 2
20 478
1 9 2
479 481
1 3 2
57 138
1 11 2
213 240
1 9 2
247 276
1 12 2
219 256
1 11 2
149 215
1 11 2
312 478
1 14 2
126 356
1 6 2
56 168
1 9 2
198 455
1 11 2
232 432
1 19 2
10 285
1 13 2
44 61
1 4 2
3 357
1 6 2
50 370
1 8 2
165 306
1 4 2
176 400
1 8 2
168 254
1 12 2
103 439
1 15 2
268 488
1 16 2
292 469
1 8 2
333 455
1 15 2
61 97
1 12 2
86 223
1 16 2
137 448
1 12 2
152 411
1 20 2
208 343
1 13 2
159 170
1 7 2
154 188
1 3 2
184 315
1 7 2
125 456
1 10 2
107 332
1 15 2
24 228
1 16 2
7 292
1 7 2
112 320
1 7 2
263 482
1 15 2
49 74
1 10 2
227 447
1 15 2
227 329
1 7 2
85 402
1 8 2
420 484
1 14 2
235 335
1 17 2
44 478
1 9 2
86 123
1 11 2
26 401
1 5 2
183 296
1 11 2
303 420
1 5 2
455 472
1 8 2
9 137
1 10 2
47 189
1 15 2
49 449
1 10 2
276 450
1 8 2
109 183
1 7 2
66 492
1 9 2
362 402
1 12 2
182 437
1 13 2
302 329
1 16 2
11 487
1 14 2
270 319
1 9 2
98 434
1 15 2
50 189
1 6 2
277 476
1 6 2
46 155
1 19 2
144 256
1 7 2
95 431
1 5 2
257 295
1 10 2
162 227
1 8 2
247 344
1 7 2
193 215
1 15 2
306 364
1 7 2
140 311
1 15 2
270 385
1 15 2
385 448
1 10 2
59 499
1 8 2
234 394
1 8 2
100 117
1 20 2
318 343
1 9 2
9 208
1 13 2
100 301
1 6 2
171 188
1 11 2
314 490
1 3 2
258 354
1 11 2
319 333
1 8 2
112 499
1 14 2
167 187
1 4 2
67 296
1 16 2
63 322
1 3 2
71 312
1 8 2
63 352
1 17 2
93 356
1 13 2
170 264
1 10 2
70 353
1 6 2
188 474
1 11 2
339 391
1 11 2
152 304
1 11 2
17 99
1 15 2
26 267
1 19 2
23 421
1 17 2
269 464
1 9 2
30 254
1 6 2
240 489
1 7 2
44 371
1 2 2
140 493
1 4 2
300 483
1 7 2
414 426
1 11 2
23 66
1 5 2
160 219
1 14 2
16 329
1 4 2
244 442
1 6 2
396 494
1 10 2
256 283
1 8 2
33 445
1 17 2
84 270
1 11 2
344 445
1 10 2
183 198
1 7 2
134 179
1 8 2
73 207
1 4 2
209 258
1 10 2
84 281
1 18 2
62 310
1 10 2
42 245
1 14 2
167 425
1 8 2
32 373
1 5 2
47 135
1 9 2
19 299
1 17 2
42 197
1 16 2
74 393
1 8 2
63 180
1 8 2
37 277
1 7 2
13 490
1 18 2
1 23
1 11 2
308 484
1 14 2
44 213
1 16 2
414 475
1 14 2
173 377
1 5 2
8 122
1 12 2
43 99
1 9 2
229 319
1 5 2
124 138
1 4 2
52 134
1 5 2
195 410
1 5 2
55 358
1 11 2
187 470
1 18 2
169 242
1 11 2
255 480
1 14 2
226 279
1 13 2
72 95
1 7 2
345 359
1 4 2
53 495
1 9 2
158 176
1 10 2
85 110
1 9 2
95 106
1 11 2
59 153
1 10 2
179 442
1 17 2
10 14
1 18 2
152 441
1 8 2
238 452
1 5 2
127 384
1 10 2
79 397
1 8 2
121 164
1 4 2
39 375
1 8 2
90 322
1 16 2
7 186
1 5 2
5 37
1 12 2
99 266
1 14 2
97 306
1 9 2
191 411
1 15 2
63 447
1 11 2
159 443
1 10 2
391 480
1 13 2
40 120
1 18 2
153 464
1 14 2
311 322
1 13 2
224 285
1 13 2
42 98
1 5 2
353 495
1 9 2
26 354
1 9 2
381 409
1 7 2
196 299
1 6 2
335 471
1 7 2
235 253
1 6 2
31 321
1 16 2
79 207
1 6 2
61 141
1 8 2
69 176
1 17 2
310 356
1 11 2
99 139
1 12 2
14 146
1 4 2
284 331
1 10 2
294 427
1 5 2
20 124
1 20 2
137 478
1 7 2
128 392
1 17 2
68 110
1 7 2
44 290
1 8 2
250 337
1 9 2
89 198
1 8 2
35 142
1 5 2
76 474
1 11 2
29 49
1 18 2
1 415
1 17 2
149 241
1 20 2
226 261
1 6 2
76 102
1 10 2
129 319
1 14 2
308 386
1 15 2
428 435
1 16 2
11 318
1 16 2
74 452
1 18 2
93 97
1 18 2
311 478
1 15 2
197 355
1 7 2
133 313
1 8 2
113 176
1 9 2
38 308
1 12 2
317 492
1 5 2
147 296
1 11 2
136 416
1 9 2
98 279
1 13 2
206 332
1 10 2
366 431
1 17 2
148 324
1 16 2
189 385
1 8 2
287 300
1 4 2
125 296
1 11 2
208 281
1 10 2
276 420
1 12 2
345 444
1 16 2
137 264
1 19 2
390 449
1 14 2
30 223
1 6 2
286 468
1 10 2
110 201
1 8 2
155 395
1 16 2
1 189
1 9 2
392 499
1 19 2
145 464
1 7 2
280 411
1 8 2
76 164
1 14 2
83 261
1 7 2
160 411
1 14 2
266 464
1 5 2
47 165
1 5 2
85 477
1 7 2
99 413
1 4 2
304 352
1 4 2
233 368
1 14 2
50 355
1 12 2
242 349
1 12 2
22 52
1 12 2
35 266
1 8 2
115 208
1 11 2
169 295
1 10 2
232 465
1 11 2
336 491
1 15 2
93 479
1 8 2
334 391
1 11 2
437 480
1 10 2
1 172
1 7 2
319 378
1 5 2
480 493
1 8 2
160 491
1 12 2
165 241
1 12 2
53 133
1 8 2
43 69
1 12 2
109 346
1 8 2
5 144
1 10 2
139 291
1 11 2
298 460
1 8 2
190 201
1 9 2
335 481
1 8 2
27 179
1 15 2
126 255
1 6 2
410 439
1 10 2
266 469
1 10 2
16 159
1 10 2
35 349
1 15 2
68 75
1 16 2
217 322
1 11 2
475 476
1 11 2
291 396
1 11 2
69 499
1 11 2
393 491
1 5 2
102 183
1 5 2
16 307
1 11 2
94 186
1 5 2
89 361
1 9 2
23 282
1 16 2
64 482
1 8 2
218 306
1 13 2
84 252
1 8 2
207 225
1 9 2
246 388
1 16 2
241 492
1 14 2
120 387
1 5 2
106 468
1 20 2
101 273
1 13 2
213 450
1 9 2
303 348
1 13 2
318 405
1 4 2
224 473
1 8 2
6 288
1 4 2
379 481
1 10 2
37 424
1 10 2
44 80
1 7 2
33 75
1 10 2
112 487
1 11 2
30 190
1 12 2
150 417
1 16 2
63 424
1 5 2
112 402
1 12 2
70 198
1 11 2
159 424
1 8 2
31 332
1 9 2
358 381
1 10 2
49 89
1 10 2
16 303
1 7 2
106 286
1 20 2
207 343
1 6 2
82 447
1 10 2
96 306
1 4 2
125 477
1 5 2
182 413
1 8 2
228 375
1 7 2
53 286
1 11 2
78 240
1 12 2
138 441
1 18 2
429 464
1 7 2
59 408
1 8 2
302 303
1 7 2
313 318
1 20 2
406 475
1 11 2
308 388
1 20 2
318 350
1 12 2
36 350
1 13 2
144 157
1 6 2
374 443
1 7 2
134 270
1 10 2
118 452
1 10 2
63 426
1 8 2
154 270
1 16 2
137 320
1 6 2
79 185
1 6 2
15 52
1 12 2
179 298
1 9 2
163 491
1 13 2
173 230
1 8 2
178 217
1 11 2
22 249
1 12 2
30 420
1 10 2
319 372
1 13 2
123 144
1 14 2
109 404
1 5 2
196 447
1 6 2
154 384
1 13 2
75 470
1 11 2
61 321
1 7 2
81 429
1 11 2
98 414
1 14 2
72 469
1 9 2
249 404
1 12 2
62 248
1 16 2
169 452
1 6 2
79 155
1 7 2
85 121
1 11 2
255 402
