500 3000 1500
10 8 21 11 21 20 14 19 13 20 18 22 12 25 23 15 25 13 13 11 19 21 8 12 11 17 19 11 20 15 18 19 6 25 21 14 23 7 18 19 6 18 18 7 22 9 15 6 23 12 22 20 14 20 19 15 16 16 12 18 17 10 5 22 22 23 10 21 16 9 9 23 24 6 20 12 24 17 17 19 20 18 19 11 19 7 8 15 17 22 23 5 14 17 11 9 24 10 17 20 9 17 23 13 6 23 22 22 20 12 17 16 19 13 14 17 18 25 9 13 23 10 25 8 7 22 23 22 17 19 9 8 15 8 13 6 23 22 10 8 19 13 24 9 8 22 14 13 22 20 14 15 10 8 24 23 11 15 6 16 20 6 17 24 16 18 7 24 14 18 21 18 15 10 15 20 24 20 10 23 5 8 13 7 17 25 22 5 25 18 8 23 21 11 22 6 15 14 21 17 7 15 17 12 9 6 16 25 16 5 7 12 18 25 19 12 19 11 10 23 18 9 5 18 21 23 14 20 12 8 22 24 20 15 5 5 19 21 18 5 8 13 13 25 5 22 24 14 20 21 15 19 16 9 15 24 23 13 5 11 14 17 18 13 13 5 6 9 11 18 17 14 19 22 25 12 14 6 13 18 23 6 24 25 23 9 22 18 21 8 14 13 15 24 6 25 12 20 19 23 8 23 13 16 8 18 24 25 21 14 15 13 22 21 23 18 13 23 14 24 11 8 16 6 20 11 24 18 16 15 24 15 16 7 12 5 23 19 19 11 22 11 6 11 11 12 10 22 8 19 5 8 11 18 6 11 5 20 25 16 12 12 16 13 13 19 25 18 19 10 22 16 11 25 7 8 14 20 19 19 25 24 16 10 8 18 16 10 22 7 22 7 17 22 11 14 24 5 11 8 11 8 22 17 19 8 18 6 11 12 9 22 11 19 22 20 9 12 17 16 20 24 23 19 8 14 18 19 21 15 21 10 10 19 19 17 12 9 10 12 6 19 20 5 18 18 19 5 5 18 9 18 11 25 18 20 25 22 19 19 24 16 8 14 8 7 19 20 9 14 10 9 24 8 20 11 17 22 10 8 13 12 14 20 20 19 25 18 10 14 10 13 12 22 18 6 18 19 8 8
15 5 18 3 7 4 9 19 13 20 17 11 7 15 4 9 6 12 4 17 17 13 19 3 11 20 13 10 20 8 14 13 5 9 13 13 16 19 9 17 20 17 18 14 19 13 11 17 9 18 9 17 10 8 17 8 11 10 11 19 3 13 17 16 4 17 16 9 14 18 14 4 17 17 7 13 6 17 19 14 10 11 17 19 17 18 13 7 12 11 12 18 14 20 12 12 3 9 8 6 10 5 12 15 7 11 18 11 16 4 5 6 9 5 15 15 17 9 18 11 19 4 6 18 3 13 13 10 9 4 6 8 5 15 9 13 10 11 4 9 13 5 4 15 14 9 19 17 16 19 4 20 19 14 19 3 10 15 11 16 5 3 9 11 20 4 3 19 8 3 9 16 7 20 6 12 3 15 15 6 15 5 4 8 15 15 10 16 4 8 8 4 12 5 13 4 16 3 15 8 14 10 20 8 12 9 7 8 9 12 14 20 19 20 6 9 20 17 17 8 4 12 4 20 7 17 9 3 12 4 4 14 16 11 13 10 20 4 8 20 15 17 10 20 14 14 17 11 17 12 9 4 5 16 11 10 17 13 9 18 3 11 20 10 18 17 5 18 15 14 19 7 17 18 12 10 20 10 8 19 15 13 4 12 12 12 6 7 7 19 8 10 17 17 19 19 16 8 7 18 14 12 8 15 9 7 5 5 18 8 19 6 14 9 10 17 13 19 9 3 10 15 9 13 12 9 6 6 7 4 12 7 10 11 9 9 4 18 9 3 14 8 3 10 20 9 19 4 13 5 12 15 9 11 10 15 17 4 14 14 17 14 17 4 13 6 10 18 8 7 9 3 10 13 14 12 19 16 5 4 19 17 18 13 13 8 13 19 17 8 4 11 17 8 10 17 19 7 9 12 8 18 9 12 8 14 8 9 16 12 5 10 8 4 5 14 7 3 11 8 9 8 12 17 19 17 17 18 7 19 17 3 14 13 18 14 12 3 7 16 6 8 5 11 3 12 17 8 19 10 6 20 18 13 12 9 5 17 11 3 16 15 17 13 15 16 5 8 4 20 15 19 5 4 7 9 14 16 8 4 3 17 3 19 20 19 10 15 12 7 18 14 9 20 12 12 15 14 15 14
1 17 2
50 314
1 14 2
179 315
1 15 2
179 192
1 11 2
228 336
1 9 2
184 292
1 13 2
456 461
1 12 2
80 81
1 10 2
24 44
1 7 2
244 256
1 14 2
81 280
1 17 2
148 231
1 20 2
117 358
1 15 2
170 390
1 11 2
324 418
1 15 2
14 51
1 4 2
205 482
1 9 2
318 445
1 11 2
29 313
1 14 2
126 449
1 9 2
198 408
1 8 2
388 450
1 7 2
288 424
1 3 2
139 289
1 17 2
232 380
1 10 2
36 228
1 7 2
97 338
1 12 2
39 426
1 13 2
108 169
1 14 2
272 388
1 11 2
114 390
1 19 2
105 380
1 9 2
223 331
1 8 2
299 374
1 13 2
7 377
1 15 2
39 280
1 8 2
0 34
1 10 2
256 320
1 10 2
38 46
1 17 2
33 298
1 4 2
265 362
1 9 2
223 290
1 9 2
23 324
1 13 2
186 252
1 11 2
156 326
1 9 2
142 144
1 17 2
273 306
1 9 2
11 139
1 6 2
226 488
1 8 2
241 327
1 12 2
57 145
1 2 2
1 166
1 9 2
387 493
1 12 2
6 477
1 6 2
55 344
1 16 2
293 446
1 6 2
199 479
1 7 2
151 197
1 9 2
28 481
1 9 2
99 363
1 15 2
90 406
1 14 2
16 362
1 18 2
421 460
1 14 2
206 207
1 9 2
169 318
1 4 2
58 289
1 6 2
276 352
1 16 2
67 154
1 4 2
329 354
1 9 2
136 399
1 15 2
48 449
1 13 2
21 434
1 11 2
192 303
1 14 2
225 454
1 17 2
33 44
1 14 2
93 185
1 14 2
120 223
1 8 2
372 446
1 13 2
140 368
1 14 2
82 393
1 9 2
25 469
1 10 2
45 380
1 8 2
70 474
1 6 2
109 151
1 14 2
2 324
1 15 2
236 326
1 6 2
201 408
1 12 2
7 175
1 9 2
30 35
1 6 2
60 240
1 7 2
129 479
1 10 2
17 428
1 8 2
81 355
1 12 2
243 339
1 9 2
208 261
1 9 2
326 468
1 11 2
184 406
1 6 2
222 232
1 8 2
238 439
1 10 2
67 114
1 12 2
26 324
1 6 2
55 75
1 16 2
231 324
1 14 2
160 493
1 7 2
308 321
1 15 2
255 444
1 14 2
129 170
1 12 2
44 55
1 10 2
255 408
1 7 2
141 310
1 16 2
14 160
1 10 2
340 352
1 17 2
34 48
1 18 2
126 326
1 5 2
110 277
1 5 2
221 436
1 19 2
457 486
1 7 2
136 205
1 5 2
153 376
1 16 2
227 307
1 13 2
15 280
1 5 2
41 205
1 4 2
119 190
1 3 2
304 471
1 5 2
162 407
1 8 2
20 156
1 17 2
13 467
1 14 2
31 224
1 11 2
365 444
1 13 2
242 358
1 8 2
231 354
1 14 2
262 336
1 11 2
260 393
1 11 2
156 274
1 13 2
116 430
1 12 2
79 169
1 12 2
226 293
1 16 2
28 295
1 9 2
122 153
1 14 2
39 127
1 14 2
15 16
1 11 2
128 165
1 19 2
245 453
1 12 2
76 257
1 8 2
352 459
1 19 2
283 493
1 5 2
395 432
1 11 2
197 312
1 14 2
163 385
1 17 2
347 411
1 12 2
206 420
1 13 2
370 487
1 10 2
119 249
1 10 2
256 412
1 8 2
10 470
1 5 2
281 392
1 10 2
48 436
1 13 2
207 271
1 12 2
16 320
1 9 2
199 208
1 17 2
274 324
1 10 2
291 459
1 4 2
19 259
1 11 2
46 308
1 15 2
198 284
1 11 2
272 451
1 6 2
6 400
1 12 2
167 463
1 10 2
179 439
1 10 2
115 305
1 7 2
327 473
1 3 2
217 266
1 19 2
163 299
1 5 2
123 435
1 14 2
165 336
1 7 2
167 397
1 14 2
145 327
1 14 2
28 288
1 10 2
27 381
1 12 2
7 116
1 16 2
421 442
1 12 2
111 390
1 13 2
36 429
1 10 2
132 487
1 3 2
183 204
1 3 2
407 408
1 11 2
192 469
1 5 2
94 438
1 7 2
268 444
1 18 2
286 293
1 3 2
40 83
1 8 2
22 230
1 15 2
484 493
1 11 2
189 441
1 8 2
429 482
1 6 2
162 229
1 10 2
2 290
1 6 2
169 399
1 11 2
272 353
1 10 2
198 334
1 7 2
85 227
1 18 2
90 422
1 5 2
218 311
1 4 2
156 488
1 14 2
21 337
1 6 2
232 440
1 18 2
117 273
1 5 2
19 400
1 10 2
84 132
1 14 2
368 390
1 4 2
339 416
1 7 2
429 492
1 8 2
198 369
1 5 2
45 463
1 6 2
55 343
1 6 2
313 397
1 15 2
227 245
1 4 2
285 432
1 11 2
162 485
1 13 2
68 381
1 10 2
82 322
1 11 2
269 403
1 6 2
173 386
1 10 2
169 322
1 13 2
54 198
1 12 2
192 270
1 10 2
34 263
1 16 2
34 72
1 7 2
78 204
1 17 2
44 125
1 20 2
72 274
1 19 2
13 340
1 10 2
97 326
1 17 2
64 127
1 6 2
58 310
1 11 2
63 276
1 16 2
227 295
1 12 2
232 365
1 4 2
152 204
1 15 2
137 420
1 5 2
70 242
1 12 2
215 282
1 12 2
54 458
1 15 2
79 390
1 11 2
80 318
1 12 2
159 411
1 14 2
206 306
1 7 2
302 482
1 13 2
7 467
1 17 2
167 301
1 12 2
396 489
1 16 2
65 474
1 13 2
80 337
1 12 2
214 445
1 11 2
430 491
1 16 2
21 388
1 12 2
14 208
1 17 2
366 483
1 20 2
16 453
1 10 2
279 435
1 9 2
184 418
1 18 2
13 388
1 12 2
250 428
1 7 2
70 446
1 6 2
199 351
1 8 2
75 385
1 17 2
145 301
1 7 2
59 352
1 7 2
34 190
1 14 2
120 165
1 11 2
132 224
1 6 2
200 327
1 13 2
51 249
1 6 2
172 217
1 7 2
199 341
1 10 2
172 485
1 7 2
269 478
1 11 2
50 103
1 13 2
134 358
1 10 2
137 417
1 15 2
154 327
1 8 2
78 360
1 14 2
255 435
1 11 2
48 491
1 5 2
362 499
1 10 2
211 411
1 8 2
367 417
1 7 2
201 271
1 6 2
419 432
1 11 2
191 345
1 7 2
58 382
1 16 2
7 307
1 13 2
87 460
1 17 2
213 413
1 6 2
260 470
1 20 2
117 167
1 2 2
350 440
1 6 2
371 410
1 18 2
122 224
1 16 2
13 427
1 14 2
30 411
1 9 2
229 486
1 9 2
63 285
1 14 2
202 319
1 12 2
297 298
1 7 2
24 269
1 16 2
136 149
1 13 2
51 404
1 16 2
213 458
1 15 2
413 421
1 18 2
249 366
1 16 2
4 71
1 20 2
155 283
1 10 2
197 474
1 9 2
155 304
1 20 2
255 366
1 19 2
246 317
1 13 2
38 483
1 11 2
154 492
1 6 2
312 443
1 18 2
191 284
1 9 2
112 168
1 13 2
5 31
1 17 2
230 493
1 4 2
83 183
1 4 2
209 292
1 20 2
167 282
1 15 2
38 179
1 7 2
266 484
1 9 2
81 151
1 8 2
173 467
1 10 2
30 93
1 6 2
187 428
1 8 2
241 362
1 12 2
349 368
1 9 2
226 298
1 12 2
185 344
1 13 2
79 474
1 7 2
42 45
1 15 2
282 406
1 14 2
88 299
1 4 2
19 401
1 13 2
28 423
1 10 2
278 312
1 12 2
185 217
1 12 2
230 276
1 13 2
219 496
1 16 2
307 441
1 12 2
98 349
1 12 2
184 248
1 7 2
178 220
1 13 2
252 326
1 9 2
39 151
1 15 2
76 367
1 15 2
330 385
1 8 2
49 378
1 9 2
252 418
1 11 2
87 148
1 9 2
35 39
1 11 2
21 469
1 3 2
104 341
1 10 2
170 278
1 18 2
63 96
1 12 2
171 337
1 17 2
63 314
1 19 2
381 486
1 8 2
135 295
1 10 2
327 429
1 16 2
39 207
1 7 2
62 256
1 10 2
46 297
1 5 2
98 323
1 14 2
237 248
1 9 2
271 353
1 13 2
213 260
1 14 2
165 284
1 14 2
80 82
1 3 2
121 462
1 18 2
14 72
1 6 2
297 407
1 10 2
287 371
1 6 2
113 417
1 12 2
250 370
1 12 2
56 148
1 15 2
213 287
1 19 2
13 90
1 13 2
72 403
1 12 2
103 274
1 10 2
77 365
1 8 2
60 276
1 6 2
139 236
1 4 2
241 479
1 7 2
103 469
1 9 2
27 160
1 12 2
90 92
1 15 2
28 393
1 11 2
87 137
1 9 2
295 462
1 13 2
26 160
1 11 2
7 252
1 9 2
228 353
1 9 2
128 461
1 11 2
202 377
1 13 2
48 371
1 6 2
121 206
1 12 2
297 353
1 7 2
134 233
1 15 2
38 381
1 9 2
142 424
1 8 2
7 204
1 10 2
132 214
1 15 2
65 175
1 11 2
184 466
1 20 2
48 486
1 5 2
43 254
1 6 2
389 497
1 10 2
430 480
1 13 2
175 262
1 8 2
176 195
1 13 2
5 441
1 9 2
150 216
1 9 2
48 97
1 9 2
429 487
1 10 2
327 445
1 11 2
246 436
1 3 2
323 492
1 15 2
13 223
1 6 2
22 216
1 7 2
55 491
1 17 2
192 225
1 6 2
226 383
1 8 2
146 332
1 16 2
380 458
1 15 2
72 279
1 17 2
44 191
1 17 2
2 456
1 5 2
119 289
1 11 2
208 497
1 19 2
207 414
1 15 2
159 185
1 13 2
455 484
1 18 2
34 243
1 8 2
316 392
1 7 2
102 235
1 6 2
135 216
1 15 2
155 220
1 8 2
39 296
1 10 2
117 383
1 8 2
23 236
1 4 2
161 491
1 19 2
280 306
1 17 2
117 140
1 8 2
102 342
1 15 2
14 415
1 16 2
71 297
1 13 2
199 219
1 10 2
6 39
1 2 2
40 131
1 10 2
11 211
1 14 2
102 262
1 10 2
14 49
1 11 2
175 418
1 10 2
7 46
1 5 2
74 356
1 12 2
30 474
1 9 2
78 172
1 13 2
101 127
1 9 2
414 473
1 11 2
353 449
1 14 2
288 337
1 3 2
121 407
1 7 2
80 333
1 16 2
127 149
1 12 2
214 327
1 17 2
176 388
1 14 2
149 458
1 15 2
53 72
1 16 2
142 224
1 17 2
255 457
1 12 2
189 485
1 13 2
379 466
1 14 2
36 368
1 13 2
189 198
1 8 2
66 249
1 10 2
421 488
1 12 2
11 196
1 7 2
359 387
1 12 2
90 463
1 12 2
175 220
1 12 2
194 310
1 8 2
9 450
1 13 2
149 192
1 18 2
231 286
1 10 2
106 275
1 12 2
185 260
1 5 2
70 480
1 9 2
366 465
1 14 2
5 477
1 10 2
270 315
1 16 2
155 160
1 17 2
357 366
1 15 2
64 248
1 13 2
377 454
1 8 2
75 171
1 15 2
301 378
1 8 2
156 160
1 14 2
33 184
1 13 2
305 340
1 13 2
41 493
1 16 2
248 326
1 12 2
11 303
1 10 2
280 296
1 11 2
314 334
1 15 2
116 306
1 9 2
119 367
1 8 2
212 400
1 11 2
359 426
1 16 2
184 243
1 14 2
245 433
1 18 2
127 274
1 19 2
50 283
1 10 2
196 223
1 15 2
188 476
1 12 2
21 279
1 4 2
17 333
1 9 2
357 417
1 4 2
240 439
1 6 2
192 440
1 16 2
39 96
1 15 2
127 324
1 14 2
26 89
1 6 2
190 445
1 12 2
414 469
1 10 2
197 377
1 10 2
163 372
1 10 2
132 220
1 9 2
201 252
1 12 2
208 370
1 13 2
129 402
1 13 2
89 165
1 6 2
168 296
1 12 2
33 395
1 12 2
3 122
1 12 2
171 485
1 17 2
50 245
1 5 2
206 265
1 16 2
142 272
1 12 2
20 305
1 15 2
299 385
1 9 2
411 492
1 8 2
406 478
1 20 2
122 326
1 15 2
202 373
1 3 2
37 432
1 11 2
271 340
1 20 2
117 207
1 12 2
132 299
1 7 2
254 318
1 15 2
186 457
1 5 2
81 239
1 4 2
17 204
1 12 2
413 494
1 5 2
331 348
1 16 2
177 284
1 8 2
213 265
1 13 2
137 413
1 15 2
282 337
1 9 2
247 367
1 13 2
330 482
1 12 2
102 271
1 13 2
227 385
1 12 2
340 395
1 20 2
96 246
1 9 2
198 491
1 13 2
270 293
1 8 2
268 497
1 18 2
2 295
1 12 2
89 226
1 15 2
106 484
1 12 2
99 403
1 8 2
55 114
1 4 2
22 119
1 13 2
249 349
1 15 2
16 98
1 10 2
319 412
1 12 2
8 207
1 12 2
182 381
1 10 2
56 261
1 19 2
256 295
1 5 2
43 461
1 9 2
432 493
1 8 2
236 475
1 9 2
109 140
1 17 2
274 377
1 13 2
115 145
1 9 2
310 327
1 8 2
49 476
1 6 2
5 124
1 6 2
275 363
1 13 2
311 456
1 16 2
248 282
1 15 2
243 476
1 5 2
53 447
1 19 2
33 126
1 17 2
76 137
1 8 2
173 175
1 5 2
94 134
1 7 2
195 393
1 12 2
287 451
1 10 2
67 271
1 6 2
40 308
1 18 2
421 422
1 16 2
11 430
1 6 2
152 206
1 13 2
179 435
1 10 2
113 485
1 7 2
138 371
1 14 2
68 366
1 14 2
149 474
1 17 2
273 393
1 16 2
274 459
1 15 2
169 421
1 11 2
17 155
1 14 2
428 434
1 12 2
115 170
1 16 2
163 467
1 8 2
51 218
1 16 2
207 337
1 12 2
249 392
1 8 2
360 368
1 12 2
243 302
1 11 2
24 456
1 8 2
46 162
1 9 2
87 115
1 12 2
312 332
1 14 2
421 496
1 7 2
43 51
1 11 2
394 486
1 10 2
125 360
1 4 2
221 278
1 18 2
120 299
1 16 2
9 90
1 13 2
382 421
1 3 2
75 158
1 10 2
301 400
1 10 2
363 484
1 11 2
16 215
1 14 2
186 236
1 11 2
25 485
1 11 2
23 125
1 10 2
174 449
1 6 2
461 488
1 14 2
249 484
1 17 2
198 453
1 15 2
102 444
1 15 2
53 314
1 20 2
122 373
1 15 2
148 237
1 11 2
245 310
1 14 2
74 288
1 8 2
66 67
1 9 2
102 143
1 8 2
35 56
1 16 2
175 282
1 13 2
370 382
1 15 2
177 179
1 14 2
225 353
1 16 2
117 487
1 8 2
262 360
1 8 2
50 304
1 9 2
292 444
1 9 2
26 463
1 9 2
340 387
1 12 2
80 386
1 5 2
49 409
1 12 2
11 435
1 17 2
312 388
1 17 2
313 330
1 10 2
300 358
1 8 2
226 362
1 14 2
126 444
1 15 2
213 449
1 14 2
108 442
1 11 2
219 290
1 9 2
169 226
1 16 2
283 455
1 17 2
90 390
1 16 2
175 256
1 16 2
13 177
1 16 2
188 446
1 9 2
206 322
1 12 2
15 319
1 15 2
53 336
1 4 2
267 417
1 9 2
46 270
1 3 2
229 383
1 13 2
132 381
1 7 2
330 447
1 17 2
336 370
1 17 2
188 377
1 10 2
83 219
1 14 2
236 430
1 14 2
388 474
1 8 2
9 19
1 6 2
135 434
1 10 2
243 410
1 8 2
134 184
1 11 2
83 243
1 11 2
151 248
1 5 2
95 395
1 4 2
210 398
1 20 2
255 456
1 15 2
38 283
1 8 2
238 481
1 6 2
3 292
1 9 2
157 220
1 13 2
120 332
1 10 2
13 351
1 6 2
0 201
1 12 2
10 324
1 14 2
2 21
1 9 2
193 273
1 4 2
302 450
1 13 2
170 236
1 11 2
191 211
1 5 2
291 490
1 15 2
71 129
1 12 2
255 302
1 17 2
127 273
1 16 2
72 483
1 16 2
11 65
1 10 2
102 156
1 13 2
237 272
1 11 2
355 396
1 14 2
15 381
1 5 2
69 489
1 8 2
22 224
1 10 2
411 480
1 13 2
196 231
1 12 2
51 223
1 19 2
127 453
1 10 2
45 460
1 7 2
183 411
1 14 2
39 402
1 10 2
176 325
1 13 2
451 457
1 12 2
79 93
1 11 2
102 334
1 16 2
145 414
1 12 2
179 233
1 12 2
54 497
1 5 2
97 156
1 14 2
54 120
1 8 2
421 448
1 14 2
125 357
1 8 2
275 496
1 17 2
330 388
1 16 2
21 48
1 14 2
198 338
1 13 2
126 331
1 13 2
420 497
1 8 2
307 389
1 14 2
4 51
1 12 2
191 276
1 15 2
220 460
1 10 2
30 303
1 14 2
154 262
1 14 2
87 380
1 6 2
150 475
1 16 2
413 460
1 18 2
90 179
1 6 2
276 475
1 15 2
199 295
1 6 2
150 361
1 5 2
94 417
1 17 2
44 284
1 8 2
322 364
1 14 2
199 307
1 20 2
176 243
1 14 2
472 494
1 13 2
365 433
1 16 2
336 414
1 11 2
142 311
1 14 2
9 224
1 8 2
176 266
1 4 2
55 294
1 10 2
353 382
1 5 2
47 449
1 8 2
127 190
1 14 2
41 179
1 6 2
77 401
1 2 2
22 222
1 12 2
31 423
1 14 2
42 301
1 11 2
115 466
1 15 2
220 282
1 12 2
12 283
1 13 2
105 371
1 11 2
105 114
1 6 2
327 401
1 9 2
127 221
1 14 2
194 446
1 13 2
4 403
1 14 2
88 457
1 16 2
280 402
1 18 2
186 246
1 11 2
79 270
1 5 2
92 351
1 11 2
279 378
1 19 2
274 493
1 9 2
252 359
1 7 2
18 254
1 10 2
438 460
1 6 2
87 341
1 11 2
182 477
1 16 2
282 441
1 13 2
71 418
1 10 2
252 427
1 12 2
238 367
1 9 2
63 398
1 9 2
116 147
1 11 2
78 214
1 13 2
125 434
1 8 2
254 271
1 9 2
145 488
1 11 2
307 372
1 10 2
129 425
1 11 2
208 442
1 14 2
411 458
1 14 2
30 280
1 10 2
143 225
1 13 2
81 137
1 10 2
132 324
1 4 2
111 397
1 12 2
207 361
1 10 2
44 264
1 11 2
220 449
1 20 2
142 456
1 8 2
253 347
1 16 2
293 474
1 16 2
243 427
1 14 2
243 419
1 15 2
298 472
1 11 2
230 429
1 10 2
96 471
1 7 2
142 244
1 9 2
337 463
1 5 2
119 130
1 13 2
2 39
1 5 2
242 387
1 13 2
46 396
1 11 2
74 87
1 12 2
56 127
1 10 2
255 304
1 8 2
37 102
1 13 2
33 233
1 14 2
159 293
1 12 2
232 446
1 15 2
4 245
1 6 2
6 109
1 8 2
318 329
1 18 2
191 280
1 17 2
120 179
1 9 2
55 98
1 7 2
266 286
1 12 2
93 192
1 11 2
189 423
1 10 2
168 459
1 10 2
237 241
1 14 2
149 428
1 14 2
112 414
1 9 2
287 491
1 8 2
65 289
1 11 2
293 345
1 11 2
371 494
1 9 2
308 488
1 15 2
225 413
1 7 2
1 20
1 12 2
116 169
1 8 2
361 427
1 12 2
57 120
1 12 2
214 378
1 10 2
89 134
1 11 2
293 400
1 16 2
34 102
1 8 2
195 381
1 13 2
125 315
1 11 2
418 451
1 9 2
134 279
1 6 2
111 432
1 12 2
368 418
1 13 2
112 337
1 17 2
129 213
1 4 2
130 417
1 12 2
2 476
1 6 2
86 140
1 6 2
50 356
1 16 2
44 89
1 4 2
276 281
1 17 2
26 307
1 10 2
121 295
1 10 2
174 368
1 18 2
33 308
1 15 2
307 327
1 9 2
155 321
1 19 2
117 381
1 10 2
24 280
1 19 2
137 380
1 11 2
168 194
1 6 2
408 463
1 19 2
16 71
1 18 2
255 299
1 9 2
150 169
1 11 2
283 320
1 13 2
393 449
1 13 2
288 485
1 3 2
83 131
1 13 2
108 385
1 4 2
205 371
1 10 2
303 494
1 12 2
207 241
1 16 2
28 36
1 14 2
148 169
1 12 2
216 449
1 9 2
30 276
1 14 2
54 106
1 6 2
290 344
1 8 2
23 59
1 6 2
56 69
1 17 2
390 411
1 9 2
3 99
1 8 2
209 246
1 13 2
128 477
1 16 2
155 411
1 9 2
8 403
1 13 2
50 81
1 8 2
70 313
1 6 2
98 384
1 10 2
66 255
1 20 2
283 319
1 9 2
55 272
1 11 2
227 322
1 9 2
54 211
1 4 2
156 321
1 12 2
203 366
1 8 2
98 276
1 7 2
370 443
1 15 2
10 453
1 10 2
36 341
1 15 2
63 365
1 8 2
54 383
1 11 2
310 378
1 10 2
176 383
1 11 2
159 262
1 9 2
38 260
1 8 2
46 132
1 10 2
172 459
1 10 2
86 307
1 8 2
178 248
1 15 2
282 403
1 15 2
176 214
1 10 2
343 477
1 7 2
248 375
1 7 2
216 498
1 10 2
4 311
1 12 2
377 459
1 16 2
54 142
1 12 2
206 284
1 14 2
74 224
1 9 2
81 417
1 14 2
30 36
1 5 2
95 109
1 14 2
245 368
1 10 2
54 382
1 16 2
48 297
1 13 2
219 238
1 13 2
98 286
1 9 2
299 498
1 11 2
132 430
1 17 2
280 347
1 9 2
88 226
1 10 2
303 476
1 18 2
50 255
1 11 2
155 215
1 15 2
7 280
1 17 2
71 89
1 6 2
32 413
1 10 2
98 419
1 14 2
370 445
1 5 2
261 350
1 13 2
107 238
1 15 2
336 474
1 18 2
249 326
1 11 2
291 336
1 15 2
160 393
1 16 2
16 487
1 16 2
28 319
1 14 2
137 423
1 6 2
3 250
1 14 2
14 445
1 7 2
385 408
1 14 2
301 426
1 16 2
117 238
1 10 2
11 320
1 13 2
151 373
1 13 2
127 298
1 13 2
314 392
1 13 2
318 381
1 10 2
79 87
1 18 2
167 411
1 8 2
2 97
1 13 2
26 227
1 9 2
226 426
1 11 2
142 412
1 11 2
331 370
1 8 2
59 182
1 6 2
235 288
1 14 2
82 314
1 13 2
67 251
1 8 2
132 290
1 3 2
389 498
1 2 2
69 222
1 13 2
102 206
1 8 2
406 488
1 9 2
138 347
1 13 2
154 303
1 18 2
308 373
1 13 2
286 461
1 15 2
53 472
1 13 2
396 419
1 7 2
28 253
1 12 2
215 373
1 16 2
198 493
1 11 2
24 176
1 20 2
188 330
1 10 2
30 184
1 9 2
103 236
1 7 2
82 321
1 3 2
348 352
1 13 2
20 51
1 13 2
313 444
1 10 2
36 138
1 8 2
414 471
1 9 2
132 461
1 10 2
0 373
1 4 2
132 440
1 5 2
73 208
1 6 2
3 168
1 16 2
160 381
1 13 2
44 303
1 14 2
65 88
1 20 2
176 366
1 5 2
131 151
1 15 2
189 307
1 8 2
137 473
1 14 2
88 301
1 8 2
295 374
1 9 2
83 413
1 9 2
149 475
1 11 2
8 155
1 14 2
287 312
1 12 2
305 324
1 9 2
216 316
1 16 2
117 327
1 12 2
89 419
1 10 2
12 280
1 15 2
107 249
1 8 2
385 436
1 8 2
115 363
1 13 2
297 484
1 11 2
445 496
1 8 2
169 215
1 13 2
82 340
1 10 2
134 388
1 19 2
207 245
1 11 2
15 251
1 12 2
10 160
1 12 2
226 381
1 14 2
108 428
1 11 2
392 403
1 6 2
23 119
1 15 2
21 67
1 9 2
57 261
1 6 2
34 407
1 7 2
0 77
1 11 2
197 225
1 7 2
225 397
1 16 2
213 357
1 17 2
191 225
1 12 2
167 492
1 16 2
155 484
1 15 2
154 367
1 5 2
172 240
1 9 2
230 478
1 14 2
232 377
1 15 2
21 428
1 13 2
107 184
1 8 2
69 192
1 9 2
15 56
1 15 2
79 167
1 8 2
219 437
1 12 2
51 110
1 15 2
418 486
1 10 2
332 445
1 10 2
109 249
1 5 2
18 70
1 19 2
336 358
1 6 2
183 413
1 11 2
255 360
1 10 2
372 381
1 6 2
158 368
1 11 2
82 429
1 7 2
152 496
1 14 2
82 455
1 9 2
101 359
1 20 2
293 319
1 11 2
72 394
1 9 2
177 417
1 6 2
344 480
1 8 2
81 228
1 10 2
196 214
1 10 2
77 101
1 12 2
353 485
1 9 2
240 280
1 10 2
60 110
1 13 2
33 469
1 17 2
177 207
1 11 2
225 398
1 12 2
21 418
1 7 2
131 379
1 8 2
369 487
1 9 2
164 382
1 11 2
116 220
1 10 2
107 182
1 9 2
156 324
1 7 2
302 359
1 12 2
224 250
1 10 2
157 446
1 8 2
269 452
1 11 2
251 322
1 15 2
84 102
1 12 2
117 241
1 9 2
19 232
1 8 2
90 384
1 8 2
99 372
1 9 2
39 436
1 19 2
148 380
1 13 2
54 99
1 17 2
306 493
1 10 2
140 371
1 9 2
2 61
1 15 2
191 426
1 7 2
60 468
1 12 2
142 291
1 9 2
94 192
1 13 2
67 404
1 14 2
170 428
1 20 2
188 284
1 15 2
136 427
1 6 2
98 383
1 8 2
383 457
1 15 2
77 283
1 16 2
319 466
1 4 2
141 195
1 15 2
245 420
1 16 2
80 283
1 6 2
131 164
1 13 2
328 414
1 9 2
102 138
1 8 2
190 194
1 13 2
251 324
1 15 2
305 330
1 18 2
106 456
1 13 2
245 252
1 10 2
13 437
1 8 2
367 436
1 6 2
341 480
1 12 2
15 192
1 6 2
386 490
1 5 2
27 35
1 8 2
40 125
1 10 2
429 454
1 13 2
206 336
1 4 2
85 278
1 18 2
282 493
1 2 2
187 342
1 16 2
127 493
1 13 2
44 84
1 14 2
365 430
1 4 2
424 438
1 9 2
41 489
1 9 2
63 410
1 12 2
84 441
1 19 2
306 330
1 13 2
347 427
1 10 2
347 436
1 9 2
189 376
1 14 2
326 362
1 13 2
89 171
1 17 2
34 330
1 12 2
151 393
1 17 2
16 232
1 18 2
256 396
1 12 2
287 434
1 10 2
95 319
1 5 2
55 183
1 8 2
197 202
1 9 2
363 404
1 13 2
126 292
1 14 2
230 441
1 8 2
314 374
1 9 2
82 228
1 20 2
142 486
1 7 2
308 389
1 19 2
280 358
1 9 2
343 474
1 5 2
6 100
1 12 2
276 284
1 9 2
267 390
1 12 2
39 368
1 14 2
28 74
1 6 2
59 281
1 18 2
396 422
1 7 2
123 232
1 13 2
149 227
1 19 2
295 306
1 3 2
94 350
1 14 2
98 381
1 15 2
13 435
1 13 2
216 224
1 12 2
112 216
1 11 2
84 322
1 3 2
49 374
1 14 2
99 192
1 6 2
49 201
1 18 2
74 243
1 13 2
306 469
1 18 2
11 453
1 8 2
156 349
1 7 2
95 454
1 8 2
326 407
1 10 2
153 358
1 13 2
164 256
1 5 2
12 438
1 3 2
181 375
1 7 2
104 225
1 10 2
46 338
1 17 2
89 102
1 19 2
246 366
1 11 2
264 370
1 8 2
113 371
1 12 2
313 435
1 9 2
34 343
1 15 2
305 373
1 16 2
122 248
1 7 2
182 254
1 16 2
7 142
1 15 2
199 306
1 11 2
68 415
1 8 2
62 243
1 13 2
248 420
1 8 2
6 98
1 10 2
155 334
1 9 2
292 362
1 19 2
280 295
1 18 2
96 148
1 5 2
104 208
1 9 2
65 387
1 9 2
29 476
1 10 2
3 219
1 15 2
78 283
1 8 2
20 361
1 17 2
175 456
1 16 2
411 493
1 8 2
212 320
1 9 2
123 460
1 19 2
102 185
1 12 2
251 449
1 12 2
87 402
1 15 2
330 337
1 19 2
13 154
1 11 2
103 126
1 7 2
4 342
1 16 2
179 273
1 19 2
120 306
1 10 2
165 196
1 12 2
35 422
1 13 2
41 430
1 11 2
127 264
1 16 2
44 106
1 7 2
298 410
1 7 2
78 156
1 12 2
191 429
1 17 2
71 340
1 13 2
76 199
1 19 2
284 472
1 6 2
285 461
1 12 2
287 433
1 10 2
56 435
1 6 2
412 463
1 10 2
388 408
1 10 2
14 339
1 12 2
14 318
1 16 2
36 312
1 17 2
64 457
1 8 2
116 480
1 8 2
36 277
1 17 2
126 137
1 4 2
94 478
1 4 2
405 489
1 12 2
186 202
1 9 2
181 207
1 7 2
174 275
1 11 2
213 341
1 18 2
72 393
1 8 2
97 236
1 12 2
84 385
1 16 2
120 411
1 7 2
329 481
1 8 2
79 203
1 7 2
226 260
1 13 2
349 434
1 7 2
352 359
1 8 2
207 495
1 7 2
329 475
1 3 2
62 75
1 13 2
64 449
1 17 2
122 288
1 11 2
83 126
1 12 2
256 309
1 10 2
19 179
1 16 2
207 324
1 11 2
243 259
1 10 2
0 472
1 16 2
219 248
1 10 2
89 228
1 8 2
15 489
1 12 2
7 433
1 10 2
108 480
1 14 2
308 379
1 17 2
50 155
1 15 2
188 496
1 12 2
13 228
1 9 2
322 419
1 3 2
350 361
1 15 2
54 243
1 10 2
196 415
1 10 2
154 475
1 20 2
167 274
1 11 2
242 280
1 13 2
262 324
1 20 2
117 314
1 10 2
310 494
1 9 2
17 413
1 9 2
101 292
1 10 2
27 64
1 4 2
437 488
1 13 2
282 322
1 7 2
98 355
1 13 2
4 269
1 15 2
280 420
1 10 2
56 385
1 9 2
250 487
1 9 2
170 257
1 19 2
48 246
1 19 2
65 326
1 17 2
224 307
1 8 2
156 446
1 11 2
105 364
1 10 2
80 203
1 9 2
139 366
1 6 2
27 303
1 14 2
51 107
1 6 2
168 211
1 12 2
54 459
1 4 2
316 498
1 9 2
299 387
1 14 2
179 236
1 10 2
308 436
1 13 2
231 482
1 12 2
272 349
1 11 2
287 476
1 10 2
27 312
1 9 2
182 458
1 11 2
249 386
1 7 2
345 386
1 14 2
340 449
1 17 2
53 380
1 14 2
256 451
1 11 2
313 491
1 19 2
48 330
1 7 2
79 471
1 8 2
410 477
1 16 2
154 192
1 7 2
110 268
1 8 2
94 251
1 14 2
50 269
1 9 2
288 361
1 10 2
109 414
1 10 2
97 282
1 15 2
188 199
1 5 2
353 391
1 11 2
170 362
1 14 2
56 396
1 15 2
272 307
1 6 2
182 480
1 14 2
224 368
1 14 2
194 223
1 19 2
90 295
1 15 2
246 272
1 9 2
128 254
1 11 2
30 362
1 9 2
159 201
1 6 2
12 429
1 12 2
81 458
1 10 2
191 341
1 13 2
115 370
1 8 2
175 204
1 8 2
230 300
1 16 2
51 145
1 7 2
227 304
1 10 2
67 331
1 5 2
424 476
1 11 2
75 396
1 12 2
105 329
1 8 2
132 151
1 12 2
25 427
1 7 2
165 438
1 12 2
127 150
1 13 2
274 395
1 12 2
309 326
1 15 2
13 445
1 10 2
421 432
1 15 2
26 126
1 9 2
247 451
1 15 2
225 236
1 11 2
214 449
1 13 2
148 164
1 16 2
2 136
1 18 2
280 366
1 17 2
67 117
1 19 2
122 245
1 16 2
298 326
1 9 2
228 484
1 16 2
44 50
1 12 2
108 287
1 7 2
238 383
1 19 2
33 299
1 10 2
197 467
1 8 2
470 485
1 11 2
361 370
1 5 2
261 448
1 17 2
179 430
1 13 2
149 171
1 14 2
107 169
1 9 2
210 373
1 11 2
16 417
1 15 2
106 237
1 10 2
41 46
1 9 2
248 325
1 12 2
10 406
1 9 2
80 436
1 10 2
352 421
1 17 2
460 493
1 12 2
355 380
1 11 2
44 141
1 13 2
50 60
1 4 2
68 265
1 6 2
17 226
1 9 2
263 404
1 7 2
66 189
1 12 2
212 420
1 12 2
33 134
1 13 2
252 299
1 5 2
395 398
1 9 2
387 411
1 14 2
284 337
1 11 2
236 371
1 8 2
8 79
1 17 2
245 388
1 11 2
96 242
1 4 2
143 320
1 16 2
293 427
1 13 2
51 451
1 3 2
281 470
1 10 2
171 362
1 10 2
208 446
1 8 2
15 174
1 11 2
41 272
1 9 2
211 315
1 11 2
59 251
1 20 2
319 453
1 13 2
171 230
1 4 2
3 130
1 17 2
117 272
1 13 2
214 297
1 14 2
137 444
1 8 2
189 400
1 14 2
42 89
1 16 2
9 358
1 13 2
201 231
1 6 2
73 413
1 11 2
81 445
1 4 2
66 221
1 12 2
34 68
1 4 2
190 372
1 10 2
89 364
1 10 2
371 434
1 8 2
110 316
1 10 2
369 477
1 12 2
197 421
1 9 2
349 364
1 6 2
342 442
1 15 2
136 297
1 8 2
107 437
1 11 2
254 474
1 10 2
466 482
1 17 2
4 293
1 10 2
82 87
1 19 2
11 207
1 6 2
215 264
1 9 2
210 213
1 17 2
155 245
1 15 2
286 379
1 8 2
310 329
1 10 2
163 438
1 15 2
106 236
1 14 2
28 428
1 10 2
127 489
1 16 2
54 185
1 9 2
35 169
1 12 2
125 419
1 8 2
351 430
1 9 2
371 419
1 7 2
92 228
1 7 2
116 470
1 15 2
272 421
1 15 2
347 349
1 17 2
125 154
1 18 2
358 493
1 16 2
122 446
1 12 2
26 367
1 14 2
126 451
1 9 2
116 491
1 8 2
152 497
1 9 2
24 422
1 19 2
163 246
1 14 2
315 411
1 9 2
64 339
1 20 2
336 380
1 14 2
90 129
1 10 2
53 271
1 9 2
76 144
1 8 2
287 417
1 15 2
39 44
1 16 2
136 349
1 17 2
65 330
1 15 2
112 293
1 15 2
64 170
1 13 2
34 315
1 14 2
148 445
1 16 2
255 297
1 16 2
48 414
1 13 2
115 273
1 16 2
282 420
1 15 2
176 261
1 11 2
259 472
1 6 2
133 162
1 12 2
232 270
1 10 2
50 491
1 12 2
413 454
1 17 2
317 411
1 9 2
39 480
1 9 2
255 437
1 12 2
232 403
1 8 2
93 376
1 11 2
315 445
1 8 2
5 438
1 17 2
14 319
1 16 2
293 433
1 13 2
88 148
1 16 2
155 483
1 14 2
172 274
1 9 2
173 428
1 10 2
19 396
1 17 2
89 230
1 8 2
238 363
1 15 2
99 194
1 18 2
186 301
1 10 2
5 360
1 14 2
422 444
1 6 2
201 346
1 8 2
67 462
1 12 2
147 246
1 12 2
212 298
1 12 2
207 344
1 13 2
149 434
1 6 2
224 323
1 17 2
34 317
1 10 2
155 325
1 13 2
282 463
1 13 2
6 319
1 7 2
73 102
1 10 2
87 385
1 10 2
159 212
1 10 2
198 492
1 9 2
333 380
1 8 2
228 349
1 7 2
105 294
1 9 2
233 445
1 14 2
255 403
1 14 2
65 466
1 10 2
316 390
1 8 2
197 233
1 10 2
125 215
1 5 2
58 361
1 12 2
246 491
1 17 2
39 456
1 10 2
148 452
1 8 2
80 383
1 15 2
98 185
1 15 2
176 368
1 10 2
5 260
1 10 2
27 225
1 17 2
14 284
1 14 2
317 476
1 18 2
127 373
1 10 2
68 449
1 6 2
223 464
1 8 2
106 253
1 10 2
114 420
1 5 2
416 489
1 8 2
261 400
1 16 2
326 404
1 13 2
245 251
1 9 2
250 252
1 11 2
5 132
1 15 2
79 191
1 10 2
69 453
1 16 2
142 357
1 12 2
79 315
1 7 2
209 370
1 16 2
284 455
1 12 2
302 460
1 16 2
249 317
1 12 2
159 402
1 17 2
5 33
1 6 2
342 446
1 9 2
398 402
1 9 2
93 247
1 9 2
283 300
1 13 2
84 337
1 18 2
167 256
1 9 2
119 298
1 15 2
4 145
1 17 2
295 308
1 14 2
11 353
1 3 2
204 221
1 9 2
134 165
1 12 2
169 214
1 13 2
34 184
1 13 2
9 214
1 17 2
5 213
1 6 2
157 394
1 13 2
390 406
1 14 2
126 454
1 15 2
194 349
1 16 2
63 237
1 10 2
370 412
1 7 2
322 492
1 9 2
245 344
1 17 2
33 377
1 16 2
307 367
1 9 2
231 267
1 9 2
52 236
1 13 2
41 347
1 10 2
9 226
1 5 2
150 253
1 8 2
258 330
1 17 2
245 273
1 14 2
415 467
1 5 2
253 311
1 5 2
184 447
1 13 2
101 457
1 11 2
202 367
1 11 2
113 347
1 11 2
0 188
1 3 2
123 133
1 15 2
423 460
1 9 2
167 348
1 13 2
411 444
1 12 2
334 381
1 6 2
27 114
1 11 2
254 497
1 15 2
192 493
1 11 2
134 330
1 14 2
274 403
1 8 2
269 436
1 13 2
81 312
1 16 2
99 306
1 10 2
179 268
1 14 2
184 472
1 6 2
190 385
1 12 2
164 430
1 12 2
201 428
1 12 2
111 457
1 13 2
260 421
1 8 2
92 359
1 10 2
146 177
1 15 2
59 421
1 20 2
13 122
1 7 2
276 311
1 10 2
45 243
1 12 2
10 446
1 12 2
13 146
1 19 2
245 274
1 15 2
122 162
1 10 2
230 345
1 14 2
33 151
1 20 2
33 282
1 13 2
192 496
1 10 2
55 365
1 16 2
175 330
1 7 2
187 246
1 8 2
277 486
1 5 2
365 448
1 10 2
66 460
1 5 2
12 452
1 9 2
357 439
1 17 2
245 472
1 9 2
226 449
1 8 2
159 250
1 5 2
309 431
1 9 2
143 456
1 17 2
50 167
1 13 2
9 232
1 16 2
117 171
1 8 2
113 202
1 15 2
225 494
1 13 2
287 493
1 13 2
170 487
1 10 2
92 368
1 5 2
77 333
1 11 2
33 156
1 7 2
43 458
1 10 2
278 414
1 18 2
21 380
1 10 2
35 459
1 15 2
30 163
1 11 2
377 392
1 12 2
224 461
1 10 2
327 329
1 11 2
57 108
1 8 2
454 492
1 9 2
402 408
1 17 2
188 420
1 15 2
64 484
1 14 2
299 466
1 11 2
310 455
1 11 2
132 402
1 16 2
9 326
1 17 2
107 336
1 9 2
240 472
1 15 2
224 312
1 11 2
99 132
1 9 2
119 368
1 9 2
276 298
1 14 2
280 392
1 16 2
274 434
1 17 2
5 295
1 3 2
173 450
1 8 2
25 103
1 3 2
130 342
1 12 2
15 340
1 10 2
29 298
1 11 2
172 216
1 16 2
154 420
1 16 2
53 154
1 10 2
238 332
1 7 2
166 457
1 13 2
434 485
1 13 2
127 184
1 13 2
415 483
1 15 2
21 170
1 5 2
25 104
1 12 2
252 370
1 14 2
63 485
1 9 2
15 454
1 13 2
324 377
1 15 2
105 227
1 17 2
358 427
1 19 2
102 188
1 8 2
280 333
1 15 2
284 404
1 15 2
199 358
1 7 2
22 220
1 17 2
225 317
1 13 2
111 230
1 17 2
136 179
1 15 2
317 353
1 11 2
403 446
1 14 2
59 312
1 6 2
217 376
1 5 2
320 452
1 8 2
21 130
1 12 2
112 365
1 12 2
55 65
1 14 2
252 358
1 12 2
25 357
1 6 2
200 227
1 12 2
30 84
1 17 2
96 194
1 7 2
24 56
1 16 2
191 402
1 5 2
240 403
1 4 2
37 271
1 15 2
338 472
1 5 2
83 490
1 4 2
266 309
1 13 2
359 422
1 14 2
298 370
1 3 2
0 374
1 17 2
149 381
1 4 2
124 264
1 12 2
362 411
1 10 2
148 215
1 11 2
111 236
1 7 2
5 85
1 10 2
139 373
1 16 2
249 390
1 8 2
24 497
1 10 2
145 156
1 16 2
194 390
1 5 2
113 173
1 7 2
59 475
1 18 2
14 176
1 12 2
105 331
1 11 2
164 287
1 7 2
109 233
1 8 2
61 108
1 4 2
143 452
1 7 2
8 18
1 15 2
20 33
1 13 2
126 128
1 9 2
19 484
1 16 2
256 337
1 19 2
48 396
1 13 2
15 295
1 6 2
403 450
1 12 2
191 489
1 9 2
242 466
1 13 2
11 38
1 8 2
150 382
1 8 2
384 428
1 8 2
316 418
1 12 2
44 233
1 8 2
311 445
1 11 2
18 102
1 16 2
248 280
1 13 2
142 201
1 11 2
249 463
1 11 2
154 215
1 11 2
117 481
1 11 2
167 345
1 7 2
134 371
1 16 2
28 293
1 4 2
203 464
1 6 2
426 464
1 13 2
314 371
1 10 2
276 349
1 8 2
147 419
1 8 2
365 439
1 10 2
304 380
1 8 2
325 367
1 12 2
108 327
1 13 2
151 207
1 14 2
185 254
1 14 2
125 467
1 10 2
172 279
1 14 2
189 194
1 17 2
72 186
1 13 2
106 262
1 7 2
297 384
1 14 2
82 170
1 3 2
43 464
1 17 2
155 273
1 10 2
59 174
1 15 2
99 314
1 7 2
210 474
1 14 2
4 349
1 12 2
186 476
1 10 2
94 102
1 14 2
9 474
1 14 2
227 357
1 7 2
74 100
1 3 2
43 450
1 10 2
313 394
1 6 2
11 234
1 8 2
86 286
1 6 2
118 261
1 9 2
70 142
1 5 2
318 351
1 11 2
355 456
1 10 2
38 451
1 13 2
192 238
1 12 2
101 379
1 16 2
80 422
1 8 2
378 409
1 9 2
204 381
1 3 2
182 350
1 8 2
140 409
1 8 2
12 496
1 12 2
35 486
1 8 2
339 349
1 13 2
46 255
1 15 2
90 357
1 11 2
42 159
1 9 2
178 330
1 9 2
23 467
1 4 2
352 470
1 13 2
93 249
1 13 2
177 427
1 9 2
67 408
1 10 2
254 357
1 5 2
152 408
1 15 2
207 303
1 9 2
20 203
1 20 2
307 366
1 7 2
232 253
1 11 2
247 493
1 16 2
5 96
1 14 2
273 413
1 12 2
105 174
1 14 2
317 426
1 10 2
2 151
1 7 2
463 482
1 14 2
189 225
1 6 2
196 490
1 13 2
227 379
1 14 2
128 293
1 11 2
78 434
1 12 2
54 496
1 16 2
167 224
1 17 2
34 306
1 5 2
66 363
1 14 2
252 453
1 9 2
363 467
1 14 2
256 496
1 9 2
138 299
1 18 2
366 390
1 9 2
188 240
1 4 2
70 152
1 13 2
206 219
1 9 2
387 421
1 3 2
210 471
1 9 2
3 44
1 6 2
389 485
1 7 2
130 385
1 10 2
94 411
1 14 2
137 189
1 8 2
267 485
1 17 2
107 273
1 19 2
255 256
1 4 2
218 275
1 11 2
247 317
1 15 2
167 467
1 11 2
76 343
1 10 2
25 171
1 12 2
60 420
1 18 2
65 284
1 14 2
14 423
1 6 2
118 487
1 15 2
308 467
1 4 2
69 138
1 14 2
64 169
1 12 2
415 494
1 8 2
14 133
1 11 2
269 327
1 6 2
58 147
1 5 2
3 355
1 9 2
88 329
1 15 2
186 324
1 13 2
76 362
1 17 2
13 74
1 7 2
151 409
1 10 2
434 469
1 6 2
271 316
1 14 2
279 411
1 11 2
145 146
1 6 2
139 435
1 5 2
0 49
1 14 2
90 262
1 6 2
86 98
1 11 2
441 487
1 13 2
55 76
1 18 2
373 477
1 7 2
70 232
1 8 2
344 427
1 12 2
132 336
1 7 2
205 288
1 8 2
431 487
1 10 2
11 257
1 17 2
16 497
1 8 2
46 168
1 11 2
157 430
1 11 2
6 301
1 17 2
167 314
1 7 2
168 250
1 7 2
228 476
1 9 2
420 475
1 7 2
438 445
1 10 2
87 451
1 10 2
172 175
1 13 2
88 137
1 7 2
1 434
1 3 2
152 424
1 13 2
286 303
1 8 2
15 463
1 17 2
216 295
1 5 2
343 355
1 15 2
381 476
1 12 2
257 307
1 7 2
26 139
1 15 2
96 169
1 11 2
357 418
1 14 2
16 328
1 14 2
145 441
1 10 2
141 230
1 8 2
11 462
1 16 2
213 433
1 14 2
65 212
1 15 2
108 493
1 14 2
179 403
1 10 2
146 236
1 4 2
302 351
1 13 2
125 202
1 6 2
147 436
1 5 2
210 444
1 16 2
59 380
1 15 2
42 154
1 14 2
41 89
1 15 2
65 337
1 6 2
123 270
1 17 2
13 483
1 11 2
252 485
1 8 2
426 478
1 17 2
13 160
1 7 2
285 494
1 13 2
250 255
1 14 2
59 225
1 19 2
194 366
1 11 2
223 458
1 8 2
130 232
1 16 2
179 237
1 7 2
31 95
1 13 2
41 288
1 13 2
84 420
1 6 2
45 476
1 16 2
36 177
1 16 2
4 396
1 14 2
192 484
1 8 2
103 208
1 18 2
326 422
1 10 2
92 297
1 12 2
347 359
1 15 2
106 455
1 18 2
317 460
1 8 2
287 311
1 13 2
8 358
1 6 2
254 372
1 6 2
55 259
1 13 2
55 421
1 13 2
34 423
1 8 2
12 406
1 15 2
184 293
1 8 2
492 496
1 6 2
238 253
1 8 2
12 53
1 15 2
385 453
1 14 2
36 459
1 3 2
323 431
1 7 2
58 184
1 12 2
167 309
1 10 2
23 474
1 9 2
154 289
1 11 2
270 420
1 7 2
147 332
1 8 2
64 100
1 12 2
311 326
1 13 2
145 435
1 11 2
243 268
1 17 2
44 64
1 14 2
196 283
1 14 2
162 179
1 15 2
256 466
1 14 2
55 358
1 12 2
88 313
1 7 2
182 260
1 14 2
261 283
1 15 2
246 459
1 9 2
22 326
1 10 2
206 262
1 8 2
458 490
1 10 2
217 284
1 10 2
55 349
1 6 2
144 216
1 14 2
99 324
1 9 2
176 450
1 3 2
342 355
1 9 2
163 391
1 19 2
122 126
1 16 2
63 67
1 9 2
100 127
1 8 2
73 117
1 13 2
129 377
1 11 2
5 101
1 17 2
191 414
1 8 2
85 105
1 5 2
152 172
1 6 2
75 157
1 16 2
26 380
1 14 2
223 301
1 8 2
262 320
1 20 2
307 373
1 18 2
14 317
1 12 2
79 445
1 14 2
162 255
1 16 2
176 458
1 16 2
7 76
1 11 2
103 422
1 6 2
114 339
1 13 2
82 272
1 12 2
106 461
1 9 2
151 451
1 14 2
160 484
1 16 2
295 426
1 11 2
74 261
1 16 2
293 442
1 16 2
185 420
1 9 2
9 398
1 11 2
212 449
1 15 2
214 336
1 10 2
89 360
1 9 2
1 366
1 10 2
324 364
1 5 2
52 285
1 8 2
88 147
1 4 2
409 410
1 8 2
88 263
1 5 2
26 397
1 6 2
1 427
1 15 2
117 382
1 15 2
224 288
1 17 2
314 390
1 13 2
34 338
1 8 2
347 464
1 6 2
39 498
1 13 2
192 287
1 12 2
385 446
1 10 2
174 454
1 13 2
54 308
1 19 2
301 358
1 12 2
165 288
1 9 2
314 341
1 8 2
184 475
1 9 2
308 417
1 17 2
176 483
1 13 2
128 393
1 4 2
166 174
1 12 2
228 246
1 7 2
26 437
1 16 2
312 314
1 5 2
66 491
1 11 2
88 444
1 16 2
96 420
1 10 2
51 103
1 8 2
40 330
1 20 2
207 380
1 11 2
57 82
1 14 2
167 279
1 15 2
179 349
1 11 2
17 299
1 7 2
147 482
1 12 2
10 349
1 20 2
188 456
1 14 2
13 310
1 9 2
86 142
1 9 2
278 279
1 8 2
233 418
1 12 2
297 466
1 6 2
294 466
1 9 2
298 334
1 6 2
66 461
1 16 2
280 370
1 8 2
24 251
1 7 2
253 485
1 11 2
71 226
1 15 2
214 307
1 14 2
167 359
1 8 2
110 311
1 12 2
21 41
1 9 2
215 378
1 11 2
24 380
1 17 2
283 474
1 3 2
259 335
1 15 2
80 102
1 13 2
160 220
1 5 2
290 488
1 9 2
259 420
1 10 2
39 276
1 16 2
53 148
1 12 2
264 299
1 7 2
154 239
1 11 2
174 177
1 3 2
193 195
1 7 2
38 383
1 10 2
280 325
1 5 2
119 215
1 12 2
290 317
1 13 2
362 422
1 13 2
388 485
1 11 2
162 338
1 15 2
71 415
1 10 2
110 476
1 4 2
12 161
1 13 2
255 276
1 4 2
181 408
1 8 2
96 277
1 7 2
9 47
1 12 2
119 154
1 14 2
324 497
1 10 2
65 217
1 16 2
129 283
1 11 2
112 279
1 15 2
189 396
1 14 2
337 340
1 14 2
305 336
1 13 2
89 223
1 13 2
106 212
1 14 2
88 126
1 7 2
149 190
1 18 2
421 477
1 7 2
37 368
1 6 2
189 391
1 8 2
95 485
1 13 2
65 426
1 14 2
21 53
1 12 2
42 365
1 7 2
93 344
1 15 2
246 353
1 15 2
188 269
1 10 2
51 260
1 14 2
154 261
1 10 2
26 132
1 15 2
137 192
1 14 2
107 160
1 4 2
178 438
1 17 2
14 105
1 9 2
66 170
1 10 2
248 316
1 14 2
129 388
1 7 2
277 422
1 10 2
201 269
1 9 2
52 101
1 13 2
146 243
1 12 2
18 188
1 15 2
105 433
1 9 2
8 251
1 12 2
282 469
1 11 2
218 283
1 16 2
16 160
1 7 2
83 454
1 7 2
75 254
1 12 2
11 463
1 9 2
22 380
1 6 2
290 394
1 15 2
60 255
1 7 2
208 228
1 20 2
122 246
1 13 2
106 220
1 13 2
160 459
1 13 2
129 404
1 10 2
23 192
1 15 2
88 142
1 12 2
25 216
1 10 2
38 328
1 12 2
10 177
1 15 2
230 428
1 5 2
86 114
1 12 2
155 469
1 19 2
283 306
1 5 2
189 244
1 11 2
162 458
1 11 2
25 279
1 16 2
207 297
1 8 2
263 403
1 11 2
262 385
1 7 2
79 341
1 12 2
255 429
1 13 2
199 411
1 16 2
112 366
1 7 2
313 389
1 4 2
409 464
1 5 2
355 439
1 6 2
182 364
1 14 2
224 455
1 7 2
171 173
1 17 2
65 402
1 7 2
214 471
1 19 2
163 243
1 10 2
126 346
1 7 2
32 340
1 17 2
72 120
1 16 2
149 319
1 5 2
119 304
1 14 2
50 140
1 9 2
248 257
1 14 2
379 493
1 10 2
151 262
1 7 2
211 382
1 7 2
35 114
1 14 2
293 362
1 13 2
122 157
1 16 2
175 207
1 10 2
146 426
1 12 2
98 175
1 6 2
189 479
1 13 2
107 418
1 5 2
216 350
1 10 2
9 87
1 6 2
111 387
1 10 2
246 438
1 11 2
4 57
1 19 2
225 453
1 9 2
134 298
1 19 2
155 358
1 8 2
113 426
1 11 2
25 78
1 11 2
269 444
1 11 2
199 433
1 8 2
23 60
1 9 2
398 430
1 10 2
33 153
1 13 2
202 314
1 11 2
55 127
1 15 2
72 459
1 14 2
79 136
1 8 2
206 257
1 13 2
349 404
1 8 2
279 334
1 15 2
21 430
1 9 2
19 288
1 11 2
170 489
1 9 2
6 445
1 5 2
18 27
1 13 2
25 105
1 13 2
53 232
1 16 2
160 317
1 11 2
15 442
1 8 2
109 116
1 6 2
139 476
1 12 2
423 474
1 10 2
250 298
1 11 2
162 214
1 11 2
30 485
1 5 2
178 296
1 8 2
449 452
1 5 2
27 311
1 9 2
224 398
1 13 2
236 273
1 19 2
163 421
1 12 2
192 199
1 12 2
149 359
1 9 2
61 493
1 10 2
278 493
1 11 2
288 310
1 11 2
238 441
1 5 2
201 399
1 7 2
149 210
1 6 2
116 204
1 8 2
202 481
1 13 2
65 418
1 18 2
50 330
1 11 2
63 290
1 18 2
170 486
1 15 2
136 165
1 9 2
223 425
1 16 2
319 442
1 8 2
26 431
1 9 2
134 236
1 8 2
61 175
1 19 2
176 358
1 13 2
31 474
1 7 2
258 282
1 18 2
71 191
1 15 2
340 457
1 10 2
42 303
1 15 2
38 282
1 9 2
20 141
1 5 2
43 162
1 8 2
152 224
1 13 2
185 311
1 12 2
74 93
1 9 2
123 380
1 10 2
153 185
1 19 2
207 340
1 6 2
43 297
1 12 2
59 420
1 8 2
58 189
1 8 2
27 212
1 8 2
325 485
1 5 2
24 271
1 7 2
28 498
1 9 2
14 143
1 15 2
106 457
1 10 2
93 262
1 16 2
379 380
1 18 2
288 330
1 12 2
111 237
1 10 2
247 484
1 11 2
14 24
1 13 2
60 96
1 6 2
210 445
1 10 2
173 319
1 5 2
58 439
1 4 2
354 363
1 8 2
40 207
1 12 2
25 170
1 10 2
97 231
1 10 2
419 433
1 6 2
327 342
1 4 2
52 342
1 20 2
274 330
1 12 2
7 227
1 16 2
99 381
1 12 2
247 366
1 8 2
84 341
1 14 2
165 472
1 15 2
137 298
1 17 2
63 245
1 8 2
404 488
1 11 2
174 192
1 15 2
312 370
1 16 2
50 457
1 9 2
175 469
1 15 2
25 330
1 8 2
180 283
1 11 2
93 227
1 7 2
249 465
1 8 2
113 287
1 16 2
340 370
1 15 2
293 365
1 12 2
226 411
1 13 2
15 284
1 7 2
47 89
1 14 2
381 445
1 9 2
8 77
1 10 2
55 270
1 14 2
84 155
1 17 2
50 176
1 13 2
7 21
1 8 2
101 113
1 9 2
38 489
1 6 2
99 234
1 16 2
74 284
1 4 2
6 465
1 10 2
456 471
1 16 2
245 313
1 15 2
213 406
1 9 2
84 463
1 5 2
204 489
1 6 2
261 387
1 19 2
191 243
1 9 2
144 282
1 6 2
29 70
1 6 2
277 413
1 8 2
98 146
1 3 2
242 258
1 13 2
63 272
1 6 2
178 250
1 18 2
13 428
1 13 2
57 167
1 16 2
50 313
1 11 2
149 329
1 15 2
295 359
1 9 2
248 263
1 14 2
207 332
1 13 2
382 477
1 7 2
237 266
1 11 2
460 478
1 11 2
145 482
1 13 2
288 426
1 6 2
22 385
1 14 2
112 127
1 11 2
14 247
1 11 2
168 483
1 16 2
231 430
1 14 2
108 286
1 17 2
33 485
1 8 2
18 128
1 18 2
137 306
1 15 2
284 379
1 7 2
253 487
1 4 2
195 429
1 4 2
389 409
1 15 2
31 307
1 15 2
340 420
1 8 2
340 384
1 11 2
71 352
1 12 2
278 366
1 18 2
16 477
1 12 2
296 396
1 6 2
109 425
1 8 2
135 213
1 10 2
109 340
1 10 2
160 482
1 18 2
231 347
1 12 2
48 55
1 8 2
250 362
1 12 2
441 496
1 16 2
185 413
1 10 2
152 366
1 8 2
257 303
1 16 2
163 313
1 13 2
44 189
1 15 2
120 466
1 10 2
100 246
1 9 2
197 315
1 4 2
268 473
1 15 2
336 483
1 6 2
208 464
1 15 2
36 82
1 15 2
307 379
1 12 2
233 288
1 13 2
338 459
1 7 2
222 336
1 8 2
165 360
1 13 2
159 230
1 11 2
259 293
1 7 2
19 454
1 17 2
167 227
1 9 2
53 109
1 12 2
255 481
1 12 2
56 420
1 13 2
88 256
1 8 2
136 437
1 2 2
133 294
1 17 2
65 493
1 14 2
404 430
1 13 2
286 386
1 11 2
77 496
1 14 2
251 256
1 14 2
365 414
1 10 2
233 367
1 7 2
273 294
1 12 2
182 421
1 14 2
44 441
1 6 2
79 447
1 16 2
14 34
1 6 2
123 385
1 6 2
162 399
1 7 2
328 400
1 8 2
66 298
1 17 2
67 282
1 20 2
76 366
1 11 2
30 272
1 14 2
370 459
1 11 2
262 433
1 6 2
23 168
1 7 2
55 278
1 7 2
84 488
1 16 2
54 179
1 8 2
215 305
1 9 2
310 332
1 16 2
358 434
1 8 2
188 342
1 8 2
382 409
1 12 2
115 379
1 13 2
434 455
1 11 2
93 420
1 8 2
51 94
1 15 2
380 382
1 8 2
450 457
1 8 2
78 439
1 17 2
89 186
1 9 2
365 491
1 10 2
54 480
1 12 2
108 406
1 3 2
32 296
1 11 2
201 378
1 8 2
420 473
1 13 2
168 243
1 6 2
294 426
1 13 2
269 273
1 20 2
16 456
1 15 2
171 176
1 20 2
207 243
1 7 2
123 441
1 8 2
108 259
1 9 2
63 346
1 14 2
65 287
1 15 2
225 449
1 19 2
44 207
1 15 2
136 446
1 4 2
24 37
1 9 2
22 36
1 11 2
155 345
1 20 2
207 472
1 12 2
213 263
1 13 2
2 433
1 16 2
368 380
1 11 2
261 423
1 12 2
79 353
1 11 2
203 330
1 7 2
165 416
1 16 2
125 237
1 4 2
289 395
1 7 2
108 178
1 12 2
39 116
1 11 2
308 395
1 8 2
263 444
1 10 2
238 247
1 11 2
16 372
1 15 2
25 380
1 8 2
221 313
1 14 2
256 270
1 11 2
89 329
1 11 2
381 394
1 13 2
78 219
1 11 2
8 370
1 5 2
27 58
1 9 2
46 184
1 13 2
212 313
1 17 2
137 145
1 5 2
290 300
1 18 2
191 381
1 11 2
241 390
1 13 2
59 99
1 18 2
126 317
1 3 2
320 342
1 8 2
60 226
1 10 2
318 483
1 12 2
140 458
1 19 2
33 219
1 13 2
51 177
1 17 2
274 474
1 11 2
275 319
1 8 2
302 426
1 5 2
401 489
1 14 2
227 370
1 14 2
63 423
1 18 2
63 246
1 7 2
162 178
1 8 2
65 123
1 12 2
291 326
1 9 2
48 267
1 16 2
214 295
1 19 2
317 319
1 4 2
360 468
1 13 2
308 487
1 12 2
219 395
1 20 2
191 486
1 20 2
453 460
1 12 2
299 489
1 11 2
223 379
1 14 2
7 102
1 7 2
349 471
1 8 2
231 333
1 8 2
21 289
1 16 2
79 472
1 12 2
242 306
1 3 2
351 408
1 7 2
161 308
1 11 2
56 324
1 11 2
120 147
1 14 2
120 406
1 19 2
142 295
1 7 2
241 482
1 14 2
50 458
1 10 2
29 497
1 10 2
85 486
1 20 2
33 421
1 13 2
214 288
1 7 2
79 156
1 9 2
87 202
1 12 2
84 444
1 13 2
5 279
1 14 2
129 137
1 14 2
106 108
1 8 2
97 297
1 15 2
280 379
1 14 2
88 145
1 15 2
225 337
1 13 2
50 385
1 16 2
256 388
1 14 2
262 414
1 10 2
26 386
1 19 2
14 373
1 7 2
231 443
1 6 2
254 470
1 10 2
120 211
1 8 2
322 361
1 6 2
19 429
1 8 2
32 373
1 6 2
159 438
1 13 2
252 411
1 15 2
435 472
1 10 2
256 352
1 10 2
328 434
1 9 2
261 419
1 15 2
28 126
1 10 2
369 388
1 15 2
245 249
1 10 2
198 203
1 16 2
185 279
1 13 2
279 474
1 16 2
33 497
1 14 2
248 428
1 8 2
23 140
1 15 2
41 326
1 17 2
9 274
1 4 2
27 229
1 20 2
117 155
1 7 2
26 405
1 9 2
10 197
1 10 2
402 409
1 17 2
72 336
1 10 2
388 452
1 17 2
122 170
1 15 2
110 396
1 7 2
269 341
1 7 2
88 218
1 14 2
64 269
1 5 2
38 258
1 16 2
232 396
1 11 2
8 76
1 14 2
71 433
1 11 2
33 355
1 6 2
325 328
1 7 2
253 379
1 7 2
161 428
1 12 2
50 328
1 7 2
436 476
1 10 2
132 279
1 7 2
61 261
1 12 2
212 433
1 9 2
147 298
1 12 2
46 63
1 11 2
129 331
1 3 2
240 383
1 9 2
278 324
1 16 2
185 485
1 6 2
74 265
1 9 2
286 437
1 10 2
298 461
1 17 2
198 336
1 10 2
27 90
1 9 2
71 369
1 16 2
20 380
1 16 2
154 324
1 4 2
94 130
1 8 2
210 411
1 17 2
326 415
1 16 2
175 421
1 18 2
127 246
1 17 2
120 472
1 14 2
29 295
1 5 2
469 473
1 5 2
182 408
1 16 2
298 453
1 18 2
120 381
1 15 2
237 312
1 16 2
231 446
1 12 2
362 430
1 15 2
164 307
1 16 2
21 145
1 17 2
44 255
1 18 2
155 231
1 15 2
16 406
1 5 2
244 298
1 10 2
15 427
1 9 2
337 475
1 12 2
330 439
1 14 2
338 422
1 5 2
92 468
1 10 2
233 338
1 19 2
117 472
1 10 2
140 172
1 4 2
391 417
1 17 2
125 314
1 8 2
436 496
1 18 2
80 207
1 5 2
139 233
1 9 2
174 303
1 9 2
311 449
1 13 2
89 497
1 9 2
398 455
1 12 2
224 406
1 16 2
9 71
1 6 2
292 387
1 6 2
267 303
1 7 2
193 444
1 12 2
282 482
1 3 2
91 439
1 16 2
13 165
1 8 2
17 220
1 15 2
67 477
1 6 2
211 242
1 14 2
148 458
1 7 2
198 294
1 10 2
18 125
1 7 2
199 475
1 14 2
4 177
1 11 2
306 383
1 9 2
238 364
1 10 2
203 457
1 8 2
100 155
1 8 2
270 482
1 15 2
122 216
1 12 2
9 322
1 17 2
33 80
1 9 2
6 298
1 15 2
26 136
1 13 2
99 171
1 6 2
29 346
1 8 2
32 127
1 18 2
122 457
1 12 2
26 279
1 9 2
24 458
1 18 2
2 185
1 9 2
0 99
1 8 2
85 154
1 13 2
484 485
1 6 2
264 475
1 12 2
254 457
1 16 2
192 312
1 5 2
73 78
1 3 2
73 432
1 2 2
205 407
1 9 2
22 373
1 10 2
215 225
1 16 2
54 380
1 3 2
124 438
1 13 2
65 101
1 7 2
19 315
1 13 2
63 305
1 7 2
184 346
1 9 2
34 296
1 12 2
145 318
1 11 2
87 390
1 8 2
439 494
1 14 2
25 388
1 14 2
269 330
1 5 2
168 462
1 10 2
439 477
1 16 2
13 426
1 15 2
105 413
1 15 2
192 457
1 8 2
181 225
1 7 2
89 210
1 17 2
295 415
1 16 2
126 288
1 17 2
249 330
1 17 2
21 117
1 11 2
273 309
1 10 2
291 484
1 10 2
78 382
1 6 2
22 261
1 11 2
262 382
1 7 2
125 397
1 16 2
54 381
1 9 2
145 470
1 10 2
23 224
1 15 2
4 402
1 9 2
167 416
1 12 2
89 290
1 7 2
109 322
1 5 2
109 203
1 12 2
349 435
1 19 2
219 274
1 13 2
39 467
1 18 2
117 312
1 6 2
35 178
1 10 2
233 378
1 9 2
366 374
1 8 2
241 269
1 8 2
32 185
1 10 2
6 34
1 11 2
327 454
1 6 2
313 495
1 9 2
380 479
1 16 2
466 486
1 14 2
137 251
1 12 2
4 202
1 18 2
179 380
1 8 2
219 464
1 14 2
326 454
1 8 2
311 435
1 10 2
295 464
1 18 2
191 255
1 19 2
36 326
1 15 2
149 284
1 20 2
255 307
1 10 2
82 254
1 6 2
369 376
1 17 2
44 154
1 4 2
174 195
1 14 2
393 434
1 18 2
213 402
1 10 2
276 483
1 8 2
403 412
1 9 2
39 146
1 11 2
326 408
1 16 2
223 243
1 10 2
111 444
1 9 2
13 399
1 14 2
194 212
1 12 2
125 128
1 13 2
297 433
1 15 2
353 381
1 7 2
32 191
1 16 2
336 402
1 13 2
36 371
1 5 2
278 383
1 16 2
112 188
1 6 2
452 482
1 10 2
226 378
1 19 2
299 381
1 17 2
170 255
1 9 2
402 478
1 8 2
8 359
1 13 2
459 485
1 12 2
110 388
1 14 2
324 414
1 8 2
95 390
1 8 2
41 364
1 11 2
80 202
1 15 2
280 497
1 7 2
365 401
1 7 2
249 342
1 8 2
111 363
1 9 2
84 400
1 9 2
133 225
1 9 2
257 433
1 4 2
168 464
1 13 2
6 358
1 8 2
240 317
1 12 2
370 371
1 17 2
207 433
1 9 2
100 299
1 13 2
155 429
1 16 2
248 307
1 8 2
229 301
1 9 2
55 353
1 14 2
36 426
1 7 2
428 498
1 7 2
143 232
1 11 2
141 430
1 5 2
17 221
1 13 2
93 340
1 6 2
70 111
1 13 2
261 312
1 6 2
322 432
1 14 2
232 467
1 16 2
330 378
1 15 2
282 349
1 15 2
108 336
1 5 2
156 296
1 15 2
414 430
1 11 2
10 171
1 9 2
163 321
1 5 2
78 495
1 11 2
108 252
1 18 2
127 486
1 16 2
137 273
1 20 2
243 366
1 7 2
178 298
1 3 2
323 490
1 12 2
175 279
1 8 2
206 463
1 9 2
147 467
1 7 2
86 175
1 7 2
2 37
1 10 2
276 308
1 14 2
171 370
1 10 2
362 458
1 12 2
386 430
1 9 2
469 485
1 10 2
399 453
1 12 2
261 457
1 15 2
26 137
1 10 2
69 283
1 15 2
149 457
1 7 2
382 475
1 8 2
28 490
1 10 2
35 324
1 13 2
295 376
1 8 2
91 317
1 7 2
182 303
1 12 2
93 297
1 7 2
299 447
