500 3000 1500
14 17 7 9 7 16 20 10 9 13 22 14 24 10 17 9 5 14 20 16 8 15 16 6 8 16 20 17 9 16 5 23 14 18 25 8 8 11 5 11 7 19 5 18 11 25 7 23 12 17 15 18 22 24 18 18 19 20 25 23 22 19 9 10 24 8 10 12 6 16 12 15 14 7 16 22 18 12 24 6 5 22 14 8 7 11 14 21 10 19 13 19 16 19 18 18 22 5 17 11 19 7 14 9 16 20 23 6 14 23 24 16 21 24 19 20 18 23 19 5 5 20 22 5 6 13 12 19 18 11 7 22 14 12 22 7 23 17 6 16 17 18 6 13 13 20 19 15 7 8 24 9 13 11 13 23 10 5 14 7 7 17 7 9 20 14 25 10 17 6 10 25 11 18 14 12 14 25 18 15 5 15 11 22 7 8 6 9 15 6 8 11 20 8 21 22 15 21 17 13 16 25 15 8 13 14 11 21 13 9 7 19 8 12 14 15 19 10 20 21 23 6 12 17 10 13 12 23 18 14 10 6 25 21 15 23 18 11 13 25 12 17 23 7 22 22 16 6 13 5 14 20 8 7 21 6 21 18 13 10 11 19 15 25 5 15 24 10 10 21 25 20 6 20 16 16 13 9 19 5 5 18 16 7 6 19 7 9 23 18 5 11 15 9 7 8 8 5 22 9 23 11 14 6 9 22 19 19 16 25 11 19 14 15 7 20 10 17 9 13 17 7 21 12 7 7 6 24 18 10 14 17 13 11 19 7 7 21 12 19 7 13 18 9 21 7 23 15 10 17 14 25 23 5 10 20 6 23 12 12 14 13 25 14 17 17 5 6 5 9 6 12 9 19 10 11 10 25 15 22 18 6 14 9 25 22 15 17 12 11 7 25 18 7 25 5 12 7 20 24 13 23 15 25 8 22 22 8 11 12 25 22 20 5 6 14 23 19 10 6 12 7 19 13 18 13 14 15 11 17 23 6 9 13 5 24 7 19 20 21 25 17 10 12 16 19 13 12 18 17 12 16 6 22 16 15 7 19 21 16 24 7 5 17 24 16 18 17 15 22 7 24 24 23 24 10 14 6 8 5 24 24 16 7 12 7 18 23 7 17 22 25 11 8 14 17 21 20 10 23
11 3 18 20 8 8 4 17 12 16 8 5 19 5 14 5 16 14 15 18 12 11 10 10 5 13 3 16 4 7 6 5 3 7 16 4 13 16 7 3 8 12 19 8 18 7 13 8 4 17 6 6 3 20 3 20 14 10 15 4 13 17 3 3 4 8 12 15 9 5 7 13 8 11 15 18 13 5 12 18 5 7 6 18 6 6 5 5 9 16 7 12 11 19 8 10 14 4 3 9 17 8 13 15 20 7 4 5 6 10 10 3 11 4 16 20 12 9 20 19 12 5 14 15 19 20 7 18 10 11 7 13 18 19 17 13 14 9 11 11 13 10 7 12 10 16 16 5 15 11 12 19 16 13 12 9 11 5 14 16 7 4 19 15 8 16 16 5 8 18 13 14 20 6 12 5 13 8 19 3 5 7 5 6 8 4 15 9 3 5 5 19 16 3 20 4 14 10 18 4 17 4 7 14 7 6 9 15 12 10 9 3 9 7 5 11 13 17 20 11 13 15 6 20 20 17 17 12 16 9 4 13 13 5 19 15 20 10 4 7 12 19 11 12 3 17 19 19 13 9 8 20 13 16 5 19 11 20 20 8 19 14 5 20 17 17 10 17 15 16 20 14 15 6 4 6 4 19 19 17 9 14 7 8 12 4 14 3 14 10 15 13 15 17 7 9 12 18 18 14 12 4 19 3 9 6 18 18 18 16 12 12 17 11 3 3 19 20 4 17 14 11 15 4 17 9 16 20 9 15 4 16 4 13 11 4 14 13 10 9 15 5 11 18 16 7 16 9 13 14 12 14 13 15 13 19 5 9 6 17 14 15 7 18 6 9 10 14 19 18 19 7 5 9 16 15 7 11 4 10 14 5 7 4 14 16 19 19 13 10 18 11 20 7 4 18 14 16 20 9 15 14 15 7 17 18 3 15 6 9 10 8 11 19 5 17 9 16 19 12 12 10 5 9 18 13 11 13 14 5 20 9 4 4 4 4 6 3 5 9 18 6 17 5 11 17 20 6 14 18 3 15 11 18 11 7 7 8 11 6 19 4 17 12 19 16 5 3 15 18 4 4 17 9 13 13 13 15 7 17 11 20 19 3 13 12 9 8 17 11 19 4 11 3 18 13 17 3 4 19
1 8 2
81 193
1 6 2
129 215
1 10 2
191 416
1 9 2
125 285
1 19 2
110 377
1 15 2
105 109
1 9 2
333 344
1 4 2
108 321
1 5 2
182 409
1 7 2
0 176
1 12 2
181 298
1 12 2
155 350
1 3 2
184 299
1 18 2
177 227
1 18 2
117 471
1 14 2
200 471
1 10 2
121 205
1 14 2
64 116
1 3 2
335 376
1 5 2
111 478
1 6 2
359 371
1 10 2
150 291
1 7 2
259 489
1 10 2
438 494
1 7 2
325 490
1 7 2
406 452
1 12 2
468 490
1 12 2
93 422
1 9 2
39 195
1 9 2
304 440
1 10 2
316 362
1 8 2
178 375
1 9 2
37 499
1 10 2
309 316
1 10 2
53 268
1 7 2
17 258
1 7 2
265 333
1 7 2
90 265
1 8 2
315 359
1 4 2
4 176
1 9 2
112 333
1 8 2
310 334
1 11 2
60 214
1 18 2
31 232
1 7 2
119 480
1 9 2
15 472
1 8 2
154 466
1 13 2
144 171
1 3 2
63 124
1 11 2
181 305
1 14 2
444 464
1 2 2
221 290
1 20 2
58 270
1 19 2
136 377
1 7 2
164 210
1 12 2
346 455
1 16 2
406 439
1 7 2
105 436
1 11 2
25 285
1 6 2
162 398
1 13 2
78 426
1 9 2
122 268
1 10 2
217 403
1 15 2
417 491
1 2 2
157 264
1 15 2
1 53
1 12 2
96 132
1 8 2
244 485
1 5 2
119 146
1 9 2
114 214
1 11 2
274 417
1 15 2
387 394
1 9 2
351 488
1 6 2
42 211
1 12 2
140 256
1 15 2
10 337
1 13 2
141 155
1 9 2
212 481
1 9 2
29 202
1 12 2
439 449
1 5 2
56 462
1 17 2
113 235
1 4 2
70 478
1 10 2
103 491
1 9 2
22 265
1 13 2
25 270
1 8 2
277 439
1 15 2
315 430
1 17 2
58 322
1 8 2
301 311
1 15 2
53 145
1 6 2
95 485
1 6 2
229 354
1 7 2
150 279
1 7 2
254 340
1 5 2
79 328
1 8 2
79 166
1 11 2
90 131
1 13 2
43 251
1 4 2
287 484
1 10 2
150 376
1 10 2
21 146
1 11 2
306 364
1 10 2
8 263
1 19 2
64 232
1 11 2
132 490
1 5 2
36 74
1 14 2
87 218
1 8 2
198 240
1 8 2
40 109
1 3 2
214 280
1 16 2
270 438
1 13 2
289 487
1 5 2
5 478
1 5 2
92 397
1 10 2
164 386
1 8 2
13 273
1 15 2
114 480
1 10 2
90 134
1 4 2
133 456
1 16 2
410 486
1 14 2
6 96
1 7 2
154 223
1 10 2
125 233
1 10 2
52 409
1 12 2
196 207
1 4 2
151 361
1 11 2
122 360
1 6 2
99 144
1 20 2
309 399
1 13 2
380 453
1 12 2
358 480
1 9 2
74 200
1 8 2
214 387
1 15 2
78 278
1 4 2
253 310
1 6 2
161 293
1 7 2
156 281
1 6 2
185 342
1 9 2
134 153
1 3 2
70 284
1 6 2
452 497
1 14 2
64 236
1 12 2
78 312
1 11 2
379 423
1 4 2
9 314
1 13 2
115 306
1 16 2
305 439
1 6 2
44 229
1 13 2
330 384
1 11 2
152 254
1 9 2
114 476
1 2 2
295 353
1 17 2
114 410
1 15 2
131 271
1 11 2
334 466
1 20 2
171 384
1 15 2
261 298
1 13 2
181 460
1 14 2
57 251
1 12 2
144 227
1 8 2
113 434
1 11 2
232 333
1 15 2
112 458
1 13 2
448 473
1 6 2
92 217
1 9 2
19 444
1 5 2
88 90
1 18 2
78 269
1 5 2
108 475
1 16 2
87 473
1 12 2
27 146
1 10 2
211 292
1 9 2
161 246
1 12 2
188 405
1 15 2
227 261
1 9 2
95 205
1 8 2
131 303
1 14 2
18 385
1 5 2
15 250
1 11 2
108 405
1 7 2
129 173
1 6 2
165 450
1 9 2
124 177
1 14 2
181 410
1 3 2
7 286
1 15 2
43 327
1 5 2
66 447
1 7 2
84 194
1 14 2
94 439
1 11 2
350 406
1 8 2
49 425
1 6 2
127 255
1 13 2
168 471
1 11 2
266 291
1 14 2
33 399
1 10 2
228 281
1 14 2
265 403
1 16 2
26 471
1 3 2
65 329
1 19 2
166 453
1 12 2
152 474
1 16 2
439 473
1 18 2
377 379
1 9 2
93 175
1 12 2
59 174
1 10 2
363 412
1 4 2
130 154
1 16 2
60 357
1 4 2
383 428
1 2 2
142 185
1 17 2
75 480
1 12 2
112 140
1 9 2
133 334
1 8 2
59 294
1 10 2
292 373
1 10 2
85 235
1 8 2
272 309
1 15 2
105 242
1 9 2
4 491
1 10 2
77 81
1 20 2
327 403
1 3 2
170 367
1 12 2
94 114
1 6 2
330 359
1 10 2
104 127
1 14 2
96 121
1 13 2
14 31
1 16 2
194 298
1 8 2
360 449
1 10 2
56 174
1 5 2
17 66
1 10 2
448 489
1 15 2
31 43
1 10 2
128 246
1 14 2
145 194
1 12 2
75 331
1 11 2
95 495
1 15 2
137 309
1 4 2
0 452
1 8 2
5 446
1 4 2
35 423
1 8 2
222 257
1 14 2
109 317
1 11 2
90 346
1 7 2
168 498
1 2 2
184 221
1 8 2
277 398
1 9 2
48 311
1 9 2
95 181
1 11 2
118 454
1 17 2
89 239
1 9 2
113 293
1 5 2
428 450
1 12 2
61 178
1 16 2
57 64
1 7 2
31 249
1 13 2
382 403
1 14 2
198 491
1 7 2
307 354
1 8 2
236 447
1 16 2
117 298
1 15 2
235 278
1 10 2
39 117
1 18 2
263 344
1 16 2
300 411
1 16 2
105 352
1 3 2
84 287
1 17 2
145 171
1 10 2
363 373
1 8 2
113 184
1 8 2
340 487
1 10 2
205 315
1 9 2
171 314
1 15 2
355 430
1 7 2
122 314
1 18 2
300 473
1 13 2
244 444
1 6 2
82 409
1 15 2
216 220
1 6 2
22 343
1 8 2
96 488
1 16 2
146 270
1 7 2
111 420
1 14 2
146 458
1 16 2
355 472
1 7 2
5 126
1 13 2
53 229
1 14 2
14 357
1 13 2
265 357
1 10 2
82 233
1 8 2
417 484
1 13 2
351 425
1 13 2
22 471
1 3 2
222 368
1 3 2
213 290
1 7 2
9 347
1 9 2
172 490
1 15 2
166 387
1 12 2
134 147
1 5 2
24 262
1 14 2
178 480
1 11 2
362 375
1 9 2
24 64
1 8 2
337 483
1 8 2
222 486
1 12 2
175 391
1 16 2
116 394
1 11 2
74 91
1 12 2
89 261
1 15 2
254 411
1 12 2
95 273
1 14 2
435 467
1 5 2
215 243
1 10 2
29 495
1 19 2
362 472
1 13 2
91 373
1 11 2
281 466
1 10 2
181 218
1 19 2
270 464
1 8 2
119 391
1 8 2
216 409
1 7 2
254 326
1 7 2
84 422
1 13 2
139 453
1 9 2
187 351
1 18 2
352 399
1 10 2
408 453
1 12 2
1 306
1 17 2
398 464
1 7 2
140 175
1 7 2
258 350
1 7 2
18 284
1 18 2
232 453
1 14 2
349 491
1 14 2
1 117
1 7 2
161 348
1 7 2
205 332
1 8 2
146 498
1 16 2
112 244
1 11 2
289 429
1 11 2
246 497
1 15 2
22 177
1 12 2
165 201
1 10 2
402 445
1 7 2
159 487
1 8 2
429 492
1 7 2
15 26
1 13 2
178 242
1 8 2
116 276
1 13 2
47 198
1 19 2
58 110
1 15 2
127 471
1 13 2
401 429
1 11 2
301 472
1 8 2
75 478
1 9 2
214 275
1 13 2
74 155
1 12 2
1 218
1 7 2
192 336
1 9 2
207 217
1 6 2
7 489
1 13 2
111 235
1 15 2
164 416
1 9 2
43 423
1 15 2
55 391
1 14 2
81 486
1 13 2
179 201
1 9 2
81 329
1 4 2
25 123
1 11 2
54 342
1 16 2
244 322
1 14 2
51 490
1 16 2
197 346
1 5 2
176 407
1 15 2
385 405
1 10 2
78 374
1 9 2
65 239
1 17 2
150 398
1 7 2
195 370
1 4 2
147 272
1 3 2
142 319
1 7 2
228 287
1 17 2
288 305
1 4 2
165 413
1 6 2
324 342
1 11 2
72 194
1 15 2
12 57
1 12 2
228 307
1 10 2
299 403
1 9 2
59 483
1 19 2
232 327
1 17 2
110 121
1 8 2
12 46
1 18 2
47 346
1 5 2
90 383
1 13 2
41 337
1 9 2
51 455
1 10 2
337 396
1 12 2
57 392
1 12 2
139 288
1 13 2
281 322
1 14 2
236 430
1 9 2
76 292
1 4 2
213 252
1 14 2
227 422
1 10 2
11 141
1 7 2
317 498
1 13 2
145 328
1 15 2
263 424
1 7 2
269 485
1 5 2
361 492
1 8 2
113 189
1 20 2
34 45
1 7 2
212 261
1 6 2
175 423
1 11 2
118 320
1 6 2
95 436
1 11 2
183 332
1 18 2
155 487
1 19 2
298 362
1 9 2
436 472
1 12 2
195 360
1 15 2
198 377
1 8 2
260 497
1 11 2
220 312
1 14 2
18 197
1 15 2
78 251
1 14 2
166 378
1 5 2
151 358
1 14 2
305 417
1 18 2
78 379
1 7 2
70 320
1 8 2
71 188
1 11 2
308 417
1 13 2
227 463
1 12 2
11 474
1 13 2
108 351
1 19 2
45 113
1 3 2
66 431
1 11 2
281 339
1 10 2
329 464
1 15 2
109 261
1 15 2
342 377
1 9 2
41 77
1 7 2
104 126
1 3 2
151 296
1 9 2
402 441
1 17 2
78 122
1 7 2
233 470
1 17 2
31 59
1 9 2
268 490
1 9 2
228 409
1 14 2
51 109
1 13 2
10 69
1 12 2
51 91
1 20 2
394 471
1 10 2
282 364
1 16 2
448 480
1 14 2
339 346
1 5 2
289 393
1 11 2
44 232
1 14 2
161 435
1 10 2
110 260
1 10 2
57 332
1 11 2
172 362
1 9 2
148 362
1 5 2
17 253
1 10 2
166 316
1 8 2
61 85
1 13 2
198 266
1 11 2
14 76
1 14 2
87 146
1 12 2
32 227
1 4 2
191 304
1 9 2
225 306
1 11 2
82 122
1 7 2
40 256
1 18 2
31 352
1 12 2
27 118
1 15 2
288 334
1 15 2
89 401
1 6 2
2 76
1 12 2
29 194
1 4 2
70 397
1 12 2
41 161
1 13 2
177 426
1 7 2
89 478
1 8 2
321 385
1 16 2
60 405
1 12 2
71 337
1 16 2
58 116
1 6 2
3 147
1 9 2
260 322
1 9 2
91 423
1 13 2
192 218
1 13 2
81 241
1 3 2
40 498
1 6 2
119 305
1 13 2
305 429
1 8 2
320 360
1 9 2
38 362
1 10 2
102 254
1 8 2
245 325
1 14 2
275 309
1 13 2
43 75
1 5 2
79 459
1 6 2
238 332
1 14 2
106 168
1 9 2
252 362
1 7 2
136 283
1 13 2
161 453
1 11 2
331 334
1 6 2
291 378
1 11 2
43 98
1 9 2
225 495
1 8 2
301 458
1 9 2
407 499
1 9 2
231 232
1 19 2
131 166
1 16 2
41 471
1 14 2
137 266
1 13 2
200 399
1 10 2
234 311
1 9 2
215 257
1 12 2
50 64
1 13 2
58 90
1 7 2
415 423
1 6 2
151 347
1 17 2
183 435
1 3 2
107 237
1 6 2
50 67
1 4 2
175 184
1 12 2
31 202
1 12 2
181 327
1 7 2
103 211
1 11 2
29 285
1 8 2
99 445
1 6 2
180 453
1 5 2
14 370
1 7 2
18 36
1 7 2
179 204
1 7 2
344 393
1 11 2
316 327
1 13 2
265 435
1 12 2
59 468
1 12 2
0 474
1 16 2
128 171
1 10 2
209 384
1 11 2
136 371
1 15 2
31 373
1 18 2
288 352
1 6 2
307 483
1 12 2
391 420
1 16 2
271 410
1 9 2
221 399
1 5 2
8 246
1 18 2
155 362
1 2 2
180 231
1 19 2
136 351
1 6 2
4 380
1 14 2
51 110
1 16 2
87 453
1 11 2
55 100
1 6 2
62 441
1 12 2
207 317
1 5 2
208 442
1 9 2
239 340
1 13 2
274 399
1 9 2
92 454
1 7 2
236 484
1 17 2
53 499
1 17 2
227 487
1 17 2
10 385
1 9 2
177 321
1 8 2
118 428
1 4 2
214 419
1 17 2
6 410
1 19 2
351 385
1 12 2
222 474
1 11 2
74 278
1 15 2
298 453
1 13 2
49 109
1 8 2
116 371
1 11 2
14 417
1 12 2
341 352
1 5 2
318 371
1 4 2
73 229
1 14 2
1 399
1 9 2
168 292
1 12 2
179 269
1 20 2
239 472
1 9 2
262 339
1 11 2
305 476
1 11 2
222 300
1 4 2
0 314
1 11 2
96 313
1 7 2
254 485
1 12 2
1 207
1 17 2
207 474
1 10 2
134 389
1 10 2
242 420
1 9 2
278 447
1 17 2
122 227
1 8 2
181 468
1 5 2
80 178
1 10 2
165 271
1 8 2
361 467
1 10 2
82 114
1 14 2
278 344
1 5 2
123 365
1 13 2
56 322
1 8 2
114 153
1 6 2
9 240
1 6 2
226 427
1 6 2
276 443
1 7 2
95 383
1 7 2
186 405
1 6 2
35 228
1 9 2
58 253
1 17 2
10 487
1 13 2
234 403
1 12 2
45 208
1 11 2
74 127
1 10 2
136 383
1 11 2
181 344
1 14 2
75 261
1 14 2
385 437
1 17 2
183 195
1 16 2
34 339
1 13 2
400 491
1 11 2
51 98
1 9 2
139 200
1 9 2
277 453
1 12 2
34 375
1 8 2
367 481
1 15 2
12 51
1 3 2
13 294
1 11 2
64 133
1 12 2
55 228
1 15 2
207 322
1 6 2
287 468
1 18 2
194 410
1 8 2
109 336
1 8 2
47 162
1 11 2
98 116
1 8 2
162 480
1 5 2
8 332
1 12 2
53 70
1 7 2
191 349
1 8 2
313 465
1 11 2
50 219
1 10 2
136 428
1 6 2
181 237
1 15 2
114 464
1 9 2
425 448
1 16 2
352 469
1 19 2
270 300
1 7 2
133 140
1 13 2
238 362
1 7 2
323 489
1 8 2
368 403
1 16 2
197 480
1 10 2
147 495
1 9 2
398 423
1 10 2
33 350
1 13 2
398 448
1 9 2
301 305
1 13 2
349 472
1 15 2
45 392
1 8 2
22 363
1 17 2
337 394
1 13 2
214 472
1 4 2
101 371
1 9 2
126 437
1 5 2
129 358
1 17 2
26 480
1 3 2
371 395
1 9 2
75 376
1 8 2
245 293
1 15 2
61 471
1 14 2
93 411
1 12 2
181 300
1 5 2
224 433
1 9 2
170 245
1 8 2
100 354
1 13 2
52 349
1 9 2
35 352
1 11 2
133 453
1 8 2
208 236
1 5 2
323 442
1 7 2
439 485
1 17 2
218 266
1 9 2
173 312
1 5 2
94 279
1 4 2
212 389
1 2 2
255 434
1 7 2
252 261
1 15 2
349 362
1 18 2
64 430
1 5 2
170 330
1 8 2
225 328
1 10 2
19 331
1 7 2
90 302
1 4 2
153 318
1 7 2
183 290
1 7 2
115 478
1 9 2
33 179
1 12 2
93 116
1 9 2
223 350
1 6 2
145 247
1 6 2
360 389
1 16 2
245 430
1 5 2
304 423
1 7 2
393 439
1 16 2
288 315
1 7 2
46 164
1 15 2
410 454
1 19 2
136 266
1 11 2
61 320
1 9 2
236 494
1 13 2
223 256
1 9 2
22 241
1 13 2
31 466
1 12 2
147 244
1 4 2
11 345
1 7 2
344 383
1 7 2
57 243
1 7 2
191 449
1 19 2
220 270
1 8 2
279 460
1 12 2
394 425
1 4 2
2 363
1 11 2
105 347
1 9 2
291 469
1 5 2
161 272
1 10 2
50 315
1 9 2
220 383
1 15 2
55 474
1 7 2
18 345
1 15 2
78 289
1 15 2
146 472
1 20 2
384 481
1 13 2
141 322
1 14 2
241 481
1 9 2
136 345
1 7 2
148 305
1 4 2
8 304
1 3 2
35 193
1 8 2
23 58
1 3 2
217 243
1 10 2
76 202
1 8 2
262 455
1 13 2
45 72
1 9 2
334 361
1 15 2
320 491
1 16 2
331 351
1 8 2
152 311
1 10 2
131 152
1 13 2
61 251
1 9 2
94 338
1 16 2
183 254
1 8 2
311 375
1 11 2
99 377
1 13 2
137 300
1 14 2
5 362
1 7 2
116 369
1 14 2
378 410
1 4 2
20 291
1 15 2
257 464
1 11 2
104 315
1 16 2
150 355
1 6 2
212 387
1 7 2
344 483
1 17 2
12 245
1 11 2
25 218
1 7 2
314 405
1 9 2
171 283
1 8 2
178 359
1 10 2
350 497
1 8 2
203 439
1 6 2
135 281
1 8 2
315 388
1 5 2
176 301
1 16 2
150 271
1 9 2
101 435
1 12 2
347 401
1 8 2
12 135
1 9 2
342 482
1 10 2
153 499
1 9 2
50 257
1 7 2
205 426
1 10 2
236 454
1 5 2
182 389
1 9 2
369 384
1 12 2
0 136
1 16 2
128 201
1 12 2
96 386
1 6 2
393 448
1 14 2
96 285
1 7 2
218 221
1 9 2
389 398
1 7 2
224 311
1 6 2
226 338
1 5 2
35 158
1 8 2
212 458
1 13 2
349 399
1 13 2
41 218
1 9 2
26 423
1 13 2
171 188
1 12 2
117 174
1 12 2
12 426
1 9 2
51 313
1 20 2
384 410
1 14 2
56 106
1 4 2
338 372
1 17 2
122 357
1 15 2
218 487
1 12 2
34 214
1 10 2
82 178
1 6 2
282 383
1 11 2
285 387
1 10 2
423 430
1 9 2
10 442
1 13 2
105 424
1 4 2
353 365
1 12 2
93 146
1 10 2
7 346
1 5 2
28 82
1 13 2
444 453
1 17 2
110 134
1 10 2
204 406
1 15 2
54 384
1 5 2
35 313
1 13 2
207 211
1 11 2
320 437
1 4 2
73 313
1 9 2
92 179
1 12 2
150 188
1 15 2
27 410
1 5 2
91 434
1 7 2
8 216
1 13 2
342 497
1 6 2
94 294
1 5 2
214 369
1 14 2
274 384
1 15 2
300 355
1 6 2
163 274
1 5 2
86 187
1 14 2
194 417
1 6 2
13 426
1 12 2
71 136
1 4 2
50 434
1 6 2
248 360
1 18 2
60 177
1 14 2
306 469
1 12 2
150 238
1 6 2
144 400
1 17 2
322 481
1 15 2
76 109
1 9 2
141 292
1 13 2
183 387
1 14 2
89 145
1 11 2
55 98
1 9 2
194 442
1 17 2
105 435
1 17 2
233 472
1 9 2
192 375
1 12 2
202 416
1 13 2
197 328
1 10 2
295 403
1 16 2
12 33
1 9 2
117 316
1 14 2
34 308
1 8 2
114 237
1 6 2
147 167
1 7 2
167 211
1 9 2
166 264
1 7 2
254 493
1 7 2
341 347
1 5 2
24 282
1 10 2
114 139
1 17 2
53 131
1 10 2
422 454
1 18 2
171 439
1 6 2
162 342
1 16 2
437 464
1 19 2
81 177
1 11 2
111 392
1 9 2
51 363
1 13 2
239 402
1 14 2
10 56
1 11 2
1 261
1 5 2
14 336
1 13 2
236 254
1 16 2
328 440
1 9 2
137 482
1 8 2
68 232
1 13 2
10 223
1 12 2
176 487
1 6 2
79 218
1 12 2
0 430
1 8 2
271 389
1 20 2
150 263
1 8 2
250 459
1 15 2
288 412
1 11 2
110 388
1 18 2
352 480
1 10 2
133 155
1 20 2
78 171
1 11 2
322 386
1 10 2
161 445
1 6 2
236 252
1 20 2
12 150
1 13 2
112 114
1 8 2
128 388
1 14 2
141 195
1 15 2
379 398
1 15 2
236 391
1 14 2
424 474
1 5 2
294 476
1 13 2
215 487
1 17 2
34 337
1 17 2
110 117
1 5 2
144 170
1 12 2
127 278
1 7 2
229 402
1 15 2
263 320
1 13 2
26 261
1 12 2
375 391
1 6 2
180 445
1 12 2
47 468
1 9 2
64 163
1 17 2
239 398
1 10 2
25 412
1 17 2
53 406
1 10 2
288 389
1 4 2
102 483
1 11 2
113 213
1 20 2
309 410
1 16 2
34 228
1 9 2
83 232
1 5 2
42 489
1 4 2
25 303
1 8 2
4 288
1 3 2
63 383
1 8 2
312 380
1 13 2
58 92
1 10 2
110 217
1 4 2
0 243
1 15 2
75 438
1 17 2
113 487
1 16 2
141 201
1 10 2
115 350
1 19 2
416 460
1 9 2
0 380
1 4 2
42 188
1 9 2
43 476
1 16 2
47 411
1 19 2
12 499
1 14 2
136 349
1 9 2
129 496
1 4 2
21 124
1 16 2
201 285
1 7 2
121 296
1 10 2
0 412
1 7 2
207 477
1 9 2
27 234
1 8 2
33 144
1 14 2
178 472
1 9 2
234 282
1 18 2
270 406
1 7 2
115 485
1 8 2
373 442
1 17 2
64 300
1 16 2
166 339
1 18 2
357 474
1 5 2
27 381
1 14 2
168 399
1 18 2
109 499
1 9 2
19 223
1 6 2
175 427
1 11 2
50 233
1 7 2
359 441
1 17 2
357 469
1 11 2
195 402
1 3 2
374 434
1 5 2
139 221
1 14 2
55 195
1 18 2
122 171
1 11 2
70 235
1 12 2
54 61
1 7 2
37 441
1 9 2
129 219
1 10 2
67 344
1 18 2
106 346
1 9 2
129 438
1 9 2
86 257
1 7 2
213 441
1 4 2
37 101
1 18 2
472 499
1 11 2
33 49
1 13 2
234 242
1 11 2
18 19
1 18 2
58 305
1 14 2
141 405
1 4 2
7 348
1 6 2
433 476
1 13 2
233 392
1 3 2
189 442
1 10 2
26 165
1 12 2
105 281
1 5 2
15 204
1 14 2
59 137
1 12 2
91 164
1 9 2
141 378
1 4 2
292 336
1 14 2
218 398
1 13 2
385 467
1 15 2
355 411
1 15 2
384 463
1 4 2
153 432
1 11 2
117 125
1 4 2
372 484
1 7 2
233 249
1 10 2
349 364
1 7 2
174 347
1 4 2
404 420
1 10 2
134 154
1 6 2
21 492
1 9 2
44 322
1 8 2
290 309
1 14 2
411 497
1 12 2
61 334
1 10 2
150 209
1 8 2
122 478
1 13 2
69 474
1 17 2
270 298
1 17 2
233 394
1 15 2
429 440
1 10 2
81 225
1 9 2
29 378
1 7 2
111 338
1 4 2
36 154
1 11 2
310 362
1 13 2
18 422
1 10 2
164 262
1 15 2
52 334
1 8 2
136 324
1 7 2
238 427
1 8 2
223 238
1 13 2
139 491
1 9 2
217 458
1 7 2
82 214
1 9 2
253 480
1 15 2
171 228
1 5 2
1 30
1 4 2
9 336
1 11 2
146 178
1 13 2
94 245
1 7 2
387 450
1 7 2
98 182
1 5 2
158 325
1 11 2
441 467
1 10 2
153 357
1 7 2
18 149
1 4 2
79 143
1 13 2
392 469
1 13 2
346 463
1 12 2
12 292
1 10 2
92 95
1 11 2
256 262
1 12 2
18 27
1 4 2
107 246
1 5 2
120 223
1 16 2
327 437
1 10 2
70 134
1 5 2
158 170
1 8 2
185 385
1 11 2
144 469
1 19 2
352 391
1 8 2
9 289
1 15 2
14 351
1 12 2
131 349
1 3 2
66 135
1 4 2
413 454
1 9 2
239 477
1 11 2
109 476
1 15 2
327 448
1 3 2
42 426
1 9 2
331 386
1 11 2
89 282
1 14 2
134 486
1 7 2
388 489
1 16 2
384 486
1 9 2
98 494
1 8 2
110 367
1 14 2
114 496
1 12 2
320 373
1 20 2
53 362
1 19 2
362 401
1 12 2
75 139
1 8 2
23 481
1 16 2
75 207
1 5 2
182 199
1 8 2
172 486
1 14 2
100 344
1 17 2
401 439
1 4 2
72 483
1 7 2
254 381
1 9 2
5 19
1 4 2
312 325
1 10 2
144 271
1 7 2
211 461
1 8 2
274 427
1 6 2
13 308
1 6 2
234 492
1 19 2
166 288
1 12 2
341 394
1 17 2
45 118
1 6 2
216 272
1 14 2
178 254
1 10 2
56 200
1 11 2
227 330
1 17 2
113 256
1 14 2
342 401
1 10 2
127 292
1 15 2
127 490
1 12 2
201 426
1 10 2
237 337
1 6 2
154 213
1 18 2
31 183
1 6 2
27 397
1 16 2
263 315
1 10 2
31 48
1 6 2
255 261
1 7 2
69 319
1 17 2
45 278
1 6 2
258 446
1 6 2
274 304
1 5 2
252 262
1 8 2
92 319
1 10 2
104 168
1 14 2
110 223
1 9 2
300 376
1 11 2
251 317
1 14 2
50 239
1 10 2
134 143
1 10 2
301 352
1 18 2
12 411
1 4 2
29 30
1 7 2
121 148
1 5 2
141 370
1 13 2
194 441
1 2 2
210 255
1 7 2
29 358
1 9 2
171 294
1 11 2
28 362
1 15 2
56 113
1 5 2
98 142
1 6 2
103 451
1 14 2
140 327
1 19 2
53 78
1 5 2
55 119
1 6 2
74 182
1 20 2
235 410
1 8 2
165 386
1 12 2
427 496
1 19 2
110 136
1 4 2
276 395
1 18 2
177 379
1 12 2
401 427
1 13 2
122 454
1 7 2
24 251
1 9 2
244 418
1 16 2
10 122
1 9 2
27 275
1 9 2
128 382
1 6 2
32 396
1 12 2
168 458
1 4 2
130 446
1 12 2
108 150
1 9 2
205 306
1 13 2
332 403
1 15 2
81 337
1 14 2
117 306
1 14 2
285 406
1 10 2
257 468
1 3 2
295 335
1 15 2
441 480
1 12 2
134 188
1 8 2
363 482
1 19 2
109 377
1 10 2
175 406
1 12 2
59 181
1 11 2
7 351
1 13 2
427 460
1 11 2
25 115
1 14 2
98 401
1 9 2
194 237
1 6 2
8 465
1 14 2
100 183
1 10 2
76 349
1 14 2
161 384
1 7 2
202 240
1 12 2
11 117
1 13 2
176 377
1 15 2
192 416
1 6 2
408 426
1 10 2
70 207
1 7 2
383 445
1 7 2
95 354
1 13 2
110 350
1 12 2
18 380
1 11 2
93 236
1 18 2
64 122
1 9 2
154 445
1 8 2
85 173
1 4 2
65 222
1 9 2
10 88
1 10 2
12 85
1 9 2
121 408
1 11 2
106 126
1 12 2
164 364
1 5 2
226 388
1 9 2
181 215
1 4 2
85 432
1 8 2
133 365
1 13 2
86 266
1 3 2
37 124
1 3 2
217 272
1 9 2
98 365
1 10 2
94 282
1 11 2
137 281
1 11 2
258 288
1 14 2
161 472
1 5 2
66 108
1 7 2
139 238
1 12 2
150 446
1 8 2
319 449
1 11 2
39 327
1 14 2
183 271
1 7 2
267 339
1 11 2
194 215
1 13 2
113 482
1 5 2
343 350
1 10 2
269 494
1 18 2
53 471
1 9 2
191 245
1 8 2
109 421
1 7 2
140 237
1 7 2
138 269
1 8 2
11 451
1 13 2
69 399
1 8 2
200 361
1 14 2
87 437
1 10 2
43 441
1 13 2
227 451
1 5 2
119 281
1 12 2
50 244
1 7 2
36 145
1 16 2
34 424
1 15 2
127 327
1 3 2
4 493
1 10 2
129 136
1 4 2
222 295
1 5 2
95 367
1 13 2
75 342
1 14 2
145 305
1 7 2
308 433
1 14 2
236 453
1 9 2
409 438
1 7 2
218 397
1 7 2
219 303
1 10 2
116 179
1 5 2
103 494
1 14 2
76 357
1 6 2
87 180
1 10 2
305 442
1 6 2
285 366
1 9 2
260 352
1 2 2
16 477
1 9 2
32 43
1 16 2
385 499
1 18 2
327 346
1 15 2
112 487
1 14 2
150 364
1 9 2
56 409
1 10 2
337 363
1 15 2
194 499
1 9 2
156 438
1 14 2
122 285
1 12 2
242 468
1 7 2
50 319
1 9 2
112 310
1 11 2
319 430
1 13 2
416 489
1 17 2
379 480
1 11 2
172 471
1 8 2
139 214
1 7 2
124 220
1 12 2
239 423
1 15 2
58 489
1 15 2
76 150
1 9 2
129 385
1 3 2
30 238
1 5 2
189 466
1 7 2
378 455
1 3 2
361 462
1 13 2
176 399
1 9 2
392 402
1 8 2
94 359
1 7 2
1 153
1 11 2
386 458
1 20 2
113 309
1 9 2
47 99
1 9 2
149 403
1 15 2
55 64
1 13 2
275 385
1 12 2
232 276
1 12 2
12 425
1 9 2
156 352
1 6 2
86 376
1 17 2
195 242
1 3 2
185 191
1 10 2
31 310
1 19 2
177 300
1 15 2
131 437
1 3 2
259 324
1 14 2
121 438
1 12 2
254 282
1 15 2
78 448
1 7 2
254 296
1 8 2
29 382
1 19 2
410 480
1 7 2
128 407
1 12 2
257 437
1 12 2
322 429
1 12 2
365 405
1 11 2
380 417
1 8 2
38 474
1 11 2
223 251
1 7 2
146 187
1 9 2
116 248
1 7 2
251 354
1 5 2
9 442
1 9 2
187 266
1 3 2
133 189
1 11 2
319 416
1 11 2
74 115
1 7 2
5 260
1 20 2
59 362
1 14 2
305 342
1 17 2
244 300
1 6 2
146 414
1 6 2
215 372
1 7 2
191 459
1 15 2
33 357
1 4 2
186 402
1 4 2
151 443
1 11 2
214 398
1 19 2
177 401
1 15 2
89 227
1 10 2
21 445
1 14 2
406 438
1 13 2
195 486
1 10 2
99 430
1 8 2
48 54
1 11 2
66 384
1 6 2
303 315
1 6 2
5 167
1 19 2
171 379
1 10 2
122 208
1 6 2
185 437
1 16 2
52 344
1 9 2
17 236
1 3 2
295 296
1 12 2
12 248
1 11 2
61 342
1 8 2
189 266
1 16 2
183 496
1 13 2
89 195
1 13 2
394 468
1 8 2
219 408
1 8 2
382 467
1 16 2
43 166
1 15 2
131 233
1 6 2
7 71
1 12 2
176 346
1 8 2
91 126
1 10 2
200 281
1 13 2
227 364
1 8 2
88 422
1 10 2
234 342
1 9 2
55 204
1 14 2
219 257
1 16 2
122 155
1 15 2
14 362
1 12 2
216 339
1 5 2
230 276
1 3 2
30 225
1 18 2
474 499
1 10 2
87 229
1 10 2
72 100
1 7 2
289 318
1 8 2
264 474
1 17 2
337 435
1 13 2
87 489
1 13 2
87 192
1 12 2
181 227
1 12 2
69 134
1 9 2
337 450
1 4 2
184 371
1 15 2
75 405
1 17 2
121 394
1 20 2
430 440
1 12 2
90 177
1 19 2
136 471
1 7 2
170 448
1 13 2
201 332
1 14 2
55 183
1 9 2
447 497
1 13 2
134 198
1 11 2
177 226
1 5 2
372 426
1 8 2
22 282
1 8 2
65 487
1 13 2
256 349
1 8 2
73 242
1 10 2
163 351
1 14 2
58 465
1 3 2
4 295
1 16 2
91 377
1 15 2
298 496
1 16 2
305 401
1 6 2
93 345
1 6 2
211 345
1 15 2
55 499
1 7 2
82 312
1 17 2
64 406
1 5 2
11 217
1 11 2
132 220
1 20 2
391 394
1 9 2
324 474
1 9 2
251 484
1 13 2
315 412
1 7 2
50 415
1 12 2
307 380
1 5 2
200 393
1 6 2
35 495
1 7 2
211 442
1 4 2
212 425
1 7 2
111 492
1 6 2
225 323
1 11 2
178 467
1 9 2
261 319
1 11 2
308 458
1 10 2
136 389
1 10 2
219 450
1 20 2
45 391
1 19 2
78 346
1 7 2
238 250
1 13 2
425 491
1 15 2
54 58
1 5 2
8 175
1 7 2
11 258
1 8 2
261 329
1 11 2
201 409
1 11 2
95 364
1 10 2
166 493
1 5 2
358 374
1 13 2
75 444
1 12 2
171 358
1 14 2
145 164
1 7 2
99 200
1 14 2
43 346
1 10 2
260 406
1 8 2
343 439
1 15 2
232 392
1 17 2
166 269
1 9 2
227 442
1 13 2
64 82
1 14 2
244 445
1 5 2
32 310
1 15 2
171 387
1 2 2
40 326
1 10 2
122 409
1 4 2
301 404
1 11 2
427 458
1 10 2
27 441
1 8 2
82 198
1 6 2
336 392
1 12 2
112 116
1 10 2
91 215
1 6 2
73 273
1 19 2
109 309
1 7 2
111 310
1 14 2
195 497
1 12 2
375 410
1 15 2
254 490
1 9 2
171 340
1 15 2
289 327
1 3 2
230 485
1 12 2
153 166
1 14 2
121 273
1 8 2
40 416
1 7 2
193 497
1 16 2
197 481
1 5 2
143 217
1 6 2
90 222
1 5 2
365 431
1 9 2
218 301
1 16 2
155 344
1 10 2
342 463
1 8 2
82 486
1 10 2
100 196
1 10 2
0 334
1 13 2
261 497
1 15 2
57 266
1 12 2
302 487
1 10 2
287 472
1 12 2
250 384
1 7 2
7 454
1 6 2
80 197
1 13 2
198 344
1 10 2
224 474
1 3 2
119 213
1 7 2
98 428
1 7 2
67 454
1 6 2
146 189
1 8 2
450 463
1 19 2
110 357
1 9 2
147 317
1 11 2
14 438
1 9 2
32 466
1 10 2
190 362
1 16 2
117 122
1 16 2
320 440
1 5 2
137 431
1 10 2
222 406
1 4 2
125 138
1 12 2
240 377
1 12 2
82 481
1 9 2
112 259
1 5 2
21 28
1 11 2
131 154
1 16 2
362 467
1 18 2
131 403
1 7 2
478 486
1 10 2
86 337
1 5 2
72 304
1 9 2
179 349
1 12 2
0 59
1 11 2
93 467
1 6 2
211 397
1 10 2
77 379
1 15 2
311 473
1 5 2
348 433
1 17 2
195 245
1 8 2
154 246
1 13 2
47 365
1 7 2
191 448
1 15 2
164 244
1 6 2
51 304
1 17 2
113 242
1 8 2
19 202
1 14 2
56 75
1 16 2
300 469
1 14 2
334 490
1 15 2
10 218
1 15 2
380 435
1 8 2
291 306
1 14 2
322 334
1 11 2
224 263
1 12 2
113 450
1 11 2
233 250
1 10 2
116 246
1 17 2
480 496
1 17 2
273 435
1 6 2
292 475
1 7 2
85 495
1 7 2
18 432
1 11 2
377 443
1 12 2
216 445
1 17 2
300 416
1 18 2
87 270
1 16 2
34 315
1 11 2
21 412
1 12 2
22 52
1 19 2
31 471
1 8 2
196 402
1 6 2
127 483
1 14 2
201 454
1 5 2
168 184
1 11 2
136 204
1 3 2
90 434
1 12 2
242 402
1 4 2
153 287
1 5 2
231 339
1 18 2
242 384
1 12 2
285 328
1 10 2
78 217
1 3 2
36 253
1 13 2
106 441
1 8 2
331 447
1 8 2
315 420
1 5 2
90 293
1 6 2
172 202
1 16 2
271 499
1 19 2
242 263
1 11 2
22 342
1 10 2
63 78
1 14 2
331 399
1 10 2
208 244
1 12 2
378 469
1 7 2
333 444
1 8 2
101 183
1 4 2
62 442
1 7 2
55 259
1 13 2
311 373
1 8 2
158 161
1 4 2
16 179
1 7 2
180 416
1 17 2
194 384
1 6 2
287 387
1 8 2
104 341
1 13 2
12 50
1 11 2
41 168
1 13 2
379 467
1 7 2
130 207
1 10 2
199 219
1 15 2
54 113
1 8 2
154 281
1 10 2
21 211
1 12 2
71 298
1 16 2
12 269
1 7 2
231 322
1 9 2
140 494
1 9 2
198 347
1 4 2
348 389
1 16 2
127 232
1 11 2
422 482
1 4 2
222 252
1 9 2
170 233
1 6 2
41 296
1 3 2
35 436
1 16 2
100 460
1 6 2
167 454
1 14 2
140 471
1 17 2
106 406
1 6 2
153 451
1 5 2
299 386
1 17 2
105 460
1 6 2
187 364
1 20 2
34 472
1 6 2
0 99
1 8 2
211 361
1 5 2
101 455
1 5 2
262 321
1 15 2
41 106
1 4 2
108 397
1 13 2
113 402
1 16 2
171 342
1 12 2
178 278
1 12 2
136 262
1 10 2
256 332
1 6 2
38 164
1 9 2
225 373
1 14 2
214 394
1 6 2
332 425
1 10 2
13 474
1 4 2
188 395
1 11 2
205 269
1 10 2
88 416
1 13 2
194 349
1 12 2
78 360
1 10 2
170 460
1 20 2
351 435
1 11 2
41 282
1 9 2
82 422
1 6 2
197 284
1 10 2
32 251
1 11 2
72 496
1 9 2
125 211
1 19 2
12 464
1 15 2
52 256
1 12 2
198 269
1 10 2
104 257
1 15 2
320 471
1 7 2
248 433
1 14 2
45 74
1 15 2
12 398
1 15 2
87 109
1 9 2
61 443
1 13 2
132 201
1 15 2
150 457
1 7 2
18 404
1 8 2
335 352
1 11 2
1 466
1 5 2
28 90
1 19 2
34 47
1 9 2
234 317
1 8 2
52 493
1 9 2
229 412
1 20 2
309 391
1 10 2
265 424
1 8 2
28 398
1 8 2
162 384
1 8 2
278 376
1 7 2
50 152
1 7 2
68 244
1 11 2
164 449
1 17 2
57 399
1 8 2
310 380
1 6 2
173 404
1 14 2
93 499
1 6 2
116 321
1 7 2
278 493
1 6 2
364 404
1 4 2
86 393
1 7 2
268 466
1 15 2
440 486
1 10 2
349 466
1 12 2
181 352
1 13 2
179 394
1 14 2
61 439
1 14 2
34 331
1 15 2
239 342
1 12 2
134 275
1 17 2
100 166
1 11 2
19 273
1 9 2
32 311
1 10 2
91 165
1 13 2
113 179
1 6 2
55 162
1 2 2
138 390
1 11 2
43 89
1 9 2
213 334
1 14 2
458 497
1 14 2
236 473
1 11 2
94 422
1 14 2
59 289
1 2 2
395 442
1 6 2
22 99
1 8 2
220 336
1 9 2
118 447
1 18 2
34 300
1 4 2
200 326
1 11 2
146 275
1 15 2
300 306
1 11 2
87 196
1 13 2
292 403
1 20 2
59 440
1 12 2
208 327
1 18 2
464 473
1 5 2
170 468
1 11 2
82 155
1 8 2
288 321
1 18 2
377 473
1 10 2
71 127
1 10 2
122 126
1 6 2
5 442
1 16 2
10 411
1 12 2
181 480
1 4 2
240 316
1 9 2
161 174
1 3 2
88 252
1 7 2
38 352
1 8 2
133 466
1 6 2
192 231
1 4 2
68 282
1 13 2
166 330
1 7 2
293 445
1 9 2
22 382
1 5 2
104 304
1 14 2
76 113
1 7 2
175 463
1 11 2
143 453
1 7 2
238 489
1 13 2
121 127
1 15 2
261 435
1 9 2
7 453
1 9 2
183 376
1 11 2
81 179
1 13 2
53 402
1 9 2
70 121
1 7 2
306 493
1 7 2
195 324
1 12 2
188 406
1 14 2
113 451
1 9 2
3 346
1 10 2
248 305
1 6 2
214 319
1 11 2
375 394
1 16 2
116 384
1 10 2
26 86
1 15 2
75 256
1 6 2
182 444
1 20 2
410 471
1 12 2
195 202
1 6 2
163 196
1 13 2
100 306
1 14 2
109 448
1 6 2
5 329
1 9 2
115 433
1 6 2
36 236
1 8 2
210 227
1 3 2
149 461
1 10 2
103 384
1 7 2
139 222
1 13 2
176 403
1 4 2
21 189
1 9 2
90 216
1 15 2
117 261
1 8 2
126 140
1 13 2
112 339
1 8 2
71 181
1 14 2
177 313
1 8 2
108 429
1 9 2
95 360
1 9 2
378 429
1 7 2
51 224
1 3 2
151 321
1 8 2
6 163
1 11 2
244 447
1 10 2
49 459
1 7 2
165 265
1 13 2
216 285
1 12 2
382 471
1 20 2
34 377
1 11 2
375 377
1 8 2
70 486
1 5 2
182 423
1 8 2
260 311
1 10 2
63 469
1 15 2
58 387
1 12 2
154 220
1 5 2
161 477
1 7 2
128 277
1 9 2
132 424
1 12 2
402 487
1 18 2
379 403
1 14 2
351 386
1 8 2
366 474
1 12 2
220 234
1 4 2
341 452
1 13 2
177 265
1 15 2
256 344
1 9 2
131 354
1 9 2
181 200
1 5 2
331 367
1 17 2
113 406
1 10 2
182 487
1 16 2
45 127
1 17 2
87 416
1 3 2
7 488
1 16 2
177 424
1 15 2
6 430
1 10 2
262 285
1 17 2
96 309
1 9 2
311 426
1 11 2
466 486
1 9 2
173 238
1 12 2
1 100
1 16 2
121 300
1 12 2
51 417
1 3 2
224 477
1 13 2
115 307
1 15 2
355 490
1 17 2
171 490
1 8 2
133 198
1 7 2
371 415
1 10 2
136 358
1 11 2
136 446
1 14 2
43 288
1 8 2
363 364
1 14 2
285 352
1 15 2
122 254
1 12 2
377 423
1 13 2
96 466
1 5 2
8 427
1 5 2
157 437
1 4 2
20 143
1 7 2
276 446
1 4 2
335 400
1 8 2
246 455
1 12 2
53 443
1 10 2
60 77
1 9 2
258 269
1 5 2
280 320
1 5 2
312 436
1 10 2
22 289
1 19 2
122 394
1 16 2
288 438
1 11 2
305 426
1 9 2
274 275
1 8 2
416 421
1 9 2
223 361
1 7 2
106 264
1 8 2
64 247
1 4 2
182 209
1 12 2
165 305
1 8 2
67 173
1 9 2
143 466
1 16 2
34 178
1 6 2
342 393
1 16 2
183 244
1 5 2
175 354
1 19 2
440 453
1 6 2
36 140
1 12 2
56 349
1 7 2
49 389
1 8 2
69 199
1 10 2
108 439
1 11 2
146 181
1 16 2
166 306
1 14 2
31 33
1 13 2
43 453
1 16 2
278 362
1 10 2
262 466
1 5 2
253 448
1 11 2
192 465
1 9 2
270 478
1 8 2
281 420
1 8 2
248 448
1 6 2
249 256
1 9 2
209 464
1 6 2
196 443
1 10 2
178 202
1 15 2
244 315
1 17 2
233 480
1 11 2
194 202
1 11 2
77 227
1 10 2
374 391
1 15 2
322 496
1 9 2
95 363
1 11 2
451 497
1 5 2
21 296
1 5 2
71 404
1 9 2
21 161
1 13 2
94 398
1 3 2
30 240
1 9 2
98 312
1 7 2
87 295
1 5 2
261 366
1 6 2
56 485
1 9 2
312 365
1 7 2
130 131
1 9 2
117 293
1 13 2
69 288
1 8 2
345 471
1 10 2
327 371
1 7 2
289 447
1 14 2
242 448
1 4 2
231 358
1 8 2
224 344
1 17 2
31 305
1 8 2
379 478
1 19 2
403 499
1 10 2
66 270
1 7 2
102 176
1 14 2
54 81
1 10 2
166 243
1 17 2
58 458
1 7 2
48 441
1 9 2
167 411
1 14 2
69 266
1 8 2
138 460
1 8 2
185 244
1 9 2
223 382
1 12 2
266 312
1 14 2
58 444
1 8 2
249 435
1 14 2
57 87
1 8 2
46 136
1 5 2
86 252
1 9 2
251 420
1 8 2
11 467
1 4 2
175 224
1 15 2
211 391
1 7 2
49 383
1 6 2
319 371
1 9 2
21 236
1 13 2
34 181
1 12 2
165 464
1 7 2
148 271
1 10 2
59 153
1 11 2
21 305
1 13 2
92 117
1 17 2
109 113
1 14 2
416 429
1 6 2
128 247
1 4 2
102 124
1 15 2
116 435
1 6 2
50 222
1 7 2
14 259
1 12 2
112 495
1 5 2
193 378
1 12 2
207 378
1 9 2
305 443
1 14 2
53 463
1 10 2
58 277
1 16 2
64 192
1 10 2
274 342
1 8 2
61 259
1 3 2
2 294
1 13 2
136 495
1 15 2
110 495
1 18 2
309 453
1 12 2
6 380
1 7 2
75 368
1 8 2
30 45
1 8 2
103 344
1 4 2
338 421
1 6 2
230 386
1 13 2
196 270
1 14 2
183 457
1 5 2
80 467
1 11 2
105 489
1 20 2
166 377
1 16 2
166 422
1 9 2
166 190
1 6 2
348 402
1 12 2
341 464
1 20 2
64 384
1 6 2
467 478
1 16 2
254 406
1 14 2
14 75
1 10 2
99 197
1 9 2
158 486
1 16 2
342 351
1 14 2
10 339
1 18 2
64 220
1 8 2
339 359
1 7 2
103 458
1 11 2
278 465
1 7 2
0 386
1 17 2
52 288
1 2 2
189 287
1 9 2
5 92
1 16 2
339 351
1 10 2
1 342
1 9 2
116 360
1 13 2
134 308
1 14 2
57 453
1 7 2
89 170
1 9 2
170 406
1 12 2
234 487
1 12 2
147 385
1 3 2
46 167
1 9 2
337 375
1 9 2
205 429
1 11 2
26 50
1 9 2
236 427
1 8 2
302 463
1 15 2
342 481
1 6 2
20 466
1 9 2
21 429
1 16 2
34 173
1 19 2
45 235
1 13 2
257 337
1 17 2
52 464
1 10 2
372 377
1 14 2
21 309
1 6 2
77 402
1 14 2
43 430
1 7 2
188 450
1 12 2
106 165
1 4 2
48 185
1 10 2
55 282
1 14 2
6 490
1 12 2
111 411
1 13 2
55 194
1 16 2
241 351
1 13 2
355 437
1 12 2
33 56
1 4 2
225 452
1 9 2
12 296
1 9 2
56 361
1 18 2
110 227
1 7 2
75 356
1 11 2
342 429
1 14 2
176 351
1 12 2
246 490
1 15 2
47 94
1 9 2
116 465
1 7 2
207 336
1 10 2
17 315
1 7 2
69 358
1 19 2
59 263
1 9 2
104 468
1 5 2
15 215
1 14 2
91 244
1 7 2
294 458
1 9 2
17 339
1 18 2
288 471
1 12 2
141 164
1 8 2
77 178
1 19 2
239 430
1 12 2
128 496
1 14 2
192 355
1 12 2
346 378
1 14 2
89 473
1 7 2
65 192
1 12 2
6 437
1 4 2
252 447
1 14 2
51 298
1 13 2
262 430
1 12 2
109 176
1 2 2
252 479
1 4 2
250 356
1 5 2
320 356
1 8 2
201 284
1 13 2
245 328
1 6 2
114 321
1 7 2
23 458
1 13 2
91 218
1 8 2
174 198
1 18 2
117 357
1 8 2
336 474
1 13 2
257 288
1 8 2
449 494
1 7 2
25 323
1 9 2
144 449
1 9 2
313 364
1 12 2
274 405
1 10 2
166 230
1 10 2
220 374
1 11 2
238 298
1 12 2
6 328
1 7 2
162 458
1 12 2
218 392
1 19 2
59 471
1 18 2
227 430
1 5 2
36 202
1 8 2
335 394
1 4 2
162 214
1 13 2
155 188
1 5 2
21 162
1 11 2
56 444
1 13 2
19 357
1 20 2
64 150
1 12 2
52 246
1 18 2
109 481
1 9 2
455 495
1 10 2
63 110
1 6 2
295 387
1 14 2
100 112
1 6 2
76 325
1 18 2
81 362
1 13 2
223 244
1 16 2
403 449
1 12 2
269 486
1 13 2
344 463
1 10 2
223 228
1 10 2
71 445
1 5 2
222 267
1 12 2
164 328
1 6 2
65 466
1 6 2
104 296
1 4 2
185 205
1 12 2
86 150
1 13 2
74 113
1 9 2
92 441
1 18 2
112 263
1 9 2
171 272
1 6 2
27 478
1 13 2
244 342
1 6 2
264 496
1 11 2
50 271
1 11 2
385 426
1 11 2
146 482
1 10 2
171 190
1 2 2
20 124
1 10 2
281 364
1 4 2
24 102
1 7 2
22 323
1 14 2
41 244
1 20 2
12 166
1 8 2
419 464
1 5 2
13 423
1 11 2
266 276
1 16 2
105 288
1 17 2
117 288
1 16 2
171 417
1 11 2
292 398
1 14 2
257 305
1 10 2
256 347
1 14 2
136 422
1 12 2
328 344
1 2 2
325 470
1 7 2
202 302
1 8 2
5 77
1 10 2
154 245
1 8 2
209 417
1 16 2
399 417
1 7 2
1 103
1 18 2
197 351
1 6 2
93 431
1 17 2
216 239
1 5 2
191 301
1 15 2
166 236
1 8 2
4 305
1 9 2
293 453
1 10 2
112 400
1 15 2
137 394
1 11 2
411 420
1 17 2
122 473
1 10 2
153 233
1 10 2
233 433
1 6 2
42 422
1 13 2
235 246
1 5 2
144 217
1 9 2
211 214
1 12 2
33 398
1 11 2
152 219
1 6 2
433 450
1 15 2
261 406
1 8 2
211 408
1 12 2
128 269
1 12 2
29 81
1 6 2
228 304
1 11 2
235 238
1 10 2
194 319
1 11 2
10 386
1 12 2
100 334
1 13 2
33 219
1 10 2
116 215
1 6 2
238 361
1 14 2
164 405
1 12 2
199 471
1 14 2
355 469
1 19 2
117 440
1 6 2
331 372
1 6 2
126 165
1 14 2
195 289
1 11 2
379 382
1 11 2
9 235
1 12 2
292 480
1 18 2
490 491
1 14 2
241 473
1 5 2
414 454
1 10 2
37 64
1 13 2
386 399
1 18 2
87 377
1 10 2
63 155
1 14 2
12 489
1 13 2
362 363
1 17 2
439 491
1 18 2
322 440
1 10 2
306 429
1 12 2
298 489
1 12 2
178 422
1 13 2
114 192
1 16 2
239 251
1 15 2
12 128
1 5 2
262 299
1 7 2
4 164
1 16 2
315 464
1 6 2
61 397
1 17 2
183 480
1 9 2
308 465
1 14 2
12 161
1 8 2
238 486
1 8 2
224 373
1 8 2
295 496
1 9 2
386 387
1 10 2
165 437
1 10 2
406 484
1 5 2
62 482
1 15 2
59 417
1 9 2
112 133
1 12 2
134 196
1 5 2
37 420
1 5 2
222 447
1 18 2
266 288
1 8 2
400 444
1 8 2
229 454
1 11 2
317 328
1 15 2
31 89
1 13 2
242 265
1 11 2
127 161
1 17 2
192 464
1 11 2
311 451
1 9 2
200 467
1 8 2
49 214
1 13 2
114 261
1 9 2
273 291
1 13 2
94 453
1 7 2
245 284
1 20 2
45 440
1 6 2
28 449
1 16 2
327 458
1 17 2
399 453
1 13 2
98 490
1 10 2
293 394
1 6 2
114 185
1 12 2
90 435
1 12 2
50 288
1 10 2
74 449
1 14 2
331 480
1 15 2
401 457
1 11 2
116 173
1 5 2
37 208
1 4 2
345 388
1 8 2
91 371
1 6 2
7 386
1 14 2
105 411
1 8 2
69 282
1 13 2
26 307
1 19 2
78 480
1 3 2
296 304
1 11 2
439 455
1 20 2
34 435
1 16 2
257 263
1 10 2
141 489
1 12 2
111 490
1 6 2
26 326
1 18 2
270 405
1 17 2
192 440
1 15 2
31 271
1 16 2
94 171
1 10 2
312 438
1 12 2
134 386
1 10 2
263 296
1 3 2
39 421
1 8 2
243 430
1 20 2
239 491
1 8 2
358 437
1 17 2
401 405
1 16 2
26 47
1 17 2
309 322
1 10 2
172 460
1 17 2
31 220
1 14 2
82 403
1 4 2
336 382
1 12 2
75 451
1 6 2
93 326
1 5 2
16 27
1 5 2
141 159
1 10 2
44 242
1 8 2
201 221
1 16 2
61 171
1 11 2
258 435
1 14 2
118 490
1 9 2
59 442
1 8 2
252 300
1 14 2
357 466
1 18 2
242 410
1 11 2
267 440
1 10 2
56 275
1 10 2
52 443
1 8 2
75 436
1 14 2
177 465
1 13 2
344 422
1 6 2
101 448
1 10 2
125 227
1 13 2
298 424
1 9 2
332 417
1 15 2
411 445
1 11 2
88 263
1 9 2
28 385
1 10 2
134 204
1 13 2
18 448
1 10 2
48 245
1 18 2
344 394
1 7 2
133 223
1 11 2
76 140
1 18 2
96 481
1 8 2
180 464
1 10 2
55 449
1 20 2
58 239
1 8 2
166 462
1 17 2
122 480
1 7 2
208 382
1 19 2
34 78
1 15 2
161 377
1 6 2
103 139
1 13 2
454 474
1 6 2
180 278
1 5 2
39 358
1 12 2
95 192
1 9 2
56 494
1 10 2
59 333
1 10 2
3 239
1 4 2
135 400
1 8 2
280 472
1 11 2
112 214
1 7 2
125 262
1 7 2
357 413
1 9 2
5 274
1 8 2
250 444
1 8 2
153 355
1 17 2
12 337
1 3 2
13 20
1 11 2
276 357
1 9 2
10 85
1 12 2
201 359
1 13 2
308 480
1 5 2
46 234
1 7 2
216 296
1 8 2
175 257
1 8 2
252 499
1 9 2
147 489
1 12 2
465 497
1 8 2
23 59
1 12 2
82 106
1 17 2
6 464
1 7 2
108 225
1 9 2
196 198
1 13 2
96 449
1 9 2
216 276
1 20 2
64 113
1 9 2
75 85
1 10 2
88 113
1 9 2
278 292
1 8 2
85 497
1 5 2
289 324
1 8 2
169 460
1 7 2
326 496
1 16 2
207 300
1 4 2
66 153
1 7 2
35 87
1 4 2
11 97
1 14 2
320 472
1 17 2
6 166
1 12 2
113 415
1 19 2
399 481
1 9 2
387 449
1 5 2
65 139
1 9 2
178 426
1 12 2
43 207
1 6 2
241 304
1 12 2
29 244
1 17 2
309 412
1 11 2
266 446
1 6 2
116 169
1 15 2
311 474
1 5 2
193 347
1 8 2
47 321
1 15 2
43 78
1 5 2
5 356
1 7 2
13 41
1 13 2
274 327
1 9 2
467 468
1 7 2
69 70
1 11 2
230 384
1 9 2
96 170
1 14 2
327 482
1 6 2
43 343
1 6 2
258 494
1 10 2
266 383
1 12 2
261 334
1 9 2
301 496
1 6 2
212 459
1 18 2
64 136
1 20 2
45 201
1 18 2
131 435
1 7 2
99 178
1 12 2
195 455
1 6 2
125 350
1 3 2
44 390
1 7 2
365 372
1 14 2
216 305
1 7 2
74 90
1 19 2
12 232
1 7 2
29 85
1 10 2
57 341
1 15 2
207 379
1 14 2
114 346
1 8 2
238 392
1 14 2
109 441
1 5 2
336 350
1 18 2
239 245
1 14 2
54 346
1 10 2
208 256
1 17 2
194 351
1 15 2
192 195
1 6 2
204 433
1 12 2
398 457
1 15 2
328 435
1 6 2
98 163
1 5 2
206 276
1 15 2
54 474
1 16 2
52 412
1 9 2
69 92
1 18 2
112 239
1 6 2
54 404
1 12 2
398 429
1 20 2
201 239
1 16 2
261 362
1 12 2
248 472
1 6 2
412 456
1 8 2
74 240
1 5 2
302 442
1 16 2
41 377
1 8 2
85 355
1 12 2
49 269
1 16 2
416 438
1 5 2
13 225
1 9 2
432 453
1 11 2
236 380
1 6 2
203 289
1 8 2
62 256
1 6 2
179 338
1 10 2
309 376
1 6 2
19 212
1 17 2
110 194
1 17 2
52 266
1 4 2
123 476
1 12 2
77 270
1 12 2
78 363
1 10 2
26 174
1 11 2
257 281
1 15 2
127 346
1 12 2
174 410
1 10 2
6 341
1 13 2
18 57
1 8 2
433 441
1 6 2
86 450
1 11 2
18 140
1 16 2
58 94
1 16 2
6 481
1 7 2
80 416
1 7 2
132 350
1 12 2
415 473
1 12 2
201 240
1 11 2
271 459
1 12 2
347 464
1 9 2
48 251
1 19 2
177 266
1 13 2
92 150
1 12 2
394 409
1 11 2
100 342
1 6 2
63 459
1 10 2
58 304
1 6 2
221 496
1 14 2
227 467
1 13 2
448 458
1 7 2
130 458
1 5 2
222 371
1 12 2
18 116
1 11 2
443 481
1 13 2
147 460
1 8 2
147 459
1 9 2
93 476
1 4 2
374 407
1 12 2
34 133
1 9 2
115 316
1 9 2
6 240
1 12 2
55 457
1 10 2
330 398
1 18 2
263 346
1 6 2
37 174
1 4 2
262 356
1 8 2
255 403
1 12 2
72 471
1 5 2
335 378
1 11 2
147 251
1 6 2
89 397
1 4 2
68 82
1 9 2
209 298
1 10 2
22 465
1 14 2
78 116
1 20 2
377 464
1 12 2
11 60
1 3 2
88 255
1 6 2
167 363
1 13 2
89 121
1 8 2
408 448
1 17 2
106 352
1 15 2
251 305
1 18 2
18 263
1 6 2
321 331
1 9 2
83 410
1 4 2
321 382
1 13 2
177 208
1 4 2
86 203
1 16 2
6 472
1 9 2
88 183
1 9 2
98 198
1 10 2
282 365
1 6 2
103 320
1 10 2
234 307
1 4 2
125 336
1 16 2
278 403
1 6 2
69 187
1 4 2
92 303
1 7 2
154 468
1 16 2
481 496
1 2 2
279 483
1 7 2
24 337
1 3 2
13 452
1 15 2
53 289
1 20 2
166 263
1 6 2
343 386
1 8 2
36 487
1 8 2
229 378
1 9 2
313 459
1 9 2
39 337
1 13 2
139 399
1 13 2
251 497
1 10 2
140 161
1 5 2
119 285
1 9 2
397 480
1 14 2
241 379
1 6 2
95 231
1 9 2
248 342
1 11 2
384 443
1 13 2
399 465
1 12 2
359 394
1 15 2
122 405
1 18 2
109 270
1 5 2
88 222
1 3 2
204 381
1 15 2
45 424
1 17 2
233 473
1 17 2
256 270
1 13 2
100 398
1 15 2
251 269
1 3 2
97 209
1 8 2
337 376
1 12 2
9 155
1 3 2
267 404
1 9 2
206 496
1 10 2
14 495
1 7 2
182 246
1 9 2
410 456
1 9 2
1 165
1 11 2
125 460
1 11 2
10 313
1 5 2
123 457
1 6 2
43 477
1 11 2
145 468
1 12 2
178 306
1 5 2
73 317
1 8 2
136 210
1 6 2
325 497
1 9 2
82 380
1 3 2
153 397
1 6 2
42 256
1 2 2
120 287
1 14 2
281 435
1 10 2
111 236
1 7 2
184 315
1 14 2
121 458
1 13 2
258 391
1 15 2
298 469
1 7 2
42 499
1 5 2
280 486
1 13 2
29 59
1 15 2
43 480
1 11 2
5 121
1 11 2
127 139
1 7 2
321 417
1 11 2
178 417
1 5 2
27 452
1 9 2
116 225
1 5 2
77 213
1 19 2
45 110
1 13 2
52 342
1 12 2
110 262
1 8 2
90 236
1 8 2
76 90
1 12 2
71 183
1 7 2
126 444
1 11 2
261 387
1 3 2
224 277
1 7 2
53 366
1 10 2
202 448
1 11 2
47 158
1 5 2
104 159
1 17 2
211 351
1 9 2
94 152
1 11 2
219 292
1 11 2
128 140
1 13 2
96 98
1 16 2
10 379
1 12 2
118 457
1 12 2
202 300
1 14 2
305 489
1 12 2
112 198
1 12 2
74 337
1 15 2
10 87
1 9 2
166 286
1 8 2
93 224
1 18 2
201 469
1 10 2
39 401
1 8 2
324 473
1 11 2
232 492
1 10 2
91 308
1 8 2
319 424
1 17 2
96 117
1 8 2
198 332
1 9 2
129 207
1 5 2
40 158
1 18 2
136 379
1 18 2
235 464
1 8 2
257 443
1 10 2
12 267
1 7 2
103 278
1 9 2
29 328
1 7 2
44 137
1 18 2
136 357
1 9 2
140 196
1 15 2
164 480
1 8 2
144 482
1 15 2
236 394
1 8 2
359 489
1 17 2
242 385
1 13 2
75 449
1 4 2
143 264
1 13 2
178 398
1 4 2
343 361
1 19 2
362 460
1 10 2
188 392
1 16 2
106 194
1 3 2
23 175
1 16 2
115 239
1 12 2
125 377
1 15 2
34 74
1 6 2
49 321
1 10 2
125 251
1 18 2
351 490
1 4 2
153 316
1 15 2
53 438
1 3 2
40 428
1 9 2
78 404
1 13 2
188 430
1 5 2
294 429
1 9 2
35 460
1 12 2
237 263
1 12 2
29 269
1 14 2
117 127
1 11 2
217 239
1 7 2
139 154
1 13 2
178 183
1 7 2
28 344
1 18 2
416 440
1 11 2
102 244
1 10 2
204 219
1 11 2
49 438
1 3 2
335 428
1 10 2
229 422
1 20 2
12 263
1 16 2
309 422
1 7 2
15 448
1 14 2
26 298
1 9 2
73 473
1 7 2
21 361
1 9 2
269 348
1 12 2
90 327
1 9 2
26 341
1 11 2
371 491
1 18 2
47 220
1 9 2
21 465
1 11 2
104 273
1 11 2
118 274
1 8 2
319 466
1 7 2
306 316
1 12 2
56 114
1 16 2
59 315
1 6 2
251 393
1 10 2
47 301
1 11 2
86 96
1 14 2
116 134
1 7 2
419 438
1 6 2
124 178
1 8 2
135 136
1 13 2
215 471
1 8 2
99 315
1 6 2
154 165
1 9 2
168 234
1 20 2
239 481
1 6 2
43 321
1 15 2
232 467
1 15 2
49 171
1 2 2
190 326
1 6 2
16 496
1 6 2
94 369
1 20 2
58 430
1 5 2
9 237
1 8 2
113 324
1 6 2
35 137
1 12 2
25 453
1 4 2
313 479
1 18 2
327 352
1 7 2
5 225
1 11 2
32 60
1 6 2
111 224
1 12 2
152 220
1 11 2
12 450
1 17 2
45 105
1 9 2
158 311
1 12 2
444 458
1 8 2
312 448
1 17 2
245 305
1 18 2
122 352
1 16 2
457 491
1 8 2
35 131
1 6 2
27 287
1 13 2
27 183
1 12 2
352 465
1 13 2
197 198
1 11 2
240 460
1 6 2
79 216
1 10 2
349 441
1 8 2
62 490
1 6 2
95 107
1 12 2
116 398
1 7 2
212 307
1 12 2
56 448
1 16 2
141 410
1 7 2
103 114
1 19 2
384 405
1 15 2
49 377
1 12 2
34 450
1 18 2
113 352
1 8 2
68 435
1 13 2
229 410
1 16 2
411 416
1 7 2
11 174
1 10 2
347 373
1 3 2
4 73
1 11 2
12 153
1 10 2
20 166
1 7 2
184 194
1 5 2
199 287
1 5 2
88 389
1 11 2
122 188
1 12 2
199 263
1 16 2
328 491
1 15 2
177 198
1 11 2
146 161
1 11 2
269 451
1 11 2
309 428
1 8 2
37 121
1 15 2
60 445
1 4 2
215 247
1 10 2
143 269
1 12 2
29 490
1 8 2
67 216
1 4 2
99 185
1 7 2
301 454
1 7 2
99 463
1 20 2
362 410
1 9 2
133 355
1 12 2
178 392
1 7 2
140 323
1 18 2
352 460
1 9 2
58 432
1 7 2
389 459
1 9 2
88 344
1 10 2
198 349
1 7 2
162 194
1 7 2
3 207
1 15 2
41 357
1 14 2
74 384
1 5 2
22 321
1 8 2
117 493
1 9 2
173 188
1 9 2
82 115
1 18 2
177 337
1 5 2
55 84
1 8 2
217 233
1 7 2
10 97
1 5 2
140 381
1 7 2
191 429
1 12 2
266 363
1 13 2
18 466
1 11 2
274 339
1 14 2
328 472
1 4 2
124 319
1 19 2
242 491
1 7 2
333 449
1 11 2
116 127
1 17 2
271 394
1 10 2
292 339
1 7 2
442 463
1 18 2
64 401
1 20 2
266 440
1 7 2
134 303
1 14 2
12 140
1 10 2
22 89
1 13 2
33 218
1 13 2
327 378
1 11 2
228 489
1 5 2
42 116
1 14 2
27 239
1 15 2
405 439
1 10 2
259 305
1 3 2
67 303
1 3 2
316 461
1 19 2
34 346
1 12 2
197 228
1 12 2
174 464
1 14 2
112 439
1 13 2
64 349
1 13 2
72 481
1 7 2
85 308
1 7 2
199 282
1 12 2
274 379
1 14 2
52 365
1 5 2
253 292
1 7 2
145 340
1 8 2
183 267
1 10 2
6 415
1 10 2
152 445
1 6 2
325 457
1 9 2
94 350
1 14 2
386 410
1 8 2
268 417
1 12 2
9 177
1 9 2
134 475
1 9 2
95 250
1 7 2
196 382
1 14 2
320 481
1 15 2
122 256
1 19 2
31 45
1 15 2
192 430
1 14 2
1 309
1 14 2
251 469
1 12 2
11 435
1 12 2
25 195
1 11 2
196 385
1 15 2
100 309
1 6 2
142 398
1 5 2
124 489
1 5 2
190 265
1 12 2
238 460
1 7 2
35 271
1 13 2
51 412
1 15 2
78 127
1 13 2
241 269
1 9 2
129 322
1 7 2
229 476
1 13 2
21 399
1 6 2
114 135
1 7 2
28 127
1 7 2
46 406
1 10 2
54 427
1 18 2
403 458
1 5 2
72 167
1 4 2
123 198
1 17 2
183 300
1 12 2
334 486
1 10 2
31 329
1 6 2
36 342
1 16 2
416 490
1 10 2
121 202
1 8 2
296 453
1 13 2
220 489
1 14 2
178 481
1 9 2
61 426
1 6 2
83 466
1 11 2
216 349
1 10 2
296 399
1 7 2
9 495
1 9 2
177 252
1 7 2
18 483
1 6 2
151 241
1 5 2
88 143
1 10 2
224 435
1 5 2
160 198
1 17 2
164 394
1 17 2
96 300
1 8 2
23 227
1 11 2
110 226
1 14 2
271 379
1 4 2
70 259
1 15 2
155 289
1 4 2
38 200
1 11 2
132 242
1 16 2
52 352
1 11 2
51 392
1 6 2
138 219
1 8 2
398 492
1 5 2
82 318
1 10 2
151 239
1 10 2
129 327
1 15 2
76 106
1 4 2
62 389
1 16 2
34 211
1 14 2
81 448
1 19 2
106 351
1 5 2
123 320
1 15 2
118 131
1 9 2
185 327
1 14 2
51 78
1 15 2
110 198
1 13 2
14 300
1 11 2
32 337
1 14 2
261 496
1 20 2
177 362
1 17 2
271 362
1 15 2
131 398
1 8 2
134 259
1 18 2
242 351
1 6 2
126 476
1 14 2
137 220
