500 3000 1500
15 13 25 7 21 5 14 5 16 9 18 9 23 25 15 7 23 13 20 25 13 9 15 15 9 12 14 9 16 8 18 24 16 13 6 22 19 5 16 13 13 20 11 20 6 9 10 16 17 8 11 11 16 21 14 5 22 14 25 23 5 8 8 16 14 19 13 11 9 7 23 9 10 5 16 9 20 8 5 22 21 6 5 24 24 6 23 7 13 23 23 23 7 23 21 23 22 18 5 13 24 19 15 14 23 23 22 14 7 11 24 25 18 7 21 8 24 22 6 20 18 5 8 12 10 21 23 10 7 25 17 18 12 14 11 22 13 22 23 25 20 17 19 11 19 25 10 18 8 19 16 13 20 7 12 9 7 11 15 6 22 11 19 5 10 5 11 7 12 18 16 11 24 15 6 11 20 12 12 9 13 21 25 11 7 13 19 24 8 16 8 17 13 21 17 21 21 23 22 16 17 7 19 24 12 19 20 6 25 5 7 22 18 23 23 11 8 18 11 24 16 6 6 9 22 9 9 25 8 18 22 25 25 14 20 5 15 12 21 11 22 12 17 16 18 18 17 20 5 24 25 5 10 20 22 6 25 21 23 9 8 14 21 24 5 10 21 9 10 21 7 11 13 12 9 24 24 12 21 18 18 19 9 18 22 8 11 21 5 6 5 6 21 9 5 7 23 18 12 6 19 7 24 15 16 5 16 11 13 9 10 22 15 14 19 24 5 7 6 11 23 17 13 5 7 5 25 9 15 24 22 13 11 5 11 20 13 7 22 7 9 11 10 6 22 8 11 11 12 6 16 12 14 21 23 9 17 21 24 20 13 21 7 10 18 21 12 15 5 9 14 19 5 8 14 20 10 11 9 6 7 9 21 7 12 12 14 24 6 15 9 10 18 20 12 21 21 9 19 7 10 7 17 8 21 14 20 8 19 10 5 9 18 8 20 18 9 12 8 20 24 21 24 25 12 17 15 25 11 11 16 6 5 12 10 15 22 13 17 13 8 11 17 18 12 14 5 24 21 11 25 19 10 16 17 24 9 15 19 8 20 10 12 15 14 8 11 6 24 13 21 11 14 14 6 5 23 15 10 8 6 20 6 5 6 14 17 22 19 12 10 24 24 21 12 20 25 25 8 15
15 6 11 16 14 10 20 8 5 5 20 20 13 9 8 13 14 7 15 15 10 11 9 9 19 8 6 11 17 6 8 12 9 13 9 16 4 13 8 6 16 6 9 15 12 14 10 3 14 17 12 7 20 18 7 5 18 5 15 17 20 15 11 9 18 6 8 16 14 8 5 10 19 7 17 13 14 8 5 11 10 10 11 18 6 12 4 5 10 11 7 8 5 7 18 13 19 7 15 3 4 19 19 8 13 16 18 3 8 13 20 9 5 14 7 9 7 4 6 7 12 18 10 18 11 12 14 13 6 10 7 20 3 18 11 6 18 15 20 5 17 15 10 7 4 3 15 6 15 15 15 14 16 19 7 7 5 7 19 11 8 18 17 15 17 17 17 11 13 7 8 14 18 10 3 19 10 13 12 13 20 19 12 17 14 5 16 6 10 10 13 4 12 5 17 7 20 16 12 20 8 16 16 8 10 8 19 20 16 4 4 3 13 11 12 14 4 15 5 19 4 11 12 17 18 17 10 8 18 7 15 13 4 10 12 19 15 16 13 19 15 15 6 3 4 9 20 20 18 12 6 12 9 18 20 15 9 6 13 6 16 16 12 4 3 3 10 19 13 19 20 7 10 11 8 4 9 18 12 20 19 4 3 15 11 7 17 8 13 5 8 19 9 13 13 5 12 13 20 9 13 15 13 17 17 10 20 18 6 15 19 20 10 12 20 12 16 3 14 5 19 6 19 19 18 15 13 11 8 19 5 18 17 7 20 15 8 20 14 14 12 17 14 4 4 4 16 20 15 20 17 11 19 4 16 8 14 18 12 13 3 12 6 5 3 10 14 9 20 15 8 10 19 4 5 16 6 8 10 7 3 13 12 3 8 5 4 9 8 11 19 10 11 11 6 13 4 12 9 15 4 7 3 10 12 9 12 15 13 19 12 13 3 20 14 14 20 11 7 5 5 6 9 13 9 12 12 11 20 15 9 20 18 14 14 3 19 15 17 20 9 13 6 10 9 12 15 14 18 10 16 13 9 3 14 15 12 4 19 3 9 17 16 13 17 11 8 7 5 19 12 13 14 20 13 5 14 12 13 9 11 8 11 12 11 8 11 11 18 14 8 9 14 11 3 8 3 11 12 7
1 2 2
260 290
1 12 2
354 473
1 18 2
13 224
1 12 2
112 460
1 7 2
189 394
1 11 2
102 292
1 16 2
186 187
1 11 2
56 151
1 5 2
87 402
1 6 2
265 312
1 14 2
292 460
1 13 2
234 279
1 17 2
84 195
1 9 2
114 346
1 15 2
211 300
1 13 2
10 292
1 7 2
300 342
1 10 2
10 14
1 14 2
12 488
1 11 2
206 328
1 9 2
347 419
1 11 2
302 366
1 14 2
454 496
1 6 2
94 483
1 12 2
114 243
1 3 2
241 290
1 14 2
119 181
1 6 2
79 82
1 13 2
357 398
1 5 2
128 194
1 7 2
235 311
1 11 2
97 425
1 9 2
203 478
1 9 2
434 468
1 5 2
418 463
1 12 2
133 213
1 6 2
198 475
1 11 2
398 415
1 13 2
181 244
1 4 2
68 429
1 6 2
441 485
1 5 2
346 494
1 18 2
326 357
1 6 2
260 281
1 17 2
93 257
1 12 2
233 240
1 5 2
44 443
1 3 2
271 474
1 5 2
133 259
1 5 2
18 368
1 4 2
381 441
1 9 2
89 478
1 13 2
314 365
1 15 2
198 335
1 11 2
31 347
1 9 2
30 66
1 9 2
339 468
1 19 2
468 476
1 10 2
168 382
1 18 2
100 284
1 17 2
13 114
1 6 2
386 439
1 16 2
212 423
1 11 2
243 281
1 20 2
450 476
1 12 2
93 173
1 7 2
297 340
1 17 2
59 211
1 14 2
145 312
1 5 2
360 391
1 16 2
129 245
1 18 2
58 481
1 11 2
141 412
1 12 2
272 315
1 5 2
291 392
1 15 2
116 393
1 13 2
426 455
1 16 2
2 244
1 8 2
8 386
1 8 2
38 439
1 16 2
266 357
1 7 2
222 393
1 8 2
65 346
1 15 2
65 95
1 6 2
135 290
1 18 2
357 497
1 9 2
229 445
1 8 2
41 223
1 9 2
244 304
1 13 2
258 454
1 12 2
31 386
1 5 2
132 134
1 8 2
41 449
1 9 2
205 439
1 5 2
228 463
1 18 2
198 250
1 9 2
2 148
1 6 2
62 283
1 7 2
36 71
1 16 2
287 311
1 13 2
186 335
1 18 2
137 182
1 6 2
336 444
1 7 2
3 365
1 14 2
104 244
1 9 2
306 486
1 15 2
126 297
1 10 2
352 371
1 5 2
109 310
1 16 2
214 335
1 7 2
137 159
1 6 2
98 287
1 8 2
352 445
1 4 2
168 478
1 15 2
13 321
1 20 2
145 427
1 12 2
302 336
1 6 2
239 374
1 9 2
143 421
1 14 2
126 244
1 15 2
315 495
1 5 2
15 47
1 8 2
234 342
1 9 2
263 498
1 7 2
9 142
1 10 2
226 250
1 18 2
93 422
1 15 2
353 396
1 4 2
143 259
1 11 2
243 398
1 11 2
2 307
1 13 2
387 425
1 13 2
414 458
1 11 2
22 79
1 19 2
70 187
1 12 2
250 360
1 13 2
22 70
1 8 2
10 336
1 10 2
58 459
1 8 2
147 178
1 8 2
71 278
1 7 2
199 351
1 12 2
311 367
1 4 2
341 376
1 5 2
190 352
1 12 2
14 105
1 11 2
130 364
1 7 2
1 457
1 10 2
198 319
1 6 2
303 391
1 15 2
266 396
1 6 2
14 376
1 14 2
357 392
1 11 2
313 330
1 20 2
2 208
1 6 2
175 472
1 17 2
90 315
1 9 2
24 329
1 13 2
257 442
1 7 2
319 402
1 12 2
32 91
1 7 2
168 453
1 16 2
31 488
1 13 2
272 423
1 10 2
90 494
1 12 2
139 286
1 8 2
425 433
1 16 2
100 205
1 17 2
4 231
1 8 2
43 61
1 12 2
176 279
1 8 2
73 213
1 13 2
170 492
1 10 2
262 331
1 16 2
94 116
1 11 2
191 247
1 13 2
6 423
1 10 2
28 112
1 9 2
17 438
1 18 2
338 358
1 15 2
231 306
1 15 2
330 395
1 5 2
20 494
1 9 2
21 86
1 7 2
5 160
1 16 2
110 234
1 16 2
142 450
1 16 2
297 468
1 5 2
319 334
1 10 2
215 436
1 9 2
58 62
1 18 2
187 278
1 9 2
178 292
1 8 2
29 382
1 13 2
314 448
1 9 2
149 272
1 12 2
191 292
1 12 2
31 405
1 9 2
12 155
1 4 2
380 472
1 12 2
304 311
1 3 2
165 272
1 10 2
1 361
1 6 2
45 194
1 15 2
10 138
1 9 2
130 236
1 12 2
234 392
1 6 2
141 223
1 15 2
182 217
1 8 2
240 282
1 3 2
118 132
1 5 2
151 459
1 14 2
395 406
1 12 2
84 331
1 11 2
263 377
1 14 2
243 358
1 19 2
213 497
1 14 2
198 481
1 15 2
110 443
1 13 2
83 261
1 7 2
45 112
1 18 2
230 496
1 20 2
129 420
1 12 2
406 454
1 7 2
262 484
1 9 2
259 491
1 12 2
14 198
1 13 2
40 129
1 11 2
30 283
1 11 2
25 275
1 12 2
133 227
1 10 2
319 358
1 9 2
31 113
1 9 2
439 495
1 9 2
255 447
1 8 2
48 180
1 13 2
162 375
1 11 2
99 117
1 7 2
200 363
1 11 2
18 191
1 11 2
104 307
1 7 2
218 244
1 12 2
58 332
1 14 2
320 364
1 15 2
193 448
1 17 2
100 287
1 4 2
24 218
1 11 2
106 405
1 11 2
169 297
1 10 2
143 258
1 13 2
335 443
1 15 2
43 96
1 20 2
84 496
1 19 2
19 83
1 18 2
404 420
1 10 2
8 97
1 4 2
113 351
1 6 2
180 286
1 9 2
12 355
1 10 2
350 392
1 10 2
83 143
1 9 2
172 291
1 14 2
220 232
1 19 2
182 187
1 5 2
73 229
1 13 2
150 354
1 15 2
117 119
1 15 2
217 422
1 10 2
280 350
1 3 2
222 273
1 13 2
106 321
1 14 2
193 495
1 16 2
187 395
1 16 2
138 254
1 3 2
277 290
1 6 2
122 408
1 3 2
21 188
1 12 2
40 111
1 13 2
31 430
1 10 2
133 330
1 14 2
230 375
1 11 2
196 473
1 15 2
12 202
1 11 2
30 212
1 17 2
106 116
1 16 2
111 458
1 3 2
222 331
1 9 2
229 306
1 15 2
117 176
1 9 2
270 496
1 14 2
238 353
1 13 2
76 186
1 7 2
193 290
1 17 2
172 382
1 3 2
55 218
1 6 2
355 430
1 5 2
279 318
1 7 2
147 218
1 14 2
227 426
1 7 2
183 402
1 2 2
333 407
1 17 2
94 231
1 6 2
1 385
1 8 2
36 42
1 12 2
140 245
1 5 2
295 306
1 3 2
385 480
1 15 2
94 262
1 17 2
90 193
1 9 2
56 274
1 4 2
301 377
1 8 2
457 463
1 18 2
266 450
1 11 2
202 242
1 13 2
315 473
1 13 2
131 197
1 19 2
275 326
1 7 2
215 279
1 12 2
360 447
1 7 2
50 194
1 13 2
117 229
1 5 2
109 151
1 7 2
52 273
1 14 2
13 236
1 16 2
83 212
1 13 2
375 398
1 13 2
242 292
1 5 2
67 154
1 13 2
141 262
1 9 2
160 265
1 13 2
313 468
1 6 2
293 438
1 20 2
232 497
1 7 2
121 275
1 7 2
23 277
1 17 2
232 234
1 6 2
210 415
1 19 2
213 329
1 10 2
249 369
1 14 2
70 283
1 11 2
366 455
1 8 2
77 240
1 13 2
96 97
1 12 2
320 374
1 12 2
136 450
1 12 2
404 438
1 14 2
125 202
1 7 2
144 434
1 11 2
134 145
1 6 2
199 411
1 4 2
127 265
1 7 2
189 384
1 13 2
130 197
1 8 2
50 205
1 10 2
43 236
1 7 2
282 335
1 6 2
220 223
1 17 2
86 436
1 10 2
4 352
1 14 2
43 375
1 17 2
420 495
1 16 2
197 278
1 7 2
386 457
1 9 2
144 277
1 14 2
43 125
1 16 2
138 149
1 12 2
280 448
1 11 2
110 322
1 7 2
259 371
1 10 2
95 471
1 11 2
158 375
1 9 2
243 328
1 9 2
276 498
1 9 2
103 112
1 9 2
12 490
1 9 2
297 370
1 5 2
28 383
1 16 2
219 414
1 11 2
133 311
1 3 2
184 381
1 18 2
160 447
1 7 2
3 138
1 18 2
79 126
1 9 2
31 369
1 12 2
36 149
1 13 2
219 499
1 15 2
280 315
1 14 2
114 202
1 14 2
306 427
1 10 2
12 310
1 11 2
277 497
1 16 2
125 249
1 10 2
4 444
1 3 2
355 397
1 9 2
110 390
1 12 2
90 185
1 17 2
137 263
1 6 2
233 394
1 9 2
128 208
1 11 2
8 278
1 2 2
290 478
1 5 2
428 489
1 9 2
18 185
1 6 2
109 328
1 5 2
331 428
1 5 2
244 294
1 7 2
59 128
1 7 2
148 414
1 6 2
345 442
1 2 2
75 446
1 10 2
42 320
1 8 2
332 419
1 15 2
16 119
1 16 2
240 278
1 11 2
170 451
1 17 2
219 266
1 11 2
284 322
1 13 2
131 344
1 5 2
270 499
1 14 2
320 442
1 13 2
48 238
1 12 2
286 423
1 9 2
268 329
1 17 2
12 382
1 8 2
231 333
1 5 2
140 372
1 11 2
14 80
1 4 2
42 413
1 15 2
371 447
1 7 2
85 421
1 3 2
179 465
1 10 2
310 450
1 9 2
448 471
1 6 2
20 286
1 17 2
137 197
1 13 2
147 382
1 7 2
345 408
1 14 2
422 477
1 9 2
377 421
1 18 2
224 256
1 7 2
128 254
1 5 2
163 229
1 13 2
135 243
1 9 2
262 342
1 9 2
190 358
1 8 2
41 346
1 15 2
4 96
1 7 2
303 437
1 20 2
13 84
1 10 2
117 429
1 8 2
1 229
1 12 2
169 300
1 4 2
42 293
1 16 2
12 287
1 7 2
196 299
1 10 2
76 313
1 11 2
25 96
1 12 2
246 361
1 17 2
70 487
1 9 2
223 476
1 16 2
96 197
1 14 2
117 147
1 13 2
320 367
1 4 2
271 471
1 11 2
22 393
1 14 2
83 243
1 10 2
126 332
1 10 2
258 319
1 19 2
105 129
1 9 2
225 358
1 16 2
65 145
1 8 2
31 34
1 13 2
281 460
1 18 2
181 496
1 12 2
199 238
1 15 2
101 329
1 6 2
76 401
1 9 2
139 167
1 3 2
109 323
1 12 2
120 359
1 6 2
403 442
1 4 2
38 60
1 10 2
143 330
1 17 2
211 315
1 14 2
65 284
1 10 2
86 394
1 12 2
276 389
1 11 2
0 53
1 17 2
91 96
1 7 2
14 123
1 9 2
369 492
1 18 2
84 296
1 5 2
286 424
1 14 2
454 492
1 8 2
190 470
1 17 2
358 493
1 7 2
80 184
1 12 2
387 405
1 4 2
128 173
1 16 2
257 491
1 17 2
119 496
1 13 2
303 427
1 7 2
147 416
1 13 2
136 496
1 9 2
3 13
1 8 2
111 174
1 9 2
201 450
1 10 2
58 340
1 7 2
336 457
1 11 2
263 341
1 13 2
106 442
1 18 2
12 126
1 20 2
111 256
1 5 2
403 426
1 11 2
14 359
1 7 2
215 430
1 6 2
101 216
1 12 2
80 438
1 7 2
463 473
1 8 2
65 384
1 6 2
38 190
1 18 2
126 476
1 15 2
31 169
1 9 2
136 297
1 11 2
57 284
1 2 2
148 305
1 6 2
352 429
1 18 2
19 138
1 14 2
162 247
1 6 2
26 341
1 17 2
13 357
1 10 2
190 231
1 10 2
115 232
1 16 2
79 448
1 3 2
301 494
1 15 2
276 297
1 12 2
48 281
1 4 2
118 439
1 7 2
96 159
1 8 2
67 438
1 11 2
17 90
1 18 2
79 208
1 15 2
169 326
1 20 2
203 450
1 8 2
334 458
1 20 2
58 476
1 12 2
130 460
1 10 2
12 123
1 13 2
263 425
1 15 2
238 278
1 12 2
186 458
1 10 2
84 391
1 7 2
11 162
1 12 2
104 303
1 2 2
399 474
1 19 2
19 110
1 7 2
77 287
1 18 2
135 455
1 8 2
122 284
1 11 2
46 111
1 7 2
355 443
1 9 2
452 487
1 5 2
64 161
1 13 2
158 423
1 17 2
2 94
1 18 2
208 211
1 5 2
271 272
1 16 2
76 358
1 13 2
8 476
1 9 2
245 464
1 8 2
238 411
1 5 2
392 432
1 9 2
296 381
1 9 2
57 392
1 12 2
56 133
1 18 2
172 476
1 10 2
232 411
1 13 2
52 126
1 4 2
179 348
1 9 2
221 250
1 6 2
107 424
1 5 2
397 469
1 11 2
173 361
1 10 2
151 395
1 20 2
182 423
1 8 2
61 193
1 7 2
114 301
1 8 2
361 465
1 4 2
184 204
1 14 2
195 335
1 19 2
93 302
1 7 2
15 361
1 6 2
25 133
1 6 2
242 378
1 7 2
122 202
1 14 2
100 426
1 15 2
18 104
1 15 2
149 320
1 13 2
76 412
1 11 2
307 422
1 9 2
276 397
1 13 2
6 203
1 4 2
216 332
1 20 2
326 450
1 9 2
119 273
1 13 2
158 491
1 6 2
173 341
1 14 2
296 486
1 9 2
212 352
1 20 2
110 139
1 11 2
247 261
1 9 2
302 461
1 12 2
83 405
1 11 2
120 131
1 6 2
366 437
1 6 2
38 407
1 10 2
74 202
1 6 2
394 472
1 9 2
125 215
1 8 2
353 381
1 7 2
365 482
1 10 2
119 463
1 9 2
8 350
1 6 2
82 186
1 8 2
192 457
1 19 2
182 344
1 16 2
12 234
1 6 2
66 272
1 10 2
145 260
1 20 2
58 450
1 7 2
276 294
1 9 2
256 317
1 18 2
12 240
1 10 2
322 365
1 11 2
286 450
1 6 2
108 438
1 10 2
361 437
1 16 2
56 382
1 17 2
256 359
1 8 2
27 195
1 4 2
347 498
1 12 2
395 477
1 5 2
259 473
1 10 2
80 473
1 7 2
189 434
1 19 2
116 203
1 10 2
183 213
1 16 2
105 211
1 7 2
213 264
1 6 2
9 389
1 8 2
116 167
1 7 2
194 204
1 17 2
58 488
1 17 2
419 420
1 8 2
103 457
1 5 2
88 223
1 7 2
220 417
1 10 2
107 247
1 8 2
381 393
1 14 2
16 147
1 16 2
89 278
1 15 2
197 451
1 10 2
328 359
1 10 2
287 351
1 7 2
90 325
1 7 2
385 386
1 9 2
74 306
1 17 2
365 496
1 6 2
27 236
1 14 2
38 256
1 8 2
125 164
1 11 2
91 180
1 9 2
195 239
1 4 2
42 428
1 15 2
58 74
1 15 2
196 414
1 5 2
472 478
1 12 2
198 389
1 13 2
138 389
1 16 2
330 357
1 8 2
425 464
1 10 2
67 329
1 5 2
332 424
1 16 2
80 422
1 10 2
25 266
1 5 2
17 433
1 5 2
25 239
1 17 2
211 344
1 15 2
125 365
1 5 2
157 348
1 11 2
342 450
1 9 2
164 254
1 14 2
160 415
1 7 2
277 453
1 4 2
146 498
1 13 2
110 150
1 7 2
125 324
1 14 2
10 254
1 13 2
86 191
1 5 2
92 304
1 10 2
80 348
1 9 2
197 252
1 5 2
223 389
1 16 2
117 197
1 15 2
19 304
1 7 2
32 177
1 4 2
363 449
1 11 2
36 443
1 11 2
300 453
1 2 2
207 465
1 6 2
165 181
1 13 2
217 414
1 10 2
442 486
1 7 2
267 398
1 2 2
122 248
1 15 2
56 234
1 3 2
71 156
1 3 2
29 164
1 20 2
263 455
1 5 2
143 471
1 16 2
35 104
1 6 2
228 412
1 4 2
151 156
1 12 2
292 457
1 8 2
233 435
1 12 2
129 331
1 4 2
337 462
1 3 2
218 333
1 12 2
54 284
1 18 2
404 492
1 12 2
14 302
1 8 2
346 398
1 10 2
458 464
1 20 2
227 423
1 9 2
166 361
1 6 2
14 268
1 10 2
298 357
1 17 2
59 240
1 8 2
296 474
1 3 2
255 334
1 16 2
138 375
1 14 2
63 116
1 11 2
158 181
1 11 2
297 438
1 19 2
258 427
1 11 2
0 375
1 5 2
124 154
1 9 2
52 147
1 6 2
430 478
1 5 2
133 369
1 5 2
23 362
1 11 2
64 476
1 7 2
198 343
1 16 2
275 414
1 10 2
218 387
1 8 2
132 246
1 11 2
103 137
1 19 2
250 455
1 9 2
26 281
1 5 2
88 498
1 10 2
249 327
1 9 2
263 397
1 6 2
147 467
1 15 2
125 470
1 12 2
83 103
1 16 2
249 382
1 12 2
28 357
1 15 2
147 256
1 16 2
117 354
1 15 2
217 450
1 11 2
20 181
1 3 2
349 381
1 13 2
116 236
1 3 2
78 322
1 3 2
151 333
1 20 2
214 231
1 11 2
123 197
1 10 2
2 282
1 4 2
9 161
1 2 2
128 431
1 12 2
261 338
1 9 2
79 394
1 18 2
138 214
1 10 2
38 300
1 10 2
185 375
1 15 2
126 253
1 7 2
0 166
1 4 2
14 55
1 10 2
79 478
1 11 2
197 286
1 8 2
15 89
1 11 2
86 272
1 19 2
302 354
1 8 2
263 285
1 8 2
79 226
1 13 2
149 396
1 12 2
196 220
1 6 2
331 346
1 10 2
57 335
1 12 2
336 450
1 15 2
415 427
1 9 2
67 284
1 3 2
11 115
1 13 2
281 421
1 12 2
238 350
1 18 2
104 427
1 13 2
196 412
1 12 2
38 284
1 8 2
21 406
1 8 2
346 415
1 9 2
193 377
1 4 2
81 457
1 9 2
3 182
1 7 2
107 445
1 11 2
109 275
1 9 2
33 242
1 13 2
32 93
1 10 2
28 47
1 11 2
245 402
1 9 2
103 321
1 9 2
1 10
1 10 2
142 233
1 17 2
206 208
1 8 2
170 370
1 12 2
66 296
1 3 2
92 462
1 16 2
211 257
1 11 2
52 206
1 11 2
212 356
1 11 2
429 450
1 13 2
263 306
1 9 2
342 382
1 6 2
49 430
1 14 2
110 283
1 6 2
44 361
1 4 2
161 391
1 16 2
93 448
1 13 2
76 393
1 4 2
115 331
1 20 2
116 139
1 11 2
106 360
1 17 2
96 296
1 3 2
128 459
1 10 2
91 171
1 18 2
58 160
1 6 2
73 262
1 9 2
195 218
1 11 2
352 414
1 17 2
31 365
1 9 2
122 422
1 8 2
346 371
1 6 2
280 291
1 5 2
153 304
1 13 2
199 203
1 8 2
308 454
1 7 2
8 157
1 2 2
118 325
1 8 2
26 220
1 17 2
276 470
1 16 2
229 427
1 9 2
257 376
1 12 2
477 487
1 6 2
215 367
1 9 2
257 273
1 8 2
2 209
1 16 2
315 398
1 17 2
84 481
1 12 2
74 353
1 6 2
285 364
1 15 2
191 423
1 13 2
141 344
1 14 2
36 320
1 11 2
328 404
1 14 2
350 450
1 15 2
460 476
1 18 2
284 447
1 15 2
262 365
1 19 2
110 275
1 16 2
58 443
1 15 2
101 447
1 3 2
355 363
1 8 2
404 413
1 9 2
286 436
1 18 2
105 358
1 12 2
350 495
1 8 2
141 313
1 15 2
229 468
1 12 2
103 276
1 11 2
265 420
1 14 2
287 421
1 4 2
298 381
1 11 2
74 292
1 11 2
93 273
1 17 2
408 497
1 12 2
447 477
1 5 2
115 367
1 13 2
22 203
1 11 2
243 297
1 10 2
158 281
1 5 2
157 429
1 8 2
285 353
1 10 2
300 499
1 19 2
19 90
1 15 2
70 488
1 14 2
242 302
1 10 2
0 253
1 9 2
182 383
1 15 2
196 330
1 7 2
0 151
1 5 2
223 351
1 8 2
49 96
1 6 2
242 373
1 9 2
10 444
1 15 2
172 242
1 18 2
31 90
1 9 2
201 427
1 17 2
95 219
1 15 2
160 419
1 15 2
330 375
1 8 2
150 308
1 12 2
54 213
1 10 2
64 176
1 6 2
39 331
1 15 2
232 364
1 15 2
321 450
1 19 2
172 256
1 9 2
80 428
1 18 2
58 396
1 5 2
1 346
1 11 2
150 451
1 7 2
54 261
1 11 2
145 146
1 10 2
277 287
1 9 2
25 253
1 9 2
29 315
1 12 2
214 370
1 9 2
171 406
1 16 2
58 415
1 8 2
145 474
1 16 2
250 371
1 8 2
199 233
1 13 2
84 313
1 12 2
4 23
1 8 2
27 493
1 14 2
80 408
1 13 2
158 249
1 7 2
120 391
1 9 2
96 400
1 9 2
261 412
1 9 2
284 384
1 16 2
278 476
1 6 2
21 194
1 7 2
22 136
1 9 2
170 245
1 5 2
168 347
1 14 2
356 492
1 12 2
102 421
1 14 2
240 371
1 17 2
422 436
1 11 2
20 296
1 12 2
23 275
1 10 2
100 394
1 16 2
112 423
1 10 2
16 494
1 9 2
227 339
1 10 2
91 109
1 8 2
254 390
1 16 2
213 448
1 12 2
233 492
1 11 2
141 280
1 10 2
137 154
1 15 2
137 160
1 8 2
254 401
1 6 2
243 478
1 11 2
14 254
1 13 2
205 493
1 7 2
228 448
1 4 2
25 270
1 14 2
382 406
1 11 2
110 394
1 13 2
206 281
1 3 2
185 209
1 8 2
22 47
1 13 2
36 359
1 11 2
111 132
1 18 2
182 396
1 15 2
89 359
1 9 2
0 356
1 11 2
239 315
1 19 2
83 387
1 14 2
229 311
1 4 2
27 259
1 5 2
277 351
1 5 2
43 288
1 17 2
275 393
1 9 2
10 272
1 3 2
49 390
1 19 2
211 427
1 9 2
176 385
1 6 2
71 312
1 7 2
144 471
1 2 2
121 222
1 9 2
50 382
1 13 2
217 375
1 12 2
83 168
1 5 2
428 462
1 14 2
200 263
1 5 2
134 168
1 15 2
250 458
1 8 2
433 442
1 16 2
275 398
1 16 2
422 488
1 11 2
43 74
1 9 2
52 236
1 5 2
221 280
1 12 2
52 56
1 11 2
334 492
1 10 2
279 389
1 8 2
94 373
1 7 2
202 282
1 4 2
1 49
1 10 2
338 466
1 6 2
206 484
1 8 2
67 162
1 3 2
403 418
1 8 2
457 464
1 7 2
26 261
1 7 2
9 398
1 17 2
89 249
1 16 2
234 468
1 13 2
244 292
1 5 2
390 472
1 17 2
105 296
1 11 2
302 377
1 15 2
56 365
1 17 2
53 86
1 4 2
446 477
1 19 2
13 487
1 14 2
203 356
1 14 2
95 194
1 10 2
185 193
1 14 2
276 280
1 8 2
131 466
1 15 2
116 412
1 7 2
243 298
1 8 2
256 484
1 8 2
9 448
1 8 2
314 478
1 14 2
53 406
1 13 2
192 208
1 16 2
420 451
1 16 2
105 119
1 11 2
114 389
1 13 2
197 243
1 4 2
134 369
1 16 2
172 460
1 17 2
238 422
1 3 2
316 466
1 11 2
13 241
1 15 2
101 275
1 17 2
86 104
1 6 2
6 239
1 10 2
170 242
1 5 2
8 62
1 14 2
105 147
1 8 2
71 382
1 11 2
36 486
1 20 2
70 423
1 10 2
21 227
1 14 2
91 412
1 11 2
42 491
1 13 2
283 344
1 10 2
252 455
1 10 2
143 311
1 13 2
195 486
1 13 2
90 321
1 5 2
54 109
1 4 2
49 277
1 11 2
422 437
1 9 2
335 366
1 16 2
195 436
1 7 2
69 140
1 15 2
112 116
1 6 2
324 414
1 9 2
336 393
1 12 2
59 158
1 16 2
56 196
1 15 2
58 402
1 13 2
54 491
1 11 2
476 485
1 8 2
23 236
1 6 2
20 385
1 13 2
111 477
1 16 2
145 149
1 12 2
473 492
1 11 2
65 321
1 9 2
35 332
1 3 2
15 346
1 9 2
203 226
1 10 2
413 427
1 9 2
162 308
1 6 2
150 391
1 12 2
229 495
1 8 2
416 495
1 12 2
334 427
1 6 2
39 177
1 9 2
187 289
1 7 2
151 312
1 9 2
185 205
1 7 2
220 366
1 6 2
328 428
1 9 2
155 447
1 8 2
32 457
1 15 2
76 211
1 8 2
190 292
1 14 2
16 297
1 8 2
381 396
1 18 2
12 249
1 15 2
4 375
1 15 2
58 141
1 18 2
111 406
1 7 2
8 177
1 10 2
40 193
1 9 2
91 285
1 6 2
118 140
1 6 2
177 435
1 5 2
108 486
1 3 2
21 490
1 13 2
435 476
1 7 2
268 412
1 4 2
184 389
1 9 2
225 492
1 13 2
147 160
1 18 2
90 137
1 3 2
45 380
1 14 2
311 488
1 2 2
108 325
1 4 2
14 362
1 12 2
422 439
1 10 2
137 384
1 6 2
306 390
1 13 2
258 350
1 17 2
79 105
1 6 2
48 309
1 16 2
443 496
1 14 2
187 425
1 9 2
71 276
1 6 2
325 458
1 14 2
438 492
1 4 2
168 184
1 6 2
186 368
1 10 2
199 283
1 7 2
155 202
1 15 2
130 231
1 7 2
171 486
1 11 2
79 437
1 17 2
278 422
1 4 2
148 252
1 7 2
35 291
1 15 2
120 249
1 6 2
341 457
1 5 2
10 121
1 6 2
32 403
1 6 2
331 472
1 17 2
59 354
1 7 2
206 260
1 5 2
32 122
1 12 2
144 200
1 9 2
358 390
1 10 2
139 188
1 12 2
123 450
1 15 2
131 387
1 15 2
120 492
1 5 2
228 374
1 13 2
405 492
1 9 2
401 427
1 14 2
120 258
1 8 2
135 285
1 7 2
149 478
1 4 2
87 180
1 13 2
256 463
1 8 2
279 346
1 13 2
142 493
1 11 2
194 495
1 14 2
119 238
1 12 2
387 426
1 16 2
126 488
1 12 2
132 187
1 18 2
91 276
1 13 2
468 477
1 15 2
101 214
1 20 2
129 219
1 19 2
139 224
1 10 2
279 303
1 4 2
331 413
1 9 2
112 405
1 18 2
111 262
1 10 2
141 443
1 15 2
198 458
1 11 2
160 204
1 14 2
198 242
1 10 2
135 185
1 3 2
21 345
1 3 2
223 343
1 18 2
227 254
1 7 2
15 125
1 7 2
143 220
1 9 2
8 438
1 17 2
100 160
1 7 2
215 246
1 12 2
360 468
1 14 2
125 488
1 9 2
1 247
1 19 2
95 116
1 15 2
31 280
1 8 2
170 350
1 6 2
306 381
1 15 2
144 455
1 4 2
291 366
1 5 2
92 102
1 12 2
365 430
1 13 2
63 110
1 5 2
183 341
1 9 2
80 124
1 8 2
301 420
1 12 2
187 444
1 7 2
192 425
1 13 2
181 234
1 7 2
150 241
1 20 2
2 420
1 14 2
200 213
1 18 2
195 497
1 6 2
77 142
1 12 2
359 442
1 10 2
79 164
1 7 2
146 280
1 16 2
287 330
1 6 2
255 392
1 3 2
45 155
1 5 2
188 389
1 12 2
152 442
1 11 2
105 366
1 12 2
236 404
1 4 2
310 434
1 13 2
64 427
1 3 2
273 318
1 15 2
408 423
1 6 2
23 134
1 7 2
86 174
1 17 2
35 492
1 13 2
250 469
1 10 2
243 244
1 16 2
269 284
1 8 2
201 491
1 9 2
262 462
1 20 2
256 275
1 5 2
157 178
1 7 2
400 453
1 17 2
70 266
1 15 2
280 450
1 12 2
151 476
1 15 2
335 420
1 8 2
313 364
1 16 2
129 144
1 18 2
160 491
1 13 2
83 236
1 14 2
110 402
1 18 2
56 145
1 20 2
256 497
1 14 2
80 144
1 12 2
117 453
1 9 2
16 479
1 7 2
12 432
1 8 2
194 477
1 10 2
172 400
1 7 2
204 243
1 6 2
65 207
1 20 2
13 116
1 8 2
77 278
1 8 2
132 142
1 3 2
183 432
1 16 2
106 404
1 11 2
33 70
1 17 2
114 231
1 12 2
189 266
1 9 2
154 280
1 20 2
182 387
1 4 2
66 479
1 10 2
314 350
1 7 2
158 272
1 3 2
127 318
1 9 2
48 158
1 3 2
50 92
1 9 2
18 394
1 4 2
204 293
1 6 2
87 147
1 9 2
106 461
1 4 2
108 143
1 8 2
52 185
1 12 2
311 426
1 18 2
84 258
1 2 2
73 122
1 5 2
47 184
1 8 2
77 354
1 8 2
149 394
1 11 2
203 341
1 7 2
366 389
1 19 2
227 240
1 16 2
84 144
1 11 2
187 204
1 9 2
144 180
1 8 2
137 146
1 7 2
6 405
1 7 2
160 388
1 10 2
211 494
1 7 2
133 463
1 5 2
50 272
1 16 2
35 56
1 15 2
230 281
1 15 2
402 420
1 14 2
43 94
1 15 2
217 354
1 11 2
247 499
1 12 2
12 192
1 12 2
95 485
1 11 2
129 366
1 6 2
229 480
1 8 2
107 453
1 10 2
65 405
1 16 2
276 421
1 4 2
88 260
1 8 2
215 281
1 8 2
39 425
1 7 2
183 245
1 13 2
455 485
1 9 2
142 385
1 12 2
238 442
1 3 2
270 332
1 14 2
94 253
1 7 2
130 218
1 15 2
114 414
1 16 2
126 234
1 6 2
206 289
1 13 2
404 415
1 14 2
227 306
1 8 2
437 443
1 7 2
135 368
1 9 2
46 79
1 9 2
19 87
1 4 2
9 239
1 13 2
114 130
1 12 2
269 328
1 14 2
287 393
1 4 2
99 156
1 9 2
151 408
1 11 2
58 429
1 9 2
185 481
1 6 2
103 298
1 10 2
142 194
1 17 2
214 382
1 3 2
77 459
1 17 2
41 83
1 6 2
200 226
1 4 2
109 274
1 10 2
80 472
1 10 2
160 394
1 8 2
144 218
1 4 2
61 183
1 8 2
200 328
1 14 2
30 219
1 7 2
133 473
1 11 2
31 462
1 11 2
197 308
1 11 2
147 364
1 8 2
215 419
1 4 2
322 362
1 3 2
252 456
1 10 2
196 437
1 9 2
16 418
1 10 2
6 287
1 12 2
17 31
1 15 2
116 120
1 15 2
36 358
1 9 2
42 395
1 11 2
357 453
1 16 2
59 287
1 9 2
141 191
1 13 2
205 281
1 12 2
313 492
1 7 2
61 419
1 8 2
175 202
1 17 2
35 420
1 14 2
97 287
1 9 2
51 353
1 11 2
149 402
1 15 2
139 364
1 11 2
8 495
1 18 2
238 256
1 4 2
177 378
1 12 2
249 485
1 10 2
116 265
1 3 2
62 148
1 6 2
259 312
1 9 2
227 270
1 7 2
191 494
1 10 2
234 374
1 11 2
273 387
1 9 2
324 387
1 5 2
127 177
1 11 2
332 423
1 10 2
176 437
1 7 2
236 298
1 10 2
196 466
1 19 2
213 423
1 11 2
12 351
1 8 2
375 381
1 8 2
66 189
1 16 2
59 195
1 13 2
374 497
1 7 2
48 267
1 16 2
234 455
1 17 2
135 354
1 7 2
45 245
1 6 2
80 349
1 15 2
152 487
1 9 2
391 414
1 15 2
169 197
1 13 2
22 455
1 8 2
257 478
1 9 2
266 341
1 5 2
173 179
1 8 2
17 451
1 5 2
30 128
1 7 2
269 373
1 6 2
166 445
1 10 2
20 330
1 13 2
116 303
1 9 2
321 453
1 8 2
96 252
1 12 2
112 142
1 11 2
45 232
1 13 2
398 421
1 11 2
41 350
1 15 2
89 281
1 6 2
97 301
1 9 2
263 317
1 17 2
197 240
1 10 2
4 57
1 3 2
98 178
1 4 2
264 304
1 9 2
115 276
1 12 2
47 284
1 12 2
1 219
1 10 2
469 481
1 7 2
335 399
1 12 2
117 158
1 17 2
100 395
1 17 2
106 203
1 19 2
231 263
1 16 2
83 393
1 13 2
176 253
1 6 2
368 406
1 12 2
141 142
1 16 2
95 406
1 14 2
4 314
1 6 2
47 164
1 5 2
157 441
1 5 2
143 166
1 7 2
71 451
1 4 2
410 485
1 7 2
52 241
1 13 2
22 31
1 7 2
135 270
1 16 2
18 497
1 9 2
87 447
1 18 2
258 387
1 17 2
138 338
1 7 2
57 277
1 10 2
45 219
1 11 2
86 261
1 17 2
2 140
1 13 2
365 375
1 10 2
20 96
1 5 2
334 342
1 12 2
38 311
1 4 2
409 440
1 11 2
67 276
1 10 2
56 360
1 16 2
111 300
1 8 2
335 342
1 18 2
139 240
1 10 2
403 497
1 18 2
83 330
1 8 2
320 416
1 16 2
455 493
1 12 2
304 354
1 19 2
187 329
1 8 2
303 477
1 11 2
93 437
1 8 2
125 456
1 10 2
180 213
1 8 2
47 180
1 16 2
90 406
1 11 2
356 488
1 13 2
107 423
1 15 2
95 335
1 17 2
2 365
1 12 2
231 272
1 10 2
386 488
1 10 2
240 298
1 8 2
25 152
1 17 2
197 254
1 11 2
200 206
1 8 2
236 430
1 16 2
31 353
1 12 2
212 364
1 8 2
205 397
1 17 2
172 311
1 10 2
327 450
1 10 2
63 300
1 11 2
0 330
1 11 2
88 96
1 15 2
112 172
1 2 2
69 294
1 11 2
124 450
1 9 2
466 487
1 15 2
2 442
1 17 2
395 455
1 11 2
63 257
1 8 2
28 445
1 10 2
211 417
1 3 2
69 347
1 4 2
192 349
1 2 2
55 339
1 12 2
83 360
1 18 2
4 276
1 5 2
1 471
1 7 2
190 406
1 12 2
19 241
1 9 2
129 201
1 9 2
49 275
1 10 2
22 247
1 12 2
275 405
1 7 2
454 490
1 10 2
40 460
1 5 2
62 367
1 18 2
182 353
1 4 2
331 379
1 15 2
139 321
1 7 2
20 374
1 11 2
129 183
1 4 2
373 385
1 18 2
91 93
1 7 2
150 428
1 2 2
98 373
1 17 2
145 359
1 4 2
349 366
1 13 2
23 203
1 2 2
44 248
1 4 2
161 327
1 14 2
131 284
1 8 2
319 443
1 10 2
123 320
1 17 2
258 436
1 7 2
196 399
1 14 2
205 470
1 17 2
94 427
1 12 2
70 430
1 6 2
7 353
1 10 2
64 254
1 18 2
104 450
1 10 2
97 217
1 5 2
121 147
1 12 2
19 109
1 13 2
194 262
1 13 2
303 422
1 11 2
374 421
1 13 2
30 41
1 8 2
183 393
1 17 2
249 393
1 12 2
52 94
1 10 2
40 338
1 8 2
67 415
1 7 2
113 266
1 8 2
46 269
1 9 2
83 216
1 10 2
392 435
1 15 2
30 203
1 11 2
177 491
1 17 2
152 182
1 7 2
400 458
1 9 2
444 493
1 6 2
193 264
1 8 2
281 376
1 13 2
140 247
1 18 2
104 145
1 14 2
94 176
1 6 2
152 235
1 18 2
58 105
1 14 2
149 330
1 3 2
44 241
1 9 2
274 455
1 4 2
348 362
1 13 2
162 262
1 11 2
12 185
1 14 2
430 455
1 6 2
246 409
1 7 2
359 413
1 4 2
47 163
1 13 2
57 111
1 15 2
79 359
1 12 2
97 142
1 10 2
214 441
1 10 2
20 460
1 18 2
330 497
1 9 2
2 337
1 8 2
193 267
1 8 2
96 226
1 13 2
8 275
1 8 2
87 296
1 4 2
369 385
1 2 2
223 316
1 12 2
74 419
1 11 2
97 229
1 13 2
2 370
1 10 2
390 496
1 18 2
116 296
1 8 2
76 461
1 11 2
76 102
1 18 2
284 455
1 18 2
56 203
1 5 2
310 462
1 7 2
33 306
1 12 2
54 275
1 6 2
236 456
1 12 2
219 494
1 9 2
112 463
1 15 2
283 302
1 19 2
16 468
1 11 2
42 302
1 12 2
312 365
1 15 2
126 206
1 14 2
353 493
1 19 2
254 450
1 11 2
152 304
1 12 2
138 313
1 15 2
80 106
1 4 2
192 201
1 13 2
205 247
1 13 2
53 245
1 3 2
388 456
1 10 2
162 350
1 13 2
269 486
1 10 2
360 361
1 8 2
241 280
1 14 2
59 486
1 18 2
250 436
1 11 2
423 466
1 13 2
152 481
1 5 2
313 459
1 13 2
258 312
1 9 2
208 295
1 8 2
76 215
1 9 2
390 491
1 8 2
142 271
1 5 2
391 469
1 16 2
408 468
1 18 2
203 320
1 10 2
109 358
1 18 2
84 330
1 10 2
22 454
1 8 2
235 497
1 11 2
334 450
1 18 2
13 404
1 7 2
226 253
1 16 2
231 451
1 20 2
263 387
1 7 2
14 322
1 10 2
102 238
1 11 2
352 470
1 9 2
291 450
1 15 2
234 357
1 8 2
257 403
1 6 2
239 426
1 12 2
139 204
1 9 2
72 213
1 10 2
146 219
1 11 2
284 477
1 13 2
496 499
1 17 2
58 195
1 15 2
198 300
1 16 2
206 219
1 10 2
406 472
1 19 2
96 427
1 6 2
147 378
1 14 2
79 162
1 9 2
111 255
1 12 2
89 306
1 14 2
83 131
1 15 2
195 495
1 10 2
212 350
1 12 2
103 203
1 8 2
27 269
1 16 2
106 344
1 10 2
353 472
1 4 2
179 478
1 12 2
120 262
1 16 2
76 420
1 18 2
84 487
1 3 2
221 351
1 9 2
1 488
1 17 2
89 254
1 9 2
61 203
1 15 2
230 421
1 3 2
288 428
1 17 2
91 137
1 8 2
284 337
1 8 2
3 53
1 5 2
202 410
1 8 2
65 99
1 7 2
199 433
1 6 2
55 117
1 17 2
94 423
1 8 2
378 495
1 8 2
259 495
1 9 2
411 468
1 9 2
154 196
1 13 2
47 95
1 15 2
36 96
1 13 2
6 84
1 17 2
12 35
1 20 2
110 492
1 13 2
242 257
1 17 2
104 230
1 12 2
455 469
1 11 2
239 496
1 19 2
16 497
1 6 2
205 413
1 6 2
11 212
1 18 2
230 422
1 6 2
122 454
1 3 2
274 390
1 7 2
42 141
1 11 2
257 464
1 13 2
246 354
1 13 2
242 455
1 5 2
169 475
1 4 2
376 400
1 5 2
183 394
1 10 2
230 298
1 14 2
176 406
1 7 2
41 184
1 17 2
16 238
1 15 2
35 470
1 6 2
35 372
1 14 2
18 287
1 11 2
204 329
1 9 2
117 310
1 9 2
175 335
1 11 2
38 281
1 16 2
281 450
1 5 2
307 441
1 12 2
120 176
1 7 2
14 485
1 14 2
361 375
1 9 2
172 401
1 15 2
275 297
1 2 2
37 46
1 9 2
241 488
1 8 2
247 452
1 17 2
83 117
1 8 2
246 351
1 5 2
62 102
1 13 2
10 137
1 9 2
464 488
1 11 2
485 493
1 7 2
21 41
1 15 2
284 292
1 5 2
204 385
1 5 2
33 204
1 16 2
231 458
1 11 2
230 424
1 17 2
172 198
1 6 2
10 108
1 10 2
338 384
1 15 2
16 142
1 18 2
276 420
1 14 2
162 196
1 13 2
140 406
1 8 2
43 286
1 7 2
196 324
1 7 2
161 229
1 11 2
239 468
1 17 2
86 254
1 2 2
34 223
1 17 2
232 481
1 5 2
177 332
1 20 2
111 231
1 7 2
86 289
1 3 2
42 388
1 13 2
48 436
1 11 2
18 304
1 6 2
241 386
1 10 2
18 322
1 12 2
19 360
1 13 2
22 296
1 19 2
203 232
1 11 2
20 95
1 15 2
420 443
1 15 2
56 359
1 13 2
249 350
1 15 2
398 487
1 7 2
39 173
1 5 2
355 389
1 8 2
65 178
1 15 2
106 393
1 10 2
142 367
1 8 2
94 418
1 3 2
400 459
1 13 2
306 315
1 4 2
294 463
1 2 2
15 432
1 13 2
158 302
1 11 2
266 437
1 10 2
25 211
1 8 2
210 365
1 10 2
150 356
1 15 2
41 214
1 16 2
196 420
1 8 2
175 212
1 17 2
395 468
1 14 2
131 187
1 16 2
90 470
1 10 2
104 171
1 10 2
391 496
1 6 2
300 401
1 8 2
279 464
1 6 2
69 245
1 4 2
190 433
1 17 2
311 344
1 14 2
38 249
1 20 2
139 496
1 19 2
90 256
1 13 2
242 357
1 11 2
119 170
1 17 2
263 436
1 9 2
64 170
1 15 2
227 425
1 2 2
55 295
1 18 2
420 436
1 14 2
234 292
1 7 2
73 224
1 6 2
166 472
1 5 2
190 374
1 7 2
173 204
1 6 2
185 241
1 8 2
110 475
1 4 2
153 173
1 17 2
96 275
1 5 2
327 386
1 7 2
57 261
1 13 2
91 150
1 16 2
86 94
1 16 2
43 276
1 9 2
46 89
1 3 2
348 475
1 11 2
104 107
1 8 2
0 158
1 12 2
17 492
1 12 2
389 476
1 16 2
36 232
1 7 2
81 421
1 7 2
201 253
1 8 2
29 135
1 17 2
106 211
1 9 2
187 440
1 4 2
373 429
1 9 2
220 435
1 19 2
250 258
1 5 2
48 290
1 20 2
105 145
1 6 2
177 331
1 10 2
0 101
1 15 2
142 213
1 17 2
16 195
1 11 2
386 448
1 15 2
131 492
1 18 2
116 257
1 14 2
283 468
1 5 2
9 233
1 4 2
168 210
1 4 2
66 115
1 11 2
66 404
1 12 2
65 149
1 5 2
54 127
1 15 2
104 162
1 15 2
97 111
1 4 2
380 429
1 19 2
59 326
1 9 2
254 346
1 13 2
101 269
1 18 2
219 468
1 11 2
154 197
1 7 2
244 340
1 12 2
4 243
1 12 2
23 254
1 17 2
94 276
1 16 2
56 266
1 14 2
41 493
1 14 2
41 330
1 15 2
142 214
1 6 2
99 192
1 19 2
58 86
1 19 2
172 420
1 13 2
18 94
1 20 2
138 145
1 12 2
32 206
1 18 2
12 59
1 10 2
435 458
1 8 2
212 441
1 13 2
120 160
1 6 2
108 245
1 11 2
246 419
1 8 2
168 245
1 14 2
162 354
1 8 2
207 492
1 15 2
427 443
1 8 2
30 334
1 17 2
284 476
1 19 2
227 447
1 20 2
182 326
1 11 2
247 386
1 14 2
0 19
1 8 2
25 451
1 18 2
13 344
1 13 2
114 245
1 17 2
197 224
1 16 2
59 344
1 9 2
63 173
1 14 2
182 350
1 8 2
53 381
1 19 2
187 420
1 10 2
149 405
1 13 2
198 243
1 15 2
84 414
1 9 2
314 435
1 8 2
43 452
1 10 2
95 452
1 4 2
241 274
1 6 2
28 239
1 19 2
129 311
1 10 2
133 382
1 13 2
280 296
1 4 2
383 386
1 9 2
261 371
1 12 2
236 296
1 12 2
48 176
1 6 2
66 277
1 2 2
474 479
1 3 2
385 401
1 10 2
455 479
1 11 2
157 427
1 12 2
396 402
1 11 2
74 460
1 15 2
65 213
1 6 2
51 473
1 3 2
252 373
1 10 2
234 445
1 13 2
32 126
1 14 2
65 448
1 12 2
408 415
1 5 2
121 244
1 17 2
70 137
1 14 2
170 256
1 10 2
239 491
1 7 2
153 421
1 12 2
280 470
1 18 2
114 450
1 6 2
43 305
1 6 2
130 378
1 8 2
291 326
1 10 2
76 107
1 19 2
16 250
1 17 2
263 396
1 11 2
162 170
1 11 2
215 447
1 16 2
140 476
1 13 2
126 321
1 4 2
92 322
1 17 2
232 357
1 18 2
16 208
1 4 2
340 449
1 18 2
84 104
1 7 2
34 105
1 6 2
49 220
1 6 2
158 434
1 10 2
139 461
1 12 2
57 491
1 11 2
406 442
1 12 2
4 283
1 7 2
285 408
1 6 2
128 246
1 16 2
197 393
1 18 2
58 365
1 5 2
67 385
1 19 2
338 450
1 8 2
267 278
1 3 2
379 489
1 12 2
172 272
1 12 2
139 322
1 13 2
120 495
1 20 2
84 497
1 11 2
172 185
1 5 2
50 341
1 19 2
231 302
1 14 2
278 292
1 13 2
106 169
1 6 2
25 151
1 16 2
142 203
1 12 2
186 205
1 7 2
75 144
1 7 2
79 92
1 8 2
149 385
1 9 2
11 138
1 9 2
53 424
1 5 2
5 120
1 10 2
265 276
1 17 2
2 287
1 14 2
18 41
1 14 2
145 457
1 14 2
70 356
1 10 2
40 344
1 4 2
8 305
1 9 2
230 366
1 18 2
231 292
1 20 2
219 249
1 12 2
18 202
1 9 2
123 193
1 10 2
282 450
1 14 2
150 208
1 15 2
58 244
1 15 2
119 302
1 15 2
76 181
1 7 2
82 89
1 8 2
42 206
1 16 2
95 361
1 15 2
114 382
1 9 2
124 193
1 15 2
213 451
1 13 2
131 448
1 10 2
95 127
1 12 2
243 344
1 18 2
70 231
1 17 2
93 240
1 13 2
47 224
1 5 2
178 332
1 8 2
69 95
1 4 2
277 383
1 8 2
179 330
1 16 2
231 300
1 13 2
212 284
1 12 2
74 470
1 9 2
279 445
1 19 2
126 203
1 18 2
470 496
1 9 2
161 396
1 10 2
219 444
1 20 2
187 231
1 5 2
153 328
1 10 2
135 461
1 14 2
59 306
1 15 2
2 47
1 13 2
435 450
1 13 2
35 392
1 11 2
4 439
1 7 2
234 373
1 2 2
85 316
1 6 2
4 431
1 15 2
120 213
1 5 2
180 441
1 17 2
193 358
1 9 2
328 350
1 5 2
1 259
1 8 2
300 348
1 7 2
120 471
1 17 2
219 240
1 8 2
260 338
1 16 2
187 404
1 7 2
164 200
1 10 2
227 327
1 12 2
365 486
1 14 2
354 443
1 14 2
249 453
1 10 2
103 169
1 10 2
172 377
1 6 2
125 248
1 7 2
287 372
1 8 2
35 115
1 4 2
115 175
1 5 2
161 307
1 18 2
138 387
1 8 2
25 415
1 15 2
302 425
1 10 2
63 415
1 7 2
261 389
1 7 2
251 254
1 17 2
240 487
1 9 2
40 242
1 14 2
191 263
1 8 2
310 395
1 8 2
246 336
1 13 2
152 488
1 8 2
188 436
1 11 2
234 457
1 12 2
150 357
1 6 2
144 184
1 5 2
331 409
1 6 2
171 389
1 12 2
107 172
1 16 2
160 414
1 8 2
388 450
1 16 2
314 420
1 6 2
216 321
1 12 2
297 371
1 8 2
243 437
1 13 2
91 367
1 16 2
230 278
1 2 2
62 156
1 11 2
19 168
1 9 2
122 250
1 5 2
42 332
1 2 2
60 188
1 8 2
284 390
1 10 2
394 470
1 8 2
34 187
1 15 2
194 219
1 3 2
301 346
1 8 2
393 449
1 14 2
43 162
1 11 2
100 449
1 11 2
195 453
1 7 2
49 140
1 3 2
226 400
1 17 2
292 468
1 6 2
148 425
1 5 2
115 220
1 2 2
148 324
1 18 2
110 198
1 16 2
76 296
1 10 2
72 329
1 13 2
18 458
1 17 2
59 160
1 18 2
137 450
1 6 2
119 368
1 6 2
51 360
1 10 2
18 158
1 17 2
4 93
1 11 2
170 287
1 20 2
86 208
1 10 2
1 278
1 10 2
125 469
1 8 2
191 312
1 8 2
89 210
1 2 2
291 305
1 17 2
126 196
1 8 2
104 118
1 13 2
275 352
1 3 2
82 178
1 11 2
180 258
1 16 2
213 330
1 14 2
279 436
1 3 2
72 153
1 12 2
315 374
1 15 2
149 203
1 13 2
70 304
1 16 2
19 406
1 10 2
26 181
1 10 2
265 455
1 9 2
249 411
1 9 2
357 494
1 13 2
131 278
1 3 2
68 270
1 4 2
351 416
1 7 2
44 487
1 8 2
268 393
1 14 2
206 266
1 15 2
454 497
1 11 2
173 375
1 8 2
295 455
1 7 2
391 398
1 5 2
121 314
1 5 2
63 270
1 10 2
307 436
1 8 2
49 276
1 5 2
108 220
1 19 2
230 427
1 6 2
200 216
1 12 2
117 312
1 12 2
472 496
1 15 2
141 450
1 3 2
51 383
1 16 2
35 240
1 12 2
13 99
1 12 2
176 189
1 9 2
237 421
1 14 2
169 491
1 7 2
97 268
1 10 2
91 265
1 10 2
412 453
1 16 2
91 396
1 11 2
166 326
1 8 2
291 315
1 12 2
133 138
1 11 2
353 453
1 8 2
55 326
1 11 2
311 370
1 12 2
358 374
1 11 2
322 487
1 3 2
305 308
1 2 2
5 62
1 12 2
314 486
1 16 2
145 283
1 20 2
231 491
1 10 2
206 464
1 5 2
82 170
1 18 2
79 496
1 18 2
214 497
1 7 2
150 271
1 14 2
460 493
1 5 2
14 373
1 15 2
13 189
1 10 2
340 496
1 17 2
2 206
1 2 2
221 333
1 7 2
223 279
1 17 2
70 269
1 12 2
262 312
1 9 2
215 448
1 9 2
24 214
1 7 2
93 446
1 17 2
358 382
1 8 2
49 493
1 4 2
259 429
1 9 2
182 327
1 9 2
63 102
1 19 2
187 315
1 11 2
1 258
1 8 2
47 485
1 7 2
5 182
1 12 2
0 263
1 8 2
262 362
1 13 2
292 402
1 12 2
457 470
1 8 2
118 420
1 18 2
70 86
1 12 2
315 405
1 10 2
358 363
1 19 2
214 491
1 16 2
422 470
1 17 2
231 253
1 14 2
287 408
1 11 2
94 370
1 20 2
111 145
1 10 2
135 331
1 11 2
20 284
1 17 2
18 111
1 10 2
375 464
1 14 2
114 419
1 10 2
48 242
1 17 2
208 421
1 4 2
322 407
1 19 2
326 487
1 12 2
220 419
1 13 2
236 422
1 17 2
181 203
1 13 2
358 464
1 10 2
42 275
1 8 2
104 270
1 9 2
100 363
1 11 2
105 123
1 12 2
97 202
1 11 2
1 315
1 14 2
279 292
1 6 2
192 469
1 7 2
175 389
1 7 2
123 435
1 2 2
81 274
1 7 2
309 371
1 17 2
495 497
1 19 2
326 330
1 9 2
16 309
1 16 2
258 357
1 11 2
306 488
1 10 2
19 390
1 7 2
441 486
1 17 2
182 398
1 16 2
16 481
1 8 2
180 280
1 11 2
466 468
1 7 2
274 408
1 15 2
97 116
1 15 2
296 414
1 5 2
235 408
1 13 2
406 495
1 14 2
321 420
1 6 2
52 124
1 11 2
114 477
1 11 2
152 402
1 9 2
36 88
1 15 2
162 197
1 12 2
17 172
1 15 2
245 249
1 11 2
138 271
1 4 2
394 440
1 13 2
186 253
1 6 2
73 114
1 5 2
318 402
1 8 2
272 453
1 13 2
370 468
1 14 2
104 242
1 15 2
4 287
1 11 2
25 491
1 6 2
360 444
1 16 2
12 196
1 10 2
280 364
1 8 2
38 445
1 5 2
260 435
1 12 2
57 58
1 5 2
24 261
1 2 2
3 325
1 8 2
45 96
1 14 2
276 283
1 19 2
139 311
1 8 2
33 245
1 12 2
142 371
1 7 2
239 443
1 2 2
167 207
1 5 2
279 467
1 19 2
16 19
1 5 2
42 385
1 13 2
408 419
1 5 2
55 131
1 7 2
374 469
1 12 2
234 246
1 20 2
182 275
1 19 2
276 468
1 7 2
125 295
1 5 2
73 425
1 15 2
230 353
1 6 2
183 328
1 13 2
196 398
1 17 2
13 314
1 14 2
451 487
1 18 2
70 91
1 12 2
2 466
1 8 2
61 197
1 11 2
25 329
1 4 2
207 313
1 8 2
28 74
1 19 2
145 172
1 13 2
244 353
1 4 2
309 319
1 9 2
320 376
1 9 2
40 147
1 14 2
169 258
1 15 2
129 283
1 18 2
95 187
1 7 2
9 186
1 8 2
41 342
1 12 2
38 56
1 9 2
187 343
1 12 2
182 322
1 5 2
115 486
1 15 2
320 451
1 15 2
41 80
1 10 2
88 125
1 14 2
182 189
1 10 2
89 127
1 14 2
262 335
1 6 2
92 244
1 6 2
119 289
1 7 2
398 416
1 13 2
4 415
1 6 2
273 439
1 10 2
242 246
1 19 2
276 320
1 8 2
271 395
1 16 2
193 211
1 16 2
423 488
1 18 2
13 335
1 9 2
177 404
1 12 2
0 387
1 15 2
172 186
1 15 2
89 120
1 5 2
166 322
1 12 2
6 315
1 17 2
187 436
1 5 2
245 248
1 17 2
195 492
1 5 2
390 464
1 15 2
344 393
1 11 2
91 462
1 10 2
120 477
1 10 2
240 394
1 17 2
129 451
1 13 2
195 245
1 12 2
17 256
1 12 2
64 492
1 12 2
36 451
1 5 2
120 368
1 7 2
196 291
1 13 2
93 402
1 10 2
91 449
1 7 2
7 491
1 11 2
25 219
1 16 2
4 35
1 11 2
100 307
1 18 2
139 338
1 8 2
396 411
1 18 2
387 470
1 12 2
198 246
1 7 2
154 426
1 16 2
90 125
1 20 2
129 358
1 11 2
310 497
1 4 2
350 483
1 10 2
146 320
1 9 2
197 498
1 6 2
243 456
1 12 2
47 195
1 6 2
178 273
1 2 2
55 201
1 12 2
28 70
1 10 2
13 363
1 8 2
197 345
1 10 2
64 205
1 6 2
149 410
1 15 2
80 176
1 12 2
279 382
1 11 2
218 358
1 14 2
70 131
1 11 2
70 99
1 6 2
211 294
1 8 2
53 259
1 8 2
83 108
1 5 2
57 324
1 14 2
140 357
1 6 2
309 426
1 17 2
230 455
1 11 2
320 473
1 10 2
214 215
1 9 2
164 240
1 8 2
246 352
1 8 2
45 257
1 12 2
133 198
1 9 2
132 253
1 13 2
365 451
1 8 2
43 332
1 8 2
181 190
1 13 2
443 470
1 3 2
151 290
1 9 2
12 225
1 14 2
94 458
1 17 2
43 182
1 14 2
112 487
1 12 2
14 240
1 5 2
0 293
1 19 2
111 329
1 11 2
150 414
1 20 2
213 496
1 8 2
65 151
1 17 2
89 296
1 11 2
111 400
1 3 2
42 291
1 3 2
337 490
1 10 2
64 206
1 8 2
247 449
1 18 2
31 240
1 7 2
16 37
1 16 2
198 344
1 9 2
95 293
1 8 2
93 216
1 15 2
193 382
1 12 2
133 263
1 12 2
161 427
1 7 2
70 221
1 7 2
47 386
1 7 2
132 303
1 9 2
226 326
1 11 2
140 328
1 5 2
164 331
1 14 2
422 486
1 12 2
32 59
1 17 2
4 219
1 6 2
23 342
1 12 2
103 213
1 12 2
326 336
1 5 2
437 441
1 8 2
116 264
1 8 2
300 409
1 10 2
208 397
1 10 2
181 261
1 10 2
130 191
1 4 2
71 429
1 9 2
12 223
1 11 2
70 177
1 7 2
113 181
1 8 2
335 400
1 3 2
210 307
1 9 2
32 47
1 8 2
266 397
1 12 2
169 408
1 11 2
198 445
1 17 2
59 361
1 12 2
246 344
1 7 2
205 391
1 7 2
284 401
1 19 2
84 491
1 11 2
279 321
1 8 2
200 370
1 16 2
315 421
1 8 2
29 320
1 5 2
40 286
1 16 2
224 292
1 15 2
214 392
1 8 2
52 204
1 6 2
248 481
1 11 2
192 311
1 9 2
58 362
1 9 2
89 397
1 13 2
203 464
1 13 2
6 231
1 12 2
244 365
1 13 2
10 70
1 7 2
183 189
1 10 2
0 300
1 12 2
76 217
1 12 2
16 170
1 9 2
32 52
1 6 2
204 352
1 17 2
70 344
1 7 2
118 344
1 10 2
23 314
1 8 2
413 436
1 4 2
484 485
1 6 2
478 486
1 12 2
111 180
1 5 2
161 277
1 8 2
6 158
1 10 2
358 369
1 8 2
261 477
1 7 2
22 433
1 4 2
49 462
1 12 2
80 170
1 4 2
122 180
1 2 2
69 201
1 11 2
33 100
1 12 2
234 321
1 10 2
139 403
1 6 2
57 332
1 9 2
24 219
1 17 2
354 382
1 14 2
404 460
1 8 2
196 440
1 12 2
2 177
1 12 2
13 473
1 18 2
58 106
1 4 2
322 379
1 9 2
140 298
1 8 2
112 271
1 14 2
36 495
1 3 2
15 479
1 15 2
41 96
1 7 2
117 474
1 13 2
23 315
1 9 2
300 417
1 10 2
6 119
1 10 2
101 499
1 6 2
370 400
1 7 2
188 414
1 11 2
442 458
1 9 2
182 324
1 12 2
140 283
1 12 2
52 104
1 12 2
238 477
1 8 2
24 300
1 11 2
25 138
1 10 2
12 378
1 15 2
91 495
1 15 2
335 447
1 16 2
111 162
1 9 2
46 160
1 11 2
335 438
1 17 2
93 198
1 7 2
86 333
1 18 2
129 224
1 17 2
125 315
1 3 2
401 409
1 11 2
120 398
1 10 2
65 386
1 9 2
166 404
1 17 2
198 302
1 7 2
234 345
1 12 2
32 253
1 6 2
412 418
1 17 2
117 254
1 3 2
15 29
1 4 2
260 286
1 15 2
100 212
1 5 2
369 389
1 7 2
34 365
1 7 2
106 299
1 7 2
339 395
1 7 2
183 321
1 11 2
387 462
1 11 2
237 315
1 6 2
97 474
1 4 2
85 306
1 11 2
200 443
1 15 2
114 119
1 14 2
202 421
1 7 2
190 253
1 16 2
266 330
1 11 2
47 357
1 8 2
445 486
1 9 2
179 214
1 8 2
70 368
1 5 2
46 499
1 10 2
14 412
1 15 2
53 278
1 13 2
65 234
1 10 2
198 409
1 12 2
14 278
1 15 2
131 497
1 12 2
406 443
1 11 2
168 338
1 4 2
46 342
1 11 2
230 437
1 9 2
70 293
1 11 2
166 250
1 17 2
41 227
1 13 2
314 359
1 6 2
54 67
1 19 2
302 447
1 18 2
31 302
1 8 2
392 444
1 20 2
182 214
1 18 2
256 419
1 9 2
132 193
1 14 2
393 460
1 8 2
287 378
1 15 2
357 365
1 9 2
96 332
1 6 2
124 312
1 9 2
28 220
1 7 2
103 370
1 8 2
11 481
1 20 2
2 83
1 11 2
135 237
1 11 2
304 357
1 11 2
233 344
1 5 2
289 425
1 8 2
179 421
1 3 2
167 490
1 13 2
169 198
1 14 2
287 451
1 4 2
24 494
1 13 2
263 485
1 11 2
145 471
1 16 2
320 421
1 12 2
217 481
1 11 2
35 66
1 9 2
106 377
1 12 2
284 303
1 18 2
420 448
1 16 2
84 375
1 16 2
101 496
1 8 2
205 409
1 15 2
13 48
1 8 2
229 366
1 10 2
49 145
1 9 2
241 278
1 14 2
38 491
1 10 2
8 402
1 3 2
61 390
1 20 2
129 455
1 4 2
401 444
1 15 2
257 406
1 17 2
139 353
1 12 2
338 499
1 9 2
421 466
1 11 2
57 487
1 16 2
112 497
1 8 2
290 326
1 6 2
343 375
1 13 2
247 393
1 9 2
360 415
1 8 2
305 447
1 4 2
51 373
1 6 2
49 392
1 11 2
140 454
1 13 2
52 172
1 8 2
233 412
1 16 2
250 495
1 13 2
257 415
1 13 2
41 120
1 15 2
169 447
1 8 2
118 387
1 13 2
283 393
1 15 2
227 442
1 10 2
111 478
1 10 2
206 233
1 7 2
338 475
1 20 2
100 129
1 18 2
93 197
1 12 2
200 253
1 17 2
93 262
1 11 2
38 406
1 7 2
281 456
1 20 2
232 302
1 2 2
248 362
1 8 2
27 238
1 13 2
141 284
1 4 2
166 339
1 14 2
326 435
1 17 2
79 422
1 8 2
167 354
1 4 2
146 241
1 10 2
105 341
1 15 2
287 357
1 4 2
38 118
1 7 2
28 417
1 8 2
99 392
1 6 2
362 425
1 12 2
32 421
1 9 2
302 498
1 17 2
31 195
1 6 2
389 444
1 18 2
116 492
1 12 2
74 94
1 14 2
245 344
1 10 2
387 411
1 8 2
38 64
1 9 2
330 363
1 7 2
104 289
1 9 2
187 216
1 16 2
354 481
1 9 2
257 265
1 14 2
283 357
1 4 2
0 388
1 12 2
240 306
1 18 2
104 263
1 13 2
111 313
1 6 2
236 239
1 7 2
28 192
1 10 2
54 408
1 7 2
119 383
1 11 2
127 208
1 11 2
39 91
1 16 2
302 460
1 10 2
102 279
1 18 2
16 358
1 11 2
145 171
1 14 2
106 481
1 13 2
217 396
1 9 2
273 493
1 7 2
79 323
1 20 2
227 275
1 11 2
315 489
1 16 2
203 419
1 7 2
337 365
1 8 2
150 457
1 5 2
66 490
1 11 2
23 211
1 4 2
456 466
1 4 2
381 444
1 11 2
370 487
1 12 2
14 135
1 14 2
254 300
1 13 2
263 303
1 20 2
491 496
1 8 2
185 191
1 11 2
151 187
1 11 2
394 497
1 3 2
215 290
1 3 2
34 366
1 11 2
94 220
1 12 2
25 58
1 12 2
178 423
1 16 2
56 160
1 8 2
249 484
1 7 2
62 451
1 15 2
330 495
1 20 2
19 111
1 13 2
4 149
1 4 2
23 446
1 13 2
31 107
1 9 2
195 441
1 18 2
13 137
1 10 2
103 404
1 13 2
65 365
1 10 2
135 346
1 17 2
287 476
1 5 2
51 166
1 18 2
95 276
1 14 2
283 436
1 11 2
329 351
1 10 2
243 458
1 19 2
420 491
1 16 2
232 245
1 5 2
178 342
1 17 2
382 447
1 10 2
335 367
1 14 2
31 48
1 16 2
58 281
1 11 2
347 358
1 10 2
42 137
1 15 2
53 382
1 12 2
48 398
1 13 2
144 361
1 17 2
56 302
1 11 2
129 175
1 17 2
91 203
1 10 2
427 490
1 8 2
162 384
1 12 2
172 322
1 10 2
341 455
1 8 2
242 469
1 15 2
329 359
1 10 2
246 392
1 9 2
206 215
1 12 2
94 350
1 6 2
94 288
1 9 2
360 458
1 6 2
133 385
1 12 2
54 208
1 4 2
226 252
1 10 2
211 385
1 7 2
38 154
1 3 2
62 413
1 5 2
147 432
1 9 2
35 461
1 13 2
137 191
1 8 2
193 416
1 6 2
102 265
1 13 2
86 306
1 14 2
245 491
1 16 2
393 423
1 15 2
152 219
1 5 2
62 272
1 19 2
249 491
1 8 2
97 366
1 15 2
284 393
1 17 2
269 422
1 16 2
96 278
1 8 2
192 194
1 12 2
453 470
1 11 2
56 102
1 7 2
321 461
1 13 2
32 468
1 3 2
417 446
1 16 2
427 481
1 8 2
126 148
1 8 2
13 251
1 5 2
175 384
1 7 2
256 264
1 15 2
250 430
1 19 2
19 219
1 12 2
0 296
1 7 2
107 261
1 8 2
121 326
1 20 2
83 129
1 14 2
119 365
1 3 2
115 159
1 12 2
89 331
1 10 2
25 278
1 12 2
386 492
1 13 2
246 269
1 5 2
178 449
1 6 2
202 362
1 3 2
127 255
1 13 2
90 217
1 10 2
374 470
1 17 2
357 387
1 12 2
443 493
1 13 2
182 336
1 11 2
175 468
1 11 2
149 150
1 5 2
194 401
1 8 2
1 30
1 9 2
116 498
1 6 2
140 467
1 11 2
211 236
1 13 2
86 150
1 13 2
12 199
1 5 2
148 158
1 18 2
59 450
1 14 2
13 243
1 12 2
107 254
1 13 2
74 423
1 9 2
79 466
1 15 2
43 91
1 8 2
127 396
1 8 2
346 451
1 8 2
164 361
1 17 2
43 468
1 9 2
219 416
1 8 2
225 287
1 11 2
26 230
1 11 2
65 191
1 7 2
36 166
1 14 2
117 191
1 2 2
210 483
1 6 2
426 478
1 17 2
80 326
1 14 2
269 460
1 10 2
272 470
1 3 2
143 153
1 12 2
422 444
1 10 2
173 297
1 16 2
460 491
1 3 2
184 416
1 12 2
382 442
1 9 2
20 481
1 5 2
159 281
1 14 2
141 422
1 12 2
1 110
1 13 2
63 96
1 13 2
244 361
1 15 2
219 412
1 7 2
30 166
1 14 2
200 275
1 13 2
278 314
1 8 2
111 484
1 20 2
250 423
1 19 2
86 219
1 9 2
179 187
1 14 2
142 238
1 6 2
166 485
1 17 2
19 125
1 8 2
58 78
1 16 2
84 186
1 11 2
244 412
1 8 2
120 134
1 12 2
229 269
1 15 2
283 358
1 17 2
12 230
1 7 2
270 278
1 11 2
175 275
1 13 2
57 232
1 12 2
19 123
1 15 2
86 297
1 12 2
387 435
1 19 2
302 496
1 6 2
26 215
1 17 2
125 276
1 10 2
12 132
1 8 2
275 401
1 15 2
101 491
1 13 2
111 457
1 5 2
88 271
1 14 2
14 145
1 4 2
307 466
1 14 2
80 281
1 15 2
344 365
1 12 2
112 371
1 18 2
2 198
1 16 2
172 414
1 8 2
195 479
1 11 2
28 244
1 12 2
95 389
1 9 2
127 404
1 9 2
63 457
1 14 2
160 217
1 9 2
194 386
1 19 2
59 427
1 9 2
32 236
1 16 2
300 329
1 11 2
218 250
1 14 2
89 191
1 12 2
70 499
1 13 2
116 170
1 17 2
181 320
1 11 2
47 488
1 8 2
91 122
1 5 2
148 402
1 7 2
19 446
1 7 2
68 414
1 15 2
139 186
1 17 2
91 224
1 9 2
30 405
1 17 2
83 238
1 15 2
197 300
1 11 2
90 161
1 11 2
393 499
1 10 2
160 385
1 18 2
256 361
1 9 2
15 256
1 8 2
8 173
1 16 2
140 436
