700 4200 2100
7 8 12 22 17 17 13 13 19 21 19 6 8 20 17 19 12 14 21 13 13 19 22 8 25 18 8 13 18 12 25 16 8 25 11 11 17 25 17 14 6 11 24 19 13 19 14 25 14 14 23 11 13 24 21 23 15 23 9 20 20 16 8 18 7 13 12 12 13 17 11 21 14 19 23 11 13 15 18 25 15 8 19 5 24 21 13 18 20 11 14 16 12 21 21 7 10 16 13 9 6 8 19 17 19 19 15 13 21 9 18 24 5 11 15 8 8 21 23 9 21 6 10 15 9 24 5 22 15 15 11 15 21 11 22 21 18 6 14 20 13 6 20 6 5 5 16 24 7 24 15 15 24 16 7 11 14 20 24 7 24 8 7 5 17 20 22 13 8 6 6 14 15 11 21 23 23 19 20 25 18 17 19 21 8 6 11 8 22 17 7 24 15 12 22 15 5 6 15 5 11 16 18 7 22 25 7 17 12 11 5 13 21 10 25 19 14 14 16 5 16 17 12 17 14 10 10 25 15 15 19 10 25 25 21 10 7 14 21 7 14 13 17 22 8 20 11 18 7 24 25 14 14 10 25 6 21 10 9 12 5 20 20 9 24 8 11 22 5 19 9 20 5 20 6 17 14 19 8 17 14 6 16 15 6 17 22 9 6 25 9 14 23 20 15 14 21 25 16 24 23 25 17 13 6 22 18 7 7 23 24 12 23 12 21 20 23 6 5 20 20 15 22 14 21 20 22 25 14 9 12 23 23 12 8 7 25 8 20 21 25 5 8 7 10 8 21 9 23 23 15 17 6 25 15 7 12 17 18 11 21 10 9 19 22 5 21 11 12 20 14 20 11 11 19 10 15 7 7 14 23 8 10 5 16 12 10 16 18 22 18 15 9 6 20 15 11 11 15 25 6 12 8 12 11 10 7 24 24 20 23 5 10 25 5 9 8 22 5 10 23 9 24 20 18 9 7 6 24 19 24 8 12 15 13 7 21 7 7 11 14 25 16 24 19 16 24 11 17 23 14 9 9 17 6 11 14 20 7 11 20 8 12 7 22 25 21 9 25 8 14 14 19 12 17 15 20 7 5 12 24 21 8 10 20 8 5 6 13 11 17 10 12 11 17 15 12 7 12 12 25 7 11 21 20 21 18 5 25 19 7 25 22 19 20 16 8 12 17 17 23 21 9 18 15 16 25 12 8 9 16 5 11 12 20 9 14 13 18 25 10 10 11 7 11 16 11 10 6 24 13 19 23 10 11 25 20 15 17 5 15 20 11 10 19 5 20 18 12 17 11 14 18 21 11 22 16 21 13 9 14 22 15 25 16 19 22 12 12 24 16 18 11 11 8 8 12 8 23 15 11 12 23 19 24 24 11 19 11 24 19 8 9 5 19 9 6 14 18 18 25 12 9 5 7 25 13 21 25 13 16 23 7 22 13 15 6 15 19 25 11 8 21 14 9 16 5 9 10 7 21 16 23 5 11 15 12 21 17 8 22 6 8 9 20 9 14 23 18 22 13 15 9 7 16 14 22 15 24 22 14 16 22 16 6 18 7 14 24 24 25 22 18 16 14 13 19 24 8 20
15 19 8 9 13 11 9 10 18 15 4 14 8 7 4 13 12 14 19 8 17 6 14 19 5 19 12 3 16 18 8 19 3 8 16 5 13 6 20 12 8 9 19 11 8 11 5 13 16 16 4 17 3 4 17 11 9 9 16 3 16 14 12 11 20 15 11 16 17 10 3 12 7 5 4 13 6 7 17 18 12 7 9 5 16 6 20 7 12 11 9 12 14 12 8 8 20 18 10 4 4 17 5 9 19 7 5 18 19 11 17 10 12 20 13 19 7 8 8 5 8 11 5 3 10 8 13 14 3 10 17 9 16 11 8 16 13 5 16 4 8 5 6 14 8 8 14 16 20 13 15 5 12 16 9 14 3 15 17 10 5 3 17 5 14 13 20 13 16 20 9 7 5 6 18 12 10 19 4 14 19 13 4 14 5 7 3 7 8 3 17 19 3 8 20 20 12 15 11 7 10 9 10 10 16 8 12 3 10 19 4 15 18 19 14 17 10 7 11 9 17 10 18 18 5 16 18 16 11 20 5 9 4 4 20 17 20 14 3 12 5 15 13 15 7 13 5 16 6 11 13 4 4 8 8 19 19 17 3 19 11 4 9 8 16 5 12 15 6 3 13 8 7 18 17 3 11 14 6 3 14 14 19 6 3 17 5 7 10 4 16 12 14 16 13 14 17 18 18 4 15 13 6 20 11 18 9 3 14 17 6 19 18 11 3 10 14 10 8 10 12 19 14 12 18 8 15 11 7 10 7 7 5 4 4 8 11 18 13 18 5 5 14 11 8 7 4 20 3 16 4 18 4 10 17 8 13 10 14 9 9 6 20 14 13 6 13 12 11 18 13 13 15 6 7 5 16 4 15 3 6 9 3 11 20 16 12 9 15 15 11 11 4 14 19 15 20 17 14 9 14 10 20 8 7 19 12 6 19 6 16 6 19 3 7 8 7 8 20 13 12 18 17 13 11 5 9 7 5 5 20 19 5 5 3 14 8 11 8 7 20 20 6 17 8 4 12 7 6 16 14 7 14 7 3 20 17 19 3 17 6 9 4 10 20 7 18 16 16 7 20 9 3 8 7 19 11 18 12 4 4 4 6 3 16 9 19 4 15 20 13 15 18 12 15 9 18 4 8 15 20 9 9 8 18 16 17 14 9 9 10 7 5 8 17 3 5 13 8 5 13 10 5 6 19 6 5 18 8 10 14 12 19 17 13 16 10 13 5 13 5 18 9 15 3 20 16 13 8 9 16 3 10 14 9 8 8 16 19 17 5 12 7 13 17 10 20 18 15 4 19 15 11 4 15 14 17 8 13 5 10 12 3 3 4 18 14 10 6 10 14 11 5 5 15 7 10 3 16 17 10 9 14 8 18 15 7 16 10 4 7 6 13 8 11 3 3 9 6 15 16 16 6 17 5 14 9 3 7 14 13 5 5 15 11 5 8 12 13 3 9 18 3 8 11 6 20 10 19 17 7 15 19 17 7 12 8 8 4 3 17 13 13 11 10 19 19 16 8 7 6 7 19 5 4 20 8 13 16 17 19 4 9 5 16 20 7 12 5 18 16 16 15 12 3 8 7 8 16 13
1 13 2
102 409
1 18 2
152 602
1 16 2
202 340
1 10 2
75 312
1 11 2
251 633
1 15 2
181 399
1 20 2
149 690
1 18 2
256 289
1 9 2
398 424
1 10 2
186 417
1 11 2
198 586
1 13 2
15 183
1 4 2
52 260
1 11 2
446 493
1 12 2
31 256
1 7 2
194 632
1 10 2
82 433
1 14 2
105 586
1 11 2
409 651
1 16 2
79 610
1 9 2
110 217
1 8 2
402 417
1 7 2
261 516
1 12 2
275 481
1 4 2
112 276
1 7 2
62 676
1 11 2
54 224
1 6 2
285 345
1 18 2
118 589
1 18 2
310 605
1 11 2
204 524
1 5 2
136 288
1 12 2
22 655
1 6 2
171 533
1 11 2
49 676
1 9 2
64 446
1 14 2
552 607
1 12 2
398 679
1 10 2
25 519
1 9 2
662 690
1 9 2
2 183
1 8 2
434 685
1 4 2
356 438
1 13 2
446 645
1 13 2
215 504
1 4 2
143 294
1 8 2
69 635
1 13 2
302 322
1 11 2
494 551
1 15 2
10 316
1 10 2
111 663
1 7 2
321 488
1 8 2
246 534
1 10 2
159 465
1 11 2
242 603
1 6 2
545 648
1 14 2
202 604
1 11 2
39 166
1 6 2
224 544
1 10 2
207 681
1 5 2
75 596
1 4 2
86 343
1 16 2
93 660
1 12 2
127 683
1 11 2
232 540
1 7 2
440 666
1 11 2
70 74
1 12 2
604 629
1 8 2
31 680
1 8 2
200 619
1 12 2
338 685
1 14 2
261 476
1 18 2
57 309
1 17 2
436 500
1 6 2
659 683
1 11 2
38 230
1 7 2
38 654
1 18 2
158 420
1 18 2
37 188
1 8 2
1 3
1 10 2
29 389
1 12 2
111 328
1 13 2
87 234
1 5 2
418 494
1 10 2
275 490
1 2 2
170 381
1 8 2
28 432
1 5 2
20 665
1 6 2
209 634
1 6 2
10 161
1 6 2
274 696
1 2 2
248 411
1 3 2
255 493
1 11 2
571 669
1 19 2
286 289
1 9 2
214 636
1 10 2
466 666
1 9 2
68 390
1 10 2
167 262
1 15 2
204 261
1 12 2
423 692
1 15 2
21 175
1 13 2
302 676
1 16 2
204 682
1 12 2
582 660
1 8 2
68 201
1 5 2
12 391
1 11 2
9 97
1 14 2
286 699
1 5 2
65 492
1 6 2
150 329
1 15 2
302 639
1 5 2
5 260
1 8 2
209 315
1 8 2
419 436
1 13 2
202 273
1 7 2
251 637
1 10 2
422 544
1 11 2
292 578
1 13 2
4 679
1 12 2
153 262
1 11 2
209 249
1 14 2
346 614
1 6 2
66 666
1 14 2
306 312
1 3 2
260 479
1 14 2
526 681
1 12 2
294 430
1 7 2
6 237
1 5 2
535 617
1 15 2
79 384
1 15 2
179 515
1 8 2
56 671
1 7 2
113 275
1 15 2
202 620
1 13 2
157 685
1 15 2
390 399
1 8 2
276 658
1 14 2
24 164
1 8 2
495 671
1 11 2
111 434
1 7 2
260 652
1 8 2
153 217
1 7 2
452 696
1 11 2
254 397
1 9 2
413 636
1 9 2
208 338
1 8 2
498 699
1 12 2
207 212
1 13 2
85 429
1 13 2
358 466
1 5 2
86 588
1 11 2
404 620
1 12 2
269 668
1 11 2
669 694
1 14 2
195 508
1 13 2
555 675
1 13 2
374 696
1 8 2
567 654
1 9 2
314 554
1 8 2
361 481
1 16 2
179 614
1 11 2
20 108
1 5 2
224 644
1 12 2
164 314
1 10 2
152 489
1 14 2
262 650
1 5 2
412 596
1 6 2
2 621
1 12 2
9 671
1 14 2
60 371
1 14 2
177 679
1 11 2
279 472
1 6 2
65 403
1 8 2
247 527
1 8 2
13 600
1 8 2
384 694
1 11 2
38 315
1 19 2
232 264
1 11 2
2 214
1 17 2
286 430
1 12 2
42 635
1 13 2
327 582
1 12 2
138 465
1 13 2
72 583
1 20 2
297 443
1 8 2
300 352
1 7 2
174 308
1 16 2
327 603
1 18 2
589 667
1 14 2
319 409
1 8 2
84 684
1 19 2
430 520
1 4 2
122 665
1 12 2
63 585
1 9 2
518 645
1 8 2
389 458
1 8 2
553 619
1 7 2
36 542
1 5 2
405 634
1 4 2
128 196
1 9 2
339 455
1 18 2
250 556
1 7 2
367 524
1 7 2
164 527
1 11 2
360 599
1 5 2
386 694
1 9 2
10 131
1 5 2
239 282
1 14 2
668 679
1 11 2
133 605
1 14 2
36 417
1 13 2
123 697
1 12 2
567 619
1 7 2
266 376
1 8 2
322 594
1 5 2
231 498
1 12 2
277 484
1 9 2
391 424
1 8 2
53 516
1 6 2
251 432
1 14 2
215 575
1 6 2
345 658
1 17 2
205 642
1 6 2
19 499
1 10 2
364 396
1 9 2
509 536
1 12 2
211 465
1 17 2
233 503
1 11 2
43 474
1 8 2
71 594
1 10 2
587 631
1 6 2
130 584
1 15 2
429 697
1 10 2
134 537
1 14 2
176 282
1 16 2
552 696
1 16 2
457 583
1 8 2
599 687
1 17 2
500 607
1 7 2
126 449
1 11 2
514 645
1 6 2
414 638
1 7 2
367 442
1 18 2
250 512
1 14 2
444 602
1 9 2
130 657
1 13 2
484 664
1 16 2
117 183
1 7 2
276 356
1 12 2
125 241
1 16 2
160 174
1 20 2
250 301
1 11 2
149 533
1 16 2
254 363
1 17 2
566 589
1 5 2
222 568
1 12 2
110 603
1 9 2
622 678
1 7 2
390 612
1 6 2
193 198
1 5 2
270 379
1 7 2
411 598
1 4 2
252 437
1 8 2
209 699
1 17 2
188 289
1 16 2
42 444
1 19 2
175 678
1 18 2
413 679
1 8 2
16 215
1 7 2
108 595
1 12 2
208 620
1 18 2
134 539
1 11 2
226 250
1 5 2
25 458
1 13 2
218 575
1 9 2
6 28
1 10 2
176 462
1 7 2
638 662
1 7 2
412 474
1 9 2
55 535
1 7 2
219 312
1 20 2
511 690
1 10 2
74 130
1 17 2
444 620
1 5 2
528 630
1 8 2
362 556
1 11 2
69 110
1 12 2
45 78
1 18 2
407 480
1 15 2
505 581
1 10 2
4 668
1 15 2
74 234
1 14 2
136 147
1 10 2
321 692
1 16 2
327 472
1 8 2
471 668
1 19 2
166 625
1 7 2
39 655
1 9 2
231 346
1 7 2
270 591
1 8 2
150 671
1 6 2
87 698
1 20 2
37 539
1 15 2
332 585
1 10 2
399 563
1 8 2
12 118
1 8 2
43 596
1 16 2
134 464
1 11 2
251 346
1 12 2
353 656
1 9 2
292 615
1 6 2
328 527
1 16 2
430 503
1 10 2
173 598
1 9 2
397 682
1 9 2
417 622
1 5 2
362 601
1 12 2
69 319
1 12 2
423 591
1 17 2
54 227
1 8 2
75 363
1 8 2
35 273
1 16 2
299 607
1 5 2
211 665
1 5 2
281 572
1 17 2
620 669
1 10 2
88 171
1 8 2
294 651
1 15 2
57 369
1 17 2
182 227
1 11 2
326 695
1 20 2
430 628
1 9 2
186 256
1 18 2
158 389
1 9 2
179 203
1 5 2
611 671
1 5 2
66 403
1 19 2
147 297
1 14 2
374 631
1 7 2
571 675
1 15 2
360 679
1 4 2
124 155
1 6 2
51 470
1 8 2
311 388
1 13 2
227 379
1 5 2
193 412
1 10 2
77 182
1 8 2
372 692
1 8 2
401 558
1 5 2
425 596
1 5 2
23 207
1 7 2
96 457
1 7 2
273 597
1 6 2
269 641
1 10 2
96 589
1 11 2
549 640
1 9 2
82 517
1 12 2
147 294
1 16 2
93 417
1 13 2
48 441
1 12 2
136 610
1 14 2
305 619
1 12 2
204 687
1 10 2
182 530
1 8 2
81 410
1 7 2
640 668
1 9 2
355 697
1 9 2
26 79
1 14 2
221 348
1 11 2
252 512
1 8 2
630 666
1 9 2
298 321
1 5 2
607 623
1 7 2
56 291
1 12 2
102 472
1 14 2
394 409
1 15 2
84 157
1 6 2
574 674
1 7 2
189 656
1 16 2
79 369
1 8 2
265 380
1 11 2
192 293
1 16 2
289 638
1 19 2
33 292
1 7 2
77 403
1 20 2
254 430
1 5 2
122 167
1 10 2
222 669
1 18 2
301 504
1 16 2
37 603
1 14 2
18 476
1 15 2
569 639
1 10 2
99 526
1 11 2
171 476
1 15 2
120 627
1 17 2
111 682
1 8 2
15 51
1 12 2
111 252
1 9 2
455 484
1 17 2
312 464
1 7 2
272 300
1 19 2
500 512
1 11 2
111 459
1 15 2
420 573
1 4 2
281 434
1 12 2
3 77
1 14 2
33 218
1 8 2
13 372
1 20 2
158 250
1 12 2
132 445
1 9 2
74 329
1 17 2
134 689
1 13 2
183 585
1 9 2
89 664
1 13 2
125 298
1 9 2
490 681
1 11 2
6 120
1 20 2
149 639
1 11 2
18 77
1 15 2
179 275
1 4 2
406 588
1 11 2
271 658
1 16 2
120 407
1 15 2
136 327
1 8 2
526 559
1 10 2
104 671
1 10 2
514 580
1 17 2
389 575
1 7 2
337 633
1 12 2
241 480
1 7 2
293 451
1 10 2
252 388
1 15 2
409 598
1 9 2
171 561
1 14 2
25 74
1 6 2
432 456
1 8 2
171 599
1 17 2
120 628
1 4 2
156 624
1 7 2
383 609
1 9 2
28 138
1 13 2
129 214
1 16 2
472 620
1 12 2
42 462
1 19 2
326 555
1 8 2
4 46
1 6 2
41 153
1 12 2
413 578
1 6 2
88 100
1 6 2
354 648
1 17 2
348 503
1 4 2
411 545
1 14 2
45 436
1 5 2
259 554
1 7 2
239 691
1 17 2
292 300
1 19 2
158 688
1 7 2
166 661
1 12 2
305 495
1 16 2
561 631
1 12 2
61 132
1 12 2
79 241
1 6 2
276 621
1 6 2
25 672
1 5 2
14 169
1 5 2
140 439
1 16 2
43 47
1 17 2
9 420
1 9 2
54 499
1 15 2
164 340
1 10 2
350 591
1 17 2
125 332
1 16 2
417 679
1 10 2
49 60
1 4 2
373 672
1 14 2
607 676
1 5 2
82 411
1 17 2
165 690
1 15 2
10 688
1 6 2
0 319
1 3 2
197 593
1 6 2
66 582
1 4 2
439 529
1 10 2
44 204
1 13 2
215 585
1 4 2
193 342
1 10 2
235 420
1 13 2
298 512
1 7 2
296 543
1 3 2
40 404
1 11 2
78 306
1 17 2
233 679
1 9 2
633 665
1 17 2
142 605
1 10 2
316 459
1 9 2
325 675
1 15 2
305 314
1 11 2
547 690
1 9 2
44 358
1 13 2
380 398
1 10 2
39 476
1 15 2
93 194
1 2 2
317 684
1 7 2
4 226
1 8 2
490 680
1 15 2
117 293
1 7 2
263 371
1 19 2
30 604
1 6 2
283 496
1 14 2
420 490
1 10 2
230 670
1 17 2
158 360
1 17 2
42 286
1 3 2
281 542
1 16 2
316 409
1 12 2
5 481
1 6 2
510 603
1 18 2
194 609
1 9 2
106 221
1 17 2
194 539
1 9 2
45 86
1 5 2
351 383
1 13 2
125 282
1 14 2
207 301
1 12 2
55 350
1 10 2
417 687
1 16 2
380 586
1 12 2
233 656
1 17 2
289 561
1 18 2
160 389
1 9 2
131 519
1 12 2
207 371
1 11 2
108 475
1 11 2
262 599
1 5 2
543 545
1 7 2
535 603
1 10 2
394 470
1 14 2
299 619
1 7 2
177 595
1 10 2
180 220
1 7 2
32 315
1 13 2
598 681
1 9 2
278 449
1 10 2
226 583
1 10 2
292 313
1 5 2
90 231
1 9 2
413 559
1 5 2
161 576
1 9 2
61 357
1 8 2
159 520
1 17 2
249 417
1 11 2
10 110
1 8 2
430 649
1 15 2
436 573
1 15 2
336 351
1 11 2
224 521
1 17 2
158 417
1 9 2
310 402
1 8 2
38 237
1 14 2
443 651
1 5 2
70 412
1 12 2
271 683
1 17 2
326 605
1 4 2
72 636
1 19 2
264 678
1 10 2
28 282
1 17 2
125 324
1 3 2
378 547
1 11 2
179 592
1 9 2
18 372
1 14 2
183 513
1 8 2
146 694
1 6 2
318 664
1 12 2
614 658
1 9 2
385 627
1 18 2
598 652
1 7 2
0 314
1 13 2
21 556
1 15 2
249 551
1 7 2
89 453
1 15 2
289 658
1 9 2
10 655
1 14 2
511 645
1 13 2
580 697
1 14 2
59 581
1 17 2
204 676
1 10 2
574 669
1 12 2
147 568
1 5 2
145 584
1 10 2
157 536
1 8 2
182 544
1 9 2
398 530
1 13 2
179 677
1 7 2
165 187
1 12 2
560 609
1 4 2
68 559
1 9 2
315 588
1 19 2
160 233
1 7 2
279 372
1 12 2
572 610
1 14 2
120 572
1 5 2
278 328
1 14 2
195 413
1 9 2
303 472
1 13 2
45 556
1 10 2
134 517
1 8 2
373 668
1 12 2
85 180
1 16 2
194 256
1 8 2
444 608
1 7 2
14 459
1 7 2
252 617
1 10 2
413 451
1 10 2
13 694
1 5 2
2 133
1 3 2
378 397
1 13 2
120 180
1 9 2
159 407
1 19 2
348 688
1 11 2
36 619
1 15 2
346 575
1 19 2
349 428
1 4 2
72 531
1 6 2
330 621
1 7 2
573 649
1 7 2
41 164
1 6 2
356 471
1 15 2
87 158
1 14 2
555 658
1 9 2
22 41
1 9 2
124 575
1 11 2
133 160
1 6 2
439 655
1 8 2
298 495
1 12 2
176 560
1 10 2
43 224
1 8 2
543 602
1 8 2
339 425
1 11 2
47 489
1 12 2
429 494
1 9 2
24 461
1 11 2
513 518
1 6 2
150 517
1 4 2
355 593
1 9 2
322 479
1 7 2
193 350
1 16 2
166 312
1 17 2
633 678
1 7 2
72 666
1 6 2
110 342
1 5 2
56 307
1 11 2
75 250
1 14 2
147 506
1 10 2
212 439
1 13 2
395 604
1 6 2
268 326
1 8 2
248 310
1 10 2
113 158
1 15 2
73 689
1 7 2
34 590
1 4 2
600 647
1 10 2
491 689
1 6 2
208 580
1 11 2
97 277
1 15 2
428 618
1 18 2
586 605
1 10 2
13 488
1 8 2
85 396
1 8 2
134 437
1 12 2
233 596
1 13 2
111 201
1 7 2
279 606
1 9 2
463 605
1 17 2
319 327
1 12 2
36 261
1 10 2
200 602
1 11 2
65 428
1 7 2
291 321
1 13 2
108 567
1 5 2
571 665
1 12 2
423 668
1 3 2
381 648
1 20 2
152 539
1 17 2
364 446
1 13 2
60 325
1 7 2
246 567
1 11 2
22 350
1 9 2
374 578
1 5 2
107 622
1 7 2
58 523
1 6 2
384 459
1 15 2
42 519
1 6 2
52 130
1 8 2
10 359
1 16 2
54 581
1 13 2
481 564
1 7 2
134 190
1 10 2
374 560
1 15 2
371 631
1 7 2
173 494
1 16 2
339 682
1 9 2
261 517
1 11 2
91 178
1 18 2
264 339
1 7 2
34 189
1 15 2
205 681
1 11 2
146 573
1 6 2
278 384
1 9 2
351 637
1 10 2
363 671
1 15 2
136 214
1 5 2
680 686
1 9 2
13 479
1 11 2
339 545
1 10 2
315 560
1 15 2
37 87
1 11 2
202 572
1 9 2
391 693
1 15 2
55 139
1 12 2
84 578
1 9 2
75 464
1 5 2
173 266
1 10 2
579 628
1 20 2
53 620
1 10 2
213 233
1 5 2
70 397
1 13 2
296 448
1 15 2
351 468
1 10 2
46 394
1 18 2
420 605
1 7 2
389 406
1 16 2
59 631
1 10 2
249 502
1 17 2
309 332
1 9 2
33 278
1 8 2
76 551
1 9 2
131 658
1 12 2
189 366
1 17 2
160 322
1 15 2
10 292
1 12 2
73 472
1 15 2
55 273
1 12 2
110 182
1 4 2
70 563
1 13 2
160 675
1 10 2
296 385
1 17 2
24 183
1 6 2
146 600
1 8 2
251 651
1 11 2
103 104
1 9 2
92 338
1 16 2
420 566
1 8 2
56 391
1 7 2
561 663
1 9 2
496 614
1 10 2
20 139
1 9 2
121 340
1 10 2
178 536
1 11 2
21 181
1 8 2
323 618
1 13 2
31 602
1 11 2
54 241
1 6 2
230 548
1 19 2
422 441
1 11 2
642 681
1 11 2
87 223
1 20 2
465 602
1 12 2
68 289
1 20 2
620 631
1 19 2
30 679
1 7 2
267 365
1 12 2
25 117
1 9 2
489 512
1 9 2
110 479
1 12 2
194 442
1 2 2
565 636
1 10 2
149 213
1 16 2
183 443
1 14 2
267 585
1 16 2
71 74
1 12 2
247 534
1 12 2
321 364
1 6 2
156 257
1 11 2
152 208
1 11 2
127 666
1 9 2
68 296
1 20 2
353 605
1 13 2
339 513
1 8 2
370 584
1 16 2
82 430
1 5 2
474 673
1 15 2
254 551
1 17 2
230 297
1 15 2
42 569
1 7 2
164 608
1 13 2
114 678
1 8 2
6 442
1 7 2
129 601
1 5 2
462 601
1 14 2
14 264
1 11 2
132 195
1 7 2
156 488
1 11 2
61 460
1 8 2
55 543
1 6 2
537 626
1 11 2
656 688
1 14 2
349 619
1 19 2
50 480
1 13 2
79 294
1 13 2
14 55
1 12 2
20 47
1 4 2
411 617
1 9 2
385 484
1 13 2
494 586
1 13 2
299 637
1 7 2
140 590
1 8 2
504 535
1 13 2
191 666
1 19 2
297 697
1 6 2
177 477
1 8 2
36 259
1 10 2
85 527
1 13 2
59 363
1 12 2
22 584
1 7 2
416 607
1 13 2
230 366
1 8 2
178 402
1 12 2
380 440
1 20 2
310 628
1 9 2
151 518
1 10 2
167 234
1 10 2
43 645
1 13 2
182 650
1 8 2
169 250
1 16 2
316 633
1 10 2
337 697
1 12 2
118 171
1 5 2
255 494
1 3 2
426 562
1 6 2
270 294
1 10 2
225 300
1 11 2
125 640
1 12 2
230 607
1 7 2
347 506
1 18 2
326 428
1 3 2
213 437
1 9 2
313 561
1 7 2
150 542
1 4 2
58 554
1 18 2
254 503
1 7 2
239 577
1 10 2
49 371
1 7 2
104 522
1 5 2
89 542
1 9 2
301 647
1 9 2
164 251
1 5 2
159 693
1 14 2
332 429
1 11 2
117 666
1 19 2
79 449
1 12 2
476 618
1 11 2
327 489
1 16 2
264 366
1 16 2
249 638
1 13 2
269 627
1 6 2
337 358
1 8 2
172 220
1 8 2
49 218
1 7 2
281 503
1 9 2
402 552
1 9 2
158 510
1 5 2
27 124
1 9 2
413 597
1 15 2
45 127
1 9 2
195 390
1 11 2
273 582
1 16 2
55 369
1 5 2
195 686
1 11 2
359 604
1 15 2
336 674
1 14 2
164 380
1 20 2
160 628
1 9 2
322 541
1 5 2
143 247
1 13 2
152 590
1 9 2
67 71
1 10 2
450 610
1 18 2
160 521
1 10 2
233 362
1 5 2
578 654
1 15 2
271 449
1 10 2
326 473
1 10 2
481 537
1 9 2
216 530
1 10 2
354 423
1 12 2
171 689
1 10 2
76 132
1 10 2
250 381
1 8 2
218 224
1 7 2
599 680
1 6 2
487 513
1 11 2
331 666
1 15 2
53 105
1 10 2
130 348
1 12 2
53 76
1 14 2
242 589
1 17 2
631 652
1 10 2
432 631
1 18 2
520 604
1 16 2
326 389
1 18 2
232 577
1 11 2
136 247
1 9 2
273 333
1 16 2
332 466
1 15 2
78 175
1 15 2
37 302
1 15 2
164 299
1 8 2
146 198
1 12 2
69 346
1 17 2
125 676
1 11 2
194 291
1 11 2
36 215
1 15 2
214 285
1 16 2
160 504
1 9 2
116 227
1 3 2
334 622
1 7 2
6 530
1 11 2
134 156
1 18 2
118 465
1 13 2
30 379
1 10 2
87 220
1 17 2
232 657
1 4 2
437 670
1 14 2
511 519
1 12 2
68 399
1 15 2
285 336
1 15 2
25 589
1 9 2
322 347
1 18 2
299 627
1 13 2
146 667
1 6 2
159 513
1 20 2
47 465
1 4 2
130 416
1 10 2
27 320
1 3 2
101 522
1 13 2
273 619
1 13 2
142 374
1 11 2
42 496
1 18 2
292 604
1 6 2
412 442
1 13 2
108 610
1 11 2
128 245
1 5 2
236 584
1 8 2
411 620
1 16 2
54 691
1 12 2
234 298
1 9 2
23 289
1 10 2
584 699
1 13 2
63 234
1 10 2
286 397
1 17 2
125 627
1 11 2
27 135
1 11 2
554 609
1 7 2
259 571
1 6 2
574 694
1 5 2
193 570
1 16 2
176 627
1 17 2
254 457
1 5 2
425 671
1 16 2
366 669
1 17 2
326 697
1 8 2
369 644
1 6 2
527 536
1 5 2
56 308
1 8 2
263 305
1 12 2
440 500
1 7 2
114 496
1 12 2
324 576
1 7 2
563 591
1 9 2
30 343
1 10 2
216 577
1 15 2
194 466
1 9 2
279 645
1 11 2
39 300
1 10 2
52 315
1 9 2
139 527
1 8 2
136 368
1 15 2
84 513
1 13 2
512 558
1 15 2
22 585
1 20 2
149 227
1 5 2
213 456
1 11 2
15 164
1 15 2
30 448
1 8 2
91 323
1 12 2
440 604
1 8 2
540 669
1 8 2
7 518
1 8 2
498 607
1 11 2
132 384
1 12 2
371 591
1 20 2
299 511
1 14 2
453 660
1 14 2
250 674
1 13 2
294 380
1 19 2
322 526
1 11 2
534 658
1 7 2
52 321
1 13 2
315 534
1 8 2
206 511
1 12 2
47 209
1 10 2
109 310
1 8 2
579 610
1 16 2
551 690
1 14 2
376 422
1 13 2
111 146
1 20 2
214 443
1 11 2
30 34
1 10 2
131 320
1 11 2
157 515
1 9 2
375 466
1 10 2
14 103
1 20 2
149 555
1 16 2
149 472
1 19 2
53 74
1 13 2
61 267
1 18 2
149 349
1 8 2
477 667
1 6 2
275 337
1 7 2
221 419
1 9 2
131 275
1 4 2
100 582
1 11 2
407 496
1 17 2
256 336
1 9 2
313 509
1 9 2
358 434
1 9 2
101 589
1 16 2
360 420
1 7 2
129 656
1 12 2
65 327
1 10 2
568 581
1 3 2
26 451
1 13 2
218 292
1 12 2
490 521
1 18 2
340 360
1 19 2
589 605
1 8 2
249 684
1 9 2
15 694
1 7 2
72 217
1 14 2
147 515
1 19 2
214 428
1 11 2
237 586
1 6 2
223 381
1 14 2
215 660
1 15 2
104 422
1 7 2
421 424
1 10 2
153 453
1 7 2
151 601
1 12 2
94 114
1 5 2
302 686
1 7 2
195 694
1 8 2
396 514
1 12 2
117 584
1 9 2
387 490
1 11 2
4 279
1 6 2
432 560
1 8 2
20 285
1 13 2
628 675
1 14 2
249 448
1 10 2
240 514
1 18 2
227 679
1 5 2
260 394
1 5 2
148 495
1 5 2
99 433
1 11 2
296 617
1 14 2
215 642
1 5 2
272 607
1 15 2
583 591
1 16 2
59 125
1 15 2
88 249
1 9 2
152 451
1 14 2
285 539
1 10 2
105 218
1 20 2
232 465
1 15 2
388 511
1 6 2
343 564
1 18 2
3 191
1 9 2
229 572
1 17 2
84 581
1 15 2
94 436
1 16 2
351 583
1 13 2
128 520
1 15 2
243 371
1 3 2
112 167
1 8 2
4 323
1 6 2
387 612
1 5 2
266 656
1 10 2
72 139
1 12 2
14 59
1 15 2
441 685
1 7 2
606 618
1 9 2
279 677
1 14 2
189 604
1 18 2
79 657
1 13 2
57 114
1 20 2
539 620
1 5 2
404 499
1 7 2
246 560
1 12 2
198 589
1 11 2
88 635
1 11 2
229 566
1 15 2
57 374
1 14 2
120 325
1 8 2
631 649
1 6 2
368 440
1 5 2
44 257
1 8 2
284 652
1 6 2
167 456
1 9 2
379 534
1 9 2
385 476
1 11 2
110 448
1 3 2
26 641
1 7 2
142 632
1 8 2
114 456
1 5 2
148 376
1 11 2
43 572
1 13 2
549 655
1 15 2
332 371
1 16 2
316 320
1 11 2
322 471
1 9 2
127 640
1 15 2
256 581
1 7 2
223 496
1 9 2
325 499
1 18 2
37 346
1 15 2
189 511
1 10 2
280 509
1 9 2
336 661
1 7 2
380 661
1 13 2
120 564
1 9 2
12 24
1 10 2
249 648
1 8 2
327 383
1 6 2
148 320
1 10 2
198 551
1 5 2
76 462
1 10 2
329 690
1 14 2
24 146
1 7 2
90 237
1 11 2
453 685
1 16 2
297 457
1 3 2
92 438
1 10 2
71 131
1 12 2
22 370
1 6 2
51 128
1 4 2
116 257
1 4 2
52 161
1 20 2
205 249
1 8 2
368 585
1 17 2
54 631
1 12 2
202 573
1 4 2
19 597
1 9 2
211 457
1 12 2
262 523
1 7 2
277 641
1 19 2
160 413
1 14 2
275 353
1 10 2
29 676
1 15 2
407 585
1 17 2
316 326
1 16 2
15 428
1 7 2
95 183
1 4 2
421 489
1 5 2
8 486
1 9 2
87 237
1 8 2
222 474
1 9 2
225 652
1 18 2
312 631
1 8 2
331 661
1 16 2
10 301
1 11 2
420 550
1 10 2
118 493
1 11 2
113 468
1 12 2
136 573
1 18 2
575 605
1 19 2
410 422
1 11 2
72 669
1 9 2
165 356
1 11 2
56 212
1 14 2
440 465
1 15 2
297 645
1 12 2
530 679
1 13 2
128 310
1 7 2
127 632
1 11 2
132 456
1 15 2
227 645
1 11 2
456 676
1 2 2
438 528
1 8 2
205 623
1 8 2
55 431
1 15 2
102 420
1 11 2
230 645
1 8 2
94 382
1 10 2
369 471
1 6 2
89 536
1 7 2
535 696
1 16 2
134 296
1 15 2
326 610
1 14 2
298 620
1 16 2
191 534
1 19 2
250 286
1 9 2
529 589
1 11 2
66 175
1 7 2
108 659
1 10 2
93 687
1 9 2
342 408
1 14 2
117 409
1 7 2
305 543
1 13 2
82 271
1 12 2
34 639
1 7 2
492 683
1 12 2
73 177
1 6 2
588 601
1 3 2
427 479
1 10 2
298 445
1 18 2
267 413
1 11 2
350 642
1 6 2
25 184
1 11 2
120 195
1 13 2
43 509
1 9 2
107 505
1 11 2
191 517
1 19 2
37 480
1 17 2
21 24
1 14 2
36 430
1 15 2
22 273
1 8 2
477 480
1 12 2
453 504
1 16 2
28 205
1 9 2
408 437
1 7 2
12 71
1 15 2
54 389
1 11 2
207 523
1 7 2
146 396
1 20 2
152 625
1 7 2
28 345
1 6 2
46 473
1 18 2
160 316
1 5 2
306 393
1 7 2
316 507
1 8 2
56 303
1 8 2
63 626
1 13 2
327 370
1 17 2
120 147
1 9 2
76 273
1 11 2
55 311
1 11 2
120 433
1 11 2
241 292
1 10 2
27 573
1 11 2
280 633
1 5 2
434 554
1 20 2
297 625
1 14 2
176 275
1 10 2
382 604
1 7 2
93 377
1 14 2
134 618
1 12 2
299 492
1 19 2
420 430
1 9 2
293 328
1 15 2
73 410
1 6 2
442 612
1 17 2
204 660
1 10 2
44 326
1 6 2
217 356
1 9 2
320 601
1 16 2
191 315
1 5 2
173 295
1 7 2
168 212
1 10 2
34 667
1 17 2
380 581
1 3 2
226 501
1 13 2
282 609
1 9 2
161 446
1 7 2
48 617
1 7 2
283 694
1 11 2
47 222
1 10 2
257 443
1 17 2
152 534
1 9 2
106 357
1 9 2
200 664
1 16 2
57 178
1 8 2
447 572
1 7 2
534 612
1 10 2
212 356
1 13 2
142 564
1 7 2
26 682
1 19 2
316 413
1 7 2
13 281
1 8 2
101 679
1 5 2
258 557
1 19 2
332 336
1 5 2
341 619
1 8 2
92 556
1 8 2
14 675
1 18 2
125 408
1 10 2
74 483
1 8 2
435 628
1 5 2
291 535
1 8 2
27 97
1 8 2
564 622
1 11 2
47 373
1 8 2
121 430
1 5 2
223 304
1 6 2
356 495
1 6 2
21 458
1 14 2
526 651
1 19 2
309 609
1 9 2
29 230
1 10 2
69 515
1 14 2
158 390
1 12 2
28 319
1 10 2
300 663
1 9 2
639 662
1 5 2
126 442
1 13 2
125 228
1 10 2
253 605
1 6 2
129 502
1 12 2
216 340
1 7 2
248 324
1 12 2
93 357
1 5 2
345 645
1 8 2
63 596
1 16 2
79 139
1 20 2
111 205
1 13 2
292 395
1 5 2
52 367
1 11 2
321 466
1 15 2
18 481
1 8 2
60 493
1 20 2
79 526
1 11 2
551 557
1 8 2
62 331
1 12 2
31 194
1 14 2
179 671
1 5 2
404 532
1 15 2
256 331
1 4 2
67 529
1 7 2
345 394
1 16 2
332 556
1 15 2
327 618
1 11 2
330 688
1 7 2
352 598
1 5 2
270 587
1 14 2
31 539
1 5 2
291 405
1 5 2
412 492
1 7 2
1 271
1 4 2
287 329
1 9 2
420 528
1 7 2
452 591
1 6 2
429 594
1 14 2
136 160
1 9 2
366 452
1 9 2
17 38
1 8 2
594 691
1 10 2
9 496
1 15 2
24 388
1 4 2
298 623
1 13 2
79 291
1 12 2
106 552
1 7 2
69 502
1 10 2
77 572
1 13 2
8 476
1 17 2
234 539
1 16 2
22 55
1 11 2
201 504
1 12 2
102 358
1 8 2
336 378
1 5 2
355 590
1 6 2
471 600
1 3 2
463 553
1 10 2
6 142
1 8 2
110 517
1 6 2
585 595
1 12 2
16 179
1 10 2
17 110
1 20 2
539 549
1 17 2
214 476
1 12 2
261 685
1 14 2
212 319
1 9 2
140 277
1 6 2
330 432
1 18 2
204 628
1 17 2
300 552
1 9 2
406 508
1 12 2
123 299
1 7 2
105 258
1 11 2
61 256
1 11 2
76 332
1 13 2
84 138
1 8 2
20 681
1 7 2
247 579
1 16 2
54 678
1 11 2
108 294
1 18 2
194 264
1 16 2
179 585
1 6 2
156 601
1 6 2
20 130
1 13 2
103 631
1 11 2
55 167
1 8 2
193 558
1 15 2
181 413
1 17 2
360 446
1 8 2
45 473
1 16 2
45 254
1 9 2
78 617
1 5 2
154 448
1 6 2
29 629
1 15 2
47 569
1 11 2
151 534
1 13 2
48 299
1 8 2
218 370
1 9 2
399 624
1 9 2
532 602
1 5 2
395 672
1 12 2
261 572
1 9 2
262 695
1 10 2
333 449
1 14 2
314 603
1 13 2
505 638
1 13 2
19 232
1 10 2
10 475
1 10 2
34 94
1 11 2
220 504
1 11 2
390 490
1 7 2
181 593
1 9 2
257 642
1 13 2
84 252
1 15 2
125 567
1 8 2
123 677
1 5 2
129 347
1 17 2
158 165
1 10 2
69 220
1 16 2
158 245
1 11 2
133 353
1 16 2
289 457
1 11 2
410 675
1 11 2
201 484
1 14 2
312 388
1 13 2
194 591
1 15 2
53 564
1 13 2
57 218
1 14 2
610 679
1 11 2
45 538
1 14 2
182 319
1 8 2
103 193
1 8 2
74 381
1 15 2
47 558
1 16 2
583 619
1 5 2
381 675
1 9 2
442 590
1 16 2
147 556
1 3 2
162 258
1 13 2
60 183
1 15 2
338 417
1 17 2
127 605
1 2 2
438 478
1 13 2
285 449
1 9 2
27 358
1 18 2
188 468
1 5 2
154 216
1 18 2
326 678
1 7 2
379 695
1 8 2
129 635
1 12 2
7 250
1 13 2
31 37
1 20 2
336 539
1 10 2
575 601
1 18 2
139 214
1 13 2
207 627
1 17 2
338 407
1 12 2
297 367
1 20 2
147 301
1 12 2
229 586
1 9 2
335 399
1 10 2
155 408
1 7 2
182 483
1 3 2
1 197
1 19 2
175 539
1 15 2
142 669
1 13 2
108 638
1 15 2
117 366
1 8 2
75 269
1 9 2
0 149
1 12 2
153 339
1 2 2
148 185
1 11 2
28 685
1 18 2
160 428
1 5 2
83 474
1 11 2
151 371
1 17 2
30 457
1 5 2
62 557
1 8 2
358 687
1 16 2
134 691
1 8 2
240 524
1 17 2
364 399
1 7 2
156 171
1 12 2
322 687
1 12 2
181 234
1 8 2
335 407
1 15 2
45 326
1 12 2
639 656
1 5 2
78 559
1 8 2
49 61
1 12 2
166 201
1 15 2
389 679
1 6 2
269 274
1 19 2
30 332
1 11 2
423 599
1 10 2
68 423
1 6 2
130 580
1 8 2
578 668
1 8 2
276 506
1 14 2
292 302
1 14 2
74 572
1 6 2
99 576
1 16 2
212 332
1 10 2
150 685
1 7 2
110 270
1 9 2
20 78
1 3 2
83 313
1 7 2
338 516
1 7 2
271 451
1 17 2
194 243
1 14 2
503 556
1 15 2
94 296
1 7 2
248 369
1 13 2
229 690
1 9 2
339 640
1 13 2
61 243
1 9 2
639 686
1 5 2
251 396
1 9 2
15 303
1 6 2
193 354
1 12 2
93 282
1 5 2
124 195
1 8 2
429 499
1 10 2
131 472
1 8 2
174 606
1 17 2
57 346
1 4 2
154 550
1 17 2
460 555
1 4 2
167 406
1 13 2
369 476
1 8 2
59 419
1 15 2
388 407
1 12 2
153 188
1 9 2
231 586
1 16 2
389 657
1 17 2
18 47
1 8 2
2 572
1 8 2
78 462
1 9 2
25 216
1 11 2
160 401
1 11 2
57 578
1 7 2
186 619
1 11 2
303 316
1 11 2
340 593
1 12 2
494 669
1 6 2
164 491
1 10 2
29 74
1 16 2
215 327
1 15 2
293 657
1 16 2
202 399
1 6 2
165 438
1 19 2
53 609
1 5 2
190 674
1 12 2
172 446
1 8 2
134 347
1 5 2
109 295
1 13 2
8 212
1 8 2
421 504
1 16 2
301 618
1 14 2
37 279
1 8 2
370 453
1 17 2
349 552
1 9 2
328 699
1 15 2
552 685
1 17 2
408 642
1 12 2
285 363
1 6 2
313 395
1 18 2
627 690
1 6 2
209 224
1 14 2
191 523
1 6 2
198 333
1 15 2
566 678
1 7 2
165 469
1 5 2
252 663
1 6 2
170 607
1 11 2
125 517
1 4 2
244 462
1 10 2
82 198
1 11 2
76 296
1 19 2
204 327
1 10 2
540 652
1 12 2
178 591
1 9 2
65 139
1 5 2
510 569
1 9 2
386 676
1 12 2
118 666
1 19 2
340 682
1 13 2
157 277
1 7 2
52 172
1 13 2
227 571
1 4 2
17 461
1 9 2
526 548
1 6 2
69 516
1 16 2
449 561
1 11 2
511 588
1 9 2
417 647
1 4 2
96 367
1 15 2
322 324
1 6 2
451 558
1 12 2
376 586
1 9 2
96 349
1 10 2
86 238
1 14 2
14 33
1 17 2
481 652
1 11 2
245 298
1 12 2
544 620
1 18 2
30 234
1 13 2
312 576
1 7 2
272 410
1 10 2
330 669
1 4 2
425 654
1 13 2
202 676
1 16 2
73 336
1 16 2
520 566
1 11 2
48 175
1 16 2
71 332
1 12 2
46 420
1 10 2
553 555
1 15 2
134 293
1 13 2
43 610
1 9 2
410 665
1 12 2
19 380
1 8 2
199 589
1 10 2
59 571
1 10 2
240 610
1 12 2
51 468
1 8 2
225 319
1 6 2
335 614
1 10 2
247 645
1 11 2
123 177
1 10 2
407 483
1 12 2
227 546
1 15 2
233 357
1 8 2
439 603
1 16 2
149 296
1 16 2
320 676
1 6 2
48 447
1 5 2
159 524
1 4 2
190 587
1 12 2
52 428
1 7 2
180 258
1 9 2
412 422
1 8 2
93 406
1 8 2
175 203
1 2 2
318 469
1 11 2
238 321
1 7 2
114 517
1 6 2
509 636
1 11 2
220 481
1 5 2
86 119
1 13 2
340 655
1 20 2
30 47
1 16 2
256 305
1 12 2
470 500
1 6 2
489 674
1 6 2
269 284
1 7 2
414 598
1 9 2
258 332
1 10 2
68 325
1 16 2
215 232
1 12 2
273 302
1 11 2
504 519
1 6 2
350 386
1 12 2
150 660
1 12 2
160 237
1 12 2
171 250
1 14 2
142 691
1 19 2
332 511
1 7 2
110 330
1 10 2
360 587
1 11 2
306 374
1 7 2
594 642
1 16 2
340 444
1 6 2
150 656
1 20 2
446 697
1 13 2
512 668
1 16 2
73 609
1 10 2
131 319
1 11 2
436 666
1 13 2
399 671
1 16 2
436 552
1 8 2
17 36
1 13 2
538 679
1 7 2
137 669
1 5 2
367 596
1 9 2
542 627
1 14 2
61 227
1 2 2
487 594
1 11 2
208 511
1 11 2
49 573
1 10 2
188 356
1 7 2
326 653
1 11 2
590 591
1 10 2
55 562
1 11 2
56 585
1 18 2
602 652
1 15 2
261 364
1 8 2
416 660
1 11 2
94 495
1 9 2
106 181
1 7 2
116 314
1 11 2
374 677
1 15 2
558 678
1 13 2
179 582
1 11 2
254 492
1 14 2
354 441
1 13 2
134 681
1 10 2
109 609
1 19 2
179 428
1 8 2
55 426
1 11 2
179 621
1 8 2
9 611
1 9 2
471 567
1 8 2
495 683
1 8 2
487 604
1 17 2
178 539
1 9 2
36 323
1 10 2
496 602
1 16 2
420 484
1 7 2
96 180
1 6 2
517 675
1 9 2
134 640
1 11 2
218 503
1 9 2
449 483
1 19 2
134 628
1 11 2
65 256
1 12 2
82 277
1 15 2
481 566
1 9 2
158 467
1 6 2
588 675
1 8 2
44 569
1 13 2
9 110
1 12 2
217 443
1 5 2
146 203
1 10 2
313 521
1 14 2
69 417
1 10 2
24 541
1 13 2
174 558
1 11 2
387 481
1 17 2
366 480
1 15 2
310 453
1 12 2
286 683
1 13 2
215 566
1 18 2
422 575
1 5 2
392 545
1 9 2
512 544
1 15 2
28 555
1 9 2
94 608
1 11 2
399 547
1 15 2
254 538
1 20 2
465 555
1 8 2
106 677
1 7 2
364 463
1 10 2
37 99
1 10 2
434 577
1 15 2
604 658
1 12 2
134 302
1 15 2
481 581
1 13 2
73 369
1 20 2
233 249
1 15 2
50 71
1 12 2
331 680
1 18 2
33 420
1 19 2
24 349
1 8 2
82 404
1 10 2
12 604
1 13 2
286 490
1 14 2
465 674
1 7 2
425 567
1 10 2
593 631
1 8 2
229 294
1 10 2
232 397
1 6 2
472 497
1 12 2
50 693
1 8 2
22 663
1 14 2
60 481
1 8 2
345 633
1 13 2
102 364
1 10 2
303 631
1 4 2
540 554
1 11 2
156 296
1 7 2
38 562
1 14 2
243 293
1 14 2
136 175
1 20 2
232 690
1 8 2
270 669
1 11 2
296 571
1 10 2
599 696
1 12 2
131 575
1 14 2
50 506
1 16 2
388 583
1 11 2
45 683
1 12 2
453 627
1 12 2
436 590
1 10 2
628 659
1 11 2
293 651
1 18 2
214 315
1 3 2
616 640
1 7 2
339 355
1 6 2
8 393
1 9 2
92 325
1 9 2
327 659
1 13 2
354 428
1 13 2
3 693
1 8 2
127 477
1 13 2
464 591
1 6 2
130 237
1 13 2
267 564
1 10 2
232 345
1 12 2
305 494
1 11 2
261 474
1 19 2
310 340
1 18 2
327 423
1 20 2
233 413
1 18 2
166 604
1 7 2
544 599
1 7 2
39 656
1 5 2
462 498
1 13 2
74 201
1 10 2
339 370
1 6 2
432 492
1 10 2
15 675
1 11 2
505 580
1 9 2
187 690
1 7 2
122 358
1 9 2
38 680
1 18 2
117 500
1 8 2
36 76
1 17 2
178 526
1 13 2
73 394
1 12 2
327 368
1 3 2
95 342
1 7 2
536 666
1 8 2
597 627
1 5 2
90 361
1 20 2
111 468
1 8 2
503 532
1 12 2
242 293
1 15 2
147 279
1 9 2
314 600
1 12 2
555 578
1 10 2
136 357
1 9 2
409 434
1 4 2
16 109
1 14 2
177 360
1 8 2
120 231
1 15 2
247 264
1 11 2
459 511
1 12 2
2 539
1 5 2
461 687
1 11 2
117 216
1 7 2
223 359
1 8 2
18 329
1 7 2
114 617
1 12 2
340 479
1 10 2
235 583
1 11 2
449 634
1 10 2
296 537
1 10 2
31 658
1 12 2
471 652
1 11 2
267 675
1 16 2
135 316
1 19 2
74 583
1 12 2
147 328
1 10 2
366 450
1 8 2
454 555
1 17 2
3 243
1 7 2
201 656
1 15 2
577 664
1 4 2
343 524
1 9 2
128 525
1 2 2
101 288
1 14 2
513 602
1 6 2
439 643
1 11 2
8 388
1 8 2
8 213
1 8 2
516 657
1 9 2
106 358
1 6 2
146 381
1 6 2
467 630
1 17 2
310 534
1 18 2
296 301
1 15 2
420 699
1 7 2
318 691
1 14 2
132 534
1 16 2
526 551
1 18 2
132 441
1 11 2
233 654
1 10 2
45 671
1 3 2
497 528
1 15 2
264 277
1 12 2
71 242
1 6 2
89 635
1 8 2
133 338
1 4 2
81 92
1 9 2
200 676
1 18 2
238 353
1 18 2
232 243
1 10 2
74 155
1 9 2
299 622
1 14 2
165 366
1 10 2
16 194
1 12 2
212 490
1 6 2
252 403
1 11 2
256 637
1 11 2
446 596
1 15 2
15 430
1 5 2
401 563
1 8 2
339 416
1 11 2
575 587
1 19 2
264 625
1 11 2
428 459
1 9 2
17 551
1 3 2
187 663
1 9 2
517 603
1 8 2
479 610
1 9 2
326 588
1 12 2
517 628
1 8 2
70 509
1 20 2
413 609
1 16 2
43 149
1 18 2
42 436
1 7 2
431 505
1 15 2
420 638
1 10 2
513 630
1 16 2
348 505
1 6 2
437 699
1 6 2
48 375
1 8 2
3 427
1 7 2
140 282
1 8 2
28 209
1 9 2
179 342
1 7 2
3 478
1 5 2
1 91
1 6 2
439 488
1 12 2
227 562
1 7 2
412 513
1 7 2
46 470
1 14 2
242 249
1 15 2
603 697
1 6 2
367 560
1 10 2
152 382
1 17 2
105 465
1 10 2
115 628
1 9 2
467 520
1 11 2
546 628
1 11 2
175 471
1 11 2
157 354
1 14 2
4 158
1 10 2
226 340
1 5 2
337 550
1 3 2
419 641
1 11 2
37 113
1 11 2
300 580
1 7 2
156 670
1 7 2
202 527
1 11 2
175 186
1 7 2
50 141
1 16 2
526 572
1 16 2
627 660
1 12 2
505 530
1 6 2
459 557
1 7 2
49 537
1 10 2
72 135
1 17 2
54 160
1 9 2
249 543
1 4 2
540 665
1 5 2
80 483
1 5 2
290 578
1 5 2
75 333
1 12 2
74 106
1 20 2
214 264
1 13 2
202 520
1 10 2
9 76
1 9 2
31 442
1 13 2
93 696
1 7 2
280 370
1 3 2
597 659
1 11 2
92 410
1 14 2
4 399
1 20 2
160 690
1 19 2
249 310
1 8 2
96 182
1 5 2
313 333
1 12 2
320 692
1 9 2
412 464
1 15 2
247 331
1 20 2
79 336
1 3 2
83 654
1 13 2
277 338
1 17 2
422 633
1 11 2
65 125
1 12 2
46 84
1 14 2
202 422
1 12 2
350 676
1 12 2
65 160
1 11 2
292 536
1 12 2
234 530
1 16 2
428 577
1 19 2
410 583
1 20 2
37 176
1 7 2
157 377
1 11 2
24 231
1 7 2
280 536
1 8 2
271 648
1 5 2
76 235
1 9 2
433 453
1 12 2
30 356
1 5 2
259 553
1 5 2
272 357
1 11 2
526 588
1 5 2
62 72
1 10 2
466 574
1 10 2
44 573
1 10 2
188 574
1 8 2
181 229
1 10 2
29 273
1 13 2
417 584
1 4 2
61 199
1 14 2
157 699
1 10 2
216 238
1 9 2
350 564
1 12 2
166 283
1 8 2
130 325
1 10 2
280 603
1 12 2
283 389
1 10 2
222 586
1 8 2
16 269
1 13 2
74 576
1 8 2
57 535
1 15 2
5 250
1 16 2
24 567
1 5 2
277 288
1 15 2
293 346
1 9 2
369 550
1 11 2
66 299
1 8 2
82 554
1 18 2
586 697
1 12 2
172 360
1 15 2
256 481
1 16 2
132 549
1 13 2
13 484
1 13 2
172 348
1 7 2
107 666
1 13 2
194 658
1 7 2
63 372
1 15 2
21 430
1 6 2
285 329
1 12 2
88 202
1 16 2
319 539
1 16 2
585 589
1 3 2
270 288
1 6 2
203 610
1 15 2
43 127
1 10 2
98 212
1 10 2
476 582
1 16 2
309 320
1 4 2
81 303
1 14 2
360 423
1 5 2
80 452
1 14 2
395 628
1 13 2
237 407
1 11 2
97 215
1 9 2
173 521
1 19 2
420 688
1 12 2
131 676
1 12 2
494 566
1 13 2
271 423
1 12 2
179 470
1 7 2
107 617
1 9 2
225 360
1 11 2
364 403
1 10 2
180 242
1 13 2
128 289
1 14 2
117 271
1 8 2
346 579
1 12 2
280 428
1 8 2
447 638
1 19 2
30 191
1 11 2
13 164
1 4 2
307 391
1 10 2
346 488
1 17 2
286 480
1 18 2
299 598
1 19 2
74 689
1 3 2
173 341
1 9 2
276 277
1 12 2
74 172
1 10 2
153 572
1 16 2
407 484
1 10 2
104 283
1 4 2
206 450
1 12 2
251 697
1 6 2
80 562
1 7 2
0 460
1 11 2
164 472
1 15 2
526 658
1 8 2
50 248
1 13 2
73 566
1 10 2
9 39
1 10 2
261 379
1 13 2
14 84
1 7 2
256 616
1 18 2
422 430
1 10 2
207 668
1 7 2
507 697
1 13 2
149 545
1 3 2
414 654
1 10 2
258 297
1 11 2
564 651
1 19 2
526 652
1 9 2
622 682
1 5 2
156 452
1 9 2
50 109
1 10 2
530 619
1 14 2
321 468
1 14 2
545 697
1 10 2
593 667
1 8 2
2 630
1 10 2
167 581
1 2 2
411 528
1 11 2
36 43
1 5 2
225 536
1 8 2
437 449
1 10 2
324 488
1 4 2
341 398
1 3 2
187 347
1 8 2
454 526
1 8 2
76 192
1 15 2
85 238
1 17 2
191 360
1 4 2
323 684
1 9 2
447 484
1 7 2
162 174
1 10 2
18 432
1 11 2
165 391
1 8 2
52 357
1 5 2
471 510
1 12 2
214 224
1 11 2
139 683
1 15 2
157 682
1 11 2
70 508
1 4 2
99 447
1 9 2
245 498
1 7 2
167 666
1 12 2
73 585
1 9 2
654 657
1 8 2
178 257
1 19 2
158 526
1 13 2
129 555
1 8 2
584 680
1 17 2
286 312
1 15 2
503 505
1 5 2
211 541
1 3 2
418 455
1 13 2
271 358
1 7 2
228 404
1 18 2
366 555
1 7 2
28 640
1 5 2
386 617
1 6 2
167 588
1 14 2
424 642
1 14 2
410 494
1 7 2
351 532
1 13 2
150 443
1 13 2
45 466
1 16 2
22 175
1 14 2
117 572
1 9 2
130 319
1 9 2
33 244
1 12 2
296 674
1 14 2
14 227
1 12 2
492 539
1 12 2
51 327
1 14 2
428 645
1 13 2
182 338
1 13 2
325 371
1 13 2
105 521
1 13 2
369 561
1 9 2
534 629
1 19 2
232 310
1 8 2
567 629
1 5 2
98 540
1 15 2
410 513
1 7 2
502 668
1 9 2
3 451
1 8 2
466 482
1 14 2
93 94
1 20 2
84 441
1 16 2
85 331
1 10 2
367 575
1 4 2
587 597
1 9 2
282 530
1 13 2
296 390
1 10 2
104 298
1 16 2
441 472
1 10 2
305 601
1 12 2
430 470
1 12 2
216 589
1 10 2
261 675
1 12 2
8 182
1 8 2
315 553
1 11 2
172 534
1 11 2
300 621
1 13 2
118 146
1 17 2
55 316
1 5 2
68 347
1 7 2
3 435
1 6 2
19 211
1 19 2
37 331
1 17 2
42 573
1 11 2
530 607
1 10 2
381 583
1 12 2
207 369
1 13 2
102 157
1 10 2
29 50
1 12 2
110 371
1 13 2
214 599
1 18 2
254 326
1 12 2
21 177
1 15 2
279 500
1 3 2
109 461
1 2 2
162 426
1 5 2
543 582
1 10 2
218 618
1 15 2
523 602
1 13 2
674 688
1 15 2
79 102
1 13 2
45 503
1 10 2
86 296
1 12 2
30 542
1 12 2
135 390
1 15 2
147 363
1 19 2
24 74
1 10 2
312 544
1 10 2
7 566
1 5 2
16 404
1 8 2
356 513
1 6 2
92 434
1 5 2
155 356
1 16 2
21 316
1 5 2
80 624
1 13 2
364 453
1 6 2
35 303
1 10 2
232 405
1 10 2
180 387
1 6 2
14 553
1 15 2
481 573
1 4 2
23 403
1 14 2
61 254
1 16 2
118 212
1 7 2
56 330
1 15 2
464 509
1 2 2
616 673
1 15 2
79 591
1 12 2
481 658
1 13 2
42 240
1 13 2
240 628
1 20 2
79 118
1 12 2
37 450
1 10 2
9 280
1 12 2
106 408
1 11 2
13 151
1 18 2
256 407
1 16 2
589 657
1 16 2
581 679
1 8 2
447 603
1 11 2
54 384
1 5 2
96 578
1 11 2
321 650
1 10 2
227 594
1 12 2
188 201
1 12 2
399 656
1 11 2
408 574
1 10 2
541 631
1 19 2
74 254
1 10 2
2 332
1 11 2
322 626
1 13 2
567 664
1 7 2
329 696
1 12 2
399 488
1 13 2
229 264
1 5 2
251 592
1 10 2
175 372
1 14 2
157 436
1 6 2
217 537
1 6 2
48 533
1 18 2
261 508
1 7 2
192 311
1 9 2
462 699
1 9 2
167 513
1 7 2
229 537
1 16 2
10 430
1 8 2
433 694
1 7 2
331 565
1 14 2
319 346
1 7 2
141 650
1 7 2
528 696
1 2 2
427 507
1 9 2
44 585
1 6 2
140 634
1 12 2
233 527
1 12 2
152 587
1 7 2
86 681
1 14 2
47 195
1 13 2
192 449
1 8 2
193 561
1 12 2
56 631
1 14 2
150 480
1 13 2
407 545
1 9 2
106 519
1 15 2
125 607
1 4 2
51 263
1 7 2
63 362
1 14 2
476 566
1 10 2
123 306
1 6 2
113 637
1 4 2
113 270
1 11 2
369 637
1 10 2
182 216
1 15 2
43 175
1 13 2
120 538
1 10 2
533 650
1 14 2
605 651
1 13 2
45 573
1 12 2
296 681
1 10 2
306 519
1 15 2
50 618
1 6 2
115 223
1 3 2
426 451
1 18 2
53 679
1 10 2
249 257
1 16 2
82 407
1 13 2
53 525
1 13 2
10 577
1 13 2
315 409
1 6 2
4 32
1 11 2
192 682
1 5 2
61 190
1 18 2
176 286
1 13 2
164 331
1 4 2
35 612
1 8 2
516 573
1 7 2
350 592
1 17 2
9 511
1 17 2
47 521
1 5 2
49 257
1 8 2
287 484
1 9 2
89 503
1 9 2
73 107
1 18 2
575 609
1 14 2
174 178
1 10 2
640 690
1 12 2
552 681
1 7 2
58 234
1 9 2
301 461
1 18 2
336 669
1 2 2
119 210
1 4 2
109 235
1 9 2
236 249
1 10 2
207 494
1 16 2
118 174
1 9 2
54 434
1 13 2
420 681
1 13 2
110 650
1 18 2
667 688
1 14 2
250 683
1 10 2
240 374
1 8 2
58 108
1 14 2
42 387
1 6 2
490 615
1 14 2
57 136
1 5 2
119 237
1 12 2
86 526
1 5 2
172 469
1 18 2
500 503
1 8 2
487 652
1 6 2
108 531
1 8 2
172 560
1 11 2
209 399
1 11 2
29 175
1 11 2
368 589
1 16 2
59 264
1 11 2
227 489
1 6 2
131 502
1 13 2
189 305
1 12 2
601 639
1 17 2
60 152
1 5 2
76 483
1 5 2
201 210
1 14 2
131 152
1 9 2
368 444
1 5 2
484 507
1 14 2
228 620
1 6 2
610 649
1 13 2
194 494
1 16 2
82 690
1 3 2
482 647
1 8 2
77 674
1 11 2
404 609
1 6 2
578 634
1 8 2
244 446
1 11 2
464 695
1 8 2
98 506
1 18 2
188 299
1 8 2
401 569
1 11 2
8 181
1 15 2
127 204
1 8 2
316 624
1 18 2
407 669
1 7 2
566 641
1 15 2
692 697
1 14 2
269 449
1 12 2
68 309
1 14 2
74 618
1 9 2
449 553
1 8 2
296 489
1 12 2
460 538
1 13 2
71 585
1 10 2
81 639
1 12 2
417 545
1 12 2
299 617
1 9 2
21 107
1 3 2
184 263
1 14 2
442 465
1 11 2
513 545
1 18 2
586 690
1 8 2
104 546
1 2 2
141 616
1 12 2
339 494
1 20 2
214 353
1 9 2
461 539
1 16 2
256 286
1 8 2
167 637
1 4 2
0 557
1 14 2
407 681
1 7 2
338 421
1 10 2
223 448
1 8 2
440 599
1 7 2
415 610
1 14 2
398 690
1 5 2
177 341
1 7 2
121 369
1 12 2
7 678
1 16 2
374 500
1 10 2
24 412
1 8 2
106 228
1 5 2
90 270
1 6 2
375 599
1 17 2
135 549
1 13 2
189 299
1 7 2
141 609
1 9 2
77 494
1 9 2
130 305
1 11 2
61 657
1 17 2
429 639
1 5 2
186 404
1 8 2
225 618
1 20 2
74 297
1 11 2
285 638
1 11 2
42 532
1 11 2
498 598
1 11 2
230 275
1 9 2
21 76
1 13 2
549 580
1 19 2
327 660
1 8 2
7 189
1 15 2
627 652
1 16 2
179 484
1 14 2
518 598
1 12 2
29 441
1 7 2
217 470
1 8 2
5 66
1 10 2
374 634
1 6 2
69 425
1 4 2
224 260
1 17 2
175 577
1 9 2
22 479
1 11 2
336 462
1 7 2
171 294
1 9 2
240 538
1 11 2
63 607
1 18 2
555 660
1 17 2
55 296
1 9 2
49 189
1 16 2
310 472
1 17 2
417 605
1 17 2
37 132
1 13 2
217 604
1 16 2
374 583
1 14 2
60 679
1 18 2
586 628
1 15 2
132 212
1 16 2
63 628
1 15 2
71 117
1 11 2
312 634
1 9 2
22 361
1 5 2
6 225
1 13 2
61 605
1 10 2
110 569
1 13 2
245 409
1 16 2
254 607
1 9 2
509 588
1 11 2
211 575
1 12 2
132 590
1 6 2
86 479
1 9 2
56 153
1 15 2
573 577
1 9 2
140 591
1 10 2
80 564
1 15 2
351 625
1 11 2
65 602
1 11 2
432 639
1 20 2
37 205
1 15 2
214 247
1 10 2
506 560
1 15 2
232 525
1 13 2
24 470
1 11 2
60 450
1 13 2
526 671
1 18 2
24 581
1 12 2
430 670
1 5 2
58 195
1 16 2
94 520
1 19 2
160 697
1 9 2
111 334
1 4 2
77 268
1 10 2
42 554
1 10 2
132 634
1 14 2
38 305
1 12 2
237 511
1 15 2
264 285
1 12 2
132 201
1 10 2
9 237
1 6 2
553 674
1 9 2
326 554
1 12 2
33 372
1 3 2
130 341
1 5 2
536 554
1 13 2
369 696
1 7 2
396 692
1 5 2
313 455
1 8 2
472 574
1 12 2
289 544
1 18 2
360 441
1 19 2
37 688
1 20 2
227 511
1 17 2
13 625
1 5 2
255 387
1 13 2
264 475
1 18 2
33 238
1 11 2
38 363
1 15 2
315 667
1 11 2
468 496
1 13 2
68 583
1 11 2
211 697
1 18 2
85 539
1 10 2
204 574
1 16 2
325 408
1 19 2
589 602
1 12 2
241 446
1 12 2
164 234
1 9 2
128 651
1 10 2
330 676
1 16 2
319 443
1 17 2
59 79
1 11 2
256 350
1 11 2
128 521
1 8 2
184 324
1 4 2
148 695
1 11 2
151 575
1 9 2
662 679
1 13 2
283 443
1 8 2
192 275
1 6 2
391 439
1 15 2
15 331
1 7 2
128 370
1 9 2
229 591
1 11 2
39 503
1 16 2
205 315
1 12 2
460 518
1 9 2
1 301
1 7 2
285 596
1 16 2
264 360
1 6 2
315 400
1 6 2
91 246
1 15 2
271 312
1 15 2
157 552
1 18 2
33 204
1 15 2
348 551
1 14 2
147 569
1 11 2
105 658
1 8 2
637 683
1 12 2
138 399
1 5 2
49 416
1 10 2
98 312
1 13 2
172 480
1 10 2
399 540
1 14 2
54 238
1 12 2
182 572
1 11 2
68 194
1 15 2
264 424
1 5 2
372 385
1 14 2
319 374
1 4 2
337 368
1 4 2
11 450
1 11 2
388 619
1 4 2
156 548
1 16 2
191 371
1 14 2
446 655
1 20 2
152 179
1 6 2
89 131
1 11 2
209 549
1 17 2
194 549
1 15 2
207 508
1 8 2
370 391
1 8 2
476 672
1 19 2
289 322
1 9 2
225 691
1 11 2
484 677
1 9 2
297 335
1 11 2
56 165
1 7 2
156 450
1 6 2
368 379
1 15 2
176 261
1 11 2
391 503
1 8 2
141 480
1 8 2
200 638
1 10 2
585 693
1 11 2
120 637
1 4 2
77 206
1 11 2
140 243
1 9 2
63 276
1 5 2
244 294
1 12 2
202 564
1 15 2
605 607
1 9 2
207 456
1 14 2
560 620
1 5 2
98 101
1 14 2
151 465
1 9 2
603 634
1 6 2
251 375
1 10 2
577 587
1 5 2
141 474
1 13 2
525 581
1 6 2
178 185
1 6 2
252 404
1 5 2
169 242
1 14 2
275 428
1 8 2
268 555
1 7 2
636 691
1 9 2
267 482
1 5 2
49 263
1 4 2
253 596
1 19 2
42 549
1 9 2
332 482
1 16 2
633 664
1 14 2
267 319
1 13 2
142 269
1 16 2
111 338
1 14 2
476 585
1 9 2
214 613
1 19 2
79 688
1 4 2
263 533
1 15 2
336 494
1 7 2
251 601
1 10 2
90 556
1 18 2
520 555
1 4 2
344 489
1 9 2
181 298
1 16 2
250 273
1 7 2
335 464
1 8 2
41 556
1 14 2
229 297
1 14 2
267 506
1 14 2
108 476
1 15 2
180 628
1 9 2
306 599
1 4 2
20 624
1 10 2
296 403
1 10 2
364 640
1 4 2
226 419
1 9 2
1 697
1 11 2
500 596
1 20 2
24 111
1 13 2
158 321
1 17 2
37 88
1 14 2
166 585
1 16 2
28 511
1 11 2
247 442
1 19 2
176 430
1 12 2
78 338
1 20 2
152 232
1 15 2
88 633
1 7 2
453 663
1 11 2
550 598
1 12 2
97 627
1 16 2
320 349
1 12 2
229 691
1 12 2
136 277
1 14 2
18 45
1 20 2
232 468
1 13 2
237 555
1 9 2
663 667
1 14 2
552 572
1 14 2
21 60
1 17 2
37 504
1 5 2
150 290
1 12 2
399 596
1 14 2
549 693
1 10 2
44 300
1 8 2
17 69
1 14 2
194 315
1 7 2
345 505
1 7 2
456 687
1 9 2
86 261
1 17 2
3 47
1 8 2
124 581
1 11 2
332 496
1 7 2
335 664
1 9 2
38 683
1 8 2
523 541
1 5 2
46 381
1 10 2
84 235
1 8 2
506 587
1 11 2
642 675
1 5 2
328 477
1 20 2
336 628
1 12 2
103 277
1 8 2
318 399
1 11 2
174 224
1 8 2
161 188
1 6 2
485 513
1 8 2
263 577
1 14 2
353 519
1 10 2
213 249
1 7 2
559 679
1 12 2
504 585
1 10 2
131 610
1 5 2
119 216
1 7 2
319 334
1 12 2
179 695
1 9 2
108 608
1 11 2
191 554
1 8 2
415 512
1 3 2
334 662
1 19 2
176 408
1 6 2
36 58
1 11 2
73 572
1 12 2
78 245
1 16 2
340 607
1 12 2
136 514
1 13 2
152 192
1 11 2
539 542
1 11 2
30 41
1 16 2
30 215
1 14 2
142 174
1 19 2
408 430
1 12 2
146 602
1 12 2
370 500
1 16 2
409 604
1 11 2
571 577
1 16 2
353 388
1 20 2
149 254
1 14 2
215 503
1 7 2
442 498
1 10 2
104 251
1 11 2
224 534
1 18 2
300 678
1 11 2
192 243
1 9 2
434 607
1 7 2
666 695
1 11 2
118 447
1 12 2
4 642
1 9 2
296 432
1 10 2
47 225
1 6 2
276 403
1 11 2
432 520
1 5 2
525 594
1 17 2
74 657
1 14 2
560 639
1 6 2
2 39
1 14 2
8 633
1 17 2
243 598
1 10 2
4 567
1 16 2
134 305
1 7 2
280 440
1 5 2
497 694
1 19 2
340 602
1 8 2
329 664
1 12 2
228 586
1 6 2
330 643
1 15 2
93 504
1 15 2
71 262
1 9 2
401 561
1 10 2
194 654
1 8 2
448 599
1 3 2
455 531
1 15 2
14 480
1 14 2
194 215
1 12 2
78 269
1 10 2
49 82
1 10 2
589 654
1 15 2
245 309
1 8 2
68 285
1 13 2
59 506
1 14 2
85 319
1 7 2
593 674
1 12 2
358 607
1 13 2
160 630
1 5 2
173 596
1 13 2
76 465
1 7 2
164 593
1 6 2
221 644
1 19 2
250 552
1 10 2
198 306
1 7 2
453 608
1 14 2
30 106
1 9 2
382 577
1 9 2
8 192
1 3 2
141 493
1 17 2
267 604
1 20 2
232 639
1 8 2
236 364
1 14 2
5 364
1 9 2
270 324
1 8 2
56 328
1 14 2
384 678
1 11 2
51 300
1 3 2
101 124
1 10 2
217 436
1 10 2
233 415
1 14 2
296 320
1 9 2
159 160
1 18 2
79 660
1 16 2
652 657
1 10 2
10 470
1 6 2
45 121
1 13 2
153 652
1 6 2
129 491
1 11 2
226 297
1 10 2
189 285
1 15 2
309 315
1 12 2
212 630
1 18 2
30 349
1 10 2
17 243
1 9 2
51 261
1 14 2
3 668
1 12 2
216 539
1 15 2
315 364
1 15 2
300 614
1 20 2
468 625
1 5 2
266 546
1 20 2
508 604
1 9 2
328 564
1 16 2
45 327
1 3 2
144 643
1 12 2
397 465
1 9 2
338 568
1 12 2
205 333
1 10 2
53 647
1 16 2
472 688
1 2 2
284 335
1 17 2
165 227
1 10 2
310 553
1 11 2
49 679
1 7 2
87 405
1 13 2
181 669
1 7 2
165 461
1 6 2
218 574
1 16 2
428 460
1 6 2
73 100
1 19 2
331 555
1 4 2
231 672
1 19 2
175 227
1 14 2
353 384
1 7 2
238 662
1 14 2
350 413
1 16 2
262 620
1 13 2
198 678
1 16 2
104 539
1 18 2
53 326
1 11 2
388 445
1 15 2
118 484
1 8 2
17 31
1 11 2
117 131
1 14 2
149 390
1 12 2
201 305
1 13 2
240 340
1 5 2
295 382
1 13 2
336 680
1 10 2
217 699
1 11 2
27 575
1 8 2
117 663
1 17 2
9 152
1 10 2
289 382
1 7 2
357 473
1 5 2
455 574
1 10 2
189 390
1 8 2
43 615
1 8 2
1 664
1 7 2
329 444
1 19 2
204 508
1 15 2
428 591
1 13 2
166 519
1 9 2
331 663
1 5 2
38 438
1 6 2
274 436
1 18 2
380 449
1 10 2
315 675
1 4 2
46 510
1 12 2
17 309
1 20 2
125 690
1 6 2
244 618
1 10 2
315 626
1 12 2
175 456
1 10 2
155 589
1 13 2
228 233
1 14 2
191 298
1 11 2
546 678
1 6 2
28 431
1 16 2
369 443
1 12 2
389 645
1 6 2
329 391
1 8 2
314 373
1 14 2
237 526
1 10 2
27 60
1 11 2
4 21
1 13 2
465 637
1 9 2
129 685
1 6 2
122 637
1 7 2
333 530
1 14 2
175 509
1 10 2
505 537
1 4 2
52 463
1 13 2
146 233
1 7 2
469 561
1 15 2
147 572
1 10 2
132 330
1 17 2
292 573
1 12 2
198 521
1 19 2
301 631
1 14 2
191 619
1 15 2
71 183
1 14 2
14 555
1 16 2
104 233
1 9 2
38 475
1 11 2
233 544
1 10 2
15 17
1 17 2
289 346
1 7 2
577 673
1 12 2
28 306
1 17 2
205 296
1 6 2
269 288
1 5 2
220 516
1 19 2
408 609
1 11 2
134 582
1 6 2
61 574
1 8 2
47 126
1 11 2
120 156
1 6 2
82 377
1 18 2
158 188
1 16 2
305 676
1 5 2
172 665
1 8 2
294 303
1 7 2
438 561
1 12 2
195 296
1 11 2
130 299
1 12 2
164 586
1 12 2
76 408
1 15 2
262 464
1 10 2
33 528
1 14 2
5 408
1 13 2
320 363
1 9 2
6 273
1 9 2
27 523
1 15 2
214 545
1 11 2
171 296
1 8 2
159 430
1 6 2
513 595
1 17 2
142 232
1 8 2
147 318
1 13 2
84 645
1 4 2
66 124
1 9 2
596 664
1 13 2
164 166
1 11 2
440 514
1 5 2
64 637
1 12 2
366 567
1 5 2
381 530
1 7 2
153 403
1 4 2
435 687
1 10 2
323 429
1 11 2
424 614
1 10 2
35 299
1 11 2
208 326
1 19 2
125 688
1 13 2
453 691
1 9 2
436 640
1 12 2
508 643
1 10 2
379 566
1 10 2
63 223
1 18 2
446 573
1 3 2
531 634
1 4 2
193 415
1 8 2
665 669
1 15 2
54 71
1 13 2
269 476
1 11 2
60 354
1 7 2
14 51
1 9 2
270 300
1 9 2
17 564
1 10 2
90 104
1 5 2
241 359
1 17 2
139 327
1 11 2
65 689
1 9 2
82 138
1 11 2
8 693
1 13 2
340 387
1 9 2
321 590
1 17 2
3 175
1 12 2
78 664
1 17 2
503 688
1 6 2
576 608
1 16 2
136 500
1 14 2
269 366
1 15 2
306 465
1 10 2
25 110
1 5 2
52 600
1 17 2
94 309
1 11 2
449 670
1 20 2
233 297
1 18 2
249 631
1 8 2
13 96
1 12 2
388 566
1 15 2
300 394
1 11 2
35 500
1 19 2
22 289
1 7 2
13 431
1 4 2
138 244
1 18 2
249 679
1 7 2
464 636
1 10 2
193 267
1 13 2
129 227
1 9 2
202 354
1 14 2
227 525
1 18 2
301 575
1 5 2
131 274
1 17 2
575 667
1 10 2
65 292
1 9 2
155 581
1 17 2
71 399
1 9 2
66 374
1 10 2
303 669
1 11 2
309 323
1 18 2
158 175
1 18 2
589 679
1 9 2
24 335
1 13 2
224 678
1 7 2
148 293
1 9 2
97 350
1 13 2
131 327
1 16 2
88 301
1 7 2
221 547
1 5 2
402 524
1 13 2
566 603
1 11 2
578 682
1 9 2
358 495
1 5 2
81 433
1 18 2
194 468
1 8 2
226 319
1 8 2
618 634
1 6 2
400 664
1 9 2
286 527
1 12 2
47 695
1 18 2
417 552
1 8 2
357 580
1 7 2
239 417
1 9 2
358 634
1 16 2
157 449
1 16 2
227 585
1 7 2
451 476
1 13 2
321 353
1 19 2
179 552
1 17 2
332 420
1 10 2
514 533
1 15 2
91 441
1 6 2
133 655
1 8 2
274 300
1 12 2
150 316
1 5 2
376 648
1 10 2
232 416
1 10 2
109 697
1 12 2
52 152
1 11 2
38 277
1 11 2
394 658
1 5 2
26 131
1 15 2
188 325
1 16 2
312 374
1 8 2
1 160
1 3 2
615 698
1 7 2
414 691
1 12 2
171 605
1 10 2
270 441
1 9 2
25 48
1 7 2
367 584
1 9 2
127 600
1 13 2
391 678
1 8 2
357 434
1 6 2
493 677
1 7 2
647 658
1 17 2
134 204
1 9 2
116 299
1 7 2
379 496
1 9 2
96 188
1 12 2
25 320
1 7 2
388 401
1 4 2
143 496
1 8 2
8 373
1 14 2
267 618
1 5 2
81 666
1 6 2
99 358
1 7 2
313 685
1 9 2
344 480
1 16 2
441 514
1 11 2
312 379
1 8 2
142 547
1 18 2
286 301
1 4 2
114 646
1 12 2
156 191
1 8 2
276 519
1 16 2
8 605
1 9 2
390 695
1 8 2
234 386
1 17 2
238 602
1 3 2
318 527
1 13 2
346 638
1 11 2
299 563
1 11 2
146 504
1 13 2
509 534
1 3 2
98 507
1 15 2
18 256
1 12 2
41 526
1 7 2
44 387
1 4 2
405 593
1 7 2
2 681
1 12 2
408 643
1 13 2
306 573
1 16 2
85 631
1 14 2
177 642
1 20 2
53 441
1 10 2
517 633
1 13 2
338 638
1 6 2
217 499
1 12 2
105 607
1 16 2
346 652
1 9 2
25 330
1 17 2
57 74
1 19 2
53 413
1 8 2
74 641
1 12 2
191 580
1 14 2
177 234
1 6 2
5 343
1 8 2
363 455
1 17 2
85 227
1 15 2
176 394
1 9 2
156 306
1 12 2
422 450
1 12 2
243 442
1 15 2
299 534
1 18 2
297 346
1 13 2
153 552
1 7 2
157 461
1 11 2
209 526
1 5 2
235 670
1 13 2
242 650
1 7 2
203 627
1 10 2
138 664
1 14 2
3 139
1 19 2
232 586
1 5 2
140 173
1 8 2
348 392
1 12 2
645 660
1 7 2
484 615
1 10 2
277 440
1 14 2
289 635
1 20 2
511 526
1 4 2
231 263
1 6 2
338 438
1 8 2
156 637
1 6 2
225 351
1 13 2
555 635
1 8 2
121 147
1 20 2
111 625
1 9 2
237 490
1 15 2
177 380
1 8 2
313 607
1 9 2
160 553
1 13 2
189 264
1 10 2
134 385
1 12 2
113 289
1 6 2
473 536
1 9 2
155 564
1 9 2
483 660
1 11 2
98 420
1 17 2
53 364
1 6 2
90 209
1 9 2
581 648
1 12 2
217 609
1 3 2
95 329
1 9 2
331 362
1 19 2
57 264
1 12 2
538 614
1 12 2
243 630
1 8 2
10 540
1 9 2
695 696
1 10 2
87 91
1 19 2
149 380
1 7 2
7 655
1 17 2
254 256
1 12 2
71 683
1 5 2
343 471
1 12 2
61 305
1 7 2
386 558
1 9 2
41 409
1 10 2
140 660
1 15 2
59 331
1 4 2
58 533
1 16 2
118 142
1 5 2
295 593
1 11 2
464 694
1 18 2
125 586
1 8 2
536 584
1 8 2
412 581
1 12 2
6 441
1 11 2
439 688
1 9 2
240 614
1 11 2
52 188
1 17 2
660 678
1 6 2
290 474
1 9 2
344 360
1 7 2
103 532
1 13 2
408 440
1 14 2
180 326
1 10 2
331 656
1 13 2
179 192
1 6 2
365 513
1 8 2
25 404
1 12 2
63 82
1 13 2
228 232
1 5 2
86 594
1 16 2
326 669
1 14 2
13 305
1 18 2
54 111
1 3 2
143 403
1 5 2
27 257
1 5 2
612 687
1 15 2
324 339
1 10 2
182 195
1 12 2
524 577
1 15 2
481 657
1 8 2
75 394
1 15 2
468 668
1 13 2
45 234
1 10 2
117 252
1 20 2
301 555
1 10 2
65 514
1 11 2
28 610
1 12 2
241 589
1 17 2
53 178
1 13 2
204 357
1 15 2
572 639
1 15 2
22 466
1 4 2
80 274
1 18 2
183 468
1 5 2
469 680
1 12 2
90 688
1 9 2
20 182
1 6 2
545 547
1 8 2
41 293
1 7 2
5 75
1 12 2
333 620
1 8 2
184 682
1 11 2
30 51
1 14 2
271 319
1 15 2
358 539
1 15 2
36 443
1 10 2
305 517
1 6 2
251 600
1 9 2
43 634
1 7 2
557 571
1 7 2
62 108
1 15 2
316 572
1 10 2
230 298
1 9 2
39 78
1 6 2
0 585
1 6 2
216 578
1 19 2
179 326
1 9 2
102 599
1 10 2
230 350
1 3 2
482 594
1 15 2
191 685
1 8 2
393 605
1 12 2
228 480
1 6 2
298 647
1 19 2
84 468
1 11 2
5 88
1 11 2
17 682
1 6 2
92 550
1 4 2
76 686
1 16 2
422 577
1 9 2
165 488
1 11 2
98 549
1 10 2
140 417
1 12 2
85 283
1 13 2
243 269
1 17 2
256 443
1 7 2
188 206
1 12 2
188 384
1 15 2
37 180
1 12 2
303 589
1 12 2
242 366
1 18 2
573 620
1 14 2
351 443
1 9 2
134 439
1 4 2
285 383
1 11 2
453 603
1 16 2
428 429
1 6 2
363 623
1 15 2
47 153
1 3 2
213 318
1 5 2
80 355
1 19 2
605 697
1 10 2
186 331
1 9 2
61 283
1 12 2
204 637
1 7 2
200 282
1 7 2
16 645
1 9 2
221 470
1 6 2
236 306
1 5 2
58 123
1 17 2
369 639
1 8 2
312 659
1 7 2
209 448
1 15 2
468 614
1 11 2
198 322
1 17 2
460 468
1 16 2
256 300
1 13 2
292 560
1 7 2
240 517
1 6 2
212 318
1 17 2
183 605
1 7 2
360 501
1 12 2
670 678
1 11 2
313 605
1 11 2
220 360
1 16 2
449 664
1 13 2
276 441
1 15 2
60 420
1 14 2
3 692
1 11 2
465 608
1 14 2
3 320
1 10 2
498 573
1 8 2
71 231
1 15 2
180 232
1 8 2
111 304
1 8 2
406 631
1 13 2
232 578
1 16 2
214 215
1 12 2
93 164
1 7 2
434 655
1 9 2
574 627
1 18 2
316 420
1 8 2
539 673
1 6 2
25 535
1 11 2
332 499
1 12 2
42 98
1 10 2
26 336
1 8 2
2 105
1 13 2
217 446
1 13 2
156 232
1 17 2
117 149
1 5 2
115 138
1 10 2
92 481
1 15 2
33 181
1 12 2
370 446
1 13 2
189 346
1 9 2
174 246
1 11 2
7 158
1 9 2
87 140
1 20 2
57 232
1 19 2
24 443
1 10 2
546 691
1 9 2
71 382
1 18 2
336 642
1 3 2
35 565
1 16 2
59 443
1 15 2
380 484
1 17 2
316 667
1 8 2
214 418
1 16 2
212 292
1 9 2
309 421
1 12 2
156 605
1 10 2
128 591
1 11 2
73 538
1 8 2
390 588
1 7 2
414 449
1 17 2
88 620
1 16 2
118 476
1 6 2
87 278
1 20 2
249 678
1 8 2
160 197
1 8 2
74 334
1 10 2
58 628
1 4 2
143 398
1 12 2
80 84
1 5 2
58 211
1 6 2
384 612
1 11 2
297 596
1 14 2
174 363
1 14 2
576 583
1 19 2
33 598
1 7 2
4 133
1 2 2
335 698
1 10 2
99 176
1 11 2
229 371
1 8 2
363 588
1 7 2
253 444
1 18 2
22 149
1 8 2
95 512
1 9 2
550 566
1 19 2
79 349
1 18 2
205 305
1 19 2
267 297
1 16 2
312 657
1 14 2
69 158
1 8 2
46 557
1 12 2
305 630
1 10 2
19 94
1 8 2
32 59
1 16 2
552 575
1 12 2
376 642
1 7 2
494 542
1 3 2
187 608
1 8 2
131 599
1 11 2
541 625
1 17 2
227 277
1 17 2
214 338
1 20 2
125 620
1 9 2
237 453
1 7 2
43 541
1 11 2
401 552
1 10 2
2 322
1 6 2
357 469
1 7 2
215 337
1 16 2
207 639
1 9 2
355 555
1 11 2
209 443
1 17 2
117 336
1 18 2
160 310
1 7 2
298 492
1 12 2
177 506
1 11 2
218 696
1 13 2
177 338
1 9 2
468 595
1 7 2
125 272
1 17 2
160 631
1 13 2
292 671
1 12 2
269 519
1 7 2
31 222
1 13 2
471 526
1 15 2
358 549
1 6 2
98 295
1 13 2
310 630
1 16 2
85 660
1 11 2
191 601
1 11 2
309 498
1 11 2
127 251
1 9 2
455 660
1 15 2
69 697
1 8 2
341 353
1 9 2
103 153
1 12 2
165 519
1 6 2
228 462
1 16 2
149 561
1 15 2
160 374
1 16 2
319 399
1 5 2
146 613
1 7 2
199 468
1 6 2
143 388
1 16 2
264 429
1 15 2
164 191
1 10 2
33 361
1 10 2
72 88
1 9 2
12 299
1 11 2
439 620
1 14 2
446 506
1 16 2
514 589
1 14 2
24 282
1 10 2
228 325
1 10 2
227 415
1 12 2
87 346
1 10 2
420 493
1 10 2
403 660
1 4 2
288 295
1 12 2
267 471
1 5 2
171 659
1 4 2
123 613
1 10 2
7 320
1 8 2
226 610
1 9 2
29 484
1 14 2
194 551
1 11 2
445 573
1 8 2
315 491
1 12 2
429 556
1 8 2
74 393
1 8 2
169 609
1 3 2
23 425
1 16 2
233 306
1 15 2
165 586
1 6 2
51 252
1 14 2
54 135
1 19 2
125 428
1 10 2
241 602
1 18 2
194 214
1 6 2
258 453
1 15 2
191 388
1 11 2
473 688
1 10 2
557 603
1 6 2
136 461
1 12 2
165 207
1 16 2
514 539
1 9 2
203 299
1 9 2
469 639
1 19 2
348 353
1 17 2
286 583
1 9 2
300 501
1 9 2
153 398
1 7 2
530 593
1 7 2
174 335
1 15 2
430 509
1 11 2
282 564
1 13 2
25 204
1 7 2
14 222
1 6 2
11 262
1 12 2
177 564
1 13 2
42 228
1 13 2
379 688
1 9 2
503 570
1 6 2
271 352
1 12 2
180 346
1 12 2
484 558
1 3 2
148 553
1 14 2
279 408
1 8 2
39 61
1 13 2
36 449
1 13 2
526 557
1 11 2
188 580
1 13 2
346 388
1 14 2
108 271
1 8 2
44 490
1 15 2
8 264
1 7 2
278 513
1 14 2
306 667
1 13 2
147 681
1 19 2
47 552
1 9 2
127 648
1 7 2
481 624
1 7 2
231 245
1 12 2
224 312
1 12 2
289 695
1 6 2
200 321
1 11 2
539 554
1 15 2
50 273
1 4 2
548 550
1 15 2
215 589
1 14 2
261 512
1 15 2
494 555
1 15 2
245 292
1 13 2
271 603
1 11 2
205 403
1 14 2
242 465
1 14 2
4 289
1 18 2
642 689
1 18 2
55 176
1 13 2
91 312
1 12 2
45 102
1 13 2
54 699
1 11 2
313 430
1 10 2
128 685
1 14 2
234 504
1 8 2
222 618
1 4 2
535 544
1 13 2
15 182
1 16 2
175 504
1 10 2
43 677
1 12 2
364 671
1 13 2
475 690
1 8 2
645 677
1 17 2
194 552
1 12 2
157 692
1 3 2
435 485
1 13 2
37 328
1 9 2
299 641
1 7 2
562 590
1 10 2
19 71
1 7 2
242 392
1 14 2
230 389
1 11 2
330 549
1 8 2
471 524
1 8 2
510 676
1 16 2
183 676
1 8 2
552 597
1 10 2
313 575
1 18 2
555 650
1 4 2
113 648
1 5 2
440 654
1 4 2
597 695
1 14 2
256 551
1 15 2
102 660
1 8 2
38 156
1 11 2
55 601
1 13 2
174 561
1 9 2
82 596
1 15 2
79 374
1 17 2
127 175
1 20 2
465 539
1 7 2
245 308
1 6 2
98 587
1 12 2
164 514
1 14 2
175 202
1 7 2
325 686
1 10 2
238 580
1 13 2
194 569
1 13 2
556 610
1 11 2
88 153
1 13 2
180 505
1 6 2
379 532
1 9 2
276 424
1 19 2
652 688
1 17 2
316 331
1 11 2
359 589
1 6 2
334 358
1 13 2
457 664
1 6 2
483 545
1 8 2
55 345
1 7 2
77 330
1 19 2
125 652
1 18 2
212 526
1 9 2
300 542
1 10 2
13 56
1 12 2
332 545
1 19 2
179 264
1 13 2
27 79
1 20 2
254 336
1 10 2
67 271
1 12 2
45 610
1 15 2
88 682
1 16 2
348 504
1 18 2
520 605
1 16 2
348 577
1 4 2
304 391
1 6 2
48 562
1 16 2
50 417
1 8 2
274 549
1 3 2
95 235
1 12 2
424 534
1 14 2
18 212
1 17 2
142 639
1 19 2
160 264
1 4 2
263 403
1 12 2
82 223
1 4 2
40 629
1 5 2
259 359
1 4 2
190 621
1 8 2
172 207
1 20 2
111 353
1 17 2
331 657
1 17 2
60 583
1 10 2
330 349
1 12 2
340 578
1 9 2
659 690
1 15 2
444 520
1 17 2
166 331
1 18 2
340 650
1 19 2
127 620
1 4 2
462 482
1 10 2
226 310
1 18 2
160 243
1 10 2
25 433
1 9 2
265 609
1 3 2
40 209
1 14 2
292 610
1 17 2
165 250
1 16 2
21 380
1 5 2
220 416
1 18 2
205 457
1 15 2
15 407
1 14 2
293 627
1 9 2
313 585
1 15 2
178 676
1 2 2
418 510
1 17 2
353 566
1 11 2
234 387
1 5 2
64 558
1 10 2
147 361
1 9 2
90 460
1 20 2
232 441
1 14 2
376 625
1 12 2
156 598
1 10 2
430 544
1 10 2
114 696
1 9 2
315 434
1 11 2
33 34
1 12 2
106 667
1 13 2
118 354
1 7 2
302 648
1 7 2
174 438
1 8 2
96 104
1 14 2
201 249
1 13 2
250 694
1 15 2
120 633
1 9 2
14 237
1 12 2
31 312
1 15 2
54 134
1 15 2
215 620
1 8 2
262 368
1 13 2
8 135
1 15 2
45 443
1 14 2
24 302
1 10 2
445 658
1 4 2
516 621
1 10 2
511 592
1 16 2
457 620
1 9 2
5 655
1 12 2
388 567
1 9 2
234 266
1 10 2
27 139
1 14 2
21 691
1 13 2
3 523
1 17 2
230 233
1 17 2
430 598
1 7 2
54 263
1 13 2
73 423
1 10 2
71 224
1 5 2
318 551
1 9 2
344 682
1 7 2
150 356
1 9 2
86 165
1 11 2
223 519
1 18 2
660 689
1 7 2
228 456
1 16 2
79 561
1 12 2
13 358
1 12 2
279 319
1 17 2
176 417
1 8 2
401 567
1 10 2
55 209
1 10 2
29 657
1 5 2
362 568
1 15 2
36 628
1 18 2
191 586
1 17 2
149 176
1 9 2
481 554
1 8 2
95 188
1 7 2
25 89
1 12 2
45 73
1 12 2
442 476
1 7 2
34 453
1 4 2
77 548
1 11 2
211 449
1 16 2
55 657
1 14 2
174 390
1 17 2
71 232
1 11 2
241 407
1 8 2
85 600
1 9 2
443 615
1 7 2
269 347
1 13 2
224 441
1 4 2
121 671
1 9 2
102 473
1 17 2
178 583
1 11 2
3 211
1 5 2
328 378
1 18 2
581 688
1 17 2
336 364
1 9 2
234 253
1 16 2
79 696
1 7 2
86 151
1 14 2
316 584
1 8 2
159 481
1 17 2
267 660
1 8 2
190 331
1 19 2
249 652
1 13 2
105 174
1 4 2
200 253
1 11 2
262 302
1 11 2
25 384
1 7 2
220 570
1 8 2
0 605
1 14 2
322 572
1 17 2
152 521
1 16 2
247 620
1 18 2
249 667
1 8 2
385 658
1 20 2
47 250
1 12 2
410 560
1 6 2
177 646
1 11 2
588 605
1 5 2
462 600
1 4 2
114 486
1 8 2
388 533
1 10 2
534 536
1 13 2
74 357
1 8 2
627 662
1 10 2
176 186
1 9 2
431 697
1 13 2
228 348
1 15 2
164 539
1 12 2
176 350
1 11 2
88 285
1 11 2
69 363
1 4 2
281 580
1 13 2
25 586
1 13 2
691 693
1 5 2
17 663
1 10 2
119 589
1 11 2
7 389
1 7 2
346 684
1 12 2
198 581
1 10 2
319 475
1 16 2
22 664
1 11 2
474 610
1 11 2
215 658
1 11 2
430 654
1 9 2
656 664
1 5 2
454 591
1 14 2
142 505
1 12 2
349 571
1 7 2
302 401
1 12 2
598 671
1 4 2
89 415
1 7 2
290 591
1 4 2
597 643
1 13 2
324 607
1 10 2
75 175
1 2 2
501 673
1 14 2
50 658
1 10 2
201 567
1 16 2
324 480
1 13 2
262 374
1 11 2
504 681
1 3 2
461 662
1 15 2
234 691
1 7 2
169 324
1 12 2
153 650
1 15 2
234 633
1 13 2
55 357
1 7 2
77 450
1 5 2
137 180
1 12 2
39 691
1 15 2
453 620
1 5 2
5 365
1 7 2
376 588
1 14 2
271 610
1 7 2
76 114
1 17 2
364 598
1 16 2
348 514
1 16 2
194 449
1 8 2
328 651
1 10 2
264 373
1 12 2
550 583
1 11 2
544 605
1 8 2
13 540
1 8 2
157 266
1 13 2
36 503
1 8 2
16 551
1 6 2
4 594
1 14 2
160 518
1 11 2
150 577
1 15 2
47 638
1 9 2
243 361
1 4 2
362 621
1 5 2
404 412
1 6 2
467 558
1 6 2
48 167
1 12 2
364 433
1 3 2
335 359
1 11 2
512 617
1 13 2
90 413
1 18 2
468 552
1 13 2
46 336
1 3 2
126 570
1 10 2
279 390
1 9 2
405 605
1 5 2
112 523
1 8 2
296 431
1 12 2
16 297
1 13 2
561 664
1 13 2
264 680
1 9 2
55 89
1 5 2
39 287
1 9 2
265 620
1 20 2
179 250
1 7 2
209 567
1 15 2
191 306
1 9 2
403 633
1 7 2
228 562
1 7 2
174 426
1 7 2
31 367
1 10 2
235 549
1 9 2
204 396
1 17 2
315 422
1 15 2
102 464
1 15 2
324 573
1 11 2
37 574
1 13 2
509 585
1 8 2
82 473
1 17 2
160 410
1 12 2
192 691
1 8 2
288 697
1 15 2
43 152
1 13 2
301 450
1 4 2
116 550
1 10 2
344 349
1 20 2
205 465
1 7 2
587 687
1 11 2
301 455
1 13 2
4 449
1 2 2
101 341
1 10 2
146 442
1 16 2
549 614
1 15 2
57 230
1 10 2
65 505
1 3 2
337 535
1 6 2
355 591
1 18 2
264 286
1 13 2
151 249
1 17 2
135 508
1 10 2
96 332
1 9 2
403 409
1 8 2
555 616
1 9 2
98 484
1 4 2
184 479
1 14 2
583 674
1 18 2
205 212
1 19 2
464 620
1 16 2
511 607
1 12 2
327 462
1 18 2
3 407
1 12 2
150 267
1 18 2
93 205
1 11 2
276 682
1 19 2
55 297
1 9 2
502 561
1 12 2
85 558
1 8 2
334 642
1 5 2
474 662
1 7 2
142 543
1 17 2
111 212
1 11 2
80 444
1 5 2
370 421
1 5 2
578 622
1 7 2
518 541
1 5 2
148 530
1 10 2
111 382
1 7 2
550 675
1 10 2
25 181
1 6 2
40 466
1 8 2
547 699
1 13 2
604 635
1 6 2
192 563
1 9 2
30 597
1 11 2
361 526
1 14 2
36 50
1 11 2
180 692
1 14 2
380 448
1 9 2
47 392
1 12 2
279 481
1 17 2
465 566
1 13 2
38 267
1 4 2
68 501
1 3 2
6 661
1 17 2
349 682
1 13 2
132 519
1 9 2
267 290
1 17 2
423 625
1 13 2
33 49
1 13 2
348 424
1 5 2
594 677
1 10 2
228 607
1 10 2
254 270
1 14 2
363 691
1 6 2
148 668
1 18 2
249 464
1 4 2
479 665
1 17 2
88 233
1 7 2
38 130
1 10 2
557 657
1 16 2
125 293
1 9 2
99 349
1 6 2
77 344
1 8 2
206 605
1 14 2
24 518
1 16 2
256 464
1 11 2
133 297
1 3 2
26 421
1 14 2
283 625
1 14 2
586 614
1 17 2
117 179
1 10 2
139 395
1 10 2
440 506
1 7 2
542 685
1 8 2
71 419
1 15 2
339 466
1 12 2
131 389
1 11 2
56 188
1 14 2
191 247
1 6 2
197 696
1 10 2
320 475
1 18 2
37 466
1 11 2
135 670
1 8 2
635 645
1 10 2
419 539
1 11 2
45 228
1 12 2
20 413
1 11 2
189 572
1 17 2
3 449
1 7 2
454 664
1 10 2
251 472
1 7 2
237 295
1 5 2
161 354
1 13 2
436 509
1 18 2
353 371
1 18 2
37 54
1 11 2
88 666
1 11 2
224 262
1 18 2
57 176
1 4 2
98 579
1 6 2
35 580
1 10 2
227 597
1 13 2
195 205
1 16 2
42 585
1 9 2
14 91
1 12 2
43 566
1 9 2
229 302
1 14 2
250 302
1 15 2
674 690
1 8 2
468 487
1 10 2
114 457
1 4 2
16 270
1 8 2
271 401
1 8 2
314 425
1 8 2
629 692
1 8 2
538 629
1 9 2
378 628
1 12 2
479 500
1 14 2
520 576
1 18 2
305 408
1 11 2
177 351
1 11 2
158 492
1 7 2
265 585
1 10 2
113 264
1 16 2
460 526
1 10 2
350 638
1 15 2
166 514
1 14 2
178 444
1 5 2
14 684
1 16 2
179 685
1 18 2
24 314
1 4 2
52 148
1 14 2
134 610
1 8 2
322 632
1 14 2
314 566
1 11 2
98 660
1 15 2
506 620
1 11 2
67 689
1 12 2
322 655
1 10 2
55 492
1 8 2
503 644
1 10 2
36 448
1 5 2
215 288
1 10 2
103 218
1 9 2
329 331
1 11 2
41 79
1 9 2
2 657
1 11 2
295 667
1 16 2
245 549
1 4 2
386 587
1 10 2
230 475
1 5 2
115 671
1 13 2
128 511
1 8 2
231 234
1 5 2
140 502
1 5 2
274 681
1 7 2
464 487
1 8 2
92 518
1 18 2
417 422
1 11 2
10 247
1 16 2
47 63
1 5 2
216 397
1 10 2
2 512
1 9 2
435 549
1 15 2
408 685
1 11 2
39 135
1 7 2
496 584
1 11 2
291 581
1 9 2
217 683
1 15 2
300 699
1 13 2
351 676
1 6 2
543 567
1 7 2
114 626
1 9 2
26 605
1 10 2
177 578
1 13 2
466 619
1 11 2
178 671
1 9 2
356 534
1 15 2
327 591
1 10 2
522 688
1 11 2
449 571
1 10 2
396 408
1 8 2
24 565
1 6 2
128 373
1 17 2
132 449
1 11 2
280 660
1 5 2
367 600
1 13 2
449 658
1 8 2
439 523
1 9 2
72 103
1 8 2
217 558
1 7 2
87 547
1 10 2
51 399
1 5 2
492 606
1 4 2
491 656
1 9 2
672 682
1 9 2
106 433
1 7 2
178 184
1 5 2
128 278
1 7 2
44 123
1 4 2
196 545
1 10 2
21 519
1 17 2
179 277
1 2 2
501 649
1 14 2
194 262
1 6 2
51 629
1 18 2
135 297
1 10 2
216 556
1 10 2
183 396
1 5 2
154 599
1 12 2
266 539
1 13 2
38 50
1 17 2
176 312
1 3 2
168 203
1 11 2
537 589
1 10 2
569 674
1 11 2
165 354
1 2 2
210 673
1 5 2
334 590
1 11 2
86 446
1 14 2
10 286
1 7 2
608 658
1 6 2
570 677
1 9 2
1 289
1 10 2
134 356
1 13 2
325 538
1 19 2
332 625
1 6 2
392 591
1 14 2
18 627
1 13 2
503 668
1 13 2
164 175
1 17 2
105 214
1 10 2
105 172
1 7 2
643 681
1 9 2
388 677
1 12 2
229 660
