700 4200 2100
6 14 13 12 13 23 14 6 10 15 25 25 10 8 21 6 12 16 9 17 25 20 9 5 15 8 5 11 5 20 14 25 13 6 25 7 5 21 22 21 16 16 7 6 17 10 16 10 14 12 15 13 22 11 24 22 7 21 14 15 14 8 10 17 20 24 16 8 14 15 12 13 10 16 22 5 17 25 18 23 13 22 9 12 18 15 18 14 18 24 22 25 5 12 8 5 7 10 9 7 17 16 18 10 12 15 18 20 21 14 14 11 19 7 25 15 6 17 16 9 23 22 21 7 17 16 5 9 12 6 12 10 20 18 8 24 20 24 24 23 9 23 20 14 22 24 8 23 13 13 17 7 17 11 19 12 10 12 12 11 16 19 5 13 17 11 21 12 11 5 11 16 7 8 19 13 24 10 9 25 21 20 16 22 5 12 11 10 16 25 17 24 14 23 21 20 13 21 22 23 9 15 23 7 12 5 18 10 12 15 15 25 21 21 25 19 7 8 17 15 13 11 23 6 5 13 25 17 21 8 12 8 17 16 17 15 13 10 9 10 15 13 19 10 11 6 18 24 19 19 17 17 17 5 22 5 22 6 5 8 22 5 19 19 12 16 10 14 6 9 25 9 6 15 5 22 23 12 12 10 11 10 6 21 13 23 12 13 6 16 11 15 21 7 5 6 10 9 5 12 10 19 15 11 14 21 20 11 25 5 13 25 13 15 18 22 16 14 23 5 23 21 13 18 20 20 23 20 19 18 13 17 11 17 22 19 5 10 15 10 19 22 23 17 9 12 21 6 6 6 14 15 12 6 9 24 7 12 18 23 25 23 15 15 14 10 6 22 7 6 11 15 5 18 14 8 21 22 13 21 23 16 17 14 22 8 22 18 12 21 22 5 18 12 18 24 14 10 22 7 5 23 20 18 6 11 13 12 14 20 16 20 10 7 14 8 5 23 13 15 10 9 12 9 18 19 14 20 22 22 12 15 14 25 22 10 21 15 17 5 11 16 14 18 14 5 7 13 20 19 24 20 20 20 5 13 9 8 23 16 11 19 17 13 10 21 14 10 6 8 7 16 18 12 16 22 14 24 6 18 11 23 15 10 13 8 7 21 21 10 18 10 12 24 14 15 11 17 6 14 13 8 18 5 8 10 19 9 20 10 6 15 18 24 20 14 25 19 10 24 15 24 12 18 7 13 12 19 8 19 19 8 11 8 7 12 9 7 5 12 19 5 19 6 20 9 21 23 8 21 11 22 13 12 22 22 22 19 19 20 17 13 17 18 15 9 9 15 25 24 9 11 14 15 6 6 6 7 17 21 12 17 18 14 6 20 19 15 21 13 20 5 14 6 13 12 6 24 16 21 17 17 13 5 12 7 7 5 14 24 21 5 23 19 21 9 14 21 10 7 14 17 22 25 12 16 17 11 11 10 5 19 9 15 24 16 17 22 21 20 11 22 18 5 9 23 19 7 9 8 19 9 9 24 9 20 10 21 10 7 12 13 7 5 21 10 7 10 20 14 9 22 9 7 19 23 20 12 18 13 10 9 17 15 19 17 18 23 5 18 7 16 12 12 23 5 8 19 25 7
4 5 3 13 16 11 5 6 5 16 11 9 19 15 19 7 7 17 16 5 6 14 18 15 5 11 4 10 3 8 14 5 11 19 16 20 17 4 9 11 18 11 5 17 18 13 4 11 4 11 16 3 17 12 13 3 3 4 12 13 7 13 20 18 14 15 14 20 12 16 11 19 17 4 9 19 15 18 9 14 14 12 9 3 6 6 4 15 19 3 11 7 18 19 19 19 5 18 3 18 6 3 5 14 13 17 5 5 5 12 19 8 3 17 18 17 11 19 16 10 20 10 20 13 7 6 16 4 3 18 13 4 8 4 12 10 8 9 6 13 13 9 9 8 12 18 19 16 4 13 14 15 14 17 11 14 10 16 14 5 16 19 6 8 5 14 9 4 18 18 16 16 19 6 17 19 11 18 7 7 12 15 17 8 17 12 6 17 13 18 13 13 6 13 20 5 14 19 18 5 10 3 4 8 4 20 11 19 8 10 4 17 6 4 6 8 14 10 5 17 16 20 19 10 16 3 13 9 8 3 17 18 16 15 4 14 13 19 12 10 14 5 6 10 15 19 9 11 3 10 3 14 7 8 6 13 18 8 3 17 7 7 3 11 6 13 12 11 13 12 17 15 9 12 11 17 8 12 8 12 12 8 3 10 18 19 16 7 17 7 17 3 12 3 5 17 18 15 6 7 16 15 14 3 19 14 19 5 12 12 19 6 13 12 3 9 13 19 7 3 4 8 8 7 19 13 5 11 14 10 20 6 18 10 20 20 8 13 17 9 16 16 8 9 3 11 9 16 13 15 12 11 11 12 12 20 11 3 17 15 10 7 7 4 9 15 9 16 6 7 9 3 18 20 17 19 5 19 10 18 8 6 17 18 10 19 7 14 13 6 8 9 16 15 20 7 7 17 20 12 16 17 4 12 14 11 4 9 3 11 8 12 5 15 8 9 10 13 17 4 20 8 13 19 10 3 8 10 10 13 16 19 7 17 18 8 4 11 16 19 13 14 5 12 15 20 3 4 15 15 4 4 10 9 8 6 19 10 5 20 8 4 7 17 3 11 13 13 6 5 3 15 15 8 11 13 13 15 8 20 14 11 6 13 5 18 6 17 15 18 19 7 20 6 13 4 19 5 7 10 18 3 11 11 5 5 16 18 9 13 11 8 20 17 6 19 16 5 3 11 11 13 13 4 17 8 13 3 10 6 11 4 12 13 8 4 8 15 13 8 18 9 7 10 19 12 4 13 6 16 3 11 20 20 10 14 18 14 6 19 14 17 12 4 13 15 14 7 12 7 4 19 18 19 20 18 7 5 6 16 14 18 9 17 14 12 11 19 18 19 3 14 14 20 3 12 4 11 4 6 5 20 5 9 20 10 6 10 9 17 11 18 20 7 10 9 3 13 3 12 10 9 20 7 12 16 11 3 15 18 4 10 14 3 11 6 7 4 6 18 9 8 3 11 18 3 9 10 7 4 13 16 11 12 3 17 13 7 9 19 17 4 3 5 5 5 11 6 10 15 19 12 4 5 14 8 16 17 14 10 4 8 4 19 4 12 13 16 5 17 7 13 8 17 7 13 10 15 7 16
1 11 2
21 234
1 6 2
0 451
1 14 2
154 657
1 18 2
556 568
1 12 2
191 553
1 11 2
213 381
1 5 2
445 613
1 11 2
359 405
1 13 2
87 513
1 17 2
54 283
1 6 2
455 553
1 10 2
195 499
1 15 2
88 179
1 13 2
376 479
1 7 2
343 627
1 8 2
422 506
1 11 2
66 668
1 7 2
413 448
1 6 2
39 607
1 8 2
125 192
1 11 2
448 573
1 4 2
22 440
1 17 2
569 588
1 5 2
156 350
1 8 2
314 492
1 11 2
371 588
1 15 2
29 341
1 14 2
54 188
1 14 2
551 560
1 11 2
337 513
1 15 2
194 487
1 16 2
34 340
1 8 2
455 471
1 7 2
292 673
1 16 2
402 477
1 5 2
26 86
1 7 2
196 209
1 6 2
134 563
1 8 2
327 565
1 6 2
266 313
1 10 2
17 697
1 14 2
585 622
1 5 2
467 624
1 8 2
326 524
1 12 2
194 520
1 18 2
31 39
1 13 2
14 325
1 9 2
5 337
1 9 2
589 613
1 14 2
160 481
1 13 2
197 527
1 14 2
139 425
1 9 2
40 124
1 9 2
139 651
1 12 2
85 166
1 12 2
367 625
1 6 2
78 699
1 7 2
409 504
1 5 2
595 615
1 10 2
318 440
1 11 2
512 563
1 10 2
434 440
1 11 2
73 379
1 8 2
58 582
1 13 2
403 429
1 20 2
179 189
1 12 2
371 475
1 10 2
358 562
1 17 2
211 334
1 9 2
87 631
1 8 2
279 558
1 10 2
331 682
1 3 2
303 468
1 9 2
149 180
1 7 2
645 695
1 12 2
78 610
1 18 2
77 342
1 19 2
5 54
1 8 2
615 617
1 10 2
72 247
1 11 2
155 458
1 7 2
276 439
1 14 2
147 635
1 9 2
612 652
1 15 2
14 556
1 7 2
133 570
1 16 2
142 450
1 10 2
410 697
1 5 2
322 656
1 20 2
31 211
1 12 2
530 686
1 12 2
583 637
1 16 2
443 568
1 12 2
287 477
1 8 2
84 149
1 7 2
131 474
1 10 2
235 324
1 17 2
120 315
1 7 2
197 659
1 8 2
522 600
1 9 2
197 660
1 10 2
31 269
1 10 2
176 629
1 12 2
91 330
1 13 2
66 90
1 7 2
389 632
1 5 2
418 615
1 16 2
91 323
1 5 2
8 661
1 11 2
260 564
1 10 2
292 484
1 9 2
41 471
1 5 2
154 205
1 20 2
31 698
1 13 2
214 374
1 6 2
87 595
1 11 2
158 493
1 13 2
199 291
1 8 2
293 390
1 7 2
408 442
1 5 2
281 525
1 12 2
189 624
1 3 2
271 570
1 11 2
362 585
1 18 2
211 384
1 9 2
4 392
1 7 2
287 616
1 6 2
430 589
1 12 2
149 417
1 7 2
314 580
1 12 2
247 499
1 14 2
91 234
1 18 2
193 458
1 7 2
49 669
1 4 2
412 533
1 7 2
464 598
1 9 2
656 694
1 12 2
30 120
1 7 2
322 437
1 5 2
112 347
1 3 2
126 422
1 10 2
90 157
1 6 2
271 333
1 6 2
305 468
1 7 2
84 532
1 11 2
250 452
1 10 2
70 453
1 6 2
162 506
1 16 2
452 481
1 6 2
97 608
1 4 2
42 155
1 8 2
219 225
1 5 2
357 545
1 6 2
110 660
1 13 2
364 653
1 6 2
269 316
1 11 2
107 466
1 12 2
240 390
1 13 2
193 246
1 13 2
291 698
1 9 2
431 438
1 12 2
530 636
1 15 2
107 183
1 7 2
148 362
1 11 2
329 462
1 17 2
326 641
1 5 2
271 284
1 15 2
226 234
1 14 2
52 106
1 17 2
386 390
1 8 2
107 354
1 9 2
260 370
1 8 2
113 202
1 8 2
81 485
1 10 2
3 318
1 10 2
299 458
1 8 2
502 526
1 11 2
578 613
1 9 2
612 680
1 13 2
199 273
1 13 2
124 320
1 5 2
9 123
1 16 2
191 402
1 8 2
488 632
1 16 2
325 569
1 6 2
63 501
1 9 2
312 689
1 10 2
283 525
1 8 2
265 669
1 17 2
612 664
1 10 2
222 278
1 18 2
34 315
1 8 2
105 110
1 5 2
532 620
1 6 2
323 699
1 5 2
42 66
1 14 2
359 578
1 12 2
24 90
1 11 2
118 324
1 5 2
235 420
1 16 2
449 597
1 10 2
160 626
1 14 2
409 664
1 17 2
166 247
1 5 2
2 244
1 17 2
213 568
1 4 2
186 221
1 4 2
423 532
1 16 2
88 270
1 12 2
453 642
1 9 2
265 302
1 6 2
0 88
1 12 2
93 214
1 19 2
65 270
1 13 2
120 474
1 10 2
155 276
1 11 2
299 551
1 3 2
128 498
1 7 2
277 437
1 11 2
37 101
1 15 2
340 367
1 4 2
225 577
1 12 2
189 241
1 5 2
111 207
1 14 2
90 301
1 17 2
516 613
1 8 2
476 635
1 13 2
125 519
1 12 2
5 351
1 15 2
612 650
1 7 2
680 697
1 3 2
243 356
1 15 2
114 581
1 7 2
429 468
1 12 2
189 352
1 14 2
488 614
1 12 2
362 579
1 9 2
25 634
1 13 2
343 555
1 9 2
157 650
1 8 2
50 495
1 10 2
418 641
1 2 2
296 454
1 8 2
51 613
1 8 2
24 322
1 6 2
223 558
1 6 2
388 414
1 17 2
197 318
1 15 2
108 610
1 7 2
552 561
1 11 2
141 500
1 4 2
224 587
1 14 2
34 598
1 6 2
86 172
1 11 2
19 206
1 16 2
144 694
1 6 2
43 638
1 16 2
228 320
1 14 2
180 424
1 4 2
268 608
1 6 2
60 170
1 8 2
19 128
1 10 2
77 618
1 12 2
355 432
1 11 2
312 401
1 16 2
202 488
1 12 2
133 376
1 9 2
453 552
1 10 2
254 608
1 16 2
311 646
1 15 2
37 610
1 3 2
280 538
1 7 2
21 173
1 12 2
125 617
1 11 2
362 389
1 9 2
124 219
1 10 2
183 447
1 17 2
29 355
1 8 2
103 540
1 8 2
230 678
1 19 2
247 359
1 4 2
92 520
1 9 2
210 479
1 10 2
72 568
1 12 2
313 687
1 8 2
401 666
1 12 2
133 161
1 10 2
49 434
1 17 2
141 361
1 16 2
10 314
1 17 2
144 380
1 10 2
180 552
1 8 2
64 648
1 8 2
51 472
1 13 2
594 698
1 19 2
90 91
1 9 2
668 677
1 15 2
551 638
1 6 2
25 382
1 11 2
290 612
1 10 2
138 337
1 9 2
212 299
1 17 2
31 301
1 14 2
320 479
1 5 2
60 62
1 12 2
160 379
1 12 2
320 572
1 17 2
198 551
1 11 2
118 340
1 3 2
28 397
1 10 2
589 610
1 7 2
45 443
1 8 2
470 493
1 9 2
217 247
1 13 2
270 418
1 7 2
72 424
1 14 2
52 373
1 11 2
105 671
1 11 2
147 278
1 16 2
37 547
1 8 2
491 559
1 9 2
17 635
1 9 2
5 365
1 3 2
485 690
1 8 2
136 496
1 11 2
93 597
1 13 2
24 54
1 8 2
588 652
1 9 2
204 409
1 12 2
181 449
1 3 2
94 531
1 6 2
286 535
1 13 2
161 697
1 7 2
175 602
1 8 2
206 589
1 7 2
71 495
1 11 2
100 490
1 8 2
156 321
1 8 2
247 531
1 12 2
302 318
1 6 2
378 624
1 10 2
107 110
1 5 2
592 628
1 9 2
109 262
1 6 2
524 676
1 9 2
241 323
1 9 2
185 646
1 15 2
89 490
1 16 2
91 215
1 8 2
5 647
1 16 2
481 684
1 3 2
170 662
1 5 2
459 485
1 3 2
177 184
1 16 2
52 193
1 8 2
242 332
1 14 2
438 671
1 8 2
38 282
1 14 2
248 458
1 12 2
381 556
1 17 2
555 597
1 8 2
358 522
1 9 2
9 674
1 19 2
11 139
1 8 2
117 572
1 13 2
21 306
1 12 2
114 463
1 6 2
9 467
1 9 2
3 112
1 6 2
357 484
1 7 2
263 344
1 14 2
181 559
1 8 2
11 184
1 10 2
107 410
1 12 2
338 475
1 7 2
317 511
1 10 2
285 539
1 9 2
136 539
1 9 2
131 377
1 5 2
40 203
1 12 2
345 493
1 15 2
471 698
1 11 2
142 600
1 12 2
208 270
1 15 2
308 563
1 13 2
308 583
1 17 2
401 434
1 5 2
153 509
1 8 2
571 590
1 8 2
193 531
1 15 2
334 617
1 10 2
46 425
1 15 2
490 569
1 5 2
358 659
1 13 2
199 626
1 5 2
94 219
1 12 2
152 451
1 15 2
37 390
1 14 2
107 108
1 12 2
273 513
1 12 2
1 384
1 14 2
74 529
1 8 2
587 633
1 9 2
81 127
1 16 2
122 135
1 5 2
356 373
1 10 2
124 563
1 10 2
206 331
1 7 2
212 349
1 10 2
141 155
1 7 2
304 669
1 10 2
115 436
1 6 2
155 669
1 7 2
520 589
1 13 2
78 376
1 12 2
249 403
1 5 2
48 672
1 12 2
424 676
1 11 2
248 625
1 10 2
51 222
1 4 2
72 420
1 5 2
220 365
1 12 2
115 320
1 3 2
259 457
1 12 2
540 600
1 12 2
474 551
1 14 2
394 599
1 12 2
196 359
1 14 2
544 610
1 20 2
179 623
1 18 2
321 513
1 7 2
174 548
1 4 2
571 672
1 15 2
137 689
1 7 2
282 599
1 11 2
395 658
1 7 2
363 627
1 9 2
204 379
1 6 2
408 692
1 8 2
609 662
1 11 2
212 350
1 13 2
147 419
1 7 2
464 490
1 4 2
240 584
1 3 2
72 369
1 8 2
142 665
1 19 2
135 202
1 13 2
29 517
1 10 2
432 668
1 11 2
195 209
1 13 2
63 194
1 13 2
270 587
1 8 2
406 479
1 17 2
91 488
1 15 2
588 599
1 14 2
256 497
1 6 2
63 269
1 4 2
257 499
1 20 2
193 568
1 9 2
414 438
1 17 2
74 597
1 15 2
402 434
1 11 2
57 160
1 6 2
128 175
1 15 2
283 306
1 6 2
533 558
1 8 2
330 424
1 14 2
292 335
1 17 2
428 568
1 9 2
133 317
1 14 2
121 448
1 9 2
423 465
1 13 2
60 355
1 5 2
42 338
1 10 2
320 492
1 8 2
318 470
1 19 2
120 189
1 13 2
256 635
1 14 2
328 342
1 8 2
306 480
1 9 2
181 473
1 12 2
24 121
1 13 2
213 329
1 4 2
414 574
1 18 2
121 191
1 16 2
77 542
1 7 2
192 463
1 9 2
249 447
1 7 2
562 571
1 17 2
39 597
1 8 2
60 363
1 9 2
342 528
1 14 2
44 521
1 10 2
358 598
1 11 2
106 331
1 9 2
275 420
1 18 2
276 477
1 15 2
684 698
1 4 2
26 100
1 13 2
360 525
1 10 2
598 600
1 9 2
554 627
1 12 2
511 657
1 8 2
434 533
1 12 2
59 139
1 3 2
8 261
1 12 2
409 642
1 7 2
219 330
1 17 2
145 622
1 8 2
71 171
1 11 2
3 276
1 11 2
83 645
1 8 2
441 499
1 14 2
401 621
1 16 2
135 664
1 4 2
49 82
1 19 2
89 687
1 5 2
289 681
1 20 2
10 395
1 11 2
182 452
1 10 2
310 579
1 11 2
588 589
1 17 2
29 308
1 11 2
182 508
1 11 2
2 122
1 16 2
20 358
1 13 2
360 363
1 14 2
555 689
1 10 2
232 601
1 11 2
34 281
1 15 2
194 315
1 9 2
380 470
1 13 2
192 247
1 18 2
122 360
1 6 2
216 409
1 16 2
132 398
1 3 2
172 553
1 16 2
195 645
1 14 2
86 687
1 10 2
350 610
1 12 2
248 586
1 11 2
390 437
1 13 2
106 341
1 12 2
387 697
1 6 2
476 604
1 3 2
13 279
1 13 2
164 166
1 5 2
165 332
1 9 2
115 329
1 16 2
206 214
1 13 2
292 443
1 10 2
230 376
1 9 2
365 417
1 13 2
115 634
1 9 2
45 465
1 9 2
431 449
1 9 2
625 633
1 8 2
3 461
1 13 2
508 650
1 16 2
108 285
1 9 2
90 244
1 5 2
24 696
1 14 2
11 419
1 14 2
41 202
1 8 2
215 628
1 16 2
181 398
1 4 2
244 667
1 11 2
171 540
1 8 2
331 378
1 18 2
197 433
1 7 2
529 656
1 3 2
45 173
1 12 2
144 511
1 3 2
94 399
1 10 2
187 609
1 12 2
270 692
1 10 2
149 197
1 15 2
135 512
1 13 2
340 638
1 7 2
381 640
1 4 2
244 446
1 6 2
204 330
1 15 2
222 427
1 13 2
218 612
1 11 2
101 195
1 8 2
176 293
1 9 2
283 496
1 5 2
298 449
1 16 2
183 641
1 4 2
73 75
1 18 2
147 645
1 9 2
87 190
1 7 2
339 506
1 14 2
256 329
1 6 2
349 542
1 15 2
34 582
1 10 2
153 320
1 10 2
97 211
1 5 2
71 307
1 9 2
18 513
1 13 2
380 582
1 14 2
452 514
1 12 2
568 627
1 13 2
598 645
1 10 2
40 697
1 8 2
45 487
1 7 2
160 185
1 14 2
84 141
1 10 2
69 678
1 11 2
202 408
1 17 2
254 687
1 15 2
57 429
1 8 2
112 236
1 12 2
554 567
1 10 2
202 667
1 9 2
118 240
1 5 2
265 534
1 10 2
210 346
1 11 2
341 499
1 10 2
53 145
1 15 2
360 462
1 11 2
519 550
1 7 2
177 514
1 10 2
147 407
1 15 2
311 635
1 11 2
142 635
1 7 2
315 369
1 7 2
130 362
1 7 2
177 560
1 7 2
9 374
1 14 2
29 487
1 16 2
142 458
1 8 2
276 391
1 6 2
232 534
1 10 2
279 519
1 6 2
310 552
1 4 2
116 125
1 13 2
530 639
1 13 2
334 471
1 13 2
283 425
1 12 2
133 411
1 5 2
12 561
1 4 2
175 528
1 9 2
123 597
1 5 2
498 502
1 20 2
308 547
1 12 2
105 694
1 8 2
320 690
1 8 2
63 196
1 15 2
114 462
1 9 2
41 474
1 7 2
36 429
1 11 2
115 324
1 15 2
379 544
1 6 2
23 39
1 7 2
1 383
1 16 2
342 346
1 13 2
112 488
1 7 2
376 537
1 18 2
176 634
1 16 2
20 246
1 16 2
411 671
1 15 2
513 530
1 12 2
583 675
1 3 2
300 662
1 5 2
15 188
1 13 2
306 448
1 10 2
21 567
1 13 2
414 513
1 14 2
513 625
1 12 2
455 458
1 19 2
247 675
1 13 2
37 76
1 4 2
520 577
1 15 2
429 542
1 6 2
600 651
1 2 2
295 666
1 8 2
582 604
1 10 2
180 592
1 16 2
89 427
1 11 2
427 442
1 15 2
359 411
1 10 2
442 451
1 14 2
451 599
1 2 2
42 99
1 8 2
121 485
1 14 2
81 324
1 9 2
54 456
1 9 2
342 365
1 14 2
142 212
1 10 2
316 462
1 6 2
337 408
1 8 2
210 351
1 7 2
0 260
1 8 2
286 490
1 19 2
226 285
1 10 2
225 376
1 8 2
238 324
1 5 2
84 126
1 10 2
362 392
1 7 2
379 413
1 5 2
296 430
1 7 2
462 632
1 12 2
284 521
1 4 2
220 649
1 9 2
228 467
1 18 2
311 614
1 7 2
510 668
1 9 2
69 563
1 9 2
164 598
1 5 2
274 490
1 12 2
34 463
1 13 2
84 260
1 10 2
248 608
1 6 2
32 592
1 16 2
34 586
1 13 2
211 408
1 8 2
227 393
1 4 2
237 565
1 3 2
352 404
1 7 2
371 426
1 6 2
338 680
1 11 2
308 430
1 11 2
69 586
1 10 2
289 403
1 16 2
5 64
1 11 2
79 589
1 13 2
387 436
1 3 2
156 524
1 4 2
552 670
1 13 2
77 310
1 8 2
107 243
1 11 2
114 656
1 8 2
350 635
1 14 2
360 408
1 7 2
222 663
1 14 2
367 678
1 10 2
242 273
1 7 2
367 457
1 5 2
535 658
1 6 2
258 448
1 14 2
213 346
1 7 2
228 446
1 8 2
231 384
1 14 2
341 512
1 13 2
52 636
1 17 2
52 342
1 2 2
261 672
1 14 2
285 529
1 19 2
114 645
1 18 2
74 311
1 8 2
243 324
1 7 2
96 199
1 9 2
153 614
1 8 2
270 541
1 13 2
69 634
1 14 2
10 635
1 16 2
91 453
1 6 2
358 649
1 4 2
372 495
1 19 2
176 189
1 17 2
89 488
1 11 2
4 547
1 3 2
217 365
1 8 2
193 510
1 8 2
489 546
1 10 2
339 623
1 7 2
530 628
1 9 2
55 165
1 15 2
346 671
1 19 2
202 395
1 7 2
29 82
1 4 2
217 667
1 5 2
567 696
1 16 2
78 433
1 6 2
204 679
1 7 2
234 484
1 7 2
358 397
1 10 2
218 314
1 10 2
100 252
1 13 2
210 395
1 9 2
559 583
1 11 2
250 392
1 11 2
242 471
1 9 2
271 637
1 10 2
71 195
1 9 2
101 110
1 6 2
281 364
1 11 2
59 514
1 13 2
219 320
1 8 2
453 473
1 16 2
433 508
1 5 2
331 510
1 5 2
177 476
1 18 2
55 698
1 14 2
74 107
1 10 2
17 540
1 17 2
355 639
1 10 2
32 398
1 5 2
163 178
1 14 2
66 191
1 16 2
386 637
1 7 2
97 234
1 8 2
204 529
1 10 2
286 377
1 7 2
421 686
1 10 2
132 616
1 14 2
214 683
1 5 2
182 288
1 11 2
341 371
1 14 2
213 527
1 11 2
161 642
1 6 2
171 536
1 11 2
136 265
1 11 2
616 657
1 15 2
14 599
1 10 2
125 301
1 9 2
31 575
1 11 2
407 477
1 11 2
324 691
1 16 2
121 285
1 16 2
191 514
1 9 2
24 685
1 12 2
191 552
1 6 2
104 313
1 4 2
294 466
1 4 2
594 659
1 13 2
90 190
1 17 2
122 311
1 15 2
263 477
1 10 2
284 590
1 11 2
50 638
1 12 2
327 650
1 10 2
128 145
1 13 2
11 511
1 12 2
350 367
1 6 2
512 647
1 14 2
120 563
1 5 2
624 629
1 12 2
340 452
1 9 2
352 542
1 9 2
136 241
1 11 2
331 358
1 12 2
206 328
1 11 2
367 444
1 11 2
193 552
1 12 2
396 694
1 13 2
425 514
1 12 2
102 559
1 15 2
475 488
1 13 2
249 617
1 10 2
115 246
1 14 2
76 458
1 5 2
111 414
1 11 2
141 679
1 4 2
151 526
1 8 2
156 639
1 11 2
171 557
1 5 2
113 600
1 6 2
595 669
1 15 2
402 694
1 12 2
55 209
1 11 2
516 535
1 10 2
74 640
1 14 2
79 684
1 11 2
83 513
1 9 2
233 482
1 11 2
273 321
1 14 2
403 637
1 7 2
50 408
1 5 2
499 501
1 14 2
334 373
1 9 2
27 194
1 5 2
244 480
1 5 2
8 589
1 20 2
31 360
1 18 2
137 519
1 10 2
3 315
1 6 2
201 243
1 10 2
442 549
1 12 2
424 558
1 3 2
518 662
1 19 2
308 513
1 16 2
521 668
1 13 2
371 597
1 4 2
229 230
1 15 2
88 568
1 18 2
11 346
1 14 2
197 301
1 8 2
201 495
1 10 2
287 590
1 11 2
111 395
1 9 2
566 623
1 15 2
166 554
1 9 2
462 511
1 7 2
275 607
1 9 2
98 481
1 13 2
39 424
1 5 2
184 373
1 18 2
318 377
1 6 2
36 579
1 8 2
280 514
1 15 2
320 613
1 14 2
384 403
1 10 2
221 671
1 6 2
323 524
1 13 2
321 523
1 11 2
442 657
1 2 2
349 534
1 5 2
22 188
1 7 2
118 627
1 8 2
299 323
1 8 2
240 408
1 19 2
135 247
1 15 2
107 547
1 13 2
321 560
1 20 2
34 214
1 7 2
340 528
1 13 2
81 459
1 11 2
233 517
1 14 2
424 554
1 9 2
318 413
1 10 2
211 672
1 9 2
187 389
1 7 2
200 373
1 19 2
214 551
1 10 2
379 525
1 20 2
226 401
1 16 2
429 645
1 12 2
242 329
1 8 2
132 550
1 5 2
252 576
1 7 2
120 253
1 7 2
60 196
1 7 2
283 288
1 16 2
379 390
1 8 2
105 330
1 11 2
21 438
1 9 2
438 442
1 10 2
293 516
1 3 2
309 473
1 17 2
89 202
1 15 2
122 386
1 12 2
302 342
1 9 2
419 685
1 16 2
114 582
1 10 2
198 463
1 3 2
111 293
1 5 2
412 535
1 6 2
24 279
1 7 2
142 293
1 8 2
74 615
1 12 2
76 506
1 11 2
267 657
1 8 2
178 657
1 11 2
461 462
1 16 2
493 544
1 14 2
135 686
1 17 2
198 569
1 3 2
366 628
1 10 2
188 329
1 12 2
135 163
1 9 2
12 398
1 7 2
16 164
1 9 2
341 658
1 7 2
271 684
1 11 2
246 425
1 9 2
88 572
1 16 2
475 645
1 9 2
232 476
1 14 2
181 436
1 7 2
17 220
1 13 2
199 343
1 10 2
115 558
1 15 2
52 428
1 10 2
411 495
1 9 2
429 624
1 9 2
379 693
1 10 2
215 431
1 12 2
455 569
1 8 2
457 585
1 13 2
251 398
1 12 2
419 694
1 16 2
228 367
1 12 2
305 582
1 12 2
20 364
1 18 2
256 433
1 6 2
532 635
1 16 2
63 226
1 6 2
471 670
1 10 2
262 635
1 3 2
239 533
1 13 2
107 684
1 5 2
391 523
1 13 2
227 285
1 13 2
9 433
1 8 2
243 631
1 12 2
222 291
1 7 2
127 685
1 9 2
12 617
1 9 2
386 509
1 15 2
106 145
1 11 2
403 578
1 9 2
103 283
1 13 2
285 581
1 16 2
122 326
1 10 2
148 325
1 8 2
199 659
1 6 2
22 381
1 16 2
461 623
1 9 2
8 139
1 7 2
42 638
1 9 2
170 655
1 10 2
109 668
1 10 2
471 642
1 9 2
327 552
1 6 2
332 426
1 12 2
520 675
1 10 2
16 254
1 12 2
199 683
1 4 2
264 498
1 11 2
68 342
1 7 2
335 385
1 13 2
34 499
1 10 2
422 614
1 8 2
202 457
1 13 2
142 639
1 8 2
178 283
1 9 2
55 153
1 16 2
179 646
1 7 2
221 523
1 18 2
135 434
1 20 2
91 355
1 7 2
104 118
1 17 2
321 612
1 13 2
40 360
1 7 2
344 588
1 8 2
316 396
1 19 2
198 360
1 5 2
385 438
1 17 2
20 260
1 7 2
22 676
1 9 2
89 618
1 18 2
121 179
1 7 2
421 443
1 12 2
10 484
1 20 2
311 433
1 16 2
340 698
1 15 2
417 449
1 6 2
110 365
1 6 2
104 338
1 7 2
208 685
1 9 2
137 644
1 14 2
411 449
1 9 2
19 160
1 13 2
392 585
1 10 2
110 676
1 7 2
58 371
1 9 2
275 505
1 9 2
159 641
1 7 2
548 614
1 4 2
553 615
1 11 2
30 367
1 14 2
559 655
1 8 2
125 408
1 12 2
154 527
1 16 2
334 549
1 12 2
136 635
1 11 2
64 73
1 12 2
461 502
1 14 2
614 684
1 9 2
13 89
1 6 2
70 310
1 10 2
68 585
1 15 2
448 555
1 10 2
196 588
1 5 2
356 562
1 18 2
622 623
1 20 2
20 433
1 14 2
106 342
1 7 2
85 484
1 9 2
243 475
1 11 2
14 313
1 9 2
260 656
1 16 2
11 424
1 5 2
316 575
1 11 2
222 552
1 9 2
176 231
1 17 2
31 475
1 8 2
458 619
1 10 2
199 522
1 8 2
383 691
1 18 2
555 623
1 7 2
245 477
1 6 2
310 693
1 13 2
59 222
1 14 2
256 686
1 15 2
276 427
1 11 2
438 506
1 16 2
79 242
1 16 2
179 249
1 7 2
167 233
1 12 2
176 419
1 6 2
403 605
1 17 2
5 622
1 12 2
14 362
1 11 2
163 256
1 20 2
11 568
1 4 2
58 531
1 12 2
38 363
1 6 2
314 456
1 5 2
296 371
1 9 2
66 265
1 20 2
34 694
1 10 2
327 482
1 8 2
74 632
1 16 2
179 263
1 7 2
55 272
1 9 2
125 240
1 12 2
86 327
1 17 2
91 617
1 9 2
410 459
1 12 2
133 402
1 10 2
305 592
1 10 2
292 408
1 19 2
31 138
1 10 2
444 676
1 9 2
544 595
1 13 2
226 444
1 4 2
238 604
1 11 2
110 120
1 8 2
100 553
1 12 2
247 330
1 9 2
117 564
1 5 2
317 632
1 8 2
66 313
1 5 2
331 574
1 16 2
198 546
1 13 2
101 199
1 10 2
330 588
1 12 2
142 301
1 8 2
202 356
1 11 2
125 263
1 13 2
206 411
1 11 2
552 687
1 15 2
5 194
1 13 2
212 411
1 15 2
376 475
1 10 2
477 566
1 12 2
202 482
1 3 2
404 649
1 19 2
320 519
1 8 2
283 629
1 5 2
9 654
1 13 2
350 623
1 7 2
109 236
1 9 2
182 431
1 12 2
219 334
1 3 2
82 404
1 10 2
85 425
1 10 2
561 588
1 7 2
151 305
1 8 2
241 691
1 15 2
324 384
1 11 2
350 638
1 16 2
401 453
1 5 2
96 152
1 11 2
234 560
1 11 2
252 479
1 12 2
145 476
1 14 2
384 462
1 8 2
141 485
1 15 2
65 133
1 9 2
634 696
1 4 2
100 274
1 6 2
58 159
1 7 2
162 675
1 14 2
434 642
1 14 2
37 646
1 17 2
34 610
1 11 2
79 158
1 4 2
35 444
1 17 2
74 247
1 14 2
37 517
1 6 2
24 158
1 10 2
148 327
1 16 2
213 675
1 8 2
262 580
1 15 2
453 610
1 5 2
400 682
1 8 2
337 451
1 6 2
462 533
1 6 2
303 592
1 7 2
30 608
1 20 2
114 311
1 17 2
346 395
1 6 2
541 617
1 9 2
271 475
1 7 2
273 564
1 5 2
261 582
1 12 2
316 458
1 16 2
147 390
1 4 2
420 483
1 12 2
188 614
1 20 2
20 34
1 18 2
91 197
1 6 2
283 391
1 3 2
95 397
1 8 2
333 442
1 11 2
68 554
1 11 2
466 610
1 8 2
163 323
1 6 2
313 496
1 16 2
581 623
1 5 2
230 357
1 6 2
432 580
1 10 2
138 435
1 12 2
376 581
1 12 2
52 85
1 14 2
637 646
1 10 2
265 403
1 12 2
101 213
1 8 2
373 447
1 9 2
115 560
1 6 2
25 314
1 7 2
474 522
1 10 2
312 328
1 16 2
434 554
1 7 2
132 413
1 7 2
588 605
1 11 2
306 633
1 12 2
160 475
1 8 2
131 161
1 14 2
90 106
1 8 2
57 670
1 14 2
141 682
1 17 2
228 395
1 8 2
465 505
1 5 2
295 443
1 15 2
211 251
1 15 2
166 377
1 17 2
37 137
1 8 2
438 455
1 10 2
104 222
1 15 2
65 340
1 9 2
157 386
1 7 2
473 476
1 10 2
108 287
1 9 2
132 455
1 9 2
98 401
1 7 2
150 388
1 11 2
587 614
1 14 2
234 521
1 15 2
549 676
1 9 2
57 656
1 11 2
209 622
1 8 2
241 251
1 5 2
63 413
1 8 2
44 163
1 13 2
188 671
1 10 2
55 393
1 14 2
124 481
1 12 2
191 378
1 14 2
20 273
1 4 2
25 594
1 16 2
321 554
1 7 2
62 188
1 11 2
358 425
1 6 2
217 373
1 6 2
188 570
1 10 2
199 370
1 14 2
141 563
1 9 2
106 130
1 14 2
234 653
1 8 2
359 584
1 4 2
332 344
1 7 2
25 376
1 11 2
419 487
1 14 2
20 338
1 6 2
461 486
1 12 2
166 497
1 11 2
193 679
1 13 2
66 202
1 4 2
146 370
1 19 2
214 458
1 15 2
132 318
1 4 2
156 397
1 7 2
315 607
1 10 2
12 311
1 17 2
359 547
1 14 2
276 512
1 9 2
78 304
1 11 2
196 641
1 7 2
117 550
1 11 2
283 363
1 9 2
81 665
1 10 2
276 535
1 11 2
195 691
1 15 2
434 549
1 8 2
515 598
1 8 2
113 135
1 11 2
104 318
1 18 2
211 579
1 15 2
458 657
1 5 2
466 654
1 17 2
212 477
1 12 2
171 256
1 7 2
44 266
1 10 2
62 311
1 18 2
120 222
1 8 2
257 450
1 6 2
171 629
1 14 2
100 458
1 5 2
407 654
1 10 2
198 352
1 14 2
320 527
1 6 2
8 232
1 14 2
107 180
1 10 2
51 617
1 11 2
182 453
1 5 2
9 354
1 10 2
429 580
1 6 2
474 648
1 11 2
195 578
1 8 2
176 577
1 6 2
336 384
1 13 2
340 585
1 15 2
305 390
1 8 2
87 115
1 13 2
226 426
1 10 2
141 660
1 7 2
256 454
1 9 2
240 335
1 11 2
465 608
1 10 2
330 668
1 5 2
338 545
1 8 2
466 601
1 5 2
344 602
1 7 2
136 545
1 3 2
22 457
1 12 2
59 145
1 8 2
289 351
1 12 2
114 225
1 8 2
95 519
1 15 2
555 613
1 16 2
37 202
1 12 2
395 431
1 10 2
398 665
1 9 2
21 287
1 15 2
285 674
1 4 2
287 673
1 10 2
141 388
1 5 2
62 208
1 9 2
10 666
1 7 2
90 575
1 15 2
37 546
1 6 2
19 699
1 8 2
207 517
1 5 2
297 374
1 7 2
133 243
1 16 2
5 451
1 6 2
122 478
1 20 2
65 395
1 9 2
222 649
1 11 2
59 639
1 15 2
78 270
1 3 2
4 26
1 8 2
412 579
1 20 2
516 623
1 6 2
553 679
1 14 2
333 519
1 6 2
421 474
1 9 2
447 448
1 9 2
115 512
1 8 2
68 218
1 15 2
213 283
1 14 2
410 450
1 15 2
334 622
1 11 2
497 557
1 4 2
237 632
1 10 2
568 656
1 8 2
190 589
1 11 2
629 698
1 7 2
231 586
1 7 2
475 596
1 7 2
43 90
1 16 2
10 563
1 12 2
52 76
1 2 2
296 445
1 4 2
42 602
1 15 2
329 597
1 12 2
362 645
1 9 2
3 668
1 3 2
261 670
1 7 2
0 610
1 14 2
549 646
1 11 2
303 547
1 12 2
285 511
1 4 2
240 268
1 14 2
597 625
1 17 2
180 623
1 11 2
432 610
1 17 2
121 222
1 6 2
235 532
1 19 2
55 211
1 13 2
199 410
1 14 2
506 610
1 8 2
441 616
1 8 2
475 672
1 14 2
193 631
1 12 2
201 398
1 7 2
263 412
1 10 2
88 582
1 12 2
408 653
1 16 2
10 508
1 4 2
96 148
1 13 2
214 482
1 5 2
288 683
1 8 2
66 414
1 13 2
46 475
1 3 2
93 274
1 6 2
115 423
1 15 2
114 479
1 17 2
39 65
1 14 2
292 328
1 12 2
213 578
1 15 2
108 599
1 13 2
114 374
1 7 2
233 286
1 6 2
288 586
1 8 2
117 592
1 8 2
139 576
1 5 2
416 636
1 14 2
262 379
1 9 2
55 553
1 6 2
160 337
1 12 2
201 256
1 9 2
158 671
1 7 2
266 678
1 7 2
8 340
1 14 2
367 540
1 7 2
285 349
1 4 2
273 538
1 5 2
27 660
1 9 2
87 678
1 6 2
175 604
1 13 2
471 609
1 8 2
359 510
1 8 2
11 258
1 6 2
70 71
1 13 2
14 600
1 10 2
147 604
1 16 2
519 639
1 19 2
141 519
1 6 2
654 678
1 5 2
50 259
1 11 2
128 513
1 15 2
166 334
1 4 2
67 186
1 4 2
495 688
1 8 2
30 251
1 10 2
127 521
1 6 2
28 112
1 9 2
211 217
1 8 2
51 125
1 17 2
214 668
1 13 2
65 160
1 19 2
31 139
1 7 2
80 441
1 14 2
242 508
1 10 2
232 598
1 4 2
68 245
1 12 2
19 38
1 8 2
51 106
1 10 2
46 674
1 13 2
554 578
1 10 2
111 386
1 11 2
31 473
1 13 2
5 246
1 13 2
402 668
1 5 2
307 492
1 13 2
10 59
1 9 2
211 541
1 19 2
361 513
1 14 2
379 655
1 14 2
190 450
1 11 2
460 568
1 6 2
196 378
1 8 2
24 160
1 17 2
308 579
1 6 2
235 509
1 5 2
157 473
1 6 2
228 309
1 2 2
293 630
1 10 2
176 550
1 2 2
369 619
1 5 2
299 665
1 7 2
411 673
1 4 2
177 299
1 9 2
419 682
1 4 2
8 460
1 6 2
422 492
1 8 2
201 561
1 14 2
341 631
1 11 2
180 608
1 16 2
21 450
1 14 2
326 685
1 6 2
371 505
1 8 2
243 554
1 9 2
303 340
1 9 2
241 325
1 10 2
360 570
1 6 2
0 506
1 9 2
335 602
1 12 2
381 386
1 7 2
533 676
1 13 2
355 511
1 8 2
67 379
1 9 2
227 313
1 13 2
214 669
1 10 2
170 551
1 11 2
65 455
1 10 2
141 680
1 8 2
313 316
1 8 2
565 676
1 10 2
409 522
1 10 2
186 622
1 17 2
213 285
1 5 2
499 518
1 11 2
39 572
1 13 2
137 273
1 18 2
417 645
1 10 2
47 285
1 18 2
166 569
1 6 2
71 159
1 10 2
17 86
1 17 2
318 556
1 10 2
544 683
1 6 2
580 594
1 10 2
235 340
1 14 2
514 610
1 17 2
90 645
1 7 2
387 644
1 12 2
4 521
1 12 2
328 461
1 14 2
21 398
1 5 2
103 444
1 17 2
226 588
1 15 2
590 637
1 19 2
74 91
1 3 2
483 533
1 10 2
393 475
1 11 2
233 527
1 3 2
245 290
1 11 2
432 599
1 6 2
293 335
1 18 2
20 57
1 6 2
267 539
1 12 2
14 689
1 8 2
519 643
1 9 2
158 452
1 15 2
324 641
1 10 2
65 656
1 9 2
159 434
1 13 2
73 645
1 15 2
305 579
1 7 2
542 670
1 4 2
304 399
1 9 2
440 549
1 15 2
65 686
1 11 2
118 448
1 5 2
288 333
1 7 2
149 511
1 6 2
33 449
1 7 2
290 329
1 12 2
267 687
1 12 2
147 482
1 11 2
221 326
1 10 2
157 389
1 15 2
5 325
1 9 2
251 683
1 7 2
14 504
1 9 2
267 613
1 5 2
303 310
1 20 2
285 433
1 9 2
604 613
1 14 2
377 557
1 15 2
361 557
1 4 2
294 343
1 13 2
623 625
1 12 2
516 661
1 18 2
386 547
1 10 2
153 326
1 13 2
118 222
1 9 2
196 387
1 7 2
328 644
1 12 2
29 251
1 15 2
487 599
1 15 2
346 614
1 4 2
274 625
1 17 2
191 386
1 13 2
506 631
1 17 2
11 590
1 11 2
34 207
1 14 2
55 425
1 10 2
9 527
1 13 2
40 653
1 18 2
386 687
1 8 2
101 284
1 11 2
383 639
1 17 2
65 465
1 8 2
365 555
1 4 2
40 298
1 3 2
467 510
1 11 2
262 512
1 5 2
127 589
1 2 2
169 184
1 14 2
179 304
1 9 2
242 286
1 13 2
380 381
1 11 2
65 208
1 12 2
101 588
1 5 2
87 279
1 18 2
612 694
1 16 2
154 450
1 6 2
128 310
1 13 2
161 671
1 14 2
260 502
1 15 2
386 549
1 12 2
132 394
1 7 2
40 93
1 7 2
208 459
1 11 2
208 521
1 14 2
132 588
1 5 2
464 532
1 10 2
325 573
1 13 2
52 331
1 8 2
185 689
1 7 2
658 674
1 6 2
228 369
1 10 2
392 578
1 16 2
248 623
1 9 2
70 650
1 5 2
123 471
1 11 2
32 417
1 10 2
208 376
1 8 2
473 563
1 14 2
585 599
1 11 2
80 477
1 10 2
84 381
1 4 2
536 604
1 8 2
25 318
1 4 2
534 589
1 8 2
208 601
1 18 2
91 475
1 16 2
180 320
1 8 2
235 581
1 4 2
185 681
1 13 2
118 202
1 11 2
185 276
1 11 2
568 692
1 4 2
168 667
1 10 2
81 277
1 9 2
141 632
1 18 2
367 401
1 13 2
313 521
1 15 2
512 698
1 19 2
380 493
1 9 2
154 583
1 3 2
607 624
1 13 2
379 586
1 8 2
247 368
1 6 2
440 608
1 8 2
475 670
1 10 2
418 588
1 12 2
327 530
1 7 2
471 692
1 4 2
265 372
1 17 2
10 122
1 16 2
108 367
1 16 2
544 634
1 9 2
65 172
1 12 2
145 522
1 4 2
224 408
1 5 2
447 595
1 17 2
141 202
1 4 2
345 652
1 10 2
374 409
1 12 2
220 623
1 20 2
91 137
1 10 2
499 668
1 13 2
276 567
1 11 2
190 425
1 5 2
131 583
1 6 2
619 642
1 7 2
352 515
1 4 2
173 310
1 4 2
615 665
1 19 2
139 214
1 10 2
24 323
1 14 2
377 403
1 20 2
179 311
1 10 2
570 698
1 5 2
15 117
1 14 2
100 202
1 14 2
276 502
1 5 2
200 552
1 6 2
88 673
1 3 2
99 640
1 11 2
551 594
1 11 2
2 359
1 11 2
327 437
1 5 2
167 264
1 8 2
490 492
1 15 2
112 493
1 3 2
56 507
1 12 2
110 458
1 13 2
86 398
1 7 2
234 640
1 5 2
68 681
1 12 2
346 578
1 7 2
154 238
1 9 2
483 487
1 14 2
21 248
1 4 2
4 119
1 5 2
577 601
1 14 2
74 559
1 4 2
48 385
1 15 2
147 174
1 12 2
40 90
1 16 2
11 335
1 5 2
262 282
1 10 2
208 436
1 12 2
306 529
1 9 2
414 443
1 19 2
270 569
1 8 2
244 684
1 6 2
279 635
1 9 2
37 303
1 8 2
72 448
1 7 2
205 694
1 9 2
170 697
1 11 2
228 426
1 15 2
141 472
1 17 2
311 540
1 13 2
448 558
1 7 2
24 383
1 15 2
39 614
1 7 2
46 185
1 14 2
691 698
1 9 2
41 578
1 15 2
211 626
1 17 2
360 517
1 8 2
244 563
1 15 2
275 292
1 7 2
237 563
1 14 2
341 689
1 6 2
307 419
1 5 2
72 322
1 11 2
17 638
1 11 2
57 105
1 9 2
244 334
1 10 2
5 277
1 15 2
63 516
1 10 2
133 363
1 6 2
418 660
1 6 2
391 514
1 9 2
94 359
1 8 2
373 393
1 7 2
93 209
1 8 2
110 351
1 11 2
180 182
1 17 2
141 638
1 14 2
314 694
1 13 2
37 497
1 10 2
301 383
1 7 2
196 482
1 10 2
80 198
1 16 2
183 488
1 10 2
16 551
1 4 2
219 336
1 11 2
305 525
1 8 2
95 433
1 4 2
235 454
1 15 2
597 697
1 6 2
113 527
1 5 2
173 313
1 4 2
98 290
1 5 2
123 511
1 6 2
142 400
1 16 2
139 559
1 6 2
1 303
1 15 2
377 488
1 7 2
429 575
1 16 2
20 678
1 9 2
52 509
1 18 2
91 487
1 9 2
78 589
1 14 2
180 181
1 7 2
607 637
1 8 2
6 482
1 16 2
20 329
1 8 2
227 455
1 5 2
347 459
1 5 2
177 287
1 7 2
92 135
1 7 2
281 512
1 20 2
20 355
1 11 2
345 386
1 10 2
301 371
1 12 2
52 438
1 9 2
256 296
1 16 2
21 138
1 10 2
24 195
1 14 2
20 316
1 11 2
115 275
1 6 2
49 71
1 10 2
256 277
1 4 2
303 489
1 8 2
276 659
1 17 2
301 516
1 12 2
474 487
1 12 2
209 285
1 3 2
116 177
1 12 2
209 610
1 17 2
292 687
1 11 2
136 511
1 8 2
18 81
1 14 2
34 600
1 10 2
523 635
1 8 2
128 497
1 12 2
6 311
1 8 2
640 642
1 4 2
473 647
1 5 2
616 652
1 15 2
135 387
1 8 2
386 681
1 7 2
173 197
1 13 2
150 675
1 3 2
253 670
1 8 2
41 143
1 19 2
65 417
1 6 2
416 448
1 12 2
202 317
1 6 2
116 664
1 4 2
525 534
1 18 2
183 609
1 2 2
274 618
1 12 2
451 625
1 10 2
31 238
1 17 2
21 521
1 11 2
409 636
1 11 2
324 567
1 2 2
116 178
1 12 2
275 289
1 12 2
93 516
1 7 2
162 212
1 16 2
315 389
1 14 2
247 438
1 19 2
91 276
1 11 2
55 110
1 6 2
314 470
1 9 2
480 551
1 6 2
332 442
1 5 2
25 564
1 12 2
100 475
1 7 2
333 473
1 10 2
46 206
1 4 2
27 62
1 8 2
458 662
1 12 2
364 634
1 8 2
422 678
1 17 2
493 585
1 5 2
18 499
1 7 2
164 280
1 5 2
375 572
1 14 2
544 614
1 8 2
327 505
1 14 2
301 612
1 6 2
543 664
1 5 2
63 606
1 7 2
116 488
1 8 2
0 355
1 8 2
428 565
1 10 2
170 477
1 18 2
247 519
1 6 2
149 561
1 7 2
24 287
1 7 2
486 676
1 6 2
16 115
1 11 2
49 698
1 6 2
109 130
1 11 2
27 135
1 5 2
485 616
1 15 2
222 585
1 13 2
490 638
1 13 2
226 683
1 7 2
235 364
1 15 2
10 685
1 4 2
629 672
1 14 2
227 458
1 15 2
325 637
1 16 2
222 389
1 9 2
91 695
1 10 2
263 581
1 13 2
29 262
1 9 2
218 520
1 16 2
585 687
1 9 2
135 531
1 18 2
179 585
1 12 2
394 449
1 19 2
521 609
1 12 2
171 622
1 7 2
629 636
1 19 2
65 89
1 6 2
535 573
1 7 2
278 685
1 5 2
255 600
1 18 2
326 612
1 9 2
83 328
1 14 2
373 458
1 10 2
78 689
1 6 2
104 310
1 9 2
332 411
1 12 2
235 417
1 20 2
138 569
1 9 2
98 359
1 7 2
174 533
1 7 2
200 642
1 12 2
17 55
1 11 2
152 424
1 8 2
330 563
1 18 2
31 120
1 7 2
202 478
1 13 2
304 513
1 6 2
511 550
1 7 2
313 552
1 6 2
41 545
1 8 2
490 692
1 7 2
237 581
1 7 2
523 658
1 11 2
234 425
1 19 2
141 226
1 10 2
310 555
1 11 2
227 650
1 6 2
647 655
1 17 2
256 401
1 9 2
499 540
1 4 2
271 303
1 16 2
114 530
1 13 2
6 135
1 13 2
183 689
1 8 2
77 288
1 9 2
131 547
1 2 2
92 420
1 17 2
11 132
1 16 2
513 558
1 11 2
338 508
1 10 2
251 582
1 14 2
599 610
1 4 2
378 648
1 9 2
1 601
1 6 2
92 212
1 9 2
327 350
1 18 2
222 256
1 5 2
68 98
1 7 2
265 430
1 10 2
181 374
1 5 2
9 245
1 10 2
83 334
1 8 2
208 506
1 12 2
208 214
1 14 2
144 324
1 10 2
83 638
1 4 2
35 406
1 2 2
391 485
1 3 2
245 658
1 5 2
279 426
1 12 2
373 508
1 13 2
479 612
1 14 2
323 687
1 10 2
132 426
1 6 2
560 618
1 5 2
430 440
1 10 2
66 150
1 7 2
245 327
1 4 2
24 216
1 8 2
228 507
1 16 2
144 256
1 11 2
578 678
1 17 2
147 315
1 5 2
511 533
1 6 2
201 628
1 14 2
568 578
1 15 2
181 276
1 11 2
48 275
1 7 2
506 644
1 7 2
552 669
1 9 2
382 426
1 10 2
50 676
1 10 2
237 355
1 11 2
160 346
1 7 2
319 359
1 15 2
145 462
1 7 2
47 514
1 7 2
204 635
1 18 2
308 556
1 7 2
56 676
1 13 2
301 402
1 14 2
222 682
1 11 2
250 668
1 13 2
551 635
1 10 2
6 195
1 5 2
103 692
1 4 2
339 566
1 2 2
293 577
1 11 2
188 546
1 8 2
303 542
1 6 2
86 699
1 5 2
129 227
1 13 2
79 581
1 3 2
96 187
1 8 2
307 650
1 15 2
11 188
1 15 2
465 599
1 7 2
190 407
1 13 2
63 222
1 7 2
347 434
1 7 2
469 642
1 7 2
149 219
1 5 2
420 661
1 14 2
283 449
1 6 2
93 484
1 5 2
98 210
1 7 2
119 650
1 15 2
57 559
1 4 2
393 457
1 9 2
481 483
1 14 2
302 360
1 10 2
313 527
1 3 2
223 496
1 9 2
175 563
1 10 2
263 350
1 17 2
29 65
1 12 2
450 561
1 13 2
315 343
1 8 2
84 561
1 14 2
325 622
1 7 2
340 344
1 6 2
306 454
1 15 2
29 694
1 19 2
270 458
1 15 2
37 434
1 11 2
39 182
1 8 2
661 678
1 12 2
60 285
1 8 2
535 586
1 5 2
217 482
1 17 2
14 214
1 8 2
19 278
1 13 2
462 671
1 8 2
8 256
1 6 2
303 442
1 7 2
449 518
1 18 2
122 698
1 8 2
61 657
1 8 2
277 685
1 16 2
89 514
1 8 2
178 475
1 19 2
20 198
1 14 2
199 227
1 16 2
379 609
1 7 2
362 406
1 3 2
8 591
1 4 2
118 294
1 7 2
220 459
1 7 2
221 232
1 11 2
14 564
1 10 2
488 661
1 6 2
21 96
1 9 2
329 679
1 5 2
372 563
1 10 2
100 340
1 11 2
11 624
1 4 2
539 596
1 15 2
20 502
1 7 2
43 315
1 15 2
285 324
1 15 2
202 242
1 4 2
207 656
1 10 2
291 508
1 12 2
50 193
1 10 2
195 679
1 14 2
213 508
1 8 2
370 540
1 16 2
555 657
1 3 2
243 533
1 11 2
215 682
1 4 2
167 649
1 18 2
199 326
1 8 2
210 669
1 9 2
570 645
1 17 2
481 555
1 8 2
44 192
1 16 2
193 622
1 11 2
233 697
1 5 2
111 460
1 5 2
431 566
1 6 2
24 271
1 8 2
218 594
1 12 2
65 396
1 16 2
202 610
1 6 2
53 59
1 11 2
407 634
1 6 2
95 315
1 7 2
80 471
1 17 2
214 379
1 14 2
76 79
1 16 2
395 650
1 8 2
24 515
1 15 2
121 657
1 4 2
574 598
1 17 2
180 270
1 6 2
483 691
1 7 2
428 591
1 7 2
302 466
1 6 2
423 443
1 8 2
401 673
1 18 2
197 311
1 10 2
315 618
1 11 2
234 324
1 10 2
250 329
1 10 2
180 430
1 9 2
321 492
1 11 2
333 403
1 8 2
238 359
1 7 2
101 177
1 6 2
15 674
1 14 2
34 363
1 11 2
190 557
1 5 2
15 635
1 7 2
118 130
1 7 2
122 647
1 5 2
299 654
1 12 2
31 345
1 6 2
406 407
1 4 2
95 633
1 8 2
59 497
1 9 2
153 448
1 4 2
520 643
1 11 2
11 159
1 11 2
65 157
1 12 2
409 631
1 15 2
118 698
1 6 2
12 182
1 16 2
114 373
1 2 2
25 255
1 16 2
228 384
1 4 2
338 643
1 9 2
260 665
1 15 2
493 540
1 18 2
121 521
1 18 2
285 634
1 9 2
81 644
1 16 2
488 645
1 7 2
37 349
1 16 2
77 323
1 14 2
380 529
1 11 2
265 376
1 9 2
34 468
1 8 2
147 229
1 10 2
164 314
1 8 2
429 469
1 11 2
136 691
1 10 2
526 622
1 15 2
39 195
1 10 2
171 206
1 8 2
202 293
1 13 2
202 338
1 9 2
70 292
1 9 2
136 418
1 5 2
273 565
1 9 2
174 396
1 4 2
378 413
1 18 2
38 211
1 10 2
406 487
1 9 2
63 291
1 7 2
447 525
1 12 2
324 560
1 14 2
100 547
1 5 2
17 577
1 13 2
220 311
1 14 2
164 254
1 8 2
27 76
1 12 2
14 227
1 3 2
253 393
1 17 2
226 676
1 4 2
146 680
1 10 2
419 427
1 10 2
206 560
1 9 2
222 681
1 16 2
342 622
1 15 2
554 639
1 6 2
301 356
1 4 2
297 661
1 14 2
291 623
1 12 2
50 622
1 8 2
409 536
1 7 2
170 600
1 13 2
517 588
1 8 2
42 380
1 17 2
199 622
1 11 2
265 664
1 8 2
546 618
1 7 2
563 632
1 12 2
323 325
1 5 2
32 658
1 7 2
334 699
1 5 2
82 109
1 11 2
285 616
1 8 2
592 601
1 7 2
82 462
1 9 2
441 560
1 8 2
117 378
1 4 2
459 603
1 10 2
41 174
1 3 2
72 261
1 9 2
533 547
1 15 2
638 664
1 7 2
256 478
1 11 2
240 614
1 10 2
380 522
1 12 2
104 176
1 5 2
478 625
1 13 2
38 490
1 9 2
585 677
1 12 2
115 120
1 5 2
140 322
1 12 2
87 135
1 13 2
136 684
1 18 2
144 634
1 15 2
497 569
1 3 2
204 356
1 11 2
396 599
1 10 2
241 555
1 9 2
423 458
1 11 2
210 664
1 14 2
41 477
1 15 2
132 390
1 12 2
164 452
1 5 2
350 632
1 16 2
11 443
1 11 2
194 499
1 10 2
235 508
1 15 2
428 436
1 12 2
242 424
1 8 2
114 257
1 6 2
369 530
1 11 2
60 579
1 11 2
246 682
1 6 2
96 502
1 8 2
190 492
1 14 2
120 425
1 8 2
19 58
1 13 2
174 451
1 6 2
375 613
1 13 2
133 256
1 11 2
64 583
1 5 2
73 457
1 10 2
316 479
1 7 2
6 71
1 9 2
118 291
1 13 2
193 362
1 6 2
7 676
1 6 2
47 601
1 15 2
37 488
1 8 2
361 644
1 12 2
136 578
1 15 2
359 613
1 4 2
332 545
1 5 2
30 178
1 19 2
5 189
1 12 2
54 149
1 7 2
531 646
1 8 2
164 602
1 10 2
554 604
1 5 2
67 371
1 6 2
169 542
1 12 2
323 586
1 11 2
69 487
1 13 2
66 645
1 9 2
469 623
1 11 2
342 640
1 15 2
340 386
1 10 2
122 526
1 8 2
363 474
1 5 2
48 457
1 6 2
307 511
1 4 2
224 560
1 14 2
91 152
1 14 2
308 363
1 8 2
314 604
1 18 2
377 519
1 16 2
114 323
1 14 2
219 270
1 13 2
285 601
1 12 2
327 479
1 6 2
69 158
1 16 2
214 409
1 17 2
292 342
1 12 2
190 637
1 14 2
76 138
1 7 2
537 664
1 8 2
251 418
1 10 2
45 359
1 12 2
273 675
1 7 2
255 493
1 16 2
74 292
1 6 2
309 558
1 10 2
387 497
1 6 2
457 560
1 6 2
105 677
1 11 2
120 130
1 13 2
387 668
1 8 2
540 677
1 13 2
135 431
1 9 2
260 532
1 15 2
174 315
1 8 2
264 631
1 19 2
270 401
1 6 2
203 502
1 10 2
251 497
1 14 2
645 697
1 15 2
100 214
1 10 2
142 561
1 7 2
574 614
1 14 2
232 569
1 7 2
407 626
1 9 2
397 401
1 12 2
215 646
1 12 2
305 363
1 6 2
151 453
1 13 2
46 597
1 17 2
136 355
1 17 2
254 694
1 7 2
291 299
1 13 2
182 334
1 9 2
11 498
1 9 2
182 362
1 16 2
21 183
1 7 2
110 196
1 4 2
149 259
1 14 2
79 215
1 8 2
119 228
1 8 2
195 580
1 11 2
311 339
1 17 2
254 645
1 10 2
370 687
1 18 2
37 516
1 5 2
421 432
1 12 2
115 521
1 14 2
202 502
1 9 2
189 446
1 17 2
428 521
1 6 2
423 560
1 10 2
393 487
1 10 2
227 633
1 13 2
262 614
1 14 2
174 342
1 8 2
122 483
1 3 2
278 399
1 12 2
102 639
1 6 2
0 248
1 16 2
147 517
1 7 2
82 676
1 6 2
73 271
1 11 2
301 625
1 14 2
188 226
1 4 2
97 518
1 12 2
143 569
1 11 2
60 554
1 8 2
61 637
1 14 2
247 291
1 8 2
57 548
1 5 2
30 658
1 9 2
273 471
1 5 2
573 576
1 6 2
146 601
1 14 2
263 458
1 15 2
305 549
1 5 2
282 497
1 15 2
137 218
1 12 2
308 594
1 5 2
364 483
1 7 2
580 635
1 18 2
121 211
1 7 2
313 447
1 12 2
233 283
1 10 2
45 214
1 10 2
256 627
1 8 2
152 455
1 6 2
13 88
1 9 2
619 698
1 10 2
207 513
1 12 2
180 289
1 6 2
17 47
1 9 2
193 435
1 5 2
412 418
1 16 2
453 694
1 16 2
91 557
1 3 2
15 279
1 14 2
108 506
1 11 2
105 254
1 5 2
125 446
1 16 2
554 638
1 6 2
349 506
1 13 2
228 590
1 6 2
607 641
1 9 2
233 635
1 10 2
110 376
1 15 2
222 523
1 8 2
148 678
1 9 2
167 650
1 11 2
135 244
1 6 2
524 668
1 14 2
176 686
1 9 2
38 62
1 11 2
106 358
1 14 2
37 402
1 9 2
631 692
1 15 2
617 687
1 5 2
257 563
1 14 2
410 698
1 12 2
161 586
1 15 2
21 292
1 15 2
429 514
1 10 2
65 618
1 10 2
551 571
1 5 2
578 596
1 13 2
461 508
1 15 2
213 487
1 9 2
111 183
1 10 2
41 46
1 10 2
87 642
1 16 2
44 211
1 7 2
374 616
1 15 2
55 181
1 10 2
393 671
1 2 2
116 423
1 15 2
508 546
1 10 2
30 676
1 14 2
166 325
1 11 2
133 490
1 11 2
1 180
1 14 2
11 587
1 13 2
402 436
1 7 2
574 637
1 7 2
224 634
1 14 2
306 554
1 17 2
57 360
1 5 2
103 277
1 17 2
315 477
1 9 2
182 600
1 9 2
30 582
1 10 2
188 626
1 10 2
55 463
1 3 2
156 369
1 12 2
232 546
1 15 2
191 314
1 5 2
287 420
1 10 2
508 620
1 14 2
431 653
1 3 2
62 223
1 6 2
264 277
1 12 2
52 291
1 8 2
233 620
1 7 2
299 343
1 10 2
252 582
1 10 2
351 425
1 10 2
447 557
1 7 2
60 155
1 7 2
190 667
1 11 2
376 426
1 14 2
189 633
1 15 2
195 549
1 10 2
48 154
1 13 2
121 246
1 13 2
358 579
1 15 2
360 689
1 12 2
330 360
1 6 2
185 587
1 9 2
164 431
1 10 2
191 656
1 14 2
90 562
1 13 2
147 581
1 16 2
384 614
1 7 2
327 656
1 16 2
613 623
1 11 2
29 432
1 15 2
11 152
1 7 2
435 686
1 14 2
448 488
1 9 2
195 397
1 10 2
135 518
1 10 2
339 521
1 11 2
219 546
1 10 2
21 463
1 4 2
351 366
1 13 2
138 209
1 9 2
105 392
1 4 2
201 503
1 9 2
406 646
1 8 2
100 526
1 13 2
359 410
1 12 2
63 386
1 8 2
271 588
1 13 2
74 685
1 15 2
20 682
1 14 2
108 646
1 12 2
275 691
1 3 2
526 584
1 13 2
65 441
1 11 2
4 377
1 8 2
139 574
1 14 2
376 453
1 14 2
228 427
1 5 2
177 286
1 8 2
127 488
1 13 2
301 588
1 13 2
118 176
1 9 2
132 357
1 15 2
142 166
1 10 2
213 500
1 4 2
170 550
1 9 2
91 259
1 9 2
93 327
1 16 2
195 360
1 16 2
132 493
1 8 2
341 681
1 20 2
135 433
1 7 2
37 205
1 9 2
16 107
1 16 2
55 546
1 8 2
575 675
1 6 2
246 644
1 11 2
83 145
1 10 2
68 436
1 11 2
323 424
1 18 2
10 694
1 10 2
155 588
1 19 2
311 547
1 11 2
106 125
1 7 2
208 331
1 6 2
160 483
1 14 2
549 631
1 20 2
89 91
1 3 2
628 688
1 4 2
123 526
1 8 2
279 655
1 15 2
341 668
1 8 2
180 489
1 6 2
153 240
1 14 2
14 461
1 10 2
285 405
1 14 2
557 638
1 13 2
210 653
1 10 2
228 677
1 4 2
56 624
1 14 2
326 474
1 11 2
38 312
1 9 2
8 334
1 9 2
207 386
1 19 2
386 623
1 8 2
158 358
1 16 2
21 623
1 4 2
50 439
1 9 2
213 532
1 12 2
107 234
1 9 2
148 424
1 14 2
329 569
1 2 2
36 489
1 4 2
375 418
1 8 2
297 453
1 7 2
276 336
1 10 2
181 408
1 2 2
266 603
1 4 2
33 500
1 2 2
643 644
1 8 2
66 322
1 13 2
63 315
1 15 2
88 401
1 8 2
408 616
1 7 2
100 244
1 4 2
418 659
1 9 2
329 564
1 13 2
376 646
1 6 2
177 444
1 13 2
250 346
1 15 2
57 641
1 12 2
384 432
1 10 2
166 466
1 12 2
180 233
1 11 2
414 588
1 5 2
209 649
1 12 2
614 682
1 9 2
195 422
1 11 2
52 286
1 8 2
146 675
1 18 2
79 247
1 16 2
270 523
1 9 2
110 343
1 8 2
321 565
1 12 2
246 306
1 6 2
289 421
1 14 2
108 136
1 10 2
442 614
1 7 2
530 652
1 3 2
184 627
1 1 2
294 309
1 18 2
360 376
1 19 2
31 145
1 15 2
212 346
1 6 2
366 544
1 12 2
34 526
1 4 2
369 515
1 7 2
244 490
1 11 2
76 512
1 9 2
152 419
1 18 2
91 612
1 5 2
82 316
1 7 2
284 691
1 18 2
554 569
1 2 2
368 574
1 14 2
581 609
1 5 2
279 393
1 9 2
562 589
1 13 2
324 512
1 9 2
420 556
1 9 2
35 226
1 9 2
579 640
1 8 2
329 345
1 17 2
77 325
1 11 2
115 588
1 10 2
144 624
1 8 2
362 515
1 6 2
60 352
1 5 2
347 686
1 6 2
415 443
1 12 2
29 174
1 11 2
192 428
1 12 2
74 426
1 7 2
282 487
1 8 2
187 655
1 6 2
3 235
1 3 2
397 648
1 6 2
2 3
1 12 2
232 427
1 14 2
560 637
1 9 2
527 592
1 13 2
379 684
1 11 2
132 273
1 4 2
587 603
1 6 2
24 483
1 12 2
5 241
1 9 2
327 693
1 9 2
387 616
1 13 2
37 136
1 15 2
228 641
1 9 2
392 442
1 12 2
106 449
1 13 2
260 686
1 4 2
168 412
1 8 2
326 648
1 13 2
514 585
1 8 2
12 64
1 14 2
21 508
1 9 2
104 107
1 6 2
337 351
1 14 2
327 558
1 12 2
65 378
1 20 2
77 211
1 7 2
225 620
1 11 2
105 256
1 6 2
282 582
1 7 2
178 262
1 20 2
114 176
1 8 2
577 645
1 11 2
52 408
1 6 2
19 667
1 6 2
7 427
1 13 2
198 251
1 18 2
10 346
1 13 2
287 568
1 18 2
120 320
1 8 2
220 490
1 15 2
262 493
1 9 2
21 157
1 8 2
71 581
1 6 2
410 665
1 6 2
307 616
1 11 2
387 674
1 7 2
104 383
1 18 2
198 634
1 5 2
60 566
1 13 2
115 191
1 16 2
136 141
1 12 2
50 198
1 10 2
328 419
1 13 2
24 308
1 10 2
60 389
1 8 2
54 272
1 10 2
177 623
1 8 2
165 387
1 9 2
414 655
1 6 2
131 437
1 10 2
65 483
1 13 2
579 678
1 17 2
465 653
1 13 2
64 402
1 14 2
228 425
1 6 2
9 269
1 18 2
121 477
1 5 2
316 413
1 7 2
536 610
1 10 2
225 546
1 8 2
225 249
1 17 2
121 147
1 13 2
411 479
1 8 2
491 514
1 11 2
27 513
1 12 2
175 516
1 8 2
401 510
1 15 2
433 443
1 13 2
59 433
1 14 2
20 190
1 8 2
4 443
1 14 2
180 427
1 9 2
313 625
1 9 2
406 462
1 16 2
31 452
1 14 2
120 686
1 12 2
114 312
1 18 2
5 226
1 5 2
506 643
1 17 2
212 308
1 15 2
275 335
1 16 2
202 614
1 17 2
179 684
1 6 2
262 348
1 20 2
10 114
1 3 2
186 372
1 11 2
176 489
1 16 2
197 380
1 13 2
314 359
1 10 2
449 564
1 12 2
182 475
1 9 2
358 616
1 10 2
165 675
1 7 2
82 324
1 17 2
114 549
1 10 2
254 602
1 10 2
252 562
1 15 2
136 359
1 8 2
526 686
1 15 2
145 613
1 7 2
631 644
1 3 2
498 680
1 13 2
409 449
1 5 2
171 468
1 15 2
202 529
1 16 2
436 622
1 7 2
202 416
1 8 2
190 522
1 16 2
390 559
1 11 2
300 433
1 3 2
223 595
1 13 2
361 581
1 7 2
83 495
1 7 2
48 616
1 12 2
313 547
1 19 2
138 320
1 6 2
300 442
1 7 2
4 30
1 15 2
427 450
1 16 2
37 120
1 4 2
167 533
1 12 2
380 598
1 13 2
44 359
1 13 2
521 635
1 8 2
200 262
1 7 2
505 523
1 12 2
84 228
1 12 2
84 262
1 10 2
466 590
1 17 2
260 634
1 9 2
69 351
1 10 2
479 683
1 12 2
355 418
1 9 2
368 698
1 14 2
323 609
1 13 2
190 475
1 7 2
13 161
1 5 2
59 423
1 9 2
150 515
1 7 2
282 687
1 9 2
539 646
1 16 2
39 634
1 9 2
156 341
1 8 2
92 226
1 11 2
544 685
1 16 2
132 687
1 5 2
591 691
1 11 2
387 502
1 13 2
112 321
1 5 2
435 484
1 8 2
394 406
1 5 2
322 553
1 9 2
291 633
1 10 2
461 495
1 12 2
214 430
1 8 2
290 508
1 13 2
20 515
1 11 2
115 638
1 3 2
385 404
1 20 2
308 694
1 13 2
34 58
1 7 2
421 631
1 6 2
261 427
1 6 2
240 483
1 11 2
642 689
1 9 2
378 697
1 6 2
471 571
1 9 2
273 479
1 10 2
190 674
1 9 2
658 687
1 12 2
195 289
1 6 2
388 515
1 17 2
5 342
1 13 2
142 452
1 12 2
409 479
1 7 2
552 564
1 8 2
332 558
1 9 2
242 299
1 15 2
39 546
1 10 2
165 285
1 8 2
601 692
1 15 2
318 676
1 17 2
275 417
1 7 2
240 299
1 14 2
114 117
1 8 2
145 259
1 4 2
239 640
1 8 2
215 595
1 19 2
176 202
1 10 2
182 242
1 15 2
107 458
1 8 2
5 486
1 17 2
120 475
1 15 2
154 320
1 19 2
211 386
1 6 2
207 396
1 17 2
138 181
1 11 2
88 523
1 13 2
325 689
1 10 2
425 691
1 4 2
200 286
1 4 2
466 534
1 13 2
206 384
1 11 2
48 556
1 14 2
40 623
1 3 2
99 221
1 13 2
125 334
1 9 2
173 513
1 7 2
153 581
1 13 2
20 371
1 11 2
625 686
1 16 2
326 638
1 14 2
88 671
1 2 2
99 524
1 6 2
430 552
1 8 2
496 639
1 14 2
641 689
1 3 2
224 492
1 16 2
436 597
1 7 2
437 520
1 10 2
352 434
1 11 2
250 517
1 8 2
269 676
1 15 2
108 212
1 18 2
74 360
1 9 2
263 414
1 9 2
135 548
1 17 2
31 108
1 11 2
46 108
1 8 2
448 532
1 3 2
596 680
1 16 2
179 668
1 9 2
68 190
1 7 2
610 659
1 8 2
94 617
1 19 2
256 308
1 7 2
24 442
1 18 2
202 634
1 11 2
307 519
1 13 2
343 551
1 11 2
417 550
1 20 2
31 318
1 12 2
117 631
1 13 2
213 425
1 9 2
105 674
1 4 2
259 364
1 8 2
204 387
1 11 2
523 621
1 6 2
171 632
1 15 2
488 579
1 3 2
18 173
1 4 2
296 412
1 9 2
124 240
1 13 2
11 312
1 7 2
52 603
1 5 2
337 589
1 7 2
231 657
1 10 2
305 426
1 3 2
177 501
1 5 2
155 264
1 11 2
321 482
1 5 2
405 571
1 8 2
24 378
1 13 2
147 625
1 16 2
452 556
1 13 2
461 676
1 18 2
211 549
1 15 2
373 698
1 15 2
191 333
1 10 2
34 680
1 15 2
311 523
1 14 2
482 623
1 8 2
423 475
1 14 2
401 472
1 9 2
376 692
1 8 2
355 659
1 12 2
358 465
1 5 2
354 419
1 5 2
160 347
1 11 2
175 475
1 16 2
38 376
1 13 2
215 409
1 10 2
32 260
1 9 2
131 144
1 10 2
53 579
1 13 2
241 698
1 9 2
163 613
1 15 2
376 671
1 11 2
190 472
1 11 2
429 466
1 7 2
651 684
1 13 2
450 592
1 16 2
14 285
1 7 2
58 210
1 16 2
10 133
1 7 2
635 640
1 15 2
52 166
1 8 2
164 499
1 4 2
151 426
1 8 2
525 540
1 14 2
234 285
1 9 2
107 345
1 7 2
45 560
1 9 2
4 497
1 14 2
549 664
1 10 2
101 601
1 15 2
39 166
1 15 2
74 427
1 11 2
411 691
1 12 2
91 580
1 11 2
22 91
1 6 2
221 444
1 14 2
199 403
1 12 2
254 441
1 14 2
107 324
1 18 2
546 698
1 12 2
108 474
1 15 2
377 527
1 13 2
59 193
1 14 2
213 427
1 13 2
222 633
1 5 2
184 685
1 13 2
55 101
1 7 2
310 567
1 16 2
226 530
1 15 2
120 453
1 14 2
88 549
1 3 2
95 496
1 11 2
87 256
1 11 2
324 583
1 11 2
250 323
1 16 2
579 612
1 12 2
78 664
1 11 2
189 665
1 14 2
17 481
1 18 2
122 211
1 13 2
86 508
1 17 2
448 698
1 16 2
609 617
1 5 2
152 486
1 7 2
15 147
1 9 2
110 323
1 15 2
392 612
1 13 2
55 246
1 7 2
252 677
1 5 2
50 524
1 12 2
64 625
1 13 2
235 477
1 16 2
52 315
1 13 2
11 313
1 14 2
81 174
1 6 2
237 426
1 11 2
343 557
1 3 2
33 565
1 6 2
445 676
1 7 2
66 167
1 9 2
58 497
1 13 2
401 562
1 19 2
121 433
1 3 2
93 643
1 6 2
441 651
1 18 2
91 320
1 6 2
280 289
1 5 2
48 303
1 13 2
86 427
1 17 2
395 475
1 13 2
267 516
1 13 2
251 320
1 12 2
324 387
1 6 2
172 684
1 10 2
19 403
1 8 2
207 676
1 9 2
55 652
1 15 2
17 308
1 8 2
225 246
1 15 2
39 194
1 6 2
362 422
1 11 2
104 556
1 13 2
597 601
1 7 2
24 473
1 9 2
156 671
1 14 2
182 226
1 5 2
36 558
1 15 2
212 579
1 10 2
86 182
1 15 2
434 517
1 6 2
220 287
1 13 2
451 586
1 6 2
250 485
1 11 2
459 674
1 20 2
191 568
1 8 2
98 260
1 10 2
441 563
1 4 2
501 525
1 5 2
230 656
1 8 2
583 682
1 6 2
152 509
1 8 2
431 608
1 3 2
483 575
1 17 2
321 645
1 7 2
320 603
1 8 2
5 255
1 8 2
352 424
1 13 2
377 685
1 9 2
278 590
1 12 2
208 433
1 3 2
309 505
1 15 2
133 308
1 7 2
262 332
1 5 2
337 419
1 7 2
296 329
1 17 2
214 325
1 12 2
520 588
1 6 2
9 491
1 3 2
0 279
1 16 2
55 147
1 8 2
18 222
1 11 2
306 382
1 9 2
1 403
1 10 2
545 597
1 8 2
440 631
1 6 2
63 672
1 8 2
443 492
1 5 2
280 388
1 11 2
493 580
1 11 2
451 691
1 5 2
1 421
1 9 2
218 362
1 10 2
72 417
1 18 2
308 320
1 19 2
10 637
1 9 2
70 283
1 7 2
344 506
1 5 2
241 297
1 6 2
293 557
1 7 2
455 495
1 8 2
247 282
1 12 2
44 559
1 5 2
158 629
1 9 2
70 213
1 12 2
194 678
1 7 2
233 595
1 19 2
450 694
1 11 2
201 448
1 8 2
158 590
1 17 2
214 402
1 12 2
69 555
1 11 2
195 419
1 15 2
191 246
1 13 2
283 462
1 8 2
46 284
1 8 2
425 518
1 16 2
246 477
1 16 2
14 57
1 7 2
325 531
1 16 2
283 547
1 17 2
475 694
1 10 2
91 296
1 5 2
353 523
1 9 2
346 496
1 12 2
74 101
1 9 2
174 669
1 10 2
287 334
1 4 2
309 338
1 18 2
386 477
1 5 2
101 619
1 10 2
508 608
1 5 2
374 550
1 5 2
196 656
1 5 2
397 482
1 8 2
45 527
1 16 2
194 622
1 6 2
343 415
1 6 2
383 455
1 12 2
305 431
1 15 2
34 182
1 12 2
44 461
1 20 2
91 189
1 9 2
262 396
1 12 2
183 201
1 12 2
58 401
1 14 2
188 516
1 7 2
629 635
1 12 2
323 392
1 16 2
540 568
1 9 2
24 343
1 10 2
108 572
1 16 2
132 521
1 16 2
359 671
1 6 2
499 500
1 3 2
51 498
1 2 2
399 659
1 11 2
461 512
1 16 2
145 650
1 16 2
74 554
1 11 2
100 335
1 10 2
472 567
1 9 2
18 189
1 7 2
73 322
1 7 2
82 403
1 14 2
133 199
1 15 2
65 112
1 6 2
525 660
1 13 2
44 434
1 7 2
40 466
1 12 2
154 626
1 11 2
264 569
1 12 2
449 582
1 13 2
39 248
1 3 2
43 157
1 17 2
11 650
1 4 2
49 507
1 13 2
329 657
1 7 2
475 498
1 18 2
37 308
1 7 2
426 552
1 12 2
71 91
1 8 2
6 691
1 15 2
341 613
1 7 2
207 685
1 12 2
208 211
1 20 2
20 698
1 7 2
46 330
1 16 2
20 323
1 16 2
77 530
1 17 2
141 320
1 6 2
233 237
1 14 2
387 671
1 2 2
469 575
1 17 2
342 401
1 15 2
488 588
1 3 2
36 143
1 8 2
143 382
1 9 2
269 417
1 10 2
128 487
1 11 2
511 622
1 9 2
57 239
1 5 2
290 473
1 13 2
66 89
1 10 2
49 417
1 8 2
5 565
1 16 2
326 529
1 10 2
377 505
1 8 2
137 584
1 7 2
107 457
1 8 2
1 495
1 15 2
79 557
1 8 2
507 657
1 4 2
103 332
1 8 2
159 329
1 12 2
85 376
1 14 2
31 50
1 12 2
32 276
1 9 2
578 625
1 9 2
113 179
1 8 2
192 459
1 7 2
445 546
1 6 2
140 251
1 4 2
110 446
1 17 2
31 641
1 12 2
59 256
1 3 2
205 284
1 10 2
136 408
1 9 2
39 286
1 11 2
46 448
1 12 2
322 395
1 10 2
14 620
1 15 2
57 599
1 7 2
467 601
1 7 2
458 593
1 19 2
361 623
1 10 2
48 448
1 2 2
205 369
1 16 2
5 107
1 10 2
183 396
1 18 2
320 395
1 13 2
188 622
1 6 2
104 476
1 9 2
82 547
1 8 2
48 601
1 9 2
139 618
1 10 2
147 509
1 6 2
159 691
1 17 2
64 634
1 9 2
467 671
1 15 2
139 263
1 12 2
138 426
1 4 2
225 501
1 17 2
91 335
1 10 2
556 692
1 17 2
114 448
1 5 2
550 624
1 15 2
458 676
1 5 2
200 414
1 3 2
95 522
1 6 2
216 333
1 3 2
113 231
1 8 2
208 636
1 9 2
110 517
1 17 2
609 657
1 12 2
86 676
1 16 2
226 697
1 9 2
351 601
1 20 2
20 226
1 14 2
78 120
1 12 2
240 401
1 13 2
164 292
1 17 2
270 588
1 20 2
34 493
1 12 2
246 638
1 11 2
63 329
1 14 2
81 328
1 5 2
445 461
1 20 2
65 176
1 4 2
70 486
1 10 2
314 685
1 9 2
183 464
1 11 2
244 493
1 14 2
55 78
1 6 2
357 476
1 3 2
157 662
1 9 2
154 405
1 8 2
317 495
1 8 2
254 690
1 7 2
304 608
1 9 2
548 675
1 13 2
270 322
1 12 2
166 289
1 8 2
136 456
1 5 2
32 628
1 7 2
19 692
1 9 2
140 698
1 11 2
70 698
1 12 2
40 551
1 3 2
543 552
1 15 2
183 376
1 17 2
521 579
1 13 2
154 614
1 8 2
314 322
1 16 2
275 555
1 5 2
208 440
1 11 2
78 262
1 7 2
22 392
1 16 2
14 318
1 9 2
276 496
1 8 2
160 573
1 8 2
530 680
1 6 2
49 414
1 9 2
424 520
1 5 2
370 407
1 7 2
575 671
1 14 2
475 631
1 13 2
403 610
1 9 2
215 225
1 16 2
122 384
1 12 2
57 218
1 9 2
303 585
1 12 2
371 429
1 11 2
112 316
1 9 2
314 447
1 15 2
90 590
1 7 2
167 314
1 3 2
162 476
1 17 2
91 427
1 10 2
451 592
1 5 2
94 484
1 13 2
389 613
1 11 2
429 495
1 8 2
60 323
1 13 2
219 569
1 16 2
74 384
1 13 2
117 687
1 15 2
135 164
1 16 2
569 613
1 15 2
52 136
1 10 2
124 410
1 17 2
77 174
1 13 2
108 218
1 11 2
522 698
1 16 2
65 590
1 9 2
300 610
1 8 2
188 592
1 15 2
433 497
1 20 2
360 698
1 9 2
164 313
1 19 2
5 10
1 5 2
312 412
1 13 2
323 334
1 10 2
291 540
1 16 2
585 694
1 12 2
482 664
1 6 2
56 523
1 12 2
29 650
1 4 2
271 509
1 13 2
24 222
1 14 2
21 57
1 13 2
451 582
1 8 2
81 533
1 8 2
270 348
1 11 2
108 115
1 9 2
50 530
1 5 2
244 583
1 8 2
263 518
1 10 2
83 488
1 12 2
145 408
1 13 2
17 341
1 15 2
449 521
1 7 2
206 375
1 10 2
156 568
1 12 2
139 209
1 15 2
57 554
1 5 2
80 281
1 9 2
154 273
1 13 2
118 386
1 10 2
74 370
1 6 2
553 573
1 11 2
519 595
1 5 2
170 350
1 11 2
360 483
1 9 2
61 139
1 12 2
260 382
1 13 2
254 598
1 12 2
291 555
1 13 2
436 581
1 7 2
403 464
1 3 2
435 575
1 12 2
136 642
1 8 2
141 619
1 14 2
145 626
1 7 2
466 495
1 12 2
1 137
1 6 2
230 338
1 12 2
63 579
1 12 2
133 590
1 7 2
9 93
1 12 2
212 373
1 17 2
77 428
1 4 2
157 297
1 10 2
101 650
1 13 2
438 481
1 18 2
54 183
1 6 2
87 604
1 6 2
27 51
1 9 2
320 649
1 7 2
17 580
1 8 2
182 624
1 14 2
29 664
1 6 2
164 344
1 7 2
441 693
1 14 2
215 376
1 12 2
254 338
1 5 2
1 670
1 15 2
5 502
1 13 2
164 555
1 11 2
540 560
1 12 2
328 686
1 5 2
175 565
1 12 2
334 587
1 15 2
52 386
1 11 2
355 393
1 12 2
303 308
1 12 2
441 465
1 12 2
273 588
1 11 2
346 625
1 7 2
80 287
1 18 2
39 698
1 10 2
393 428
1 17 2
147 579
1 12 2
329 443
1 4 2
290 550
1 8 2
182 511
1 10 2
300 481
1 6 2
160 532
1 13 2
343 547
1 13 2
89 363
1 5 2
323 372
1 9 2
317 373
1 10 2
365 653
1 15 2
283 427
1 10 2
164 438
1 17 2
401 614
1 15 2
429 508
1 8 2
446 675
1 4 2
177 344
1 12 2
523 631
1 16 2
320 376
1 12 2
115 145
1 12 2
24 144
1 8 2
243 305
1 7 2
278 431
1 14 2
285 582
1 10 2
371 559
1 9 2
114 146
1 5 2
358 611
1 12 2
487 625
1 9 2
12 675
1 16 2
121 428
1 9 2
149 340
1 5 2
419 647
1 7 2
119 674
1 7 2
100 518
1 16 2
367 436
1 10 2
329 578
1 15 2
597 686
1 3 2
126 447
1 14 2
139 161
1 17 2
379 516
1 6 2
536 578
1 7 2
215 577
1 10 2
68 346
1 11 2
640 653
1 8 2
471 476
1 11 2
71 320
1 3 2
1 95
1 13 2
171 555
1 8 2
266 544
1 7 2
412 472
1 10 2
8 634
1 18 2
401 450
1 8 2
355 575
1 5 2
15 289
1 9 2
405 588
1 13 2
209 395
1 4 2
284 576
1 5 2
164 272
1 5 2
210 423
1 7 2
237 373
1 5 2
30 681
1 6 2
98 381
1 11 2
125 306
1 13 2
260 472
1 20 2
199 698
1 13 2
64 329
1 5 2
286 628
1 8 2
238 334
1 10 2
144 473
1 7 2
140 582
1 13 2
382 398
1 11 2
44 427
1 8 2
456 617
1 7 2
503 597
1 6 2
453 537
1 11 2
436 482
1 10 2
57 80
1 11 2
176 378
1 12 2
409 601
1 10 2
462 563
1 7 2
200 215
1 15 2
519 542
1 12 2
194 394
1 9 2
105 335
1 14 2
578 612
1 7 2
252 500
1 11 2
394 650
1 9 2
249 357
1 15 2
315 639
1 11 2
50 275
1 9 2
267 502
1 15 2
114 502
1 12 2
247 383
1 10 2
235 631
1 4 2
19 643
1 7 2
294 546
1 6 2
85 628
1 7 2
534 559
1 7 2
422 633
1 4 2
264 483
1 20 2
114 193
1 13 2
122 479
1 4 2
82 435
1 7 2
15 395
1 3 2
27 67
1 15 2
386 542
1 8 2
163 474
1 2 2
140 607
1 16 2
327 342
1 4 2
186 229
1 12 2
448 497
1 8 2
67 194
1 11 2
208 326
1 15 2
89 527
1 6 2
130 466
1 3 2
619 658
1 12 2
58 311
1 12 2
218 508
1 9 2
230 452
1 13 2
331 334
1 12 2
206 425
1 14 2
301 315
1 6 2
307 466
1 13 2
213 639
1 11 2
159 214
1 7 2
19 397
1 11 2
106 329
1 16 2
120 655
1 10 2
166 277
1 15 2
475 590
1 18 2
74 516
1 18 2
475 623
1 13 2
34 484
1 9 2
621 691
1 12 2
206 506
1 10 2
556 693
1 6 2
50 397
1 7 2
105 130
1 7 2
67 586
1 10 2
182 329
1 4 2
186 456
1 13 2
206 590
1 4 2
405 659
1 7 2
501 642
1 11 2
2 377
1 10 2
137 509
1 9 2
417 632
1 14 2
549 657
1 4 2
347 669
1 4 2
504 522
1 14 2
50 450
1 12 2
46 197
1 8 2
296 556
1 14 2
398 586
1 10 2
320 518
1 9 2
453 679
1 7 2
350 564
1 12 2
87 380
1 4 2
284 413
1 13 2
227 384
1 7 2
283 593
1 7 2
49 682
1 8 2
239 530
1 7 2
84 97
1 16 2
247 664
1 11 2
474 590
1 14 2
556 563
1 10 2
49 386
1 8 2
347 645
1 7 2
235 539
1 6 2
47 160
1 12 2
141 289
1 14 2
31 302
1 15 2
141 409
1 3 2
7 640
1 12 2
57 382
1 19 2
176 308
1 14 2
381 634
1 10 2
175 641
1 9 2
301 350
1 11 2
118 249
1 15 2
11 387
1 9 2
277 558
1 9 2
536 551
1 17 2
138 198
1 12 2
199 289
1 5 2
67 383
1 11 2
110 428
1 13 2
65 171
1 10 2
5 473
1 7 2
85 192
1 8 2
100 482
1 9 2
132 628
1 14 2
417 459
1 18 2
360 384
1 11 2
4 341
1 14 2
117 380
1 7 2
249 644
1 6 2
471 505
1 3 2
496 643
1 7 2
75 183
1 5 2
643 689
1 9 2
264 488
1 19 2
54 623
1 5 2
382 695
1 12 2
523 544
1 10 2
477 491
1 11 2
122 240
1 5 2
60 103
1 5 2
365 677
1 8 2
98 434
1 5 2
383 489
1 4 2
492 619
1 14 2
425 599
1 10 2
317 453
1 11 2
389 444
1 9 2
103 361
1 8 2
24 100
1 10 2
342 421
1 19 2
361 477
1 12 2
212 233
1 6 2
40 131
1 8 2
158 392
1 6 2
244 414
1 10 2
46 232
1 7 2
14 690
1 13 2
48 521
1 10 2
254 660
1 13 2
634 635
1 8 2
333 693
1 10 2
362 425
1 7 2
299 333
1 10 2
55 526
1 11 2
51 57
1 4 2
156 207
1 8 2
13 549
1 12 2
335 613
1 12 2
427 542
1 3 2
129 243
1 7 2
119 301
1 16 2
270 329
1 12 2
250 676
1 17 2
359 513
1 3 2
259 405
1 17 2
21 145
1 13 2
150 166
1 11 2
310 342
1 11 2
437 639
1 6 2
104 589
1 7 2
561 635
1 8 2
232 442
1 16 2
55 212
1 6 2
100 644
1 9 2
143 343
1 3 2
344 489
1 16 2
81 376
1 11 2
218 306
1 9 2
49 246
1 7 2
317 520
1 14 2
544 655
1 18 2
81 320
1 14 2
263 465
1 17 2
81 653
1 7 2
234 422
1 8 2
357 540
1 10 2
306 484
1 15 2
114 685
1 12 2
206 402
1 4 2
274 406
1 7 2
150 505
1 10 2
262 289
1 7 2
302 602
1 13 2
639 674
1 5 2
225 435
1 4 2
526 615
1 7 2
351 583
1 8 2
214 663
1 16 2
202 530
1 8 2
178 194
1 5 2
36 676
1 10 2
367 550
1 7 2
9 225
1 8 2
110 382
1 17 2
334 361
1 20 2
450 477
1 5 2
394 404
1 9 2
34 134
1 4 2
567 688
1 9 2
559 608
1 9 2
218 495
1 14 2
101 247
1 15 2
458 613
1 12 2
275 431
1 8 2
82 546
1 14 2
174 183
1 14 2
121 585
1 10 2
166 236
1 9 2
370 590
1 16 2
176 425
1 18 2
31 617
1 12 2
275 573
1 6 2
60 264
1 12 2
66 197
1 8 2
228 681
1 4 2
339 365
1 6 2
356 490
1 16 2
166 183
1 9 2
168 321
1 11 2
57 350
1 6 2
235 422
1 15 2
254 650
1 7 2
219 539
1 10 2
53 77
1 8 2
350 371
1 5 2
251 534
1 9 2
22 355
1 11 2
58 320
1 11 2
379 669
1 15 2
321 546
1 9 2
361 615
1 10 2
170 687
1 8 2
13 141
1 8 2
114 643
1 6 2
284 660
1 8 2
46 476
1 4 2
293 317
1 15 2
639 671
1 14 2
124 318
1 7 2
267 567
1 15 2
262 569
1 6 2
70 539
1 13 2
376 462
1 14 2
685 694
1 9 2
1 17
1 12 2
358 639
1 6 2
111 210
1 14 2
427 475
1 12 2
118 166
1 14 2
262 321
1 13 2
443 664
1 5 2
172 232
1 11 2
213 431
1 17 2
21 433
1 9 2
175 613
1 15 2
559 664
1 11 2
276 515
1 13 2
11 620
1 12 2
108 251
1 16 2
425 623
1 7 2
462 652
1 9 2
559 589
1 17 2
108 308
1 5 2
173 406
1 7 2
337 382
1 14 2
191 462
1 18 2
311 675
1 10 2
527 587
1 11 2
5 175
1 8 2
561 685
1 10 2
122 225
1 9 2
87 248
1 13 2
24 141
1 17 2
89 546
1 4 2
123 396
1 11 2
234 438
1 5 2
24 654
1 18 2
31 341
1 13 2
34 350
1 12 2
346 431
1 6 2
58 243
1 3 2
13 652
1 14 2
145 164
1 11 2
137 661
1 9 2
134 179
1 10 2
83 260
1 10 2
114 187
1 8 2
149 316
1 5 2
602 632
1 8 2
419 476
1 13 2
107 614
1 7 2
149 583
1 3 2
207 605
1 5 2
185 692
1 7 2
387 501
1 13 2
436 689
1 7 2
131 642
1 4 2
116 286
1 8 2
21 480
1 7 2
230 313
1 14 2
21 283
1 10 2
374 529
1 15 2
52 549
1 14 2
355 563
1 10 2
6 64
1 7 2
96 546
1 5 2
134 466
1 10 2
87 142
1 11 2
471 686
1 6 2
460 616
1 20 2
91 211
1 12 2
122 410
1 11 2
117 161
1 9 2
328 455
1 17 2
31 544
1 14 2
121 373
1 15 2
427 675
1 10 2
578 581
1 14 2
145 441
1 4 2
534 592
1 10 2
473 555
1 4 2
119 296
1 8 2
138 257
1 8 2
197 423
1 5 2
373 695
1 13 2
20 182
1 4 2
187 237
1 12 2
479 514
1 15 2
588 641
1 12 2
100 376
1 12 2
270 396
1 9 2
145 644
1 12 2
188 379
1 11 2
49 634
1 12 2
39 125
1 15 2
183 655
1 11 2
24 180
1 15 2
436 554
1 5 2
51 489
1 10 2
81 407
1 8 2
230 425
1 11 2
232 678
1 8 2
86 345
1 3 2
303 366
1 13 2
202 252
1 17 2
37 320
1 14 2
193 636
1 8 2
107 303
1 3 2
445 500
1 3 2
15 98
1 13 2
110 145
1 7 2
9 532
1 7 2
370 621
1 13 2
21 424
1 9 2
150 235
1 4 2
200 652
1 7 2
608 616
1 8 2
22 132
1 5 2
105 435
1 19 2
77 513
1 15 2
91 512
1 10 2
487 525
1 12 2
228 382
1 10 2
121 693
1 3 2
307 543
1 4 2
293 393
1 11 2
351 390
1 17 2
193 228
1 5 2
278 496
1 8 2
198 545
1 12 2
141 583
1 9 2
436 496
1 12 2
78 684
1 18 2
166 308
1 6 2
220 322
1 12 2
164 434
1 10 2
20 354
1 14 2
193 558
1 11 2
152 540
1 8 2
252 383
1 3 2
271 528
1 2 2
298 576
1 16 2
341 555
1 7 2
402 528
1 18 2
114 417
1 4 2
435 480
1 5 2
227 336
1 9 2
154 515
1 9 2
19 587
1 8 2
262 505
1 10 2
84 511
1 9 2
328 500
1 6 2
212 223
1 6 2
291 505
1 8 2
235 313
1 4 2
23 592
1 11 2
161 600
1 6 2
345 494
1 8 2
206 405
1 7 2
253 342
1 2 2
123 294
1 11 2
351 508
1 14 2
38 358
1 14 2
276 581
1 6 2
255 599
1 9 2
12 276
1 5 2
244 608
1 10 2
135 615
1 16 2
359 367
1 11 2
2 191
1 9 2
322 613
1 13 2
283 443
1 13 2
100 637
1 14 2
254 631
1 15 2
121 590
1 13 2
234 292
1 10 2
265 689
1 14 2
449 610
1 18 2
228 569
1 6 2
185 679
1 9 2
239 429
1 12 2
88 563
1 5 2
385 616
1 15 2
227 308
1 13 2
490 588
1 15 2
195 320
1 8 2
6 626
1 12 2
107 636
1 8 2
50 635
1 8 2
83 215
1 4 2
229 602
1 8 2
413 493
1 2 2
12 26
1 9 2
628 687
1 9 2
175 449
1 11 2
48 361
1 15 2
488 641
1 19 2
77 556
1 4 2
397 550
1 19 2
521 569
1 13 2
242 263
1 4 2
24 454
1 11 2
107 381
1 11 2
502 529
1 12 2
180 600
1 7 2
286 626
1 9 2
263 332
1 7 2
330 500
1 14 2
120 560
1 12 2
326 583
1 10 2
147 243
1 13 2
256 443
1 9 2
154 616
1 14 2
436 544
1 11 2
79 624
1 19 2
569 623
1 11 2
79 414
1 10 2
350 631
1 11 2
270 440
1 7 2
317 620
1 10 2
187 475
1 14 2
125 568
1 9 2
227 616
1 6 2
447 628
1 11 2
351 590
1 14 2
31 182
1 12 2
16 226
1 11 2
180 515
1 14 2
176 497
1 12 2
41 166
1 9 2
119 477
1 9 2
122 473
1 14 2
193 626
1 19 2
623 694
1 17 2
54 638
1 3 2
561 607
1 10 2
592 676
1 13 2
1 179
1 10 2
19 691
1 17 2
568 585
1 4 2
51 531
1 10 2
163 166
1 9 2
110 358
1 12 2
214 330
1 12 2
542 668
1 7 2
265 388
1 11 2
107 209
1 15 2
189 394
1 8 2
18 508
1 15 2
193 327
1 6 2
177 192
1 9 2
368 493
1 10 2
219 646
1 14 2
197 617
1 6 2
1 163
1 7 2
148 374
1 15 2
558 609
1 9 2
157 427
1 7 2
128 410
1 7 2
40 460
1 6 2
167 383
1 10 2
329 331
1 5 2
48 365
1 13 2
250 477
1 18 2
361 458
1 12 2
381 544
1 8 2
52 279
1 13 2
106 655
1 16 2
57 276
1 15 2
77 586
1 16 2
108 305
1 9 2
381 682
1 9 2
71 251
1 13 2
41 556
1 15 2
84 226
1 9 2
110 392
1 8 2
332 389
1 9 2
30 490
1 6 2
2 287
1 5 2
479 611
1 19 2
254 311
1 14 2
429 544
1 11 2
109 202
1 8 2
601 679
1 8 2
392 592
1 12 2
370 568
1 12 2
380 466
1 12 2
29 329
1 9 2
49 306
1 5 2
312 456
1 15 2
285 613
1 10 2
46 117
1 14 2
379 668
1 11 2
24 305
1 11 2
133 523
1 10 2
305 383
1 13 2
195 676
1 6 2
301 413
1 11 2
202 418
1 11 2
76 514
1 11 2
441 544
1 8 2
218 595
1 11 2
133 263
1 9 2
327 553
1 4 2
279 464
1 16 2
137 181
1 10 2
213 230
1 14 2
182 687
1 9 2
217 401
1 11 2
32 380
1 9 2
204 617
1 9 2
38 656
1 8 2
197 566
1 7 2
476 567
1 9 2
39 570
1 7 2
371 602
1 17 2
31 668
1 14 2
301 377
1 12 2
31 80
1 8 2
163 331
1 3 2
42 158
1 11 2
625 678
1 11 2
30 183
1 11 2
130 675
1 17 2
226 579
1 19 2
74 568
1 10 2
201 461
1 13 2
29 324
1 9 2
152 683
1 16 2
202 254
1 7 2
101 207
1 14 2
64 386
1 13 2
382 622
1 13 2
376 631
1 8 2
464 558
1 18 2
176 361
1 7 2
166 485
1 10 2
65 111
1 14 2
270 482
1 9 2
208 668
1 12 2
54 515
1 8 2
379 654
1 6 2
347 558
1 14 2
44 176
1 9 2
8 90
1 17 2
55 386
1 18 2
138 634
1 6 2
187 573
1 11 2
86 472
1 7 2
378 444
1 10 2
82 189
1 17 2
145 488
1 5 2
356 362
1 17 2
77 638
1 12 2
16 477
1 4 2
80 354
1 15 2
10 246
1 10 2
518 569
1 11 2
251 262
1 9 2
552 557
1 6 2
185 602
1 6 2
51 80
1 10 2
242 363
1 11 2
329 626
1 17 2
551 609
1 11 2
8 360
1 8 2
325 469
1 10 2
401 550
1 17 2
556 641
1 5 2
146 322
1 12 2
152 377
1 7 2
238 451
1 12 2
142 215
1 9 2
289 381
1 3 2
116 489
1 11 2
157 568
1 3 2
113 307
1 11 2
87 554
1 7 2
152 388
1 12 2
176 345
1 8 2
208 382
1 14 2
11 50
1 14 2
585 668
1 4 2
151 352
1 13 2
250 641
1 7 2
282 346
1 5 2
24 651
1 10 2
252 471
1 13 2
234 475
1 15 2
76 433
1 8 2
153 425
1 11 2
46 557
1 8 2
519 606
1 19 2
135 609
1 11 2
525 637
1 14 2
228 508
1 9 2
540 587
1 8 2
128 424
1 7 2
259 529
1 9 2
540 561
1 9 2
14 207
1 4 2
8 13
1 15 2
81 530
1 6 2
196 539
1 5 2
33 263
1 9 2
93 590
1 5 2
302 507
1 6 2
273 656
1 18 2
20 228
1 6 2
115 565
1 2 2
205 279
1 11 2
11 604
1 8 2
189 663
1 6 2
509 560
1 19 2
77 275
1 17 2
256 551
1 16 2
138 557
1 2 2
294 618
1 12 2
183 273
1 8 2
18 436
1 12 2
579 683
1 18 2
226 617
1 10 2
8 191
1 10 2
55 330
1 6 2
250 524
1 7 2
580 636
1 8 2
252 284
1 10 2
32 556
1 6 2
454 639
1 20 2
270 698
1 4 2
156 595
1 3 2
28 332
1 12 2
107 242
1 9 2
98 551
1 10 2
411 444
1 7 2
129 428
1 14 2
84 612
1 12 2
4 311
1 12 2
213 598
