700 4200 2100
8 19 20 11 21 17 22 18 5 11 24 21 10 5 25 23 10 15 25 10 10 16 11 20 8 5 22 22 7 23 21 5 7 9 11 11 10 10 17 19 5 7 10 10 7 6 21 20 24 10 25 25 25 17 17 14 21 17 22 11 16 19 24 22 22 5 10 5 25 25 12 25 16 8 17 12 5 16 13 24 24 15 16 24 10 5 13 16 7 10 7 15 23 22 13 22 13 5 17 22 5 25 10 25 14 15 17 22 15 23 16 21 15 18 13 13 17 8 8 5 18 16 7 17 16 13 17 9 21 15 6 21 11 23 5 23 11 15 7 14 15 21 15 11 19 19 19 8 6 21 18 17 12 13 23 20 10 7 14 15 15 24 11 18 21 18 5 5 5 15 5 23 7 11 11 5 9 13 10 21 10 18 11 10 25 10 7 9 18 15 25 9 19 17 10 5 25 14 6 23 7 21 9 18 7 13 21 21 12 22 9 24 21 22 6 14 24 9 24 17 17 7 10 22 20 18 8 23 20 21 13 18 16 5 22 7 16 5 20 13 21 9 20 23 18 9 17 14 11 17 25 12 24 9 24 23 5 17 19 15 16 16 11 10 23 25 9 20 18 21 12 22 19 15 5 24 11 6 7 11 20 23 6 20 6 20 13 16 12 18 11 13 9 19 21 8 22 6 12 13 22 10 20 16 23 17 9 10 8 19 13 14 17 19 20 18 21 9 15 10 22 5 8 23 9 23 7 23 9 25 5 16 22 14 15 10 14 5 7 16 6 19 6 8 18 17 10 12 12 10 22 12 25 13 7 15 15 12 14 10 12 17 17 12 10 16 11 11 6 22 10 20 17 22 6 6 9 8 11 10 19 10 22 10 25 9 18 19 20 11 25 7 15 16 11 8 15 21 13 14 18 6 18 16 8 8 17 10 8 19 19 13 22 19 23 18 9 25 17 7 14 9 9 11 15 5 18 22 18 12 25 23 24 17 18 14 19 14 21 21 24 11 7 8 18 5 15 17 16 15 14 21 10 20 15 24 9 20 15 13 19 21 5 18 18 13 7 23 24 18 19 8 11 5 21 7 13 13 25 13 15 25 9 7 9 6 17 19 21 6 11 19 19 20 13 17 9 15 25 5 11 17 11 13 13 6 5 10 22 8 12 22 14 17 25 5 15 12 25 24 5 23 5 10 6 7 12 23 21 6 16 8 22 13 14 13 15 18 10 21 6 17 16 13 25 24 11 14 7 10 14 6 18 9 20 19 25 20 16 20 7 6 10 24 6 7 15 19 16 15 14 14 13 17 5 5 16 22 15 19 25 23 7 8 11 25 7 6 14 15 10 16 14 5 19 12 5 11 21 12 18 24 19 24 21 18 22 15 20 23 9 18 13 6 20 14 20 12 15 8 13 16 23 15 5 7 16 17 16 5 17 22 14 20 6 21 11 11 17 24 19 15 5 15 10 17 20 10 6 8 8 14 9 21 25 8 21 16 20 23 8 10 12 24 15 25 20 20 6 14 8 23 12 20 12 11 9 19 20 13 19 18 9 21 14 6 21 6 21 18 7 22 25 21 14 25 24 15 14 14
20 13 11 5 6 11 14 19 15 9 11 17 6 20 13 14 13 17 17 7 7 8 12 10 13 4 12 5 17 13 3 16 4 19 15 10 13 18 4 5 7 15 15 9 5 15 6 9 17 17 9 9 9 8 6 3 16 3 12 19 12 4 3 17 11 15 17 12 12 19 5 5 4 3 16 3 4 19 14 6 10 12 19 7 7 10 5 8 17 19 14 10 10 11 9 17 17 11 20 3 11 4 8 14 9 20 8 18 13 5 16 15 7 8 13 18 6 15 4 8 17 19 10 18 3 4 10 15 12 17 5 9 11 20 13 4 17 18 5 3 15 18 4 11 18 15 15 10 6 15 10 5 12 5 18 13 17 3 12 20 14 8 12 12 17 5 17 14 19 17 17 10 6 10 4 10 13 20 12 16 19 15 13 20 16 11 13 20 18 6 5 20 13 4 11 7 9 17 16 18 12 14 9 16 8 12 20 5 14 10 13 15 14 19 18 15 14 9 9 20 9 12 16 19 18 6 6 6 16 9 3 6 5 18 9 19 20 8 13 3 18 18 12 11 4 18 15 8 4 12 15 3 8 12 12 15 9 13 9 18 16 3 5 16 17 11 12 7 11 5 4 14 9 20 19 18 12 14 12 13 11 10 5 16 16 19 15 9 19 20 19 18 13 14 10 12 9 12 7 5 18 7 17 19 7 14 7 9 5 17 5 15 3 12 11 13 5 6 12 18 10 16 5 9 3 19 18 17 14 15 15 11 12 17 16 19 19 19 20 20 10 13 16 3 14 8 11 16 7 12 17 13 11 3 7 17 12 9 17 11 19 16 6 14 17 6 16 14 16 3 10 14 10 17 9 6 18 6 14 12 3 3 6 12 19 8 7 20 12 12 12 4 8 5 11 12 8 17 20 14 15 15 12 17 15 12 20 5 19 8 17 18 19 5 7 6 10 10 7 9 9 19 17 17 12 5 12 4 4 6 7 6 7 18 5 9 15 3 7 7 5 20 6 3 20 11 4 7 20 11 7 15 3 8 11 4 14 19 7 20 14 3 16 11 4 16 8 17 18 15 14 9 16 18 15 13 7 10 7 17 13 8 11 4 3 9 5 6 13 9 18 3 8 7 13 6 16 9 3 8 17 5 3 12 14 17 12 14 7 17 7 19 18 3 9 19 10 18 20 8 6 6 16 14 15 9 7 3 15 4 5 11 6 8 12 17 15 17 3 14 14 5 5 16 4 18 13 13 5 20 8 10 13 19 3 3 13 13 5 16 5 3 20 4 6 17 9 7 3 5 9 8 10 20 13 7 9 9 5 6 16 11 16 4 7 20 15 3 8 20 9 17 16 6 18 13 16 12 9 14 6 17 9 13 5 17 4 10 19 20 9 12 9 20 10 5 5 19 6 11 5 14 5 9 17 16 3 5 5 10 5 3 14 5 14 19 10 4 18 12 3 20 12 5 12 11 13 12 9 11 3 3 19 14 12 12 15 9 4 14 10 15 6 8 4 18 3 7 3 16 7 6 18 3 5 5 5 19 5 14 6 13 5 16 12 6 11 16 11 8 5 19 12 6 19 16 6 10 16 17
1 9 2
136 192
1 10 2
402 569
1 10 2
86 461
1 11 2
415 630
1 5 2
36 535
1 8 2
293 597
1 6 2
61 118
1 7 2
583 604
1 13 2
371 602
1 10 2
255 394
1 11 2
393 557
1 12 2
196 437
1 10 2
81 453
1 4 2
392 551
1 11 2
208 271
1 7 2
291 333
1 13 2
283 460
1 14 2
111 231
1 10 2
192 571
1 6 2
187 361
1 18 2
384 683
1 13 2
494 665
1 14 2
213 492
1 19 2
69 79
1 10 2
181 611
1 17 2
431 656
1 7 2
29 473
1 9 2
220 592
1 4 2
130 536
1 5 2
505 513
1 12 2
68 310
1 8 2
48 256
1 14 2
120 369
1 4 2
28 197
1 20 2
48 518
1 13 2
294 658
1 16 2
68 678
1 7 2
313 583
1 10 2
52 610
1 7 2
305 652
1 18 2
234 519
1 17 2
131 384
1 3 2
359 540
1 13 2
203 614
1 4 2
589 634
1 10 2
125 314
1 16 2
209 609
1 10 2
77 289
1 4 2
353 634
1 10 2
393 495
1 10 2
144 392
1 18 2
384 631
1 9 2
56 346
1 9 2
43 622
1 17 2
1 498
1 14 2
54 211
1 19 2
18 92
1 13 2
101 189
1 8 2
458 578
1 6 2
75 336
1 18 2
190 414
1 10 2
348 622
1 12 2
557 627
1 15 2
149 373
1 11 2
108 209
1 18 2
14 683
1 12 2
1 386
1 7 2
324 666
1 11 2
38 464
1 11 2
400 460
1 4 2
20 662
1 6 2
174 615
1 6 2
379 480
1 14 2
300 567
1 18 2
47 518
1 17 2
107 300
1 9 2
213 364
1 11 2
139 302
1 9 2
549 656
1 12 2
150 439
1 10 2
248 451
1 7 2
489 635
1 7 2
130 412
1 8 2
142 699
1 17 2
254 371
1 14 2
273 352
1 9 2
35 658
1 8 2
271 525
1 16 2
252 598
1 11 2
312 492
1 8 2
569 679
1 15 2
79 463
1 6 2
347 566
1 11 2
128 459
1 12 2
521 547
1 16 2
80 120
1 11 2
212 530
1 12 2
50 70
1 5 2
20 139
1 13 2
616 666
1 8 2
514 540
1 15 2
352 681
1 14 2
4 131
1 12 2
128 418
1 9 2
339 448
1 17 2
555 585
1 11 2
218 637
1 6 2
167 224
1 9 2
54 236
1 6 2
408 541
1 12 2
356 606
1 11 2
288 609
1 13 2
159 161
1 11 2
589 678
1 11 2
10 35
1 5 2
94 655
1 11 2
46 261
1 9 2
247 305
1 17 2
190 371
1 12 2
159 179
1 9 2
232 578
1 10 2
476 508
1 12 2
239 265
1 9 2
70 314
1 8 2
126 247
1 9 2
391 580
1 10 2
33 654
1 10 2
23 336
1 7 2
397 687
1 16 2
196 280
1 5 2
297 305
1 2 2
195 456
1 11 2
77 192
1 12 2
434 488
1 16 2
413 468
1 5 2
505 645
1 9 2
62 66
1 9 2
565 663
1 8 2
528 676
1 12 2
154 530
1 8 2
408 532
1 14 2
254 513
1 7 2
169 358
1 10 2
145 392
1 8 2
126 360
1 5 2
13 289
1 5 2
297 418
1 14 2
487 604
1 15 2
238 252
1 15 2
212 373
1 4 2
142 166
1 14 2
113 304
1 16 2
227 633
1 12 2
316 541
1 17 2
92 581
1 13 2
246 521
1 5 2
35 546
1 8 2
124 358
1 12 2
23 54
1 13 2
318 384
1 12 2
479 654
1 15 2
163 467
1 17 2
227 296
1 4 2
204 472
1 9 2
287 552
1 8 2
535 537
1 8 2
548 622
1 13 2
188 667
1 7 2
484 645
1 12 2
124 234
1 10 2
594 621
1 4 2
143 484
1 12 2
447 688
1 11 2
464 495
1 9 2
498 531
1 13 2
161 626
1 7 2
21 180
1 10 2
316 617
1 6 2
143 697
1 14 2
74 609
1 14 2
289 414
1 11 2
79 459
1 12 2
429 544
1 11 2
276 654
1 16 2
252 409
1 14 2
140 390
1 8 2
147 691
1 7 2
176 341
1 7 2
224 375
1 11 2
402 689
1 8 2
422 461
1 8 2
432 471
1 12 2
60 691
1 14 2
345 556
1 10 2
327 674
1 6 2
59 356
1 12 2
240 403
1 2 2
456 522
1 13 2
446 545
1 10 2
437 678
1 5 2
359 458
1 5 2
236 274
1 8 2
452 492
1 11 2
577 607
1 16 2
223 521
1 7 2
397 655
1 5 2
35 251
1 15 2
428 665
1 17 2
23 430
1 8 2
236 424
1 9 2
82 110
1 11 2
400 627
1 17 2
440 688
1 6 2
0 447
1 6 2
290 643
1 9 2
182 397
1 7 2
620 669
1 11 2
254 360
1 5 2
35 353
1 6 2
143 571
1 10 2
194 603
1 7 2
282 332
1 14 2
400 545
1 7 2
21 441
1 11 2
141 621
1 11 2
56 140
1 19 2
161 243
1 7 2
486 590
1 10 2
71 381
1 14 2
149 667
1 6 2
507 623
1 13 2
165 622
1 20 2
68 101
1 8 2
189 615
1 7 2
247 334
1 13 2
440 591
1 14 2
15 98
1 8 2
289 367
1 9 2
517 528
1 6 2
136 623
1 6 2
473 631
1 15 2
585 645
1 12 2
146 345
1 12 2
30 315
1 14 2
384 448
1 12 2
129 601
1 10 2
266 352
1 15 2
80 145
1 11 2
547 598
1 12 2
4 244
1 16 2
369 397
1 9 2
144 398
1 15 2
146 639
1 15 2
436 508
1 12 2
121 209
1 10 2
271 571
1 7 2
55 669
1 14 2
46 680
1 15 2
52 573
1 8 2
32 254
1 13 2
355 601
1 10 2
336 677
1 17 2
79 653
1 3 2
326 652
1 13 2
206 447
1 10 2
80 202
1 9 2
483 545
1 17 2
332 581
1 5 2
463 515
1 10 2
451 694
1 11 2
262 654
1 8 2
501 694
1 17 2
145 544
1 19 2
227 603
1 8 2
423 677
1 13 2
141 681
1 7 2
358 550
1 12 2
454 527
1 8 2
178 474
1 14 2
486 527
1 7 2
209 586
1 15 2
92 457
1 11 2
286 622
1 14 2
272 653
1 9 2
212 441
1 11 2
250 379
1 11 2
7 74
1 6 2
120 172
1 4 2
270 619
1 5 2
284 345
1 9 2
232 303
1 12 2
211 465
1 17 2
275 528
1 15 2
58 332
1 11 2
571 609
1 17 2
474 519
1 3 2
395 500
1 15 2
474 559
1 10 2
155 632
1 10 2
207 251
1 10 2
179 479
1 18 2
83 686
1 4 2
284 512
1 18 2
62 671
1 11 2
207 643
1 11 2
365 658
1 13 2
302 579
1 20 2
171 384
1 7 2
120 562
1 15 2
61 320
1 9 2
126 516
1 17 2
254 457
1 13 2
213 362
1 18 2
332 603
1 15 2
231 696
1 12 2
480 598
1 15 2
627 663
1 4 2
162 496
1 7 2
449 479
1 9 2
140 513
1 13 2
95 573
1 8 2
189 311
1 17 2
498 693
1 7 2
393 672
1 10 2
11 534
1 8 2
312 458
1 16 2
243 474
1 10 2
165 621
1 13 2
244 653
1 16 2
165 514
1 9 2
118 585
1 14 2
228 604
1 13 2
318 390
1 6 2
351 420
1 8 2
112 449
1 6 2
82 405
1 13 2
116 296
1 5 2
232 401
1 7 2
459 615
1 14 2
402 467
1 11 2
213 620
1 12 2
393 427
1 12 2
144 238
1 11 2
331 402
1 10 2
160 453
1 14 2
30 646
1 11 2
631 643
1 17 2
229 603
1 10 2
14 306
1 12 2
142 659
1 3 2
210 562
1 19 2
514 581
1 17 2
252 371
1 17 2
250 604
1 3 2
8 584
1 14 2
48 403
1 8 2
225 526
1 11 2
75 190
1 9 2
206 378
1 7 2
534 615
1 17 2
51 528
1 10 2
216 652
1 12 2
387 460
1 8 2
20 488
1 8 2
168 323
1 8 2
121 273
1 12 2
434 453
1 11 2
478 562
1 9 2
315 535
1 16 2
580 611
1 14 2
128 598
1 16 2
68 192
1 19 2
48 585
1 12 2
2 72
1 14 2
380 691
1 14 2
243 428
1 8 2
252 274
1 8 2
210 604
1 4 2
178 416
1 12 2
355 691
1 14 2
229 559
1 10 2
365 469
1 11 2
133 347
1 19 2
556 631
1 18 2
83 325
1 18 2
15 243
1 7 2
345 597
1 5 2
104 456
1 10 2
545 682
1 13 2
99 463
1 11 2
332 651
1 7 2
238 253
1 9 2
5 287
1 14 2
69 393
1 9 2
472 653
1 10 2
369 517
1 5 2
249 548
1 9 2
159 552
1 10 2
199 262
1 18 2
103 693
1 10 2
48 346
1 10 2
16 254
1 11 2
257 413
1 7 2
175 585
1 4 2
277 318
1 9 2
239 457
1 5 2
17 187
1 6 2
13 99
1 14 2
426 606
1 5 2
19 177
1 11 2
584 585
1 18 2
161 373
1 13 2
211 260
1 9 2
226 478
1 6 2
312 590
1 16 2
50 579
1 8 2
374 663
1 17 2
468 474
1 12 2
53 667
1 12 2
54 238
1 12 2
57 688
1 5 2
24 578
1 15 2
414 554
1 15 2
468 602
1 10 2
164 259
1 13 2
171 287
1 18 2
95 545
1 12 2
135 311
1 11 2
479 606
1 14 2
439 567
1 8 2
433 543
1 14 2
79 126
1 7 2
241 272
1 7 2
35 362
1 10 2
283 547
1 12 2
494 556
1 16 2
606 671
1 8 2
385 439
1 18 2
14 488
1 12 2
10 270
1 10 2
2 355
1 5 2
262 502
1 7 2
526 626
1 15 2
594 663
1 14 2
339 430
1 18 2
606 654
1 19 2
327 329
1 19 2
327 518
1 12 2
111 643
1 18 2
352 373
1 16 2
71 501
1 12 2
161 392
1 10 2
346 580
1 7 2
213 442
1 11 2
451 536
1 9 2
183 373
1 13 2
323 513
1 5 2
198 449
1 13 2
109 232
1 13 2
158 514
1 10 2
279 325
1 4 2
178 637
1 8 2
309 429
1 10 2
246 305
1 12 2
387 600
1 7 2
421 605
1 13 2
99 305
1 12 2
231 313
1 12 2
207 542
1 17 2
63 519
1 13 2
464 577
1 12 2
279 384
1 6 2
239 699
1 10 2
21 312
1 16 2
39 432
1 4 2
308 675
1 11 2
400 630
1 15 2
268 603
1 13 2
52 534
1 8 2
232 550
1 7 2
429 664
1 3 2
235 266
1 8 2
28 369
1 12 2
57 451
1 6 2
197 546
1 6 2
619 677
1 7 2
110 597
1 18 2
68 223
1 9 2
152 688
1 4 2
157 516
1 10 2
246 400
1 9 2
201 379
1 14 2
275 428
1 6 2
359 516
1 6 2
526 572
1 7 2
194 231
1 16 2
413 580
1 18 2
269 478
1 9 2
436 533
1 12 2
192 242
1 10 2
227 270
1 7 2
74 290
1 9 2
113 205
1 16 2
101 400
1 12 2
464 667
1 11 2
121 460
1 13 2
344 532
1 14 2
69 261
1 7 2
191 554
1 7 2
102 123
1 12 2
415 438
1 17 2
92 631
1 16 2
14 614
1 9 2
152 294
1 7 2
420 424
1 11 2
5 409
1 11 2
314 591
1 12 2
164 396
1 17 2
240 250
1 14 2
60 218
1 17 2
264 696
1 7 2
222 681
1 15 2
98 390
1 10 2
492 547
1 8 2
413 472
1 11 2
137 242
1 12 2
197 275
1 17 2
111 190
1 14 2
51 618
1 13 2
339 622
1 7 2
470 560
1 12 2
75 665
1 10 2
209 298
1 8 2
163 366
1 5 2
180 535
1 17 2
109 606
1 6 2
396 500
1 4 2
178 590
1 8 2
510 573
1 10 2
542 681
1 9 2
654 685
1 10 2
224 311
1 11 2
271 480
1 6 2
335 628
1 8 2
169 669
1 9 2
303 356
1 5 2
360 500
1 9 2
62 560
1 15 2
150 384
1 12 2
110 631
1 8 2
422 608
1 5 2
28 225
1 9 2
47 546
1 14 2
109 464
1 4 2
222 484
1 4 2
127 661
1 15 2
414 528
1 12 2
294 386
1 18 2
83 691
1 10 2
252 507
1 18 2
62 296
1 9 2
104 426
1 10 2
514 553
1 18 2
514 527
1 7 2
441 444
1 12 2
470 600
1 13 2
283 493
1 7 2
356 504
1 5 2
132 599
1 6 2
81 182
1 13 2
10 534
1 14 2
56 658
1 9 2
195 384
1 9 2
165 446
1 8 2
52 134
1 9 2
145 291
1 8 2
4 655
1 9 2
367 474
1 11 2
144 513
1 7 2
267 408
1 12 2
23 400
1 9 2
353 453
1 17 2
29 255
1 18 2
103 598
1 15 2
14 268
1 8 2
585 690
1 11 2
22 417
1 3 2
136 515
1 7 2
241 469
1 6 2
124 185
1 12 2
106 656
1 15 2
63 557
1 15 2
345 430
1 13 2
98 373
1 10 2
183 468
1 11 2
206 516
1 8 2
177 627
1 6 2
286 351
1 17 2
141 211
1 11 2
125 631
1 10 2
549 695
1 13 2
39 460
1 9 2
291 380
1 13 2
257 350
1 11 2
316 530
1 13 2
607 671
1 9 2
334 469
1 12 2
465 609
1 16 2
144 431
1 20 2
329 498
1 9 2
298 453
1 5 2
126 342
1 7 2
88 369
1 5 2
39 499
1 6 2
262 620
1 5 2
638 685
1 14 2
188 327
1 11 2
311 532
1 12 2
606 643
1 16 2
314 585
1 13 2
64 541
1 9 2
399 457
1 5 2
256 341
1 3 2
290 368
1 4 2
105 237
1 7 2
335 387
1 8 2
120 132
1 17 2
201 440
1 14 2
92 611
1 3 2
347 685
1 15 2
69 313
1 15 2
255 294
1 17 2
6 199
1 12 2
159 532
1 8 2
108 140
1 6 2
389 632
1 8 2
435 641
1 9 2
126 536
1 5 2
383 449
1 3 2
148 472
1 9 2
104 614
1 15 2
155 300
1 5 2
311 404
1 12 2
316 641
1 11 2
39 611
1 11 2
27 632
1 4 2
462 477
1 15 2
240 350
1 7 2
512 535
1 15 2
426 518
1 7 2
84 165
1 9 2
404 468
1 12 2
154 239
1 11 2
2 246
1 10 2
70 149
1 9 2
123 139
1 10 2
307 659
1 9 2
69 404
1 12 2
447 457
1 10 2
89 455
1 9 2
108 447
1 12 2
72 577
1 5 2
447 506
1 5 2
37 679
1 8 2
3 269
1 5 2
607 650
1 17 2
51 453
1 9 2
283 359
1 11 2
188 492
1 11 2
111 497
1 11 2
71 507
1 18 2
30 80
1 15 2
300 461
1 10 2
283 476
1 19 2
68 243
1 8 2
399 403
1 11 2
36 417
1 9 2
194 369
1 4 2
170 589
1 8 2
54 550
1 14 2
6 600
1 8 2
108 573
1 9 2
270 616
1 9 2
116 393
1 12 2
142 229
1 7 2
230 334
1 13 2
68 449
1 15 2
427 658
1 12 2
137 601
1 7 2
144 324
1 10 2
222 580
1 7 2
5 617
1 16 2
192 431
1 16 2
371 384
1 13 2
400 451
1 8 2
104 542
1 15 2
275 426
1 17 2
488 603
1 8 2
136 557
1 8 2
161 221
1 17 2
559 695
1 7 2
86 393
1 9 2
263 474
1 3 2
379 685
1 13 2
478 536
1 16 2
264 397
1 11 2
238 641
1 6 2
81 335
1 6 2
347 356
1 4 2
473 645
1 12 2
125 390
1 12 2
332 698
1 7 2
117 146
1 11 2
99 536
1 8 2
272 584
1 6 2
237 683
1 18 2
190 240
1 13 2
52 420
1 13 2
137 580
1 9 2
482 527
1 12 2
39 537
1 5 2
378 398
1 11 2
165 434
1 17 2
133 581
1 7 2
59 501
1 7 2
530 698
1 16 2
101 646
1 20 2
250 478
1 13 2
216 396
1 7 2
153 435
1 13 2
71 446
1 8 2
363 409
1 8 2
312 570
1 20 2
514 518
1 13 2
345 577
1 12 2
179 591
1 14 2
128 409
1 9 2
66 439
1 15 2
316 532
1 12 2
615 663
1 13 2
567 693
1 9 2
208 285
1 8 2
573 694
1 18 2
603 696
1 11 2
21 39
1 4 2
326 612
1 11 2
246 309
1 12 2
58 105
1 10 2
141 504
1 9 2
234 263
1 8 2
276 605
1 14 2
259 695
1 9 2
329 586
1 6 2
342 410
1 8 2
140 641
1 17 2
144 190
1 9 2
63 661
1 3 2
22 277
1 14 2
26 541
1 5 2
462 470
1 3 2
25 37
1 15 2
99 320
1 6 2
72 156
1 9 2
83 217
1 13 2
658 666
1 19 2
320 478
1 7 2
201 295
1 8 2
319 693
1 12 2
55 325
1 8 2
569 576
1 9 2
188 662
1 14 2
53 521
1 7 2
284 332
1 6 2
114 205
1 12 2
534 663
1 4 2
364 652
1 11 2
396 633
1 10 2
27 394
1 10 2
444 536
1 13 2
229 302
1 11 2
164 239
1 7 2
527 574
1 15 2
30 56
1 13 2
203 223
1 3 2
342 584
1 8 2
383 667
1 8 2
72 153
1 12 2
455 543
1 11 2
356 658
1 9 2
30 503
1 17 2
56 585
1 5 2
45 497
1 4 2
104 524
1 7 2
201 660
1 13 2
432 566
1 7 2
157 635
1 11 2
121 470
1 11 2
633 697
1 7 2
383 568
1 4 2
217 366
1 16 2
413 481
1 17 2
373 609
1 19 2
252 563
1 10 2
259 640
1 16 2
238 695
1 12 2
247 545
1 16 2
99 412
1 7 2
182 232
1 10 2
358 559
1 11 2
501 602
1 12 2
86 519
1 14 2
493 678
1 10 2
474 512
1 12 2
275 570
1 18 2
304 481
1 8 2
269 395
1 6 2
448 471
1 15 2
11 133
1 9 2
149 526
1 10 2
46 153
1 9 2
4 637
1 9 2
470 697
1 3 2
0 335
1 9 2
75 653
1 5 2
237 386
1 8 2
325 670
1 7 2
258 306
1 10 2
68 241
1 11 2
280 305
1 4 2
307 652
1 13 2
294 428
1 16 2
149 369
1 8 2
42 145
1 6 2
593 635
1 9 2
17 220
1 5 2
610 617
1 9 2
2 156
1 6 2
134 688
1 7 2
93 524
1 18 2
4 654
1 3 2
84 551
1 14 2
539 594
1 6 2
172 552
1 15 2
413 622
1 9 2
226 281
1 17 2
14 149
1 9 2
64 182
1 8 2
54 378
1 5 2
368 433
1 9 2
57 303
1 9 2
503 681
1 10 2
37 265
1 8 2
283 661
1 19 2
93 580
1 17 2
93 323
1 17 2
50 457
1 11 2
92 104
1 2 2
235 515
1 3 2
217 531
1 13 2
107 113
1 6 2
124 376
1 9 2
246 516
1 5 2
155 506
1 6 2
590 641
1 13 2
144 155
1 18 2
250 616
1 8 2
207 359
1 5 2
319 353
1 14 2
313 691
1 12 2
54 283
1 12 2
146 344
1 8 2
108 177
1 14 2
224 457
1 19 2
304 390
1 6 2
0 400
1 4 2
110 282
1 2 2
245 274
1 6 2
487 582
1 12 2
17 201
1 15 2
54 663
1 15 2
53 265
1 6 2
32 457
1 7 2
140 494
1 6 2
289 391
1 14 2
57 196
1 9 2
137 219
1 4 2
97 446
1 7 2
613 646
1 6 2
438 489
1 5 2
145 337
1 13 2
158 184
1 9 2
155 301
1 11 2
57 487
1 13 2
267 693
1 5 2
180 230
1 7 2
318 336
1 16 2
171 412
1 17 2
397 692
1 13 2
320 331
1 12 2
432 435
1 6 2
0 579
1 3 2
443 452
1 13 2
228 616
1 15 2
77 580
1 6 2
208 571
1 16 2
30 234
1 11 2
55 511
1 13 2
14 458
1 7 2
220 383
1 7 2
492 649
1 15 2
154 436
1 7 2
108 356
1 9 2
283 299
1 14 2
243 680
1 8 2
90 332
1 4 2
339 515
1 6 2
55 367
1 7 2
145 538
1 11 2
145 246
1 14 2
111 309
1 8 2
445 585
1 13 2
79 623
1 8 2
294 682
1 5 2
1 85
1 6 2
160 241
1 9 2
284 665
1 14 2
50 571
1 9 2
305 449
1 7 2
105 298
1 16 2
149 635
1 14 2
300 677
1 11 2
174 481
1 15 2
110 585
1 10 2
39 449
1 10 2
392 646
1 9 2
131 535
1 14 2
436 528
1 14 2
444 511
1 16 2
50 646
1 10 2
82 567
1 12 2
179 589
1 15 2
149 508
1 8 2
311 628
1 15 2
128 280
1 6 2
130 457
1 10 2
193 486
1 12 2
429 514
1 12 2
411 478
1 11 2
591 688
1 15 2
103 627
1 8 2
236 517
1 13 2
1 614
1 9 2
181 698
1 9 2
64 241
1 5 2
98 204
1 10 2
335 663
1 11 2
95 698
1 8 2
22 144
1 16 2
511 577
1 13 2
80 424
1 10 2
51 456
1 12 2
430 517
1 12 2
10 480
1 19 2
327 440
1 18 2
369 498
1 11 2
82 141
1 11 2
17 229
1 14 2
242 686
1 7 2
500 513
1 6 2
307 621
1 16 2
231 585
1 7 2
131 625
1 14 2
121 252
1 8 2
88 467
1 16 2
585 677
1 12 2
6 578
1 11 2
72 491
1 9 2
207 597
1 4 2
239 374
1 13 2
29 643
1 19 2
250 521
1 4 2
102 510
1 10 2
424 600
1 12 2
332 664
1 6 2
318 364
1 6 2
95 170
1 9 2
68 326
1 5 2
231 337
1 14 2
212 371
1 12 2
218 358
1 10 2
150 246
1 5 2
139 661
1 9 2
14 466
1 13 2
51 620
1 11 2
104 255
1 8 2
588 657
1 9 2
58 292
1 6 2
124 194
1 12 2
434 579
1 13 2
154 447
1 12 2
229 627
1 15 2
146 545
1 15 2
39 227
1 10 2
77 594
1 6 2
375 380
1 5 2
118 495
1 9 2
492 504
1 12 2
309 559
1 7 2
536 697
1 15 2
244 601
1 18 2
83 213
1 8 2
597 605
1 15 2
99 532
1 10 2
180 211
1 3 2
147 531
1 8 2
367 447
1 6 2
245 611
1 7 2
273 535
1 10 2
56 205
1 11 2
126 680
1 10 2
207 664
1 7 2
419 688
1 12 2
29 626
1 14 2
264 341
1 17 2
663 688
1 10 2
55 228
1 17 2
327 631
1 6 2
236 301
1 6 2
28 470
1 5 2
404 479
1 12 2
2 552
1 11 2
556 637
1 12 2
54 528
1 12 2
71 459
1 11 2
341 426
1 9 2
689 694
1 8 2
29 326
1 8 2
497 620
1 11 2
91 606
1 7 2
52 522
1 20 2
14 264
1 15 2
18 541
1 19 2
69 467
1 18 2
304 431
1 9 2
363 453
1 12 2
283 463
1 7 2
268 279
1 17 2
50 144
1 9 2
106 260
1 11 2
298 563
1 14 2
2 438
1 13 2
300 372
1 15 2
640 695
1 9 2
157 250
1 14 2
135 689
1 18 2
149 265
1 16 2
179 508
1 10 2
62 637
1 8 2
210 320
1 9 2
225 679
1 8 2
72 662
1 13 2
430 569
1 17 2
302 468
1 10 2
143 296
1 18 2
111 585
1 12 2
106 316
1 16 2
11 581
1 17 2
46 135
1 5 2
9 182
1 7 2
39 394
1 6 2
163 690
1 7 2
0 680
1 10 2
361 469
1 6 2
136 536
1 13 2
91 603
1 7 2
123 407
1 8 2
43 557
1 11 2
487 568
1 16 2
218 602
1 7 2
549 681
1 17 2
269 639
1 16 2
265 677
1 14 2
302 412
1 15 2
585 630
1 15 2
58 555
1 14 2
80 193
1 3 2
248 648
1 10 2
179 420
1 10 2
231 232
1 5 2
147 205
1 13 2
158 665
1 8 2
517 658
1 14 2
26 487
1 14 2
54 417
1 10 2
521 523
1 9 2
124 448
1 18 2
216 639
1 19 2
62 83
1 9 2
257 424
1 14 2
6 680
1 5 2
277 645
1 15 2
145 196
1 18 2
271 654
1 12 2
155 312
1 15 2
627 654
1 6 2
274 559
1 9 2
90 696
1 11 2
144 628
1 5 2
28 259
1 6 2
367 632
1 10 2
75 325
1 18 2
255 601
1 15 2
539 577
1 15 2
426 654
1 8 2
106 664
1 13 2
415 453
1 6 2
266 365
1 14 2
39 431
1 11 2
360 544
1 13 2
133 497
1 8 2
193 651
1 14 2
238 314
1 18 2
255 264
1 12 2
124 559
1 8 2
23 682
1 15 2
467 646
1 10 2
454 488
1 10 2
242 299
1 12 2
141 163
1 8 2
153 365
1 13 2
302 689
1 7 2
179 574
1 19 2
71 581
1 16 2
457 532
1 18 2
304 455
1 9 2
153 314
1 10 2
169 258
1 10 2
128 239
1 3 2
67 550
1 10 2
454 611
1 10 2
9 227
1 6 2
354 463
1 10 2
159 258
1 11 2
47 480
1 20 2
14 50
1 13 2
92 142
1 6 2
270 536
1 2 2
374 509
1 16 2
265 605
1 11 2
386 418
1 11 2
474 516
1 6 2
266 513
1 16 2
27 622
1 10 2
139 616
1 12 2
184 694
1 18 2
4 184
1 11 2
5 402
1 15 2
161 406
1 4 2
399 629
1 10 2
7 189
1 10 2
655 695
1 6 2
496 501
1 7 2
231 523
1 18 2
68 656
1 15 2
68 121
1 17 2
131 478
1 8 2
551 654
1 11 2
293 361
1 17 2
190 269
1 10 2
408 692
1 15 2
38 250
1 16 2
64 658
1 9 2
293 533
1 9 2
193 697
1 17 2
56 581
1 7 2
165 262
1 11 2
48 180
1 4 2
94 204
1 7 2
185 469
1 11 2
517 622
1 13 2
114 692
1 12 2
15 449
1 5 2
96 385
1 10 2
181 454
1 9 2
139 402
1 10 2
155 259
1 4 2
548 669
1 11 2
129 201
1 14 2
285 635
1 6 2
150 649
1 9 2
94 470
1 8 2
591 615
1 12 2
243 310
1 7 2
353 356
1 8 2
261 494
1 8 2
59 150
1 13 2
397 537
1 11 2
571 659
1 13 2
552 686
1 8 2
456 683
1 14 2
179 436
1 6 2
132 694
1 10 2
246 418
1 6 2
169 636
1 5 2
73 420
1 16 2
101 537
1 13 2
17 563
1 8 2
310 312
1 18 2
10 271
1 5 2
72 561
1 3 2
222 324
1 4 2
298 509
1 15 2
101 513
1 14 2
227 257
1 12 2
57 683
1 8 2
319 658
1 19 2
51 609
1 6 2
22 664
1 6 2
20 53
1 9 2
115 268
1 13 2
83 694
1 11 2
104 606
1 4 2
20 59
1 10 2
336 646
1 4 2
91 321
1 8 2
395 427
1 10 2
322 665
1 17 2
457 518
1 10 2
260 402
1 10 2
80 349
1 13 2
46 268
1 15 2
92 413
1 17 2
658 696
1 13 2
159 514
1 18 2
227 440
1 19 2
327 692
1 17 2
387 585
1 17 2
56 101
1 11 2
534 604
1 20 2
190 563
1 10 2
363 577
1 11 2
205 639
1 15 2
238 508
1 9 2
333 689
1 17 2
64 577
1 10 2
451 512
1 12 2
412 536
1 10 2
208 254
1 16 2
602 695
1 7 2
81 476
1 15 2
124 580
1 12 2
91 663
1 10 2
385 654
1 9 2
66 656
1 8 2
334 476
1 12 2
21 631
1 3 2
378 473
1 9 2
539 644
1 5 2
116 134
1 13 2
4 463
1 9 2
636 678
1 10 2
120 129
1 17 2
478 693
1 11 2
488 516
1 10 2
106 426
1 5 2
55 562
1 6 2
239 546
1 18 2
141 692
1 19 2
227 665
1 10 2
302 615
1 17 2
68 492
1 13 2
140 243
1 11 2
294 651
1 7 2
387 484
1 5 2
73 91
1 10 2
313 446
1 11 2
101 270
1 7 2
81 450
1 12 2
309 341
1 10 2
486 552
1 11 2
53 188
1 5 2
249 561
1 9 2
273 501
1 7 2
102 231
1 9 2
18 485
1 12 2
124 316
1 16 2
417 667
1 16 2
165 384
1 6 2
187 573
1 10 2
82 611
1 15 2
4 606
1 9 2
550 627
1 11 2
219 492
1 8 2
93 562
1 16 2
171 224
1 7 2
163 248
1 18 2
250 316
1 16 2
29 488
1 5 2
441 595
1 18 2
155 250
1 8 2
495 516
1 7 2
121 359
1 8 2
234 531
1 7 2
94 339
1 3 2
198 472
1 12 2
521 615
1 12 2
116 487
1 11 2
411 431
1 5 2
524 573
1 18 2
10 27
1 3 2
349 560
1 12 2
108 511
1 9 2
288 491
1 13 2
52 399
1 8 2
66 658
1 12 2
411 556
1 5 2
147 333
1 8 2
470 617
1 8 2
359 673
1 12 2
331 350
1 8 2
115 573
1 11 2
234 299
1 8 2
336 448
1 11 2
158 427
1 12 2
63 566
1 5 2
425 448
1 14 2
133 638
1 12 2
87 604
1 6 2
152 398
1 17 2
131 414
1 15 2
15 653
1 12 2
643 659
1 20 2
250 275
1 6 2
526 674
1 6 2
63 170
1 11 2
400 605
1 10 2
225 558
1 4 2
157 617
1 10 2
289 418
1 14 2
329 501
1 20 2
184 654
1 20 2
518 556
1 14 2
417 626
1 7 2
501 672
1 17 2
218 300
1 11 2
492 626
1 7 2
130 373
1 19 2
265 275
1 11 2
568 608
1 16 2
201 532
1 4 2
588 690
1 13 2
386 508
1 11 2
104 581
1 7 2
332 624
1 14 2
181 211
1 16 2
283 468
1 18 2
52 107
1 15 2
470 696
1 15 2
48 155
1 15 2
39 601
1 10 2
12 264
1 10 2
53 568
1 13 2
392 545
1 8 2
452 608
1 7 2
234 593
1 11 2
190 496
1 13 2
508 573
1 15 2
7 83
1 14 2
58 387
1 13 2
47 316
1 7 2
267 395
1 20 2
103 514
1 9 2
644 691
1 12 2
51 699
1 8 2
572 680
1 12 2
616 630
1 7 2
640 650
1 9 2
155 173
1 7 2
213 374
1 3 2
34 76
1 15 2
62 464
1 16 2
545 567
1 15 2
315 468
1 12 2
532 542
1 13 2
218 588
1 9 2
204 250
1 5 2
181 561
1 16 2
269 696
1 5 2
459 472
1 9 2
232 576
1 20 2
665 692
1 16 2
179 397
1 12 2
453 630
1 3 2
337 599
1 10 2
165 697
1 20 2
196 544
1 15 2
10 436
1 7 2
97 325
1 9 2
358 428
1 15 2
80 677
1 7 2
28 293
1 4 2
381 496
1 5 2
445 491
1 12 2
305 673
1 6 2
49 260
1 12 2
113 165
1 18 2
179 544
1 14 2
60 430
1 11 2
392 539
1 9 2
248 488
1 6 2
446 538
1 15 2
128 371
1 9 2
80 471
1 16 2
71 225
1 9 2
295 659
1 12 2
250 477
1 14 2
80 246
1 10 2
439 465
1 12 2
11 415
1 9 2
450 487
1 12 2
54 296
1 11 2
311 528
1 11 2
123 380
1 9 2
519 610
1 10 2
83 348
1 13 2
417 558
1 16 2
294 451
1 14 2
71 123
1 7 2
58 634
1 12 2
64 108
1 12 2
39 470
1 8 2
165 617
1 7 2
375 686
1 18 2
300 556
1 3 2
210 405
1 8 2
399 681
1 8 2
403 480
1 7 2
494 568
1 19 2
327 639
1 18 2
332 695
1 7 2
17 230
1 4 2
512 548
1 11 2
339 434
1 4 2
262 416
1 8 2
216 529
1 9 2
202 581
1 8 2
88 161
1 12 2
125 216
1 13 2
220 683
1 16 2
128 609
1 4 2
70 364
1 16 2
242 514
1 9 2
61 632
1 13 2
58 501
1 15 2
315 581
1 6 2
183 684
1 6 2
126 317
1 18 2
26 665
1 13 2
427 645
1 10 2
477 554
1 11 2
344 428
1 18 2
63 190
1 17 2
223 508
1 2 2
134 642
1 8 2
479 542
1 10 2
10 202
1 13 2
563 568
1 10 2
252 650
1 2 2
377 524
1 10 2
259 315
1 7 2
305 364
1 15 2
269 320
1 7 2
114 566
1 6 2
73 272
1 10 2
194 211
1 9 2
432 661
1 9 2
54 669
1 14 2
46 439
1 20 2
218 695
1 11 2
103 298
1 9 2
400 679
1 18 2
223 654
1 10 2
9 369
1 12 2
1 224
1 5 2
319 662
1 7 2
90 179
1 13 2
80 159
1 8 2
582 659
1 5 2
114 649
1 6 2
316 634
1 13 2
99 268
1 17 2
481 554
1 13 2
242 552
1 16 2
30 218
1 12 2
7 460
1 8 2
474 652
1 6 2
156 570
1 16 2
133 280
1 15 2
26 207
1 14 2
77 329
1 12 2
628 688
1 11 2
414 547
1 10 2
159 689
1 18 2
71 508
1 20 2
79 430
1 12 2
208 216
1 8 2
19 633
1 6 2
469 610
1 11 2
588 671
1 9 2
259 260
1 15 2
196 444
1 11 2
58 310
1 10 2
17 487
1 16 2
280 518
1 8 2
60 578
1 9 2
139 249
1 4 2
147 543
1 7 2
86 105
1 4 2
318 687
1 12 2
570 580
1 10 2
27 333
1 12 2
433 606
1 9 2
386 669
1 9 2
120 215
1 9 2
504 658
1 10 2
79 182
1 10 2
12 659
1 7 2
231 349
1 7 2
193 222
1 9 2
196 343
1 15 2
352 463
1 5 2
324 512
1 6 2
403 637
1 9 2
312 607
1 11 2
236 658
1 10 2
644 695
1 10 2
203 260
1 10 2
380 569
1 12 2
54 532
1 11 2
96 327
1 10 2
535 633
1 6 2
543 588
1 9 2
152 680
1 5 2
422 450
1 17 2
47 585
1 11 2
592 673
1 15 2
577 608
1 13 2
264 365
1 14 2
79 447
1 18 2
327 601
1 10 2
512 602
1 8 2
58 553
1 13 2
386 493
1 12 2
58 287
1 6 2
241 495
1 10 2
27 357
1 15 2
80 444
1 11 2
116 492
1 3 2
210 346
1 15 2
154 528
1 16 2
373 412
1 8 2
224 502
1 11 2
201 396
1 8 2
92 295
1 11 2
143 440
1 15 2
209 686
1 10 2
23 684
1 4 2
358 375
1 7 2
244 279
1 17 2
275 688
1 7 2
419 439
1 17 2
252 269
1 9 2
110 607
1 10 2
554 684
1 17 2
439 527
1 4 2
160 540
1 12 2
632 659
1 14 2
585 591
1 13 2
602 686
1 15 2
315 544
1 14 2
50 664
1 10 2
86 369
1 10 2
87 120
1 8 2
579 590
1 14 2
431 552
1 11 2
441 601
1 9 2
403 611
1 8 2
597 614
1 12 2
287 373
1 10 2
217 498
1 14 2
242 559
1 14 2
285 439
1 12 2
107 197
1 15 2
316 371
1 10 2
449 678
1 12 2
512 532
1 5 2
629 681
1 16 2
23 519
1 7 2
554 670
1 18 2
440 603
1 13 2
83 534
1 7 2
75 77
1 10 2
143 606
1 13 2
212 315
1 7 2
224 416
1 9 2
136 302
1 10 2
547 602
1 4 2
35 670
1 12 2
436 541
1 12 2
144 258
1 7 2
487 675
1 4 2
197 277
1 10 2
481 500
1 14 2
283 439
1 6 2
13 686
1 8 2
192 572
1 11 2
84 545
1 5 2
429 472
1 16 2
146 663
1 8 2
18 175
1 8 2
38 699
1 6 2
534 546
1 10 2
190 404
1 6 2
102 591
1 10 2
244 621
1 13 2
140 527
1 10 2
400 576
1 7 2
568 662
1 11 2
96 432
1 13 2
654 699
1 9 2
258 336
1 14 2
238 438
1 6 2
195 234
1 11 2
225 293
1 6 2
28 188
1 20 2
265 695
1 16 2
71 372
1 8 2
273 411
1 13 2
481 669
1 13 2
92 259
1 13 2
193 691
1 11 2
129 371
1 12 2
27 197
1 8 2
197 203
1 10 2
127 211
1 12 2
60 209
1 6 2
88 573
1 14 2
384 393
1 11 2
39 249
1 11 2
225 312
1 12 2
239 468
1 6 2
76 224
1 8 2
391 527
1 4 2
156 381
1 7 2
618 694
1 5 2
105 202
1 11 2
55 656
1 11 2
392 559
1 7 2
355 651
1 14 2
303 478
1 16 2
10 111
1 13 2
213 463
1 3 2
178 419
1 12 2
63 418
1 7 2
210 341
1 6 2
385 495
1 17 2
267 430
1 15 2
488 616
1 8 2
348 492
1 17 2
227 563
1 10 2
22 332
1 18 2
451 563
1 7 2
183 552
1 16 2
48 131
1 12 2
22 190
1 12 2
154 365
1 5 2
436 596
1 6 2
322 341
1 14 2
501 654
1 8 2
231 494
1 9 2
112 312
1 5 2
160 416
1 17 2
212 304
1 19 2
384 622
1 11 2
48 299
1 9 2
411 640
1 8 2
137 615
1 18 2
455 532
1 9 2
318 501
1 14 2
62 126
1 11 2
365 397
1 16 2
1 692
1 7 2
388 524
1 8 2
325 587
1 12 2
537 680
1 7 2
86 643
1 13 2
179 428
1 4 2
34 132
1 5 2
245 358
1 19 2
95 695
1 8 2
49 201
1 11 2
79 251
1 11 2
81 131
1 9 2
610 622
1 8 2
491 502
1 9 2
287 303
1 15 2
519 646
1 13 2
296 448
1 15 2
11 439
1 14 2
11 61
1 6 2
263 458
1 14 2
264 386
1 15 2
109 457
1 11 2
192 447
1 6 2
166 474
1 6 2
198 554
1 19 2
133 519
1 7 2
365 612
1 9 2
477 680
1 11 2
300 607
1 19 2
211 432
1 8 2
335 658
1 7 2
158 623
1 10 2
281 546
1 12 2
390 572
1 8 2
296 644
1 12 2
98 413
1 10 2
210 671
1 9 2
592 605
1 17 2
56 498
1 12 2
52 411
1 13 2
579 680
1 11 2
17 228
1 7 2
396 450
1 11 2
184 288
1 4 2
278 458
1 13 2
365 527
1 11 2
193 313
1 13 2
432 516
1 19 2
209 556
1 15 2
225 603
1 10 2
205 213
1 6 2
446 452
1 4 2
81 505
1 20 2
69 103
1 9 2
54 273
1 13 2
48 576
1 6 2
192 466
1 13 2
293 488
1 13 2
14 534
1 17 2
440 511
1 19 2
71 412
1 10 2
199 276
1 10 2
21 463
1 8 2
491 500
1 16 2
206 414
1 15 2
267 577
1 11 2
402 463
1 4 2
407 661
1 7 2
334 535
1 11 2
201 454
1 18 2
514 577
1 11 2
11 591
1 18 2
80 440
1 14 2
199 400
1 18 2
51 527
1 12 2
577 694
1 11 2
215 688
1 12 2
632 665
1 13 2
309 474
1 11 2
114 412
1 5 2
168 261
1 11 2
26 353
1 8 2
367 611
1 14 2
258 631
1 12 2
71 543
1 11 2
123 680
1 19 2
281 556
1 7 2
316 483
1 13 2
213 541
1 9 2
15 647
1 18 2
99 390
1 8 2
24 109
1 13 2
386 673
1 13 2
396 518
1 3 2
324 634
1 6 2
35 530
1 14 2
528 608
1 9 2
292 671
1 8 2
609 648
1 11 2
369 503
1 9 2
531 556
1 9 2
129 249
1 16 2
412 461
1 8 2
267 538
1 16 2
61 518
1 19 2
325 518
1 14 2
18 339
1 2 2
443 485
1 15 2
350 451
1 11 2
162 468
1 9 2
49 369
1 16 2
203 265
1 12 2
229 495
1 11 2
131 142
1 16 2
109 141
1 15 2
229 604
1 14 2
7 369
1 7 2
151 675
1 11 2
406 493
1 12 2
594 640
1 6 2
143 568
1 10 2
174 300
1 5 2
125 194
1 12 2
293 673
1 10 2
303 680
1 7 2
79 119
1 4 2
35 538
1 15 2
23 99
1 5 2
551 552
1 18 2
58 545
1 6 2
442 594
1 8 2
116 311
1 8 2
177 312
1 13 2
216 246
1 7 2
166 467
1 3 2
416 509
1 8 2
69 540
1 15 2
265 541
1 8 2
263 646
1 7 2
180 393
1 6 2
256 688
1 11 2
64 355
1 4 2
510 565
1 16 2
495 580
1 9 2
15 306
1 11 2
21 646
1 8 2
102 688
1 10 2
111 459
1 20 2
68 498
1 14 2
677 693
1 17 2
544 673
1 12 2
82 528
1 2 2
166 524
1 10 2
621 645
1 19 2
329 696
1 7 2
176 238
1 12 2
285 344
1 9 2
185 209
1 11 2
26 358
1 11 2
39 193
1 8 2
56 322
1 6 2
307 578
1 10 2
263 511
1 11 2
470 573
1 2 2
170 660
1 18 2
83 207
1 6 2
167 371
1 14 2
223 470
1 6 2
21 42
1 12 2
314 444
1 12 2
351 352
1 13 2
273 455
1 5 2
324 448
1 12 2
109 550
1 8 2
332 676
1 14 2
218 312
1 7 2
60 347
1 9 2
121 418
1 16 2
18 426
1 13 2
206 573
1 4 2
379 670
1 4 2
389 441
1 5 2
249 374
1 10 2
626 680
1 11 2
68 562
1 7 2
91 534
1 6 2
113 560
1 14 2
93 559
1 7 2
367 573
1 11 2
421 478
1 7 2
281 284
1 14 2
154 192
1 7 2
206 354
1 13 2
192 677
1 7 2
589 612
1 13 2
240 464
1 10 2
161 523
1 8 2
513 572
1 9 2
105 689
1 5 2
67 542
1 9 2
73 556
1 11 2
638 667
1 8 2
201 421
1 10 2
17 645
1 5 2
479 647
1 19 2
323 430
1 11 2
264 437
1 13 2
50 437
1 9 2
513 664
1 6 2
495 523
1 17 2
135 412
1 16 2
451 545
1 12 2
314 469
1 17 2
93 227
1 8 2
102 371
1 9 2
49 686
1 20 2
18 692
1 8 2
367 460
1 10 2
354 514
1 4 2
100 393
1 3 2
183 475
1 5 2
84 357
1 12 2
459 695
1 16 2
478 640
1 11 2
459 545
1 5 2
317 641
1 15 2
121 384
1 16 2
468 598
1 17 2
577 581
1 6 2
287 507
1 19 2
414 481
1 9 2
75 460
1 10 2
215 667
1 14 2
206 633
1 6 2
104 526
1 8 2
273 287
1 9 2
401 665
1 7 2
129 311
1 10 2
129 492
1 11 2
334 528
1 5 2
443 541
1 11 2
396 532
1 15 2
53 250
1 10 2
146 358
1 18 2
101 269
1 9 2
213 584
1 10 2
403 406
1 6 2
192 200
1 15 2
658 691
1 8 2
372 570
1 13 2
252 536
1 11 2
9 275
1 8 2
315 347
1 11 2
99 632
1 8 2
106 512
1 8 2
67 69
1 17 2
604 665
1 8 2
26 466
1 16 2
14 555
1 18 2
350 609
1 14 2
373 470
1 13 2
258 283
1 13 2
532 591
1 11 2
185 580
1 7 2
129 153
1 17 2
440 457
1 15 2
433 556
1 14 2
56 386
1 10 2
209 500
1 10 2
1 126
1 7 2
379 386
1 20 2
250 384
1 6 2
313 321
1 11 2
1 5
1 11 2
99 112
1 15 2
107 640
1 14 2
181 631
1 11 2
86 243
1 17 2
69 242
1 15 2
631 678
1 11 2
158 616
1 9 2
112 181
1 12 2
21 131
1 6 2
393 562
1 8 2
643 684
1 10 2
238 420
1 16 2
218 656
1 15 2
309 432
1 10 2
47 543
1 7 2
22 188
1 9 2
180 316
1 18 2
350 696
1 3 2
307 649
1 13 2
144 149
1 7 2
533 641
1 11 2
378 545
1 19 2
133 384
1 17 2
69 653
1 19 2
514 519
1 5 2
183 398
1 11 2
470 630
1 6 2
232 471
1 3 2
376 422
1 11 2
80 173
1 10 2
313 607
1 11 2
91 666
1 20 2
184 585
1 12 2
26 247
1 6 2
125 510
1 10 2
48 360
1 14 2
258 598
1 6 2
43 333
1 18 2
14 164
1 15 2
229 532
1 18 2
64 69
1 9 2
77 126
1 7 2
416 487
1 5 2
158 222
1 10 2
291 602
1 12 2
243 336
1 6 2
272 524
1 18 2
149 481
1 9 2
87 121
1 6 2
37 576
1 14 2
399 692
1 10 2
182 659
1 9 2
540 695
1 10 2
382 526
1 17 2
10 316
1 13 2
199 558
1 20 2
184 390
1 17 2
93 300
1 2 2
233 561
1 16 2
133 294
1 15 2
464 692
1 7 2
318 465
1 18 2
80 511
1 3 2
166 348
1 4 2
138 450
1 7 2
105 208
1 9 2
22 47
1 12 2
260 327
1 8 2
160 578
1 15 2
600 609
1 4 2
174 670
1 8 2
247 628
1 14 2
60 250
1 12 2
476 609
1 11 2
2 362
1 9 2
511 636
1 10 2
142 666
1 9 2
224 347
1 17 2
48 369
1 8 2
26 88
1 15 2
46 131
1 18 2
227 243
1 15 2
50 591
1 15 2
614 683
1 10 2
86 457
1 15 2
103 433
1 7 2
590 602
1 13 2
545 607
1 8 2
207 241
1 11 2
590 654
1 8 2
122 606
1 13 2
461 602
1 8 2
86 121
1 16 2
15 95
1 8 2
225 636
1 14 2
120 659
1 11 2
4 641
1 11 2
335 695
1 13 2
57 539
1 7 2
28 412
1 10 2
33 79
1 7 2
289 421
1 9 2
174 201
1 13 2
281 513
1 8 2
201 335
1 9 2
72 611
1 17 2
51 397
1 11 2
74 608
1 7 2
490 497
1 15 2
4 296
1 11 2
155 578
1 20 2
68 71
1 6 2
525 559
1 15 2
56 294
1 9 2
310 341
1 12 2
329 459
1 17 2
79 316
1 7 2
150 307
1 20 2
50 103
1 12 2
188 604
1 11 2
132 580
1 10 2
258 512
1 5 2
43 698
1 5 2
342 365
1 7 2
12 463
1 3 2
342 407
1 17 2
229 514
1 7 2
535 698
1 7 2
128 485
1 5 2
297 638
1 9 2
114 120
1 11 2
501 557
1 14 2
498 697
1 15 2
27 283
1 7 2
326 614
1 4 2
172 503
1 11 2
341 495
1 11 2
154 500
1 11 2
449 673
1 8 2
261 651
1 8 2
336 568
1 15 2
93 95
1 7 2
297 314
1 15 2
296 474
1 5 2
634 689
1 8 2
535 680
1 6 2
81 366
1 17 2
15 508
1 11 2
142 206
1 4 2
94 266
1 12 2
495 594
1 17 2
133 135
1 16 2
103 258
1 9 2
232 641
1 12 2
477 654
1 10 2
259 537
1 16 2
56 92
1 14 2
15 116
1 12 2
144 673
1 9 2
144 502
1 12 2
48 291
1 13 2
240 272
1 13 2
371 666
1 10 2
573 626
1 15 2
386 639
1 8 2
516 628
1 11 2
103 173
1 15 2
71 246
1 4 2
37 500
1 13 2
133 406
1 11 2
197 397
1 8 2
11 191
1 10 2
332 490
1 8 2
356 589
1 10 2
287 600
1 4 2
277 698
1 4 2
136 370
1 11 2
155 664
1 9 2
460 694
1 10 2
400 558
1 14 2
116 412
1 8 2
355 403
1 9 2
456 696
1 10 2
615 666
1 7 2
208 664
1 8 2
5 637
1 14 2
344 431
1 11 2
133 363
1 20 2
52 62
1 20 2
184 265
1 12 2
492 646
1 9 2
250 682
1 8 2
198 432
1 6 2
258 330
1 9 2
213 248
1 7 2
128 560
1 3 2
349 385
1 14 2
163 603
1 6 2
17 422
1 16 2
594 654
1 15 2
467 616
1 12 2
390 674
1 17 2
135 201
1 11 2
5 345
1 5 2
174 279
1 6 2
152 311
1 13 2
91 352
1 9 2
457 679
1 13 2
103 479
1 6 2
287 379
1 12 2
431 618
1 8 2
55 576
1 9 2
39 298
1 7 2
286 641
1 8 2
217 461
1 9 2
136 671
1 8 2
148 211
1 6 2
258 342
1 4 2
253 572
1 8 2
33 325
1 8 2
499 556
1 11 2
427 589
1 12 2
193 460
1 13 2
512 585
1 9 2
456 577
1 9 2
78 380
1 10 2
192 396
1 14 2
68 573
1 5 2
326 513
1 11 2
74 426
1 17 2
417 608
1 19 2
327 519
1 12 2
430 674
1 5 2
186 626
1 13 2
296 393
1 6 2
529 579
1 12 2
431 446
1 11 2
249 460
1 12 2
131 689
1 13 2
428 686
1 9 2
130 481
1 18 2
190 532
1 8 2
179 597
1 17 2
384 686
1 8 2
258 533
1 15 2
267 603
1 11 2
2 454
1 13 2
455 657
1 8 2
1 496
1 5 2
137 524
1 15 2
199 285
1 15 2
93 242
1 14 2
120 171
1 11 2
53 605
1 6 2
566 584
1 8 2
422 691
1 10 2
4 356
1 11 2
578 658
1 7 2
241 487
1 13 2
434 528
1 15 2
103 573
1 13 2
5 656
1 6 2
172 464
1 11 2
552 630
1 12 2
29 87
1 11 2
4 411
1 10 2
183 518
1 13 2
82 518
1 15 2
131 397
1 6 2
140 546
1 4 2
84 407
1 5 2
168 689
1 8 2
121 396
1 5 2
484 641
1 14 2
61 141
1 10 2
14 335
1 14 2
190 626
1 15 2
532 683
1 18 2
101 686
1 13 2
271 657
1 11 2
64 392
1 17 2
27 265
1 10 2
114 131
1 18 2
478 671
1 14 2
64 413
1 14 2
135 305
1 13 2
109 261
1 5 2
319 578
1 5 2
158 292
1 13 2
158 211
1 15 2
7 432
1 7 2
141 404
1 5 2
245 446
1 3 2
509 619
1 12 2
142 468
1 8 2
2 370
1 13 2
344 461
1 18 2
184 451
1 17 2
29 207
1 13 2
60 327
1 17 2
267 654
1 13 2
417 589
1 8 2
476 513
1 6 2
214 689
1 4 2
178 597
1 10 2
289 645
1 7 2
520 622
1 8 2
203 394
1 14 2
444 606
1 9 2
265 690
1 10 2
6 472
1 8 2
257 550
1 12 2
309 487
1 6 2
137 251
1 10 2
84 659
1 4 2
476 687
1 15 2
64 656
1 7 2
135 148
1 8 2
32 154
1 11 2
285 433
1 11 2
110 683
1 16 2
555 663
1 14 2
141 410
1 16 2
27 427
1 9 2
328 622
1 11 2
23 365
1 8 2
508 619
1 14 2
339 481
1 16 2
250 258
1 9 2
105 428
1 14 2
120 563
1 5 2
515 600
1 11 2
208 412
1 17 2
171 577
1 2 2
553 574
1 11 2
17 242
1 7 2
55 189
1 4 2
91 340
1 18 2
154 325
1 11 2
50 379
1 6 2
219 370
1 8 2
379 614
1 5 2
251 584
1 9 2
305 365
1 11 2
207 303
1 14 2
598 673
1 12 2
95 541
1 3 2
277 584
1 5 2
172 355
1 6 2
239 504
1 7 2
132 356
1 16 2
26 656
1 5 2
377 684
1 5 2
353 379
1 8 2
504 628
1 5 2
100 469
1 9 2
54 447
1 6 2
242 593
1 10 2
268 435
1 14 2
537 671
1 16 2
302 329
1 2 2
297 499
1 8 2
449 454
1 2 2
147 330
1 10 2
49 440
1 5 2
331 485
1 12 2
249 646
1 15 2
101 225
1 16 2
414 686
1 13 2
242 341
1 8 2
54 476
1 13 2
302 380
1 12 2
614 630
1 2 2
168 172
1 6 2
315 354
1 8 2
86 555
1 15 2
48 492
1 10 2
115 146
1 9 2
112 433
1 9 2
299 410
1 8 2
140 396
1 13 2
69 334
1 10 2
44 103
1 8 2
81 398
1 12 2
336 696
1 5 2
379 571
1 15 2
126 481
1 6 2
499 656
1 9 2
407 539
1 13 2
79 621
1 11 2
60 608
1 14 2
236 585
1 11 2
306 514
1 8 2
212 324
1 7 2
503 569
1 16 2
111 234
1 14 2
261 665
1 17 2
71 280
1 5 2
70 251
1 3 2
500 506
1 12 2
541 691
1 12 2
272 559
1 12 2
171 684
1 11 2
62 477
1 5 2
7 564
1 11 2
468 490
1 11 2
46 60
1 11 2
477 631
1 11 2
448 683
1 10 2
631 672
1 11 2
547 683
1 8 2
158 569
1 11 2
23 169
1 6 2
24 372
1 10 2
322 654
1 15 2
64 409
1 20 2
211 518
1 9 2
232 356
1 12 2
259 323
1 19 2
264 556
1 17 2
201 327
1 11 2
378 609
1 12 2
141 415
1 14 2
74 414
1 10 2
207 465
1 16 2
309 481
1 5 2
424 548
1 15 2
255 386
1 14 2
160 556
1 7 2
147 283
1 9 2
104 491
1 12 2
72 234
1 16 2
658 665
1 12 2
158 255
1 11 2
149 558
1 8 2
356 623
1 20 2
52 695
1 5 2
586 689
1 14 2
218 339
1 9 2
414 482
1 11 2
403 605
1 12 2
413 680
1 19 2
265 281
1 3 2
32 364
1 12 2
259 671
1 20 2
51 323
1 11 2
353 622
1 6 2
276 358
1 9 2
62 118
1 10 2
310 427
1 7 2
442 460
1 12 2
403 691
1 16 2
1 384
1 8 2
235 254
1 11 2
206 291
1 10 2
269 694
1 7 2
277 606
1 7 2
275 485
1 6 2
285 529
1 10 2
141 547
1 18 2
373 417
1 6 2
244 652
1 17 2
352 491
1 8 2
568 615
1 5 2
17 377
1 10 2
99 262
1 17 2
269 692
1 11 2
243 348
1 6 2
247 472
1 3 2
136 166
1 12 2
79 96
1 12 2
611 673
1 11 2
11 110
1 15 2
313 609
1 10 2
87 552
1 15 2
107 111
1 9 2
281 346
1 8 2
236 270
1 9 2
395 622
1 4 2
286 587
1 12 2
257 677
1 5 2
204 305
1 10 2
125 653
1 16 2
107 304
1 8 2
179 523
1 5 2
484 571
1 11 2
447 470
1 8 2
322 431
1 15 2
218 362
1 10 2
82 677
1 6 2
105 676
1 11 2
341 627
1 15 2
111 131
1 7 2
72 517
1 9 2
298 567
1 9 2
309 612
1 10 2
503 678
1 4 2
16 674
1 9 2
591 630
1 9 2
128 248
1 4 2
337 362
1 16 2
609 673
1 10 2
212 588
1 16 2
83 470
1 5 2
289 564
1 16 2
196 314
1 6 2
370 566
1 16 2
145 478
1 12 2
558 604
1 17 2
265 686
1 8 2
517 627
1 12 2
21 135
1 14 2
14 246
1 2 2
134 564
1 9 2
16 281
1 14 2
240 457
1 13 2
197 384
1 11 2
158 688
1 7 2
156 426
1 9 2
399 557
1 8 2
269 405
1 8 2
4 416
1 11 2
451 623
1 2 2
44 330
1 11 2
453 454
1 9 2
61 78
1 8 2
46 370
1 11 2
207 446
1 11 2
234 615
1 14 2
300 493
1 13 2
589 696
1 8 2
58 466
1 13 2
129 639
1 11 2
140 388
1 9 2
61 248
1 15 2
345 663
1 4 2
110 520
1 14 2
440 573
1 18 2
556 691
1 10 2
1 310
1 12 2
115 390
1 5 2
112 471
1 20 2
109 692
1 5 2
442 694
1 10 2
179 698
1 12 2
29 339
1 14 2
111 557
1 5 2
615 676
1 16 2
603 646
1 7 2
551 691
1 8 2
238 288
1 12 2
104 275
1 15 2
144 281
1 9 2
51 342
1 14 2
329 630
1 7 2
233 271
1 10 2
331 469
1 8 2
262 488
1 6 2
105 248
1 12 2
264 356
1 5 2
664 670
1 5 2
299 644
1 6 2
313 548
1 8 2
519 524
1 11 2
164 550
1 3 2
538 582
1 18 2
4 384
1 15 2
47 451
1 8 2
45 154
1 17 2
252 688
1 10 2
110 444
1 14 2
265 536
1 8 2
144 517
1 4 2
322 394
1 13 2
131 434
1 16 2
133 474
1 16 2
48 228
1 12 2
361 439
1 4 2
339 368
1 16 2
164 350
1 5 2
570 682
1 9 2
139 541
1 13 2
145 579
1 8 2
104 628
1 15 2
95 557
1 14 2
154 470
1 18 2
609 692
1 7 2
189 566
1 14 2
77 190
1 16 2
10 555
1 11 2
5 341
1 3 2
170 526
1 15 2
144 243
1 12 2
52 125
1 12 2
259 686
1 6 2
230 435
1 11 2
314 449
1 5 2
187 558
1 17 2
128 264
1 2 2
443 582
1 5 2
200 699
1 8 2
17 91
1 12 2
671 697
1 14 2
305 622
1 2 2
33 593
1 8 2
569 657
1 7 2
31 109
1 5 2
82 540
1 3 2
253 650
1 18 2
329 659
1 6 2
286 679
1 7 2
135 214
1 6 2
37 140
1 7 2
299 697
1 18 2
15 481
1 15 2
131 141
1 12 2
463 667
1 11 2
151 280
1 12 2
600 635
1 12 2
543 692
1 12 2
17 432
1 19 2
265 601
1 6 2
372 619
1 6 2
183 657
1 3 2
67 262
1 9 2
406 632
1 17 2
154 693
1 3 2
37 582
1 10 2
294 459
1 12 2
61 557
1 6 2
168 409
1 6 2
82 652
1 7 2
138 280
1 18 2
209 430
1 11 2
74 428
1 7 2
77 535
1 19 2
50 271
1 13 2
440 536
1 12 2
52 310
1 20 2
50 52
1 15 2
414 689
1 5 2
172 611
1 13 2
618 639
1 7 2
447 661
1 17 2
545 635
1 8 2
129 420
1 20 2
50 518
1 8 2
277 417
1 9 2
212 472
1 9 2
572 645
1 13 2
373 410
1 13 2
358 654
1 10 2
19 323
1 13 2
212 225
1 11 2
329 510
1 14 2
69 480
1 7 2
77 510
1 13 2
219 511
1 8 2
429 537
1 4 2
359 389
1 8 2
225 389
1 17 2
48 64
1 5 2
137 523
1 12 2
145 434
1 11 2
203 495
1 7 2
341 583
1 9 2
231 566
1 9 2
482 609
1 11 2
293 339
1 13 2
207 602
1 13 2
329 664
1 16 2
224 692
1 10 2
358 666
1 6 2
87 389
1 8 2
299 365
1 14 2
71 536
1 15 2
243 464
1 17 2
103 691
1 16 2
27 373
1 12 2
618 656
1 14 2
7 468
1 17 2
103 528
1 8 2
570 643
1 10 2
165 424
1 10 2
142 371
1 12 2
227 612
1 5 2
568 682
1 14 2
142 352
1 14 2
7 431
1 11 2
544 595
1 9 2
393 446
1 10 2
209 672
1 6 2
274 608
1 7 2
345 546
1 12 2
638 646
1 6 2
120 442
1 17 2
304 563
1 17 2
18 453
1 10 2
179 291
1 10 2
360 606
1 10 2
17 309
1 14 2
133 145
1 6 2
185 536
1 12 2
98 179
1 9 2
98 512
1 16 2
238 580
1 10 2
22 350
1 10 2
336 688
1 18 2
478 653
1 9 2
605 699
1 8 2
213 650
1 19 2
556 696
1 8 2
318 620
1 6 2
301 618
1 18 2
264 467
1 5 2
89 620
1 17 2
240 556
1 12 2
135 247
1 3 2
130 360
1 7 2
67 227
1 8 2
320 443
1 10 2
674 691
1 10 2
306 663
1 8 2
271 395
1 6 2
237 528
1 6 2
505 666
1 16 2
397 427
1 5 2
20 512
1 11 2
234 536
1 9 2
75 296
1 5 2
408 588
1 1 2
76 134
1 11 2
197 511
1 3 2
237 674
1 11 2
305 315
1 10 2
230 467
1 10 2
131 612
1 9 2
3 95
1 10 2
245 544
1 16 2
316 581
1 16 2
101 244
1 15 2
302 521
1 9 2
5 38
1 16 2
532 688
1 9 2
81 361
1 10 2
420 539
1 16 2
216 229
1 6 2
178 558
1 7 2
315 661
1 6 2
37 331
1 15 2
30 332
1 10 2
152 532
1 10 2
205 451
1 7 2
210 602
1 6 2
436 685
1 11 2
601 674
1 3 2
359 475
1 15 2
155 438
1 8 2
38 512
1 8 2
332 443
1 4 2
119 336
1 11 2
51 266
1 8 2
233 265
1 15 2
213 410
1 14 2
111 285
1 5 2
0 312
1 13 2
169 467
1 5 2
260 660
1 14 2
528 666
1 12 2
103 543
1 15 2
474 631
1 9 2
368 518
1 9 2
108 312
1 14 2
258 604
1 10 2
287 315
1 16 2
161 633
1 7 2
55 618
1 12 2
672 692
1 13 2
312 474
1 11 2
150 469
1 20 2
50 654
1 12 2
163 228
1 16 2
417 418
1 8 2
405 532
1 14 2
133 552
1 6 2
189 416
1 13 2
206 495
1 7 2
376 605
1 8 2
34 413
1 13 2
112 414
1 16 2
384 605
1 13 2
165 673
1 8 2
66 229
1 11 2
57 309
1 19 2
10 654
1 20 2
440 556
1 8 2
349 461
1 12 2
26 458
1 11 2
113 555
1 7 2
207 560
1 7 2
9 542
1 10 2
313 392
1 16 2
62 554
1 12 2
149 501
1 10 2
36 514
1 13 2
234 463
1 16 2
402 514
1 15 2
211 495
1 12 2
320 626
1 14 2
151 161
1 10 2
196 324
1 15 2
440 600
1 8 2
572 689
1 12 2
592 639
1 12 2
304 392
1 16 2
527 656
1 9 2
304 376
1 5 2
24 550
1 12 2
64 219
1 7 2
510 578
1 9 2
186 390
1 9 2
147 154
1 6 2
182 572
1 19 2
14 431
1 3 2
210 456
1 10 2
37 417
1 10 2
83 644
1 4 2
153 297
1 11 2
257 433
1 6 2
181 282
1 13 2
142 325
1 10 2
366 412
1 8 2
143 579
1 3 2
138 562
1 10 2
185 581
1 19 2
196 327
1 6 2
625 658
1 10 2
71 241
1 13 2
212 537
1 6 2
81 637
1 4 2
134 480
1 11 2
205 563
1 11 2
120 677
1 16 2
62 614
1 13 2
52 358
1 16 2
320 451
1 18 2
390 467
1 15 2
192 468
1 14 2
10 486
1 10 2
269 347
1 14 2
611 671
1 10 2
43 327
1 9 2
78 313
1 15 2
244 455
1 9 2
173 667
1 8 2
324 631
1 12 2
38 673
1 8 2
286 630
1 11 2
3 62
1 8 2
244 526
1 3 2
263 354
1 15 2
121 417
1 8 2
440 687
1 11 2
313 605
1 12 2
206 444
1 14 2
312 521
1 17 2
352 653
1 8 2
99 509
1 11 2
50 270
1 3 2
24 307
1 5 2
464 634
1 16 2
58 99
1 11 2
109 571
1 11 2
289 305
1 5 2
106 561
1 4 2
368 494
1 10 2
303 513
1 10 2
386 576
1 12 2
361 373
1 10 2
155 291
1 13 2
72 581
1 16 2
179 691
1 14 2
304 677
1 9 2
623 627
1 9 2
130 250
1 11 2
268 409
1 11 2
231 246
1 4 2
239 322
1 9 2
369 597
1 5 2
208 239
1 11 2
283 638
1 8 2
39 276
1 13 2
105 255
1 10 2
310 461
1 13 2
93 225
1 18 2
103 325
1 11 2
231 638
1 14 2
145 240
1 6 2
125 291
1 5 2
477 507
1 11 2
229 612
1 9 2
296 507
1 8 2
353 530
1 8 2
353 380
1 12 2
80 550
1 8 2
542 684
1 10 2
116 567
1 3 2
130 143
1 10 2
403 555
1 14 2
38 275
1 8 2
259 396
1 6 2
259 383
1 8 2
331 392
1 16 2
135 488
1 14 2
211 406
1 6 2
95 499
1 9 2
207 307
1 9 2
362 497
1 15 2
304 602
1 5 2
25 249
1 8 2
355 618
1 4 2
88 270
1 18 2
369 563
1 6 2
312 496
1 9 2
345 356
1 8 2
501 543
1 12 2
169 240
1 7 2
310 336
1 14 2
478 621
1 13 2
265 420
1 6 2
361 443
1 13 2
417 543
1 9 2
417 466
1 8 2
142 568
1 5 2
379 637
1 20 2
518 521
1 13 2
121 521
1 18 2
26 101
1 8 2
9 388
1 3 2
175 367
1 3 2
76 136
1 11 2
38 280
1 18 2
71 171
1 9 2
38 626
1 10 2
70 688
1 4 2
248 490
1 15 2
29 492
1 7 2
56 282
1 9 2
353 559
1 8 2
48 157
1 12 2
105 563
1 20 2
80 265
1 6 2
358 389
1 6 2
421 645
1 6 2
321 487
1 13 2
461 689
1 18 2
218 631
1 8 2
298 573
1 15 2
309 325
1 15 2
426 481
1 8 2
318 372
1 5 2
230 562
1 14 2
146 332
1 13 2
7 373
1 7 2
248 393
1 10 2
288 369
1 16 2
83 155
1 3 2
180 443
1 6 2
648 656
1 6 2
404 681
1 4 2
485 697
1 10 2
149 684
1 11 2
61 645
1 10 2
615 673
1 8 2
369 379
1 18 2
107 440
1 12 2
605 614
1 7 2
67 598
1 6 2
456 600
1 11 2
444 645
1 11 2
21 683
1 8 2
279 552
1 10 2
173 696
1 9 2
158 312
1 5 2
175 268
1 10 2
471 518
1 12 2
246 491
1 9 2
180 302
1 6 2
353 441
1 20 2
18 254
1 8 2
479 495
1 11 2
5 192
1 15 2
193 275
1 13 2
314 656
1 16 2
128 521
1 3 2
245 376
1 19 2
171 544
1 10 2
61 82
1 20 2
51 514
1 15 2
99 436
1 13 2
199 246
1 14 2
242 453
1 13 2
71 697
1 5 2
34 479
1 20 2
51 68
1 11 2
96 511
1 10 2
129 192
1 7 2
180 464
1 5 2
177 383
1 9 2
615 678
1 13 2
171 424
1 16 2
434 544
1 2 2
282 475
1 15 2
601 681
1 7 2
28 93
1 12 2
413 415
1 19 2
101 696
1 8 2
452 463
1 9 2
47 208
1 6 2
124 263
1 14 2
601 630
1 7 2
313 422
1 10 2
194 199
1 14 2
390 591
1 12 2
286 659
1 16 2
190 630
1 12 2
411 671
1 2 2
200 295
1 10 2
79 351
1 9 2
30 59
1 11 2
139 171
1 4 2
551 571
1 12 2
371 386
1 13 2
447 581
1 9 2
193 615
1 8 2
220 698
1 6 2
517 651
1 3 2
644 648
1 11 2
397 458
1 9 2
38 643
1 11 2
131 259
1 13 2
10 458
1 11 2
246 469
1 13 2
99 181
1 4 2
78 416
1 10 2
408 695
1 13 2
52 669
1 17 2
48 439
1 14 2
192 631
1 10 2
272 449
1 10 2
181 345
1 15 2
46 666
1 10 2
105 123
1 9 2
406 437
1 9 2
239 487
1 15 2
4 683
1 3 2
173 687
1 7 2
308 656
1 6 2
298 669
1 6 2
142 647
1 15 2
211 605
1 8 2
177 258
1 17 2
604 696
1 10 2
193 552
1 19 2
62 692
1 9 2
260 626
1 18 2
83 532
1 5 2
233 267
1 7 2
120 210
1 11 2
150 305
1 8 2
581 650
1 4 2
326 358
1 19 2
29 211
1 11 2
246 380
1 11 2
115 606
1 12 2
30 236
1 12 2
164 576
1 4 2
429 496
1 13 2
96 654
1 14 2
470 691
1 10 2
57 268
1 9 2
123 215
1 7 2
129 599
1 18 2
384 539
1 14 2
227 541
1 4 2
162 661
1 9 2
54 139
1 18 2
352 457
1 10 2
606 617
1 8 2
36 673
1 15 2
300 557
1 13 2
387 451
1 16 2
184 594
1 9 2
469 536
1 6 2
301 643
1 13 2
439 689
1 9 2
571 681
1 6 2
389 684
1 4 2
194 484
1 8 2
381 453
1 13 2
568 671
1 14 2
555 635
1 9 2
238 299
1 7 2
528 634
1 8 2
120 546
1 10 2
457 664
1 16 2
64 683
1 4 2
134 142
1 13 2
555 604
1 10 2
503 508
1 9 2
309 503
1 5 2
118 534
1 7 2
497 674
1 6 2
415 509
1 6 2
551 579
1 2 2
442 471
1 18 2
332 432
1 11 2
162 384
1 14 2
323 415
1 15 2
46 412
1 8 2
72 142
1 10 2
165 536
1 18 2
184 532
1 17 2
103 653
1 9 2
584 646
1 17 2
18 302
1 19 2
430 696
1 7 2
336 420
1 8 2
114 657
1 8 2
315 363
1 9 2
541 628
1 7 2
262 621
1 12 2
315 434
1 11 2
371 628
1 15 2
50 123
1 15 2
2 688
1 9 2
201 523
1 18 2
10 133
1 12 2
314 344
1 8 2
378 388
1 20 2
250 696
1 9 2
34 461
1 9 2
20 243
1 19 2
622 696
1 6 2
236 421
1 12 2
320 396
1 4 2
162 326
1 5 2
28 542
1 5 2
456 477
1 12 2
352 429
1 11 2
329 378
1 11 2
357 585
1 11 2
111 697
1 11 2
315 621
1 9 2
512 681
1 13 2
79 669
1 10 2
192 355
1 13 2
371 493
1 7 2
614 676
1 15 2
209 313
1 15 2
402 556
1 11 2
58 450
1 6 2
203 525
1 15 2
196 345
1 6 2
60 637
1 10 2
260 689
1 8 2
200 255
1 11 2
62 270
1 8 2
149 308
1 12 2
305 492
1 11 2
617 663
1 13 2
71 318
1 12 2
93 129
1 17 2
201 467
1 19 2
323 329
1 7 2
566 595
1 7 2
172 508
1 9 2
536 627
1 15 2
231 275
1 17 2
52 460
1 3 2
102 475
1 15 2
269 316
1 4 2
421 612
1 17 2
254 539
1 7 2
34 246
1 10 2
229 588
1 12 2
146 181
1 17 2
427 511
1 14 2
103 189
1 7 2
286 533
1 13 2
410 436
1 7 2
340 528
1 14 2
54 440
1 11 2
104 653
1 15 2
23 271
1 9 2
431 661
1 5 2
195 469
1 14 2
30 633
1 14 2
27 123
1 7 2
86 169
1 2 2
368 655
1 17 2
23 478
1 17 2
350 581
1 13 2
232 332
1 4 2
338 589
1 9 2
102 209
1 16 2
141 199
1 7 2
397 442
1 11 2
46 446
1 12 2
316 344
1 10 2
331 638
1 8 2
185 474
1 10 2
7 365
1 7 2
517 643
1 14 2
63 463
1 10 2
273 552
1 6 2
359 372
1 8 2
61 661
1 11 2
39 225
1 7 2
117 688
1 3 2
343 407
1 17 2
29 281
1 8 2
192 472
1 6 2
137 590
1 10 2
180 556
1 10 2
77 616
1 10 2
147 695
1 16 2
635 688
1 10 2
430 647
1 14 2
352 623
1 14 2
203 350
1 18 2
196 325
1 6 2
239 533
1 5 2
257 419
1 10 2
606 672
1 12 2
18 651
1 18 2
250 606
1 10 2
356 605
1 9 2
513 516
1 15 2
4 686
1 6 2
148 314
1 5 2
188 634
1 13 2
223 393
1 9 2
383 581
1 4 2
119 396
1 12 2
287 397
1 7 2
94 159
1 8 2
17 669
1 12 2
264 512
1 10 2
133 510
1 16 2
427 581
1 10 2
383 580
1 12 2
129 332
1 13 2
440 542
1 5 2
82 670
1 7 2
268 346
1 8 2
172 304
1 15 2
144 432
1 13 2
362 369
1 15 2
135 493
1 17 2
93 417
1 15 2
106 432
1 5 2
97 144
1 4 2
195 550
1 12 2
150 258
1 5 2
2 168
1 4 2
523 538
1 4 2
333 582
1 11 2
518 675
1 11 2
42 514
1 10 2
280 643
1 6 2
43 566
1 4 2
506 697
1 13 2
227 362
1 11 2
399 412
1 8 2
76 601
1 14 2
10 568
1 8 2
133 134
1 13 2
38 683
1 11 2
82 539
1 9 2
141 276
1 3 2
20 76
1 9 2
182 451
1 7 2
15 613
1 10 2
639 647
1 13 2
184 533
1 9 2
164 366
1 6 2
614 624
1 10 2
116 406
1 17 2
131 580
1 13 2
106 240
1 4 2
574 679
1 14 2
151 216
1 13 2
390 566
1 7 2
154 175
1 13 2
121 468
1 2 2
221 337
1 10 2
287 341
1 11 2
381 695
1 5 2
263 651
1 12 2
114 190
1 12 2
50 75
1 12 2
6 628
1 8 2
302 507
1 6 2
9 399
1 11 2
398 532
1 7 2
129 299
1 10 2
145 396
1 12 2
64 287
1 11 2
125 539
1 8 2
504 513
1 16 2
80 633
1 9 2
415 497
1 6 2
115 247
1 12 2
223 694
1 12 2
373 569
1 2 2
404 613
1 3 2
44 636
1 9 2
360 557
1 8 2
414 509
1 7 2
130 211
1 11 2
440 637
1 2 2
214 561
1 12 2
192 605
1 10 2
435 616
1 17 2
15 29
1 11 2
142 559
1 13 2
91 692
1 15 2
402 692
1 12 2
54 667
1 15 2
14 150
1 13 2
107 246
1 19 2
300 544
1 7 2
5 675
1 10 2
110 428
1 14 2
225 519
1 18 2
92 481
1 6 2
44 469
1 17 2
27 327
1 6 2
60 266
1 10 2
30 595
1 10 2
400 486
1 7 2
303 459
1 9 2
143 493
1 13 2
15 121
1 17 2
58 455
1 13 2
373 447
1 13 2
62 312
1 10 2
512 686
1 6 2
353 675
1 9 2
54 110
1 6 2
72 324
1 12 2
128 312
1 10 2
464 591
1 19 2
519 544
1 5 2
295 679
1 7 2
309 422
1 7 2
177 569
1 20 2
639 665
1 4 2
37 263
1 8 2
66 285
1 18 2
14 227
1 15 2
300 371
1 8 2
28 467
1 14 2
133 146
1 14 2
55 695
1 9 2
142 289
1 11 2
22 52
1 12 2
369 550
1 14 2
220 545
1 15 2
495 519
1 12 2
518 612
1 16 2
10 474
1 14 2
638 671
1 8 2
367 537
1 17 2
93 327
1 8 2
238 317
1 12 2
71 351
1 14 2
249 327
1 11 2
95 247
1 12 2
55 109
1 11 2
310 467
1 6 2
343 552
1 14 2
155 201
1 8 2
7 104
1 16 2
314 414
1 6 2
197 549
1 11 2
17 332
1 8 2
98 437
1 2 2
284 660
1 9 2
197 486
1 16 2
179 412
1 10 2
316 517
1 16 2
135 492
1 13 2
234 537
1 14 2
213 493
1 16 2
329 605
1 12 2
272 469
1 4 2
129 505
1 14 2
57 518
1 7 2
202 579
1 20 2
135 417
1 9 2
311 434
1 17 2
255 631
1 5 2
182 335
1 7 2
510 558
1 14 2
2 56
1 11 2
439 504
1 15 2
238 271
1 6 2
267 520
1 18 2
15 18
1 8 2
356 566
1 5 2
55 187
1 10 2
344 530
1 13 2
39 658
1 5 2
110 122
1 10 2
271 411
1 11 2
257 410
1 11 2
261 460
1 10 2
152 604
1 10 2
112 630
1 8 2
238 263
1 3 2
41 482
1 10 2
329 676
1 10 2
9 254
1 17 2
18 646
1 11 2
56 618
1 12 2
478 517
1 15 2
430 630
1 9 2
75 314
1 11 2
215 577
1 15 2
332 666
1 8 2
222 487
1 10 2
566 678
1 11 2
394 481
1 13 2
463 606
1 16 2
51 371
1 14 2
11 646
1 8 2
502 681
1 14 2
373 600
1 10 2
18 43
1 7 2
509 635
1 5 2
145 445
1 9 2
386 694
1 8 2
94 630
1 9 2
363 371
1 14 2
432 600
1 7 2
157 457
1 14 2
453 559
1 8 2
251 315
1 15 2
190 246
1 14 2
154 289
1 12 2
29 420
1 14 2
4 438
1 19 2
48 327
1 7 2
78 114
1 10 2
267 526
1 14 2
314 616
1 8 2
538 635
1 16 2
320 606
1 7 2
57 423
1 15 2
48 402
1 5 2
35 441
1 14 2
231 327
1 7 2
403 546
1 20 2
190 556
1 5 2
88 344
1 13 2
280 302
1 9 2
193 311
1 5 2
121 295
1 10 2
271 517
1 7 2
386 523
1 16 2
128 275
1 14 2
234 268
1 16 2
196 293
1 19 2
79 325
1 13 2
5 294
1 10 2
244 530
1 6 2
114 512
1 11 2
126 413
1 2 2
166 650
1 11 2
470 552
1 17 2
14 212
1 12 2
111 303
1 11 2
95 465
1 19 2
109 265
1 13 2
311 390
1 11 2
409 537
1 6 2
172 678
1 10 2
162 511
1 12 2
137 693
1 12 2
323 336
1 7 2
242 586
1 7 2
151 376
1 10 2
99 153
1 12 2
657 658
1 16 2
413 455
1 11 2
399 608
1 17 2
107 639
1 7 2
312 538
1 7 2
461 485
1 13 2
236 696
1 5 2
44 236
1 5 2
428 462
1 14 2
228 511
1 9 2
95 183
1 9 2
145 356
1 12 2
219 350
1 4 2
437 613
1 9 2
273 448
1 10 2
341 664
1 15 2
52 312
1 15 2
109 120
1 14 2
154 231
1 15 2
410 603
1 19 2
417 671
1 13 2
163 212
1 11 2
218 251
1 11 2
238 246
1 11 2
450 691
1 17 2
2 18
1 14 2
373 380
1 15 2
255 667
1 12 2
149 638
1 8 2
536 664
1 16 2
144 275
1 10 2
21 362
1 17 2
71 242
1 10 2
229 299
1 10 2
120 621
1 10 2
150 403
1 7 2
535 566
1 10 2
280 333
1 8 2
51 551
1 20 2
384 498
1 7 2
287 572
1 8 2
287 396
1 7 2
418 510
1 11 2
299 691
1 5 2
394 636
1 12 2
236 527
1 12 2
199 588
1 20 2
384 481
1 16 2
62 397
1 14 2
626 665
1 17 2
29 414
1 8 2
211 624
1 13 2
234 428
1 9 2
107 364
1 14 2
83 664
1 4 2
226 584
1 5 2
345 564
1 19 2
83 692
1 11 2
10 620
1 3 2
20 340
1 12 2
123 238
1 9 2
291 627
1 4 2
419 429
1 12 2
151 238
1 8 2
66 238
1 16 2
80 555
1 15 2
380 431
1 9 2
165 512
1 12 2
493 591
1 11 2
98 469
1 15 2
6 141
1 13 2
268 554
1 6 2
74 222
1 11 2
145 463
1 7 2
219 597
1 10 2
262 527
1 19 2
199 440
1 17 2
27 545
1 8 2
225 360
1 3 2
170 290
1 6 2
347 355
1 7 2
124 504
1 12 2
74 557
1 14 2
474 602
1 14 2
169 384
1 16 2
145 514
1 15 2
2 373
1 14 2
250 607
1 10 2
78 111
1 13 2
228 487
1 6 2
43 516
1 14 2
11 463
1 10 2
159 444
1 14 2
165 432
1 10 2
542 552
1 16 2
2 190
1 5 2
483 542
1 3 2
45 682
1 5 2
221 372
1 9 2
408 478
1 8 2
35 653
1 11 2
434 444
1 14 2
281 640
1 13 2
92 287
1 11 2
99 620
1 6 2
174 197
1 7 2
45 234
1 10 2
144 694
1 9 2
250 419
1 18 2
69 141
1 18 2
11 68
1 18 2
414 508
1 12 2
294 501
1 17 2
387 518
1 5 2
119 315
1 12 2
588 696
1 10 2
36 581
1 5 2
136 381
1 13 2
240 552
1 15 2
271 438
1 2 2
551 582
1 10 2
254 549
1 10 2
353 427
1 18 2
196 240
1 10 2
519 538
1 8 2
33 635
1 12 2
415 460
1 19 2
69 432
1 5 2
321 681
1 16 2
323 658
1 11 2
234 533
1 13 2
493 658
1 12 2
9 498
1 12 2
205 481
1 9 2
133 241
1 11 2
240 568
1 8 2
292 539
1 11 2
626 666
1 4 2
42 517
1 8 2
114 638
1 12 2
296 589
1 5 2
165 515
1 9 2
516 569
1 13 2
135 681
1 11 2
369 588
1 20 2
79 196
1 8 2
276 453
1 11 2
487 501
1 11 2
261 598
1 14 2
384 626
1 7 2
226 457
1 12 2
388 541
1 14 2
48 220
1 15 2
594 639
1 8 2
174 192
1 7 2
509 678
1 10 2
6 174
1 12 2
541 673
1 5 2
78 348
1 19 2
281 601
1 13 2
184 534
1 6 2
169 637
1 2 2
8 682
1 8 2
180 192
1 16 2
50 238
1 19 2
29 639
1 11 2
327 620
1 9 2
294 674
1 10 2
146 160
1 14 2
79 121
1 4 2
516 520
1 4 2
60 65
1 4 2
253 394
1 12 2
71 675
1 13 2
160 545
1 14 2
64 258
1 5 2
495 687
1 9 2
98 355
1 18 2
264 581
1 12 2
281 566
1 9 2
102 234
1 9 2
420 537
1 15 2
467 677
1 15 2
18 444
1 6 2
305 647
1 8 2
66 269
1 15 2
580 630
1 9 2
93 507
1 3 2
147 582
1 4 2
251 324
1 18 2
352 666
1 13 2
60 519
1 4 2
34 84
1 3 2
342 599
1 7 2
405 646
1 8 2
290 689
1 11 2
17 223
1 16 2
64 412
1 17 2
240 585
1 8 2
320 343
1 8 2
179 676
1 16 2
10 388
1 9 2
146 526
1 8 2
562 567
1 17 2
369 440
1 6 2
346 621
1 16 2
69 415
1 9 2
213 376
1 18 2
29 622
1 15 2
164 609
1 2 2
90 297
1 16 2
428 580
1 12 2
173 556
1 6 2
261 335
1 7 2
367 418
1 10 2
269 699
1 8 2
71 462
1 11 2
57 537
1 16 2
460 663
1 6 2
470 483
1 9 2
224 679
1 14 2
228 461
1 19 2
71 427
1 10 2
234 288
1 8 2
124 698
1 10 2
474 651
1 10 2
291 457
1 4 2
262 379
1 6 2
147 220
1 16 2
69 402
1 15 2
323 493
1 6 2
233 371
1 6 2
442 611
1 17 2
15 631
1 4 2
43 423
1 12 2
243 626
1 8 2
101 565
1 6 2
370 651
1 10 2
481 649
1 12 2
87 154
1 16 2
46 154
1 13 2
92 386
1 14 2
468 530
1 11 2
75 518
1 13 2
268 280
1 5 2
523 651
1 7 2
6 100
1 7 2
479 530
1 9 2
7 651
1 4 2
169 515
1 8 2
178 314
1 4 2
138 534
1 7 2
34 105
1 3 2
441 596
1 6 2
96 588
1 8 2
187 488
1 5 2
321 495
1 11 2
249 666
1 11 2
144 402
1 16 2
27 240
1 11 2
558 635
1 13 2
218 657
1 18 2
154 518
1 11 2
161 251
1 10 2
243 383
1 13 2
280 289
1 9 2
367 635
1 16 2
608 639
1 18 2
135 254
1 4 2
378 404
1 10 2
257 568
1 17 2
103 207
1 19 2
83 161
1 11 2
638 677
1 16 2
179 606
1 7 2
154 256
1 12 2
572 639
1 4 2
34 324
1 12 2
161 570
1 11 2
614 641
1 13 2
252 449
1 3 2
3 166
1 15 2
74 514
1 12 2
10 86
1 13 2
417 480
1 13 2
410 614
1 13 2
223 272
1 12 2
238 492
1 11 2
225 313
1 8 2
467 471
1 4 2
3 43
1 15 2
18 568
1 15 2
218 444
1 7 2
279 362
1 3 2
297 500
1 11 2
267 536
1 10 2
160 380
1 9 2
155 363
1 3 2
19 134
1 7 2
298 448
1 11 2
538 585
1 10 2
380 566
1 20 2
498 556
1 8 2
11 395
1 12 2
464 640
1 3 2
13 366
1 14 2
280 474
1 3 2
49 221
1 11 2
19 329
1 12 2
38 688
1 7 2
450 479
1 11 2
110 602
1 15 2
225 252
1 8 2
74 215
1 9 2
124 129
1 12 2
249 656
1 11 2
688 698
1 12 2
99 232
1 8 2
84 144
1 8 2
126 197
1 17 2
71 598
1 10 2
227 546
1 20 2
467 498
1 12 2
192 630
1 2 2
540 625
1 16 2
320 581
1 15 2
47 206
1 12 2
246 302
1 12 2
547 563
1 16 2
7 329
1 17 2
384 602
1 10 2
544 610
1 10 2
379 663
1 17 2
95 275
1 6 2
509 537
1 11 2
372 387
1 8 2
309 562
1 8 2
267 597
1 17 2
154 631
1 6 2
59 139
1 14 2
212 314
1 15 2
211 594
1 14 2
154 203
1 5 2
127 311
1 5 2
406 660
1 8 2
35 149
1 8 2
293 595
1 10 2
109 389
1 9 2
589 689
1 15 2
431 616
1 15 2
92 492
1 8 2
379 656
1 3 2
482 496
1 8 2
205 268
1 10 2
209 617
1 9 2
294 572
1 15 2
386 545
1 8 2
275 284
1 10 2
57 151
1 14 2
141 181
1 7 2
105 357
1 6 2
308 689
1 15 2
387 414
1 19 2
211 430
1 11 2
26 351
1 10 2
75 521
1 15 2
83 219
1 14 2
206 559
1 20 2
29 478
1 9 2
268 310
1 6 2
286 366
1 6 2
258 485
1 11 2
544 546
1 10 2
52 235
1 11 2
171 360
1 7 2
78 632
1 8 2
389 501
1 20 2
52 430
1 8 2
336 627
1 3 2
230 524
1 10 2
206 617
1 15 2
56 438
1 12 2
3 52
1 12 2
57 296
1 15 2
269 511
1 7 2
94 435
1 11 2
331 686
1 12 2
436 600
1 11 2
390 672
1 20 2
68 252
1 11 2
131 399
1 11 2
224 446
1 7 2
61 241
1 11 2
252 441
1 11 2
254 459
1 8 2
204 325
1 15 2
474 539
1 9 2
86 388
1 9 2
217 327
1 9 2
112 657
1 10 2
265 306
1 16 2
431 691
1 16 2
131 474
1 10 2
616 620
1 7 2
94 446
1 8 2
60 334
1 14 2
192 604
1 10 2
103 644
1 7 2
34 232
1 16 2
103 457
1 17 2
455 461
1 18 2
179 430
1 2 2
321 529
1 10 2
476 511
1 18 2
327 412
1 6 2
365 394
1 15 2
4 693
1 8 2
109 655
1 16 2
252 474
1 9 2
183 635
1 13 2
434 457
1 12 2
287 332
1 8 2
126 399
1 11 2
411 635
1 9 2
22 616
1 16 2
234 281
1 13 2
320 403
1 13 2
80 536
1 10 2
397 694
1 18 2
518 614
1 13 2
261 639
1 19 2
255 639
1 14 2
492 508
1 10 2
108 155
1 6 2
422 433
1 8 2
215 627
1 10 2
346 601
1 12 2
556 571
1 6 2
73 470
1 5 2
395 697
1 6 2
54 89
1 8 2
258 610
1 8 2
78 464
1 12 2
137 369
1 17 2
224 352
1 6 2
70 311
1 15 2
95 371
1 17 2
254 314
1 12 2
455 477
1 5 2
136 490
1 5 2
72 582
1 13 2
81 250
1 15 2
46 532
1 12 2
415 464
1 7 2
31 414
1 15 2
453 532
1 17 2
243 281
1 10 2
365 627
1 9 2
314 389
1 8 2
286 463
1 14 2
406 556
1 7 2
123 553
1 9 2
61 546
1 9 2
244 355
1 12 2
137 683
1 12 2
10 247
1 10 2
403 436
1 4 2
308 503
1 13 2
257 281
1 4 2
385 662
1 6 2
186 555
1 12 2
460 493
1 3 2
379 506
1 17 2
29 412
1 4 2
349 370
1 14 2
329 480
1 12 2
9 384
1 14 2
312 352
1 18 2
56 639
1 13 2
227 697
1 9 2
294 452
1 17 2
250 313
1 13 2
240 487
1 15 2
109 594
1 8 2
49 594
1 9 2
144 550
1 7 2
57 597
1 10 2
230 316
1 13 2
409 436
1 20 2
68 190
1 6 2
3 592
1 7 2
270 355
1 18 2
79 234
1 11 2
258 497
1 5 2
239 319
1 10 2
578 666
1 17 2
663 671
1 12 2
160 686
1 3 2
88 370
1 7 2
259 510
1 9 2
154 661
1 7 2
5 36
1 8 2
185 229
1 20 2
50 216
1 3 2
560 619
1 11 2
60 371
1 8 2
2 366
1 12 2
46 110
1 13 2
518 632
1 7 2
192 376
1 3 2
297 533
1 6 2
66 193
1 16 2
103 387
1 12 2
2 402
1 6 2
354 579
1 7 2
451 499
1 10 2
104 470
1 9 2
240 679
1 10 2
238 578
1 5 2
445 568
1 9 2
423 554
1 10 2
265 295
1 8 2
194 314
1 14 2
14 129
1 15 2
280 431
1 14 2
234 302
1 11 2
539 669
1 12 2
105 545
1 16 2
62 145
1 7 2
60 346
1 7 2
135 462
1 4 2
70 647
1 8 2
74 607
1 7 2
7 652
1 15 2
219 585
1 8 2
465 537
1 10 2
341 392
1 15 2
614 622
1 13 2
38 325
1 15 2
26 528
1 6 2
526 536
1 7 2
335 576
1 14 2
95 447
1 10 2
206 535
1 16 2
314 654
1 13 2
609 657
1 4 2
274 406
1 7 2
22 464
1 10 2
58 125
1 12 2
439 537
1 5 2
331 442
1 10 2
571 683
1 10 2
114 666
1 8 2
16 387
1 8 2
126 547
1 13 2
56 302
1 7 2
228 295
1 11 2
270 696
1 15 2
92 341
1 7 2
109 524
1 6 2
37 699
1 5 2
208 672
1 12 2
511 698
1 16 2
179 603
1 7 2
307 365
1 9 2
43 527
1 18 2
171 350
1 15 2
150 544
1 5 2
266 336
1 10 2
139 387
1 11 2
145 621
1 13 2
92 513
1 8 2
149 676
1 10 2
283 571
1 5 2
523 550
1 12 2
392 622
1 14 2
192 371
1 12 2
382 448
1 16 2
492 585
1 14 2
339 414
1 5 2
385 628
1 5 2
491 596
1 11 2
286 431
1 6 2
490 566
1 17 2
27 369
1 10 2
388 615
1 10 2
392 439
1 19 2
384 696
1 11 2
275 357
1 16 2
304 554
1 13 2
126 412
1 5 2
370 679
1 12 2
179 433
1 4 2
522 569
1 6 2
194 261
1 10 2
329 359
1 16 2
206 639
1 9 2
30 357
1 7 2
20 681
1 17 2
323 373
1 14 2
62 345
1 11 2
487 605
1 13 2
108 135
1 12 2
444 633
1 5 2
205 263
1 10 2
646 694
1 13 2
92 261
1 8 2
191 413
1 11 2
268 628
1 9 2
103 235
1 7 2
382 575
1 8 2
1 366
1 8 2
77 358
1 5 2
90 576
1 16 2
601 658
1 11 2
467 694
1 5 2
19 270
1 11 2
206 356
1 13 2
455 542
1 12 2
255 669
1 6 2
562 643
1 14 2
231 577
1 11 2
534 693
1 12 2
341 677
1 7 2
186 604
1 8 2
135 471
1 7 2
26 198
1 11 2
81 688
1 11 2
220 268
1 10 2
2 153
1 7 2
135 340
1 16 2
635 663
1 20 2
639 654
1 8 2
189 504
1 9 2
39 353
1 5 2
310 546
1 7 2
389 513
1 7 2
268 306
1 8 2
397 597
1 5 2
251 422
1 8 2
324 382
1 5 2
32 247
1 12 2
429 695
1 13 2
299 417
1 15 2
436 545
1 5 2
0 669
1 13 2
231 635
1 4 2
25 424
1 13 2
30 402
1 7 2
129 698
1 16 2
430 555
1 15 2
69 219
1 14 2
116 254
1 8 2
78 415
1 16 2
29 606
1 13 2
58 372
1 5 2
55 263
1 9 2
310 567
1 12 2
622 679
1 10 2
160 645
1 13 2
161 249
1 4 2
311 565
1 17 2
223 300
1 5 2
200 657
1 14 2
79 501
1 8 2
165 572
1 8 2
52 625
1 17 2
296 320
1 8 2
80 466
1 5 2
102 458
1 14 2
64 470
1 5 2
136 139
1 7 2
139 142
1 5 2
90 495
1 5 2
287 419
1 6 2
56 593
1 7 2
650 666
1 12 2
101 153
1 9 2
223 248
1 8 2
418 684
1 10 2
173 461
1 5 2
486 560
1 12 2
11 54
1 16 2
436 440
1 13 2
260 581
1 17 2
439 639
1 9 2
433 547
1 11 2
80 96
1 14 2
50 454
1 6 2
5 682
1 15 2
527 678
1 12 2
329 592
1 18 2
26 478
1 10 2
176 654
1 4 2
322 512
1 13 2
413 559
1 7 2
152 623
1 9 2
197 387
1 16 2
29 635
1 8 2
173 314
1 4 2
200 547
1 8 2
87 698
1 13 2
56 409
1 9 2
289 480
1 12 2
150 163
1 14 2
518 550
1 15 2
275 492
1 4 2
298 376
1 7 2
247 494
1 6 2
290 476
1 7 2
131 648
1 14 2
124 601
1 13 2
242 567
1 7 2
334 336
1 12 2
478 675
1 16 2
229 323
1 13 2
313 314
1 16 2
141 218
1 10 2
125 683
1 5 2
278 542
1 11 2
207 536
1 10 2
193 513
1 14 2
314 316
1 8 2
123 465
1 12 2
318 622
1 9 2
202 432
1 12 2
414 497
1 13 2
205 390
1 13 2
258 559
1 14 2
47 283
1 4 2
364 416
1 8 2
6 625
1 3 2
41 324
1 7 2
568 595
1 8 2
72 674
1 7 2
30 583
1 16 2
216 579
1 18 2
14 107
1 5 2
510 595
1 11 2
203 272
