500 3000 1500
12 15 5 14 13 12 6 12 19 11 20 7 11 19 18 22 17 12 25 20 20 15 5 5 13 16 16 9 16 21 19 17 24 25 12 22 23 24 15 22 24 15 14 11 14 22 18 13 18 14 11 14 11 20 24 17 22 21 12 22 17 18 19 14 8 17 22 17 21 13 20 25 10 12 23 17 12 19 19 23 5 5 20 8 8 22 20 23 25 21 20 7 22 19 16 12 13 21 16 12 16 12 23 16 10 14 8 13 23 15 6 23 15 19 16 14 17 11 19 8 12 11 12 21 20 5 20 12 23 19 19 21 6 7 21 19 10 5 7 6 24 14 16 14 18 9 19 5 22 11 15 8 11 23 11 13 24 17 23 6 8 19 6 25 16 12 15 9 13 22 11 18 18 19 12 10 21 5 25 21 12 16 25 18 9 21 11 19 17 14 22 7 5 9 16 11 12 10 20 25 5 13 17 19 22 21 5 14 10 14 7 22 11 17 24 24 6 6 23 9 9 6 19 19 23 16 21 18 22 9 21 17 25 25 18 9 5 25 14 24 23 18 5 14 22 13 21 15 18 25 6 8 6 15 21 20 8 23 13 6 22 5 18 5 21 7 10 12 12 16 16 16 21 10 7 7 10 21 22 18 25 22 15 9 9 12 12 24 15 23 21 21 22 6 9 15 6 14 13 8 14 19 14 20 10 10 7 8 22 23 24 22 5 25 8 14 15 10 25 24 19 19 25 23 13 18 16 20 25 15 21 14 14 10 24 11 10 9 19 21 11 20 25 6 12 7 25 22 22 9 14 15 12 6 9 20 14 17 24 17 18 14 16 10 13 15 9 19 9 23 16 8 15 13 25 5 7 20 8 24 20 11 11 18 20 25 6 12 5 17 16 25 16 20 23 20 23 22 25 25 25 5 17 10 15 22 20 14 7 14 25 20 23 23 18 24 6 10 20 19 10 5 13 6 21 19 14 24 20 22 25 20 6 24 18 16 22 24 10 9 9 6 5 21 8 18 11 9 15 5 15 23 6 18 10 20 24 21 12 23 14 10 21 21 10 12 20 10 5 20 8 12 10 11 21 13 8 19 19 24 24 23 14 12 16 12 7 15 5 13 6 22 15 17 6 20 6 12 17 16
8 7 8 13 4 19 3 18 7 15 17 9 18 5 15 5 15 10 18 8 16 4 11 4 8 13 14 12 11 16 20 5 20 4 3 12 20 17 18 11 15 5 15 14 18 8 9 20 19 11 3 11 11 12 13 3 12 10 16 15 19 18 19 8 4 11 10 15 3 10 18 9 8 20 4 10 14 17 8 15 4 11 17 9 11 8 11 20 16 3 4 16 6 12 13 7 11 19 6 19 15 12 9 11 19 18 17 4 20 20 5 20 19 16 12 11 14 3 15 16 3 4 12 3 5 13 20 8 15 18 4 7 14 7 5 15 3 6 5 4 7 5 16 12 11 16 20 4 12 14 8 5 19 4 7 13 11 13 17 17 5 12 15 20 12 7 12 20 17 16 7 16 14 17 14 3 3 4 5 10 19 13 7 7 19 11 16 16 6 18 13 11 14 20 4 13 19 18 9 9 16 4 4 16 6 14 18 7 18 9 4 17 6 19 20 19 13 8 12 8 10 19 12 17 15 12 17 4 18 11 15 13 9 3 18 11 11 9 9 11 6 8 16 18 6 14 17 14 19 20 5 14 20 3 9 8 9 15 16 6 16 7 14 17 11 14 19 20 11 6 14 17 7 8 11 14 20 4 9 12 3 13 6 7 3 18 6 9 12 19 16 19 10 13 14 16 14 10 20 13 17 12 7 17 12 7 14 12 7 20 19 17 14 17 11 13 10 3 4 20 9 11 6 8 13 12 6 17 9 15 4 18 9 6 3 11 19 10 10 11 9 11 7 3 20 12 11 11 6 4 9 6 6 14 18 5 18 15 7 19 4 3 9 10 5 13 5 10 18 12 3 4 8 6 14 18 3 11 7 11 7 7 13 3 11 11 13 4 4 18 5 16 6 14 15 5 6 13 3 15 7 17 8 4 8 9 14 7 19 17 13 9 19 13 10 14 5 8 8 11 18 14 19 8 5 10 11 13 8 19 8 9 17 16 17 11 3 18 14 4 9 10 3 5 12 16 7 11 6 11 7 4 14 18 20 14 12 11 17 6 5 15 18 9 4 16 9 8 4 6 19 18 5 9 3 11 14 9 7 6 4 16 10 8 11 20 14 18 16 15 11 9 5 17 9 19 17 7 19 4
1 10 2
203 361
1 9 2
61 302
1 10 2
340 480
1 17 2
280 411
1 12 2
65 384
1 14 2
228 321
1 16 2
13 358
1 7 2
172 467
1 10 2
170 398
1 6 2
292 468
1 10 2
0 36
1 9 2
89 121
1 18 2
309 399
1 20 2
239 310
1 19 2
92 399
1 10 2
281 285
1 18 2
88 397
1 13 2
370 480
1 6 2
205 217
1 10 2
245 384
1 20 2
374 398
1 12 2
85 332
1 9 2
164 484
1 14 2
247 430
1 8 2
47 61
1 9 2
96 462
1 17 2
57 318
1 12 2
112 254
1 4 2
212 299
1 11 2
114 272
1 18 2
111 400
1 19 2
233 459
1 10 2
82 141
1 17 2
246 249
1 13 2
181 437
1 15 2
346 414
1 16 2
36 429
1 8 2
258 359
1 10 2
156 378
1 14 2
68 320
1 9 2
108 299
1 12 2
310 448
1 12 2
90 181
1 20 2
88 433
1 7 2
306 339
1 10 2
67 367
1 6 2
145 326
1 11 2
334 464
1 13 2
21 313
1 17 2
240 415
1 17 2
281 394
1 18 2
134 163
1 9 2
251 430
1 13 2
100 459
1 14 2
82 424
1 14 2
289 338
1 6 2
195 482
1 15 2
79 455
1 13 2
155 398
1 6 2
5 49
1 9 2
209 389
1 8 2
290 294
1 14 2
176 179
1 18 2
156 308
1 16 2
135 433
1 18 2
45 199
1 16 2
183 237
1 12 2
278 350
1 12 2
102 426
1 14 2
384 393
1 10 2
146 288
1 12 2
204 362
1 8 2
195 264
1 5 2
435 486
1 12 2
201 215
1 12 2
257 351
1 8 2
262 268
1 9 2
303 483
1 18 2
123 319
1 10 2
279 351
1 9 2
94 253
1 16 2
323 463
1 11 2
12 215
1 13 2
169 389
1 16 2
190 394
1 11 2
301 370
1 11 2
97 487
1 18 2
190 451
1 9 2
447 481
1 16 2
199 367
1 12 2
143 260
1 19 2
128 374
1 14 2
130 246
1 14 2
289 360
1 10 2
149 429
1 16 2
158 185
1 10 2
20 373
1 20 2
334 342
1 18 2
18 428
1 17 2
148 287
1 16 2
223 342
1 12 2
141 148
1 10 2
174 491
1 9 2
33 470
1 10 2
41 118
1 19 2
140 427
1 13 2
329 400
1 12 2
63 429
1 19 2
40 310
1 7 2
235 402
1 15 2
89 97
1 9 2
0 97
1 17 2
39 491
1 4 2
133 332
1 17 2
163 425
1 16 2
13 328
1 8 2
239 353
1 9 2
300 377
1 9 2
60 315
1 10 2
248 270
1 11 2
247 431
1 12 2
74 189
1 7 2
188 235
1 17 2
397 405
1 16 2
290 412
1 5 2
121 471
1 3 2
117 200
1 9 2
144 448
1 10 2
72 87
1 12 2
3 218
1 19 2
249 257
1 11 2
198 270
1 16 2
18 425
1 6 2
193 357
1 8 2
252 480
1 14 2
87 227
1 7 2
186 225
1 18 2
379 451
1 11 2
123 150
1 6 2
138 453
1 12 2
380 445
1 18 2
128 319
1 8 2
131 333
1 12 2
253 481
1 13 2
96 313
1 13 2
98 481
1 6 2
296 341
1 4 2
174 368
1 15 2
451 477
1 13 2
53 86
1 7 2
21 361
1 8 2
15 256
1 14 2
35 477
1 13 2
327 457
1 18 2
281 415
1 14 2
176 428
1 6 2
95 268
1 9 2
108 151
1 10 2
8 316
1 14 2
82 226
1 7 2
279 461
1 12 2
108 499
1 15 2
322 389
1 8 2
332 389
1 11 2
99 412
1 14 2
270 391
1 9 2
60 302
1 12 2
43 385
1 12 2
111 331
1 6 2
432 466
1 15 2
78 309
1 15 2
198 240
1 6 2
363 460
1 13 2
1 182
1 17 2
86 280
1 9 2
245 406
1 5 2
256 392
1 9 2
143 360
1 11 2
168 308
1 14 2
53 62
1 12 2
55 495
1 9 2
116 492
1 10 2
30 295
1 11 2
86 94
1 18 2
459 479
1 8 2
13 344
1 18 2
148 430
1 14 2
244 434
1 17 2
328 469
1 2 2
259 388
1 8 2
2 40
1 12 2
150 347
1 19 2
310 346
1 13 2
36 100
1 12 2
272 487
1 14 2
237 269
1 13 2
351 481
1 12 2
53 130
1 17 2
211 413
1 16 2
18 477
1 15 2
129 319
1 12 2
79 364
1 15 2
310 419
1 15 2
86 481
1 19 2
237 289
1 15 2
62 214
1 7 2
336 425
1 4 2
132 150
1 10 2
7 474
1 13 2
270 451
1 10 2
218 467
1 13 2
103 148
1 12 2
111 484
1 9 2
167 215
1 6 2
81 290
1 8 2
59 229
1 17 2
226 385
1 13 2
179 477
1 15 2
396 469
1 14 2
30 413
1 12 2
20 130
1 13 2
350 430
1 15 2
357 430
1 6 2
276 362
1 15 2
75 410
1 7 2
383 438
1 18 2
385 395
1 15 2
202 249
1 7 2
3 47
1 7 2
292 441
1 13 2
26 54
1 10 2
89 364
1 11 2
340 479
1 8 2
57 454
1 13 2
326 459
1 12 2
134 247
1 7 2
117 359
1 12 2
367 414
1 14 2
18 389
1 6 2
6 477
1 8 2
34 431
1 15 2
397 474
1 7 2
28 475
1 19 2
237 278
1 16 2
140 185
1 9 2
276 278
1 16 2
322 395
1 20 2
328 391
1 9 2
281 464
1 7 2
268 484
1 15 2
427 493
1 14 2
280 282
1 8 2
389 482
1 12 2
29 372
1 9 2
153 317
1 11 2
426 463
1 11 2
1 19
1 5 2
359 416
1 17 2
32 462
1 14 2
98 456
1 14 2
303 308
1 19 2
430 481
1 10 2
168 436
1 9 2
287 345
1 13 2
35 75
1 6 2
256 390
1 10 2
382 433
1 18 2
29 342
1 14 2
224 241
1 12 2
225 228
1 16 2
128 246
1 17 2
341 346
1 10 2
131 351
1 11 2
245 396
1 15 2
228 290
1 9 2
58 223
1 16 2
241 342
1 14 2
339 355
1 6 2
184 402
1 12 2
88 335
1 11 2
38 230
1 11 2
17 59
1 16 2
74 405
1 7 2
0 282
1 7 2
108 388
1 19 2
54 158
1 13 2
130 418
1 9 2
256 385
1 7 2
46 333
1 18 2
179 342
1 13 2
143 385
1 13 2
75 277
1 11 2
112 380
1 8 2
327 420
1 2 2
27 125
1 9 2
265 399
1 14 2
19 355
1 11 2
63 87
1 14 2
211 241
1 10 2
303 331
1 8 2
94 302
1 6 2
184 202
1 10 2
142 325
1 9 2
117 330
1 13 2
223 255
1 6 2
61 376
1 20 2
318 399
1 7 2
109 152
1 6 2
265 367
1 14 2
320 348
1 12 2
331 433
1 11 2
161 445
1 9 2
208 424
1 11 2
65 171
1 10 2
246 298
1 6 2
219 279
1 14 2
320 394
1 7 2
216 418
1 15 2
39 82
1 16 2
40 203
1 8 2
187 195
1 12 2
109 429
1 10 2
304 374
1 18 2
334 437
1 16 2
320 391
1 17 2
59 412
1 7 2
222 305
1 15 2
279 410
1 19 2
163 319
1 12 2
113 478
1 4 2
72 381
1 12 2
295 437
1 18 2
40 218
1 13 2
78 311
1 14 2
157 158
1 9 2
385 441
1 14 2
310 487
1 12 2
282 481
1 5 2
285 473
1 17 2
74 92
1 11 2
51 204
1 13 2
362 369
1 9 2
55 332
1 12 2
108 392
1 17 2
128 369
1 12 2
379 409
1 8 2
70 197
1 17 2
384 400
1 9 2
114 183
1 11 2
188 320
1 9 2
290 381
1 10 2
152 308
1 12 2
82 173
1 15 2
246 384
1 16 2
185 218
1 10 2
56 335
1 13 2
8 418
1 11 2
126 362
1 15 2
46 323
1 10 2
150 246
1 16 2
153 424
1 14 2
182 392
1 15 2
144 178
1 17 2
53 237
1 7 2
351 361
1 11 2
5 427
1 10 2
255 295
1 9 2
21 223
1 13 2
207 374
1 8 2
51 362
1 8 2
47 383
1 13 2
246 477
1 6 2
57 468
1 9 2
75 98
1 9 2
85 446
1 16 2
85 134
1 9 2
52 246
1 16 2
342 453
1 16 2
57 287
1 17 2
77 385
1 15 2
61 456
1 17 2
85 433
1 11 2
202 414
1 16 2
32 89
1 15 2
334 425
1 14 2
103 430
1 5 2
195 276
1 8 2
12 291
1 11 2
282 384
1 16 2
68 334
1 14 2
146 429
1 7 2
44 482
1 6 2
297 344
1 13 2
93 406
1 10 2
42 469
1 13 2
213 292
1 7 2
28 458
1 12 2
31 130
1 7 2
12 402
1 7 2
24 316
1 9 2
52 179
1 6 2
82 263
1 10 2
434 448
1 19 2
342 348
1 16 2
40 477
1 13 2
173 187
1 7 2
316 465
1 12 2
37 426
1 16 2
54 223
1 7 2
46 368
1 15 2
32 53
1 15 2
173 456
1 9 2
235 257
1 7 2
326 483
1 13 2
398 460
1 12 2
14 393
1 13 2
97 172
1 4 2
212 283
1 9 2
286 321
1 12 2
63 239
1 16 2
211 291
1 5 2
12 304
1 16 2
86 479
1 10 2
165 405
1 9 2
143 419
1 12 2
279 393
1 16 2
123 292
1 11 2
240 300
1 12 2
230 372
1 11 2
157 222
1 9 2
26 38
1 7 2
170 213
1 12 2
143 239
1 19 2
232 459
1 5 2
180 186
1 9 2
299 313
1 14 2
140 499
1 10 2
398 440
1 9 2
57 154
1 8 2
244 378
1 17 2
328 397
1 8 2
53 387
1 8 2
131 378
1 7 2
167 377
1 12 2
8 383
1 11 2
111 245
1 8 2
18 177
1 11 2
207 396
1 9 2
89 95
1 8 2
221 322
1 10 2
105 198
1 7 2
126 274
1 8 2
369 440
1 15 2
362 400
1 10 2
304 433
1 20 2
233 399
1 11 2
114 455
1 10 2
256 310
1 14 2
395 443
1 7 2
274 347
1 17 2
287 330
1 10 2
311 485
1 14 2
126 131
1 16 2
102 264
1 12 2
103 481
1 7 2
449 459
1 6 2
105 387
1 5 2
236 455
1 10 2
168 230
1 14 2
94 215
1 6 2
143 317
1 8 2
315 370
1 9 2
338 485
1 14 2
183 310
1 10 2
180 240
1 7 2
293 451
1 14 2
241 397
1 5 2
267 317
1 8 2
268 428
1 16 2
183 346
1 9 2
109 362
1 18 2
59 391
1 18 2
29 71
1 14 2
348 495
1 11 2
42 246
1 14 2
198 290
1 16 2
322 477
1 20 2
249 459
1 11 2
311 404
1 11 2
331 347
1 11 2
79 298
1 8 2
66 305
1 13 2
54 460
1 8 2
52 418
1 19 2
66 322
1 20 2
163 479
1 16 2
113 215
1 9 2
258 272
1 19 2
108 182
1 6 2
17 364
1 6 2
196 482
1 5 2
76 382
1 16 2
74 185
1 18 2
237 244
1 6 2
7 34
1 13 2
111 114
1 7 2
286 288
1 8 2
137 163
1 5 2
283 285
1 13 2
77 478
1 4 2
119 207
1 18 2
190 237
1 16 2
134 214
1 9 2
67 282
1 16 2
15 158
1 18 2
87 111
1 12 2
77 90
1 13 2
16 39
1 19 2
18 481
1 17 2
291 309
1 6 2
353 425
1 4 2
138 298
1 18 2
163 308
1 15 2
323 428
1 7 2
301 337
1 9 2
283 348
1 9 2
461 491
1 10 2
152 240
1 14 2
15 469
1 6 2
9 450
1 14 2
55 88
1 16 2
148 491
1 11 2
76 158
1 11 2
347 497
1 7 2
106 255
1 15 2
116 182
1 13 2
14 15
1 8 2
180 445
1 8 2
297 414
1 12 2
39 94
1 9 2
121 204
1 12 2
129 341
1 16 2
328 367
1 8 2
78 136
1 11 2
29 295
1 7 2
301 472
1 18 2
412 413
1 3 2
284 293
1 11 2
254 475
1 11 2
77 360
1 5 2
147 428
1 8 2
47 445
1 12 2
237 460
1 8 2
178 452
1 12 2
8 78
1 8 2
238 279
1 13 2
240 316
1 11 2
34 56
1 8 2
37 206
1 13 2
16 97
1 20 2
40 322
1 17 2
239 443
1 14 2
341 457
1 11 2
12 310
1 10 2
180 311
1 8 2
401 480
1 17 2
211 257
1 8 2
131 256
1 7 2
73 164
1 14 2
53 246
1 20 2
54 400
1 12 2
129 241
1 10 2
55 231
1 12 2
254 362
1 11 2
331 443
1 14 2
370 415
1 9 2
83 88
1 16 2
130 346
1 18 2
240 346
1 4 2
96 119
1 7 2
223 337
1 16 2
74 260
1 20 2
289 399
1 20 2
111 385
1 14 2
347 406
1 18 2
311 385
1 19 2
287 427
1 5 2
24 461
1 9 2
231 362
1 7 2
306 474
1 10 2
152 289
1 15 2
380 459
1 17 2
40 254
1 17 2
102 308
1 19 2
178 491
1 13 2
218 435
1 15 2
185 205
1 11 2
101 163
1 18 2
232 457
1 16 2
163 478
1 16 2
214 367
1 16 2
179 429
1 11 2
113 269
1 9 2
105 445
1 11 2
155 347
1 5 2
67 345
1 12 2
70 103
1 12 2
111 297
1 18 2
33 369
1 12 2
190 460
1 17 2
169 459
1 9 2
104 289
1 9 2
3 130
1 17 2
35 459
1 13 2
26 224
1 13 2
270 429
1 11 2
325 338
1 7 2
230 275
1 19 2
224 239
1 15 2
395 413
1 19 2
281 342
1 11 2
48 234
1 18 2
40 347
1 16 2
45 79
1 7 2
126 444
1 9 2
446 495
1 14 2
100 430
1 13 2
424 431
1 20 2
318 410
1 6 2
25 464
1 13 2
90 234
1 14 2
179 301
1 15 2
35 436
1 10 2
142 402
1 5 2
219 302
1 6 2
90 159
1 13 2
1 391
1 8 2
145 495
1 7 2
38 120
1 17 2
66 108
1 3 2
167 470
1 3 2
147 273
1 17 2
97 399
1 8 2
101 392
1 11 2
111 155
1 10 2
199 464
1 15 2
35 118
1 13 2
372 430
1 13 2
36 157
1 7 2
24 351
1 8 2
144 387
1 13 2
331 479
1 10 2
237 467
1 8 2
129 149
1 10 2
185 196
1 16 2
223 232
1 9 2
202 300
1 13 2
19 146
1 12 2
87 482
1 14 2
157 413
1 10 2
118 194
1 11 2
174 240
1 5 2
288 376
1 6 2
288 333
1 18 2
102 481
1 16 2
415 469
1 15 2
68 308
1 4 2
105 177
1 7 2
76 499
1 6 2
99 351
1 4 2
145 168
1 7 2
321 444
1 3 2
307 317
1 8 2
151 228
1 12 2
205 389
1 12 2
212 233
1 12 2
3 54
1 7 2
58 194
1 8 2
142 365
1 15 2
188 346
1 9 2
43 68
1 10 2
93 243
1 16 2
37 86
1 11 2
34 239
1 15 2
114 410
1 17 2
39 289
1 14 2
44 374
1 10 2
231 279
1 15 2
128 418
1 12 2
243 396
1 12 2
13 129
1 12 2
3 128
1 10 2
390 498
1 6 2
157 274
1 8 2
196 390
1 9 2
16 373
1 17 2
135 322
1 4 2
197 464
1 12 2
339 370
1 7 2
177 427
1 11 2
286 323
1 11 2
42 308
1 9 2
349 396
1 13 2
140 498
1 12 2
144 495
1 9 2
15 335
1 12 2
15 271
1 11 2
76 102
1 6 2
91 445
1 17 2
226 400
1 13 2
25 224
1 10 2
24 78
1 4 2
127 273
1 14 2
272 495
1 20 2
182 318
1 6 2
123 416
1 11 2
272 372
1 9 2
7 255
1 5 2
167 404
1 15 2
171 249
1 9 2
40 371
1 13 2
201 399
1 19 2
397 398
1 12 2
100 311
1 12 2
26 481
1 9 2
42 62
1 5 2
64 350
1 16 2
108 418
1 9 2
123 422
1 9 2
99 474
1 12 2
89 164
1 20 2
32 398
1 9 2
420 436
1 17 2
79 123
1 12 2
20 46
1 16 2
169 397
1 19 2
153 237
1 7 2
172 186
1 9 2
484 499
1 4 2
73 274
1 5 2
138 213
1 13 2
20 223
1 7 2
28 344
1 13 2
74 365
1 5 2
6 493
1 16 2
153 462
1 11 2
253 397
1 17 2
36 347
1 14 2
124 395
1 13 2
313 372
1 8 2
97 476
1 17 2
123 309
1 19 2
280 427
1 7 2
13 467
1 10 2
249 256
1 16 2
129 437
1 10 2
50 228
1 9 2
173 458
1 9 2
67 350
1 16 2
87 230
1 15 2
93 346
1 18 2
33 348
1 14 2
14 436
1 4 2
73 104
1 18 2
59 214
1 13 2
158 392
1 5 2
94 125
1 14 2
241 415
1 12 2
92 282
1 5 2
154 195
1 18 2
237 451
1 7 2
170 359
1 11 2
26 393
1 19 2
218 410
1 20 2
233 319
1 17 2
128 330
1 10 2
52 474
1 8 2
31 350
1 18 2
233 355
1 12 2
178 332
1 11 2
278 356
1 7 2
82 119
1 5 2
263 445
1 19 2
385 481
1 8 2
201 414
1 11 2
149 182
1 16 2
325 342
1 14 2
48 169
1 4 2
295 442
1 19 2
18 429
1 9 2
268 411
1 10 2
464 480
1 20 2
233 313
1 3 2
0 80
1 12 2
92 150
1 12 2
131 325
1 7 2
151 419
1 12 2
237 245
1 5 2
333 482
1 17 2
74 176
1 12 2
46 62
1 16 2
118 232
1 10 2
33 229
1 16 2
455 481
1 15 2
86 412
1 16 2
39 92
1 10 2
170 415
1 13 2
75 369
1 13 2
185 338
1 18 2
158 239
1 8 2
253 282
1 4 2
41 494
1 7 2
84 277
1 16 2
214 457
1 14 2
53 185
1 12 2
66 164
1 17 2
111 260
1 12 2
79 166
1 16 2
204 230
1 11 2
187 389
1 15 2
292 395
1 9 2
171 316
1 5 2
5 121
1 8 2
138 309
1 13 2
116 211
1 17 2
396 491
1 14 2
156 362
1 2 2
6 251
1 9 2
107 419
1 19 2
178 456
1 7 2
56 192
1 18 2
71 330
1 5 2
12 381
1 15 2
126 463
1 15 2
19 74
1 10 2
258 455
1 12 2
75 211
1 13 2
14 85
1 8 2
14 58
1 8 2
54 470
1 13 2
427 435
1 12 2
41 176
1 7 2
134 250
1 12 2
76 88
1 5 2
139 157
1 6 2
164 464
1 19 2
211 237
1 9 2
270 426
1 12 2
267 410
1 10 2
349 415
1 14 2
260 325
1 11 2
18 447
1 7 2
170 357
1 13 2
290 425
1 15 2
90 289
1 7 2
126 162
1 18 2
71 92
1 12 2
173 223
1 8 2
161 464
1 6 2
152 166
1 6 2
225 472
1 16 2
37 495
1 20 2
319 358
1 7 2
17 25
1 9 2
346 490
1 12 2
19 270
1 8 2
187 340
1 4 2
9 52
1 17 2
74 89
1 12 2
115 239
1 11 2
10 67
1 17 2
102 436
1 17 2
355 410
1 8 2
86 304
1 14 2
111 357
1 18 2
240 257
1 17 2
88 339
1 12 2
71 127
1 17 2
126 233
1 17 2
429 451
1 12 2
280 382
1 16 2
8 398
1 4 2
159 465
1 8 2
141 357
1 11 2
0 218
1 14 2
39 126
1 7 2
260 416
1 8 2
160 424
1 16 2
134 218
1 14 2
248 479
1 18 2
36 415
1 9 2
215 366
1 10 2
166 453
1 8 2
398 496
1 3 2
276 293
1 14 2
31 232
1 11 2
39 245
1 11 2
245 481
1 16 2
239 320
1 11 2
180 310
1 17 2
71 474
1 12 2
13 414
1 7 2
183 403
1 5 2
121 324
1 19 2
348 399
1 15 2
89 355
1 6 2
147 393
1 8 2
167 190
1 18 2
134 410
1 14 2
474 478
1 14 2
89 418
1 13 2
214 297
1 12 2
65 495
1 11 2
31 75
1 12 2
332 491
1 15 2
40 171
1 12 2
347 392
1 8 2
53 149
1 5 2
345 351
1 10 2
107 230
1 13 2
114 480
1 7 2
84 124
1 10 2
264 364
1 7 2
378 425
1 14 2
183 228
1 16 2
39 230
1 15 2
182 222
1 15 2
85 222
1 7 2
147 474
1 19 2
71 204
1 16 2
29 190
1 7 2
307 320
1 16 2
249 419
1 18 2
33 92
1 19 2
397 430
1 13 2
248 290
1 11 2
46 203
1 9 2
27 433
1 6 2
406 432
1 10 2
152 215
1 9 2
4 431
1 12 2
39 100
1 9 2
233 490
1 3 2
192 458
1 3 2
22 267
1 12 2
144 462
1 12 2
395 453
1 4 2
121 151
1 12 2
129 325
1 15 2
443 469
1 7 2
80 369
1 7 2
144 454
1 16 2
124 412
1 15 2
116 415
1 14 2
10 89
1 7 2
125 246
1 13 2
30 355
1 10 2
71 333
1 14 2
48 281
1 7 2
39 274
1 20 2
214 415
1 15 2
68 257
1 10 2
97 331
1 4 2
219 464
1 12 2
131 402
1 11 2
45 73
1 12 2
67 123
1 12 2
37 96
1 14 2
215 389
1 18 2
281 334
1 17 2
205 358
1 9 2
235 397
1 11 2
8 493
1 8 2
42 109
1 9 2
218 371
1 20 2
346 391
1 5 2
247 349
1 16 2
248 374
1 14 2
185 203
1 8 2
20 447
1 8 2
156 275
1 11 2
364 451
1 6 2
446 484
1 7 2
116 438
1 16 2
62 394
1 13 2
237 356
1 16 2
124 182
1 14 2
146 459
1 8 2
75 268
1 15 2
33 46
1 9 2
260 363
1 11 2
25 126
1 7 2
32 192
1 17 2
59 308
1 12 2
35 499
1 13 2
211 269
1 20 2
32 399
1 16 2
244 443
1 11 2
325 434
1 10 2
112 126
1 8 2
52 134
1 8 2
475 484
1 4 2
69 274
1 20 2
111 391
1 15 2
85 303
1 3 2
137 352
1 9 2
66 382
1 9 2
43 443
1 15 2
264 291
1 16 2
90 92
1 7 2
196 365
1 14 2
393 443
1 18 2
163 348
1 10 2
45 475
1 11 2
7 156
1 15 2
108 146
1 7 2
28 154
1 7 2
205 440
1 8 2
221 451
1 14 2
59 466
1 9 2
381 393
1 5 2
0 24
1 8 2
29 219
1 16 2
48 232
1 9 2
244 352
1 13 2
57 113
1 20 2
232 233
1 18 2
102 480
1 14 2
29 62
1 7 2
104 157
1 10 2
44 255
1 13 2
157 169
1 9 2
145 397
1 9 2
104 463
1 9 2
299 342
1 12 2
327 419
1 10 2
88 136
1 13 2
269 480
1 11 2
286 413
1 8 2
348 447
1 11 2
297 397
1 12 2
278 329
1 19 2
278 328
1 12 2
109 405
1 15 2
222 281
1 7 2
107 460
1 10 2
142 183
1 8 2
142 166
1 19 2
199 278
1 14 2
222 348
1 9 2
151 232
1 11 2
48 402
1 10 2
185 350
1 11 2
253 463
1 14 2
59 367
1 7 2
80 123
1 10 2
262 316
1 12 2
195 328
1 4 2
22 300
1 8 2
170 223
1 14 2
204 248
1 6 2
13 125
1 9 2
154 462
1 14 2
68 205
1 9 2
134 305
1 11 2
317 328
1 12 2
257 492
1 18 2
54 309
1 11 2
176 460
1 17 2
68 140
1 9 2
245 425
1 14 2
161 311
1 13 2
129 384
1 9 2
61 487
1 18 2
45 369
1 4 2
12 208
1 10 2
53 269
1 8 2
167 424
1 15 2
310 384
1 18 2
156 347
1 13 2
231 246
1 9 2
84 257
1 3 2
333 376
1 11 2
44 128
1 10 2
0 412
1 17 2
102 257
1 10 2
119 385
1 7 2
246 423
1 13 2
49 437
1 13 2
53 222
1 10 2
282 411
1 6 2
27 295
1 16 2
153 406
1 10 2
120 429
1 10 2
150 377
1 10 2
15 364
1 11 2
88 167
1 12 2
124 357
1 8 2
210 319
1 15 2
292 436
1 14 2
25 322
1 12 2
55 466
1 15 2
68 411
1 11 2
355 390
1 15 2
309 419
1 14 2
183 481
1 14 2
255 443
1 14 2
45 77
1 14 2
430 493
1 11 2
290 295
1 9 2
266 272
1 5 2
177 414
1 13 2
66 227
1 8 2
122 445
1 15 2
246 436
1 19 2
240 322
1 6 2
83 135
1 13 2
309 499
1 16 2
182 425
1 10 2
228 363
1 13 2
51 379
1 7 2
301 461
1 11 2
24 79
1 10 2
58 436
1 9 2
270 499
1 13 2
164 391
1 12 2
28 66
1 7 2
62 363
1 14 2
67 385
1 7 2
60 349
1 11 2
272 316
1 15 2
157 182
1 8 2
121 161
1 9 2
68 336
1 10 2
297 424
1 5 2
354 465
1 11 2
59 426
1 8 2
120 478
1 10 2
99 224
1 15 2
113 308
1 5 2
344 446
1 3 2
266 441
1 17 2
128 379
1 5 2
9 420
1 10 2
285 311
1 8 2
105 365
1 7 2
219 431
1 11 2
300 347
1 18 2
148 199
1 8 2
2 323
1 15 2
199 202
1 3 2
50 252
1 16 2
190 230
1 13 2
163 448
1 9 2
417 424
1 11 2
394 458
1 14 2
135 205
1 11 2
195 214
1 8 2
5 377
1 3 2
263 446
1 16 2
327 396
1 4 2
67 468
1 15 2
198 436
1 15 2
328 360
1 12 2
207 480
1 10 2
92 373
1 5 2
61 159
1 7 2
157 304
1 4 2
381 439
1 4 2
52 104
1 17 2
71 222
1 15 2
367 433
1 6 2
122 245
1 6 2
331 373
1 12 2
228 332
1 8 2
335 380
1 6 2
219 271
1 9 2
445 448
1 17 2
158 292
1 14 2
163 365
1 4 2
100 132
1 5 2
194 441
1 13 2
32 372
1 12 2
16 62
1 5 2
297 420
1 5 2
207 340
1 6 2
141 438
1 5 2
170 201
1 11 2
10 362
1 12 2
146 377
1 10 2
213 248
1 10 2
235 400
1 7 2
231 317
1 10 2
390 402
1 9 2
207 445
1 13 2
31 158
1 15 2
29 131
1 11 2
245 281
1 5 2
207 333
1 5 2
34 294
1 11 2
316 367
1 7 2
9 499
1 14 2
244 395
1 12 2
222 383
1 19 2
280 358
1 8 2
194 448
1 13 2
146 347
1 14 2
146 169
1 7 2
372 465
1 9 2
5 57
1 7 2
47 112
1 10 2
19 364
1 16 2
226 309
1 19 2
169 374
1 7 2
272 423
1 7 2
285 288
1 11 2
121 233
1 13 2
187 255
1 10 2
98 213
1 12 2
199 446
1 11 2
127 289
1 18 2
74 140
1 6 2
21 381
1 4 2
34 119
1 8 2
31 141
1 15 2
118 257
1 4 2
91 122
1 10 2
327 407
1 17 2
233 255
1 12 2
202 491
1 8 2
202 465
1 14 2
278 431
1 13 2
431 495
1 9 2
172 243
1 3 2
197 349
1 19 2
56 318
1 11 2
87 373
1 12 2
89 194
1 8 2
3 60
1 16 2
77 153
1 10 2
44 455
1 11 2
102 212
1 8 2
62 422
1 12 2
103 405
1 7 2
70 193
1 12 2
150 211
1 6 2
316 471
1 5 2
41 83
1 7 2
145 355
1 8 2
129 458
1 17 2
318 419
1 11 2
459 465
1 11 2
157 255
1 17 2
62 237
1 9 2
204 340
1 7 2
216 323
1 4 2
336 337
1 9 2
303 446
1 9 2
249 275
1 15 2
241 481
1 12 2
297 479
1 7 2
196 315
1 7 2
2 412
1 13 2
188 369
1 18 2
308 342
1 7 2
349 477
1 18 2
313 339
1 16 2
169 228
1 8 2
50 360
1 16 2
140 414
1 14 2
97 272
1 12 2
141 158
1 8 2
49 247
1 17 2
260 292
1 12 2
26 59
1 13 2
40 302
1 9 2
351 359
1 19 2
214 346
1 5 2
357 476
1 7 2
244 432
1 8 2
300 370
1 18 2
88 218
1 16 2
18 61
1 12 2
163 352
1 14 2
254 406
1 13 2
134 248
1 8 2
146 473
1 19 2
156 318
1 12 2
257 282
1 15 2
126 462
1 6 2
225 470
1 16 2
111 254
1 7 2
194 422
1 2 2
137 494
1 6 2
6 338
1 6 2
141 465
1 13 2
14 148
1 4 2
98 421
1 13 2
211 367
1 14 2
310 351
1 12 2
1 310
1 7 2
76 164
1 6 2
327 488
1 12 2
90 392
1 9 2
115 301
1 15 2
79 187
1 17 2
85 140
1 14 2
246 495
1 11 2
114 173
1 16 2
19 289
1 11 2
410 461
1 13 2
232 315
1 7 2
166 324
1 14 2
150 400
1 10 2
264 460
1 16 2
171 328
1 20 2
182 280
1 14 2
68 82
1 6 2
168 298
1 10 2
12 323
1 17 2
77 400
1 14 2
118 278
1 16 2
348 369
1 9 2
95 198
1 17 2
45 260
1 9 2
341 356
1 7 2
133 161
1 15 2
172 237
1 12 2
199 344
1 10 2
0 429
1 16 2
413 428
1 10 2
124 258
1 13 2
257 269
1 14 2
26 249
1 18 2
398 457
1 10 2
410 472
1 5 2
107 368
1 13 2
163 460
1 20 2
156 479
1 4 2
217 365
1 10 2
108 208
1 7 2
243 331
1 5 2
165 333
1 16 2
135 215
1 17 2
92 218
1 6 2
315 489
1 10 2
28 130
1 11 2
277 300
1 11 2
10 404
1 13 2
56 360
1 17 2
33 462
1 14 2
53 424
1 14 2
13 108
1 12 2
202 204
1 13 2
254 262
1 15 2
226 244
1 5 2
116 217
1 5 2
17 438
1 15 2
176 218
1 16 2
124 156
1 15 2
183 415
1 10 2
118 487
1 14 2
48 394
1 4 2
117 276
1 12 2
32 448
1 19 2
156 437
1 6 2
14 250
1 10 2
49 431
1 11 2
40 465
1 17 2
214 230
1 19 2
346 451
1 12 2
74 373
1 7 2
53 133
1 8 2
113 149
1 14 2
142 313
1 17 2
18 431
1 8 2
12 419
1 9 2
30 245
1 4 2
73 432
1 10 2
65 248
1 3 2
296 387
1 12 2
166 287
1 6 2
300 335
1 14 2
301 397
1 14 2
85 135
1 12 2
188 308
1 13 2
87 435
1 8 2
21 316
1 13 2
173 303
1 17 2
29 398
1 7 2
31 43
1 4 2
11 268
1 6 2
185 416
1 9 2
58 222
1 5 2
152 189
1 9 2
47 78
1 8 2
64 134
1 8 2
8 497
1 15 2
183 456
1 8 2
393 454
1 9 2
410 452
1 10 2
34 244
1 7 2
157 438
1 13 2
350 427
1 10 2
316 419
1 11 2
169 300
1 12 2
88 245
1 9 2
18 162
1 15 2
215 338
1 6 2
422 473
1 12 2
75 86
1 8 2
45 363
1 8 2
378 474
1 8 2
28 270
1 12 2
14 455
1 8 2
141 484
1 17 2
68 358
1 12 2
425 434
1 15 2
71 171
1 15 2
311 478
1 13 2
362 379
1 12 2
334 350
1 10 2
0 491
1 17 2
71 264
1 16 2
88 495
1 9 2
14 51
1 12 2
48 205
1 5 2
9 335
1 10 2
287 317
1 10 2
178 378
1 8 2
70 382
1 5 2
25 250
1 14 2
319 370
1 5 2
175 329
1 7 2
31 155
1 14 2
15 130
1 16 2
292 491
1 11 2
334 422
1 15 2
347 428
1 5 2
109 439
1 9 2
166 370
1 12 2
95 342
1 4 2
101 314
1 8 2
169 336
1 9 2
103 351
1 10 2
108 298
1 6 2
8 250
1 9 2
356 360
1 7 2
66 378
1 4 2
208 420
1 8 2
47 402
1 8 2
186 321
1 18 2
111 319
1 11 2
39 302
1 13 2
214 372
1 15 2
53 310
1 13 2
320 495
1 4 2
155 423
1 11 2
40 473
1 18 2
215 412
1 13 2
462 478
1 17 2
148 415
1 9 2
117 240
1 19 2
322 379
1 6 2
60 273
1 13 2
291 453
1 18 2
289 379
1 7 2
23 310
1 16 2
128 341
1 17 2
224 436
1 8 2
34 55
1 20 2
310 322
1 17 2
153 291
1 8 2
275 397
1 12 2
62 70
1 12 2
35 302
1 9 2
112 392
1 12 2
364 415
1 14 2
94 328
1 6 2
96 243
1 18 2
211 479
1 7 2
38 324
1 13 2
134 144
1 20 2
18 182
1 7 2
309 468
1 9 2
42 248
1 9 2
102 403
1 15 2
239 477
1 11 2
155 281
1 6 2
142 219
1 6 2
2 169
1 10 2
412 472
1 10 2
144 370
1 10 2
53 282
1 11 2
289 407
1 19 2
287 479
1 17 2
37 278
1 11 2
31 48
1 11 2
102 483
1 8 2
24 188
1 4 2
438 465
1 10 2
320 326
1 7 2
99 362
1 14 2
327 463
1 9 2
121 292
1 14 2
20 278
1 7 2
209 316
1 18 2
39 328
1 7 2
7 448
1 10 2
170 292
1 7 2
3 295
1 6 2
207 483
1 10 2
61 484
1 11 2
15 404
1 9 2
24 77
1 11 2
271 443
1 9 2
142 499
1 15 2
8 163
1 7 2
124 376
1 14 2
272 355
1 9 2
175 463
1 15 2
311 495
1 7 2
210 272
1 14 2
74 227
1 9 2
50 394
1 13 2
207 456
1 4 2
1 343
1 18 2
18 228
1 13 2
248 474
1 8 2
364 487
1 12 2
74 243
1 11 2
350 443
1 13 2
31 260
1 9 2
36 175
1 8 2
86 268
1 18 2
153 309
1 12 2
21 369
1 10 2
32 170
1 10 2
9 456
1 6 2
365 467
1 15 2
35 124
1 17 2
327 456
1 15 2
223 244
1 12 2
29 114
1 14 2
326 398
1 10 2
166 330
1 14 2
68 301
1 17 2
391 406
1 19 2
32 427
1 16 2
240 474
1 10 2
68 96
1 10 2
223 329
1 6 2
196 331
1 10 2
205 475
1 11 2
118 271
1 5 2
165 366
1 9 2
75 100
1 7 2
217 341
1 17 2
156 394
1 11 2
115 205
1 10 2
146 225
1 3 2
259 276
1 10 2
8 150
1 15 2
163 171
1 6 2
162 355
1 12 2
448 480
1 18 2
39 322
1 15 2
56 198
1 2 2
2 80
1 2 2
200 305
1 8 2
170 202
1 8 2
63 194
1 14 2
222 413
1 6 2
45 236
1 15 2
158 176
1 4 2
151 201
1 9 2
58 348
1 15 2
271 399
1 16 2
102 429
1 10 2
122 272
1 8 2
183 245
1 9 2
165 406
1 13 2
67 169
1 11 2
12 342
1 16 2
35 228
1 20 2
249 433
1 13 2
21 400
1 13 2
135 384
1 11 2
57 316
1 12 2
181 339
1 5 2
95 446
1 19 2
328 347
1 7 2
31 52
1 8 2
116 460
1 10 2
43 412
1 8 2
27 29
1 6 2
116 454
1 18 2
32 224
1 13 2
124 414
1 17 2
311 456
1 16 2
264 310
1 18 2
205 214
1 14 2
183 369
1 18 2
374 418
1 8 2
174 188
1 10 2
134 155
1 8 2
48 458
1 10 2
287 336
1 9 2
98 499
1 12 2
190 316
1 12 2
330 389
1 7 2
116 447
1 9 2
71 251
1 10 2
169 196
1 15 2
8 459
1 16 2
88 477
1 6 2
73 112
1 5 2
273 298
1 9 2
15 368
1 15 2
260 264
1 6 2
381 492
1 8 2
271 483
1 4 2
162 253
1 7 2
295 356
1 16 2
204 463
1 8 2
201 499
1 9 2
198 403
1 10 2
338 492
1 3 2
9 159
1 9 2
127 477
1 9 2
11 71
1 14 2
270 374
1 8 2
73 477
1 16 2
140 171
1 10 2
10 356
1 11 2
124 270
1 9 2
314 456
1 7 2
153 192
1 8 2
144 422
1 14 2
92 411
1 5 2
116 432
1 18 2
68 71
1 9 2
249 408
1 11 2
45 258
1 12 2
390 443
1 14 2
68 338
1 15 2
144 342
1 19 2
56 280
1 11 2
223 227
1 12 2
245 310
1 11 2
381 391
1 8 2
41 390
1 6 2
3 286
1 18 2
45 415
1 13 2
130 327
1 11 2
17 71
1 6 2
220 231
1 19 2
214 310
1 13 2
36 351
1 16 2
129 322
1 17 2
311 379
1 16 2
66 330
1 12 2
49 412
1 19 2
158 237
1 10 2
362 383
1 14 2
18 499
1 12 2
374 422
1 8 2
262 381
1 8 2
108 345
1 10 2
266 433
1 11 2
107 394
1 10 2
307 385
1 3 2
236 409
1 12 2
15 365
1 12 2
178 373
1 17 2
85 108
1 4 2
293 297
1 8 2
92 378
1 17 2
131 479
1 13 2
207 391
1 5 2
23 414
1 11 2
326 418
1 16 2
118 249
1 7 2
124 217
1 11 2
56 482
1 12 2
165 318
1 14 2
365 391
1 16 2
59 277
1 4 2
122 256
1 10 2
235 346
1 12 2
96 369
1 10 2
280 305
1 16 2
309 474
1 11 2
123 390
1 15 2
36 203
1 10 2
73 85
1 8 2
119 204
1 6 2
55 444
1 12 2
58 318
1 16 2
135 398
1 7 2
80 347
1 9 2
169 417
1 8 2
14 99
1 9 2
171 460
1 7 2
95 100
1 7 2
49 288
1 13 2
90 130
1 18 2
68 456
1 12 2
97 279
1 14 2
32 202
1 7 2
191 255
1 9 2
48 143
1 7 2
83 205
1 12 2
324 430
1 9 2
409 478
1 14 2
13 341
1 14 2
173 218
1 13 2
4 398
1 18 2
224 394
1 10 2
202 269
1 13 2
282 399
1 9 2
149 260
1 12 2
228 253
1 7 2
138 339
1 13 2
21 289
1 17 2
239 377
1 7 2
134 345
1 10 2
55 241
1 13 2
198 367
1 12 2
74 115
1 8 2
209 453
1 12 2
37 373
1 4 2
95 444
1 17 2
374 424
1 12 2
166 396
1 17 2
463 479
1 8 2
49 329
1 8 2
168 359
1 16 2
124 308
1 9 2
193 334
1 8 2
188 201
1 14 2
29 495
1 5 2
175 497
1 4 2
286 314
1 3 2
403 444
1 6 2
344 356
1 16 2
163 325
1 8 2
316 484
1 10 2
212 481
1 5 2
109 217
1 10 2
90 245
1 9 2
220 479
1 6 2
329 382
1 18 2
88 290
1 11 2
339 450
1 11 2
33 483
1 8 2
253 448
1 7 2
1 497
1 16 2
135 237
1 18 2
226 374
1 13 2
46 491
1 16 2
15 85
1 6 2
183 440
1 6 2
48 64
1 14 2
280 493
1 11 2
70 143
1 8 2
25 120
1 13 2
46 431
1 8 2
113 454
1 14 2
88 329
1 17 2
214 255
1 7 2
152 402
1 12 2
233 483
1 12 2
30 445
1 13 2
77 226
1 12 2
65 462
1 14 2
309 321
1 6 2
22 272
1 11 2
87 331
1 5 2
285 387
1 20 2
433 480
1 16 2
87 443
1 18 2
334 394
1 17 2
148 398
1 7 2
60 154
1 6 2
247 273
1 9 2
189 241
1 12 2
10 173
1 10 2
169 473
1 9 2
273 443
1 17 2
319 491
1 8 2
41 365
1 10 2
33 138
1 12 2
36 105
1 17 2
163 406
1 4 2
333 371
1 7 2
429 441
1 6 2
124 375
1 17 2
32 330
1 14 2
161 474
1 17 2
87 228
1 17 2
70 346
1 14 2
53 491
1 16 2
203 430
1 11 2
73 292
1 16 2
18 113
1 4 2
285 343
1 15 2
342 435
1 18 2
10 400
1 11 2
172 213
1 13 2
222 272
1 9 2
309 333
1 14 2
351 479
1 15 2
227 410
1 7 2
147 311
1 13 2
374 407
1 11 2
33 417
1 11 2
38 424
1 5 2
362 439
1 15 2
79 428
1 8 2
175 205
1 4 2
288 490
1 9 2
65 332
1 9 2
154 303
1 12 2
248 431
1 13 2
135 278
1 7 2
124 366
1 5 2
258 317
1 7 2
272 476
1 13 2
227 228
1 13 2
26 413
1 7 2
133 264
1 18 2
169 437
1 18 2
158 319
1 14 2
183 218
1 10 2
157 484
1 16 2
89 257
1 12 2
322 373
1 10 2
88 337
1 6 2
112 283
1 18 2
319 415
1 9 2
358 378
1 13 2
97 173
1 12 2
231 457
1 11 2
352 415
1 7 2
196 253
1 14 2
39 62
1 18 2
15 239
1 18 2
228 394
1 14 2
247 427
1 16 2
18 255
1 7 2
227 266
1 4 2
127 304
1 13 2
270 410
1 20 2
318 334
1 6 2
47 458
1 17 2
123 396
1 14 2
113 347
1 6 2
100 363
1 12 2
48 425
1 15 2
194 410
1 17 2
32 92
1 13 2
370 429
1 15 2
213 430
1 5 2
235 409
1 5 2
94 119
1 19 2
233 412
1 14 2
97 301
1 12 2
144 377
1 12 2
311 326
1 13 2
15 390
1 19 2
40 140
1 7 2
180 282
1 15 2
78 479
1 13 2
297 399
1 13 2
319 487
1 3 2
159 458
1 12 2
30 478
1 14 2
171 443
1 20 2
385 480
1 17 2
15 215
1 16 2
383 398
1 5 2
132 414
1 4 2
106 196
1 11 2
97 492
1 11 2
27 399
1 11 2
190 361
1 3 2
17 312
1 7 2
16 354
1 17 2
319 469
1 14 2
19 205
1 3 2
151 420
1 19 2
400 491
1 4 2
81 372
1 12 2
301 341
1 12 2
101 318
1 9 2
18 371
1 9 2
49 161
1 13 2
143 322
1 14 2
54 241
1 10 2
321 370
1 16 2
323 469
1 14 2
65 479
1 9 2
90 154
1 10 2
278 489
1 7 2
289 468
1 11 2
260 482
1 14 2
33 390
1 18 2
215 481
1 8 2
253 288
1 14 2
71 365
1 6 2
171 368
1 19 2
35 328
1 4 2
201 447
1 8 2
434 489
1 8 2
171 258
1 8 2
14 387
1 13 2
234 455
1 16 2
176 415
1 11 2
103 113
1 6 2
114 438
1 12 2
0 385
1 11 2
41 179
1 15 2
428 459
1 12 2
67 469
1 11 2
13 390
1 13 2
240 326
1 8 2
332 351
1 11 2
70 100
1 8 2
126 229
1 15 2
158 360
1 16 2
379 411
1 12 2
96 287
1 16 2
87 462
1 10 2
249 470
1 10 2
119 480
1 9 2
170 463
1 18 2
190 342
1 18 2
237 396
1 12 2
98 289
1 12 2
101 410
1 19 2
36 199
1 14 2
15 118
1 9 2
201 327
1 9 2
34 61
1 11 2
163 195
1 14 2
161 413
1 10 2
49 360
1 11 2
215 258
1 15 2
124 240
1 9 2
46 331
1 9 2
5 126
1 5 2
284 422
1 13 2
16 480
1 18 2
18 463
1 12 2
370 397
1 9 2
15 167
1 13 2
204 360
1 6 2
119 325
1 7 2
147 348
1 10 2
290 497
1 10 2
40 122
1 7 2
300 422
1 11 2
304 385
1 11 2
372 384
1 13 2
79 326
1 8 2
293 310
1 14 2
14 37
1 16 2
85 413
1 9 2
26 103
1 14 2
30 45
1 17 2
182 431
1 8 2
232 441
1 7 2
7 493
1 9 2
209 428
1 5 2
44 154
1 16 2
92 255
1 2 2
265 296
1 11 2
154 481
1 5 2
100 452
1 7 2
209 482
1 9 2
17 56
1 7 2
139 246
1 16 2
169 224
1 5 2
151 362
1 15 2
164 178
1 16 2
463 481
1 10 2
305 358
1 13 2
77 169
1 12 2
141 481
1 3 2
210 256
1 16 2
222 391
1 15 2
33 194
1 4 2
210 344
1 18 2
211 342
1 12 2
20 445
1 6 2
69 482
1 9 2
246 382
1 14 2
10 384
1 18 2
280 377
1 16 2
290 348
1 19 2
328 369
1 14 2
8 204
1 13 2
37 115
1 9 2
348 363
1 14 2
31 211
1 19 2
224 385
1 12 2
278 295
1 10 2
286 311
1 18 2
163 169
1 8 2
350 404
1 9 2
136 290
1 13 2
282 398
1 12 2
31 135
1 10 2
45 340
1 15 2
108 321
1 11 2
122 394
1 11 2
102 180
1 20 2
37 400
1 18 2
97 322
1 12 2
203 338
1 10 2
330 350
1 2 2
192 444
1 11 2
114 131
1 17 2
218 244
1 12 2
196 346
1 13 2
18 141
1 16 2
30 328
1 7 2
350 448
1 2 2
84 159
1 14 2
451 478
1 14 2
185 424
1 13 2
51 199
1 7 2
141 485
1 9 2
231 269
1 14 2
289 383
1 6 2
255 416
1 11 2
3 330
1 16 2
54 198
1 5 2
115 354
1 16 2
54 367
1 6 2
359 447
1 12 2
258 322
1 12 2
146 418
1 11 2
190 365
1 12 2
34 313
1 15 2
86 185
1 13 2
142 190
1 14 2
264 272
1 14 2
134 469
1 14 2
322 482
1 9 2
351 357
1 18 2
36 287
1 18 2
79 140
1 10 2
311 324
1 12 2
3 178
1 11 2
290 499
1 11 2
270 341
1 4 2
170 447
1 7 2
100 276
1 15 2
56 290
1 5 2
96 197
1 10 2
5 79
1 5 2
138 329
1 13 2
225 323
1 17 2
20 399
1 7 2
73 389
1 18 2
179 385
1 8 2
419 454
1 11 2
232 471
1 18 2
224 410
1 7 2
414 497
1 12 2
26 89
1 7 2
261 342
1 12 2
115 410
1 9 2
271 445
1 6 2
475 489
1 7 2
136 262
1 10 2
359 360
1 3 2
12 423
1 16 2
10 215
1 11 2
213 338
1 13 2
103 369
1 8 2
364 499
1 17 2
214 264
1 11 2
244 460
1 8 2
74 139
1 11 2
148 373
1 11 2
3 246
1 12 2
62 320
1 9 2
242 374
1 11 2
41 124
1 12 2
188 355
1 9 2
82 266
1 10 2
122 226
1 8 2
123 305
1 8 2
382 443
1 15 2
124 397
1 16 2
46 233
1 14 2
173 179
1 6 2
247 454
1 18 2
257 415
1 6 2
279 284
1 8 2
326 361
1 17 2
264 374
1 3 2
151 473
1 9 2
73 161
1 7 2
390 465
1 12 2
54 331
1 7 2
153 388
1 15 2
78 218
1 16 2
303 399
1 11 2
153 356
1 15 2
98 233
1 8 2
170 414
1 13 2
282 322
1 11 2
183 187
1 9 2
267 455
1 6 2
1 283
1 6 2
125 338
1 13 2
124 183
1 10 2
170 211
1 14 2
57 384
1 5 2
55 159
1 7 2
197 248
1 5 2
354 489
1 12 2
278 392
1 10 2
181 248
1 20 2
178 334
1 8 2
409 487
1 12 2
24 163
1 15 2
157 232
1 11 2
120 199
1 13 2
8 113
1 6 2
365 438
1 16 2
71 279
1 8 2
125 358
1 11 2
120 415
1 5 2
6 142
1 7 2
97 306
1 14 2
35 129
1 11 2
211 471
1 5 2
294 298
1 16 2
291 436
1 3 2
191 307
1 6 2
101 426
1 9 2
185 471
1 4 2
5 333
1 13 2
100 334
1 10 2
385 439
1 11 2
316 418
1 10 2
336 415
1 12 2
112 311
1 13 2
86 222
1 15 2
55 215
1 17 2
158 459
1 13 2
214 316
1 17 2
57 313
1 5 2
1 191
1 7 2
157 417
1 17 2
233 384
1 9 2
235 277
1 11 2
308 407
1 16 2
33 321
1 6 2
41 439
1 13 2
356 391
1 8 2
109 253
1 8 2
121 262
1 10 2
107 308
1 10 2
121 459
1 17 2
19 427
1 15 2
272 384
1 11 2
286 437
1 12 2
158 316
1 12 2
367 478
1 12 2
92 247
1 15 2
237 248
1 7 2
350 482
1 3 2
184 220
1 18 2
232 277
1 12 2
356 379
1 16 2
427 469
1 8 2
195 493
1 13 2
130 205
1 18 2
15 430
1 8 2
64 264
1 7 2
283 320
1 6 2
5 448
1 17 2
134 391
1 12 2
348 448
1 17 2
310 463
1 8 2
17 360
1 4 2
107 345
1 15 2
360 399
1 16 2
15 278
1 2 2
81 132
1 5 2
357 441
1 7 2
103 373
1 20 2
54 480
1 14 2
16 436
1 17 2
39 218
1 9 2
34 57
1 14 2
61 405
1 15 2
451 469
1 15 2
270 342
1 11 2
67 425
1 6 2
314 325
1 16 2
37 226
1 6 2
348 421
1 7 2
276 419
1 12 2
122 399
1 20 2
163 374
1 5 2
3 235
1 14 2
130 211
1 17 2
57 391
1 11 2
172 183
1 11 2
94 205
1 16 2
82 481
1 4 2
27 136
1 17 2
318 462
1 7 2
14 461
1 11 2
346 473
1 12 2
41 292
1 19 2
233 334
1 8 2
164 351
1 16 2
89 224
1 14 2
171 394
1 7 2
110 230
1 11 2
111 207
1 14 2
10 148
1 15 2
232 498
1 4 2
170 193
1 7 2
89 432
1 13 2
114 224
1 7 2
167 187
1 11 2
53 359
1 15 2
203 369
1 8 2
86 317
1 12 2
292 295
1 17 2
140 278
1 19 2
18 436
1 15 2
391 402
1 11 2
112 443
1 17 2
334 462
1 18 2
39 433
1 4 2
69 337
1 10 2
15 170
1 8 2
7 359
1 9 2
270 487
1 17 2
291 400
1 8 2
5 60
1 14 2
173 292
1 8 2
51 142
1 19 2
59 237
1 15 2
134 395
1 17 2
398 405
1 20 2
237 318
1 6 2
372 467
1 9 2
94 114
1 15 2
269 399
1 15 2
126 413
1 13 2
20 77
1 15 2
190 320
1 13 2
32 109
1 7 2
370 381
1 8 2
177 342
1 17 2
254 318
1 10 2
18 219
1 8 2
83 323
1 7 2
216 292
1 9 2
207 392
1 5 2
11 498
1 15 2
56 57
1 4 2
273 467
1 10 2
72 163
1 8 2
96 404
1 10 2
95 148
1 14 2
60 394
1 14 2
281 431
1 10 2
21 262
1 18 2
92 178
1 8 2
133 148
1 13 2
82 86
1 15 2
28 182
1 12 2
113 321
1 9 2
51 478
1 11 2
158 196
1 16 2
140 327
1 14 2
87 453
1 8 2
44 390
1 4 2
175 470
1 17 2
185 224
1 13 2
3 385
1 10 2
4 397
1 10 2
83 178
1 19 2
240 391
1 3 2
416 461
1 16 2
146 319
1 15 2
79 325
1 5 2
43 96
1 12 2
71 101
1 18 2
40 369
1 9 2
72 224
1 13 2
319 426
1 8 2
11 59
1 17 2
79 323
1 9 2
45 472
1 17 2
134 233
1 13 2
62 339
1 15 2
205 443
1 8 2
104 477
1 13 2
435 437
1 17 2
232 380
1 16 2
233 303
1 14 2
102 360
1 4 2
243 386
1 11 2
10 357
1 11 2
56 356
1 13 2
92 326
1 12 2
335 400
1 14 2
330 393
1 11 2
89 295
1 7 2
125 451
1 4 2
121 283
1 16 2
341 394
1 16 2
320 399
1 13 2
140 404
1 8 2
92 136
1 12 2
255 325
1 12 2
436 448
1 11 2
140 497
1 13 2
163 361
1 13 2
78 495
1 2 2
488 496
1 14 2
169 223
1 8 2
1 225
1 5 2
9 101
1 8 2
321 464
1 10 2
56 344
1 12 2
113 359
1 10 2
42 431
1 9 2
124 340
1 20 2
158 182
1 12 2
168 280
1 10 2
330 352
1 11 2
35 373
1 11 2
96 429
1 7 2
29 386
1 12 2
281 295
1 16 2
70 342
1 17 2
123 323
1 6 2
34 460
1 5 2
245 273
1 11 2
182 467
1 12 2
385 483
1 11 2
148 426
1 8 2
192 280
1 8 2
42 225
1 3 2
416 439
1 15 2
291 474
1 11 2
153 195
1 15 2
321 456
1 8 2
5 445
1 18 2
39 479
1 11 2
40 121
1 19 2
87 156
1 15 2
40 77
1 7 2
176 250
1 6 2
38 382
1 9 2
76 380
1 10 2
222 253
1 8 2
1 60
1 10 2
118 231
1 3 2
11 283
1 3 2
22 155
1 4 2
17 345
1 11 2
234 392
1 18 2
398 436
1 14 2
10 397
1 7 2
279 366
1 16 2
53 410
1 10 2
24 228
1 16 2
59 79
1 11 2
9 287
1 13 2
291 359
1 2 2
11 486
1 16 2
178 466
1 14 2
94 239
1 17 2
36 424
1 7 2
174 372
1 4 2
141 160
1 15 2
56 90
1 9 2
52 443
1 6 2
337 372
1 10 2
354 415
1 10 2
394 497
1 3 2
274 417
1 12 2
156 350
1 11 2
36 497
1 8 2
85 151
1 9 2
133 163
1 8 2
363 419
1 17 2
255 433
1 14 2
86 377
1 12 2
60 190
1 15 2
445 480
1 17 2
36 463
1 15 2
213 427
1 17 2
246 374
1 14 2
402 456
1 4 2
364 421
1 9 2
163 307
1 11 2
334 485
1 9 2
57 127
1 8 2
135 381
1 9 2
359 372
1 19 2
88 153
1 15 2
453 456
1 19 2
240 334
1 8 2
375 399
1 14 2
392 399
1 11 2
55 198
1 10 2
208 379
1 5 2
208 409
1 7 2
96 460
1 8 2
149 338
1 11 2
41 272
1 9 2
450 477
1 9 2
26 166
1 15 2
10 412
1 4 2
119 165
1 16 2
367 410
1 15 2
278 463
1 12 2
48 418
1 14 2
112 233
1 7 2
194 497
1 10 2
332 406
1 14 2
176 431
1 16 2
56 291
1 20 2
71 400
1 20 2
427 479
1 11 2
232 235
1 8 2
441 456
1 16 2
59 462
1 13 2
31 190
1 14 2
108 248
1 19 2
32 369
1 7 2
290 306
1 12 2
47 342
1 15 2
176 429
1 16 2
59 347
1 2 2
200 336
1 6 2
51 340
1 7 2
273 303
1 18 2
358 427
1 8 2
246 304
1 6 2
50 295
1 8 2
183 472
1 14 2
18 164
1 13 2
140 484
1 12 2
38 308
1 12 2
358 492
1 12 2
156 300
1 13 2
98 318
1 10 2
27 32
1 14 2
157 410
1 14 2
92 395
1 18 2
18 281
1 10 2
112 124
1 12 2
39 103
1 7 2
12 499
1 10 2
12 153
1 12 2
54 286
1 9 2
27 369
1 10 2
86 207
1 15 2
228 330
1 10 2
334 366
1 13 2
13 405
1 7 2
213 267
1 9 2
12 462
1 10 2
66 373
1 18 2
318 459
1 7 2
141 285
1 6 2
160 161
1 10 2
19 253
1 10 2
224 340
1 8 2
59 167
1 19 2
358 396
1 6 2
155 352
1 10 2
152 394
1 11 2
37 73
1 16 2
54 146
1 6 2
70 416
1 4 2
104 349
1 14 2
57 377
1 10 2
241 390
1 8 2
365 482
1 6 2
225 368
1 10 2
309 497
1 9 2
78 302
1 9 2
48 243
1 14 2
327 466
1 7 2
98 497
1 8 2
333 341
1 12 2
207 310
1 13 2
166 239
1 10 2
243 348
1 10 2
211 497
1 13 2
157 481
1 7 2
146 220
1 8 2
74 191
1 8 2
145 205
1 13 2
21 102
1 11 2
108 331
1 18 2
292 310
1 19 2
437 456
1 17 2
102 278
1 17 2
124 322
1 10 2
7 228
1 13 2
370 410
1 7 2
120 231
1 5 2
324 333
1 4 2
4 452
1 11 2
73 190
1 12 2
116 205
1 7 2
13 273
1 9 2
69 173
1 15 2
135 323
1 13 2
178 404
1 11 2
82 166
1 6 2
95 448
1 12 2
61 86
1 8 2
271 450
1 11 2
102 245
1 18 2
153 480
1 13 2
10 20
1 16 2
126 280
1 11 2
389 414
1 11 2
402 414
1 12 2
144 205
1 10 2
258 355
1 13 2
367 469
1 15 2
77 140
1 13 2
231 459
1 18 2
66 379
1 13 2
60 131
1 11 2
297 348
1 16 2
347 443
1 17 2
130 399
1 9 2
58 477
1 16 2
183 328
1 13 2
57 453
1 11 2
465 479
1 7 2
55 420
1 5 2
121 373
1 16 2
341 479
1 13 2
181 397
1 16 2
146 346
1 10 2
454 481
1 5 2
0 363
1 18 2
228 413
1 9 2
7 198
1 5 2
6 16
1 12 2
40 482
1 18 2
140 309
1 10 2
203 450
1 12 2
360 377
1 9 2
120 383
1 16 2
45 123
1 8 2
253 373
1 13 2
48 53
1 10 2
180 397
1 10 2
134 329
1 10 2
115 187
1 13 2
218 241
1 16 2
130 310
1 9 2
113 458
1 15 2
97 205
1 7 2
253 267
1 5 2
160 448
1 17 2
156 436
1 5 2
132 164
1 17 2
397 459
1 18 2
249 424
1 10 2
74 304
1 17 2
239 290
1 11 2
205 297
1 12 2
24 178
1 8 2
57 184
1 14 2
111 171
1 19 2
342 481
1 6 2
343 367
1 10 2
189 380
1 11 2
481 485
1 12 2
409 413
1 13 2
61 463
1 8 2
126 340
1 19 2
66 182
1 11 2
205 426
1 17 2
187 430
1 7 2
359 485
1 8 2
77 96
1 16 2
62 400
1 9 2
28 94
1 8 2
382 466
1 15 2
35 187
1 11 2
14 357
1 6 2
43 115
1 3 2
219 274
1 14 2
359 451
1 15 2
234 328
1 7 2
7 392
1 12 2
95 322
1 12 2
114 185
1 17 2
128 230
1 7 2
39 408
1 12 2
257 448
1 4 2
155 296
1 11 2
302 443
1 7 2
130 235
1 18 2
233 311
1 10 2
34 36
1 11 2
204 247
1 18 2
140 459
1 9 2
314 412
1 14 2
78 169
1 9 2
193 396
1 9 2
278 381
1 16 2
15 134
1 9 2
105 360
1 15 2
339 463
1 16 2
135 480
1 18 2
39 54
1 10 2
213 453
1 3 2
475 488
1 7 2
116 220
1 8 2
123 307
1 11 2
65 357
1 14 2
334 362
1 3 2
177 475
1 11 2
171 478
1 11 2
59 209
1 12 2
9 33
1 6 2
60 136
1 18 2
79 451
1 6 2
8 263
1 6 2
142 438
1 9 2
20 286
1 11 2
89 373
1 10 2
460 477
1 13 2
92 392
1 17 2
161 399
1 7 2
241 333
1 3 2
50 80
1 15 2
37 223
1 7 2
215 343
1 11 2
52 415
1 13 2
41 111
1 8 2
217 287
1 9 2
63 419
1 19 2
398 413
1 13 2
215 484
1 15 2
389 398
1 9 2
128 340
1 13 2
97 171
1 15 2
85 205
1 18 2
66 156
1 8 2
203 344
1 13 2
243 437
1 11 2
112 491
1 10 2
56 267
1 12 2
18 143
1 15 2
140 320
1 16 2
320 322
1 13 2
179 262
1 6 2
284 288
1 11 2
249 458
1 13 2
35 55
1 9 2
341 473
1 16 2
187 400
1 9 2
315 338
1 13 2
148 360
1 11 2
49 289
1 16 2
244 292
1 5 2
401 425
1 4 2
73 208
1 8 2
31 201
1 6 2
49 446
1 15 2
228 495
1 14 2
41 346
1 9 2
85 276
1 19 2
18 292
1 9 2
45 467
1 13 2
62 113
1 6 2
77 139
1 12 2
288 396
1 17 2
355 480
1 12 2
187 402
1 15 2
161 190
1 17 2
153 459
1 17 2
369 451
1 13 2
358 450
1 7 2
96 166
1 9 2
12 45
1 12 2
79 189
1 15 2
254 291
1 16 2
66 205
1 14 2
244 418
1 12 2
26 148
1 15 2
78 427
1 8 2
317 339
1 15 2
199 270
1 9 2
78 458
1 15 2
377 413
1 12 2
357 466
1 17 2
215 457
1 18 2
249 278
1 13 2
68 124
1 9 2
120 126
1 8 2
65 258
1 18 2
153 163
1 13 2
135 367
1 18 2
36 37
1 13 2
355 419
1 9 2
252 374
1 12 2
414 431
1 4 2
345 489
1 13 2
226 231
1 2 2
133 216
1 14 2
39 389
1 7 2
1 475
1 7 2
424 452
1 13 2
280 300
1 6 2
180 247
1 14 2
134 330
1 15 2
144 385
1 15 2
292 338
1 7 2
70 160
1 5 2
194 488
1 12 2
143 412
1 16 2
15 45
1 14 2
443 466
1 8 2
118 417
1 10 2
107 244
1 11 2
277 331
1 6 2
38 167
1 6 2
55 193
1 15 2
39 89
1 7 2
223 317
1 8 2
307 348
1 9 2
230 267
1 6 2
332 473
1 6 2
195 329
1 13 2
295 334
1 13 2
178 350
1 10 2
180 308
1 13 2
124 411
1 9 2
28 213
1 16 2
239 272
1 11 2
34 412
1 9 2
210 374
1 12 2
74 297
1 17 2
111 405
1 10 2
126 238
1 14 2
176 272
1 4 2
1 388
1 12 2
88 105
1 9 2
7 463
1 17 2
111 323
1 13 2
176 248
1 7 2
195 325
1 4 2
250 351
1 9 2
301 475
1 6 2
44 317
1 16 2
35 348
1 6 2
30 296
1 20 2
322 399
1 15 2
54 320
1 5 2
58 446
1 16 2
111 478
1 10 2
311 460
1 11 2
77 269
1 12 2
181 185
1 14 2
8 45
1 15 2
425 451
1 11 2
459 485
1 5 2
165 285
1 13 2
13 474
1 17 2
86 249
1 12 2
316 369
1 12 2
262 414
1 9 2
65 499
1 10 2
16 171
1 12 2
190 499
1 11 2
73 215
1 14 2
114 346
1 11 2
369 475
1 19 2
237 491
1 14 2
88 142
1 14 2
118 411
1 13 2
351 385
1 18 2
249 311
1 5 2
25 386
1 12 2
227 327
1 6 2
183 376
1 15 2
178 498
1 16 2
239 384
1 14 2
431 463
1 11 2
57 331
1 11 2
342 352
1 12 2
60 397
1 10 2
355 356
1 14 2
32 183
1 17 2
311 427
1 10 2
51 126
1 6 2
52 315
1 17 2
56 158
1 13 2
380 457
1 5 2
340 373
1 10 2
27 280
1 10 2
292 422
1 13 2
142 348
1 12 2
202 457
1 20 2
199 322
1 6 2
312 463
1 8 2
353 396
1 10 2
427 476
1 10 2
134 300
1 14 2
241 289
1 13 2
409 433
1 5 2
229 475
1 10 2
308 473
1 15 2
169 474
1 13 2
257 389
1 12 2
227 367
1 12 2
0 182
1 12 2
244 492
1 8 2
30 483
1 17 2
40 459
1 11 2
30 75
1 10 2
109 183
1 15 2
131 339
1 17 2
86 385
1 14 2
428 457
1 9 2
0 93
1 11 2
238 474
1 13 2
126 255
1 9 2
108 467
1 10 2
29 387
1 12 2
231 348
1 14 2
19 82
1 15 2
97 469
1 7 2
401 462
1 9 2
193 239
1 10 2
428 475
1 7 2
395 439
1 11 2
154 400
1 11 2
172 453
1 9 2
194 402
1 11 2
33 446
1 7 2
269 298
1 20 2
257 318
1 17 2
239 260
1 6 2
136 297
1 12 2
324 342
1 11 2
131 300
1 9 2
157 356
1 14 2
359 405
1 19 2
292 374
1 10 2
48 407
1 12 2
105 190
1 9 2
219 334
1 4 2
6 351
1 7 2
258 487
1 4 2
80 404
1 9 2
59 152
1 9 2
187 324
1 15 2
128 424
1 11 2
157 161
1 17 2
246 437
1 19 2
153 182
1 11 2
214 465
1 18 2
290 400
1 14 2
93 97
1 15 2
131 211
1 15 2
57 474
1 11 2
280 458
1 20 2
199 413
1 16 2
134 228
1 6 2
245 361
1 9 2
81 237
1 19 2
342 347
1 9 2
225 326
1 7 2
122 370
1 8 2
434 473
1 14 2
190 262
1 13 2
38 410
1 12 2
68 453
1 16 2
260 369
1 19 2
18 289
1 10 2
74 212
1 18 2
158 322
1 7 2
95 142
1 14 2
19 176
1 14 2
150 310
1 8 2
119 339
1 7 2
143 298
1 10 2
58 308
1 5 2
69 136
1 13 2
48 70
1 9 2
184 451
1 9 2
76 246
1 10 2
67 98
1 12 2
330 499
1 17 2
156 495
1 16 2
111 355
1 20 2
233 310
1 8 2
393 420
1 10 2
46 365
1 14 2
89 406
1 4 2
282 496
1 16 2
130 215
1 7 2
149 370
1 12 2
13 231
1 8 2
323 470
1 13 2
30 176
1 16 2
325 334
1 7 2
402 473
1 11 2
146 213
1 6 2
106 262
1 7 2
137 280
1 20 2
218 398
1 6 2
377 441
1 17 2
148 433
1 10 2
19 143
1 16 2
395 415
1 14 2
116 413
1 15 2
289 320
1 7 2
4 47
1 9 2
9 29
1 9 2
130 155
1 12 2
406 453
1 7 2
442 459
1 11 2
107 481
1 13 2
32 332
1 15 2
14 249
1 6 2
143 417
1 17 2
377 430
1 13 2
172 226
1 16 2
289 457
1 13 2
232 351
1 10 2
246 407
1 10 2
144 493
1 2 2
175 263
1 10 2
270 338
1 14 2
68 424
1 12 2
77 434
1 9 2
381 474
1 17 2
88 428
1 6 2
213 439
1 14 2
55 309
1 15 2
255 257
1 15 2
89 330
1 17 2
481 491
1 12 2
218 450
1 13 2
85 213
1 12 2
116 431
1 14 2
327 393
1 6 2
23 179
1 16 2
57 323
1 8 2
144 285
1 5 2
73 304
1 17 2
223 410
1 13 2
130 428
1 9 2
127 418
1 7 2
413 421
1 9 2
348 438
1 14 2
93 158
1 14 2
53 411
1 8 2
200 391
1 6 2
53 132
1 8 2
104 176
1 4 2
122 151
1 17 2
292 334
1 10 2
114 380
1 9 2
212 228
1 17 2
118 398
1 9 2
184 433
1 8 2
21 207
1 4 2
206 357
1 9 2
145 369
1 11 2
291 372
1 19 2
257 399
1 13 2
228 414
1 7 2
125 228
1 10 2
262 269
1 13 2
255 419
1 20 2
33 178
1 19 2
37 415
1 17 2
79 224
