500 3000 1500
15 24 5 22 13 19 7 12 22 5 15 14 6 16 20 12 8 11 9 21 20 8 7 17 17 12 7 18 6 6 6 5 11 9 22 7 6 25 17 20 12 14 17 17 5 14 10 25 13 12 18 25 7 17 19 6 25 17 10 6 21 14 22 25 10 22 22 23 19 17 19 10 17 20 25 25 22 23 16 13 22 17 16 23 17 10 8 18 20 6 12 8 11 17 11 25 16 10 6 10 19 12 17 17 5 8 14 14 12 24 15 22 5 8 21 11 21 13 5 25 11 15 5 14 20 14 21 14 23 17 7 13 18 23 23 8 20 14 24 7 18 13 24 21 19 15 18 14 22 5 17 24 14 5 12 21 11 24 22 23 8 22 14 14 7 22 14 20 18 5 19 11 16 12 13 24 10 12 12 7 21 23 14 23 5 5 21 6 5 24 19 13 19 8 8 25 5 12 25 14 8 20 8 5 21 25 6 16 12 22 16 18 18 19 16 13 11 11 12 25 6 9 14 22 17 23 18 15 19 16 11 20 23 17 16 6 21 15 11 10 11 13 12 15 24 7 20 20 14 7 6 24 21 22 18 25 12 9 5 20 23 17 5 25 20 5 19 19 18 11 24 6 14 9 13 17 13 20 22 18 23 5 21 9 6 23 5 15 25 9 23 6 23 20 17 18 12 6 9 7 10 23 5 14 16 14 17 6 7 5 17 21 24 14 14 16 14 6 22 7 13 8 16 11 17 9 19 23 14 21 19 19 6 21 6 23 21 23 10 25 8 15 9 12 14 22 15 22 7 7 12 5 11 13 7 17 14 15 13 10 21 16 13 15 7 10 20 24 13 18 10 20 16 5 6 14 6 17 14 12 23 20 15 24 10 16 19 5 24 25 19 6 21 17 11 24 7 5 22 14 22 9 16 5 22 14 23 22 10 12 14 20 20 18 11 19 13 17 5 13 21 9 24 8 19 12 24 6 23 15 19 17 13 24 6 17 17 14 10 22 10 19 12 12 8 13 18 13 19 16 8 12 8 13 10 6 5 18 14 8 9 16 25 20 9 21 17 22 9 16 25 21 18 7 8 9 14 17 5 21 6 23 18 14 21 7 23 18 16 9 5 10 24 7 21 15 17 21 5 17
6 15 16 18 15 15 18 12 8 12 10 9 8 7 4 5 15 12 12 5 7 20 3 9 15 12 4 19 18 4 10 6 3 9 20 4 16 11 6 4 18 10 11 11 4 16 16 5 7 9 11 3 8 12 11 20 16 14 19 17 3 12 15 16 5 17 6 10 5 12 8 19 20 8 20 5 13 16 8 12 14 9 17 17 20 16 5 8 8 6 8 4 5 9 18 14 5 3 6 19 11 10 11 16 20 4 4 15 19 11 4 17 15 8 6 5 9 18 4 6 17 11 5 13 14 12 5 7 10 8 20 8 15 10 18 5 11 7 4 6 19 7 8 12 17 5 10 15 19 7 8 20 4 7 16 7 14 13 17 15 10 10 7 10 12 11 16 20 12 18 17 8 12 4 16 17 6 11 3 16 14 14 6 14 6 7 10 15 15 15 19 17 18 6 9 10 5 3 18 8 10 15 3 13 15 7 19 20 12 13 13 19 7 3 20 17 10 16 5 9 8 14 9 20 8 13 11 10 9 8 15 17 16 8 11 8 16 17 18 3 10 10 20 14 5 5 20 5 13 15 11 7 15 15 17 20 8 7 20 9 3 17 15 10 15 18 5 19 17 8 8 12 6 14 7 8 13 11 6 19 16 12 4 10 18 5 18 10 18 9 6 16 4 11 17 5 5 8 12 15 19 7 14 4 20 7 11 10 16 10 12 19 9 7 14 20 4 6 17 6 20 13 7 5 7 5 17 15 17 14 15 4 16 6 7 6 6 8 6 17 6 13 13 10 10 5 15 10 8 19 5 14 15 17 9 12 6 18 15 5 17 14 3 17 13 14 13 4 18 14 7 13 15 6 15 14 5 9 6 13 15 14 4 7 3 15 19 17 20 9 5 19 4 3 8 20 10 4 3 15 19 6 16 15 3 13 17 6 16 13 14 12 13 13 11 17 12 12 4 7 3 6 4 14 18 13 5 17 3 5 18 10 16 8 11 15 15 8 5 11 3 17 9 13 5 14 18 20 10 16 15 16 15 9 16 12 12 14 19 10 9 16 10 16 4 11 4 9 15 18 12 16 5 4 7 18 9 20 5 11 18 17 13 8 5 9 20 18 11 9 13 15 9 13 5 13 8 11 18 10
1 6 2
68 490
1 12 2
392 477
1 7 2
55 236
1 4 2
130 241
1 4 2
414 474
1 14 2
68 481
1 11 2
270 414
1 11 2
161 314
1 18 2
114 205
1 9 2
70 94
1 6 2
99 399
1 15 2
251 330
1 14 2
260 377
1 14 2
388 413
1 9 2
25 39
1 7 2
36 479
1 20 2
389 426
1 9 2
131 420
1 14 2
186 371
1 11 2
66 152
1 6 2
25 343
1 9 2
249 255
1 11 2
62 483
1 15 2
180 439
1 6 2
239 304
1 4 2
319 362
1 11 2
62 123
1 5 2
68 203
1 15 2
144 159
1 9 2
272 295
1 7 2
166 378
1 14 2
312 385
1 18 2
158 388
1 15 2
251 326
1 9 2
199 213
1 5 2
153 369
1 5 2
127 239
1 15 2
470 487
1 14 2
65 472
1 4 2
220 222
1 10 2
310 413
1 6 2
81 489
1 10 2
120 142
1 12 2
133 147
1 5 2
58 141
1 8 2
177 369
1 13 2
102 161
1 8 2
53 425
1 11 2
129 226
1 7 2
58 448
1 10 2
19 163
1 16 2
114 285
1 11 2
241 398
1 15 2
5 209
1 13 2
116 310
1 12 2
41 467
1 7 2
206 278
1 17 2
246 270
1 14 2
312 417
1 18 2
165 189
1 12 2
103 381
1 14 2
126 192
1 8 2
79 385
1 10 2
341 415
1 15 2
5 260
1 8 2
210 237
1 15 2
219 448
1 13 2
42 161
1 15 2
231 420
1 16 2
5 395
1 5 2
20 169
1 14 2
96 280
1 11 2
197 406
1 9 2
454 467
1 19 2
37 77
1 15 2
119 477
1 10 2
229 233
1 6 2
264 332
1 12 2
181 341
1 17 2
51 167
1 10 2
238 392
1 7 2
137 303
1 15 2
140 159
1 12 2
429 492
1 16 2
290 424
1 4 2
79 193
1 9 2
148 273
1 6 2
274 378
1 16 2
255 448
1 16 2
175 448
1 14 2
47 361
1 16 2
62 252
1 6 2
431 464
1 15 2
124 318
1 5 2
192 387
1 10 2
300 406
1 12 2
53 371
1 11 2
162 439
1 12 2
77 147
1 15 2
236 282
1 9 2
210 227
1 11 2
8 107
1 16 2
60 209
1 10 2
159 414
1 13 2
170 213
1 11 2
189 359
1 9 2
121 150
1 10 2
231 353
1 9 2
24 449
1 15 2
236 301
1 8 2
381 414
1 17 2
388 439
1 16 2
77 360
1 5 2
268 498
1 17 2
67 111
1 2 2
291 299
1 15 2
43 151
1 8 2
294 313
1 15 2
260 326
1 10 2
73 357
1 10 2
336 410
1 11 2
50 254
1 9 2
22 290
1 15 2
133 277
1 15 2
51 68
1 15 2
5 159
1 17 2
205 471
1 10 2
402 436
1 7 2
310 416
1 7 2
381 475
1 13 2
119 210
1 14 2
254 422
1 10 2
100 237
1 20 2
74 470
1 6 2
402 460
1 8 2
61 495
1 9 2
69 222
1 13 2
10 383
1 6 2
357 491
1 15 2
133 246
1 13 2
56 215
1 11 2
147 360
1 7 2
314 416
1 14 2
288 316
1 15 2
114 479
1 10 2
172 294
1 4 2
256 391
1 9 2
38 346
1 19 2
74 492
1 11 2
53 231
1 8 2
168 343
1 11 2
390 446
1 13 2
275 327
1 15 2
100 280
1 16 2
181 371
1 15 2
74 132
1 16 2
73 263
1 6 2
191 379
1 14 2
45 75
1 12 2
78 201
1 11 2
268 477
1 7 2
113 136
1 12 2
207 252
1 10 2
111 296
1 13 2
50 329
1 4 2
118 145
1 7 2
366 423
1 6 2
14 332
1 3 2
105 283
1 19 2
75 138
1 7 2
187 318
1 19 2
189 198
1 11 2
399 486
1 5 2
250 355
1 8 2
32 482
1 2 2
28 319
1 15 2
252 282
1 6 2
105 144
1 12 2
81 497
1 4 2
104 174
1 9 2
357 446
1 14 2
226 404
1 7 2
4 123
1 12 2
224 333
1 7 2
269 275
1 8 2
320 472
1 16 2
119 413
1 15 2
77 201
1 9 2
253 338
1 9 2
230 448
1 13 2
5 236
1 18 2
1 181
1 9 2
283 422
1 19 2
225 422
1 10 2
173 335
1 8 2
144 442
1 8 2
18 133
1 16 2
263 366
1 14 2
76 472
1 8 2
176 336
1 10 2
97 335
1 12 2
69 282
1 13 2
84 398
1 11 2
165 344
1 8 2
54 408
1 8 2
120 267
1 6 2
215 256
1 10 2
63 171
1 13 2
121 159
1 5 2
171 399
1 13 2
377 467
1 12 2
274 433
1 9 2
233 243
1 6 2
35 326
1 12 2
398 431
1 7 2
405 458
1 6 2
18 150
1 8 2
43 147
1 5 2
206 417
1 10 2
167 276
1 7 2
208 214
1 9 2
252 296
1 5 2
79 94
1 7 2
171 429
1 10 2
109 408
1 11 2
7 83
1 13 2
244 483
1 15 2
192 467
1 20 2
63 263
1 13 2
75 127
1 7 2
123 174
1 12 2
205 353
1 8 2
459 494
1 4 2
184 357
1 12 2
107 367
1 18 2
280 290
1 12 2
47 117
1 13 2
70 330
1 5 2
108 394
1 13 2
68 259
1 9 2
425 463
1 15 2
224 255
1 9 2
212 363
1 15 2
81 389
1 19 2
75 426
1 16 2
19 337
1 11 2
60 110
1 13 2
189 306
1 11 2
73 315
1 15 2
263 487
1 12 2
264 413
1 9 2
48 333
1 13 2
207 398
1 13 2
43 360
1 11 2
192 234
1 13 2
20 330
1 14 2
261 492
1 14 2
201 333
1 14 2
88 333
1 17 2
51 213
1 20 2
51 63
1 7 2
303 346
1 14 2
50 301
1 11 2
142 240
1 11 2
127 329
1 5 2
226 493
1 11 2
360 382
1 7 2
362 378
1 6 2
93 202
1 12 2
77 429
1 4 2
230 384
1 16 2
311 486
1 7 2
111 351
1 19 2
56 270
1 11 2
183 405
1 14 2
247 366
1 12 2
204 457
1 11 2
168 224
1 17 2
138 497
1 15 2
388 412
1 5 2
139 435
1 17 2
66 263
1 16 2
407 412
1 12 2
66 346
1 14 2
380 457
1 16 2
292 311
1 16 2
201 301
1 9 2
226 483
1 12 2
166 181
1 8 2
120 254
1 13 2
337 402
1 16 2
111 336
1 9 2
233 363
1 9 2
320 446
1 8 2
151 185
1 11 2
117 209
1 6 2
296 357
1 10 2
161 451
1 17 2
285 333
1 15 2
114 282
1 19 2
260 270
1 11 2
47 408
1 4 2
91 316
1 15 2
75 210
1 17 2
62 109
1 14 2
37 410
1 11 2
380 447
1 7 2
248 449
1 12 2
234 333
1 8 2
288 478
1 14 2
50 138
1 12 2
110 244
1 12 2
3 127
1 8 2
316 324
1 14 2
371 400
1 16 2
278 420
1 5 2
108 217
1 7 2
14 206
1 8 2
254 350
1 6 2
239 477
1 6 2
322 460
1 10 2
172 482
1 8 2
285 348
1 14 2
68 180
1 13 2
47 429
1 20 2
75 285
1 14 2
395 417
1 13 2
53 83
1 3 2
256 396
1 18 2
134 318
1 14 2
233 312
1 11 2
293 310
1 13 2
331 392
1 9 2
0 417
1 5 2
49 97
1 14 2
103 195
1 13 2
175 488
1 12 2
117 470
1 7 2
69 379
1 9 2
162 168
1 17 2
170 219
1 4 2
7 135
1 7 2
109 373
1 14 2
430 471
1 16 2
201 205
1 9 2
176 467
1 10 2
56 464
1 12 2
20 466
1 15 2
209 277
1 12 2
212 295
1 15 2
355 422
1 14 2
406 457
1 13 2
211 311
1 11 2
178 492
1 13 2
3 268
1 15 2
261 462
1 5 2
58 451
1 14 2
266 467
1 16 2
39 285
1 7 2
117 127
1 6 2
173 320
1 6 2
375 416
1 7 2
156 210
1 9 2
34 64
1 5 2
40 230
1 16 2
1 424
1 5 2
156 296
1 11 2
45 400
1 13 2
142 382
1 8 2
275 476
1 7 2
338 413
1 12 2
233 333
1 15 2
111 463
1 8 2
212 454
1 2 2
139 169
1 11 2
336 447
1 10 2
313 441
1 6 2
101 137
1 13 2
65 417
1 7 2
25 446
1 12 2
11 119
1 13 2
145 189
1 10 2
123 167
1 9 2
133 401
1 17 2
111 380
1 8 2
4 472
1 3 2
230 309
1 12 2
63 173
1 11 2
85 205
1 8 2
266 274
1 16 2
77 293
1 7 2
199 458
1 12 2
43 277
1 11 2
178 232
1 11 2
355 415
1 6 2
221 393
1 9 2
261 453
1 13 2
50 143
1 13 2
63 313
1 10 2
289 433
1 13 2
0 151
1 11 2
328 336
1 10 2
217 389
1 6 2
208 458
1 16 2
67 400
1 18 2
142 388
1 7 2
200 430
1 12 2
251 353
1 8 2
353 413
1 5 2
342 402
1 7 2
154 346
1 11 2
0 336
1 6 2
123 416
1 12 2
259 499
1 5 2
359 451
1 9 2
335 394
1 9 2
213 313
1 7 2
243 378
1 16 2
253 290
1 6 2
279 401
1 4 2
110 434
1 7 2
239 377
1 17 2
51 441
1 7 2
252 473
1 12 2
110 407
1 14 2
54 161
1 10 2
360 416
1 11 2
78 333
1 8 2
78 182
1 3 2
9 94
1 15 2
192 337
1 9 2
34 221
1 12 2
144 213
1 8 2
178 211
1 10 2
142 176
1 12 2
335 344
1 15 2
192 433
1 2 2
257 418
1 4 2
22 353
1 4 2
26 405
1 12 2
213 463
1 8 2
251 364
1 10 2
23 42
1 13 2
232 472
1 7 2
15 382
1 9 2
11 435
1 10 2
60 274
1 11 2
155 363
1 15 2
56 446
1 15 2
150 151
1 13 2
23 77
1 14 2
168 232
1 13 2
399 492
1 8 2
134 299
1 11 2
162 381
1 12 2
103 253
1 2 2
281 460
1 9 2
191 295
1 8 2
71 259
1 4 2
30 107
1 10 2
20 61
1 8 2
353 496
1 13 2
165 168
1 7 2
46 129
1 7 2
70 460
1 14 2
138 322
1 8 2
1 258
1 7 2
107 445
1 15 2
13 37
1 18 2
138 426
1 8 2
170 171
1 5 2
468 483
1 16 2
47 266
1 14 2
47 93
1 11 2
192 472
1 4 2
200 353
1 8 2
229 305
1 11 2
400 429
1 9 2
314 413
1 9 2
68 79
1 12 2
232 344
1 7 2
33 68
1 16 2
253 260
1 4 2
21 338
1 2 2
12 364
1 18 2
95 486
1 18 2
253 339
1 11 2
173 327
1 11 2
195 216
1 6 2
44 247
1 14 2
407 411
1 14 2
76 482
1 13 2
336 499
1 8 2
300 430
1 7 2
197 495
1 5 2
103 485
1 9 2
237 294
1 9 2
204 217
1 11 2
100 310
1 13 2
341 428
1 12 2
182 367
1 17 2
263 311
1 9 2
438 486
1 12 2
90 119
1 20 2
198 383
1 7 2
57 208
1 14 2
228 479
1 12 2
134 207
1 5 2
108 350
1 14 2
186 463
1 6 2
300 477
1 3 2
115 319
1 14 2
324 339
1 5 2
368 464
1 15 2
198 413
1 13 2
345 446
1 19 2
395 406
1 15 2
132 183
1 6 2
61 453
1 7 2
9 428
1 15 2
51 377
1 8 2
144 414
1 10 2
133 432
1 13 2
41 389
1 12 2
116 322
1 14 2
57 290
1 12 2
132 247
1 4 2
102 185
1 11 2
128 375
1 4 2
9 96
1 5 2
429 450
1 14 2
68 277
1 8 2
40 211
1 9 2
177 212
1 10 2
266 458
1 4 2
97 425
1 8 2
157 291
1 12 2
181 447
1 14 2
181 213
1 15 2
211 486
1 11 2
157 343
1 16 2
467 481
1 5 2
237 364
1 9 2
164 219
1 5 2
237 423
1 8 2
18 253
1 9 2
115 481
1 18 2
383 400
1 4 2
241 349
1 11 2
17 37
1 20 2
128 255
1 7 2
110 483
1 16 2
326 422
1 9 2
323 465
1 8 2
114 384
1 17 2
62 189
1 9 2
214 372
1 10 2
15 180
1 13 2
161 431
1 6 2
217 316
1 4 2
334 402
1 8 2
35 223
1 3 2
242 245
1 12 2
11 158
1 16 2
347 497
1 6 2
28 279
1 8 2
134 202
1 6 2
332 412
1 12 2
148 287
1 5 2
187 469
1 16 2
204 251
1 15 2
282 439
1 19 2
181 367
1 3 2
7 456
1 6 2
178 416
1 16 2
251 412
1 6 2
141 445
1 5 2
457 480
1 11 2
110 136
1 10 2
96 266
1 12 2
67 495
1 5 2
214 459
1 11 2
42 355
1 15 2
77 412
1 14 2
76 140
1 7 2
93 352
1 7 2
155 452
1 11 2
315 390
1 6 2
330 418
1 9 2
233 248
1 9 2
241 390
1 19 2
75 128
1 6 2
180 185
1 11 2
126 163
1 7 2
70 421
1 16 2
60 77
1 11 2
151 215
1 16 2
366 380
1 20 2
109 263
1 13 2
82 428
1 9 2
234 469
1 15 2
136 204
1 12 2
129 180
1 9 2
139 462
1 11 2
80 405
1 10 2
131 204
1 18 2
37 360
1 15 2
189 441
1 19 2
175 388
1 11 2
53 477
1 4 2
321 451
1 7 2
393 442
1 13 2
27 76
1 10 2
66 92
1 16 2
95 228
1 7 2
281 335
1 11 2
60 123
1 6 2
262 430
1 12 2
246 436
1 5 2
13 139
1 11 2
51 94
1 12 2
147 383
1 7 2
397 428
1 7 2
16 144
1 5 2
30 495
1 20 2
37 95
1 8 2
127 361
1 18 2
37 114
1 14 2
148 386
1 13 2
80 436
1 12 2
159 316
1 9 2
232 370
1 18 2
270 428
1 4 2
48 249
1 9 2
129 399
1 8 2
274 315
1 12 2
121 337
1 9 2
59 142
1 11 2
41 301
1 5 2
306 374
1 6 2
92 106
1 2 2
194 490
1 12 2
147 312
1 17 2
111 225
1 13 2
14 336
1 6 2
40 199
1 15 2
102 462
1 15 2
412 481
1 16 2
290 439
1 5 2
131 176
1 14 2
37 469
1 8 2
125 361
1 17 2
183 481
1 17 2
77 148
1 3 2
9 90
1 4 2
166 297
1 12 2
43 170
1 3 2
30 256
1 16 2
88 134
1 9 2
99 494
1 7 2
64 81
1 6 2
88 118
1 16 2
232 415
1 8 2
46 88
1 14 2
288 382
1 4 2
145 196
1 10 2
361 430
1 6 2
31 223
1 10 2
58 183
1 14 2
237 367
1 11 2
20 172
1 18 2
195 292
1 9 2
148 239
1 6 2
98 186
1 13 2
3 13
1 17 2
360 492
1 9 2
150 378
1 15 2
20 183
1 10 2
146 363
1 3 2
22 46
1 7 2
149 204
1 12 2
360 435
1 16 2
360 486
1 13 2
195 399
1 6 2
13 85
1 11 2
310 326
1 8 2
155 421
1 10 2
213 375
1 10 2
195 338
1 12 2
77 346
1 12 2
96 285
1 11 2
295 457
1 8 2
391 481
1 11 2
152 280
1 9 2
181 401
1 15 2
195 457
1 12 2
8 272
1 14 2
355 428
1 14 2
335 430
1 7 2
316 443
1 13 2
19 487
1 15 2
83 430
1 7 2
218 322
1 13 2
84 111
1 6 2
11 217
1 15 2
60 333
1 19 2
270 470
1 7 2
210 300
1 8 2
248 466
1 13 2
45 339
1 9 2
146 303
1 6 2
72 135
1 6 2
182 451
1 8 2
70 491
1 15 2
244 377
1 3 2
21 401
1 12 2
106 301
1 13 2
162 288
1 14 2
8 192
1 6 2
141 425
1 11 2
88 207
1 16 2
158 181
1 6 2
257 436
1 15 2
67 213
1 12 2
49 339
1 15 2
151 371
1 10 2
192 458
1 10 2
114 419
1 5 2
33 361
1 12 2
312 362
1 6 2
33 224
1 5 2
211 387
1 10 2
410 430
1 10 2
27 78
1 6 2
120 162
1 6 2
371 427
1 15 2
51 435
1 4 2
269 325
1 11 2
58 389
1 10 2
147 293
1 12 2
285 495
1 14 2
84 183
1 8 2
91 159
1 10 2
324 466
1 16 2
204 406
1 11 2
67 125
1 13 2
224 345
1 8 2
155 468
1 12 2
252 449
1 15 2
412 467
1 9 2
195 245
1 18 2
252 383
1 12 2
231 254
1 18 2
335 422
1 8 2
217 463
1 8 2
46 463
1 11 2
142 215
1 15 2
223 277
1 14 2
73 259
1 11 2
19 78
1 6 2
92 410
1 16 2
73 347
1 14 2
293 381
1 13 2
161 457
1 18 2
34 189
1 5 2
163 421
1 2 2
2 342
1 6 2
387 400
1 12 2
137 189
1 12 2
225 237
1 12 2
103 407
1 12 2
161 275
1 17 2
20 56
1 6 2
90 125
1 4 2
117 364
1 15 2
339 466
1 11 2
85 395
1 9 2
384 439
1 8 2
271 395
1 13 2
38 329
1 13 2
128 324
1 12 2
419 426
1 5 2
101 370
1 11 2
99 470
1 13 2
211 497
1 13 2
330 420
1 19 2
157 285
1 15 2
212 426
1 6 2
143 351
1 10 2
155 442
1 7 2
5 239
1 7 2
245 360
1 13 2
42 290
1 6 2
15 316
1 18 2
83 251
1 9 2
145 192
1 16 2
111 155
1 9 2
161 491
1 6 2
25 48
1 14 2
201 465
1 9 2
103 344
1 5 2
46 274
1 19 2
251 339
1 9 2
131 186
1 11 2
75 94
1 17 2
134 290
1 11 2
207 360
1 13 2
56 274
1 9 2
221 422
1 13 2
144 236
1 6 2
262 494
1 20 2
383 470
1 14 2
34 170
1 11 2
189 230
1 14 2
111 267
1 3 2
33 164
1 13 2
24 209
1 7 2
134 297
1 10 2
32 337
1 10 2
100 131
1 17 2
65 433
1 10 2
199 266
1 4 2
296 338
1 11 2
42 306
1 15 2
253 420
1 10 2
58 439
1 12 2
213 487
1 20 2
47 51
1 11 2
295 446
1 5 2
120 425
1 5 2
54 265
1 6 2
318 397
1 14 2
19 411
1 9 2
54 125
1 8 2
242 441
1 14 2
10 47
1 8 2
74 387
1 14 2
345 386
1 16 2
100 198
1 9 2
115 347
1 9 2
415 458
1 7 2
131 469
1 18 2
51 278
1 9 2
276 424
1 10 2
41 497
1 10 2
329 425
1 12 2
224 484
1 8 2
71 204
1 8 2
170 230
1 6 2
17 445
1 14 2
143 463
1 9 2
254 453
1 15 2
380 430
1 14 2
102 492
1 7 2
82 242
1 3 2
240 452
1 8 2
275 353
1 9 2
49 411
1 10 2
90 161
1 11 2
103 259
1 11 2
5 355
1 11 2
129 482
1 4 2
15 319
1 11 2
180 210
1 18 2
8 37
1 11 2
111 182
1 17 2
109 318
1 13 2
84 134
1 18 2
1 492
1 7 2
76 364
1 10 2
40 280
1 15 2
62 479
1 10 2
15 407
1 7 2
357 451
1 16 2
260 282
1 8 2
137 357
1 9 2
328 415
1 14 2
51 361
1 15 2
267 383
1 6 2
322 370
1 18 2
142 253
1 6 2
241 437
1 13 2
14 168
1 18 2
63 134
1 18 2
74 76
1 7 2
369 442
1 20 2
462 470
1 5 2
173 421
1 10 2
115 426
1 20 2
75 175
1 13 2
87 336
1 8 2
266 343
1 6 2
401 435
1 15 2
114 366
1 15 2
133 226
1 11 2
96 463
1 15 2
119 424
1 4 2
445 493
1 10 2
42 466
1 4 2
59 372
1 9 2
216 479
1 17 2
255 424
1 8 2
24 320
1 18 2
76 142
1 12 2
189 362
1 16 2
165 497
1 9 2
43 53
1 15 2
180 246
1 10 2
331 357
1 8 2
416 469
1 11 2
68 417
1 18 2
312 400
1 7 2
25 306
1 8 2
201 394
1 10 2
110 471
1 16 2
292 479
1 15 2
345 411
1 2 2
403 464
1 7 2
280 309
1 14 2
62 472
1 10 2
120 128
1 11 2
295 482
1 19 2
76 255
1 6 2
36 136
1 6 2
346 394
1 12 2
292 378
1 9 2
342 395
1 15 2
60 494
1 6 2
164 430
1 15 2
14 383
1 19 2
175 339
1 18 2
367 439
1 11 2
102 366
1 12 2
123 244
1 15 2
301 484
1 17 2
388 420
1 7 2
99 226
1 11 2
343 347
1 13 2
311 472
1 6 2
254 340
1 5 2
230 451
1 13 2
56 163
1 9 2
202 255
1 9 2
62 99
1 9 2
278 491
1 11 2
19 375
1 11 2
375 484
1 11 2
255 256
1 3 2
117 265
1 10 2
129 168
1 13 2
141 205
1 9 2
8 384
1 18 2
56 80
1 14 2
431 433
1 9 2
69 313
1 17 2
400 433
1 5 2
17 108
1 15 2
65 463
1 5 2
54 387
1 13 2
95 357
1 16 2
366 492
1 12 2
24 360
1 12 2
211 424
1 18 2
255 406
1 16 2
1 247
1 12 2
264 496
1 6 2
252 455
1 5 2
238 442
1 16 2
183 381
1 9 2
437 441
1 13 2
231 371
1 6 2
54 396
1 7 2
110 303
1 6 2
202 212
1 9 2
61 487
1 6 2
171 272
1 4 2
117 493
1 7 2
125 304
1 8 2
147 248
1 9 2
72 172
1 13 2
88 390
1 7 2
384 385
1 10 2
353 411
1 19 2
383 492
1 16 2
189 329
1 5 2
474 476
1 10 2
19 419
1 15 2
19 301
1 17 2
259 492
1 8 2
98 198
1 8 2
308 481
1 7 2
194 204
1 9 2
125 424
1 13 2
27 158
1 10 2
154 479
1 8 2
115 211
1 6 2
10 208
1 9 2
11 377
1 13 2
1 385
1 16 2
282 301
1 16 2
158 159
1 9 2
8 171
1 10 2
200 426
1 7 2
71 211
1 12 2
371 441
1 18 2
181 312
1 12 2
1 287
1 11 2
8 191
1 14 2
8 457
1 17 2
292 433
1 5 2
91 378
1 9 2
310 372
1 7 2
78 85
1 18 2
388 400
1 10 2
162 331
1 6 2
466 485
1 6 2
89 293
1 20 2
290 462
1 6 2
178 320
1 16 2
486 497
1 17 2
116 428
1 15 2
102 138
1 12 2
214 347
1 11 2
41 161
1 19 2
151 189
1 4 2
33 394
1 10 2
207 212
1 10 2
88 314
1 3 2
176 490
1 8 2
76 130
1 19 2
119 439
1 13 2
347 487
1 9 2
97 301
1 16 2
255 487
1 17 2
75 155
1 9 2
105 383
1 14 2
8 129
1 20 2
388 389
1 11 2
303 439
1 10 2
279 377
1 5 2
117 176
1 7 2
285 309
1 9 2
84 304
1 9 2
34 208
1 15 2
381 492
1 16 2
111 345
1 8 2
109 418
1 4 2
203 483
1 8 2
80 340
1 13 2
132 277
1 13 2
355 467
1 8 2
370 484
1 7 2
314 378
1 15 2
251 293
1 7 2
209 281
1 12 2
366 424
1 19 2
251 292
1 17 2
189 252
1 7 2
35 247
1 16 2
114 400
1 8 2
27 156
1 12 2
137 481
1 3 2
18 459
1 18 2
225 380
1 12 2
224 479
1 8 2
304 453
1 8 2
111 321
1 8 2
245 481
1 5 2
237 289
1 5 2
169 267
1 13 2
209 372
1 6 2
201 203
1 14 2
23 388
1 16 2
8 66
1 15 2
148 479
1 13 2
114 144
1 10 2
223 378
1 7 2
200 330
1 15 2
103 470
1 13 2
213 333
1 8 2
22 312
1 6 2
33 322
1 14 2
251 385
1 2 2
29 349
1 5 2
91 248
1 6 2
246 265
1 12 2
93 360
1 12 2
413 424
1 15 2
183 330
1 18 2
204 270
1 8 2
37 478
1 5 2
308 437
1 12 2
106 128
1 10 2
305 371
1 8 2
61 234
1 11 2
183 208
1 3 2
156 423
1 16 2
37 366
1 5 2
2 377
1 14 2
27 388
1 17 2
76 467
1 12 2
233 467
1 10 2
191 259
1 17 2
143 395
1 9 2
357 461
1 16 2
20 198
1 13 2
74 243
1 13 2
128 145
1 15 2
95 402
1 14 2
204 441
1 16 2
155 347
1 8 2
292 475
1 16 2
8 209
1 12 2
310 366
1 7 2
326 475
1 13 2
331 463
1 4 2
105 343
1 18 2
253 255
1 7 2
408 449
1 9 2
256 371
1 15 2
205 361
1 9 2
345 414
1 17 2
312 398
1 13 2
37 272
1 8 2
245 467
1 15 2
186 381
1 19 2
63 133
1 10 2
129 229
1 18 2
253 288
1 7 2
33 371
1 9 2
165 370
1 9 2
318 359
1 11 2
4 345
1 8 2
207 356
1 14 2
229 339
1 13 2
226 407
1 10 2
330 495
1 12 2
192 499
1 7 2
80 245
1 12 2
335 375
1 9 2
173 420
1 17 2
360 395
1 6 2
169 223
1 5 2
146 153
1 9 2
32 465
1 7 2
105 228
1 19 2
260 288
1 13 2
42 467
1 8 2
106 402
1 9 2
79 168
1 8 2
402 476
1 10 2
83 176
1 11 2
347 458
1 14 2
5 404
1 9 2
429 488
1 6 2
154 353
1 12 2
74 276
1 6 2
279 298
1 10 2
275 441
1 8 2
163 344
1 5 2
171 451
1 16 2
73 142
1 11 2
234 293
1 7 2
245 381
1 15 2
39 347
1 7 2
61 145
1 10 2
306 324
1 8 2
194 392
1 10 2
71 232
1 9 2
145 226
1 15 2
8 415
1 13 2
72 467
1 11 2
51 370
1 11 2
261 417
1 10 2
60 425
1 16 2
1 190
1 13 2
400 449
1 12 2
268 371
1 14 2
377 486
1 11 2
420 458
1 13 2
263 320
1 17 2
318 433
1 8 2
214 304
1 11 2
80 147
1 17 2
282 312
1 13 2
124 330
1 10 2
311 353
1 13 2
207 422
1 10 2
88 447
1 12 2
1 11
1 5 2
52 361
1 7 2
127 375
1 2 2
122 317
1 12 2
76 429
1 12 2
367 442
1 5 2
328 460
1 15 2
124 337
1 7 2
160 259
1 16 2
165 392
1 14 2
175 499
1 11 2
127 134
1 4 2
202 256
1 14 2
326 333
1 5 2
206 233
1 11 2
14 346
1 10 2
83 323
1 6 2
249 424
1 9 2
154 170
1 7 2
60 299
1 3 2
48 498
1 10 2
61 381
1 4 2
276 485
1 8 2
127 229
1 8 2
149 183
1 16 2
205 448
1 9 2
219 299
1 9 2
148 421
1 12 2
212 333
1 9 2
4 226
1 9 2
363 496
1 18 2
47 236
1 18 2
63 494
1 2 2
179 245
1 14 2
189 496
1 5 2
242 442
1 12 2
20 431
1 12 2
126 234
1 8 2
57 483
1 6 2
129 135
1 18 2
155 195
1 5 2
172 325
1 3 2
32 423
1 11 2
143 399
1 15 2
76 88
1 7 2
108 315
1 7 2
399 458
1 5 2
184 369
1 15 2
34 439
1 8 2
100 438
1 12 2
292 363
1 13 2
67 234
1 10 2
124 449
1 9 2
174 201
1 4 2
49 135
1 14 2
428 499
1 6 2
70 418
1 2 2
52 387
1 10 2
229 306
1 17 2
47 329
1 20 2
63 312
1 15 2
247 407
1 11 2
50 57
1 12 2
324 333
1 18 2
165 219
1 3 2
89 409
1 10 2
120 406
1 6 2
113 477
1 17 2
380 439
1 7 2
171 214
1 15 2
1 446
1 11 2
61 406
1 5 2
41 342
1 10 2
439 451
1 5 2
21 287
1 16 2
62 158
1 17 2
148 398
1 10 2
119 421
1 15 2
39 260
1 4 2
117 273
1 19 2
8 255
1 17 2
244 253
1 13 2
247 267
1 14 2
13 189
1 6 2
353 425
1 6 2
40 227
1 14 2
331 479
1 13 2
145 255
1 6 2
61 178
1 10 2
428 451
1 11 2
15 244
1 8 2
97 190
1 9 2
90 390
1 5 2
445 454
1 6 2
135 261
1 13 2
152 189
1 12 2
182 327
1 6 2
106 491
1 13 2
136 146
1 5 2
145 440
1 14 2
129 159
1 16 2
124 335
1 14 2
143 430
1 11 2
320 481
1 9 2
405 457
1 16 2
411 426
1 9 2
165 338
1 12 2
248 301
1 6 2
112 400
1 2 2
29 480
1 11 2
162 223
1 9 2
398 440
1 5 2
9 436
1 11 2
75 343
1 18 2
66 244
1 5 2
137 452
1 13 2
182 426
1 14 2
56 57
1 8 2
37 348
1 12 2
102 236
1 8 2
51 187
1 5 2
249 499
1 9 2
410 441
1 15 2
170 486
1 10 2
115 345
1 8 2
477 495
1 17 2
270 471
1 8 2
193 407
1 2 2
30 250
1 5 2
372 434
1 9 2
144 274
1 11 2
43 279
1 7 2
309 406
1 11 2
87 294
1 15 2
66 278
1 11 2
56 379
1 18 2
181 406
1 13 2
144 282
1 16 2
1 390
1 10 2
176 301
1 12 2
72 329
1 6 2
261 475
1 17 2
34 175
1 11 2
145 467
1 5 2
123 342
1 11 2
240 288
1 5 2
234 498
1 18 2
270 439
1 9 2
214 243
1 15 2
144 337
1 8 2
25 68
1 8 2
60 257
1 7 2
367 373
1 12 2
244 416
1 9 2
422 474
1 11 2
244 352
1 17 2
109 126
1 8 2
265 462
1 7 2
197 477
1 18 2
175 428
1 11 2
19 449
1 13 2
1 13
1 7 2
18 224
1 17 2
159 345
1 5 2
348 361
1 19 2
151 406
1 10 2
138 298
1 15 2
20 165
1 17 2
111 181
1 8 2
161 348
1 12 2
38 360
1 12 2
0 252
1 8 2
88 178
1 11 2
151 274
1 11 2
140 192
1 13 2
50 60
1 18 2
225 255
1 16 2
290 494
1 16 2
95 413
1 14 2
81 175
1 14 2
51 304
1 6 2
53 452
1 9 2
40 228
1 14 2
337 390
1 7 2
247 423
1 4 2
160 230
1 12 2
232 495
1 11 2
327 416
1 17 2
231 462
1 13 2
72 225
1 14 2
311 366
1 13 2
219 303
1 15 2
231 497
1 10 2
267 357
1 19 2
175 292
1 16 2
251 266
1 16 2
180 301
1 15 2
27 109
1 7 2
167 257
1 17 2
73 219
1 20 2
74 142
1 8 2
275 453
1 18 2
3 251
1 15 2
19 236
1 17 2
76 400
1 16 2
264 290
1 11 2
87 224
1 6 2
104 330
1 7 2
183 351
1 11 2
236 410
1 11 2
121 360
1 7 2
305 432
1 4 2
0 188
1 3 2
16 468
1 16 2
381 389
1 18 2
404 426
1 15 2
24 95
1 13 2
404 487
1 13 2
111 487
1 20 2
74 339
1 9 2
0 207
1 9 2
158 176
1 14 2
27 34
1 10 2
242 465
1 11 2
107 398
1 12 2
65 207
1 14 2
42 142
1 7 2
55 76
1 13 2
83 393
1 9 2
323 484
1 19 2
138 406
1 11 2
7 181
1 11 2
210 390
1 14 2
404 448
1 7 2
158 373
1 10 2
186 314
1 7 2
120 261
1 14 2
119 222
1 10 2
37 384
1 11 2
207 424
1 8 2
261 276
1 13 2
10 422
1 13 2
76 192
1 12 2
331 393
1 6 2
42 52
1 6 2
415 418
1 19 2
37 148
1 13 2
224 236
1 10 2
160 433
1 12 2
62 382
1 9 2
259 453
1 4 2
122 393
1 5 2
46 343
1 8 2
83 364
1 11 2
133 447
1 13 2
288 437
1 12 2
158 233
1 7 2
228 440
1 12 2
48 74
1 8 2
91 161
1 19 2
3 47
1 8 2
269 326
1 14 2
62 446
1 11 2
295 355
1 13 2
275 360
1 17 2
232 253
1 11 2
404 483
1 14 2
175 211
1 6 2
375 419
1 16 2
148 471
1 9 2
377 378
1 10 2
68 429
1 18 2
128 292
1 2 2
22 188
1 9 2
313 477
1 12 2
170 482
1 7 2
160 404
1 3 2
71 376
1 11 2
436 448
1 5 2
141 352
1 13 2
252 295
1 5 2
90 94
1 15 2
333 420
1 5 2
22 166
1 14 2
383 457
1 16 2
293 395
1 13 2
367 488
1 7 2
241 314
1 15 2
114 336
1 7 2
0 320
1 18 2
3 433
1 17 2
209 428
1 8 2
341 363
1 13 2
313 388
1 7 2
54 444
1 15 2
68 327
1 6 2
210 283
1 16 2
87 205
1 10 2
152 497
1 14 2
67 81
1 4 2
241 475
1 11 2
7 406
1 11 2
7 51
1 12 2
330 417
1 7 2
242 361
1 17 2
181 236
1 9 2
176 282
1 6 2
139 140
1 10 2
268 372
1 14 2
111 136
1 10 2
241 329
1 15 2
56 377
1 8 2
105 251
1 9 2
152 277
1 16 2
301 360
1 9 2
356 413
1 13 2
232 287
1 10 2
303 412
1 6 2
101 163
1 12 2
38 404
1 14 2
8 472
1 13 2
294 407
1 14 2
224 428
1 4 2
117 284
1 19 2
63 67
1 17 2
66 232
1 4 2
115 221
1 7 2
161 373
1 13 2
81 301
1 5 2
216 409
1 10 2
53 87
1 6 2
16 279
1 12 2
227 232
1 12 2
75 108
1 15 2
224 244
1 5 2
343 352
1 8 2
268 296
1 9 2
15 126
1 14 2
214 383
1 14 2
65 70
1 12 2
234 278
1 14 2
229 301
1 16 2
407 479
1 18 2
339 484
1 4 2
131 340
1 10 2
48 411
1 14 2
144 347
1 10 2
204 483
1 8 2
76 113
1 20 2
189 492
1 12 2
20 81
1 16 2
277 433
1 10 2
136 172
1 8 2
241 355
1 9 2
147 268
1 14 2
175 310
1 8 2
115 326
1 8 2
189 387
1 3 2
187 338
1 7 2
188 337
1 5 2
112 224
1 10 2
165 199
1 7 2
266 283
1 5 2
72 332
1 9 2
83 444
1 7 2
20 206
1 15 2
24 56
1 10 2
51 238
1 4 2
44 96
1 20 2
63 367
1 16 2
134 155
1 6 2
156 476
1 9 2
330 409
1 7 2
198 456
1 7 2
86 336
1 15 2
138 413
1 4 2
269 299
1 14 2
14 209
1 10 2
246 458
1 17 2
439 467
1 11 2
151 338
1 9 2
42 61
1 18 2
400 470
1 13 2
67 129
1 15 2
327 430
1 11 2
368 439
1 20 2
205 260
1 8 2
149 288
1 4 2
359 423
1 8 2
58 463
1 11 2
247 431
1 6 2
210 401
1 13 2
83 361
1 8 2
129 320
1 5 2
187 472
1 8 2
364 481
1 6 2
197 242
1 15 2
76 236
1 10 2
312 489
1 18 2
195 347
1 5 2
12 482
1 9 2
296 366
1 18 2
95 165
1 3 2
344 351
1 6 2
392 490
1 16 2
62 165
1 8 2
305 402
1 7 2
77 480
1 12 2
259 355
1 10 2
231 313
1 9 2
75 193
1 17 2
3 67
1 17 2
134 223
1 11 2
177 260
1 14 2
57 67
1 9 2
136 222
1 14 2
426 461
1 11 2
102 168
1 7 2
357 432
1 9 2
376 462
1 20 2
1 339
1 16 2
14 175
1 10 2
70 222
1 12 2
231 431
1 18 2
159 312
1 4 2
203 361
1 11 2
106 158
1 9 2
378 482
1 9 2
289 367
1 8 2
102 117
1 6 2
79 442
1 13 2
159 229
1 14 2
198 210
1 7 2
369 440
1 5 2
341 342
1 15 2
180 366
1 16 2
400 486
1 7 2
256 431
1 12 2
159 346
1 6 2
58 436
1 12 2
47 320
1 15 2
157 170
1 7 2
374 467
1 6 2
17 304
1 6 2
112 411
1 18 2
426 439
1 14 2
211 383
1 18 2
301 433
1 18 2
244 347
1 11 2
102 132
1 12 2
61 142
1 15 2
181 326
1 11 2
285 447
1 6 2
154 241
1 14 2
145 219
1 13 2
51 305
1 8 2
48 496
1 10 2
331 344
1 7 2
283 415
1 14 2
67 69
1 14 2
204 277
1 17 2
247 492
1 16 2
165 236
1 6 2
104 165
1 8 2
236 408
1 13 2
292 324
1 6 2
313 414
1 8 2
116 160
1 12 2
371 402
1 12 2
11 244
1 14 2
277 479
1 2 2
153 307
1 11 2
183 320
1 11 2
127 236
1 18 2
111 195
1 14 2
39 494
1 5 2
91 182
1 16 2
195 441
1 8 2
346 458
1 12 2
339 419
1 7 2
101 294
1 16 2
366 395
1 16 2
109 213
1 4 2
12 409
1 5 2
120 476
1 7 2
18 100
1 7 2
7 393
1 12 2
328 367
1 20 2
109 395
1 13 2
198 314
1 6 2
401 446
1 6 2
9 333
1 17 2
37 479
1 14 2
400 448
1 19 2
51 318
1 12 2
23 252
1 18 2
345 388
1 11 2
13 211
1 10 2
120 426
1 18 2
19 492
1 5 2
271 417
1 4 2
174 265
1 12 2
108 219
1 6 2
160 279
1 12 2
465 487
1 12 2
39 487
1 6 2
172 370
1 8 2
248 294
1 4 2
79 283
1 8 2
72 353
1 10 2
124 399
1 8 2
154 261
1 6 2
21 224
1 7 2
41 127
1 9 2
194 388
1 18 2
47 497
1 14 2
100 126
1 11 2
159 379
1 17 2
83 128
1 20 2
74 75
1 8 2
252 475
1 8 2
299 426
1 7 2
168 384
1 19 2
3 219
1 8 2
166 431
1 12 2
243 407
1 3 2
104 230
1 12 2
277 466
1 6 2
137 240
1 20 2
37 462
1 9 2
13 42
1 3 2
92 349
1 10 2
170 313
1 7 2
311 396
1 14 2
146 347
1 15 2
226 327
1 15 2
326 380
1 14 2
51 306
1 13 2
132 404
1 6 2
46 378
1 9 2
18 244
1 19 2
77 219
1 9 2
190 453
1 14 2
207 263
1 20 2
63 205
1 12 2
23 347
1 7 2
200 336
1 4 2
184 261
1 12 2
244 272
1 7 2
160 167
1 8 2
274 386
1 7 2
79 313
1 6 2
178 208
1 12 2
219 399
1 7 2
173 361
1 10 2
346 415
1 10 2
175 460
1 12 2
390 499
1 7 2
57 239
1 7 2
137 199
1 5 2
71 447
1 16 2
116 335
1 7 2
136 202
1 10 2
333 368
1 10 2
426 454
1 6 2
61 177
1 13 2
14 70
1 8 2
131 268
1 8 2
139 290
1 6 2
35 88
1 7 2
92 310
1 7 2
185 486
1 8 2
204 438
1 4 2
375 427
1 17 2
183 209
1 13 2
111 140
1 18 2
47 76
1 7 2
444 465
1 14 2
61 255
1 3 2
188 442
1 12 2
311 466
1 17 2
186 219
1 14 2
288 315
1 18 2
77 109
1 9 2
285 321
1 12 2
201 224
1 3 2
30 40
1 8 2
172 303
1 6 2
145 242
1 12 2
69 213
1 18 2
83 327
1 3 2
240 478
1 13 2
38 80
1 12 2
333 417
1 13 2
214 492
1 15 2
158 231
1 17 2
68 288
1 11 2
146 457
1 12 2
372 467
1 17 2
288 424
1 16 2
114 290
1 8 2
336 370
1 12 2
225 399
1 17 2
367 420
1 5 2
153 324
1 19 2
312 335
1 8 2
67 179
1 15 2
126 345
1 6 2
267 427
1 11 2
282 449
1 17 2
280 471
1 18 2
411 470
1 13 2
157 322
1 6 2
298 372
1 17 2
1 180
1 5 2
92 379
1 10 2
50 310
1 8 2
436 447
1 11 2
50 386
1 10 2
19 199
1 20 2
95 388
1 8 2
67 364
1 6 2
194 211
1 18 2
138 232
1 4 2
101 485
1 17 2
244 467
1 15 2
151 390
1 5 2
349 356
1 18 2
80 195
1 7 2
159 485
1 7 2
79 449
1 11 2
180 322
1 17 2
155 270
1 14 2
142 279
1 19 2
83 244
1 15 2
318 439
1 8 2
202 411
1 7 2
272 405
1 9 2
472 483
1 4 2
197 452
1 9 2
116 350
1 16 2
195 267
1 12 2
362 383
1 9 2
147 457
1 14 2
263 402
1 14 2
371 392
1 12 2
159 378
1 16 2
198 279
1 10 2
126 476
1 6 2
125 394
1 5 2
235 355
1 6 2
373 412
1 9 2
229 499
1 12 2
78 155
1 18 2
339 404
1 10 2
145 411
1 9 2
315 488
1 13 2
229 383
1 5 2
26 78
1 2 2
193 373
1 14 2
231 329
1 9 2
103 496
1 16 2
180 486
1 10 2
170 483
1 8 2
139 183
1 18 2
270 318
1 6 2
27 298
1 10 2
80 131
1 8 2
229 357
1 12 2
155 393
1 18 2
47 293
1 10 2
322 377
1 4 2
197 221
1 13 2
10 77
1 12 2
124 210
1 11 2
95 176
1 5 2
85 147
1 6 2
220 441
1 9 2
136 238
1 3 2
18 164
1 5 2
11 342
1 7 2
310 414
1 16 2
95 424
1 13 2
128 435
1 13 2
264 266
1 10 2
282 410
1 14 2
54 337
1 14 2
51 495
1 10 2
103 224
1 6 2
21 355
1 16 2
326 383
1 5 2
58 110
1 12 2
103 111
1 11 2
201 361
1 11 2
50 436
1 8 2
2 159
1 10 2
143 375
1 9 2
82 261
1 15 2
231 479
1 9 2
358 430
1 7 2
158 332
1 10 2
152 213
1 12 2
388 495
1 11 2
27 224
1 10 2
4 381
1 3 2
92 459
1 11 2
20 57
1 14 2
306 312
1 16 2
270 457
1 12 2
132 192
1 4 2
248 480
1 11 2
126 405
1 10 2
74 289
1 11 2
90 398
1 13 2
3 457
1 11 2
344 428
1 15 2
65 278
1 12 2
277 441
1 18 2
232 337
1 17 2
190 288
1 11 2
47 71
1 4 2
340 410
1 11 2
119 438
1 7 2
138 498
1 9 2
200 388
1 15 2
76 165
1 15 2
205 254
1 4 2
94 323
1 17 2
390 470
1 9 2
178 329
1 14 2
150 312
1 19 2
225 312
1 6 2
124 427
1 10 2
368 463
1 11 2
191 388
1 10 2
172 254
1 7 2
94 402
1 8 2
334 426
1 8 2
288 354
1 16 2
231 327
1 16 2
56 277
1 6 2
211 473
1 8 2
57 323
1 13 2
222 395
1 8 2
137 393
1 13 2
119 476
1 9 2
18 311
1 16 2
62 67
1 11 2
346 412
1 13 2
225 385
1 13 2
224 404
1 10 2
178 471
1 6 2
334 381
1 3 2
376 440
1 13 2
150 161
1 8 2
95 185
1 9 2
386 432
1 15 2
180 231
1 6 2
443 445
1 13 2
143 487
1 8 2
48 57
1 12 2
215 225
1 20 2
95 280
1 5 2
229 321
1 12 2
166 470
1 12 2
412 472
1 17 2
255 329
1 11 2
127 158
1 13 2
136 463
1 13 2
211 439
1 15 2
170 263
1 16 2
74 144
1 2 2
118 370
1 11 2
407 437
1 11 2
208 285
1 13 2
234 244
1 10 2
411 445
1 17 2
392 426
1 9 2
316 496
1 9 2
51 349
1 16 2
3 494
1 6 2
200 377
1 14 2
229 270
1 12 2
67 328
1 5 2
7 394
1 12 2
318 431
1 6 2
154 341
1 9 2
164 290
1 7 2
335 490
1 14 2
260 294
1 13 2
8 27
1 13 2
69 481
1 4 2
239 338
1 6 2
193 254
1 8 2
124 240
1 8 2
54 99
1 15 2
282 465
1 13 2
357 492
1 13 2
68 479
1 10 2
243 266
1 14 2
69 198
1 13 2
34 496
1 13 2
210 428
1 15 2
95 102
1 8 2
33 66
1 7 2
320 469
1 6 2
27 480
1 19 2
109 260
1 7 2
80 319
1 14 2
42 318
1 8 2
216 266
1 2 2
249 291
1 7 2
338 377
1 18 2
285 395
1 11 2
78 441
1 13 2
192 366
1 7 2
76 348
1 9 2
47 160
1 8 2
285 450
1 2 2
203 460
1 14 2
24 367
1 10 2
361 393
1 14 2
175 324
1 15 2
426 487
1 8 2
33 62
1 13 2
0 1
1 12 2
116 229
1 9 2
234 372
1 8 2
176 246
1 20 2
51 388
1 8 2
14 176
1 12 2
259 466
1 4 2
152 444
1 10 2
378 497
1 3 2
258 296
1 10 2
350 486
1 11 2
68 150
1 14 2
8 228
1 10 2
211 469
1 11 2
157 241
1 18 2
119 465
1 15 2
148 170
1 16 2
47 267
1 6 2
92 429
1 16 2
54 119
1 7 2
269 369
1 6 2
113 233
1 13 2
62 431
1 8 2
47 456
1 10 2
20 163
1 20 2
56 75
1 11 2
392 495
1 17 2
66 285
1 12 2
63 358
1 8 2
161 206
1 11 2
253 328
1 7 2
210 239
1 11 2
95 408
1 18 2
219 494
1 11 2
5 499
1 6 2
341 401
1 13 2
406 413
1 7 2
378 405
1 9 2
229 496
1 9 2
219 321
1 14 2
65 390
1 15 2
259 406
1 14 2
294 380
1 17 2
225 318
1 13 2
313 462
1 16 2
318 404
1 15 2
366 471
1 9 2
111 442
1 11 2
121 347
1 17 2
232 347
1 8 2
180 289
1 14 2
74 123
1 4 2
15 299
1 8 2
78 243
1 4 2
113 217
1 14 2
54 60
1 11 2
20 429
1 9 2
227 461
1 8 2
166 466
1 9 2
127 472
1 15 2
254 367
1 11 2
170 457
1 5 2
234 319
1 4 2
230 370
1 8 2
111 491
1 13 2
253 275
1 18 2
236 270
1 10 2
388 394
1 14 2
360 497
1 12 2
119 379
1 15 2
159 246
1 10 2
241 333
1 15 2
151 277
1 8 2
26 327
1 7 2
171 372
1 11 2
143 313
1 10 2
79 155
1 10 2
32 133
1 5 2
94 414
1 14 2
73 136
1 8 2
227 304
1 17 2
56 180
1 12 2
50 381
1 17 2
223 383
1 5 2
22 127
1 14 2
57 433
1 16 2
293 312
1 11 2
66 362
1 18 2
128 395
1 6 2
15 178
1 12 2
136 140
1 18 2
389 412
1 7 2
267 283
1 4 2
145 291
1 6 2
42 348
1 12 2
11 189
1 15 2
1 224
1 7 2
169 486
1 8 2
353 393
1 12 2
37 101
1 12 2
170 463
1 18 2
60 383
1 10 2
214 279
1 19 2
285 389
1 6 2
257 275
1 6 2
122 404
1 15 2
63 192
1 12 2
103 136
1 5 2
147 414
1 7 2
147 375
1 10 2
51 239
1 11 2
56 442
1 12 2
246 310
1 12 2
51 414
1 6 2
45 394
1 8 2
109 423
1 8 2
197 457
1 9 2
43 476
1 5 2
41 202
1 13 2
42 479
1 12 2
116 287
1 4 2
230 352
1 16 2
155 165
1 12 2
150 293
1 14 2
236 371
1 12 2
395 447
1 10 2
182 381
1 19 2
47 181
1 16 2
181 392
1 8 2
131 385
1 12 2
251 274
1 17 2
95 190
1 5 2
46 458
1 9 2
267 419
1 8 2
221 412
1 17 2
8 426
1 6 2
224 401
1 7 2
10 416
1 13 2
102 467
1 11 2
65 90
1 14 2
54 83
1 12 2
145 400
1 4 2
346 455
1 5 2
245 363
1 9 2
144 443
1 16 2
420 433
1 5 2
320 394
1 11 2
413 472
1 12 2
393 420
1 6 2
108 141
1 19 2
219 388
1 8 2
314 315
1 10 2
85 404
1 13 2
226 347
1 4 2
89 106
1 10 2
88 110
1 10 2
107 266
1 13 2
82 462
1 18 2
20 470
1 11 2
145 345
1 5 2
365 382
1 16 2
406 471
1 15 2
426 441
1 9 2
15 411
1 8 2
138 153
1 8 2
362 457
1 13 2
69 484
1 17 2
151 165
1 15 2
56 140
1 17 2
288 318
1 17 2
76 285
1 2 2
16 455
1 15 2
150 157
1 11 2
212 413
1 9 2
26 119
1 6 2
156 163
1 7 2
72 394
1 6 2
70 403
1 18 2
467 470
1 13 2
263 445
1 12 2
109 320
1 13 2
191 288
1 12 2
82 404
1 7 2
200 252
1 13 2
66 355
1 13 2
53 209
1 8 2
203 406
1 12 2
11 335
1 14 2
259 336
1 19 2
74 433
1 5 2
30 326
1 12 2
92 263
1 19 2
318 339
1 16 2
433 465
1 14 2
88 494
1 11 2
90 426
1 13 2
103 486
1 15 2
132 301
1 13 2
398 499
1 15 2
34 167
1 16 2
318 494
1 12 2
63 222
1 10 2
190 287
1 15 2
158 236
1 4 2
120 452
1 9 2
327 489
1 8 2
132 197
1 5 2
94 353
1 2 2
307 348
1 17 2
75 420
1 7 2
238 469
1 8 2
42 313
1 6 2
338 488
1 12 2
110 133
1 18 2
119 280
1 11 2
10 404
1 14 2
72 138
1 3 2
97 104
1 9 2
85 407
1 13 2
389 453
1 15 2
198 355
1 4 2
107 245
1 7 2
115 233
1 11 2
186 199
1 11 2
60 341
1 14 2
13 119
1 16 2
111 439
1 7 2
115 172
1 7 2
182 320
1 8 2
313 382
1 10 2
240 260
1 4 2
98 137
1 12 2
54 84
1 12 2
261 441
1 2 2
196 239
1 12 2
144 415
1 8 2
141 357
1 10 2
394 439
1 15 2
60 381
1 9 2
17 465
1 9 2
337 489
1 15 2
111 231
1 17 2
63 247
1 9 2
273 301
1 10 2
270 300
1 11 2
274 406
1 14 2
331 337
1 6 2
324 474
1 19 2
133 288
1 11 2
279 435
1 5 2
202 304
1 13 2
411 424
1 10 2
306 322
1 3 2
297 408
1 10 2
311 410
1 11 2
126 210
1 13 2
260 436
1 6 2
41 365
1 7 2
138 169
1 13 2
68 411
1 8 2
140 454
1 15 2
226 367
1 7 2
89 126
1 12 2
108 255
1 4 2
237 307
1 12 2
73 466
1 11 2
88 385
1 8 2
266 425
1 9 2
42 121
1 5 2
69 307
1 7 2
430 475
1 10 2
110 487
1 13 2
207 481
1 7 2
320 382
1 7 2
279 438
1 14 2
426 496
1 12 2
165 229
1 13 2
246 415
1 9 2
117 212
1 10 2
230 270
1 8 2
215 469
1 11 2
15 251
1 6 2
65 153
1 9 2
10 57
1 11 2
133 379
1 12 2
182 251
1 17 2
74 267
1 5 2
300 368
1 9 2
272 413
1 8 2
85 411
1 20 2
175 288
1 8 2
333 475
1 14 2
144 158
1 7 2
237 432
1 5 2
117 365
1 12 2
5 413
1 12 2
295 381
1 17 2
142 484
1 14 2
14 465
1 7 2
38 440
1 15 2
128 226
1 5 2
130 272
1 9 2
375 390
1 9 2
56 480
1 5 2
30 87
1 8 2
97 330
1 12 2
34 437
1 18 2
251 280
1 20 2
47 205
1 6 2
123 300
1 12 2
439 461
1 10 2
13 377
1 12 2
294 463
1 14 2
345 390
1 7 2
40 496
1 13 2
103 183
1 13 2
129 484
1 17 2
189 479
1 8 2
340 398
1 5 2
313 464
1 8 2
123 488
1 8 2
251 319
1 11 2
207 246
1 8 2
14 460
1 11 2
163 278
1 13 2
79 205
1 9 2
124 419
1 14 2
84 301
1 19 2
62 205
1 17 2
151 411
1 14 2
56 172
1 11 2
127 439
1 5 2
222 421
1 11 2
77 432
1 13 2
57 398
1 9 2
100 432
1 16 2
278 345
1 9 2
129 357
1 10 2
304 435
1 13 2
3 207
1 14 2
57 133
1 8 2
198 478
1 12 2
81 88
1 6 2
127 241
1 8 2
367 374
1 6 2
145 365
1 20 2
51 339
1 5 2
177 454
1 18 2
63 327
1 18 2
8 388
1 18 2
161 426
1 9 2
24 248
1 15 2
128 144
1 14 2
75 449
1 10 2
273 389
1 8 2
12 335
1 10 2
352 439
1 15 2
255 413
1 11 2
237 345
1 17 2
195 371
1 8 2
154 224
1 7 2
208 346
1 17 2
422 494
1 14 2
318 441
1 6 2
81 91
1 9 2
163 211
1 8 2
289 336
1 17 2
252 285
1 10 2
63 365
1 11 2
165 328
1 13 2
145 433
1 9 2
339 423
1 9 2
85 136
1 4 2
31 162
1 17 2
151 158
1 10 2
57 82
1 8 2
44 95
1 15 2
204 420
1 9 2
338 426
1 16 2
116 134
1 15 2
494 497
1 11 2
362 439
1 8 2
310 445
1 9 2
246 447
1 4 2
299 409
1 19 2
1 395
1 14 2
27 285
1 5 2
44 57
1 9 2
90 213
1 15 2
155 463
1 9 2
63 130
1 13 2
227 406
1 8 2
41 214
1 17 2
327 360
1 9 2
158 384
1 11 2
227 420
1 6 2
111 169
1 14 2
57 335
1 9 2
64 165
1 14 2
285 393
1 10 2
338 422
1 4 2
368 473
1 8 2
132 191
1 13 2
119 316
1 17 2
175 209
1 10 2
443 486
1 18 2
77 335
1 9 2
424 476
1 17 2
1 65
1 13 2
236 247
1 5 2
89 413
1 8 2
306 314
1 13 2
70 170
1 6 2
206 430
1 13 2
132 252
1 14 2
268 270
1 9 2
114 178
1 16 2
133 143
1 16 2
20 47
1 18 2
63 484
1 6 2
129 349
1 7 2
17 210
1 10 2
110 168
1 9 2
330 379
1 17 2
20 395
1 11 2
138 451
1 6 2
296 303
1 20 2
205 255
1 13 2
68 366
1 5 2
13 396
1 16 2
201 251
1 20 2
75 255
1 7 2
172 379
1 13 2
10 337
1 8 2
226 362
1 11 2
134 362
1 19 2
142 492
1 13 2
145 470
1 5 2
88 265
1 18 2
116 383
1 15 2
81 205
1 8 2
55 337
1 10 2
266 375
1 11 2
205 414
1 8 2
170 239
1 20 2
95 339
1 11 2
10 236
1 16 2
83 223
1 12 2
82 252
1 4 2
178 340
1 9 2
51 364
1 16 2
51 415
1 5 2
14 203
1 4 2
222 235
1 5 2
23 122
1 8 2
115 190
1 15 2
51 322
1 6 2
86 424
1 18 2
80 383
1 12 2
125 225
1 6 2
76 302
1 9 2
19 71
1 18 2
134 380
1 8 2
139 280
1 6 2
64 96
1 6 2
71 137
1 12 2
231 417
1 12 2
168 471
1 15 2
186 253
1 15 2
259 347
1 17 2
138 282
1 10 2
261 477
1 5 2
222 408
1 10 2
145 295
1 7 2
214 416
1 14 2
65 279
1 9 2
346 457
1 15 2
345 400
1 13 2
157 344
1 8 2
141 294
1 11 2
290 358
1 4 2
414 464
1 11 2
180 402
1 13 2
124 424
1 16 2
111 292
1 12 2
252 431
1 17 2
1 347
1 4 2
163 164
1 10 2
267 393
1 10 2
46 251
1 12 2
102 259
1 18 2
183 335
1 15 2
69 74
1 17 2
301 428
1 9 2
10 487
1 15 2
80 223
1 8 2
240 326
1 9 2
62 454
1 4 2
135 409
1 8 2
16 111
1 15 2
172 288
1 15 2
183 259
1 9 2
12 470
1 14 2
47 402
1 17 2
56 293
1 17 2
136 263
1 9 2
91 251
1 4 2
443 459
1 7 2
25 229
1 13 2
199 219
1 9 2
488 496
1 13 2
95 445
1 14 2
5 407
1 12 2
111 287
1 8 2
130 327
1 12 2
255 443
1 5 2
6 476
1 6 2
149 167
1 5 2
475 488
1 11 2
41 333
1 10 2
259 495
1 3 2
249 338
1 8 2
64 126
1 15 2
266 404
1 15 2
65 201
1 11 2
163 329
1 3 2
46 490
1 5 2
352 476
1 13 2
134 341
1 10 2
446 499
1 8 2
440 448
1 9 2
279 375
1 11 2
60 61
1 11 2
414 492
1 12 2
186 446
1 7 2
256 466
1 18 2
339 345
1 14 2
377 395
1 9 2
15 326
1 16 2
380 465
1 19 2
109 175
1 5 2
6 405
1 14 2
8 50
1 16 2
264 367
1 6 2
70 493
1 8 2
289 347
1 6 2
216 449
1 9 2
410 482
1 5 2
224 434
1 7 2
5 105
1 15 2
34 329
1 16 2
128 143
1 9 2
322 361
1 9 2
413 476
1 12 2
38 114
1 8 2
227 355
1 20 2
189 339
1 17 2
244 329
1 11 2
34 314
1 9 2
266 316
1 8 2
74 455
1 13 2
27 311
1 16 2
124 205
1 11 2
306 330
1 16 2
5 255
1 6 2
271 412
1 14 2
253 330
1 6 2
40 483
1 6 2
20 434
1 16 2
65 83
1 15 2
331 407
1 15 2
136 223
1 15 2
204 404
1 11 2
296 383
1 18 2
301 345
1 9 2
48 132
1 5 2
85 353
1 18 2
34 433
1 8 2
410 499
1 16 2
312 411
1 15 2
347 471
1 11 2
301 453
1 4 2
89 416
1 14 2
34 472
1 11 2
67 447
1 16 2
292 430
1 9 2
11 310
1 8 2
441 442
1 7 2
334 347
1 12 2
234 484
1 11 2
272 292
1 17 2
219 330
1 10 2
39 248
1 13 2
247 264
1 7 2
15 78
1 4 2
36 314
1 15 2
67 70
1 9 2
365 486
1 16 2
189 415
1 10 2
177 486
1 20 2
157 263
1 4 2
289 362
1 11 2
49 111
1 19 2
189 388
1 12 2
81 165
1 3 2
332 338
1 14 2
260 390
1 5 2
152 464
1 11 2
368 428
1 11 2
123 392
1 7 2
135 246
1 17 2
259 270
1 5 2
295 391
1 11 2
429 471
1 4 2
13 196
1 16 2
67 76
1 8 2
72 147
1 8 2
62 289
1 11 2
127 428
1 3 2
174 334
1 7 2
42 92
1 17 2
51 126
1 13 2
313 367
1 14 2
310 380
1 9 2
18 77
1 11 2
229 366
1 8 2
237 405
1 5 2
308 310
1 11 2
343 395
1 8 2
25 150
1 10 2
121 295
1 14 2
383 477
1 15 2
144 404
1 4 2
166 332
1 9 2
369 399
1 9 2
353 430
1 8 2
92 124
1 16 2
333 395
1 13 2
293 430
1 11 2
138 217
1 8 2
131 304
1 10 2
158 216
1 4 2
237 271
1 7 2
29 165
1 3 2
17 188
1 11 2
66 353
1 6 2
36 124
1 13 2
186 330
1 19 2
292 470
1 10 2
321 367
1 12 2
305 406
1 6 2
57 384
1 7 2
3 299
1 6 2
173 314
1 12 2
81 282
1 15 2
1 124
1 8 2
273 484
1 11 2
14 145
1 10 2
20 305
1 18 2
62 75
1 5 2
217 414
1 11 2
453 467
1 11 2
234 252
1 12 2
246 266
1 13 2
1 378
1 10 2
133 197
1 7 2
106 399
1 10 2
385 390
1 18 2
312 422
1 9 2
67 475
1 10 2
419 439
1 7 2
5 283
1 18 2
76 339
1 17 2
62 335
1 15 2
246 260
1 17 2
126 142
1 5 2
357 440
1 11 2
78 412
1 15 2
56 304
1 14 2
47 306
1 7 2
99 261
1 17 2
80 433
1 16 2
126 292
1 12 2
70 124
1 13 2
96 318
1 10 2
264 429
1 13 2
93 280
1 10 2
43 322
1 13 2
318 435
1 19 2
198 260
1 4 2
12 272
1 17 2
51 201
1 12 2
288 323
1 7 2
60 135
1 14 2
128 129
1 9 2
399 457
1 17 2
189 345
1 19 2
95 138
1 11 2
383 432
1 9 2
33 209
1 14 2
279 380
1 13 2
8 84
1 5 2
115 230
1 16 2
186 367
1 15 2
211 285
1 14 2
0 95
1 20 2
175 383
1 12 2
255 453
1 8 2
33 398
1 5 2
176 215
1 8 2
146 274
1 19 2
205 395
1 13 2
172 251
1 8 2
166 272
1 15 2
143 420
1 8 2
341 346
1 9 2
131 417
1 8 2
216 457
1 8 2
224 313
1 14 2
424 428
1 4 2
197 474
1 14 2
170 236
1 15 2
161 277
1 9 2
253 370
1 7 2
376 494
1 9 2
198 334
1 5 2
304 427
1 13 2
172 209
1 20 2
1 388
1 12 2
381 482
1 12 2
259 457
1 16 2
335 366
1 19 2
175 492
1 7 2
72 197
1 11 2
301 368
1 17 2
47 311
1 4 2
323 475
1 8 2
93 416
1 12 2
114 207
1 11 2
315 484
1 15 2
88 165
1 16 2
77 143
1 6 2
130 435
1 12 2
145 251
1 9 2
344 446
1 16 2
133 333
1 14 2
27 407
1 10 2
279 382
1 13 2
50 345
1 7 2
94 431
1 12 2
68 294
1 10 2
125 246
1 6 2
307 412
1 15 2
219 268
1 12 2
53 331
1 5 2
273 344
1 14 2
20 347
1 4 2
52 215
1 11 2
8 344
1 10 2
333 409
1 16 2
132 339
1 11 2
14 43
1 5 2
135 214
1 8 2
69 117
1 13 2
266 371
1 8 2
312 396
1 9 2
224 477
1 15 2
51 140
1 18 2
285 481
1 6 2
34 262
1 12 2
150 204
1 7 2
29 406
1 13 2
80 82
1 12 2
23 223
1 9 2
150 310
1 10 2
226 372
1 15 2
167 251
1 18 2
158 244
1 7 2
367 387
1 12 2
87 201
1 4 2
45 493
1 15 2
168 244
1 11 2
207 213
1 6 2
300 306
1 6 2
187 259
1 6 2
299 386
1 7 2
85 294
1 13 2
199 205
1 13 2
159 322
1 17 2
8 77
1 6 2
35 87
1 14 2
426 466
1 7 2
16 259
1 14 2
37 477
1 11 2
163 264
1 11 2
20 393
1 14 2
80 228
1 12 2
195 362
1 11 2
45 318
1 16 2
336 398
1 10 2
3 323
1 9 2
352 392
1 12 2
287 465
1 11 2
151 408
1 13 2
155 279
1 13 2
61 263
1 13 2
310 333
1 9 2
109 139
1 7 2
182 378
1 4 2
163 374
1 17 2
19 157
1 5 2
92 368
1 6 2
307 326
1 17 2
360 389
1 17 2
312 494
1 12 2
417 484
1 4 2
169 466
1 5 2
85 178
1 13 2
180 254
1 15 2
367 435
1 9 2
491 494
1 9 2
246 343
1 4 2
200 344
1 11 2
7 428
1 6 2
104 293
1 19 2
56 422
1 11 2
211 466
1 4 2
9 107
1 7 2
10 154
1 7 2
179 404
1 9 2
314 331
1 16 2
400 420
1 11 2
186 458
1 10 2
198 474
1 6 2
203 465
1 15 2
24 288
1 11 2
57 390
1 7 2
158 317
1 10 2
242 347
1 10 2
304 482
1 9 2
109 459
1 13 2
267 336
1 8 2
96 476
1 14 2
69 433
1 11 2
316 497
1 12 2
433 445
1 12 2
142 320
1 14 2
209 369
1 12 2
339 362
1 12 2
75 178
1 16 2
68 263
1 5 2
58 442
1 5 2
203 228
1 14 2
479 484
1 13 2
63 207
1 14 2
83 322
1 7 2
72 359
1 7 2
152 429
1 4 2
164 453
1 13 2
53 439
1 12 2
155 294
1 10 2
120 157
1 4 2
0 317
1 9 2
45 72
1 6 2
449 450
1 5 2
212 307
1 15 2
159 441
1 2 2
130 302
1 13 2
431 494
1 15 2
103 426
1 15 2
103 255
1 10 2
323 481
1 11 2
172 192
1 8 2
72 125
1 14 2
422 461
1 11 2
191 232
1 8 2
225 493
1 4 2
250 287
1 15 2
406 487
1 8 2
28 189
1 8 2
150 416
1 7 2
223 348
1 4 2
202 442
1 12 2
48 95
1 8 2
147 304
1 12 2
337 357
1 7 2
276 322
1 11 2
205 408
1 16 2
119 266
1 14 2
183 436
1 14 2
0 119
1 11 2
134 141
1 17 2
56 143
1 12 2
47 166
1 8 2
227 368
1 11 2
87 330
1 10 2
4 329
1 12 2
123 223
1 5 2
212 455
1 12 2
212 484
1 8 2
41 207
1 6 2
49 61
1 16 2
134 278
1 12 2
0 232
1 8 2
23 141
1 11 2
166 292
1 19 2
244 481
1 20 2
119 205
1 6 2
171 405
1 8 2
84 368
1 9 2
240 420
1 11 2
357 392
1 17 2
74 420
1 5 2
286 331
1 16 2
83 231
1 2 2
302 454
1 18 2
301 318
1 4 2
178 200
1 18 2
263 398
1 6 2
46 322
1 10 2
171 335
1 11 2
458 494
1 13 2
67 341
1 16 2
383 424
1 11 2
61 336
1 6 2
243 365
1 3 2
394 396
1 14 2
109 446
1 13 2
327 431
1 16 2
293 486
1 10 2
261 357
1 8 2
42 272
1 8 2
115 465
1 8 2
43 125
1 12 2
183 314
1 13 2
263 341
1 14 2
70 148
1 10 2
402 482
1 18 2
51 360
1 8 2
108 415
1 8 2
19 459
1 16 2
195 430
1 9 2
198 396
1 8 2
294 443
1 8 2
61 315
1 15 2
69 95
1 7 2
131 437
1 6 2
7 287
1 18 2
301 335
1 19 2
285 422
1 6 2
120 461
1 14 2
88 111
1 19 2
119 244
1 10 2
318 454
1 7 2
285 396
1 10 2
25 407
1 14 2
88 411
1 20 2
255 462
1 3 2
85 206
1 20 2
198 433
1 10 2
33 433
1 8 2
23 177
1 9 2
229 482
1 16 2
111 280
1 16 2
60 133
1 14 2
290 315
1 5 2
354 469
1 10 2
20 375
1 8 2
100 359
1 12 2
255 419
1 6 2
93 342
1 11 2
38 140
1 3 2
94 249
1 6 2
156 361
1 6 2
70 89
1 15 2
56 254
1 17 2
60 367
1 13 2
128 499
1 12 2
38 39
1 7 2
23 71
1 9 2
43 243
1 14 2
126 497
1 13 2
331 430
1 7 2
393 401
1 15 2
134 326
1 15 2
111 407
