500 3000 1500
22 18 10 13 20 17 25 16 9 16 12 22 19 15 9 11 21 22 25 20 10 14 19 22 5 20 7 9 12 9 11 12 18 7 25 10 14 14 7 17 5 6 6 12 16 22 12 19 6 20 6 13 14 19 16 20 13 15 9 21 8 18 16 6 18 9 15 25 14 25 12 14 10 7 19 12 14 23 25 12 15 8 19 12 23 17 24 11 8 16 20 14 7 7 7 13 18 9 24 22 23 20 12 8 25 18 16 19 16 16 25 9 19 7 24 21 17 22 20 11 25 14 25 15 25 13 24 23 23 20 15 25 21 17 15 9 19 24 24 23 6 15 22 19 15 16 14 18 20 25 21 8 15 21 12 9 10 13 21 14 22 22 17 9 22 13 21 8 17 22 22 8 23 21 20 23 14 8 11 21 6 23 5 17 5 23 24 22 8 25 25 9 15 5 9 15 11 17 11 25 5 17 25 25 23 13 22 12 23 15 12 23 13 19 22 18 20 14 5 13 15 22 20 14 7 17 22 15 20 23 9 11 5 12 12 8 18 23 13 8 14 14 11 14 10 18 19 16 14 17 19 7 7 12 20 20 23 5 18 7 21 14 16 18 8 23 9 18 23 15 15 8 22 14 14 5 14 15 10 5 10 21 17 9 21 10 16 22 25 21 20 23 23 19 23 10 21 19 15 18 24 19 12 19 18 21 7 22 18 8 10 10 7 8 9 20 21 15 21 20 14 13 15 10 5 18 17 10 16 12 7 17 7 5 17 16 7 9 19 24 22 9 11 14 12 16 19 6 23 9 8 7 22 19 14 8 19 6 7 21 21 14 23 24 20 17 24 20 11 15 12 14 13 6 22 20 14 22 10 20 18 12 24 14 19 19 18 21 9 25 15 21 9 5 20 16 16 14 8 7 18 9 15 20 15 19 16 23 15 14 5 24 13 22 17 14 9 7 24 20 22 20 14 11 9 16 10 17 19 16 18 22 24 21 20 14 14 13 11 12 12 20 6 18 12 11 20 23 20 24 14 18 15 11 9 11 16 10 11 7 13 12 7 9 7 16 13 23 24 24 12 16 17 19 20 14 15 25 14 25 23 14 6 13 10 18 25 20 10 23 23 22 6 23 15 20 12 21 23 8
14 13 11 13 3 12 5 11 6 11 10 15 20 4 13 15 8 18 7 10 4 6 14 15 16 10 9 19 9 6 6 18 13 13 4 20 8 13 9 10 8 11 12 9 11 19 8 16 8 14 15 3 5 18 11 13 11 9 8 11 9 7 16 6 17 19 13 5 11 7 15 11 20 8 3 17 17 17 14 19 18 15 5 7 7 5 6 17 11 9 6 7 13 12 10 11 7 7 20 5 10 19 17 19 12 3 7 3 9 17 20 18 4 17 20 14 3 14 11 6 7 20 19 17 10 7 14 4 9 13 15 20 4 6 13 16 8 8 12 4 17 14 19 15 18 5 13 5 12 6 19 14 7 6 9 10 10 20 13 18 11 6 5 20 9 4 9 16 3 3 3 7 5 18 18 13 17 17 8 14 19 17 14 18 7 9 5 15 13 9 12 5 13 11 3 15 16 3 15 10 16 10 9 12 3 8 7 18 7 5 20 19 5 3 13 12 3 19 18 8 9 17 20 18 16 16 10 3 5 4 6 8 7 16 8 4 7 17 20 7 14 11 13 14 17 19 18 16 14 7 17 14 16 7 14 13 18 14 17 19 9 10 13 6 19 12 16 10 8 17 9 19 5 3 3 7 19 8 7 13 14 10 7 13 15 20 18 5 19 7 17 14 15 9 5 10 6 15 8 3 19 18 20 12 10 9 7 8 10 7 20 4 19 16 19 6 3 9 10 14 9 14 16 20 6 12 14 13 4 4 15 14 11 15 3 14 12 20 17 16 20 12 11 11 9 8 6 15 6 17 7 3 10 16 14 5 19 16 16 16 15 12 3 9 10 3 3 20 4 8 20 9 8 3 18 12 19 20 12 18 13 16 16 6 6 19 17 11 11 7 17 13 5 6 5 18 8 17 6 14 17 9 11 20 17 7 13 18 11 18 11 8 5 6 17 20 18 18 14 19 8 20 8 20 18 19 17 6 14 4 3 4 16 19 11 10 14 7 16 11 17 5 3 3 6 16 8 12 9 19 4 16 3 20 6 14 15 10 4 14 18 13 4 9 4 14 18 20 5 15 9 3 9 20 8 10 7 3 17 15 13 15 4 13 18 19 4 8 15 10 18 16 17 16 16 12 15 16 19 7
1 8 2
273 452
1 10 2
340 381
1 18 2
34 294
1 15 2
105 138
1 6 2
119 248
1 15 2
18 380
1 10 2
60 199
1 9 2
8 359
1 2 2
42 194
1 10 2
173 329
1 13 2
89 268
1 12 2
260 335
1 15 2
161 289
1 7 2
49 58
1 10 2
380 429
1 15 2
421 431
1 6 2
39 58
1 9 2
266 490
1 7 2
188 446
1 13 2
308 318
1 18 2
292 486
1 20 2
122 288
1 19 2
122 229
1 11 2
157 294
1 8 2
118 426
1 20 2
78 186
1 10 2
23 46
1 16 2
77 387
1 11 2
12 168
1 8 2
281 336
1 5 2
46 327
1 12 2
147 315
1 10 2
234 420
1 10 2
308 422
1 7 2
295 356
1 17 2
203 316
1 7 2
410 420
1 11 2
74 400
1 9 2
64 435
1 14 2
284 394
1 6 2
218 474
1 10 2
169 461
1 14 2
433 434
1 11 2
68 281
1 14 2
105 128
1 11 2
234 366
1 9 2
385 415
1 18 2
363 382
1 14 2
228 254
1 16 2
101 138
1 20 2
288 486
1 15 2
22 382
1 11 2
66 166
1 12 2
243 366
1 10 2
164 381
1 14 2
77 133
1 16 2
4 186
1 15 2
127 430
1 16 2
115 127
1 8 2
79 346
1 17 2
110 364
1 5 2
56 295
1 5 2
245 492
1 11 2
160 227
1 12 2
17 54
1 11 2
7 290
1 17 2
340 493
1 12 2
144 211
1 4 2
424 440
1 8 2
0 484
1 7 2
395 453
1 14 2
74 214
1 10 2
80 304
1 20 2
6 199
1 18 2
34 315
1 10 2
213 478
1 9 2
68 245
1 13 2
115 246
1 7 2
259 318
1 15 2
204 421
1 8 2
255 323
1 13 2
139 201
1 9 2
204 426
1 18 2
34 489
1 11 2
85 293
1 13 2
143 148
1 19 2
0 486
1 15 2
211 250
1 8 2
360 488
1 9 2
115 455
1 17 2
138 281
1 7 2
9 470
1 19 2
6 468
1 11 2
328 421
1 8 2
25 244
1 8 2
59 499
1 13 2
190 476
1 19 2
272 389
1 18 2
67 187
1 6 2
223 496
1 11 2
120 278
1 15 2
407 421
1 8 2
238 308
1 6 2
369 458
1 7 2
35 297
1 15 2
1 86
1 10 2
1 197
1 6 2
58 133
1 7 2
1 323
1 17 2
316 432
1 14 2
39 490
1 13 2
86 494
1 11 2
51 185
1 10 2
59 248
1 6 2
109 230
1 11 2
227 360
1 5 2
243 388
1 17 2
110 487
1 19 2
203 413
1 16 2
138 421
1 10 2
249 485
1 9 2
227 443
1 3 2
191 230
1 15 2
53 292
1 4 2
130 180
1 14 2
160 213
1 3 2
65 349
1 10 2
237 423
1 11 2
356 465
1 8 2
217 414
1 17 2
340 489
1 12 2
96 434
1 10 2
23 461
1 9 2
246 483
1 9 2
153 381
1 14 2
326 447
1 7 2
17 73
1 11 2
197 346
1 10 2
25 80
1 13 2
138 334
1 12 2
133 214
1 10 2
403 436
1 15 2
17 495
1 8 2
250 455
1 8 2
3 82
1 9 2
317 334
1 11 2
434 465
1 8 2
39 144
1 9 2
66 145
1 11 2
338 414
1 10 2
241 316
1 18 2
98 469
1 8 2
106 240
1 14 2
71 486
1 10 2
80 168
1 13 2
59 304
1 10 2
123 334
1 12 2
195 391
1 15 2
366 451
1 6 2
46 478
1 11 2
201 428
1 12 2
170 322
1 7 2
60 318
1 12 2
215 319
1 8 2
123 452
1 9 2
7 408
1 16 2
206 491
1 11 2
66 375
1 15 2
12 489
1 12 2
320 377
1 14 2
143 160
1 14 2
288 328
1 15 2
116 199
1 7 2
360 417
1 7 2
81 346
1 8 2
171 316
1 11 2
66 228
1 13 2
123 292
1 6 2
46 159
1 13 2
289 303
1 4 2
56 462
1 17 2
359 479
1 13 2
161 304
1 8 2
256 259
1 15 2
181 419
1 15 2
112 294
1 11 2
391 478
1 10 2
31 362
1 17 2
296 479
1 8 2
58 318
1 4 2
163 231
1 9 2
25 157
1 10 2
223 495
1 8 2
109 241
1 10 2
109 263
1 6 2
21 119
1 9 2
141 258
1 13 2
13 256
1 16 2
281 449
1 12 2
17 326
1 14 2
71 202
1 10 2
195 353
1 4 2
56 337
1 7 2
9 75
1 8 2
5 51
1 18 2
172 186
1 12 2
110 157
1 8 2
302 427
1 13 2
246 303
1 13 2
123 468
1 12 2
291 298
1 20 2
104 411
1 3 2
94 239
1 13 2
116 498
1 10 2
256 457
1 6 2
8 225
1 16 2
387 498
1 20 2
202 389
1 5 2
28 342
1 5 2
220 401
1 14 2
262 449
1 11 2
55 195
1 3 2
178 333
1 9 2
20 166
1 10 2
108 213
1 12 2
272 322
1 9 2
1 157
1 11 2
36 340
1 7 2
10 262
1 8 2
94 117
1 19 2
137 468
1 3 2
312 470
1 13 2
114 277
1 8 2
219 396
1 11 2
288 368
1 17 2
127 498
1 11 2
23 383
1 18 2
84 362
1 11 2
250 328
1 11 2
122 295
1 18 2
100 362
1 11 2
71 128
1 12 2
348 436
1 4 2
56 358
1 9 2
403 488
1 17 2
348 449
1 12 2
213 258
1 10 2
104 401
1 19 2
202 339
1 15 2
122 236
1 7 2
152 408
1 8 2
197 372
1 10 2
238 447
1 10 2
22 436
1 7 2
201 445
1 15 2
117 431
1 11 2
212 447
1 10 2
129 134
1 11 2
365 386
1 10 2
75 265
1 10 2
361 394
1 9 2
57 427
1 3 2
41 242
1 14 2
173 375
1 7 2
263 378
1 8 2
206 312
1 14 2
4 260
1 17 2
59 127
1 9 2
150 207
1 10 2
31 407
1 9 2
375 412
1 8 2
89 134
1 13 2
47 289
1 7 2
283 380
1 14 2
1 294
1 11 2
108 290
1 15 2
86 384
1 5 2
87 343
1 15 2
136 362
1 10 2
117 344
1 12 2
59 282
1 10 2
153 276
1 15 2
139 367
1 16 2
305 467
1 10 2
415 421
1 12 2
315 451
1 8 2
25 426
1 17 2
318 363
1 6 2
383 483
1 13 2
98 395
1 13 2
62 122
1 15 2
117 474
1 11 2
256 444
1 16 2
86 260
1 7 2
37 91
1 14 2
245 352
1 17 2
362 431
1 12 2
247 407
1 12 2
16 262
1 16 2
229 387
1 9 2
9 145
1 8 2
52 325
1 18 2
467 489
1 11 2
67 102
1 11 2
205 256
1 18 2
128 493
1 16 2
254 498
1 10 2
397 474
1 7 2
90 191
1 9 2
269 396
1 7 2
301 398
1 9 2
372 403
1 15 2
90 413
1 9 2
303 361
1 13 2
105 441
1 13 2
101 364
1 8 2
263 439
1 14 2
348 386
1 18 2
137 348
1 18 2
149 260
1 11 2
409 413
1 9 2
337 447
1 9 2
89 247
1 13 2
16 380
1 12 2
16 331
1 9 2
32 106
1 9 2
141 328
1 18 2
45 138
1 7 2
63 214
1 15 2
315 498
1 12 2
89 290
1 9 2
12 75
1 11 2
13 375
1 5 2
79 154
1 7 2
245 401
1 8 2
277 452
1 12 2
114 248
1 14 2
78 369
1 18 2
69 467
1 8 2
231 290
1 7 2
170 373
1 15 2
199 267
1 13 2
110 176
1 15 2
296 360
1 17 2
260 300
1 14 2
69 335
1 13 2
293 360
1 9 2
30 148
1 12 2
173 400
1 6 2
264 325
1 11 2
53 96
1 14 2
82 84
1 13 2
16 32
1 19 2
407 486
1 11 2
179 217
1 5 2
88 369
1 8 2
6 182
1 6 2
70 192
1 13 2
118 245
1 6 2
343 444
1 11 2
319 395
1 11 2
395 474
1 15 2
85 124
1 6 2
207 435
1 7 2
341 473
1 14 2
101 433
1 19 2
265 300
1 6 2
210 470
1 8 2
0 310
1 16 2
6 364
1 9 2
293 361
1 4 2
488 499
1 17 2
431 498
1 12 2
328 447
1 19 2
161 203
1 5 2
28 323
1 6 2
62 310
1 4 2
140 494
1 19 2
189 348
1 17 2
34 316
1 15 2
5 199
1 12 2
169 343
1 13 2
5 498
1 6 2
85 464
1 12 2
209 413
1 11 2
406 446
1 15 2
166 179
1 9 2
265 280
1 16 2
45 256
1 11 2
61 299
1 12 2
1 174
1 5 2
426 496
1 16 2
318 407
1 10 2
53 317
1 11 2
90 331
1 4 2
87 295
1 8 2
31 385
1 10 2
183 456
1 20 2
69 447
1 10 2
202 349
1 11 2
53 168
1 17 2
127 291
1 16 2
104 379
1 7 2
236 280
1 18 2
124 491
1 14 2
246 289
1 12 2
236 301
1 10 2
74 465
1 7 2
14 290
1 13 2
213 495
1 8 2
151 394
1 12 2
408 447
1 5 2
20 234
1 12 2
215 384
1 7 2
59 111
1 12 2
273 480
1 6 2
92 112
1 5 2
140 471
1 8 2
118 235
1 12 2
272 396
1 15 2
0 281
1 8 2
4 378
1 15 2
100 405
1 11 2
195 364
1 16 2
19 265
1 11 2
96 356
1 6 2
209 378
1 13 2
160 286
1 9 2
152 183
1 9 2
230 340
1 7 2
113 446
1 12 2
346 385
1 12 2
173 430
1 9 2
349 493
1 16 2
293 339
1 6 2
44 349
1 7 2
343 371
1 20 2
411 486
1 4 2
26 66
1 7 2
329 406
1 7 2
141 383
1 6 2
65 326
1 10 2
125 142
1 17 2
187 389
1 12 2
70 389
1 9 2
117 416
1 14 2
34 220
1 13 2
369 467
1 8 2
121 465
1 15 2
377 495
1 14 2
287 325
1 6 2
409 440
1 12 2
152 170
1 6 2
441 462
1 11 2
72 137
1 5 2
72 437
1 6 2
343 453
1 16 2
22 265
1 9 2
109 472
1 9 2
448 466
1 7 2
10 52
1 14 2
120 225
1 11 2
4 116
1 11 2
52 164
1 9 2
85 408
1 16 2
90 493
1 9 2
220 258
1 12 2
201 301
1 6 2
37 488
1 10 2
130 356
1 13 2
144 256
1 4 2
20 401
1 16 2
101 149
1 12 2
9 289
1 13 2
122 402
1 13 2
229 427
1 8 2
417 491
1 11 2
45 212
1 7 2
8 448
1 5 2
297 373
1 9 2
346 371
1 10 2
39 465
1 8 2
37 343
1 6 2
87 322
1 11 2
90 429
1 12 2
223 432
1 15 2
32 149
1 7 2
24 420
1 12 2
202 234
1 12 2
126 481
1 9 2
101 242
1 13 2
32 170
1 11 2
134 148
1 17 2
202 387
1 20 2
127 149
1 12 2
80 413
1 9 2
135 189
1 16 2
166 268
1 8 2
89 276
1 10 2
119 407
1 11 2
89 497
1 13 2
96 495
1 12 2
144 363
1 14 2
138 263
1 14 2
114 116
1 13 2
5 132
1 9 2
29 114
1 9 2
123 429
1 11 2
175 461
1 17 2
166 469
1 5 2
76 81
1 19 2
120 172
1 14 2
441 495
1 15 2
175 215
1 14 2
116 469
1 6 2
8 62
1 10 2
386 406
1 16 2
67 250
1 15 2
124 225
1 10 2
59 415
1 19 2
203 468
1 11 2
114 323
1 17 2
221 467
1 14 2
49 129
1 16 2
291 307
1 12 2
236 421
1 11 2
345 360
1 7 2
91 402
1 18 2
67 158
1 11 2
440 498
1 11 2
53 133
1 9 2
253 434
1 8 2
102 380
1 13 2
114 220
1 14 2
49 289
1 19 2
23 67
1 12 2
134 490
1 17 2
166 237
1 16 2
208 216
1 17 2
129 477
1 16 2
59 498
1 10 2
265 278
1 10 2
185 424
1 10 2
258 304
1 5 2
30 438
1 7 2
154 476
1 5 2
209 462
1 9 2
259 486
1 10 2
123 451
1 14 2
126 286
1 9 2
28 281
1 9 2
307 463
1 16 2
118 418
1 17 2
138 255
1 8 2
76 465
1 9 2
43 434
1 4 2
41 205
1 15 2
112 413
1 10 2
32 227
1 14 2
80 104
1 10 2
126 253
1 15 2
17 360
1 12 2
126 217
1 15 2
189 201
1 17 2
214 493
1 6 2
90 306
1 6 2
349 365
1 20 2
6 131
1 16 2
16 23
1 14 2
18 44
1 8 2
147 444
1 11 2
145 394
1 14 2
22 158
1 18 2
124 413
1 6 2
218 305
1 10 2
268 488
1 12 2
115 390
1 5 2
65 273
1 12 2
53 213
1 14 2
185 258
1 12 2
158 286
1 14 2
6 141
1 12 2
128 277
1 7 2
194 379
1 5 2
75 496
1 12 2
6 75
1 7 2
303 350
1 5 2
102 280
1 14 2
340 367
1 8 2
242 474
1 13 2
47 143
1 15 2
161 353
1 15 2
222 305
1 16 2
150 490
1 13 2
89 137
1 9 2
102 150
1 10 2
430 471
1 10 2
7 299
1 13 2
7 175
1 18 2
181 291
1 9 2
61 209
1 10 2
334 365
1 19 2
104 187
1 9 2
231 307
1 15 2
465 486
1 10 2
209 474
1 7 2
301 388
1 17 2
78 353
1 10 2
159 255
1 8 2
121 141
1 12 2
166 443
1 4 2
26 437
1 9 2
137 454
1 7 2
261 274
1 10 2
303 476
1 14 2
44 126
1 10 2
236 247
1 3 2
24 458
1 10 2
209 315
1 5 2
412 488
1 18 2
292 449
1 9 2
132 253
1 15 2
25 204
1 5 2
93 123
1 6 2
427 499
1 6 2
74 357
1 12 2
185 274
1 10 2
53 240
1 5 2
182 380
1 4 2
92 276
1 16 2
150 348
1 8 2
134 274
1 13 2
53 315
1 12 2
98 223
1 8 2
27 403
1 9 2
8 237
1 5 2
266 372
1 13 2
147 379
1 5 2
144 426
1 11 2
90 361
1 7 2
350 446
1 9 2
106 109
1 6 2
44 231
1 15 2
64 288
1 15 2
294 385
1 16 2
346 486
1 14 2
4 101
1 8 2
54 475
1 13 2
255 258
1 16 2
118 181
1 18 2
139 214
1 7 2
216 283
1 12 2
5 403
1 18 2
185 186
1 15 2
174 352
1 7 2
435 494
1 5 2
50 249
1 7 2
54 470
1 12 2
377 494
1 14 2
172 430
1 14 2
307 448
1 13 2
137 371
1 2 2
264 482
1 9 2
210 394
1 6 2
27 89
1 5 2
36 81
1 14 2
221 346
1 17 2
16 138
1 7 2
219 361
1 16 2
47 411
1 9 2
223 246
1 14 2
202 404
1 10 2
147 322
1 18 2
86 169
1 4 2
93 125
1 20 2
78 339
1 11 2
172 372
1 14 2
293 407
1 10 2
113 149
1 14 2
456 477
1 19 2
138 204
1 13 2
34 212
1 15 2
148 447
1 12 2
76 469
1 12 2
22 49
1 17 2
287 449
1 6 2
2 52
1 15 2
237 246
1 16 2
114 143
1 19 2
202 291
1 8 2
453 495
1 7 2
14 394
1 18 2
160 300
1 8 2
149 232
1 8 2
109 422
1 12 2
11 406
1 4 2
72 327
1 11 2
150 494
1 14 2
115 448
1 18 2
474 477
1 10 2
104 454
1 10 2
77 278
1 7 2
7 342
1 12 2
136 215
1 12 2
127 402
1 10 2
15 114
1 14 2
147 256
1 11 2
316 436
1 8 2
2 255
1 10 2
22 270
1 12 2
221 396
1 6 2
217 280
1 17 2
363 433
1 16 2
477 485
1 12 2
54 268
1 17 2
122 260
1 8 2
171 222
1 9 2
348 349
1 12 2
105 446
1 13 2
13 124
1 10 2
262 430
1 5 2
155 478
1 11 2
118 317
1 8 2
92 139
1 8 2
310 434
1 11 2
10 120
1 15 2
267 389
1 8 2
133 154
1 7 2
3 270
1 9 2
135 206
1 10 2
83 480
1 10 2
183 380
1 13 2
66 418
1 9 2
256 327
1 13 2
47 353
1 12 2
286 315
1 14 2
61 185
1 9 2
133 195
1 4 2
79 239
1 13 2
39 493
1 8 2
91 141
1 12 2
181 404
1 20 2
104 432
1 11 2
197 263
1 16 2
421 490
1 14 2
82 413
1 16 2
221 431
1 17 2
265 307
1 11 2
214 243
1 12 2
55 304
1 7 2
73 185
1 6 2
378 456
1 11 2
170 270
1 10 2
166 381
1 14 2
199 396
1 13 2
133 161
1 15 2
487 497
1 13 2
446 495
1 7 2
1 65
1 11 2
250 286
1 13 2
44 493
1 16 2
296 491
1 11 2
297 396
1 10 2
249 365
1 19 2
307 389
1 12 2
291 335
1 12 2
362 476
1 15 2
153 419
1 14 2
186 258
1 4 2
424 470
1 10 2
277 448
1 9 2
37 443
1 5 2
194 383
1 14 2
268 331
1 15 2
78 335
1 16 2
90 449
1 9 2
79 254
1 9 2
72 348
1 6 2
37 453
1 5 2
230 460
1 10 2
298 434
1 6 2
113 386
1 11 2
51 498
1 11 2
134 419
1 12 2
276 489
1 11 2
269 385
1 6 2
91 457
1 13 2
173 303
1 9 2
25 198
1 16 2
294 391
1 16 2
375 493
1 8 2
192 322
1 12 2
70 104
1 12 2
176 237
1 9 2
74 241
1 10 2
192 250
1 8 2
171 260
1 12 2
335 487
1 12 2
261 493
1 14 2
143 487
1 16 2
1 122
1 14 2
375 413
1 7 2
65 216
1 5 2
275 396
1 9 2
75 487
1 15 2
153 260
1 10 2
139 231
1 12 2
147 319
1 14 2
420 451
1 15 2
61 348
1 15 2
161 316
1 14 2
22 142
1 7 2
112 230
1 11 2
107 152
1 5 2
44 191
1 14 2
249 366
1 11 2
249 250
1 13 2
76 114
1 13 2
290 297
1 14 2
44 432
1 7 2
49 264
1 8 2
121 162
1 8 2
101 426
1 12 2
53 112
1 19 2
6 84
1 15 2
126 319
1 9 2
221 244
1 15 2
174 359
1 7 2
134 212
1 8 2
396 436
1 9 2
337 363
1 9 2
106 197
1 12 2
209 418
1 10 2
1 209
1 12 2
112 419
1 7 2
402 478
1 6 2
151 386
1 7 2
271 290
1 10 2
244 493
1 15 2
86 380
1 10 2
222 369
1 14 2
115 254
1 12 2
91 362
1 8 2
168 436
1 7 2
453 472
1 6 2
212 321
1 5 2
14 476
1 14 2
126 325
1 6 2
70 176
1 13 2
133 493
1 17 2
136 389
1 11 2
156 339
1 5 2
176 368
1 13 2
318 473
1 8 2
91 168
1 9 2
64 450
1 12 2
16 44
1 16 2
199 254
1 14 2
96 265
1 11 2
133 434
1 10 2
166 253
1 14 2
77 246
1 16 2
169 307
1 14 2
122 183
1 7 2
85 219
1 7 2
212 248
1 8 2
190 200
1 10 2
43 498
1 10 2
9 356
1 9 2
266 431
1 9 2
98 306
1 14 2
419 441
1 17 2
132 204
1 11 2
374 390
1 6 2
97 430
1 12 2
217 490
1 13 2
467 471
1 11 2
296 298
1 6 2
21 125
1 9 2
120 499
1 11 2
120 344
1 13 2
84 225
1 10 2
87 138
1 11 2
39 319
1 8 2
328 436
1 17 2
206 362
1 11 2
211 439
1 8 2
396 496
1 11 2
0 321
1 16 2
18 474
1 9 2
46 290
1 9 2
148 444
1 9 2
416 447
1 15 2
32 86
1 10 2
301 402
1 6 2
182 216
1 15 2
325 498
1 11 2
23 436
1 10 2
202 388
1 17 2
0 99
1 7 2
37 320
1 18 2
189 281
1 13 2
107 158
1 11 2
215 465
1 14 2
245 291
1 4 2
155 212
1 15 2
117 272
1 7 2
381 396
1 11 2
286 301
1 11 2
468 470
1 11 2
66 287
1 7 2
230 356
1 15 2
77 384
1 12 2
225 340
1 20 2
18 291
1 11 2
308 405
1 9 2
245 317
1 7 2
196 215
1 15 2
142 187
1 14 2
4 222
1 8 2
32 437
1 15 2
101 187
1 8 2
262 270
1 15 2
265 421
1 11 2
162 215
1 15 2
137 267
1 11 2
455 477
1 9 2
170 244
1 14 2
268 465
1 8 2
66 162
1 17 2
268 291
1 15 2
32 127
1 17 2
382 394
1 7 2
41 272
1 17 2
86 206
1 7 2
174 330
1 17 2
292 307
1 4 2
140 248
1 8 2
431 454
1 8 2
4 457
1 12 2
13 287
1 11 2
316 322
1 11 2
110 163
1 15 2
173 434
1 20 2
86 432
1 18 2
204 363
1 17 2
101 479
1 10 2
34 194
1 7 2
350 428
1 15 2
301 363
1 17 2
118 449
1 11 2
392 477
1 12 2
25 386
1 9 2
38 78
1 7 2
1 155
1 8 2
390 456
1 9 2
2 16
1 7 2
314 319
1 10 2
186 378
1 15 2
49 491
1 14 2
148 491
1 14 2
175 183
1 7 2
272 324
1 7 2
233 476
1 12 2
83 300
1 11 2
329 348
1 10 2
72 208
1 7 2
269 412
1 13 2
150 346
1 7 2
128 333
1 16 2
6 213
1 11 2
362 372
1 9 2
64 476
1 4 2
97 381
1 15 2
129 170
1 11 2
158 220
1 5 2
239 317
1 10 2
291 438
1 9 2
215 422
1 12 2
183 254
1 13 2
115 304
1 4 2
68 332
1 14 2
260 293
1 16 2
190 303
1 9 2
189 482
1 8 2
201 238
1 16 2
84 101
1 13 2
161 429
1 11 2
36 45
1 20 2
288 490
1 4 2
198 392
1 10 2
25 372
1 15 2
148 292
1 16 2
34 303
1 7 2
277 321
1 13 2
267 284
1 16 2
214 289
1 7 2
152 466
1 10 2
37 338
1 16 2
101 204
1 11 2
25 144
1 5 2
123 482
1 11 2
192 433
1 8 2
90 194
1 8 2
216 392
1 5 2
343 368
1 9 2
210 289
1 2 2
24 313
1 9 2
289 342
1 7 2
197 457
1 12 2
105 118
1 12 2
326 391
1 16 2
160 206
1 14 2
260 474
1 18 2
352 411
1 12 2
298 374
1 3 2
40 484
1 19 2
432 469
1 18 2
59 203
1 10 2
80 414
1 11 2
384 395
1 8 2
63 104
1 11 2
402 491
1 13 2
91 138
1 15 2
74 498
1 8 2
230 387
1 12 2
146 377
1 10 2
242 265
1 3 2
151 349
1 6 2
314 429
1 14 2
179 419
1 11 2
21 45
1 10 2
118 195
1 10 2
31 139
1 10 2
141 380
1 13 2
160 338
1 6 2
159 244
1 17 2
138 431
1 17 2
17 498
1 13 2
162 164
1 11 2
286 394
1 10 2
274 315
1 8 2
234 485
1 7 2
195 205
1 9 2
153 440
1 11 2
39 448
1 16 2
319 348
1 10 2
160 238
1 14 2
268 430
1 17 2
447 498
1 9 2
39 247
1 12 2
382 402
1 11 2
376 433
1 8 2
128 224
1 18 2
122 447
1 8 2
234 400
1 10 2
181 438
1 13 2
107 448
1 19 2
77 339
1 19 2
124 348
1 14 2
421 474
1 12 2
159 272
1 8 2
14 441
1 9 2
158 242
1 10 2
147 390
1 8 2
39 476
1 9 2
41 126
1 18 2
11 468
1 14 2
23 255
1 14 2
331 432
1 11 2
226 240
1 16 2
124 441
1 8 2
196 255
1 5 2
27 276
1 7 2
158 332
1 11 2
321 467
1 17 2
4 104
1 4 2
42 108
1 4 2
309 478
1 14 2
90 117
1 8 2
9 269
1 5 2
72 75
1 7 2
193 382
1 10 2
10 187
1 6 2
36 56
1 11 2
384 414
1 5 2
259 476
1 12 2
44 166
1 18 2
16 189
1 12 2
105 304
1 6 2
312 495
1 11 2
308 451
1 6 2
143 462
1 13 2
1 446
1 9 2
107 435
1 17 2
226 291
1 16 2
179 300
1 7 2
225 329
1 18 2
413 486
1 8 2
33 84
1 8 2
244 384
1 15 2
189 456
1 7 2
79 145
1 15 2
208 419
1 13 2
299 340
1 18 2
86 480
1 10 2
150 408
1 4 2
119 244
1 10 2
276 405
1 10 2
105 476
1 15 2
384 431
1 18 2
98 185
1 8 2
332 489
1 12 2
131 321
1 20 2
469 486
1 13 2
6 475
1 5 2
134 188
1 7 2
53 463
1 10 2
44 430
1 12 2
168 315
1 10 2
209 246
1 7 2
49 155
1 8 2
188 407
1 14 2
175 201
1 13 2
12 23
1 14 2
116 411
1 9 2
138 355
1 17 2
118 486
1 10 2
319 494
1 12 2
31 366
1 8 2
258 466
1 17 2
153 389
1 17 2
84 287
1 13 2
225 420
1 8 2
155 284
1 10 2
62 90
1 16 2
137 346
1 9 2
59 439
1 9 2
115 381
1 13 2
37 203
1 16 2
206 407
1 14 2
69 116
1 12 2
55 105
1 5 2
178 342
1 17 2
0 300
1 12 2
34 165
1 9 2
407 445
1 13 2
66 211
1 18 2
86 142
1 15 2
189 427
1 10 2
5 96
1 7 2
238 241
1 9 2
2 127
1 13 2
108 114
1 15 2
16 360
1 6 2
97 109
1 17 2
67 346
1 10 2
290 404
1 15 2
138 308
1 17 2
160 172
1 8 2
155 281
1 10 2
89 385
1 11 2
102 211
1 14 2
59 384
1 15 2
356 493
1 6 2
132 182
1 13 2
25 428
1 8 2
71 365
1 19 2
128 199
1 14 2
96 214
1 17 2
199 360
1 8 2
60 305
1 17 2
161 491
1 5 2
58 95
1 12 2
152 307
1 15 2
12 18
1 10 2
81 203
1 15 2
394 447
1 10 2
91 293
1 13 2
367 446
1 5 2
88 270
1 13 2
320 486
1 12 2
354 366
1 15 2
78 183
1 11 2
32 304
1 9 2
293 460
1 17 2
139 204
1 17 2
150 189
1 8 2
0 92
1 7 2
165 376
1 16 2
45 142
1 14 2
208 334
1 11 2
2 411
1 17 2
169 185
1 12 2
59 345
1 15 2
173 185
1 13 2
389 404
1 8 2
177 340
1 14 2
148 340
1 16 2
84 148
1 10 2
132 436
1 10 2
303 402
1 8 2
71 152
1 18 2
11 467
1 9 2
36 456
1 16 2
59 432
1 6 2
321 445
1 16 2
19 69
1 16 2
316 449
1 12 2
267 301
1 7 2
75 299
1 7 2
74 454
1 8 2
62 261
1 18 2
211 292
1 8 2
20 379
1 4 2
151 381
1 7 2
240 320
1 19 2
339 362
1 17 2
202 260
1 14 2
114 236
1 17 2
16 67
1 19 2
100 366
1 8 2
334 481
1 13 2
304 497
1 16 2
172 221
1 10 2
72 190
1 11 2
173 478
1 13 2
147 260
1 12 2
53 380
1 8 2
270 397
1 12 2
411 483
1 9 2
293 321
1 10 2
49 269
1 17 2
211 265
1 10 2
267 317
1 12 2
262 467
1 14 2
199 331
1 6 2
37 196
1 4 2
2 445
1 11 2
80 254
1 20 2
110 203
1 15 2
0 413
1 15 2
297 490
1 10 2
144 301
1 15 2
174 431
1 8 2
10 495
1 14 2
117 222
1 8 2
133 461
1 11 2
443 485
1 16 2
77 118
1 11 2
226 320
1 15 2
0 346
1 11 2
301 472
1 12 2
315 473
1 11 2
53 197
1 4 2
280 461
1 16 2
175 374
1 12 2
225 434
1 10 2
359 476
1 12 2
130 181
1 16 2
45 139
1 15 2
421 497
1 6 2
210 343
1 13 2
9 411
1 17 2
6 222
1 18 2
131 160
1 10 2
160 496
1 13 2
117 247
1 10 2
391 412
1 10 2
197 396
1 14 2
6 220
1 4 2
43 191
1 14 2
204 297
1 5 2
56 88
1 4 2
193 354
1 14 2
379 387
1 9 2
263 322
1 12 2
226 365
1 10 2
211 234
1 10 2
246 276
1 4 2
70 224
1 15 2
139 293
1 13 2
116 407
1 9 2
290 440
1 8 2
252 300
1 7 2
119 195
1 3 2
81 167
1 13 2
53 319
1 9 2
10 216
1 6 2
159 196
1 9 2
388 411
1 20 2
104 149
1 15 2
53 498
1 12 2
202 253
1 12 2
49 386
1 15 2
137 258
1 7 2
14 485
1 12 2
287 427
1 15 2
267 382
1 9 2
256 388
1 5 2
123 463
1 11 2
133 216
1 8 2
286 475
1 10 2
70 260
1 2 2
235 393
1 8 2
188 360
1 14 2
255 387
1 9 2
329 379
1 13 2
86 465
1 11 2
233 490
1 11 2
142 261
1 7 2
1 70
1 19 2
447 479
1 11 2
288 370
1 10 2
320 385
1 15 2
86 472
1 6 2
109 309
1 9 2
310 418
1 11 2
16 123
1 11 2
109 255
1 11 2
152 226
1 13 2
356 428
1 6 2
74 224
1 16 2
179 340
1 16 2
6 304
1 5 2
113 471
1 16 2
189 405
1 9 2
4 178
1 11 2
11 219
1 13 2
104 248
1 14 2
158 446
1 7 2
266 473
1 18 2
164 479
1 14 2
476 486
1 16 2
226 377
1 16 2
99 497
1 8 2
261 415
1 10 2
172 311
1 11 2
302 363
1 13 2
12 301
1 12 2
236 263
1 19 2
67 294
1 17 2
153 348
1 12 2
208 274
1 11 2
31 138
1 15 2
136 413
1 12 2
346 428
1 12 2
114 321
1 12 2
153 369
1 15 2
64 486
1 10 2
55 238
1 8 2
106 404
1 5 2
274 310
1 10 2
165 260
1 12 2
265 408
1 5 2
33 452
1 11 2
144 364
1 14 2
78 109
1 13 2
145 498
1 12 2
141 260
1 9 2
419 458
1 14 2
284 474
1 17 2
16 418
1 15 2
169 206
1 10 2
211 466
1 14 2
47 316
1 5 2
242 381
1 3 2
244 251
1 20 2
149 432
1 10 2
133 395
1 10 2
172 458
1 10 2
179 466
1 8 2
222 235
1 4 2
193 269
1 3 2
171 341
1 17 2
172 211
1 9 2
14 150
1 18 2
138 407
1 11 2
222 247
1 20 2
6 189
1 8 2
108 241
1 13 2
105 284
1 12 2
99 322
1 6 2
83 452
1 2 2
251 332
1 12 2
19 267
1 4 2
103 212
1 20 2
131 149
1 12 2
53 215
1 7 2
12 311
1 12 2
225 379
1 8 2
39 125
1 11 2
101 192
1 19 2
139 366
1 14 2
112 318
1 16 2
17 265
1 13 2
115 334
1 7 2
140 187
1 18 2
110 348
1 14 2
186 335
1 13 2
55 385
1 10 2
121 394
1 7 2
253 277
1 18 2
18 128
1 20 2
34 186
1 12 2
90 400
1 9 2
191 204
1 3 2
252 327
1 9 2
173 244
1 16 2
136 363
1 12 2
247 287
1 7 2
46 471
1 12 2
59 402
1 14 2
414 449
1 17 2
132 411
1 15 2
199 263
1 4 2
135 440
1 5 2
188 217
1 15 2
222 307
1 13 2
82 254
1 5 2
215 373
1 8 2
314 474
1 11 2
303 451
1 20 2
104 294
1 16 2
301 382
1 9 2
198 379
1 7 2
402 438
1 7 2
227 470
1 15 2
181 353
1 10 2
225 331
1 13 2
115 315
1 9 2
74 212
1 9 2
167 292
1 11 2
451 485
1 7 2
58 293
1 5 2
65 102
1 19 2
363 477
1 10 2
46 160
1 11 2
80 391
1 10 2
253 374
1 19 2
86 256
1 19 2
122 208
1 20 2
149 382
1 9 2
85 141
1 14 2
179 293
1 10 2
210 340
1 14 2
142 267
1 8 2
105 445
1 18 2
99 486
1 10 2
157 413
1 11 2
87 479
1 9 2
156 169
1 14 2
433 495
1 14 2
138 331
1 10 2
53 415
1 14 2
143 179
1 8 2
10 414
1 12 2
172 429
1 15 2
59 117
1 7 2
2 82
1 9 2
116 471
1 11 2
21 340
1 14 2
55 497
1 14 2
236 265
1 19 2
98 100
1 11 2
146 352
1 13 2
108 187
1 8 2
9 192
1 14 2
11 143
1 2 2
42 392
1 7 2
73 226
1 14 2
281 360
1 14 2
55 394
1 12 2
19 168
1 8 2
219 262
1 3 2
244 355
1 3 2
20 410
1 15 2
0 491
1 11 2
356 494
1 10 2
102 447
1 14 2
64 139
1 8 2
227 404
1 20 2
186 202
1 12 2
112 301
1 5 2
442 465
1 14 2
215 491
1 11 2
240 284
1 17 2
131 179
1 20 2
34 84
1 7 2
226 492
1 3 2
94 155
1 13 2
105 142
1 14 2
67 197
1 7 2
85 155
1 15 2
360 421
1 14 2
254 421
1 10 2
21 364
1 5 2
310 496
1 7 2
146 270
1 12 2
195 498
1 14 2
132 166
1 11 2
117 436
1 12 2
51 149
1 17 2
99 307
1 10 2
139 368
1 9 2
175 416
1 17 2
0 226
1 12 2
258 403
1 11 2
236 485
1 6 2
279 413
1 9 2
148 344
1 17 2
316 480
1 18 2
117 131
1 17 2
190 405
1 11 2
59 286
1 13 2
172 334
1 11 2
138 496
1 10 2
252 288
1 6 2
154 397
1 7 2
119 365
1 12 2
108 206
1 19 2
126 418
1 11 2
100 437
1 20 2
78 447
1 7 2
380 423
1 7 2
162 302
1 13 2
304 391
1 17 2
11 199
1 15 2
339 451
1 9 2
7 322
1 12 2
203 435
1 18 2
18 150
1 9 2
37 379
1 6 2
60 443
1 4 2
376 393
1 13 2
12 222
1 7 2
215 453
1 9 2
293 412
1 9 2
282 395
1 10 2
320 367
1 11 2
89 346
1 12 2
383 431
1 14 2
109 186
1 8 2
330 407
1 11 2
130 173
1 15 2
53 294
1 8 2
140 190
1 8 2
259 389
1 12 2
294 298
1 8 2
90 102
1 10 2
160 234
1 6 2
102 240
1 10 2
91 340
1 15 2
319 352
1 12 2
121 161
1 8 2
162 205
1 7 2
309 491
1 5 2
134 309
1 8 2
141 354
1 8 2
439 472
1 12 2
217 272
1 15 2
16 132
1 12 2
321 469
1 11 2
109 473
1 12 2
7 164
1 9 2
102 495
1 18 2
120 352
1 8 2
327 346
1 14 2
132 246
1 19 2
468 477
1 4 2
88 329
1 17 2
374 498
1 7 2
112 327
1 11 2
233 294
1 14 2
16 74
1 14 2
22 45
1 11 2
362 478
1 6 2
198 460
1 17 2
161 366
1 13 2
9 294
1 14 2
109 479
1 7 2
306 447
1 11 2
19 414
1 2 2
200 337
1 16 2
25 110
1 2 2
48 252
1 18 2
387 479
1 8 2
113 138
1 9 2
441 455
1 6 2
36 444
1 8 2
329 331
1 7 2
171 400
1 10 2
413 426
1 5 2
39 48
1 11 2
122 426
1 5 2
76 327
1 12 2
122 157
1 4 2
97 310
1 10 2
116 262
1 18 2
160 186
1 10 2
17 205
1 8 2
362 399
1 8 2
88 172
1 5 2
130 235
1 19 2
69 366
1 9 2
26 78
1 8 2
65 222
1 9 2
243 472
1 10 2
285 432
1 15 2
166 340
1 12 2
6 219
1 8 2
350 391
1 3 2
310 347
1 5 2
40 385
1 13 2
375 448
1 10 2
141 216
1 12 2
61 316
1 9 2
286 365
1 19 2
120 493
1 17 2
300 360
1 7 2
277 329
1 9 2
175 271
1 10 2
117 455
1 9 2
217 338
1 15 2
216 221
1 9 2
5 159
1 14 2
149 192
1 12 2
210 479
1 12 2
199 466
1 18 2
199 305
1 12 2
282 379
1 13 2
5 17
1 13 2
277 300
1 14 2
85 449
1 10 2
479 499
1 14 2
59 391
1 12 2
123 287
1 8 2
244 315
1 16 2
107 418
1 13 2
168 173
1 16 2
161 407
1 17 2
110 284
1 12 2
211 273
1 9 2
159 236
1 4 2
21 177
1 7 2
426 465
1 4 2
72 135
1 11 2
367 452
1 12 2
422 469
1 14 2
141 288
1 6 2
5 484
1 18 2
164 203
1 12 2
57 172
1 16 2
255 294
1 9 2
25 368
1 16 2
433 480
1 8 2
89 209
1 18 2
202 319
1 8 2
372 456
1 6 2
111 335
1 10 2
186 283
1 6 2
152 285
1 8 2
328 402
1 17 2
55 126
1 7 2
331 457
1 9 2
21 147
1 4 2
10 357
1 6 2
279 284
1 6 2
243 342
1 7 2
103 296
1 13 2
385 495
1 14 2
124 429
1 9 2
136 273
1 16 2
25 486
1 5 2
87 219
1 7 2
113 158
1 14 2
186 225
1 7 2
38 255
1 7 2
89 409
1 9 2
61 130
1 13 2
292 425
1 11 2
15 382
1 11 2
44 400
1 12 2
229 475
1 13 2
192 288
1 16 2
353 363
1 11 2
247 441
1 8 2
47 154
1 12 2
228 258
1 13 2
136 367
1 17 2
126 352
1 11 2
99 466
1 9 2
96 494
1 5 2
213 279
1 19 2
131 208
1 14 2
222 226
1 9 2
366 463
1 7 2
89 440
1 9 2
210 487
1 7 2
259 346
1 13 2
25 82
1 16 2
293 363
1 8 2
48 100
1 10 2
243 305
1 9 2
17 388
1 8 2
283 296
1 11 2
142 402
1 11 2
285 288
1 12 2
54 318
1 9 2
93 104
1 13 2
208 286
1 14 2
100 236
1 17 2
153 300
1 8 2
252 268
1 5 2
21 29
1 15 2
107 447
1 12 2
99 369
1 11 2
125 185
1 9 2
155 432
1 13 2
197 256
1 7 2
64 111
1 9 2
52 222
1 10 2
388 468
1 12 2
61 112
1 13 2
6 483
1 10 2
45 460
1 4 2
8 244
1 11 2
121 142
1 17 2
153 203
1 9 2
62 258
1 13 2
100 215
1 9 2
116 241
1 10 2
59 409
1 7 2
27 55
1 6 2
262 337
1 14 2
69 369
1 16 2
104 303
1 17 2
6 497
1 9 2
299 435
1 13 2
122 408
1 7 2
177 431
1 11 2
112 133
1 10 2
374 444
1 10 2
238 377
1 10 2
70 360
1 11 2
160 369
1 5 2
66 171
1 12 2
208 435
1 8 2
387 392
1 8 2
152 402
1 12 2
57 294
1 10 2
178 432
1 7 2
83 106
1 8 2
221 499
1 13 2
268 395
1 14 2
17 101
1 12 2
4 326
1 11 2
121 139
1 14 2
16 118
1 7 2
15 236
1 10 2
23 121
1 13 2
267 491
1 6 2
238 440
1 7 2
93 206
1 18 2
379 479
1 13 2
390 449
1 15 2
169 495
1 9 2
29 187
1 7 2
383 436
1 13 2
288 412
1 10 2
132 321
1 12 2
100 141
1 15 2
208 290
1 16 2
77 221
1 19 2
137 139
1 10 2
67 94
1 8 2
54 76
1 3 2
235 424
1 7 2
80 321
1 5 2
354 457
1 18 2
18 352
1 11 2
144 216
1 9 2
286 383
1 11 2
45 241
1 12 2
68 131
1 13 2
292 335
1 7 2
274 354
1 11 2
164 205
1 13 2
262 479
1 12 2
76 348
1 15 2
308 486
1 9 2
169 191
1 5 2
36 266
1 20 2
172 189
1 18 2
67 127
1 10 2
119 339
1 8 2
4 196
1 13 2
228 421
1 10 2
158 409
1 17 2
90 288
1 11 2
117 217
1 8 2
293 423
1 6 2
121 342
1 10 2
57 174
1 11 2
100 344
1 13 2
3 78
1 7 2
262 481
1 10 2
390 451
1 12 2
277 362
1 5 2
159 266
1 6 2
63 405
1 12 2
7 497
1 7 2
83 465
1 9 2
405 408
1 8 2
286 422
1 13 2
148 303
1 7 2
39 295
1 12 2
85 428
1 17 2
122 179
1 9 2
381 419
1 7 2
44 79
1 11 2
420 475
1 12 2
173 365
1 10 2
83 115
1 10 2
137 458
1 12 2
62 379
1 12 2
325 385
1 9 2
55 56
1 9 2
273 385
1 11 2
117 320
1 8 2
277 481
1 16 2
99 179
1 12 2
64 143
1 11 2
161 274
1 7 2
60 364
1 7 2
9 43
1 16 2
23 272
1 10 2
176 367
1 16 2
245 288
1 18 2
131 206
1 12 2
267 316
1 8 2
19 43
1 9 2
344 495
1 9 2
433 439
1 19 2
78 221
1 15 2
256 346
1 14 2
213 498
1 10 2
134 299
1 9 2
114 399
1 13 2
110 402
1 12 2
128 320
1 13 2
17 116
1 15 2
128 305
1 7 2
28 282
1 19 2
149 348
1 18 2
114 449
1 18 2
124 237
1 5 2
245 257
1 7 2
342 406
1 13 2
22 260
1 15 2
77 290
1 6 2
319 410
1 13 2
69 404
1 11 2
287 437
1 16 2
199 385
1 11 2
210 214
1 10 2
237 280
1 18 2
179 202
1 17 2
202 367
1 9 2
196 405
1 8 2
136 231
1 14 2
385 433
1 12 2
5 255
1 8 2
261 471
1 12 2
71 187
1 9 2
28 213
1 6 2
278 286
1 14 2
98 133
1 11 2
104 484
1 6 2
130 191
1 10 2
95 318
1 12 2
32 346
1 12 2
377 456
1 3 2
140 194
1 16 2
387 491
1 16 2
179 237
1 11 2
54 297
1 11 2
145 303
1 15 2
104 325
1 13 2
411 425
1 15 2
32 292
1 16 2
319 479
1 7 2
135 430
1 5 2
29 238
1 14 2
202 390
1 9 2
78 155
1 14 2
197 432
1 15 2
260 434
1 4 2
458 462
1 8 2
82 401
1 16 2
284 387
1 12 2
233 477
1 15 2
352 391
1 6 2
197 401
1 6 2
274 437
1 12 2
374 436
1 10 2
205 318
1 13 2
209 256
1 8 2
387 484
1 9 2
245 371
1 12 2
190 453
1 11 2
3 407
1 11 2
253 468
1 10 2
242 411
1 8 2
338 440
1 11 2
444 479
1 11 2
153 261
1 12 2
189 238
1 15 2
318 387
1 4 2
231 388
1 12 2
223 237
1 7 2
243 415
1 11 2
138 157
1 10 2
379 436
1 6 2
51 423
1 16 2
59 138
1 13 2
190 243
1 8 2
304 496
1 8 2
270 402
1 7 2
68 248
1 10 2
183 299
1 9 2
248 334
1 12 2
47 451
1 9 2
133 192
1 8 2
334 372
1 7 2
93 129
1 12 2
55 293
1 8 2
45 264
1 18 2
411 447
1 5 2
42 247
1 14 2
316 428
1 7 2
91 227
1 12 2
28 190
1 7 2
214 399
1 17 2
166 479
1 13 2
5 292
1 11 2
387 408
1 14 2
297 433
1 7 2
19 499
1 8 2
335 409
1 12 2
161 402
1 14 2
175 303
1 9 2
85 146
1 18 2
294 486
1 6 2
192 280
1 15 2
64 468
1 7 2
113 153
1 8 2
103 260
1 18 2
268 480
1 9 2
219 387
1 9 2
371 384
1 7 2
125 141
1 16 2
55 137
1 9 2
360 378
1 14 2
335 486
1 14 2
175 267
1 4 2
156 426
1 13 2
379 497
1 7 2
38 413
1 8 2
66 494
1 16 2
290 366
1 17 2
114 254
1 9 2
54 298
1 3 2
135 171
1 10 2
118 390
1 15 2
190 308
1 10 2
133 465
1 14 2
109 114
1 4 2
13 399
1 15 2
307 375
1 12 2
127 404
1 15 2
132 161
1 11 2
83 366
1 14 2
181 338
1 10 2
66 290
1 14 2
0 236
1 9 2
282 298
1 6 2
176 233
1 5 2
310 460
1 8 2
94 447
1 9 2
345 414
1 15 2
272 497
1 8 2
96 329
1 8 2
323 405
1 4 2
111 370
1 11 2
172 302
1 4 2
257 270
1 10 2
165 281
1 6 2
7 349
1 5 2
398 494
1 12 2
7 307
1 8 2
54 476
1 16 2
6 12
1 10 2
69 295
1 14 2
263 420
1 11 2
270 405
1 3 2
239 314
1 14 2
199 282
1 9 2
86 188
1 4 2
36 482
1 10 2
106 308
1 9 2
112 476
1 11 2
102 202
1 16 2
118 479
1 7 2
321 402
1 12 2
159 493
1 14 2
148 374
1 15 2
189 485
1 17 2
122 338
1 9 2
176 487
1 16 2
303 498
1 6 2
207 240
1 11 2
6 15
1 4 2
58 445
1 10 2
335 400
1 16 2
149 379
1 11 2
139 276
1 6 2
241 496
1 17 2
110 221
1 11 2
209 281
1 16 2
127 491
1 8 2
399 449
1 20 2
199 490
1 10 2
120 323
1 14 2
166 473
1 8 2
108 415
1 10 2
106 441
1 14 2
85 138
1 11 2
160 409
1 18 2
352 477
1 12 2
112 353
1 16 2
174 181
1 7 2
235 338
1 4 2
155 455
1 15 2
86 331
1 16 2
164 170
1 12 2
270 272
1 11 2
84 437
1 5 2
21 401
1 7 2
156 249
1 10 2
253 272
1 12 2
107 143
1 15 2
34 263
1 11 2
115 361
1 17 2
6 319
1 11 2
51 170
1 8 2
111 305
1 5 2
52 464
1 8 2
58 364
1 17 2
55 110
1 10 2
228 343
1 4 2
234 337
1 3 2
224 355
1 11 2
9 118
1 20 2
34 122
1 8 2
68 414
1 8 2
443 466
1 10 2
174 361
1 15 2
166 292
1 13 2
402 480
1 15 2
169 446
1 9 2
82 144
1 9 2
381 473
1 19 2
138 468
1 14 2
268 400
1 17 2
382 474
1 8 2
39 397
1 14 2
85 389
1 12 2
160 481
1 7 2
192 243
1 14 2
100 451
1 10 2
299 408
1 18 2
122 150
1 5 2
242 444
1 10 2
430 465
1 11 2
339 440
1 16 2
82 120
1 14 2
99 143
1 12 2
386 394
1 9 2
249 396
1 8 2
40 489
1 15 2
175 213
1 6 2
30 121
1 10 2
248 316
1 12 2
32 451
1 10 2
157 352
1 7 2
58 474
1 19 2
186 469
1 10 2
129 397
1 10 2
127 368
1 10 2
241 364
1 5 2
28 198
1 18 2
190 307
1 8 2
351 432
1 15 2
300 473
1 14 2
47 375
1 5 2
30 234
1 13 2
77 247
1 15 2
129 138
1 8 2
85 205
1 9 2
81 407
1 6 2
278 402
1 11 2
46 237
1 6 2
262 416
1 9 2
97 127
1 15 2
185 215
1 16 2
16 256
1 15 2
5 98
1 13 2
78 192
1 14 2
197 204
1 7 2
191 258
1 5 2
370 440
1 6 2
26 61
1 13 2
412 477
1 4 2
51 393
1 8 2
323 385
1 10 2
189 295
1 7 2
130 320
1 18 2
260 486
1 5 2
27 212
1 9 2
225 320
1 7 2
323 429
1 6 2
227 278
1 6 2
109 484
1 8 2
288 324
1 13 2
59 245
1 14 2
55 403
1 14 2
124 162
1 7 2
51 452
1 17 2
120 169
1 12 2
301 384
1 12 2
284 299
1 14 2
55 284
1 13 2
353 379
1 10 2
101 302
1 9 2
171 449
1 9 2
315 496
1 12 2
211 217
1 14 2
86 365
1 9 2
445 480
1 13 2
296 405
1 14 2
53 214
1 11 2
9 150
1 9 2
39 361
1 18 2
126 307
1 14 2
148 448
1 16 2
104 385
1 9 2
116 320
1 11 2
21 491
1 16 2
153 449
1 5 2
88 478
1 6 2
253 343
1 14 2
181 201
1 12 2
301 385
1 10 2
289 440
1 12 2
366 481
1 6 2
248 440
1 9 2
80 430
1 7 2
97 245
1 15 2
67 215
1 10 2
49 415
1 13 2
185 429
1 18 2
18 367
1 13 2
400 433
1 13 2
255 303
1 16 2
82 432
1 12 2
162 360
1 15 2
129 229
1 11 2
290 456
1 6 2
151 250
1 5 2
397 426
1 7 2
156 245
1 14 2
11 495
1 11 2
7 367
1 16 2
99 360
1 6 2
29 452
1 11 2
384 471
1 16 2
147 199
1 19 2
6 45
1 9 2
107 361
1 18 2
142 468
1 10 2
209 216
1 10 2
0 121
1 8 2
247 343
1 12 2
85 297
1 8 2
132 283
1 7 2
85 194
1 19 2
122 366
1 20 2
6 98
1 5 2
388 476
1 14 2
304 418
1 7 2
388 441
1 11 2
98 461
1 16 2
100 158
1 9 2
249 476
1 14 2
148 315
1 7 2
332 367
1 14 2
84 472
1 12 2
286 294
1 20 2
203 479
1 8 2
82 295
1 18 2
138 208
1 7 2
284 313
1 8 2
220 321
1 12 2
32 430
1 13 2
62 127
1 11 2
228 273
1 9 2
87 187
1 10 2
201 258
1 18 2
6 420
1 12 2
122 274
1 11 2
249 421
1 20 2
18 34
1 2 2
81 180
1 7 2
334 342
1 19 2
202 413
1 15 2
99 403
1 8 2
441 488
1 9 2
299 465
1 8 2
334 437
1 12 2
185 276
1 7 2
133 178
1 17 2
281 339
1 17 2
356 479
1 15 2
153 284
1 10 2
267 465
1 9 2
48 418
1 11 2
143 298
1 17 2
137 187
1 18 2
305 477
1 19 2
84 202
1 13 2
107 129
1 20 2
69 199
1 14 2
131 152
1 18 2
211 291
1 11 2
445 468
1 10 2
61 108
1 8 2
173 349
1 12 2
44 139
1 6 2
317 342
1 16 2
82 122
1 15 2
96 211
1 20 2
190 407
1 10 2
124 323
1 6 2
38 39
1 7 2
380 463
1 12 2
220 467
1 13 2
282 305
1 7 2
337 474
1 9 2
150 458
1 7 2
217 274
1 11 2
9 319
1 5 2
244 320
1 9 2
263 397
1 20 2
131 199
1 19 2
127 137
1 8 2
213 368
1 18 2
420 477
1 18 2
6 360
1 17 2
204 360
1 20 2
137 432
1 13 2
99 365
1 12 2
9 160
1 13 2
80 382
1 18 2
120 420
1 12 2
175 322
1 12 2
32 166
1 3 2
155 239
1 17 2
84 289
1 8 2
192 217
1 14 2
305 474
1 18 2
17 489
1 14 2
64 126
1 7 2
257 291
1 14 2
162 265
1 18 2
211 418
1 9 2
249 270
1 17 2
99 126
1 8 2
66 219
1 16 2
256 394
1 17 2
110 260
1 16 2
129 185
1 8 2
184 300
1 8 2
452 456
1 8 2
180 432
1 4 2
81 178
1 10 2
152 216
1 6 2
36 344
1 8 2
128 459
1 9 2
88 490
1 7 2
205 276
1 12 2
100 274
1 4 2
350 368
1 7 2
39 207
1 14 2
16 222
1 17 2
18 284
1 6 2
60 183
1 9 2
70 166
1 14 2
216 307
1 18 2
23 203
1 19 2
131 164
1 15 2
340 353
1 8 2
119 236
1 8 2
288 332
1 17 2
294 377
1 15 2
11 281
1 5 2
373 380
1 8 2
91 345
1 12 2
62 166
1 8 2
300 347
1 14 2
143 391
1 4 2
358 370
1 4 2
388 455
1 9 2
79 148
1 9 2
64 276
1 11 2
360 361
1 12 2
331 419
1 16 2
100 364
1 8 2
342 405
1 8 2
473 496
1 13 2
137 209
1 9 2
32 460
1 11 2
186 196
1 12 2
282 391
1 17 2
287 339
1 7 2
91 157
1 13 2
322 449
1 9 2
102 118
1 8 2
230 305
1 12 2
32 150
1 3 2
87 492
1 11 2
122 178
1 8 2
452 481
1 11 2
165 186
1 12 2
51 366
1 6 2
66 75
1 13 2
25 400
1 8 2
310 403
1 9 2
185 198
1 7 2
70 80
1 6 2
88 384
1 7 2
171 394
1 11 2
106 497
1 9 2
86 398
1 11 2
315 402
1 14 2
316 367
1 6 2
464 473
1 2 2
306 459
1 2 2
63 113
1 12 2
236 325
1 10 2
190 401
1 15 2
149 326
1 11 2
49 197
1 12 2
68 122
1 10 2
57 353
1 6 2
119 369
1 15 2
16 377
1 10 2
216 298
1 13 2
136 428
1 12 2
245 263
1 9 2
327 498
1 10 2
141 301
1 9 2
59 242
1 5 2
388 456
1 12 2
74 301
1 15 2
386 486
1 8 2
315 392
1 8 2
259 359
1 16 2
352 387
1 12 2
118 301
1 8 2
20 59
1 8 2
336 374
1 9 2
12 205
1 19 2
366 477
1 14 2
216 319
1 7 2
286 496
1 3 2
257 310
1 14 2
134 432
1 8 2
5 439
1 14 2
322 477
1 11 2
406 421
1 17 2
84 153
1 15 2
128 246
1 14 2
375 487
1 14 2
112 441
1 13 2
25 296
1 12 2
199 354
1 6 2
42 448
1 13 2
277 498
1 18 2
185 340
1 5 2
103 217
1 13 2
128 258
1 18 2
138 413
1 16 2
187 360
1 9 2
165 263
1 6 2
83 412
1 17 2
59 149
1 12 2
139 422
1 3 2
35 171
1 13 2
361 411
1 13 2
89 486
1 11 2
175 241
1 9 2
229 368
1 5 2
93 456
1 13 2
334 498
1 15 2
175 451
1 10 2
9 249
1 19 2
98 126
1 12 2
269 391
1 10 2
143 262
1 12 2
204 345
1 10 2
108 434
1 6 2
402 457
1 13 2
245 491
1 7 2
141 243
1 9 2
74 481
1 8 2
39 344
1 10 2
428 471
1 8 2
270 475
1 9 2
230 288
1 17 2
407 467
1 8 2
102 201
1 7 2
13 321
1 4 2
266 310
1 8 2
155 367
1 4 2
224 242
1 8 2
36 408
1 2 2
88 330
1 9 2
123 247
1 12 2
76 104
1 7 2
21 212
1 11 2
212 292
1 8 2
302 495
1 13 2
258 433
1 10 2
141 473
1 19 2
127 190
1 19 2
288 377
1 19 2
138 268
1 15 2
122 465
1 12 2
305 365
1 14 2
359 441
1 10 2
0 470
1 4 2
295 484
1 4 2
239 253
1 7 2
376 415
1 8 2
256 314
1 13 2
222 228
1 17 2
98 391
1 11 2
64 346
1 8 2
70 299
1 7 2
30 215
1 9 2
222 321
1 12 2
0 7
1 10 2
110 283
1 16 2
346 389
1 12 2
144 291
1 9 2
1 475
1 5 2
56 484
1 7 2
241 253
1 14 2
129 255
1 9 2
35 448
1 4 2
408 492
1 8 2
211 313
1 9 2
103 149
1 9 2
446 483
1 14 2
137 201
1 13 2
100 282
1 5 2
165 191
1 13 2
254 303
1 10 2
233 431
1 15 2
160 441
1 9 2
76 246
1 6 2
125 444
1 5 2
262 459
1 13 2
107 118
1 14 2
89 477
1 8 2
133 343
1 6 2
111 145
1 7 2
106 233
1 9 2
138 454
1 11 2
169 415
1 9 2
43 495
1 13 2
108 431
1 8 2
303 461
1 13 2
146 477
1 12 2
320 491
1 11 2
364 395
1 10 2
21 346
1 8 2
293 461
1 9 2
89 197
1 16 2
149 419
1 13 2
32 216
1 9 2
484 498
1 18 2
34 255
1 10 2
190 283
1 8 2
269 456
1 10 2
307 460
1 7 2
0 492
1 8 2
400 483
1 8 2
2 254
1 3 2
8 38
1 14 2
263 498
1 15 2
61 382
1 9 2
171 203
1 11 2
99 217
1 19 2
204 486
1 18 2
139 268
1 11 2
195 434
1 5 2
72 248
1 17 2
137 169
1 6 2
165 461
1 12 2
123 432
1 19 2
190 420
1 12 2
34 46
1 10 2
323 339
1 8 2
274 365
1 17 2
161 292
1 20 2
110 202
1 18 2
203 226
1 11 2
220 421
1 6 2
177 334
1 12 2
207 432
1 9 2
244 359
1 6 2
317 323
1 11 2
407 444
1 16 2
12 189
1 8 2
0 313
1 11 2
98 253
1 10 2
153 302
1 12 2
39 441
1 6 2
370 412
1 6 2
188 262
1 4 2
266 302
1 3 2
103 323
1 12 2
385 487
1 13 2
0 430
1 10 2
53 91
1 8 2
212 452
1 7 2
11 184
1 2 2
200 309
1 18 2
124 294
1 14 2
101 391
1 5 2
244 496
1 8 2
224 307
1 9 2
66 429
1 17 2
117 418
1 10 2
255 408
1 17 2
17 204
1 5 2
140 168
1 15 2
365 411
1 18 2
67 139
1 16 2
226 433
1 13 2
12 150
1 13 2
131 192
1 10 2
292 388
1 11 2
66 173
1 17 2
86 221
1 7 2
232 237
1 18 2
127 382
1 3 2
50 423
1 9 2
109 414
1 12 2
91 187
1 17 2
34 319
1 19 2
110 292
1 10 2
101 412
1 9 2
338 444
1 14 2
86 108
1 13 2
147 364
1 7 2
30 380
1 13 2
100 162
1 8 2
63 366
1 19 2
98 407
1 8 2
426 451
1 13 2
66 477
1 8 2
164 355
1 5 2
330 395
1 8 2
84 332
1 19 2
6 206
1 17 2
181 468
1 16 2
117 204
1 9 2
242 431
1 15 2
365 389
1 8 2
76 152
1 12 2
136 254
1 14 2
202 335
1 13 2
116 181
1 7 2
196 331
1 10 2
25 165
1 15 2
19 142
1 14 2
377 380
1 13 2
147 150
1 4 2
94 205
1 9 2
206 349
1 13 2
78 108
1 5 2
56 155
1 7 2
381 406
1 16 2
47 389
1 11 2
117 195
1 17 2
131 474
1 12 2
84 412
1 16 2
229 433
1 5 2
205 310
1 17 2
100 208
1 7 2
135 319
1 5 2
171 396
1 4 2
95 336
1 17 2
11 490
1 11 2
286 434
1 12 2
215 473
1 13 2
64 433
1 8 2
164 492
1 13 2
108 265
1 13 2
186 406
1 16 2
148 204
1 8 2
253 380
1 7 2
32 198
1 8 2
235 431
1 15 2
34 258
1 11 2
148 472
1 9 2
207 434
1 9 2
229 416
1 8 2
255 445
1 18 2
17 479
1 12 2
102 288
1 7 2
397 478
1 7 2
136 342
1 9 2
219 297
1 8 2
26 339
1 13 2
77 406
1 11 2
294 412
1 17 2
175 211
1 7 2
82 244
1 14 2
172 245
1 10 2
234 340
1 15 2
265 315
1 11 2
164 176
1 11 2
367 465
1 12 2
325 428
1 10 2
125 164
1 15 2
211 434
1 16 2
107 411
1 8 2
408 476
1 8 2
246 280
1 16 2
96 288
1 9 2
77 239
1 13 2
431 472
1 7 2
177 375
1 16 2
150 362
1 14 2
169 255
1 16 2
175 497
1 8 2
446 457
1 15 2
104 386
1 16 2
148 477
1 9 2
96 261
1 2 2
336 393
1 7 2
355 364
1 16 2
104 215
1 13 2
147 169
1 9 2
173 295
1 14 2
246 374
1 10 2
159 375
1 17 2
149 290
1 13 2
304 360
1 17 2
160 161
1 6 2
135 345
1 11 2
21 391
1 7 2
64 231
1 12 2
361 498
1 16 2
170 497
1 10 2
17 423
1 14 2
126 425
1 6 2
412 435
1 3 2
72 392
1 9 2
83 216
1 5 2
196 342
1 15 2
47 221
1 19 2
128 339
1 3 2
182 368
1 15 2
74 199
1 16 2
367 489
1 17 2
84 221
1 8 2
64 436
1 8 2
220 261
1 12 2
265 274
1 3 2
35 224
1 10 2
45 274
1 12 2
57 181
1 16 2
158 185
1 17 2
98 169
1 9 2
155 268
1 6 2
439 481
1 13 2
49 421
1 14 2
315 474
1 4 2
33 253
1 10 2
0 56
1 18 2
16 449
1 12 2
304 359
1 7 2
240 390
1 14 2
199 390
1 7 2
53 332
1 13 2
123 128
1 10 2
4 483
1 7 2
143 327
1 3 2
306 313
1 12 2
296 304
1 7 2
326 453
1 9 2
52 405
1 9 2
104 259
1 15 2
64 363
1 7 2
15 249
1 13 2
258 391
1 8 2
307 314
1 9 2
146 147
1 17 2
100 305
1 12 2
281 331
1 9 2
120 463
1 13 2
9 211
1 11 2
101 396
1 4 2
252 466
1 3 2
8 341
1 7 2
365 453
1 9 2
42 122
1 8 2
37 249
1 11 2
76 256
1 16 2
99 318
1 9 2
58 366
1 15 2
129 359
1 12 2
143 297
1 9 2
64 176
1 13 2
114 345
1 11 2
294 383
1 17 2
221 418
1 14 2
213 289
1 10 2
135 199
1 5 2
58 372
1 8 2
1 444
1 6 2
260 357
1 7 2
161 459
1 7 2
5 43
1 11 2
3 256
1 9 2
88 137
1 11 2
220 387
1 17 2
17 287
1 13 2
192 407
1 7 2
134 412
1 17 2
6 421
1 8 2
277 483
1 12 2
366 437
1 17 2
202 495
1 12 2
435 469
1 10 2
221 261
1 18 2
99 382
1 9 2
250 415
1 12 2
108 216
1 11 2
119 469
1 10 2
10 99
1 14 2
168 175
1 13 2
376 479
1 8 2
99 350
1 5 2
358 395
1 17 2
185 497
1 8 2
40 124
1 15 2
142 296
1 5 2
44 347
1 12 2
150 286
1 8 2
15 385
1 7 2
168 368
1 10 2
263 452
1 12 2
99 183
1 14 2
153 213
1 16 2
69 325
1 18 2
126 294
1 8 2
257 265
1 9 2
223 441
1 5 2
151 345
1 12 2
381 382
1 7 2
332 394
1 11 2
64 249
1 6 2
252 385
1 13 2
158 174
1 9 2
75 148
1 8 2
227 343
1 11 2
19 183
1 17 2
67 315
1 8 2
262 376
1 8 2
55 266
1 8 2
54 429
1 19 2
18 138
1 13 2
101 495
1 8 2
0 177
1 8 2
396 415
1 6 2
255 399
1 7 2
232 307
1 20 2
18 98
1 6 2
116 151
1 10 2
298 353
1 13 2
402 477
1 19 2
120 229
1 5 2
146 416
1 17 2
148 479
1 9 2
85 343
1 8 2
59 327
1 10 2
1 476
1 10 2
14 110
1 7 2
412 481
1 8 2
328 395
1 11 2
267 456
1 10 2
277 428
1 12 2
32 391
1 14 2
208 443
1 10 2
139 439
1 5 2
253 342
1 9 2
109 361
1 13 2
1 117
1 10 2
105 249
1 9 2
80 472
1 7 2
91 276
1 17 2
447 497
1 6 2
29 44
1 4 2
102 259
1 16 2
131 215
1 11 2
95 352
1 8 2
422 429
1 4 2
50 376
1 12 2
359 429
1 7 2
42 493
1 13 2
340 451
1 5 2
145 355
1 4 2
312 450
1 13 2
86 277
1 3 2
324 496
1 13 2
22 318
1 9 2
263 320
1 13 2
134 294
1 11 2
394 402
1 20 2
288 467
1 12 2
331 364
1 8 2
300 393
1 6 2
224 365
1 11 2
19 44
1 10 2
195 303
1 5 2
36 242
1 9 2
167 477
1 11 2
431 475
1 9 2
369 443
1 16 2
115 169
1 11 2
261 490
1 5 2
8 157
1 12 2
262 289
1 19 2
77 186
1 9 2
157 319
1 8 2
22 323
1 16 2
131 297
1 17 2
49 78
1 13 2
247 377
1 14 2
9 98
1 7 2
40 199
1 12 2
250 428
1 7 2
322 415
1 16 2
166 291
1 18 2
86 211
1 15 2
487 491
1 10 2
274 316
1 8 2
211 251
1 10 2
344 348
1 4 2
65 457
1 12 2
89 173
1 17 2
139 237
1 10 2
84 119
1 8 2
319 401
1 13 2
84 201
1 13 2
169 473
1 13 2
4 258
1 5 2
152 488
1 7 2
102 390
1 8 2
138 259
1 10 2
243 394
1 13 2
136 305
1 17 2
77 226
1 6 2
248 310
1 16 2
23 45
1 11 2
228 465
1 3 2
58 330
1 9 2
253 474
1 8 2
120 482
1 19 2
164 486
1 13 2
120 261
1 10 2
187 302
1 6 2
43 460
1 16 2
268 296
1 17 2
98 431
1 14 2
139 451
1 13 2
162 208
1 7 2
29 473
1 17 2
221 491
1 12 2
6 46
1 9 2
126 310
1 3 2
29 398
1 6 2
10 243
1 5 2
13 38
1 15 2
34 245
1 14 2
292 443
1 5 2
3 283
1 16 2
213 288
1 8 2
141 209
1 9 2
27 256
1 3 2
111 180
1 10 2
196 382
1 4 2
70 167
1 17 2
216 339
1 11 2
61 293
1 16 2
179 292
1 8 2
188 221
1 10 2
154 374
1 11 2
121 487
1 11 2
359 422
1 10 2
284 344
1 12 2
21 67
1 11 2
17 123
1 18 2
17 131
1 12 2
199 207
1 8 2
14 213
1 10 2
154 187
1 11 2
280 418
1 9 2
274 421
1 7 2
163 384
1 15 2
23 129
1 19 2
137 480
1 10 2
387 476
1 9 2
85 269
1 19 2
98 292
1 16 2
17 222
1 14 2
139 215
1 12 2
204 402
1 14 2
78 452
1 14 2
98 209
1 11 2
210 237
1 14 2
104 408
1 8 2
96 154
1 11 2
145 148
1 14 2
12 294
1 14 2
420 428
1 4 2
188 378
1 10 2
126 135
1 12 2
110 125
1 19 2
124 366
1 9 2
227 472
1 7 2
223 452
1 11 2
281 481
1 8 2
9 273
1 15 2
17 166
1 16 2
32 288
1 12 2
206 406
1 17 2
4 69
1 7 2
154 371
1 3 2
332 439
1 7 2
75 144
1 12 2
46 104
1 14 2
55 206
1 13 2
18 429
1 13 2
197 348
1 12 2
95 149
1 4 2
40 409
1 13 2
67 317
1 18 2
208 265
1 12 2
186 435
1 11 2
31 100
1 17 2
172 420
1 13 2
39 142
1 4 2
461 484
1 7 2
176 220
1 16 2
96 389
1 8 2
355 467
1 7 2
81 315
1 6 2
97 395
1 12 2
318 345
1 6 2
16 393
1 8 2
14 229
1 12 2
297 380
1 12 2
18 422
1 11 2
372 420
1 16 2
293 479
1 18 2
77 268
1 19 2
120 127
1 14 2
148 226
1 11 2
62 487
1 6 2
2 478
1 20 2
149 339
1 12 2
145 379
1 8 2
227 274
