500 3000 1500
9 20 5 19 21 14 16 10 25 16 5 25 6 18 25 6 21 17 13 20 23 24 5 5 9 14 12 20 5 18 9 8 7 21 8 23 8 25 12 8 14 13 16 25 24 17 24 16 21 6 7 15 25 10 12 21 7 7 18 23 13 13 16 6 6 6 5 7 16 21 13 6 17 25 5 24 18 14 20 21 9 13 22 15 18 19 16 11 11 10 18 24 11 5 20 13 13 8 13 20 14 21 18 20 9 22 24 8 23 20 15 20 11 5 14 18 15 19 13 18 5 18 13 20 9 23 14 13 22 8 20 22 16 11 7 17 25 18 7 20 23 5 6 19 8 7 7 14 10 9 24 17 15 20 24 5 7 24 17 10 24 9 25 23 10 23 5 13 7 8 18 22 19 19 21 23 23 24 24 11 23 14 22 12 11 23 16 23 8 16 15 12 16 13 6 22 14 17 14 19 18 17 20 12 13 21 6 6 19 8 23 19 6 25 14 18 22 10 6 5 22 20 21 5 17 11 10 11 10 14 7 23 7 24 18 23 21 12 10 21 13 18 14 6 14 22 11 6 19 9 5 20 20 13 23 16 11 23 10 20 21 8 11 9 16 6 23 22 11 17 5 25 19 20 12 11 11 25 24 20 14 19 22 7 21 21 7 21 17 10 15 12 15 21 9 20 21 20 25 18 9 15 25 9 14 6 14 14 22 24 24 19 15 7 25 20 9 7 24 7 7 14 6 20 5 20 5 19 22 14 21 24 13 7 6 17 8 19 17 25 16 10 20 19 11 9 17 8 22 25 7 12 24 6 7 6 6 24 25 20 21 25 16 15 17 16 8 8 19 13 16 11 9 5 17 24 19 12 5 23 9 13 7 23 12 11 25 19 9 25 24 15 18 18 11 6 5 21 24 14 6 9 18 20 17 24 21 12 14 25 7 8 14 17 7 15 9 9 21 8 8 13 15 15 10 16 24 25 7 13 5 11 12 18 13 19 16 16 11 22 17 19 20 16 20 18 17 25 11 21 5 9 13 22 14 22 8 22 20 15 17 22 10 12 21 18 16 12 21 7 23 5 22 9 18 12 20 9 11 22 18 25 10 25 24 16 24 18 19 18 25 14 6 9 16 24 25 22 16 18
17 14 5 8 8 3 11 11 3 19 8 4 11 15 10 16 19 16 15 16 6 10 11 4 12 20 5 11 20 12 4 6 7 13 18 17 5 9 19 11 20 6 15 5 8 15 14 4 11 19 9 13 7 10 20 8 20 6 19 12 16 9 15 9 10 8 17 4 20 19 18 4 13 19 6 14 12 11 11 6 12 15 15 11 7 10 18 8 4 7 9 14 11 20 10 8 15 18 6 16 18 6 11 5 12 9 20 7 20 15 10 7 12 19 15 18 9 5 14 13 11 8 5 9 8 11 10 3 4 20 20 5 9 11 10 19 20 20 16 9 16 20 7 10 16 7 9 12 18 6 15 6 5 14 19 16 13 14 20 10 12 13 4 9 18 13 12 5 18 14 15 8 18 5 19 3 13 18 11 13 14 17 20 13 11 7 14 11 19 8 19 10 18 11 10 17 13 18 4 20 20 12 20 14 15 11 3 5 5 12 17 9 15 11 20 16 7 10 12 11 8 16 8 16 17 6 14 13 9 8 11 11 14 19 6 7 18 11 12 19 10 3 14 11 12 20 10 5 10 6 7 17 12 15 4 8 10 5 13 9 9 9 7 8 19 10 14 19 10 7 15 8 10 15 6 3 14 7 6 19 7 5 9 4 10 6 11 3 11 9 15 10 11 11 17 14 11 12 17 10 14 11 9 9 18 19 14 6 3 8 5 19 10 4 13 20 14 11 3 7 14 18 12 19 5 14 6 11 10 6 5 4 9 19 9 9 17 6 11 14 17 10 10 11 5 5 11 11 11 3 3 20 7 18 18 19 13 20 6 6 4 19 16 15 12 3 5 19 17 16 10 7 10 9 12 18 20 17 18 4 9 14 12 4 8 12 9 13 9 9 4 7 18 18 14 19 19 10 19 4 15 20 12 11 15 3 10 19 10 16 14 9 17 7 14 12 19 4 11 3 3 3 5 12 5 12 5 18 11 12 3 4 9 9 14 9 16 3 7 13 14 15 18 5 3 3 19 16 10 18 7 19 13 20 13 8 16 12 4 20 8 6 20 11 12 6 19 4 11 9 3 7 7 17 10 3 18 19 12 18 7 8 3 10 19 20 15 14 6 16 7 15 16 14 7 10 8 4 9 14
1 13 2
72 497
1 17 2
252 490
1 10 2
178 478
1 7 2
342 347
1 17 2
397 495
1 11 2
204 309
1 10 2
443 460
1 15 2
143 187
1 16 2
27 178
1 15 2
121 375
1 8 2
199 448
1 8 2
274 376
1 15 2
111 176
1 9 2
24 216
1 18 2
195 339
1 14 2
59 170
1 6 2
89 391
1 15 2
45 386
1 6 2
98 100
1 8 2
172 217
1 2 2
141 207
1 6 2
58 333
1 17 2
150 165
1 11 2
19 443
1 20 2
386 389
1 9 2
106 354
1 13 2
304 405
1 10 2
349 371
1 14 2
220 433
1 15 2
58 398
1 10 2
132 208
1 13 2
309 466
1 9 2
90 181
1 15 2
16 239
1 7 2
54 466
1 14 2
222 273
1 6 2
291 459
1 4 2
303 344
1 15 2
99 348
1 20 2
136 386
1 13 2
302 369
1 14 2
17 490
1 12 2
189 195
1 15 2
357 413
1 9 2
138 386
1 7 2
134 315
1 9 2
322 496
1 15 2
43 272
1 10 2
122 236
1 13 2
158 309
1 6 2
85 353
1 15 2
349 362
1 14 2
308 337
1 10 2
188 309
1 8 2
79 263
1 17 2
165 472
1 13 2
117 464
1 14 2
90 455
1 11 2
195 274
1 19 2
298 453
1 14 2
186 486
1 11 2
252 425
1 13 2
13 284
1 11 2
227 309
1 4 2
116 355
1 14 2
101 441
1 17 2
359 495
1 10 2
184 235
1 13 2
304 447
1 10 2
72 364
1 18 2
82 318
1 6 2
168 488
1 15 2
210 273
1 18 2
16 309
1 18 2
154 309
1 15 2
29 257
1 8 2
311 431
1 9 2
359 369
1 9 2
30 375
1 16 2
252 426
1 10 2
173 306
1 7 2
34 327
1 15 2
186 361
1 9 2
200 329
1 4 2
169 429
1 8 2
58 412
1 6 2
53 132
1 10 2
289 339
1 20 2
73 427
1 17 2
174 496
1 17 2
162 453
1 17 2
162 174
1 5 2
23 413
1 7 2
243 296
1 13 2
52 391
1 8 2
95 158
1 8 2
177 319
1 7 2
62 246
1 14 2
182 327
1 18 2
231 495
1 16 2
175 457
1 14 2
158 386
1 17 2
182 210
1 9 2
137 454
1 17 2
73 109
1 9 2
69 262
1 18 2
160 195
1 13 2
115 461
1 3 2
305 462
1 7 2
13 129
1 10 2
263 484
1 9 2
371 406
1 12 2
45 94
1 11 2
281 494
1 18 2
216 389
1 5 2
304 380
1 20 2
75 389
1 13 2
178 454
1 10 2
248 408
1 8 2
84 98
1 13 2
55 143
1 14 2
252 325
1 15 2
106 119
1 8 2
242 425
1 6 2
25 275
1 15 2
33 131
1 11 2
128 307
1 9 2
70 158
1 17 2
266 439
1 6 2
27 50
1 14 2
379 433
1 20 2
271 490
1 18 2
52 328
1 15 2
21 76
1 7 2
188 499
1 10 2
203 328
1 15 2
139 195
1 12 2
285 443
1 12 2
43 60
1 16 2
44 327
1 10 2
310 448
1 14 2
13 178
1 3 2
223 394
1 14 2
259 455
1 15 2
413 427
1 19 2
44 180
1 17 2
16 483
1 7 2
19 417
1 14 2
123 236
1 20 2
271 390
1 10 2
115 365
1 12 2
3 335
1 7 2
185 194
1 15 2
84 352
1 14 2
73 365
1 15 2
151 178
1 14 2
153 464
1 12 2
299 315
1 17 2
94 314
1 11 2
68 285
1 5 2
80 122
1 11 2
197 376
1 17 2
273 357
1 10 2
148 389
1 13 2
248 368
1 5 2
322 446
1 12 2
266 412
1 4 2
49 70
1 13 2
83 157
1 14 2
175 327
1 8 2
49 233
1 8 2
133 435
1 10 2
200 301
1 17 2
78 302
1 14 2
33 435
1 3 2
243 448
1 3 2
10 227
1 17 2
11 325
1 11 2
192 327
1 17 2
46 257
1 13 2
139 435
1 8 2
145 484
1 14 2
62 91
1 18 2
43 59
1 14 2
259 342
1 14 2
267 376
1 11 2
279 370
1 18 2
187 210
1 19 2
91 309
1 8 2
139 341
1 10 2
357 478
1 2 2
12 32
1 18 2
82 484
1 14 2
165 173
1 17 2
153 302
1 14 2
125 197
1 14 2
172 455
1 10 2
6 252
1 13 2
369 483
1 4 2
203 382
1 7 2
146 348
1 12 2
174 498
1 4 2
127 347
1 8 2
337 482
1 6 2
61 329
1 9 2
134 496
1 9 2
179 397
1 9 2
268 315
1 15 2
197 213
1 11 2
115 466
1 13 2
389 443
1 12 2
306 390
1 13 2
4 374
1 7 2
153 169
1 8 2
253 435
1 6 2
147 203
1 15 2
19 79
1 14 2
5 481
1 10 2
180 227
1 11 2
78 214
1 10 2
83 109
1 11 2
271 372
1 10 2
114 468
1 6 2
184 369
1 18 2
59 277
1 19 2
180 481
1 11 2
288 392
1 7 2
64 231
1 12 2
68 111
1 20 2
154 339
1 8 2
81 440
1 5 2
6 294
1 6 2
83 467
1 7 2
249 325
1 16 2
20 69
1 12 2
118 254
1 11 2
27 494
1 12 2
446 464
1 13 2
292 484
1 10 2
136 161
1 10 2
185 294
1 9 2
438 455
1 16 2
103 176
1 9 2
69 80
1 16 2
109 447
1 5 2
249 306
1 7 2
188 474
1 7 2
82 206
1 18 2
447 464
1 16 2
278 387
1 8 2
28 277
1 12 2
135 376
1 15 2
266 444
1 15 2
216 342
1 6 2
326 444
1 8 2
317 375
1 17 2
59 308
1 12 2
271 274
1 5 2
223 387
1 9 2
25 311
1 13 2
255 267
1 8 2
179 376
1 11 2
328 491
1 13 2
284 440
1 10 2
130 408
1 8 2
115 429
1 13 2
175 264
1 9 2
156 309
1 9 2
4 148
1 12 2
236 460
1 15 2
128 325
1 10 2
83 121
1 15 2
340 427
1 9 2
318 401
1 8 2
276 311
1 11 2
90 374
1 14 2
58 406
1 9 2
234 412
1 13 2
105 346
1 10 2
181 252
1 9 2
77 170
1 20 2
11 386
1 9 2
423 466
1 19 2
75 254
1 20 2
136 481
1 19 2
59 150
1 6 2
53 391
1 7 2
16 49
1 7 2
425 448
1 19 2
46 375
1 10 2
117 422
1 14 2
310 446
1 6 2
121 414
1 4 2
147 218
1 18 2
239 490
1 18 2
69 484
1 16 2
296 457
1 10 2
96 479
1 13 2
245 413
1 16 2
325 339
1 2 2
419 469
1 7 2
110 244
1 8 2
196 487
1 11 2
282 332
1 7 2
214 274
1 18 2
267 409
1 12 2
413 449
1 16 2
278 444
1 5 2
197 336
1 12 2
131 301
1 10 2
20 26
1 12 2
153 404
1 14 2
154 255
1 8 2
3 448
1 6 2
101 120
1 6 2
112 321
1 20 2
231 447
1 7 2
53 269
1 17 2
46 403
1 7 2
99 188
1 6 2
28 299
1 12 2
193 409
1 8 2
357 430
1 5 2
440 469
1 8 2
203 499
1 12 2
90 273
1 5 2
400 440
1 16 2
216 464
1 15 2
315 379
1 9 2
350 357
1 8 2
34 470
1 8 2
95 135
1 11 2
86 279
1 12 2
77 163
1 13 2
20 489
1 9 2
112 259
1 8 2
341 406
1 6 2
272 317
1 6 2
252 428
1 4 2
290 324
1 9 2
73 492
1 20 2
14 390
1 14 2
151 453
1 15 2
108 281
1 10 2
99 152
1 12 2
329 331
1 16 2
94 486
1 9 2
262 348
1 13 2
278 415
1 6 2
71 173
1 12 2
255 457
1 15 2
299 318
1 12 2
153 215
1 20 2
154 495
1 16 2
102 177
1 15 2
35 376
1 3 2
286 448
1 13 2
91 370
1 5 2
144 229
1 16 2
94 125
1 16 2
4 254
1 16 2
109 383
1 11 2
26 52
1 13 2
121 360
1 13 2
304 484
1 6 2
139 396
1 11 2
229 282
1 10 2
375 448
1 13 2
118 490
1 16 2
343 361
1 10 2
193 236
1 8 2
432 446
1 10 2
88 331
1 14 2
86 314
1 11 2
260 408
1 12 2
296 480
1 5 2
367 369
1 6 2
45 263
1 10 2
248 370
1 4 2
10 193
1 12 2
196 254
1 15 2
406 458
1 10 2
224 433
1 14 2
21 102
1 16 2
180 406
1 10 2
287 408
1 15 2
137 278
1 17 2
78 484
1 15 2
335 447
1 16 2
273 483
1 7 2
16 188
1 19 2
298 495
1 12 2
185 196
1 15 2
318 346
1 10 2
70 476
1 13 2
200 279
1 14 2
51 277
1 6 2
234 411
1 12 2
68 461
1 9 2
201 460
1 11 2
123 459
1 9 2
17 423
1 18 2
8 497
1 8 2
161 239
1 12 2
72 172
1 16 2
342 490
1 8 2
242 374
1 3 2
207 246
1 15 2
94 461
1 10 2
19 412
1 9 2
266 473
1 12 2
362 406
1 14 2
90 231
1 10 2
27 51
1 11 2
123 498
1 12 2
192 461
1 11 2
84 197
1 10 2
35 226
1 14 2
201 339
1 6 2
253 304
1 13 2
210 425
1 11 2
329 397
1 2 2
286 319
1 10 2
9 72
1 6 2
168 172
1 7 2
4 144
1 11 2
406 466
1 8 2
403 424
1 18 2
352 470
1 13 2
75 423
1 19 2
162 178
1 9 2
41 173
1 9 2
163 420
1 11 2
110 297
1 14 2
52 192
1 11 2
76 234
1 9 2
237 239
1 11 2
205 307
1 14 2
173 308
1 8 2
258 311
1 18 2
267 483
1 13 2
58 279
1 11 2
402 487
1 10 2
381 449
1 13 2
84 222
1 8 2
258 279
1 11 2
101 189
1 13 2
1 297
1 7 2
307 365
1 9 2
387 434
1 20 2
106 358
1 11 2
116 343
1 9 2
187 438
1 5 2
116 419
1 17 2
139 405
1 15 2
213 494
1 12 2
143 158
1 8 2
149 222
1 14 2
37 340
1 13 2
361 369
1 7 2
57 464
1 9 2
262 497
1 15 2
136 445
1 20 2
314 483
1 4 2
61 97
1 8 2
288 399
1 12 2
106 193
1 8 2
28 233
1 14 2
173 418
1 15 2
239 476
1 9 2
79 238
1 16 2
46 234
1 14 2
480 495
1 17 2
310 468
1 8 2
11 142
1 10 2
131 384
1 17 2
157 328
1 11 2
215 272
1 14 2
187 234
1 14 2
128 241
1 17 2
20 176
1 15 2
1 160
1 20 2
177 178
1 6 2
115 146
1 7 2
31 499
1 7 2
34 260
1 11 2
298 385
1 5 2
122 448
1 17 2
195 235
1 16 2
163 488
1 16 2
52 202
1 17 2
43 109
1 19 2
44 271
1 11 2
151 488
1 16 2
21 465
1 12 2
123 489
1 20 2
35 162
1 6 2
57 489
1 3 2
249 382
1 12 2
45 359
1 6 2
249 290
1 14 2
441 472
1 15 2
325 439
1 14 2
440 496
1 19 2
14 254
1 12 2
314 351
1 9 2
146 277
1 12 2
192 497
1 17 2
236 483
1 18 2
245 427
1 9 2
19 240
1 14 2
205 403
1 12 2
14 193
1 9 2
98 170
1 9 2
242 337
1 3 2
322 477
1 20 2
75 358
1 15 2
302 499
1 8 2
61 119
1 8 2
25 62
1 13 2
33 392
1 9 2
175 419
1 15 2
8 215
1 12 2
117 499
1 12 2
85 343
1 17 2
21 220
1 13 2
195 337
1 11 2
280 468
1 4 2
145 491
1 13 2
214 390
1 8 2
17 244
1 17 2
21 236
1 14 2
235 364
1 4 2
261 384
1 7 2
192 203
1 16 2
199 398
1 7 2
144 287
1 16 2
162 273
1 7 2
304 321
1 6 2
98 274
1 12 2
191 389
1 9 2
137 340
1 9 2
273 371
1 14 2
279 284
1 9 2
42 68
1 9 2
259 371
1 7 2
300 474
1 7 2
151 377
1 8 2
90 482
1 10 2
111 412
1 11 2
290 458
1 5 2
169 190
1 13 2
14 264
1 8 2
422 443
1 4 2
184 354
1 5 2
61 388
1 10 2
106 385
1 4 2
336 344
1 11 2
150 262
1 5 2
207 433
1 16 2
99 309
1 14 2
200 426
1 17 2
52 103
1 8 2
47 167
1 13 2
46 391
1 10 2
19 292
1 14 2
85 163
1 10 2
51 315
1 11 2
195 321
1 4 2
204 382
1 5 2
370 469
1 11 2
374 465
1 15 2
29 52
1 11 2
103 498
1 9 2
53 128
1 13 2
33 251
1 7 2
7 433
1 15 2
215 277
1 11 2
14 482
1 20 2
278 298
1 10 2
391 489
1 20 2
37 75
1 9 2
82 164
1 17 2
16 187
1 14 2
3 282
1 8 2
317 479
1 19 2
361 426
1 7 2
234 249
1 15 2
287 455
1 16 2
59 444
1 8 2
319 497
1 12 2
11 54
1 17 2
19 349
1 10 2
68 393
1 12 2
147 470
1 9 2
365 425
1 6 2
332 463
1 15 2
153 379
1 7 2
375 450
1 11 2
128 242
1 15 2
52 84
1 16 2
94 176
1 18 2
46 479
1 16 2
266 284
1 5 2
290 336
1 13 2
21 423
1 8 2
141 162
1 19 2
383 490
1 11 2
394 496
1 8 2
391 422
1 5 2
329 473
1 12 2
130 387
1 5 2
264 456
1 7 2
182 396
1 12 2
241 342
1 8 2
241 371
1 7 2
248 417
1 15 2
177 387
1 19 2
59 349
1 7 2
419 480
1 9 2
164 287
1 20 2
91 361
1 13 2
11 485
1 6 2
256 365
1 9 2
8 286
1 16 2
76 349
1 13 2
13 171
1 4 2
159 228
1 15 2
3 108
1 12 2
318 407
1 5 2
203 227
1 13 2
196 389
1 11 2
11 88
1 18 2
163 390
1 17 2
131 357
1 12 2
239 241
1 10 2
117 132
1 13 2
273 368
1 18 2
91 439
1 17 2
4 91
1 11 2
147 174
1 11 2
394 495
1 16 2
296 390
1 15 2
269 277
1 12 2
233 312
1 15 2
208 470
1 9 2
436 446
1 5 2
224 469
1 12 2
210 391
1 16 2
236 453
1 11 2
170 311
1 15 2
78 293
1 8 2
117 249
1 14 2
271 370
1 2 2
265 333
1 16 2
123 398
1 11 2
46 253
1 17 2
37 182
1 13 2
297 402
1 9 2
139 193
1 18 2
182 390
1 11 2
17 84
1 14 2
458 464
1 5 2
351 371
1 6 2
109 286
1 8 2
51 436
1 12 2
277 332
1 17 2
352 379
1 7 2
40 408
1 10 2
125 246
1 8 2
297 384
1 4 2
71 189
1 20 2
73 349
1 19 2
14 235
1 14 2
128 474
1 12 2
393 441
1 17 2
73 123
1 9 2
54 323
1 7 2
70 242
1 18 2
216 358
1 6 2
110 478
1 9 2
86 423
1 8 2
34 287
1 7 2
100 242
1 15 2
55 78
1 19 2
165 405
1 11 2
233 452
1 7 2
163 324
1 14 2
69 342
1 17 2
185 328
1 7 2
306 452
1 11 2
100 231
1 17 2
150 245
1 18 2
78 314
1 18 2
187 357
1 14 2
85 235
1 3 2
89 166
1 6 2
5 92
1 14 2
117 439
1 14 2
348 458
1 11 2
44 118
1 14 2
446 486
1 16 2
257 449
1 6 2
31 387
1 4 2
384 401
1 12 2
62 439
1 10 2
60 101
1 9 2
0 210
1 3 2
238 317
1 15 2
170 495
1 13 2
1 368
1 3 2
25 471
1 7 2
26 42
1 14 2
111 497
1 16 2
21 360
1 12 2
132 468
1 14 2
42 314
1 17 2
111 483
1 11 2
154 463
1 17 2
59 180
1 13 2
459 496
1 7 2
100 147
1 9 2
194 298
1 12 2
59 127
1 8 2
214 292
1 19 2
108 447
1 15 2
173 175
1 8 2
359 372
1 16 2
59 479
1 8 2
262 368
1 7 2
84 262
1 15 2
29 233
1 7 2
5 329
1 10 2
213 261
1 16 2
187 216
1 7 2
86 127
1 8 2
67 495
1 13 2
116 383
1 5 2
89 127
1 14 2
360 449
1 11 2
422 464
1 16 2
199 495
1 8 2
186 240
1 4 2
184 380
1 6 2
164 244
1 14 2
131 241
1 20 2
14 44
1 12 2
61 496
1 12 2
18 44
1 12 2
121 489
1 11 2
222 436
1 9 2
276 397
1 17 2
14 284
1 8 2
121 381
1 16 2
105 108
1 10 2
315 321
1 19 2
75 136
1 9 2
136 138
1 14 2
11 446
1 11 2
381 472
1 13 2
9 44
1 18 2
125 484
1 10 2
281 425
1 2 2
168 313
1 11 2
61 310
1 5 2
416 491
1 17 2
271 403
1 17 2
14 221
1 10 2
41 439
1 11 2
91 384
1 15 2
163 359
1 20 2
318 490
1 18 2
101 375
1 10 2
451 486
1 15 2
108 368
1 15 2
76 106
1 10 2
227 479
1 20 2
278 331
1 12 2
35 494
1 7 2
9 341
1 13 2
269 348
1 12 2
147 165
1 7 2
118 423
1 19 2
154 257
1 11 2
87 277
1 17 2
235 245
1 13 2
84 267
1 14 2
119 128
1 8 2
211 268
1 12 2
408 472
1 13 2
231 374
1 7 2
236 350
1 9 2
77 392
1 11 2
110 259
1 17 2
99 106
1 14 2
8 244
1 10 2
98 285
1 9 2
56 309
1 9 2
18 489
1 14 2
260 360
1 12 2
8 431
1 11 2
359 423
1 10 2
246 293
1 10 2
110 343
1 10 2
291 296
1 6 2
274 399
1 5 2
198 316
1 17 2
257 461
1 7 2
267 353
1 17 2
43 281
1 9 2
230 496
1 11 2
183 483
1 14 2
62 106
1 9 2
60 119
1 16 2
389 488
1 10 2
115 436
1 14 2
449 476
1 20 2
73 447
1 7 2
2 486
1 9 2
122 272
1 19 2
46 309
1 15 2
75 85
1 16 2
75 343
1 4 2
98 305
1 18 2
157 177
1 11 2
190 468
1 8 2
41 255
1 13 2
343 435
1 15 2
231 435
1 12 2
279 465
1 15 2
457 497
1 16 2
298 311
1 13 2
361 466
1 20 2
52 266
1 18 2
1 277
1 9 2
105 262
1 12 2
257 429
1 8 2
137 253
1 8 2
239 258
1 6 2
145 299
1 5 2
71 137
1 18 2
177 187
1 14 2
190 314
1 16 2
14 117
1 4 2
367 491
1 16 2
143 481
1 14 2
220 393
1 10 2
9 199
1 17 2
309 449
1 9 2
0 160
1 11 2
186 441
1 7 2
24 445
1 12 2
287 443
1 10 2
485 488
1 6 2
142 441
1 15 2
295 455
1 16 2
3 160
1 11 2
222 329
1 10 2
76 110
1 13 2
123 239
1 9 2
203 387
1 9 2
376 491
1 10 2
227 352
1 3 2
377 410
1 16 2
176 195
1 12 2
215 222
1 6 2
112 304
1 9 2
217 220
1 15 2
309 325
1 17 2
442 481
1 10 2
190 323
1 5 2
237 432
1 12 2
237 409
1 12 2
295 365
1 10 2
215 459
1 9 2
11 417
1 17 2
37 406
1 15 2
335 358
1 14 2
101 342
1 5 2
27 219
1 6 2
54 274
1 9 2
61 252
1 20 2
302 405
1 16 2
208 213
1 5 2
116 345
1 7 2
411 435
1 9 2
108 300
1 5 2
61 179
1 13 2
105 343
1 17 2
177 195
1 14 2
101 325
1 7 2
107 445
1 8 2
90 344
1 13 2
185 264
1 5 2
54 421
1 18 2
235 271
1 12 2
315 445
1 16 2
99 235
1 12 2
100 426
1 7 2
31 174
1 7 2
292 491
1 6 2
62 300
1 8 2
72 329
1 8 2
246 392
1 19 2
302 495
1 13 2
96 271
1 9 2
376 463
1 10 2
119 364
1 7 2
237 242
1 19 2
163 447
1 15 2
200 483
1 20 2
318 496
1 15 2
234 383
1 13 2
6 182
1 4 2
431 477
1 9 2
19 38
1 9 2
263 328
1 20 2
162 386
1 4 2
110 353
1 7 2
223 328
1 14 2
58 165
1 15 2
426 433
1 12 2
185 459
1 17 2
79 390
1 12 2
18 375
1 4 2
24 256
1 19 2
91 310
1 12 2
192 296
1 15 2
248 375
1 16 2
73 170
1 10 2
33 262
1 11 2
440 445
1 10 2
104 140
1 10 2
226 386
1 3 2
63 183
1 10 2
172 255
1 18 2
447 461
1 16 2
368 447
1 12 2
203 358
1 8 2
42 100
1 9 2
115 425
1 7 2
95 362
1 11 2
37 184
1 8 2
398 410
1 18 2
296 349
1 8 2
169 383
1 10 2
374 485
1 13 2
4 299
1 2 2
218 471
1 4 2
372 424
1 15 2
75 215
1 8 2
39 82
1 15 2
1 461
1 16 2
105 128
1 11 2
375 429
1 4 2
26 148
1 8 2
407 460
1 8 2
263 296
1 19 2
195 349
1 12 2
459 461
1 14 2
4 259
1 14 2
82 172
1 14 2
82 94
1 16 2
257 330
1 7 2
145 497
1 11 2
91 183
1 12 2
3 17
1 13 2
13 55
1 8 2
275 337
1 5 2
380 412
1 14 2
43 292
1 4 2
159 256
1 8 2
220 316
1 11 2
328 363
1 7 2
258 337
1 14 2
132 178
1 11 2
229 285
1 15 2
271 488
1 14 2
13 216
1 12 2
152 470
1 17 2
27 136
1 4 2
206 467
1 7 2
193 391
1 11 2
8 478
1 16 2
221 231
1 12 2
94 474
1 11 2
11 263
1 9 2
31 108
1 13 2
165 335
1 15 2
73 338
1 11 2
90 445
1 14 2
16 202
1 5 2
117 120
1 13 2
201 348
1 14 2
17 455
1 13 2
83 405
1 18 2
162 439
1 9 2
57 361
1 9 2
404 498
1 11 2
150 204
1 15 2
78 245
1 12 2
20 408
1 10 2
158 211
1 12 2
96 375
1 3 2
134 416
1 11 2
6 449
1 12 2
33 365
1 11 2
189 297
1 17 2
323 483
1 8 2
16 169
1 16 2
323 398
1 3 2
289 350
1 4 2
306 322
1 13 2
151 468
1 16 2
210 293
1 14 2
163 376
1 8 2
71 298
1 3 2
300 354
1 10 2
198 311
1 16 2
160 252
1 17 2
1 91
1 13 2
143 174
1 15 2
327 426
1 6 2
211 350
1 9 2
90 329
1 4 2
145 329
1 13 2
101 364
1 8 2
42 312
1 12 2
193 298
1 20 2
136 390
1 17 2
277 282
1 8 2
263 323
1 12 2
77 277
1 5 2
300 454
1 8 2
147 192
1 13 2
37 95
1 17 2
136 252
1 10 2
107 271
1 10 2
412 418
1 8 2
288 454
1 10 2
104 160
1 13 2
277 422
1 2 2
71 113
1 10 2
311 399
1 11 2
33 152
1 11 2
342 363
1 8 2
306 415
1 9 2
56 358
1 10 2
125 203
1 5 2
303 475
1 3 2
15 179
1 4 2
207 475
1 13 2
208 449
1 9 2
51 440
1 13 2
360 465
1 7 2
292 351
1 10 2
85 264
1 8 2
139 475
1 5 2
113 488
1 16 2
208 483
1 17 2
177 328
1 8 2
282 411
1 15 2
288 298
1 7 2
24 102
1 10 2
87 165
1 13 2
455 485
1 9 2
89 236
1 9 2
83 343
1 6 2
58 169
1 4 2
38 206
1 9 2
279 306
1 16 2
11 465
1 13 2
397 460
1 10 2
172 301
1 9 2
177 317
1 12 2
91 452
1 13 2
86 470
1 16 2
259 398
1 15 2
158 277
1 14 2
132 302
1 7 2
295 372
1 3 2
63 92
1 10 2
132 404
1 15 2
236 383
1 5 2
246 275
1 11 2
119 368
1 7 2
145 174
1 11 2
225 398
1 16 2
221 426
1 5 2
410 494
1 5 2
155 392
1 8 2
139 261
1 18 2
439 486
1 11 2
284 415
1 6 2
294 425
1 15 2
75 311
1 13 2
235 404
1 7 2
70 498
1 7 2
344 370
1 14 2
153 315
1 15 2
174 236
1 11 2
99 466
1 11 2
81 180
1 12 2
282 459
1 17 2
177 479
1 16 2
272 298
1 6 2
18 268
1 5 2
89 448
1 11 2
229 260
1 14 2
272 479
1 8 2
82 286
1 20 2
14 310
1 19 2
106 176
1 6 2
47 53
1 12 2
280 339
1 7 2
147 421
1 12 2
6 235
1 7 2
89 211
1 7 2
47 203
1 13 2
18 136
1 8 2
391 494
1 18 2
91 453
1 10 2
132 443
1 12 2
137 359
1 10 2
69 491
1 9 2
140 394
1 12 2
90 234
1 12 2
25 390
1 11 2
221 340
1 10 2
279 429
1 8 2
179 325
1 10 2
78 253
1 12 2
290 495
1 8 2
92 205
1 10 2
281 340
1 5 2
377 401
1 10 2
244 251
1 19 2
278 427
1 11 2
29 102
1 16 2
295 447
1 8 2
149 284
1 15 2
171 259
1 18 2
282 495
1 6 2
40 341
1 14 2
364 461
1 15 2
200 495
1 9 2
292 499
1 12 2
81 490
1 16 2
327 352
1 18 2
360 427
1 10 2
45 374
1 6 2
15 273
1 6 2
51 268
1 14 2
224 352
1 11 2
407 486
1 13 2
96 490
1 7 2
137 388
1 13 2
342 376
1 12 2
272 442
1 19 2
302 328
1 9 2
253 259
1 9 2
263 453
1 10 2
133 472
1 13 2
357 399
1 5 2
51 161
1 12 2
433 480
1 12 2
111 488
1 10 2
17 170
1 13 2
125 135
1 13 2
257 487
1 12 2
118 150
1 13 2
290 309
1 20 2
11 490
1 9 2
98 211
1 15 2
248 453
1 14 2
135 235
1 20 2
484 496
1 7 2
38 466
1 13 2
273 311
1 6 2
303 346
1 13 2
17 175
1 9 2
316 439
1 12 2
409 463
1 12 2
386 475
1 15 2
200 470
1 9 2
9 404
1 15 2
111 418
1 10 2
201 335
1 10 2
254 256
1 4 2
114 320
1 10 2
159 298
1 10 2
78 244
1 18 2
222 490
1 8 2
255 454
1 14 2
190 339
1 10 2
117 443
1 4 2
34 70
1 8 2
201 291
1 10 2
128 179
1 15 2
170 427
1 7 2
107 376
1 8 2
172 462
1 8 2
118 466
1 11 2
84 480
1 16 2
16 328
1 12 2
108 425
1 8 2
134 457
1 20 2
14 361
1 12 2
100 176
1 3 2
144 380
1 15 2
235 315
1 6 2
428 442
1 15 2
199 383
1 7 2
224 388
1 13 2
20 485
1 11 2
139 422
1 11 2
143 465
1 18 2
11 222
1 12 2
75 229
1 16 2
259 349
1 14 2
59 208
1 6 2
159 425
1 9 2
170 242
1 8 2
444 475
1 13 2
27 444
1 9 2
168 175
1 15 2
44 197
1 4 2
120 198
1 14 2
17 254
1 14 2
137 176
1 17 2
165 176
1 10 2
431 486
1 19 2
21 140
1 6 2
12 272
1 15 2
200 302
1 13 2
436 472
1 5 2
304 424
1 8 2
133 392
1 9 2
1 114
1 20 2
213 298
1 19 2
302 453
1 13 2
98 358
1 5 2
256 371
1 11 2
44 371
1 8 2
184 299
1 18 2
266 352
1 18 2
318 375
1 11 2
153 485
1 3 2
372 410
1 15 2
13 390
1 8 2
98 480
1 5 2
41 149
1 9 2
32 150
1 12 2
11 60
1 18 2
308 398
1 9 2
237 468
1 16 2
55 163
1 14 2
279 387
1 7 2
317 406
1 4 2
41 161
1 15 2
1 105
1 13 2
94 103
1 10 2
83 474
1 9 2
304 446
1 14 2
234 390
1 14 2
389 413
1 20 2
136 490
1 6 2
385 434
1 11 2
17 119
1 12 2
3 404
1 7 2
128 382
1 18 2
43 171
1 9 2
17 391
1 14 2
435 455
1 18 2
216 484
1 13 2
174 208
1 12 2
81 331
1 13 2
94 342
1 11 2
16 110
1 19 2
154 352
1 15 2
323 470
1 9 2
220 226
1 2 2
64 395
1 7 2
259 420
1 9 2
25 84
1 14 2
3 239
1 16 2
55 140
1 17 2
222 257
1 15 2
163 297
1 9 2
170 181
1 10 2
268 379
1 16 2
231 308
1 5 2
144 158
1 15 2
108 123
1 5 2
112 377
1 4 2
148 226
1 6 2
343 492
1 9 2
116 224
1 8 2
238 458
1 10 2
214 359
1 13 2
111 476
1 12 2
150 363
1 11 2
6 173
1 10 2
433 494
1 15 2
48 55
1 15 2
78 205
1 12 2
252 488
1 7 2
64 165
1 12 2
3 392
1 7 2
12 348
1 10 2
183 239
1 5 2
114 209
1 3 2
80 414
1 14 2
78 105
1 17 2
357 464
1 8 2
147 364
1 11 2
117 264
1 15 2
19 82
1 13 2
21 485
1 7 2
204 498
1 9 2
145 483
1 9 2
91 473
1 19 2
484 495
1 13 2
11 306
1 19 2
245 298
1 16 2
119 483
1 11 2
114 455
1 20 2
21 405
1 8 2
30 195
1 14 2
13 254
1 6 2
403 410
1 16 2
103 375
1 13 2
58 130
1 13 2
82 445
1 4 2
53 477
1 18 2
278 310
1 16 2
108 216
1 11 2
224 499
1 14 2
21 152
1 9 2
124 239
1 17 2
139 339
1 6 2
68 161
1 8 2
273 401
1 17 2
348 352
1 13 2
172 287
1 15 2
154 272
1 10 2
393 415
1 9 2
256 260
1 9 2
68 425
1 16 2
267 457
1 6 2
192 238
1 6 2
76 456
1 6 2
366 480
1 17 2
125 455
1 16 2
177 279
1 12 2
403 413
1 7 2
153 354
1 9 2
231 388
1 12 2
444 465
1 14 2
59 135
1 13 2
79 433
1 13 2
281 293
1 3 2
92 333
1 17 2
357 418
1 20 2
52 409
1 12 2
81 358
1 16 2
325 447
1 12 2
103 201
1 8 2
370 491
1 18 2
157 310
1 10 2
209 495
1 19 2
11 59
1 11 2
311 466
1 8 2
169 267
1 9 2
419 484
1 3 2
64 303
1 6 2
74 130
1 16 2
248 484
1 14 2
29 175
1 13 2
335 461
1 13 2
202 368
1 7 2
87 255
1 9 2
199 312
1 13 2
77 136
1 10 2
335 364
1 4 2
454 471
1 17 2
205 349
1 6 2
6 169
1 8 2
238 239
1 16 2
1 177
1 9 2
17 62
1 10 2
58 392
1 10 2
112 175
1 16 2
101 157
1 10 2
311 329
1 9 2
242 269
1 7 2
240 288
1 7 2
39 403
1 9 2
362 437
1 7 2
39 311
1 10 2
198 442
1 9 2
238 282
1 8 2
190 214
1 11 2
225 339
1 9 2
30 479
1 13 2
176 440
1 11 2
75 341
1 4 2
129 351
1 12 2
342 393
1 12 2
70 210
1 8 2
79 179
1 8 2
173 344
1 14 2
190 349
1 11 2
68 293
1 11 2
178 377
1 6 2
335 341
1 12 2
102 297
1 20 2
405 427
1 17 2
75 397
1 15 2
13 108
1 14 2
221 323
1 7 2
296 380
1 18 2
339 497
1 14 2
151 165
1 6 2
50 295
1 18 2
82 427
1 4 2
237 347
1 9 2
124 390
1 8 2
244 480
1 9 2
325 351
1 8 2
48 371
1 14 2
165 392
1 3 2
74 159
1 8 2
384 392
1 15 2
11 241
1 6 2
334 403
1 11 2
306 472
1 9 2
412 445
1 16 2
101 472
1 8 2
82 303
1 8 2
201 240
1 8 2
138 339
1 11 2
240 390
1 13 2
4 272
1 14 2
173 360
1 9 2
384 387
1 7 2
103 146
1 12 2
327 392
1 10 2
279 292
1 14 2
368 464
1 11 2
19 255
1 18 2
361 497
1 2 2
283 334
1 14 2
335 427
1 2 2
396 469
1 18 2
182 310
1 17 2
180 497
1 7 2
79 410
1 7 2
428 479
1 12 2
55 115
1 6 2
347 474
1 10 2
179 390
1 12 2
103 115
1 14 2
310 485
1 11 2
204 235
1 13 2
154 306
1 12 2
100 390
1 16 2
136 211
1 6 2
305 337
1 11 2
183 213
1 19 2
157 309
1 12 2
277 280
1 19 2
136 175
1 12 2
157 321
1 9 2
406 424
1 8 2
248 268
1 10 2
84 459
1 8 2
123 237
1 2 2
149 353
1 8 2
87 311
1 13 2
288 472
1 16 2
139 257
1 5 2
2 68
1 12 2
119 442
1 17 2
20 101
1 13 2
285 393
1 17 2
259 309
1 6 2
9 217
1 7 2
330 416
1 13 2
163 436
1 12 2
78 84
1 8 2
133 281
1 10 2
106 258
1 4 2
192 243
1 14 2
210 248
1 11 2
86 202
1 18 2
125 257
1 16 2
180 195
1 12 2
266 312
1 2 2
15 206
1 7 2
120 178
1 12 2
94 445
1 16 2
271 359
1 13 2
165 201
1 15 2
427 485
1 4 2
166 460
1 10 2
147 435
1 12 2
224 297
1 13 2
201 231
1 5 2
34 110
1 11 2
38 177
1 12 2
323 446
1 14 2
257 393
1 14 2
195 281
1 9 2
317 481
1 14 2
6 496
1 9 2
144 185
1 8 2
166 409
1 16 2
21 295
1 10 2
300 483
1 19 2
46 349
1 20 2
339 361
1 12 2
200 444
1 15 2
348 435
1 2 2
247 336
1 19 2
349 390
1 19 2
11 267
1 9 2
1 408
1 10 2
470 475
1 10 2
244 488
1 14 2
348 474
1 9 2
115 147
1 6 2
172 324
1 15 2
108 315
1 10 2
255 465
1 6 2
203 321
1 6 2
228 255
1 18 2
296 386
1 10 2
29 413
1 9 2
103 329
1 16 2
182 449
1 4 2
230 332
1 10 2
176 394
1 9 2
403 432
1 15 2
222 323
1 16 2
123 318
1 12 2
259 402
1 11 2
79 126
1 6 2
414 441
1 16 2
94 390
1 10 2
160 217
1 9 2
20 246
1 8 2
104 315
1 4 2
183 316
1 11 2
445 465
1 14 2
16 296
1 9 2
391 393
1 13 2
43 244
1 6 2
364 420
1 8 2
45 167
1 15 2
52 440
1 10 2
256 352
1 11 2
68 442
1 19 2
91 176
1 6 2
25 341
1 11 2
51 359
1 9 2
117 242
1 14 2
46 135
1 17 2
108 140
1 10 2
42 343
1 8 2
46 141
1 9 2
104 176
1 14 2
16 445
1 7 2
100 443
1 3 2
243 411
1 3 2
184 334
1 11 2
229 315
1 11 2
152 323
1 12 2
79 459
1 20 2
157 271
1 13 2
96 409
1 14 2
4 139
1 10 2
55 112
1 8 2
13 95
1 10 2
140 256
1 17 2
55 177
1 10 2
256 479
1 15 2
248 257
1 16 2
117 271
1 10 2
293 332
1 16 2
279 481
1 2 2
166 420
1 3 2
276 492
1 20 2
44 409
1 15 2
215 361
1 15 2
44 442
1 15 2
284 468
1 15 2
338 398
1 19 2
195 213
1 13 2
137 464
1 15 2
486 489
1 7 2
125 469
1 15 2
224 490
1 10 2
88 235
1 17 2
231 449
1 8 2
97 468
1 16 2
44 252
1 7 2
211 380
1 14 2
340 361
1 13 2
55 299
1 17 2
69 278
1 15 2
314 437
1 10 2
162 320
1 9 2
169 277
1 13 2
140 480
1 5 2
39 363
1 12 2
329 379
1 10 2
224 465
1 13 2
78 487
1 3 2
395 467
1 13 2
20 102
1 15 2
368 486
1 8 2
286 330
1 6 2
87 214
1 8 2
192 408
1 14 2
52 158
1 17 2
125 470
1 9 2
125 316
1 3 2
146 289
1 9 2
213 456
1 13 2
331 362
1 10 2
221 422
1 16 2
175 464
1 6 2
116 133
1 8 2
104 182
1 12 2
368 433
1 14 2
211 308
1 16 2
339 343
1 9 2
115 181
1 14 2
72 75
1 11 2
216 429
1 2 2
2 417
1 11 2
292 468
1 19 2
106 349
1 13 2
150 264
1 9 2
65 136
1 14 2
271 365
1 5 2
145 404
1 14 2
199 348
1 14 2
470 499
1 16 2
106 279
1 8 2
187 456
1 13 2
405 494
1 18 2
177 352
1 13 2
458 465
1 8 2
107 174
1 7 2
167 292
1 9 2
292 413
1 12 2
40 125
1 5 2
12 498
1 15 2
182 403
1 7 2
300 499
1 19 2
44 405
1 16 2
233 476
1 2 2
378 395
1 14 2
187 368
1 12 2
359 374
1 14 2
108 269
1 13 2
403 442
1 9 2
21 129
1 8 2
232 426
1 8 2
315 351
1 17 2
174 495
1 9 2
95 368
1 8 2
151 408
1 9 2
429 449
1 13 2
267 480
1 9 2
203 273
1 8 2
38 327
1 10 2
160 431
1 10 2
256 398
1 14 2
176 413
1 5 2
10 241
1 15 2
43 392
1 18 2
33 349
1 14 2
21 393
1 6 2
170 416
1 8 2
191 311
1 4 2
341 462
1 10 2
69 244
1 6 2
224 428
1 11 2
199 370
1 12 2
349 381
1 17 2
310 464
1 17 2
73 174
1 9 2
101 228
1 6 2
456 489
1 13 2
363 470
1 4 2
321 326
1 13 2
68 495
1 5 2
256 344
1 11 2
330 332
1 15 2
200 481
1 10 2
103 229
1 11 2
25 105
1 15 2
90 298
1 17 2
91 418
1 10 2
163 262
1 14 2
281 497
1 10 2
72 135
1 18 2
37 282
1 14 2
259 457
1 12 2
147 254
1 17 2
481 497
1 8 2
181 364
1 6 2
16 142
1 11 2
131 240
1 12 2
1 288
1 8 2
147 201
1 13 2
52 408
1 10 2
62 402
1 18 2
75 231
1 7 2
260 320
1 8 2
26 29
1 3 2
97 385
1 12 2
271 275
1 8 2
14 28
1 13 2
119 439
1 17 2
221 339
1 10 2
338 433
1 10 2
221 408
1 15 2
461 476
1 9 2
114 234
1 10 2
179 310
1 19 2
165 483
1 17 2
185 375
1 6 2
153 223
1 11 2
87 490
1 9 2
21 30
1 8 2
125 400
1 6 2
119 401
1 9 2
128 493
1 19 2
231 310
1 11 2
86 468
1 4 2
244 326
1 19 2
185 447
1 10 2
19 98
1 4 2
39 407
1 15 2
13 73
1 14 2
343 472
1 2 2
424 450
1 9 2
62 84
1 8 2
224 369
1 12 2
229 254
1 11 2
296 301
1 11 2
264 468
1 11 2
267 321
1 3 2
371 373
1 10 2
182 238
1 20 2
21 106
1 13 2
374 461
1 12 2
35 399
1 17 2
73 449
1 7 2
151 191
1 3 2
49 246
1 9 2
287 475
1 7 2
297 319
1 10 2
83 199
1 14 2
3 130
1 6 2
152 431
1 4 2
321 428
1 12 2
195 446
1 9 2
412 440
1 10 2
58 102
1 3 2
142 289
1 9 2
307 343
1 14 2
177 288
1 20 2
11 496
1 20 2
233 314
1 10 2
148 405
1 8 2
290 437
1 13 2
29 182
1 3 2
38 155
1 13 2
25 352
1 11 2
68 252
1 7 2
105 188
1 12 2
331 391
1 13 2
181 390
1 14 2
115 182
1 6 2
87 304
1 8 2
215 475
1 6 2
258 340
1 18 2
302 406
1 9 2
217 308
1 7 2
78 209
1 15 2
117 349
1 5 2
207 374
1 6 2
311 469
1 10 2
0 11
1 13 2
307 490
1 20 2
162 349
1 18 2
308 390
1 13 2
215 266
1 8 2
116 264
1 11 2
195 412
1 10 2
7 310
1 6 2
32 109
1 14 2
211 220
1 9 2
85 371
1 10 2
110 368
1 9 2
134 375
1 10 2
24 447
1 4 2
60 333
1 16 2
14 442
1 11 2
191 254
1 12 2
121 139
1 19 2
176 314
1 5 2
135 305
1 17 2
78 386
1 14 2
444 464
1 16 2
11 387
1 18 2
91 352
1 14 2
17 496
1 3 2
324 491
1 15 2
21 234
1 10 2
443 480
1 10 2
96 180
1 15 2
103 171
1 17 2
33 136
1 6 2
202 334
1 7 2
170 179
1 9 2
18 143
1 11 2
135 441
1 13 2
82 404
1 17 2
284 484
1 17 2
27 386
1 11 2
429 461
1 15 2
220 311
1 14 2
346 470
1 13 2
434 481
1 10 2
136 209
1 15 2
439 497
1 15 2
325 484
1 11 2
72 143
1 17 2
125 182
1 9 2
428 481
1 14 2
59 346
1 9 2
98 311
1 10 2
1 290
1 5 2
39 408
1 15 2
20 153
1 16 2
257 472
1 12 2
19 433
1 14 2
192 361
1 8 2
280 288
1 14 2
279 295
1 11 2
115 143
1 8 2
193 340
1 10 2
115 234
1 14 2
176 433
1 8 2
140 367
1 15 2
29 150
1 17 2
185 187
1 13 2
363 484
1 17 2
108 328
1 15 2
115 318
1 6 2
98 191
1 17 2
325 390
1 4 2
132 166
1 14 2
364 447
1 11 2
246 352
1 12 2
374 497
1 14 2
106 115
1 12 2
29 33
1 17 2
106 282
1 11 2
90 338
1 15 2
172 470
1 17 2
213 418
1 8 2
406 493
1 7 2
30 224
1 17 2
35 140
1 9 2
234 290
1 14 2
363 389
1 15 2
143 318
1 15 2
266 311
1 11 2
255 397
1 12 2
312 383
1 14 2
35 115
1 6 2
88 96
1 14 2
437 495
1 12 2
281 488
1 11 2
225 426
1 8 2
353 457
1 12 2
309 459
1 3 2
64 262
1 17 2
4 21
1 11 2
224 327
1 18 2
131 160
1 13 2
3 323
1 12 2
48 370
1 11 2
101 459
1 4 2
300 463
1 12 2
14 118
1 6 2
307 434
1 7 2
18 47
1 12 2
208 234
1 4 2
276 300
1 7 2
46 219
1 11 2
338 359
1 12 2
325 446
1 8 2
45 432
1 8 2
288 421
1 18 2
348 358
1 10 2
224 498
1 7 2
285 456
1 11 2
75 431
1 15 2
73 480
1 11 2
297 391
1 4 2
87 401
1 15 2
130 266
1 9 2
133 359
1 12 2
121 281
1 8 2
40 362
1 13 2
339 459
1 9 2
365 485
1 7 2
17 217
1 15 2
82 139
1 12 2
73 307
1 11 2
118 216
1 9 2
349 411
1 16 2
52 489
1 8 2
205 226
1 17 2
46 128
1 16 2
16 461
1 15 2
311 472
1 15 2
123 267
1 10 2
208 423
1 13 2
140 365
1 12 2
4 45
1 15 2
314 374
1 17 2
73 130
1 12 2
62 103
1 15 2
17 73
1 15 2
397 406
1 11 2
42 359
1 11 2
9 445
1 10 2
295 429
1 18 2
46 239
1 15 2
11 364
1 18 2
136 222
1 13 2
208 281
1 4 2
18 300
1 16 2
199 271
1 6 2
24 340
1 5 2
47 232
1 6 2
184 329
1 10 2
289 447
1 11 2
198 439
1 17 2
46 282
1 10 2
268 457
1 19 2
160 358
1 10 2
309 341
1 10 2
14 372
1 11 2
6 55
1 11 2
61 163
1 19 2
163 483
1 14 2
402 453
1 11 2
77 296
1 7 2
66 406
1 15 2
293 470
1 18 2
16 278
1 16 2
453 497
1 12 2
35 423
1 13 2
239 269
1 10 2
177 448
1 5 2
56 423
1 20 2
349 481
1 16 2
476 486
1 12 2
186 195
1 13 2
140 192
1 10 2
259 491
1 7 2
291 436
1 10 2
147 449
1 11 2
213 227
1 8 2
152 423
1 14 2
346 386
1 18 2
108 185
1 7 2
325 477
1 16 2
27 309
1 5 2
112 191
1 14 2
310 425
1 9 2
200 415
1 10 2
294 314
1 6 2
191 369
1 16 2
266 343
1 19 2
43 398
1 14 2
78 295
1 9 2
232 233
1 20 2
298 409
1 17 2
46 48
1 5 2
161 307
1 11 2
203 331
1 6 2
414 480
1 14 2
157 201
1 8 2
146 222
1 10 2
288 340
1 2 2
138 194
1 5 2
219 441
1 8 2
80 442
1 12 2
42 348
1 14 2
233 443
1 9 2
204 444
1 7 2
22 101
1 15 2
103 468
1 20 2
44 486
1 19 2
37 46
1 13 2
215 296
1 9 2
62 466
1 19 2
154 405
1 13 2
101 393
1 16 2
123 375
1 17 2
282 348
1 7 2
78 169
1 9 2
39 44
1 10 2
167 239
1 10 2
422 488
1 5 2
81 475
1 13 2
210 460
1 12 2
241 323
1 6 2
57 480
1 12 2
102 208
1 7 2
467 494
1 7 2
222 322
1 6 2
57 393
1 4 2
265 415
1 12 2
242 495
1 9 2
363 433
1 15 2
205 379
1 16 2
117 357
1 4 2
53 303
1 8 2
0 16
1 7 2
143 438
1 8 2
135 203
1 15 2
111 352
1 10 2
238 484
1 6 2
121 261
1 15 2
427 499
1 7 2
289 499
1 18 2
278 484
1 19 2
233 357
1 8 2
25 201
1 5 2
25 300
1 3 2
209 294
1 8 2
145 472
1 11 2
75 407
1 15 2
17 46
1 16 2
178 442
1 15 2
260 282
1 11 2
136 385
1 3 2
34 164
1 9 2
70 117
1 19 2
157 409
1 11 2
96 175
1 2 2
156 247
1 17 2
11 205
1 9 2
312 474
1 7 2
78 372
1 18 2
37 79
1 13 2
4 343
1 9 2
57 339
1 13 2
6 175
1 14 2
222 295
1 10 2
191 195
1 4 2
49 423
1 15 2
393 495
1 11 2
245 280
1 11 2
114 239
1 4 2
60 142
1 8 2
152 255
1 20 2
271 484
1 11 2
406 425
1 13 2
282 413
1 7 2
50 472
1 11 2
437 476
1 13 2
37 242
1 8 2
240 437
1 5 2
7 351
1 16 2
13 496
1 13 2
48 115
1 3 2
32 238
1 3 2
34 217
1 9 2
90 381
1 15 2
162 499
1 4 2
340 378
1 2 2
104 120
1 9 2
201 312
1 7 2
22 309
1 9 2
107 176
1 12 2
277 408
1 12 2
285 288
1 14 2
16 315
1 15 2
19 177
1 10 2
38 131
1 5 2
363 401
1 9 2
365 466
1 7 2
265 295
1 13 2
321 483
1 11 2
220 329
1 16 2
178 435
1 10 2
358 388
1 4 2
307 317
1 2 2
265 430
1 16 2
59 296
1 13 2
119 216
1 9 2
81 327
1 10 2
365 392
1 10 2
89 495
1 12 2
176 466
1 20 2
14 405
1 13 2
165 189
1 5 2
290 316
1 14 2
43 370
1 6 2
104 494
1 14 2
318 422
1 7 2
9 256
1 11 2
221 423
1 15 2
383 387
1 15 2
52 460
1 6 2
171 430
1 14 2
99 458
1 12 2
268 302
1 10 2
103 114
1 6 2
71 78
1 8 2
203 338
1 13 2
21 110
1 17 2
101 136
1 14 2
37 415
1 7 2
295 419
1 16 2
397 449
1 5 2
30 454
1 7 2
33 129
1 11 2
264 284
1 12 2
224 418
1 14 2
330 368
1 10 2
11 30
1 6 2
234 353
1 12 2
272 445
1 11 2
252 399
1 8 2
319 426
1 18 2
177 348
1 9 2
225 251
1 11 2
86 139
1 19 2
331 470
1 11 2
37 228
1 9 2
140 226
1 12 2
375 452
1 12 2
173 272
1 18 2
195 383
1 9 2
51 224
1 8 2
279 289
1 10 2
77 205
1 10 2
249 447
1 8 2
47 100
1 16 2
46 296
1 6 2
249 312
1 7 2
217 404
1 7 2
109 400
1 16 2
337 361
1 7 2
281 372
1 8 2
342 380
1 18 2
44 293
1 15 2
111 461
1 8 2
435 478
1 14 2
105 259
1 13 2
180 440
1 15 2
90 277
1 2 2
206 219
1 10 2
237 472
1 15 2
182 259
1 8 2
286 328
1 7 2
25 193
1 11 2
351 427
1 10 2
3 365
1 16 2
27 266
1 3 2
228 336
1 17 2
252 481
1 18 2
254 257
1 12 2
200 476
1 5 2
244 382
1 12 2
255 406
1 17 2
295 483
1 4 2
50 179
1 15 2
78 486
1 14 2
13 495
1 17 2
59 439
1 6 2
202 305
1 11 2
78 110
1 6 2
215 286
1 16 2
111 266
1 13 2
152 427
1 6 2
234 382
1 11 2
38 490
1 20 2
178 490
1 16 2
251 386
1 15 2
137 271
1 12 2
40 235
1 12 2
37 98
1 8 2
360 482
1 5 2
219 403
1 10 2
70 105
1 14 2
280 386
1 10 2
37 107
1 14 2
257 435
1 13 2
11 51
1 17 2
458 481
1 16 2
213 487
1 16 2
279 298
1 17 2
99 154
1 8 2
0 284
1 10 2
117 290
1 14 2
457 474
1 15 2
58 314
1 8 2
163 333
1 9 2
5 29
1 9 2
366 484
1 16 2
171 254
1 12 2
285 340
1 3 2
67 289
1 17 2
27 318
1 5 2
149 443
1 12 2
132 222
1 13 2
4 402
1 7 2
319 387
1 9 2
352 354
1 18 2
165 277
1 6 2
97 186
1 7 2
369 436
1 7 2
86 407
1 10 2
165 432
1 3 2
394 456
1 20 2
309 389
1 17 2
103 481
1 6 2
17 53
1 13 2
17 284
1 13 2
69 346
1 4 2
256 401
1 19 2
175 427
1 7 2
189 291
1 14 2
365 398
1 19 2
302 479
1 13 2
46 460
1 13 2
325 342
1 7 2
9 127
1 12 2
231 459
1 16 2
202 484
1 15 2
42 136
1 12 2
82 292
1 18 2
187 390
1 11 2
152 397
1 12 2
77 267
1 9 2
26 499
1 10 2
337 365
1 10 2
423 458
1 18 2
470 486
1 15 2
267 348
1 5 2
30 122
1 6 2
445 477
1 6 2
110 341
1 17 2
285 357
1 19 2
266 389
1 16 2
245 252
1 16 2
297 481
1 6 2
56 76
1 10 2
331 401
1 11 2
281 445
1 18 2
157 239
1 9 2
118 173
1 17 2
284 405
1 17 2
160 470
1 9 2
101 237
1 12 2
362 444
1 4 2
63 114
1 20 2
277 386
1 10 2
436 441
1 7 2
171 333
1 13 2
132 398
1 2 2
146 366
1 5 2
74 413
1 12 2
309 381
1 7 2
122 415
1 6 2
113 252
1 11 2
306 308
1 17 2
352 457
1 8 2
170 246
1 5 2
350 425
1 13 2
126 386
1 11 2
181 397
1 9 2
266 303
1 5 2
42 400
1 5 2
366 408
1 12 2
458 480
1 12 2
83 239
1 6 2
279 353
1 9 2
239 478
1 11 2
264 293
1 6 2
169 499
1 10 2
167 406
1 13 2
251 444
1 7 2
60 292
1 16 2
199 427
1 9 2
180 249
1 14 2
205 359
1 5 2
41 341
1 11 2
180 306
1 8 2
187 336
1 5 2
50 485
1 14 2
199 439
1 15 2
35 117
1 19 2
108 405
1 16 2
239 405
1 7 2
55 71
1 5 2
197 206
1 4 2
133 159
1 11 2
44 95
1 16 2
1 486
1 11 2
452 470
1 14 2
153 284
1 9 2
136 388
1 7 2
86 96
1 16 2
284 310
1 12 2
267 413
1 5 2
86 134
1 13 2
201 282
1 12 2
29 251
1 16 2
131 140
1 8 2
69 124
1 10 2
193 297
1 14 2
162 312
1 15 2
272 309
1 12 2
298 467
1 8 2
269 432
1 10 2
104 177
1 16 2
16 216
1 3 2
247 303
1 5 2
81 303
1 4 2
319 429
1 4 2
268 414
1 12 2
381 390
1 4 2
146 196
1 10 2
119 498
1 8 2
4 80
1 7 2
78 107
1 15 2
76 271
1 12 2
84 444
1 7 2
23 44
1 16 2
165 221
1 11 2
397 399
1 12 2
361 407
1 4 2
467 482
1 9 2
275 287
1 13 2
348 499
1 16 2
160 295
1 14 2
185 413
1 13 2
21 83
1 18 2
266 314
1 4 2
270 415
1 15 2
308 325
1 5 2
147 493
1 9 2
43 212
1 16 2
109 254
1 7 2
89 425
1 10 2
111 485
1 13 2
1 252
1 7 2
2 59
1 19 2
91 163
1 17 2
103 386
1 12 2
191 314
1 16 2
46 315
1 15 2
14 199
1 11 2
361 371
1 18 2
461 490
1 11 2
94 459
1 5 2
146 363
1 9 2
194 213
1 4 2
159 401
1 12 2
197 418
1 13 2
86 245
1 11 2
3 460
1 11 2
221 301
1 6 2
367 402
1 10 2
139 190
1 10 2
234 374
1 7 2
317 328
1 17 2
1 213
1 10 2
198 295
1 11 2
108 412
1 7 2
184 392
1 2 2
2 57
1 9 2
330 478
1 14 2
9 43
1 7 2
144 403
1 3 2
112 373
1 9 2
78 204
1 6 2
423 482
1 6 2
92 292
1 20 2
298 314
1 16 2
143 271
1 13 2
192 267
1 15 2
58 266
1 17 2
315 481
1 10 2
5 343
1 18 2
46 453
1 18 2
150 278
1 13 2
170 284
1 10 2
239 291
1 8 2
3 377
1 8 2
102 275
1 14 2
279 497
1 11 2
204 390
1 11 2
228 389
1 9 2
127 403
1 14 2
189 481
1 16 2
266 442
1 19 2
298 398
1 14 2
340 389
1 14 2
364 486
1 9 2
157 473
1 15 2
259 470
1 12 2
126 154
1 12 2
302 351
1 3 2
421 450
1 18 2
33 277
1 12 2
19 137
1 12 2
246 302
1 10 2
152 153
1 6 2
18 96
1 11 2
274 405
1 7 2
61 280
1 9 2
255 425
1 11 2
310 332
1 14 2
55 285
1 16 2
160 296
1 18 2
284 490
1 15 2
220 449
1 2 2
142 355
1 17 2
397 409
1 14 2
187 200
1 20 2
136 277
1 12 2
197 273
1 18 2
55 298
1 10 2
150 238
1 19 2
298 457
1 6 2
248 382
1 9 2
61 342
1 16 2
73 251
1 10 2
164 483
1 12 2
443 470
1 7 2
332 494
1 14 2
172 236
1 17 2
254 266
1 11 2
190 449
1 16 2
111 278
1 13 2
189 233
1 14 2
111 293
1 12 2
21 196
1 10 2
228 309
1 6 2
31 189
1 12 2
101 110
1 18 2
35 59
1 2 2
71 353
1 5 2
63 466
1 15 2
105 476
1 15 2
295 308
1 12 2
181 233
1 11 2
181 235
1 16 2
3 154
1 18 2
302 472
1 13 2
119 123
1 6 2
300 346
1 20 2
8 277
1 16 2
282 406
1 19 2
59 357
1 18 2
163 352
1 10 2
61 455
1 11 2
348 412
1 11 2
99 413
1 14 2
339 436
1 10 2
394 461
1 9 2
7 131
1 19 2
20 162
1 19 2
73 154
1 4 2
207 307
1 3 2
258 382
1 12 2
103 215
1 5 2
134 288
1 13 2
42 150
1 3 2
336 394
1 10 2
216 237
1 11 2
84 494
1 10 2
292 323
1 4 2
28 192
1 7 2
134 195
1 16 2
139 358
1 3 2
258 326
1 7 2
148 443
1 7 2
96 340
1 9 2
100 115
1 6 2
260 270
1 18 2
163 310
1 7 2
69 469
1 5 2
288 492
1 4 2
70 419
1 17 2
52 403
1 7 2
96 301
1 6 2
137 230
1 20 2
43 349
1 14 2
370 409
1 17 2
205 409
1 3 2
112 243
1 9 2
304 499
1 4 2
5 378
1 18 2
20 91
1 14 2
1 328
1 10 2
70 143
1 5 2
244 417
1 10 2
181 418
1 10 2
60 453
1 14 2
102 254
1 17 2
267 497
1 13 2
79 139
1 8 2
17 253
1 7 2
76 256
1 5 2
243 466
1 8 2
405 492
1 12 2
158 449
1 14 2
182 337
1 6 2
291 454
1 8 2
89 442
1 8 2
202 482
1 18 2
154 379
1 4 2
67 434
1 15 2
44 199
1 3 2
7 354
1 13 2
208 222
1 15 2
202 472
1 9 2
165 249
1 8 2
164 418
1 11 2
88 426
1 4 2
88 107
1 9 2
60 273
1 4 2
214 456
1 3 2
243 385
1 8 2
33 477
1 14 2
20 137
1 8 2
160 206
1 14 2
251 297
1 14 2
16 99
1 7 2
18 197
1 6 2
74 281
1 3 2
30 89
1 6 2
337 400
1 8 2
168 257
1 11 2
117 158
1 13 2
105 387
1 12 2
222 255
1 18 2
73 464
1 12 2
255 285
1 6 2
23 78
1 12 2
61 185
1 18 2
162 245
1 17 2
69 390
1 7 2
316 376
1 12 2
59 412
1 15 2
75 121
1 14 2
312 358
1 20 2
271 481
1 15 2
135 357
1 11 2
240 285
1 13 2
315 342
1 4 2
74 151
1 10 2
76 158
1 10 2
25 418
1 11 2
131 280
1 8 2
149 221
1 7 2
221 316
1 2 2
333 469
1 3 2
134 148
1 9 2
44 416
1 12 2
170 296
1 11 2
198 260
1 15 2
213 466
1 11 2
182 452
1 16 2
75 199
1 9 2
274 323
1 13 2
125 425
1 16 2
20 239
1 11 2
41 216
1 16 2
33 44
1 16 2
387 390
1 7 2
253 485
1 10 2
87 328
1 15 2
187 392
1 15 2
119 309
1 7 2
239 347
1 7 2
164 337
1 17 2
277 464
1 9 2
61 311
1 15 2
48 79
1 16 2
309 315
1 16 2
252 282
1 12 2
234 323
1 15 2
315 453
1 3 2
303 395
1 8 2
214 362
1 7 2
6 167
1 5 2
70 303
1 18 2
349 476
1 7 2
209 406
1 20 2
157 314
1 8 2
17 304
1 20 2
310 427
1 9 2
159 165
1 15 2
349 460
1 12 2
25 470
1 5 2
77 424
1 14 2
101 418
1 3 2
67 388
1 13 2
196 390
1 8 2
236 249
1 16 2
287 383
1 7 2
163 400
1 11 2
211 466
1 14 2
94 117
1 15 2
85 495
1 4 2
159 188
1 12 2
231 466
1 18 2
157 182
1 11 2
95 182
1 5 2
286 402
1 13 2
99 170
1 17 2
210 236
1 12 2
72 273
1 7 2
244 407
1 13 2
72 453
1 11 2
38 339
1 15 2
260 468
1 20 2
20 349
1 11 2
288 487
1 16 2
397 472
1 10 2
108 191
1 4 2
18 36
1 10 2
234 301
1 11 2
84 224
1 10 2
5 311
1 20 2
178 495
1 3 2
2 291
1 16 2
287 426
1 20 2
349 358
1 3 2
49 237
1 16 2
445 490
1 14 2
425 490
1 18 2
108 302
1 15 2
3 11
1 9 2
108 228
1 16 2
73 445
1 5 2
119 378
1 20 2
8 235
1 12 2
240 483
1 6 2
173 492
1 4 2
28 132
1 13 2
1 393
1 12 2
312 406
1 11 2
121 170
1 10 2
81 287
1 7 2
193 242
1 8 2
347 379
1 9 2
234 498
1 7 2
224 407
1 9 2
5 17
1 11 2
9 16
1 13 2
5 495
1 14 2
171 269
1 11 2
20 371
1 8 2
119 463
1 8 2
110 362
1 14 2
102 453
1 13 2
182 435
1 14 2
281 282
1 14 2
154 189
1 9 2
370 374
1 17 2
222 427
1 8 2
330 354
1 15 2
27 461
1 19 2
160 383
1 10 2
73 209
1 16 2
160 343
1 17 2
78 358
1 15 2
90 339
1 8 2
38 137
1 4 2
93 454
1 20 2
52 496
1 11 2
3 84
1 4 2
355 412
1 19 2
213 220
1 10 2
97 481
1 12 2
90 293
1 8 2
256 342
1 15 2
357 376
1 10 2
170 374
1 12 2
405 429
1 16 2
3 302
1 14 2
42 447
1 19 2
20 496
1 5 2
110 261
1 8 2
52 265
1 14 2
46 487
1 11 2
136 463
1 15 2
165 285
1 18 2
11 182
1 7 2
274 498
1 13 2
331 363
1 15 2
130 231
1 11 2
42 202
1 11 2
186 259
1 18 2
131 154
1 13 2
178 391
1 10 2
189 446
1 9 2
54 272
1 15 2
257 337
1 13 2
11 198
1 10 2
215 340
1 12 2
5 165
1 7 2
36 103
1 13 2
35 301
1 9 2
277 355
1 6 2
164 335
1 11 2
101 362
1 14 2
78 308
1 8 2
191 392
1 10 2
35 262
1 6 2
414 445
1 6 2
121 355
1 10 2
116 172
1 5 2
97 413
1 10 2
287 369
1 10 2
394 490
1 17 2
210 472
1 14 2
150 151
1 16 2
220 457
1 12 2
357 475
1 9 2
233 400
1 17 2
277 418
1 7 2
403 414
1 8 2
329 399
1 9 2
143 203
1 11 2
21 98
1 9 2
91 129
1 15 2
128 468
1 2 2
7 430
1 11 2
185 203
1 11 2
83 221
1 4 2
129 237
1 5 2
98 289
1 19 2
46 484
1 19 2
383 390
1 10 2
21 385
1 13 2
235 269
1 16 2
46 272
1 17 2
213 239
1 10 2
132 435
1 13 2
281 287
1 5 2
53 377
1 20 2
298 358
1 6 2
299 419
1 8 2
322 481
1 14 2
174 360
1 5 2
77 97
1 19 2
389 457
1 17 2
37 403
1 14 2
252 360
1 19 2
349 357
1 17 2
35 239
1 11 2
287 494
1 17 2
386 403
1 8 2
281 462
1 12 2
51 406
1 12 2
100 245
1 19 2
14 453
1 15 2
271 402
1 7 2
105 324
1 11 2
190 259
1 14 2
8 423
1 8 2
417 468
1 5 2
70 104
1 7 2
379 400
1 7 2
155 379
1 15 2
79 128
1 12 2
157 229
1 10 2
179 479
1 18 2
233 287
1 11 2
13 376
1 12 2
405 432
1 12 2
6 479
1 5 2
244 263
1 9 2
392 454
1 11 2
76 488
1 15 2
20 403
1 13 2
271 301
1 16 2
162 211
1 6 2
376 456
1 14 2
35 143
1 7 2
218 315
1 11 2
184 484
1 12 2
118 375
1 7 2
114 214
1 9 2
36 257
1 16 2
358 435
1 10 2
115 465
1 9 2
50 486
1 12 2
6 165
1 17 2
105 195
1 16 2
298 387
1 14 2
405 446
1 7 2
105 410
1 12 2
231 264
1 12 2
343 488
1 13 2
136 152
1 14 2
11 151
1 17 2
20 154
1 11 2
82 98
1 13 2
115 397
1 16 2
172 409
1 14 2
260 488
1 14 2
301 339
1 4 2
81 146
1 5 2
148 421
1 15 2
76 266
1 17 2
285 490
1 10 2
301 342
1 4 2
193 396
1 17 2
4 235
1 6 2
49 325
1 9 2
76 292
1 7 2
61 98
1 4 2
198 326
1 6 2
407 454
1 11 2
20 452
1 14 2
111 308
1 14 2
328 441
1 15 2
102 486
1 13 2
62 245
1 14 2
78 376
1 8 2
306 374
1 10 2
128 384
1 16 2
170 298
1 10 2
181 202
1 15 2
99 426
1 15 2
94 195
1 17 2
202 389
1 2 2
134 169
1 12 2
45 202
1 13 2
21 364
1 4 2
203 355
1 9 2
130 431
1 6 2
374 410
1 14 2
27 442
1 9 2
79 237
1 20 2
73 426
1 11 2
108 204
1 11 2
171 421
1 19 2
187 483
1 17 2
44 69
1 14 2
94 348
1 19 2
11 128
1 5 2
141 269
1 2 2
305 378
1 14 2
186 318
1 11 2
198 284
1 12 2
153 234
1 9 2
140 401
1 16 2
106 295
1 16 2
309 444
1 9 2
101 204
1 16 2
245 254
1 18 2
75 461
1 15 2
273 309
1 16 2
154 293
1 7 2
27 401
1 5 2
9 428
1 16 2
109 210
1 13 2
236 273
1 15 2
160 327
1 7 2
168 205
1 12 2
42 295
1 10 2
321 403
1 14 2
267 272
1 10 2
306 360
1 12 2
204 331
1 11 2
242 254
1 15 2
99 131
1 7 2
285 319
1 13 2
99 343
1 11 2
184 389
1 20 2
302 490
1 12 2
251 255
1 11 2
246 277
1 9 2
278 336
1 8 2
193 443
1 11 2
152 453
1 14 2
308 403
1 7 2
4 243
1 7 2
268 494
1 14 2
125 248
1 10 2
226 484
1 8 2
27 385
1 8 2
129 472
1 14 2
383 392
1 15 2
285 328
1 7 2
413 424
1 9 2
343 432
1 6 2
67 252
1 5 2
71 264
1 8 2
86 306
1 3 2
169 438
1 11 2
384 484
1 18 2
339 457
1 11 2
69 415
1 7 2
304 412
1 14 2
102 176
1 6 2
53 292
1 10 2
318 366
1 15 2
202 210
1 10 2
11 424
1 3 2
168 238
1 10 2
426 473
1 14 2
374 481
1 16 2
453 472
1 11 2
95 165
1 16 2
130 386
1 3 2
65 289
1 8 2
266 400
1 4 2
159 276
1 4 2
345 432
1 6 2
365 372
1 7 2
18 70
1 5 2
41 388
1 10 2
337 459
1 15 2
180 343
1 13 2
118 213
1 12 2
266 415
1 7 2
192 351
1 16 2
3 361
1 16 2
251 310
1 19 2
213 472
1 20 2
46 405
1 12 2
19 487
1 6 2
51 238
1 11 2
299 433
1 16 2
271 325
1 3 2
350 420
1 11 2
82 454
1 8 2
285 477
1 15 2
75 117
1 10 2
52 401
1 16 2
4 453
1 4 2
67 351
1 4 2
329 396
1 14 2
293 297
1 9 2
73 428
1 14 2
14 374
1 8 2
380 479
1 8 2
18 135
1 17 2
136 458
1 7 2
105 322
1 11 2
227 254
1 3 2
286 366
1 10 2
222 369
1 9 2
122 435
1 6 2
38 253
1 12 2
348 466
1 16 2
259 484
1 11 2
51 297
1 11 2
293 304
1 15 2
402 427
1 12 2
277 421
1 10 2
24 483
1 17 2
101 496
1 8 2
64 490
1 14 2
108 499
1 7 2
132 332
1 6 2
64 281
1 15 2
21 84
1 14 2
175 215
1 5 2
345 452
1 18 2
163 484
1 13 2
122 490
1 15 2
139 267
1 9 2
346 454
1 12 2
259 465
1 13 2
116 157
