500 3000 1500
11 21 9 24 13 14 9 24 9 5 11 11 5 8 17 16 23 24 22 24 25 6 20 21 13 24 7 24 10 15 9 9 16 15 12 7 14 5 18 11 14 5 17 18 5 8 21 23 17 8 6 10 23 11 14 22 22 24 20 17 17 20 7 22 19 13 14 5 24 8 12 5 12 9 14 9 19 9 17 16 16 17 7 19 7 16 11 22 19 10 25 23 20 16 6 17 17 11 19 15 14 8 6 24 15 22 16 7 6 14 23 18 16 5 20 16 22 23 24 14 21 20 14 15 16 11 14 5 25 7 7 20 9 15 13 6 11 18 5 6 10 18 14 17 25 7 17 22 18 21 6 9 21 25 14 19 12 14 24 8 5 24 11 9 10 8 6 25 9 21 11 5 11 22 16 15 7 19 16 22 25 24 25 16 13 18 22 8 20 11 25 16 9 10 25 5 12 22 7 17 11 22 22 10 14 9 9 7 17 18 5 16 19 17 5 20 22 22 18 11 20 13 7 18 6 24 15 14 10 22 18 14 23 7 14 8 12 13 19 21 22 11 18 18 12 22 13 17 14 17 13 25 10 8 18 23 7 17 11 14 15 19 9 20 6 16 20 8 14 8 10 17 8 6 22 11 20 5 9 18 12 7 5 24 8 14 15 11 21 11 6 20 16 8 6 15 18 11 9 9 8 16 25 24 5 14 24 14 14 19 24 14 14 11 24 15 12 19 10 22 10 9 21 25 5 25 25 9 24 19 18 25 20 9 9 15 14 17 9 8 25 21 5 8 14 9 24 16 15 24 16 16 11 15 5 23 19 8 6 16 19 19 7 11 7 16 13 22 17 20 10 24 22 20 9 6 14 22 16 7 13 10 25 7 21 5 18 18 12 14 14 22 14 15 18 6 8 18 18 5 10 12 22 21 6 15 23 10 10 9 17 9 19 24 21 24 18 22 15 19 10 16 7 5 23 16 23 9 11 6 16 5 14 8 24 6 19 9 13 21 6 5 6 20 8 16 22 10 5 11 5 18 5 19 20 7 12 22 6 11 18 10 15 22 14 15 17 22 9 7 7 22 7 11 13 23 19 12 24 16 13 18 10 9 14 17 20 17 14 13 7 14 21 21 9 16 16 13 12 16
18 20 14 16 20 12 8 18 6 3 13 4 13 17 10 11 15 13 14 13 14 3 16 18 15 11 8 14 11 4 19 15 7 18 3 11 13 4 5 8 11 14 13 16 20 5 17 18 18 14 18 7 7 9 5 20 16 17 11 5 20 10 11 9 17 6 15 6 17 20 8 16 7 10 5 15 18 10 3 5 10 8 18 16 6 10 19 16 15 17 3 8 10 7 3 8 10 6 12 15 10 19 6 7 14 4 20 19 15 11 3 19 10 15 11 6 13 4 5 10 4 3 12 8 9 19 5 13 20 13 20 17 5 13 18 18 8 4 20 12 16 3 15 9 13 13 10 8 20 6 3 11 19 4 14 13 15 9 12 14 10 10 18 11 10 5 4 16 19 18 19 13 19 3 14 17 11 5 10 13 12 10 13 14 8 12 16 7 17 10 9 20 17 16 4 7 7 14 9 18 8 12 13 14 17 19 3 9 10 10 13 3 15 14 16 10 18 12 9 16 10 14 16 5 8 6 14 10 11 8 13 12 4 3 15 6 5 20 19 17 5 18 14 17 4 11 19 12 6 8 7 10 19 18 11 16 16 10 16 7 19 14 7 10 8 18 6 6 15 10 16 20 13 17 11 4 12 11 8 12 7 14 20 12 3 16 10 16 14 5 13 5 20 20 4 14 4 13 18 3 14 5 19 9 16 12 3 5 3 7 5 15 12 17 15 8 16 17 5 19 15 6 5 11 5 5 8 17 4 6 20 19 5 18 19 13 7 13 3 9 10 10 16 15 9 12 15 18 18 7 12 3 4 3 10 5 3 4 6 5 5 17 3 15 15 3 5 9 13 18 20 16 18 6 9 18 10 4 7 16 6 19 3 10 5 20 12 6 13 11 15 6 16 16 11 4 15 8 11 9 18 14 4 13 16 7 9 12 13 14 20 5 19 19 19 8 6 16 16 15 13 11 7 11 15 8 11 17 15 5 3 9 16 16 3 4 6 5 15 11 19 13 20 14 13 17 15 4 16 10 15 16 16 10 13 6 16 12 6 9 4 12 19 5 4 19 19 10 19 8 4 12 3 12 19 10 3 4 19 6 4 3 10 17 7 18 7 7 20 20 18 3 12 12 7 8 13 4 9 5
1 7 2
263 418
1 9 2
153 437
1 10 2
75 379
1 7 2
33 497
1 3 2
246 376
1 10 2
143 146
1 10 2
356 460
1 9 2
76 437
1 10 2
196 385
1 4 2
172 460
1 10 2
85 97
1 10 2
208 421
1 10 2
127 300
1 6 2
30 73
1 3 2
440 454
1 12 2
8 72
1 12 2
117 178
1 12 2
33 331
1 2 2
50 446
1 8 2
53 243
1 8 2
366 417
1 5 2
413 481
1 12 2
134 232
1 7 2
241 296
1 9 2
222 390
1 3 2
361 474
1 12 2
72 187
1 13 2
346 486
1 14 2
75 237
1 12 2
270 276
1 10 2
447 486
1 10 2
435 454
1 3 2
244 494
1 13 2
174 299
1 14 2
407 451
1 11 2
63 434
1 13 2
91 177
1 8 2
179 300
1 4 2
349 395
1 5 2
378 422
1 14 2
326 455
1 2 2
214 491
1 9 2
30 45
1 4 2
8 479
1 14 2
27 33
1 2 2
353 385
1 3 2
298 454
1 9 2
31 360
1 14 2
443 462
1 10 2
241 274
1 8 2
18 436
1 3 2
52 216
1 5 2
97 398
1 14 2
94 230
1 5 2
30 260
1 7 2
51 186
1 10 2
231 446
1 13 2
32 487
1 10 2
106 212
1 4 2
160 346
1 6 2
77 300
1 9 2
361 366
1 11 2
161 267
1 15 2
379 461
1 13 2
351 397
1 10 2
166 478
1 14 2
382 405
1 10 2
112 385
1 15 2
452 473
1 13 2
217 441
1 12 2
61 354
1 3 2
170 342
1 10 2
295 475
1 15 2
225 491
1 4 2
108 273
1 3 2
118 411
1 8 2
271 358
1 6 2
250 365
1 8 2
210 246
1 5 2
338 457
1 12 2
41 209
1 11 2
273 452
1 3 2
87 265
1 14 2
382 474
1 8 2
125 418
1 14 2
385 493
1 4 2
124 291
1 15 2
16 308
1 7 2
54 397
1 2 2
160 174
1 3 2
418 428
1 8 2
87 410
1 15 2
25 310
1 7 2
136 206
1 8 2
213 409
1 4 2
242 461
1 4 2
341 386
1 14 2
159 325
1 13 2
467 498
1 13 2
190 270
1 6 2
139 411
1 15 2
121 261
1 5 2
46 328
1 8 2
25 134
1 4 2
31 454
1 13 2
340 484
1 2 2
198 336
1 9 2
202 338
1 12 2
35 497
1 8 2
316 430
1 7 2
190 410
1 4 2
53 293
1 15 2
164 182
1 9 2
162 288
1 2 2
171 458
1 5 2
180 316
1 14 2
77 473
1 10 2
281 374
1 15 2
233 261
1 14 2
178 253
1 2 2
94 219
1 7 2
284 429
1 2 2
348 463
1 4 2
256 416
1 10 2
154 342
1 11 2
340 443
1 15 2
278 299
1 3 2
328 335
1 11 2
138 410
1 13 2
76 389
1 15 2
87 101
1 7 2
74 256
1 4 2
38 489
1 4 2
14 141
1 6 2
277 445
1 7 2
402 416
1 13 2
172 261
1 13 2
17 359
1 9 2
135 209
1 11 2
281 499
1 14 2
114 193
1 14 2
86 208
1 14 2
24 149
1 7 2
301 398
1 8 2
22 394
1 12 2
179 377
1 6 2
45 58
1 15 2
32 97
1 3 2
252 310
1 12 2
69 498
1 12 2
32 144
1 12 2
257 282
1 8 2
193 218
1 10 2
57 303
1 10 2
336 417
1 13 2
67 96
1 3 2
86 139
1 10 2
125 334
1 9 2
322 422
1 14 2
17 221
1 5 2
224 285
1 12 2
248 460
1 12 2
195 477
1 9 2
31 416
1 14 2
171 295
1 6 2
284 448
1 6 2
346 481
1 13 2
127 232
1 6 2
311 339
1 10 2
219 491
1 8 2
1 496
1 12 2
231 468
1 7 2
90 209
1 13 2
383 476
1 7 2
292 340
1 11 2
255 319
1 9 2
33 190
1 7 2
120 274
1 4 2
98 292
1 2 2
5 337
1 8 2
25 172
1 11 2
73 375
1 4 2
51 267
1 9 2
250 447
1 15 2
147 306
1 15 2
323 365
1 2 2
190 337
1 15 2
152 305
1 2 2
159 372
1 3 2
7 463
1 13 2
10 314
1 12 2
41 84
1 13 2
408 440
1 14 2
69 219
1 14 2
94 223
1 14 2
226 260
1 10 2
288 424
1 8 2
197 291
1 8 2
48 62
1 8 2
248 264
1 8 2
121 341
1 15 2
1 99
1 2 2
52 178
1 7 2
62 72
1 5 2
192 463
1 4 2
406 452
1 9 2
11 197
1 15 2
61 126
1 2 2
7 214
1 10 2
82 184
1 12 2
61 360
1 15 2
188 207
1 15 2
279 365
1 13 2
388 491
1 6 2
25 323
1 8 2
50 495
1 11 2
57 395
1 9 2
331 339
1 2 2
65 142
1 4 2
65 145
1 6 2
11 437
1 14 2
188 319
1 6 2
271 312
1 8 2
172 486
1 11 2
3 256
1 12 2
372 437
1 5 2
283 405
1 15 2
2 341
1 2 2
35 213
1 14 2
443 460
1 6 2
199 472
1 2 2
42 94
1 7 2
466 497
1 10 2
470 473
1 8 2
58 78
1 7 2
414 423
1 5 2
416 431
1 6 2
385 391
1 4 2
263 370
1 7 2
314 333
1 9 2
224 307
1 12 2
82 131
1 10 2
338 465
1 5 2
18 382
1 13 2
26 182
1 13 2
227 467
1 6 2
89 413
1 5 2
411 489
1 2 2
21 291
1 12 2
32 344
1 14 2
243 374
1 8 2
174 356
1 4 2
286 297
1 13 2
0 205
1 15 2
138 447
1 8 2
201 463
1 3 2
192 253
1 15 2
29 75
1 7 2
34 89
1 5 2
164 317
1 11 2
265 350
1 5 2
235 462
1 6 2
65 261
1 14 2
72 416
1 15 2
76 447
1 5 2
152 377
1 9 2
229 256
1 12 2
107 112
1 10 2
173 284
1 9 2
56 326
1 9 2
66 155
1 12 2
112 225
1 11 2
53 445
1 9 2
44 50
1 11 2
137 311
1 9 2
53 104
1 12 2
92 239
1 12 2
107 321
1 10 2
14 375
1 5 2
91 152
1 6 2
87 186
1 8 2
248 357
1 5 2
58 162
1 5 2
202 438
1 6 2
59 224
1 2 2
272 280
1 3 2
219 286
1 2 2
177 463
1 14 2
150 415
1 8 2
110 309
1 3 2
204 408
1 8 2
236 466
1 9 2
16 277
1 4 2
331 411
1 10 2
41 210
1 6 2
147 252
1 15 2
178 291
1 14 2
112 269
1 15 2
305 412
1 4 2
279 322
1 14 2
245 436
1 15 2
187 272
1 9 2
101 131
1 11 2
177 375
1 7 2
368 412
1 5 2
132 200
1 14 2
303 336
1 6 2
315 387
1 14 2
177 331
1 8 2
97 292
1 5 2
59 482
1 14 2
43 363
1 15 2
117 448
1 7 2
235 303
1 3 2
220 433
1 2 2
75 83
1 12 2
388 487
1 14 2
166 269
1 12 2
154 438
1 6 2
236 428
1 7 2
37 150
1 3 2
267 281
1 10 2
60 75
1 13 2
28 311
1 10 2
269 306
1 8 2
121 431
1 4 2
33 252
1 3 2
320 353
1 2 2
71 406
1 11 2
181 498
1 13 2
142 404
1 11 2
19 395
1 8 2
305 358
1 4 2
192 439
1 15 2
261 486
1 15 2
284 359
1 2 2
47 407
1 11 2
141 240
1 4 2
195 348
1 10 2
3 288
1 11 2
347 467
1 12 2
246 303
1 14 2
163 479
1 9 2
49 112
1 12 2
401 489
1 5 2
169 393
1 6 2
379 487
1 8 2
369 481
1 14 2
5 67
1 2 2
49 379
1 4 2
214 415
1 5 2
84 474
1 8 2
107 273
1 2 2
136 157
1 2 2
26 31
1 14 2
310 485
1 12 2
4 81
1 8 2
58 180
1 13 2
76 333
1 12 2
114 443
1 6 2
69 130
1 9 2
136 252
1 9 2
88 154
1 11 2
251 411
1 11 2
232 331
1 5 2
94 374
1 6 2
220 289
1 15 2
181 432
1 14 2
82 279
1 2 2
131 179
1 7 2
258 324
1 15 2
344 474
1 9 2
16 354
1 15 2
369 418
1 13 2
70 373
1 13 2
174 371
1 11 2
173 451
1 14 2
200 318
1 10 2
283 331
1 4 2
380 490
1 10 2
311 396
1 4 2
43 208
1 4 2
249 493
1 12 2
136 399
1 5 2
160 399
1 4 2
185 392
1 4 2
160 250
1 2 2
193 309
1 7 2
172 443
1 11 2
280 459
1 6 2
243 289
1 3 2
265 376
1 6 2
203 446
1 7 2
77 426
1 12 2
366 460
1 5 2
220 407
1 12 2
63 279
1 8 2
110 157
1 4 2
8 164
1 4 2
79 386
1 14 2
147 156
1 4 2
144 170
1 9 2
213 244
1 3 2
23 386
1 11 2
9 174
1 15 2
192 391
1 5 2
127 233
1 12 2
127 466
1 5 2
71 77
1 13 2
416 466
1 5 2
28 395
1 8 2
241 406
1 4 2
226 337
1 15 2
7 94
1 10 2
174 182
1 15 2
240 389
1 12 2
55 58
1 13 2
111 470
1 9 2
118 142
1 6 2
137 298
1 3 2
309 360
1 3 2
295 357
1 3 2
270 313
1 14 2
16 242
1 4 2
457 473
1 12 2
333 483
1 15 2
31 333
1 12 2
71 209
1 15 2
447 455
1 9 2
207 464
1 13 2
213 316
1 14 2
43 300
1 2 2
60 236
1 10 2
90 371
1 15 2
119 211
1 3 2
1 273
1 6 2
214 322
1 7 2
369 458
1 15 2
35 223
1 9 2
56 455
1 7 2
80 158
1 12 2
27 484
1 13 2
136 212
1 2 2
2 119
1 14 2
16 226
1 2 2
216 279
1 11 2
294 489
1 9 2
286 318
1 9 2
232 337
1 5 2
89 452
1 4 2
267 457
1 5 2
4 60
1 9 2
397 473
1 7 2
432 497
1 5 2
342 431
1 13 2
211 497
1 14 2
330 452
1 15 2
197 415
1 3 2
270 350
1 14 2
371 399
1 4 2
221 343
1 8 2
141 397
1 4 2
211 379
1 10 2
46 456
1 10 2
239 374
1 12 2
38 176
1 3 2
126 421
1 12 2
329 467
1 13 2
129 395
1 9 2
8 216
1 9 2
77 235
1 10 2
50 460
1 9 2
32 217
1 13 2
172 296
1 15 2
116 146
1 5 2
45 360
1 3 2
137 365
1 12 2
95 263
1 5 2
227 248
1 12 2
29 216
1 8 2
194 476
1 7 2
28 306
1 13 2
175 323
1 5 2
37 189
1 2 2
215 440
1 3 2
464 467
1 2 2
288 415
1 9 2
376 497
1 7 2
373 463
1 3 2
119 494
1 15 2
180 240
1 12 2
24 465
1 9 2
275 303
1 6 2
10 493
1 6 2
277 359
1 5 2
102 461
1 9 2
389 408
1 2 2
270 359
1 5 2
147 390
1 7 2
234 427
1 8 2
301 404
1 8 2
260 474
1 14 2
48 123
1 8 2
60 118
1 13 2
336 432
1 8 2
179 348
1 10 2
113 371
1 7 2
364 382
1 6 2
335 461
1 9 2
129 286
1 14 2
67 167
1 10 2
67 353
1 8 2
394 428
1 9 2
322 353
1 15 2
71 425
1 12 2
74 362
1 3 2
397 475
1 2 2
121 285
1 12 2
213 430
1 3 2
323 372
1 6 2
118 355
1 9 2
182 231
1 9 2
375 380
1 2 2
196 417
1 14 2
196 366
1 15 2
360 475
1 7 2
7 250
1 6 2
419 492
1 8 2
154 226
1 3 2
2 7
1 4 2
304 311
1 13 2
205 323
1 15 2
263 288
1 14 2
53 382
1 6 2
179 205
1 13 2
35 89
1 7 2
141 167
1 6 2
381 416
1 11 2
0 257
1 15 2
158 338
1 6 2
161 213
1 8 2
3 422
1 5 2
151 416
1 13 2
53 94
1 8 2
197 284
1 8 2
348 407
1 9 2
159 199
1 5 2
219 338
1 5 2
145 414
1 4 2
209 444
1 11 2
442 484
1 4 2
399 468
1 5 2
33 260
1 3 2
34 78
1 13 2
316 395
1 8 2
197 243
1 12 2
6 368
1 13 2
73 269
1 12 2
59 124
1 13 2
137 429
1 15 2
248 380
1 13 2
62 464
1 13 2
349 473
1 6 2
255 486
1 4 2
264 483
1 8 2
89 117
1 9 2
435 494
1 7 2
34 489
1 7 2
247 354
1 2 2
119 473
1 7 2
266 341
1 9 2
191 308
1 15 2
95 218
1 6 2
196 208
1 8 2
168 221
1 8 2
148 377
1 11 2
231 262
1 2 2
11 374
1 14 2
25 325
1 7 2
182 422
1 12 2
117 132
1 6 2
0 196
1 10 2
161 247
1 6 2
29 453
1 10 2
21 25
1 9 2
0 470
1 15 2
88 370
1 9 2
8 470
1 13 2
0 413
1 6 2
27 308
1 5 2
82 386
1 14 2
21 433
1 6 2
236 331
1 5 2
368 460
1 15 2
36 355
1 4 2
390 423
1 10 2
175 360
1 6 2
366 371
1 8 2
332 412
1 11 2
189 309
1 15 2
246 369
1 7 2
70 308
1 12 2
135 261
1 8 2
261 280
1 3 2
345 375
1 7 2
122 465
1 14 2
241 469
1 15 2
374 474
1 14 2
314 352
1 15 2
210 275
1 12 2
9 445
1 3 2
438 480
1 9 2
178 405
1 12 2
173 198
1 6 2
328 339
1 10 2
73 111
1 2 2
32 298
1 12 2
363 385
1 10 2
33 290
1 5 2
296 444
1 15 2
132 315
1 5 2
149 223
1 8 2
109 271
1 7 2
171 237
1 12 2
94 376
1 3 2
375 467
1 5 2
217 499
1 8 2
39 95
1 7 2
210 230
1 3 2
430 437
1 10 2
462 472
1 5 2
267 365
1 3 2
88 410
1 2 2
241 302
1 8 2
227 240
1 14 2
436 491
1 11 2
6 201
1 5 2
120 475
1 14 2
189 314
1 9 2
131 271
1 5 2
190 335
1 4 2
101 155
1 15 2
71 114
1 7 2
178 347
1 13 2
61 406
1 11 2
135 345
1 5 2
44 266
1 15 2
156 328
1 5 2
353 420
1 5 2
31 152
1 4 2
125 499
1 13 2
35 235
1 11 2
5 251
1 3 2
64 219
1 2 2
129 165
1 5 2
184 405
1 6 2
14 378
1 2 2
7 260
1 4 2
268 339
1 3 2
30 353
1 9 2
284 428
1 12 2
227 251
1 4 2
163 428
1 14 2
4 164
1 14 2
53 331
1 7 2
247 480
1 14 2
28 237
1 6 2
224 249
1 11 2
238 432
1 4 2
52 93
1 11 2
212 379
1 8 2
219 452
1 5 2
34 168
1 7 2
28 270
1 2 2
2 277
1 8 2
180 344
1 5 2
161 283
1 13 2
72 329
1 2 2
20 338
1 2 2
93 332
1 15 2
348 488
1 6 2
232 343
1 3 2
168 286
1 2 2
249 440
1 4 2
423 447
1 2 2
205 421
1 6 2
303 389
1 2 2
374 439
1 10 2
54 189
1 10 2
254 316
1 4 2
318 383
1 12 2
68 104
1 2 2
143 268
1 11 2
69 113
1 9 2
290 370
1 11 2
322 377
1 7 2
185 466
1 4 2
168 333
1 11 2
17 358
1 4 2
115 281
1 4 2
110 488
1 5 2
223 244
1 15 2
222 336
1 12 2
175 338
1 13 2
214 310
1 5 2
102 254
1 2 2
144 167
1 12 2
230 311
1 13 2
73 327
1 15 2
251 358
1 11 2
88 484
1 3 2
311 462
1 10 2
247 338
1 6 2
132 299
1 14 2
297 449
1 10 2
468 487
1 2 2
58 247
1 9 2
10 121
1 3 2
18 149
1 2 2
57 323
1 3 2
165 382
1 12 2
17 26
1 12 2
302 366
1 9 2
22 260
1 14 2
74 220
1 10 2
383 389
1 15 2
279 315
1 5 2
161 243
1 12 2
97 459
1 3 2
312 485
1 10 2
0 189
1 2 2
113 338
1 9 2
11 396
1 15 2
390 396
1 4 2
202 354
1 12 2
177 326
1 7 2
152 405
1 15 2
233 235
1 11 2
227 448
1 13 2
284 293
1 11 2
46 151
1 10 2
321 468
1 14 2
146 341
1 3 2
129 331
1 4 2
228 411
1 15 2
99 384
1 7 2
21 400
1 13 2
106 330
1 3 2
478 481
1 6 2
243 307
1 2 2
116 261
1 2 2
146 438
1 8 2
46 143
1 6 2
56 490
1 9 2
92 123
1 14 2
145 335
1 11 2
51 69
1 10 2
208 473
1 8 2
101 237
1 6 2
84 90
1 14 2
62 161
1 11 2
21 248
1 13 2
201 492
1 4 2
191 215
1 15 2
3 27
1 4 2
7 9
1 5 2
60 403
1 7 2
8 268
1 8 2
13 474
1 13 2
178 423
1 5 2
53 405
1 4 2
34 284
1 4 2
63 292
1 14 2
408 460
1 2 2
185 421
1 4 2
12 108
1 14 2
207 329
1 8 2
58 479
1 9 2
224 267
1 3 2
282 372
1 3 2
49 422
1 6 2
20 152
1 7 2
276 385
1 4 2
137 236
1 2 2
64 204
1 4 2
394 396
1 6 2
230 370
1 9 2
225 464
1 8 2
147 333
1 6 2
45 430
1 12 2
81 159
1 8 2
222 487
1 10 2
38 120
1 8 2
130 438
1 10 2
9 255
1 10 2
78 154
1 13 2
226 422
1 6 2
213 416
1 11 2
55 303
1 6 2
53 494
1 14 2
67 232
1 15 2
14 240
1 12 2
337 490
1 11 2
257 373
1 5 2
94 289
1 2 2
30 122
1 9 2
266 278
1 7 2
3 262
1 9 2
67 161
1 9 2
7 179
1 7 2
12 56
1 3 2
80 319
1 12 2
10 490
1 11 2
117 476
1 7 2
388 431
1 15 2
312 380
1 2 2
376 402
1 13 2
363 486
1 12 2
105 458
1 10 2
70 247
1 4 2
49 199
1 4 2
196 307
1 3 2
158 390
1 4 2
10 263
1 4 2
75 323
1 7 2
415 470
1 5 2
225 249
1 10 2
30 302
1 14 2
182 291
1 6 2
274 344
1 12 2
282 446
1 5 2
116 250
1 2 2
290 362
1 5 2
222 436
1 7 2
88 277
1 6 2
262 320
1 12 2
307 494
1 2 2
11 498
1 13 2
428 472
1 5 2
171 212
1 2 2
93 423
1 4 2
295 476
1 4 2
165 422
1 13 2
153 460
1 11 2
50 441
1 12 2
55 323
1 10 2
172 479
1 7 2
77 171
1 4 2
50 60
1 5 2
143 177
1 7 2
29 471
1 4 2
213 402
1 11 2
127 241
1 5 2
8 364
1 2 2
136 322
1 8 2
172 305
1 12 2
105 238
1 9 2
83 316
1 6 2
291 430
1 10 2
348 403
1 5 2
170 252
1 10 2
143 153
1 12 2
310 371
1 10 2
119 122
1 10 2
406 439
1 10 2
67 171
1 2 2
65 128
1 12 2
301 411
1 15 2
6 89
1 4 2
262 447
1 15 2
257 300
1 5 2
334 495
1 13 2
328 381
1 6 2
205 384
1 5 2
288 377
1 10 2
67 157
1 11 2
24 163
1 7 2
6 203
1 8 2
72 121
1 12 2
45 323
1 15 2
350 388
1 13 2
164 474
1 8 2
10 158
1 6 2
60 426
1 9 2
65 252
1 15 2
176 189
1 8 2
64 147
1 14 2
44 495
1 10 2
2 384
1 4 2
241 369
1 11 2
45 320
1 3 2
74 251
1 13 2
186 329
1 7 2
39 486
1 6 2
76 432
1 6 2
334 453
1 12 2
183 330
1 10 2
254 399
1 5 2
310 438
1 10 2
24 222
1 5 2
109 239
1 11 2
87 295
1 2 2
140 418
1 4 2
58 437
1 7 2
59 426
1 4 2
312 467
1 11 2
44 330
1 12 2
104 354
1 3 2
397 435
1 2 2
151 455
1 7 2
199 283
1 14 2
244 333
1 10 2
61 232
1 3 2
73 234
1 7 2
397 439
1 7 2
39 183
1 10 2
187 237
1 7 2
201 485
1 9 2
184 489
1 12 2
315 392
1 10 2
265 427
1 7 2
251 433
1 13 2
365 449
1 10 2
159 303
1 11 2
48 484
1 8 2
327 399
1 5 2
55 176
1 4 2
243 425
1 2 2
267 483
1 2 2
224 423
1 5 2
281 309
1 5 2
222 248
1 13 2
329 358
1 6 2
154 460
1 14 2
451 453
1 3 2
1 259
1 13 2
5 297
1 3 2
200 213
1 13 2
66 303
1 11 2
163 468
1 3 2
26 155
1 13 2
35 371
1 6 2
183 444
1 9 2
286 383
1 14 2
159 389
1 13 2
33 34
1 9 2
27 83
1 15 2
238 477
1 4 2
112 170
1 14 2
62 472
1 9 2
131 281
1 6 2
457 462
1 3 2
370 386
1 9 2
152 441
1 7 2
108 312
1 11 2
4 279
1 11 2
156 390
1 15 2
152 352
1 4 2
58 299
1 14 2
264 459
1 14 2
3 53
1 15 2
431 445
1 3 2
174 308
1 4 2
64 146
1 4 2
41 139
1 8 2
146 323
1 4 2
33 379
1 8 2
146 240
1 10 2
325 453
1 4 2
36 311
1 7 2
125 227
1 9 2
100 263
1 15 2
142 239
1 7 2
250 254
1 2 2
151 350
1 11 2
351 379
1 10 2
319 442
1 2 2
262 405
1 9 2
224 451
1 12 2
240 483
1 5 2
115 428
1 4 2
270 274
1 2 2
18 270
1 3 2
143 201
1 9 2
72 281
1 9 2
315 395
1 10 2
42 325
1 13 2
69 138
1 10 2
14 73
1 3 2
161 496
1 7 2
231 245
1 6 2
319 379
1 8 2
413 473
1 3 2
170 321
1 7 2
1 353
1 12 2
153 375
1 5 2
324 345
1 13 2
70 227
1 9 2
391 426
1 7 2
383 466
1 5 2
243 433
1 8 2
47 431
1 6 2
340 411
1 9 2
226 334
1 8 2
232 251
1 2 2
239 414
1 8 2
161 376
1 7 2
62 369
1 7 2
348 481
1 3 2
21 277
1 15 2
90 150
1 5 2
150 352
1 10 2
343 413
1 7 2
85 263
1 8 2
208 209
1 3 2
84 398
1 10 2
86 269
1 6 2
225 499
1 13 2
28 64
1 13 2
133 498
1 5 2
135 446
1 11 2
186 217
1 6 2
291 394
1 3 2
216 489
1 15 2
357 478
1 6 2
5 409
1 3 2
100 359
1 12 2
41 463
1 10 2
273 493
1 6 2
94 449
1 7 2
128 448
1 4 2
386 470
1 2 2
399 499
1 8 2
229 305
1 2 2
81 496
1 14 2
7 84
1 12 2
255 317
1 13 2
1 481
1 6 2
278 491
1 13 2
19 150
1 9 2
293 396
1 3 2
275 366
1 11 2
453 493
1 15 2
81 378
1 7 2
94 242
1 2 2
65 241
1 6 2
440 450
1 4 2
126 208
1 2 2
161 485
1 3 2
197 411
1 2 2
292 398
1 3 2
119 461
1 10 2
224 288
1 2 2
16 133
1 5 2
9 349
1 13 2
113 333
1 10 2
35 379
1 5 2
59 162
1 13 2
335 421
1 12 2
323 367
1 15 2
20 259
1 10 2
252 457
1 6 2
290 408
1 11 2
353 467
1 12 2
62 427
1 14 2
299 372
1 2 2
120 199
1 6 2
351 374
1 13 2
155 210
1 3 2
473 478
1 8 2
11 476
1 10 2
11 120
1 9 2
334 426
1 15 2
367 415
1 13 2
51 371
1 13 2
128 361
1 6 2
0 402
1 13 2
462 479
1 2 2
305 393
1 4 2
91 406
1 8 2
136 320
1 12 2
245 256
1 13 2
75 114
1 8 2
64 100
1 5 2
187 199
1 10 2
141 334
1 13 2
117 318
1 7 2
0 454
1 13 2
141 361
1 2 2
214 481
1 4 2
74 109
1 14 2
349 487
1 15 2
105 129
1 13 2
67 477
1 12 2
182 439
1 3 2
204 316
1 14 2
284 294
1 12 2
233 331
1 12 2
255 410
1 11 2
201 305
1 13 2
265 421
1 13 2
199 229
1 7 2
75 329
1 4 2
196 264
1 8 2
55 409
1 9 2
58 492
1 10 2
162 203
1 3 2
334 398
1 5 2
246 408
1 12 2
183 208
1 9 2
33 295
1 10 2
177 377
1 4 2
73 429
1 4 2
293 452
1 7 2
19 250
1 4 2
2 304
1 10 2
26 267
1 4 2
219 370
1 10 2
354 383
1 13 2
353 387
1 4 2
80 353
1 10 2
72 130
1 6 2
51 92
1 4 2
307 469
1 3 2
187 208
1 9 2
176 215
1 12 2
142 497
1 15 2
62 280
1 10 2
114 337
1 12 2
80 343
1 10 2
54 309
1 14 2
34 251
1 15 2
108 242
1 15 2
45 258
1 3 2
169 173
1 15 2
311 436
1 12 2
44 438
1 10 2
405 432
1 14 2
275 312
1 2 2
276 461
1 7 2
192 350
1 9 2
56 204
1 10 2
97 130
1 15 2
8 120
1 13 2
19 468
1 12 2
332 400
1 11 2
168 494
1 15 2
199 320
1 14 2
47 437
1 11 2
20 399
1 9 2
0 355
1 9 2
151 354
1 13 2
212 399
1 13 2
332 473
1 15 2
282 355
1 9 2
82 171
1 12 2
421 490
1 3 2
204 404
1 3 2
45 333
1 2 2
93 386
1 14 2
31 282
1 8 2
60 256
1 7 2
189 336
1 10 2
127 151
1 9 2
216 327
1 2 2
118 443
1 6 2
14 286
1 15 2
39 181
1 8 2
168 213
1 7 2
336 415
1 3 2
62 135
1 12 2
29 46
1 9 2
314 478
1 11 2
210 362
1 11 2
39 399
1 3 2
404 406
1 12 2
247 403
1 15 2
159 185
1 11 2
250 362
1 5 2
236 268
1 10 2
35 198
1 3 2
168 259
1 11 2
108 315
1 6 2
68 415
1 12 2
327 373
1 13 2
301 413
1 5 2
23 449
1 11 2
61 158
1 14 2
274 475
1 8 2
189 367
1 10 2
189 385
1 11 2
130 216
1 2 2
41 485
1 14 2
25 57
1 5 2
212 461
1 8 2
112 413
1 2 2
53 383
1 5 2
461 468
1 7 2
252 261
1 11 2
72 106
1 8 2
50 431
1 2 2
96 475
1 13 2
15 332
1 7 2
4 280
1 15 2
97 466
1 2 2
178 397
1 13 2
16 300
1 7 2
115 204
1 6 2
121 306
1 5 2
373 390
1 10 2
23 436
1 15 2
184 286
1 12 2
138 297
1 4 2
72 153
1 11 2
293 455
1 13 2
370 480
1 7 2
78 496
1 15 2
22 280
1 2 2
203 322
1 13 2
280 372
1 3 2
157 472
1 8 2
45 120
1 10 2
300 394
1 4 2
45 365
1 8 2
140 338
1 14 2
157 288
1 4 2
239 345
1 8 2
354 474
1 15 2
254 440
1 13 2
36 300
1 4 2
42 254
1 11 2
333 400
1 3 2
124 404
1 14 2
161 451
1 5 2
10 194
1 14 2
144 282
1 15 2
18 321
1 15 2
55 410
1 3 2
66 344
1 14 2
251 366
1 2 2
35 372
1 14 2
89 264
1 3 2
164 221
1 2 2
212 491
1 10 2
43 362
1 3 2
54 113
1 11 2
216 219
1 4 2
375 404
1 14 2
185 310
1 3 2
120 165
1 13 2
60 440
1 3 2
281 368
1 9 2
50 86
1 7 2
184 440
1 13 2
227 264
1 10 2
24 231
1 12 2
147 279
1 10 2
58 145
1 8 2
4 151
1 12 2
182 202
1 11 2
61 104
1 11 2
119 160
1 10 2
236 473
1 11 2
135 484
1 2 2
113 406
1 4 2
89 253
1 8 2
256 345
1 13 2
4 85
1 12 2
97 225
1 13 2
54 277
1 12 2
12 469
1 4 2
21 480
1 13 2
191 365
1 7 2
172 346
1 2 2
147 286
1 14 2
72 436
1 13 2
107 496
1 8 2
73 212
1 13 2
58 395
1 12 2
219 314
1 2 2
292 455
1 5 2
381 434
1 11 2
93 263
1 8 2
44 334
1 12 2
254 427
1 3 2
75 463
1 13 2
124 408
1 6 2
466 486
1 11 2
126 449
1 4 2
294 340
1 3 2
283 355
1 3 2
241 354
1 2 2
49 181
1 14 2
137 154
1 6 2
165 307
1 8 2
288 498
1 15 2
51 361
1 4 2
326 488
1 3 2
22 322
1 15 2
411 465
1 3 2
118 274
1 13 2
3 440
1 6 2
159 360
1 12 2
287 352
1 13 2
33 486
1 4 2
15 465
1 8 2
262 341
1 10 2
171 267
1 11 2
232 290
1 8 2
383 397
1 4 2
6 82
1 15 2
366 488
1 13 2
20 222
1 10 2
49 229
1 6 2
187 476
1 4 2
118 454
1 7 2
2 11
1 5 2
33 53
1 3 2
92 277
1 6 2
476 480
1 7 2
42 98
1 9 2
203 472
1 2 2
339 435
1 15 2
224 248
1 5 2
69 348
1 2 2
19 84
1 7 2
296 297
1 3 2
98 313
1 3 2
331 390
1 12 2
121 296
1 8 2
249 349
1 15 2
287 469
1 4 2
135 374
1 15 2
164 402
1 12 2
116 385
1 3 2
178 250
1 8 2
130 306
1 6 2
68 235
1 7 2
331 480
1 8 2
102 315
1 13 2
132 295
1 13 2
345 412
1 4 2
289 487
1 5 2
384 414
1 7 2
222 348
1 10 2
22 72
1 2 2
221 457
1 5 2
176 448
1 4 2
37 218
1 12 2
29 166
1 15 2
244 275
1 13 2
194 462
1 15 2
102 302
1 11 2
109 175
1 4 2
358 473
1 9 2
121 497
1 13 2
45 140
1 15 2
148 269
1 8 2
435 464
1 2 2
51 269
1 11 2
40 92
1 2 2
234 471
1 15 2
231 390
1 12 2
14 259
1 10 2
292 395
1 15 2
392 469
1 3 2
392 426
1 10 2
424 437
1 11 2
197 279
1 3 2
428 499
1 11 2
347 451
1 9 2
123 159
1 6 2
175 470
1 2 2
144 174
1 12 2
191 342
1 9 2
104 377
1 9 2
112 330
1 12 2
30 365
1 4 2
157 493
1 10 2
19 267
1 4 2
51 486
1 5 2
171 325
1 14 2
205 479
1 3 2
238 441
1 4 2
96 237
1 7 2
65 217
1 13 2
46 164
1 9 2
401 488
1 5 2
436 461
1 12 2
53 209
1 3 2
83 228
1 3 2
309 328
1 7 2
138 380
1 8 2
0 253
1 6 2
347 389
1 8 2
189 383
1 10 2
54 434
1 7 2
99 105
1 10 2
334 367
1 15 2
239 315
1 6 2
334 457
1 4 2
29 391
1 5 2
371 389
1 11 2
377 396
1 14 2
417 458
1 11 2
94 269
1 4 2
424 496
1 15 2
290 333
1 12 2
456 467
1 13 2
181 250
1 4 2
244 443
1 15 2
25 280
1 7 2
155 433
1 15 2
80 408
1 10 2
51 322
1 4 2
164 480
1 10 2
211 252
1 7 2
15 272
1 7 2
218 468
1 6 2
351 470
1 3 2
321 493
1 9 2
352 426
1 15 2
40 102
1 7 2
88 413
1 4 2
11 176
1 4 2
107 316
1 15 2
255 498
1 12 2
100 258
1 15 2
446 484
1 15 2
334 390
1 12 2
0 368
1 13 2
17 416
1 11 2
154 208
1 13 2
54 74
1 2 2
100 216
1 4 2
4 40
1 6 2
331 473
1 12 2
117 406
1 5 2
298 359
1 7 2
68 446
1 13 2
149 399
1 8 2
190 431
1 7 2
96 448
1 6 2
415 443
1 13 2
346 460
1 8 2
239 254
1 3 2
31 107
1 15 2
110 128
1 7 2
179 244
1 8 2
35 340
1 8 2
261 481
1 2 2
335 382
1 14 2
114 255
1 4 2
149 324
1 2 2
251 288
1 8 2
119 304
1 4 2
78 322
1 10 2
10 379
1 15 2
112 117
1 9 2
401 469
1 2 2
87 457
1 15 2
52 441
1 5 2
121 454
1 3 2
43 435
1 7 2
57 332
1 10 2
368 370
1 3 2
488 497
1 14 2
77 475
1 3 2
242 423
1 7 2
100 309
1 15 2
81 341
1 8 2
143 236
1 11 2
119 393
1 14 2
182 241
1 7 2
171 254
1 8 2
138 355
1 10 2
91 252
1 4 2
89 187
1 2 2
185 409
1 9 2
384 438
1 13 2
48 277
1 15 2
25 259
1 7 2
274 494
1 14 2
126 182
1 6 2
219 230
1 5 2
301 432
1 6 2
69 260
1 3 2
240 394
1 15 2
167 338
1 12 2
106 349
1 7 2
0 191
1 12 2
162 201
1 5 2
266 403
1 2 2
137 152
1 3 2
232 335
1 6 2
15 95
1 6 2
107 319
1 3 2
339 446
1 6 2
63 445
1 15 2
333 364
1 11 2
96 172
1 10 2
301 482
1 8 2
219 365
1 12 2
79 175
1 3 2
25 384
1 14 2
190 489
1 15 2
176 381
1 5 2
168 496
1 11 2
17 288
1 8 2
70 183
1 4 2
279 337
1 12 2
135 159
1 10 2
437 446
1 7 2
87 433
1 11 2
202 317
1 4 2
172 373
1 13 2
288 324
1 5 2
149 159
1 4 2
15 424
1 7 2
423 481
1 5 2
24 151
1 12 2
35 490
1 6 2
104 215
1 4 2
179 372
1 15 2
1 373
1 10 2
139 417
1 10 2
104 330
1 11 2
129 396
1 7 2
168 196
1 10 2
215 341
1 13 2
71 119
1 2 2
105 228
1 12 2
295 337
1 15 2
123 417
1 3 2
252 471
1 4 2
220 382
1 11 2
169 242
1 12 2
72 311
1 15 2
144 269
1 2 2
307 442
1 6 2
297 491
1 10 2
319 333
1 7 2
19 296
1 15 2
175 496
1 10 2
63 196
1 11 2
138 176
1 3 2
210 274
1 13 2
13 441
1 14 2
185 360
1 14 2
83 93
1 3 2
84 371
1 2 2
23 162
1 10 2
106 166
1 5 2
97 431
1 6 2
80 185
1 10 2
12 441
1 6 2
405 481
1 15 2
157 260
1 8 2
115 385
1 5 2
117 472
1 8 2
198 457
1 2 2
13 288
1 15 2
239 404
1 8 2
239 484
1 2 2
66 336
1 10 2
271 317
1 5 2
237 457
1 15 2
5 135
1 4 2
79 365
1 3 2
252 307
1 7 2
3 342
1 3 2
105 166
1 12 2
376 393
1 10 2
89 308
1 6 2
68 153
1 7 2
64 363
1 8 2
218 460
1 10 2
129 186
1 10 2
199 259
1 5 2
17 451
1 3 2
223 494
1 2 2
64 228
1 3 2
222 499
1 6 2
71 376
1 2 2
301 491
1 6 2
125 424
1 8 2
232 421
1 9 2
76 191
1 15 2
201 363
1 2 2
69 114
1 11 2
186 468
1 9 2
453 468
1 7 2
183 312
1 9 2
240 455
1 6 2
134 480
1 2 2
80 122
1 5 2
66 439
1 8 2
152 364
1 3 2
157 458
1 14 2
49 454
1 10 2
227 493
1 5 2
177 304
1 12 2
287 316
1 8 2
80 203
1 5 2
132 155
1 14 2
171 336
1 11 2
18 224
1 8 2
103 412
1 5 2
105 454
1 6 2
17 252
1 11 2
68 319
1 13 2
187 392
1 6 2
8 459
1 9 2
90 187
1 2 2
74 182
1 9 2
171 292
1 3 2
9 483
1 11 2
234 455
1 4 2
145 166
1 2 2
6 360
1 14 2
488 496
1 10 2
122 344
1 15 2
425 446
1 11 2
341 480
1 12 2
413 474
1 5 2
112 208
1 5 2
2 80
1 10 2
121 256
1 14 2
354 477
1 9 2
398 416
1 4 2
105 307
1 12 2
375 388
1 9 2
73 274
1 7 2
56 129
1 3 2
66 365
1 11 2
191 422
1 11 2
57 368
1 14 2
263 495
1 5 2
18 124
1 5 2
359 412
1 8 2
96 349
1 13 2
60 341
1 4 2
43 55
1 15 2
188 273
1 11 2
464 485
1 11 2
160 266
1 4 2
289 355
1 12 2
229 382
1 14 2
28 245
1 3 2
221 280
1 4 2
67 390
1 12 2
88 346
1 8 2
169 331
1 12 2
144 361
1 15 2
99 472
1 10 2
247 290
1 12 2
359 491
1 15 2
180 239
1 6 2
17 78
1 6 2
39 79
1 8 2
42 439
1 13 2
105 322
1 10 2
338 352
1 13 2
121 223
1 12 2
1 351
1 12 2
22 338
1 4 2
404 488
1 2 2
79 313
1 2 2
84 203
1 8 2
101 454
1 2 2
371 401
1 7 2
69 171
1 13 2
103 286
1 8 2
214 378
1 9 2
151 411
1 2 2
5 324
1 8 2
81 413
1 13 2
207 426
1 14 2
87 481
1 10 2
82 481
1 14 2
153 334
1 13 2
22 240
1 8 2
18 132
1 10 2
150 155
1 5 2
55 403
1 14 2
141 335
1 8 2
146 298
1 3 2
183 218
1 11 2
161 186
1 12 2
224 494
1 4 2
8 153
1 4 2
192 460
1 7 2
8 112
1 12 2
411 480
1 15 2
193 494
1 9 2
89 369
1 8 2
263 379
1 6 2
12 131
1 7 2
399 448
1 10 2
103 205
1 10 2
16 403
1 13 2
128 255
1 12 2
61 84
1 7 2
422 455
1 15 2
3 63
1 2 2
106 481
1 2 2
74 398
1 3 2
142 311
1 12 2
113 154
1 3 2
341 382
1 4 2
48 52
1 15 2
111 482
1 13 2
223 470
1 12 2
102 215
1 13 2
27 456
1 7 2
272 300
1 13 2
25 377
1 5 2
260 306
1 8 2
266 491
1 2 2
15 413
1 8 2
422 426
1 4 2
9 424
1 10 2
51 285
1 15 2
169 397
1 11 2
329 346
1 3 2
46 350
1 13 2
380 498
1 14 2
139 317
1 5 2
52 287
1 2 2
450 496
1 13 2
118 402
1 6 2
394 457
1 7 2
359 393
1 2 2
148 350
1 8 2
213 231
1 8 2
58 158
1 4 2
363 452
1 5 2
107 251
1 10 2
2 486
1 5 2
72 304
1 5 2
40 291
1 8 2
132 466
1 13 2
39 206
1 4 2
317 335
1 15 2
119 145
1 15 2
466 485
1 8 2
35 112
1 3 2
34 113
1 3 2
330 440
1 15 2
218 348
1 14 2
137 273
1 11 2
333 379
1 2 2
145 212
1 11 2
149 392
1 4 2
84 264
1 8 2
18 333
1 11 2
127 379
1 10 2
162 451
1 2 2
83 328
1 4 2
217 420
1 12 2
290 429
1 8 2
95 474
1 11 2
372 458
1 8 2
83 363
1 14 2
91 181
1 4 2
113 404
1 5 2
295 423
1 9 2
92 427
1 4 2
264 415
1 7 2
21 462
1 10 2
204 391
1 15 2
221 483
1 5 2
231 379
1 10 2
384 450
1 9 2
98 353
1 9 2
58 356
1 7 2
33 214
1 12 2
181 289
1 3 2
96 443
1 6 2
4 428
1 14 2
286 402
1 10 2
42 52
1 6 2
120 314
1 9 2
438 476
1 6 2
329 381
1 15 2
254 475
1 6 2
96 173
1 7 2
327 354
1 2 2
10 66
1 11 2
263 392
1 9 2
52 331
1 3 2
259 276
1 6 2
260 493
1 6 2
8 261
1 5 2
43 277
1 13 2
453 492
1 9 2
119 132
1 14 2
257 261
1 14 2
322 436
1 7 2
4 200
1 9 2
292 386
1 14 2
173 465
1 5 2
51 127
1 10 2
304 409
1 11 2
206 292
1 6 2
334 407
1 9 2
221 437
1 8 2
40 247
1 6 2
138 429
1 2 2
228 291
1 3 2
259 336
1 3 2
391 494
1 5 2
267 398
1 9 2
319 461
1 8 2
95 239
1 15 2
112 454
1 2 2
155 402
1 2 2
47 170
1 10 2
207 423
1 8 2
62 367
1 4 2
149 160
1 13 2
49 306
1 11 2
328 470
1 7 2
183 430
1 2 2
67 448
1 15 2
370 399
1 6 2
87 103
1 7 2
13 426
1 14 2
1 160
1 7 2
118 263
1 4 2
21 228
1 5 2
219 309
1 4 2
43 56
1 9 2
66 428
1 9 2
228 456
1 12 2
26 375
1 9 2
162 437
1 13 2
110 450
1 11 2
179 423
1 9 2
79 446
1 13 2
218 497
1 2 2
307 376
1 6 2
249 498
1 7 2
76 365
1 3 2
91 103
1 2 2
11 244
1 11 2
167 394
1 3 2
105 495
1 2 2
168 393
1 9 2
104 156
1 14 2
271 336
1 14 2
152 163
1 14 2
396 420
1 10 2
189 294
1 8 2
244 429
1 10 2
44 274
1 12 2
230 458
1 10 2
7 430
1 14 2
180 391
1 8 2
344 387
1 11 2
164 346
1 15 2
118 399
1 8 2
287 483
1 6 2
310 387
1 11 2
27 134
1 4 2
121 452
1 2 2
162 467
1 4 2
71 497
1 11 2
99 403
1 14 2
30 355
1 8 2
409 440
1 8 2
348 413
1 3 2
30 214
1 14 2
174 468
1 7 2
80 428
1 7 2
221 275
1 2 2
234 433
1 15 2
257 292
1 11 2
157 244
1 10 2
293 328
1 3 2
118 477
1 13 2
273 447
1 2 2
169 499
1 13 2
17 331
1 14 2
123 272
1 11 2
100 384
1 4 2
115 318
1 3 2
123 211
1 13 2
94 120
1 13 2
276 311
1 6 2
53 186
1 2 2
14 52
1 12 2
34 428
1 8 2
9 118
1 8 2
408 461
1 10 2
317 373
1 9 2
64 251
1 2 2
119 476
1 2 2
147 478
1 10 2
31 99
1 7 2
399 403
1 5 2
84 466
1 15 2
304 443
1 4 2
18 308
1 14 2
156 479
1 13 2
315 359
1 8 2
298 357
1 5 2
210 332
1 4 2
438 454
1 11 2
60 78
1 4 2
85 486
1 3 2
267 379
1 4 2
134 151
1 5 2
300 401
1 12 2
132 309
1 10 2
76 226
1 9 2
40 46
1 15 2
210 359
1 10 2
83 162
1 4 2
42 70
1 3 2
341 395
1 5 2
58 350
1 5 2
295 461
1 9 2
100 193
1 10 2
383 491
1 5 2
246 306
1 9 2
284 449
1 2 2
238 491
1 9 2
125 131
1 15 2
476 490
1 4 2
89 123
1 2 2
140 390
1 4 2
41 479
1 14 2
351 459
1 7 2
186 333
1 7 2
94 469
1 6 2
171 296
1 10 2
227 471
1 3 2
161 354
1 14 2
428 441
1 11 2
222 384
1 6 2
171 226
1 4 2
51 205
1 10 2
35 180
1 15 2
155 311
1 8 2
157 184
1 2 2
229 494
1 11 2
172 422
1 9 2
5 21
1 7 2
256 303
1 6 2
136 151
1 11 2
252 417
1 4 2
78 358
1 9 2
51 358
1 5 2
271 343
1 3 2
41 325
1 13 2
35 131
1 7 2
59 304
1 2 2
272 384
1 6 2
169 195
1 12 2
261 318
1 2 2
338 424
1 7 2
102 175
1 9 2
268 438
1 15 2
193 318
1 13 2
39 290
1 15 2
200 216
1 4 2
268 379
1 14 2
86 96
1 12 2
276 458
1 12 2
98 217
1 7 2
108 393
1 6 2
54 185
1 12 2
22 460
1 4 2
73 137
1 8 2
41 309
1 14 2
27 251
1 15 2
119 449
1 13 2
83 496
1 11 2
7 348
1 9 2
278 336
1 3 2
9 127
1 4 2
50 349
1 10 2
284 315
1 13 2
236 397
1 2 2
387 399
1 6 2
322 467
1 11 2
310 323
1 11 2
196 289
1 8 2
196 334
1 11 2
186 456
1 14 2
96 306
1 12 2
62 150
1 5 2
187 487
1 11 2
169 312
1 14 2
15 181
1 8 2
86 446
1 8 2
39 318
1 3 2
11 89
1 9 2
44 47
1 11 2
240 492
1 15 2
134 149
1 10 2
199 321
1 12 2
157 231
1 11 2
188 321
1 4 2
56 420
1 9 2
106 364
1 14 2
5 486
1 11 2
69 345
1 9 2
48 341
1 8 2
315 475
1 5 2
283 288
1 9 2
173 175
1 2 2
162 352
1 12 2
297 324
1 9 2
47 147
1 6 2
259 463
1 9 2
17 476
1 11 2
73 357
1 8 2
373 464
1 4 2
259 425
1 2 2
139 239
1 15 2
37 426
1 2 2
172 469
1 3 2
224 399
1 5 2
195 318
1 5 2
370 437
1 2 2
448 479
1 7 2
12 213
1 15 2
180 236
1 14 2
362 486
1 13 2
60 365
1 2 2
19 473
1 7 2
0 405
1 10 2
57 316
1 11 2
46 173
1 9 2
112 300
1 9 2
53 73
1 13 2
442 472
1 12 2
166 344
1 8 2
224 292
1 15 2
156 239
1 3 2
8 410
1 2 2
86 150
1 10 2
257 415
1 3 2
212 231
1 7 2
167 401
1 11 2
258 462
1 12 2
174 466
1 8 2
6 340
1 13 2
342 371
1 4 2
63 330
1 12 2
441 495
1 11 2
434 438
1 5 2
333 437
1 13 2
40 63
1 10 2
161 171
1 2 2
110 272
1 10 2
325 345
1 15 2
306 471
1 5 2
191 455
1 14 2
88 426
1 15 2
17 391
1 3 2
0 410
1 6 2
160 369
1 15 2
269 472
1 12 2
271 378
1 11 2
307 439
1 14 2
108 284
1 11 2
386 460
1 13 2
0 465
1 14 2
158 472
1 10 2
235 333
1 14 2
178 224
1 13 2
37 253
1 10 2
82 122
1 8 2
9 63
1 11 2
47 432
1 13 2
126 281
1 10 2
388 402
1 5 2
163 338
1 3 2
236 337
1 14 2
68 427
1 7 2
158 225
1 11 2
51 320
1 13 2
13 290
1 15 2
360 367
1 2 2
65 221
1 11 2
47 235
1 7 2
332 391
1 9 2
187 258
1 11 2
93 306
1 6 2
217 476
1 5 2
183 495
1 5 2
77 420
1 11 2
202 494
1 9 2
147 461
1 6 2
479 498
1 3 2
167 206
1 10 2
166 398
1 6 2
227 408
1 5 2
283 488
1 5 2
148 235
1 15 2
23 43
1 8 2
386 484
1 4 2
110 183
1 4 2
367 455
1 15 2
141 433
1 13 2
21 383
1 9 2
239 304
1 5 2
78 436
1 4 2
186 448
1 9 2
244 487
1 3 2
114 123
1 15 2
53 486
1 4 2
43 206
1 2 2
260 454
1 8 2
20 475
1 2 2
16 233
1 10 2
88 125
1 6 2
18 161
1 13 2
129 337
1 4 2
135 367
1 11 2
313 317
1 4 2
131 379
1 10 2
268 458
1 3 2
104 482
1 6 2
28 412
1 3 2
341 431
1 5 2
72 380
1 12 2
347 480
1 8 2
220 472
1 10 2
137 204
1 15 2
166 465
1 5 2
43 226
1 10 2
23 365
1 7 2
85 185
1 9 2
147 239
1 4 2
335 481
1 9 2
334 378
1 11 2
262 275
1 3 2
126 228
1 15 2
110 441
1 5 2
233 360
1 13 2
154 414
1 4 2
8 80
1 14 2
53 198
1 9 2
141 282
1 11 2
36 433
1 8 2
268 460
1 14 2
52 290
1 6 2
286 307
1 11 2
74 255
1 8 2
381 422
1 9 2
269 489
1 6 2
138 400
1 4 2
234 248
1 7 2
24 387
1 2 2
3 121
1 13 2
306 419
1 9 2
145 150
1 5 2
138 431
1 3 2
97 196
1 4 2
341 470
1 11 2
30 230
1 5 2
101 378
1 7 2
101 134
1 6 2
447 452
1 13 2
333 336
1 12 2
245 445
1 11 2
114 228
1 9 2
175 406
1 14 2
262 324
1 4 2
261 326
1 14 2
138 158
1 3 2
151 168
1 14 2
273 360
1 4 2
334 473
1 9 2
335 450
1 8 2
121 268
1 9 2
104 305
1 8 2
197 311
1 8 2
113 185
1 9 2
336 343
1 11 2
54 340
1 8 2
180 334
1 15 2
231 241
1 11 2
6 425
1 13 2
174 497
1 14 2
198 484
1 12 2
123 295
1 3 2
55 371
1 13 2
3 339
1 4 2
63 317
1 3 2
359 430
1 12 2
77 341
1 7 2
319 415
1 13 2
262 350
1 9 2
136 358
1 9 2
431 474
1 12 2
92 193
1 3 2
281 408
1 13 2
455 491
1 9 2
85 450
1 13 2
404 457
1 15 2
137 231
1 10 2
225 467
1 11 2
393 496
1 15 2
218 248
1 13 2
45 199
1 11 2
63 100
1 6 2
163 399
1 6 2
79 146
1 6 2
39 394
1 3 2
379 455
1 4 2
123 189
1 7 2
290 398
1 5 2
204 276
1 12 2
140 281
1 13 2
69 372
1 3 2
110 374
1 15 2
183 388
1 5 2
24 179
1 8 2
122 256
1 12 2
165 498
1 5 2
333 378
1 2 2
19 186
1 10 2
45 103
1 11 2
223 355
1 11 2
237 265
1 8 2
47 149
1 13 2
138 460
1 14 2
357 485
1 7 2
315 471
1 14 2
70 399
1 15 2
10 389
1 3 2
1 269
1 7 2
40 413
1 7 2
479 480
1 7 2
84 243
1 15 2
270 317
1 5 2
3 380
1 9 2
183 361
1 5 2
239 241
1 14 2
288 429
1 4 2
31 331
1 5 2
27 131
1 10 2
75 434
1 11 2
352 369
1 7 2
145 297
1 5 2
356 387
1 12 2
87 363
1 10 2
171 223
1 8 2
192 394
1 3 2
22 446
1 11 2
178 456
1 7 2
26 345
1 13 2
73 482
1 10 2
253 395
1 10 2
261 422
1 2 2
178 486
1 4 2
236 358
1 3 2
253 355
1 11 2
173 427
1 9 2
23 133
1 6 2
81 403
1 5 2
297 417
1 9 2
341 413
1 2 2
146 375
1 10 2
6 294
1 4 2
128 225
1 15 2
45 194
1 15 2
404 491
1 9 2
14 235
1 3 2
8 439
1 9 2
80 305
1 8 2
21 381
1 13 2
130 481
1 3 2
6 409
1 5 2
218 289
1 11 2
288 295
1 9 2
301 386
1 15 2
98 343
1 2 2
281 376
1 11 2
401 446
1 10 2
14 334
1 7 2
91 381
1 5 2
413 421
1 3 2
23 187
1 12 2
193 394
1 10 2
132 365
1 9 2
163 348
1 3 2
222 419
1 11 2
264 450
1 8 2
217 397
1 6 2
115 352
1 15 2
7 257
1 2 2
226 349
1 6 2
36 74
1 6 2
70 326
1 12 2
269 338
1 9 2
39 426
1 8 2
1 342
1 7 2
11 348
1 10 2
212 283
1 13 2
109 145
1 14 2
300 336
1 13 2
258 330
1 6 2
120 354
1 3 2
226 439
1 13 2
118 425
1 3 2
48 449
1 4 2
89 143
1 8 2
120 454
1 9 2
260 423
1 4 2
32 134
1 13 2
232 365
1 14 2
283 289
1 2 2
76 187
1 10 2
169 211
1 11 2
66 266
1 6 2
20 260
1 15 2
106 487
1 6 2
202 228
1 6 2
60 340
1 4 2
73 346
1 9 2
117 312
1 13 2
38 265
1 2 2
165 438
1 12 2
186 268
1 11 2
191 329
1 2 2
405 428
1 6 2
413 440
1 2 2
159 385
1 9 2
9 98
1 5 2
368 408
1 9 2
337 343
1 5 2
29 52
1 4 2
256 498
1 3 2
38 404
1 4 2
147 184
1 14 2
64 365
1 10 2
241 247
1 14 2
31 167
1 10 2
161 473
1 14 2
80 316
1 10 2
135 215
1 14 2
105 342
1 8 2
365 425
1 6 2
332 388
1 2 2
88 313
1 15 2
27 387
1 7 2
222 260
1 13 2
94 271
1 14 2
26 237
1 10 2
106 315
1 15 2
191 461
1 7 2
79 391
1 13 2
272 277
1 14 2
156 372
1 12 2
380 450
1 2 2
57 440
1 7 2
408 424
1 6 2
253 499
1 9 2
246 343
1 3 2
448 450
1 6 2
108 131
1 2 2
129 484
1 13 2
10 149
1 13 2
37 184
1 10 2
217 256
1 4 2
294 478
1 3 2
95 371
1 7 2
49 398
1 7 2
57 312
1 10 2
154 236
1 6 2
321 380
1 4 2
43 360
1 3 2
30 207
1 8 2
83 483
1 10 2
219 274
1 12 2
296 364
1 4 2
324 486
1 11 2
128 167
1 3 2
244 311
1 9 2
456 490
1 3 2
371 409
1 11 2
314 475
1 5 2
318 373
1 10 2
17 300
1 15 2
33 256
1 10 2
384 456
1 10 2
198 440
1 7 2
42 415
1 4 2
11 409
1 11 2
166 451
1 3 2
308 441
1 9 2
87 413
1 10 2
93 336
1 6 2
117 173
1 14 2
6 65
1 7 2
24 88
1 15 2
27 68
1 8 2
83 214
1 11 2
122 385
1 8 2
225 319
1 12 2
472 479
1 8 2
343 470
1 2 2
116 363
1 2 2
78 463
1 4 2
348 400
1 5 2
305 487
1 5 2
13 421
1 11 2
383 468
1 2 2
259 313
1 8 2
319 420
1 12 2
381 390
1 11 2
150 184
1 8 2
162 460
1 15 2
161 455
1 11 2
43 82
1 4 2
29 296
1 4 2
254 264
1 12 2
219 227
1 15 2
337 338
1 3 2
97 245
1 7 2
379 389
1 3 2
52 81
1 12 2
45 100
1 5 2
122 148
1 10 2
133 184
1 4 2
195 416
1 11 2
215 420
1 15 2
34 151
1 12 2
304 467
1 6 2
408 474
1 14 2
396 400
1 10 2
158 275
1 14 2
361 374
1 12 2
5 317
1 3 2
358 405
1 6 2
144 268
1 8 2
18 246
1 12 2
77 168
1 8 2
23 184
1 11 2
152 304
1 5 2
85 451
1 12 2
345 433
1 10 2
110 254
1 5 2
96 195
1 11 2
144 349
1 6 2
4 91
1 12 2
306 465
1 3 2
137 421
1 8 2
138 233
1 13 2
84 290
1 10 2
107 116
1 15 2
10 478
1 13 2
87 108
1 13 2
30 82
1 4 2
21 22
1 6 2
59 375
1 15 2
97 186
1 3 2
336 422
1 6 2
28 451
1 8 2
72 138
1 11 2
90 128
1 15 2
146 247
1 3 2
0 181
1 4 2
364 485
1 13 2
182 211
1 8 2
32 128
1 15 2
130 151
1 8 2
198 409
1 8 2
126 291
1 6 2
262 333
1 9 2
192 266
1 2 2
59 250
1 12 2
168 334
1 8 2
105 453
1 9 2
441 452
1 10 2
212 327
1 12 2
124 269
1 7 2
155 349
1 14 2
173 325
1 10 2
201 215
1 3 2
403 418
1 6 2
344 447
1 10 2
236 277
1 3 2
143 202
1 11 2
102 173
1 3 2
216 338
1 4 2
53 350
1 5 2
20 242
1 15 2
86 132
1 5 2
351 388
1 4 2
139 209
1 4 2
244 409
1 5 2
335 411
1 13 2
81 456
1 8 2
450 465
1 11 2
241 370
1 12 2
50 293
1 10 2
188 231
1 7 2
56 272
1 7 2
68 204
1 8 2
398 403
1 12 2
205 465
1 5 2
199 263
1 12 2
327 332
1 15 2
182 282
1 14 2
34 374
1 8 2
137 362
1 4 2
211 345
1 6 2
443 445
1 2 2
40 496
1 14 2
212 240
1 9 2
237 463
1 12 2
3 52
1 2 2
25 48
1 3 2
29 481
1 9 2
411 495
1 13 2
277 319
1 10 2
245 315
1 13 2
246 394
1 4 2
110 226
1 13 2
434 492
1 7 2
298 319
1 3 2
64 200
1 12 2
91 427
1 8 2
275 430
1 12 2
39 186
1 10 2
127 372
1 11 2
128 498
1 11 2
63 419
1 12 2
285 339
1 4 2
342 346
1 14 2
283 375
1 13 2
308 434
1 8 2
24 343
1 5 2
28 344
1 9 2
141 235
1 4 2
376 386
1 4 2
410 490
1 3 2
71 437
1 11 2
248 442
1 4 2
28 184
1 8 2
118 284
1 9 2
190 289
1 3 2
178 285
1 4 2
44 466
1 3 2
213 463
1 3 2
417 499
1 5 2
53 179
1 3 2
17 95
1 5 2
212 369
1 7 2
350 401
1 4 2
173 174
1 12 2
326 348
1 11 2
42 65
1 5 2
8 311
1 2 2
474 498
1 15 2
327 348
1 15 2
90 214
1 10 2
234 322
1 14 2
215 317
1 8 2
138 476
1 3 2
375 481
1 4 2
258 499
1 10 2
411 434
1 9 2
358 390
1 15 2
76 255
1 2 2
34 290
1 11 2
43 151
1 10 2
451 498
1 12 2
83 362
1 14 2
408 436
1 15 2
73 233
1 6 2
209 350
1 15 2
332 339
1 15 2
129 142
1 9 2
49 265
1 8 2
343 364
1 2 2
27 466
1 14 2
229 399
1 2 2
46 58
1 9 2
10 464
1 9 2
10 410
1 8 2
18 216
1 9 2
10 426
1 9 2
93 162
1 12 2
226 465
1 6 2
236 463
1 2 2
194 375
1 11 2
274 407
1 3 2
187 227
1 5 2
157 475
1 12 2
37 170
1 14 2
40 452
1 15 2
174 427
1 9 2
131 327
1 2 2
201 464
1 14 2
209 411
1 8 2
110 395
1 9 2
34 285
1 9 2
56 149
1 7 2
53 424
1 11 2
337 385
1 11 2
94 410
1 9 2
34 459
1 15 2
192 250
1 10 2
335 409
1 8 2
397 417
1 13 2
143 407
1 13 2
219 388
1 11 2
21 453
1 2 2
145 326
1 6 2
167 171
1 14 2
14 371
1 11 2
15 294
1 14 2
10 83
1 14 2
9 437
1 6 2
103 473
1 13 2
27 262
1 11 2
100 449
1 4 2
181 474
1 8 2
58 111
1 14 2
172 181
1 2 2
12 27
1 10 2
76 215
1 8 2
119 219
1 3 2
187 192
1 13 2
113 204
1 5 2
114 208
1 6 2
211 279
1 9 2
55 393
1 11 2
37 262
1 8 2
188 339
1 11 2
243 409
1 4 2
63 83
1 13 2
123 358
1 6 2
177 182
1 7 2
216 361
1 9 2
392 433
1 12 2
51 312
1 7 2
366 411
1 3 2
22 84
1 7 2
262 263
1 14 2
268 371
1 11 2
56 224
1 11 2
43 297
1 7 2
57 350
1 3 2
396 487
1 11 2
155 416
1 13 2
240 348
1 12 2
120 484
1 9 2
109 436
1 8 2
411 460
1 12 2
3 226
1 13 2
27 331
1 6 2
157 166
1 13 2
83 133
1 15 2
304 368
1 3 2
343 375
1 4 2
18 182
1 10 2
195 441
1 3 2
3 152
1 9 2
7 107
1 9 2
212 345
1 11 2
357 439
1 9 2
88 446
1 2 2
72 454
1 5 2
299 329
1 12 2
280 349
1 13 2
71 465
1 6 2
191 206
1 13 2
31 343
1 3 2
26 97
1 5 2
148 354
1 10 2
167 425
1 3 2
180 248
1 9 2
119 451
1 7 2
163 406
1 2 2
67 491
1 9 2
242 483
1 13 2
120 300
1 7 2
151 191
1 13 2
19 269
1 8 2
98 176
1 14 2
226 478
1 14 2
64 80
1 10 2
81 321
1 3 2
50 56
1 9 2
87 424
1 8 2
188 425
1 14 2
155 359
1 15 2
4 368
1 2 2
154 383
1 15 2
367 368
1 14 2
1 219
1 9 2
19 232
1 7 2
54 88
1 8 2
173 487
1 9 2
103 419
1 8 2
147 398
1 11 2
143 166
1 7 2
84 334
1 7 2
12 420
1 7 2
48 366
1 2 2
231 389
1 14 2
464 489
1 10 2
369 497
1 3 2
77 263
1 13 2
4 158
1 7 2
271 445
1 2 2
218 416
1 12 2
84 263
1 6 2
95 206
1 15 2
310 470
1 14 2
1 372
1 11 2
49 117
1 3 2
294 440
1 15 2
1 89
1 6 2
52 112
1 3 2
3 56
1 12 2
92 498
1 2 2
406 477
1 8 2
145 481
1 11 2
6 378
1 14 2
124 175
1 9 2
323 450
1 4 2
21 63
1 10 2
271 323
1 6 2
136 309
1 7 2
149 308
1 2 2
35 296
1 15 2
84 88
1 3 2
92 122
1 3 2
78 248
1 6 2
212 220
1 5 2
453 495
1 9 2
67 283
1 9 2
9 36
1 14 2
314 467
1 4 2
198 468
1 10 2
81 455
1 2 2
167 209
1 2 2
263 431
1 8 2
81 203
1 12 2
111 322
1 12 2
45 257
1 8 2
161 427
1 9 2
87 136
1 4 2
120 426
1 3 2
325 440
1 13 2
228 313
1 4 2
13 177
1 4 2
37 127
1 8 2
162 191
1 13 2
415 420
1 13 2
111 449
1 13 2
252 360
1 8 2
64 238
1 7 2
3 232
1 3 2
103 182
1 13 2
338 430
1 15 2
14 84
1 7 2
358 366
1 8 2
124 258
1 15 2
281 392
1 13 2
75 87
1 5 2
39 147
1 11 2
116 334
1 12 2
78 139
1 14 2
422 446
1 5 2
175 480
1 6 2
187 323
1 9 2
56 399
1 3 2
232 313
1 10 2
42 217
1 5 2
390 479
1 4 2
297 333
1 12 2
270 377
1 9 2
14 471
1 3 2
95 367
1 14 2
32 402
1 14 2
143 299
1 7 2
145 436
1 8 2
42 282
1 6 2
7 253
1 9 2
177 321
1 13 2
1 218
1 10 2
120 383
1 3 2
225 235
1 6 2
366 442
1 12 2
264 482
1 2 2
113 313
1 6 2
189 321
1 12 2
102 290
1 2 2
13 156
1 12 2
227 477
1 3 2
76 483
1 2 2
26 178
1 11 2
108 481
1 5 2
59 127
1 6 2
245 395
1 3 2
9 77
1 12 2
0 36
1 13 2
415 487
1 11 2
410 427
1 8 2
160 198
1 3 2
97 228
1 2 2
26 422
1 11 2
306 379
1 8 2
55 71
1 2 2
89 191
1 2 2
322 324
1 13 2
58 326
1 6 2
261 421
1 15 2
88 269
1 9 2
129 354
1 10 2
342 354
1 11 2
167 437
1 14 2
28 385
1 14 2
283 481
1 12 2
28 487
1 10 2
180 475
1 14 2
397 422
1 8 2
362 400
1 13 2
129 294
1 6 2
256 377
1 2 2
69 259
1 5 2
89 126
1 7 2
109 459
1 4 2
12 21
1 14 2
45 491
1 4 2
135 228
1 3 2
200 368
1 9 2
206 357
1 15 2
173 384
1 10 2
429 458
1 2 2
376 430
1 4 2
289 386
1 13 2
216 417
1 3 2
170 354
1 5 2
235 256
1 9 2
119 285
1 10 2
375 489
1 5 2
313 395
1 7 2
45 303
1 5 2
17 74
1 11 2
11 481
1 7 2
76 299
1 11 2
447 451
1 10 2
97 253
1 4 2
20 159
1 14 2
33 359
1 9 2
415 466
1 9 2
84 216
1 4 2
82 105
1 4 2
158 228
1 9 2
466 467
1 9 2
39 53
1 6 2
36 440
1 3 2
10 100
1 7 2
3 376
1 12 2
57 377
1 5 2
195 339
1 6 2
275 447
1 9 2
45 494
1 4 2
91 369
1 5 2
273 378
1 6 2
9 394
1 12 2
27 244
1 15 2
183 440
1 11 2
137 398
1 3 2
210 302
1 11 2
84 106
1 5 2
220 318
1 11 2
89 346
1 7 2
241 246
1 9 2
217 252
1 3 2
34 74
1 14 2
72 458
1 9 2
324 389
1 2 2
413 437
1 3 2
3 242
1 9 2
332 408
1 5 2
449 465
1 9 2
2 481
1 13 2
234 292
1 6 2
36 103
1 8 2
18 200
1 7 2
12 426
1 8 2
48 323
1 13 2
341 404
1 7 2
119 167
1 6 2
8 256
1 8 2
20 315
1 13 2
297 497
1 8 2
6 195
1 3 2
0 96
1 12 2
34 81
1 11 2
152 359
1 15 2
119 483
1 4 2
199 448
1 5 2
7 176
1 2 2
34 152
1 2 2
384 495
1 10 2
130 261
1 10 2
222 456
1 11 2
266 438
1 12 2
292 435
1 3 2
119 237
1 10 2
8 19
1 10 2
98 160
1 7 2
171 484
1 11 2
278 384
1 4 2
34 142
1 15 2
132 402
1 5 2
461 470
1 5 2
178 269
1 9 2
19 75
1 6 2
198 352
1 15 2
31 340
1 12 2
227 381
1 8 2
67 437
1 14 2
153 260
1 6 2
372 376
1 7 2
237 380
1 8 2
300 348
1 12 2
11 496
1 12 2
94 358
1 5 2
201 408
1 3 2
112 204
1 9 2
42 51
1 3 2
179 366
1 5 2
261 389
1 10 2
238 420
1 9 2
245 413
1 8 2
9 260
1 4 2
49 452
1 7 2
251 266
1 10 2
17 212
1 10 2
110 281
1 10 2
230 288
1 7 2
63 146
1 4 2
40 197
1 7 2
215 251
1 2 2
37 324
1 4 2
104 304
1 6 2
313 352
1 11 2
441 470
1 2 2
119 229
1 11 2
56 400
1 2 2
89 403
1 11 2
99 401
1 11 2
50 222
1 11 2
3 24
1 11 2
442 457
1 3 2
2 310
1 12 2
118 330
1 14 2
436 472
1 6 2
108 411
1 14 2
106 285
1 2 2
23 216
1 15 2
82 104
1 15 2
150 454
1 10 2
356 436
1 10 2
59 433
1 5 2
46 427
1 14 2
134 477
1 11 2
128 390
1 3 2
127 195
1 10 2
31 348
1 12 2
341 443
1 2 2
279 356
1 7 2
460 485
1 14 2
1 115
1 6 2
87 307
1 7 2
106 251
1 7 2
266 322
1 7 2
338 473
1 8 2
263 423
1 8 2
128 378
1 10 2
234 391
1 8 2
202 311
1 9 2
282 396
1 9 2
145 225
1 7 2
247 379
1 10 2
268 386
1 10 2
9 194
1 7 2
130 332
1 7 2
198 423
1 7 2
121 376
1 9 2
69 330
1 4 2
5 345
1 6 2
227 362
1 15 2
43 295
1 10 2
122 126
