500 3000 1500
5 8 7 6 25 8 11 19 8 24 22 6 16 18 6 9 19 6 18 18 24 22 5 20 5 7 25 13 15 18 23 15 8 25 9 14 12 15 19 13 25 23 21 25 18 5 17 18 10 22 19 9 22 6 18 8 24 17 21 13 13 21 6 23 10 16 14 17 22 10 21 20 6 15 21 13 14 24 6 5 23 21 16 16 19 20 23 6 8 15 13 23 11 15 13 8 17 7 7 7 17 10 23 16 20 16 17 14 25 8 21 8 8 10 25 16 15 20 14 15 12 18 19 17 14 20 18 11 17 8 8 7 8 10 12 17 19 14 15 24 18 14 14 17 9 12 19 23 6 12 23 5 17 18 11 11 12 8 12 11 23 13 20 20 20 12 8 5 11 5 12 17 23 25 11 19 15 14 8 15 23 15 16 20 15 8 5 25 13 11 10 9 11 18 12 6 6 12 15 7 14 19 13 12 19 18 15 5 16 14 17 15 11 17 21 8 20 17 21 25 22 23 5 15 25 14 6 11 24 19 22 21 22 18 25 7 9 7 15 14 7 14 25 22 24 11 9 21 16 17 23 22 19 24 20 7 15 23 25 8 10 13 15 7 7 5 8 14 6 6 8 20 16 14 5 18 10 22 10 16 25 22 16 22 17 11 20 15 24 12 17 17 18 9 8 9 11 21 16 25 25 8 23 18 23 11 12 8 23 11 25 21 19 11 13 13 6 6 11 14 14 12 23 18 9 6 5 11 22 11 20 17 14 23 25 5 25 12 6 17 7 17 8 18 12 15 13 10 25 22 8 10 16 24 25 12 6 20 16 25 24 24 21 9 25 19 8 8 8 14 5 12 16 9 12 10 14 6 14 14 22 11 12 7 6 16 10 5 5 19 16 18 15 22 9 24 18 10 25 10 10 23 24 12 6 13 23 25 19 6 24 20 11 16 22 25 12 22 22 14 21 15 19 17 24 22 24 21 8 22 21 9 12 6 17 23 20 13 21 17 7 20 24 6 9 24 5 22 6 14 13 5 20 10 24 13 20 24 8 10 15 8 16 17 13 19 7 8 12 21 21 19 8 7 15 9 16 24 6 7 9 19 25 13 18 6 16 9 17 21 8 14 17 12 16 12 15 14 15 5
16 8 13 10 14 4 8 5 3 11 8 4 19 16 20 18 9 6 12 18 3 14 5 16 12 12 19 16 11 18 5 17 15 8 7 19 6 14 18 6 12 14 16 16 9 11 10 8 18 5 6 6 10 20 11 17 18 3 8 5 7 10 15 3 20 8 3 12 8 9 8 17 10 18 14 10 9 14 14 5 5 12 9 3 12 15 15 5 19 4 5 16 7 3 16 10 17 17 15 7 20 9 8 11 16 12 12 14 19 3 10 9 4 9 10 12 4 5 4 4 15 3 19 18 5 5 3 3 9 15 8 9 15 10 11 8 16 4 8 9 14 20 6 3 17 15 16 11 5 4 4 19 5 20 4 12 7 16 11 20 8 16 7 20 3 19 9 12 19 6 4 18 19 3 9 8 13 7 8 5 15 5 13 9 14 10 19 9 8 10 7 3 17 10 16 15 8 8 3 4 12 5 5 17 18 14 7 7 7 7 9 17 20 19 6 3 11 18 3 14 18 10 16 5 13 20 19 17 5 8 6 13 7 12 20 4 13 13 16 17 3 15 20 13 11 15 16 5 7 12 19 13 13 15 16 15 4 9 14 19 7 12 11 19 15 20 12 15 10 14 5 9 17 10 8 5 19 6 3 18 19 13 6 3 7 4 16 9 4 12 5 6 13 17 7 17 15 17 6 16 15 3 12 6 18 3 13 12 16 16 14 7 19 3 12 10 15 9 4 7 4 15 16 13 6 14 6 18 9 19 13 13 16 20 13 13 4 19 4 17 7 20 6 3 14 3 6 8 15 17 4 19 13 8 7 16 12 3 5 4 16 9 13 20 15 11 10 12 3 20 8 7 20 14 11 5 16 9 13 16 17 8 13 5 13 5 20 15 5 17 11 17 13 3 3 13 11 10 7 15 20 12 17 14 16 5 3 4 17 3 9 9 7 20 7 9 7 14 4 13 13 18 5 15 12 19 5 12 10 20 12 4 8 7 9 5 5 4 5 20 10 3 9 7 7 7 9 4 3 19 10 3 13 8 16 12 7 6 4 9 9 17 6 6 7 6 20 18 7 13 7 8 10 15 9 16 19 11 9 5 8 19 5 17 14 9 3 7 11 5 4 19 5 6 4 5 13 7 12 17
1 15 2
276 366
1 12 2
141 247
1 6 2
46 104
1 13 2
111 188
1 2 2
293 297
1 4 2
246 408
1 6 2
294 494
1 4 2
127 255
1 11 2
408 443
1 4 2
12 154
1 10 2
130 278
1 15 2
281 337
1 3 2
5 296
1 9 2
173 491
1 15 2
57 354
1 15 2
148 422
1 14 2
138 413
1 12 2
4 54
1 15 2
203 265
1 10 2
87 150
1 10 2
66 90
1 9 2
316 391
1 11 2
44 299
1 4 2
274 419
1 15 2
89 232
1 5 2
90 123
1 10 2
119 162
1 10 2
41 418
1 7 2
229 246
1 13 2
216 234
1 12 2
35 181
1 5 2
138 187
1 9 2
34 44
1 11 2
146 258
1 4 2
177 200
1 10 2
113 360
1 12 2
172 371
1 11 2
430 466
1 6 2
3 479
1 5 2
61 307
1 7 2
48 104
1 14 2
67 432
1 15 2
7 366
1 8 2
32 287
1 14 2
101 126
1 9 2
73 317
1 9 2
424 478
1 2 2
273 443
1 8 2
215 225
1 13 2
7 483
1 7 2
191 440
1 4 2
316 490
1 4 2
289 314
1 12 2
195 246
1 5 2
49 313
1 9 2
241 441
1 5 2
299 455
1 14 2
198 497
1 12 2
50 399
1 2 2
124 407
1 11 2
44 490
1 6 2
237 255
1 11 2
311 447
1 5 2
27 447
1 4 2
193 316
1 10 2
3 253
1 7 2
205 465
1 10 2
474 497
1 6 2
20 444
1 9 2
9 43
1 15 2
147 309
1 10 2
115 250
1 8 2
214 367
1 5 2
158 438
1 8 2
121 156
1 8 2
305 415
1 3 2
374 465
1 12 2
5 52
1 13 2
51 140
1 14 2
8 491
1 8 2
230 352
1 12 2
176 291
1 2 2
109 344
1 13 2
120 419
1 4 2
136 141
1 5 2
201 330
1 2 2
13 321
1 10 2
105 231
1 14 2
88 323
1 4 2
154 177
1 14 2
64 295
1 6 2
282 336
1 14 2
13 335
1 15 2
78 105
1 5 2
117 478
1 4 2
197 275
1 5 2
234 439
1 11 2
157 352
1 6 2
100 290
1 11 2
29 38
1 3 2
455 477
1 6 2
301 358
1 11 2
428 452
1 13 2
257 259
1 15 2
193 419
1 14 2
107 395
1 3 2
361 451
1 15 2
175 475
1 10 2
30 85
1 15 2
353 377
1 14 2
131 311
1 14 2
287 429
1 11 2
294 375
1 8 2
6 234
1 15 2
230 369
1 12 2
25 73
1 8 2
280 380
1 13 2
279 497
1 12 2
186 479
1 4 2
236 267
1 13 2
75 76
1 15 2
31 499
1 8 2
4 118
1 15 2
158 398
1 8 2
361 473
1 4 2
220 371
1 13 2
26 137
1 15 2
248 275
1 2 2
58 451
1 7 2
333 388
1 9 2
160 311
1 14 2
57 180
1 10 2
318 461
1 9 2
14 221
1 6 2
292 368
1 10 2
197 272
1 10 2
90 389
1 7 2
145 377
1 15 2
358 499
1 7 2
21 171
1 3 2
302 335
1 5 2
86 197
1 2 2
260 369
1 4 2
35 126
1 9 2
34 339
1 3 2
87 486
1 4 2
155 236
1 11 2
132 490
1 11 2
152 432
1 8 2
44 265
1 3 2
44 52
1 9 2
325 497
1 10 2
282 419
1 5 2
128 333
1 3 2
368 445
1 2 2
168 464
1 3 2
98 364
1 6 2
137 293
1 3 2
215 348
1 8 2
14 352
1 12 2
336 392
1 15 2
72 119
1 5 2
146 180
1 8 2
224 243
1 8 2
300 352
1 12 2
393 411
1 13 2
244 310
1 10 2
100 237
1 14 2
28 232
1 11 2
55 156
1 12 2
20 157
1 4 2
363 469
1 3 2
177 346
1 6 2
47 219
1 8 2
215 446
1 10 2
171 372
1 2 2
63 227
1 14 2
252 256
1 13 2
86 237
1 5 2
224 368
1 15 2
79 279
1 6 2
242 419
1 5 2
181 416
1 13 2
97 407
1 12 2
8 471
1 8 2
41 338
1 13 2
140 207
1 14 2
63 383
1 9 2
77 264
1 6 2
23 499
1 2 2
419 475
1 7 2
238 465
1 13 2
40 68
1 5 2
304 456
1 11 2
108 354
1 7 2
19 284
1 2 2
112 324
1 11 2
135 207
1 8 2
133 387
1 5 2
220 339
1 13 2
136 477
1 7 2
92 142
1 8 2
26 66
1 3 2
189 371
1 10 2
44 253
1 2 2
317 449
1 2 2
17 477
1 14 2
211 328
1 7 2
314 322
1 11 2
445 457
1 3 2
34 247
1 7 2
134 137
1 10 2
240 434
1 5 2
262 386
1 10 2
385 458
1 10 2
249 385
1 3 2
95 128
1 10 2
407 434
1 9 2
271 460
1 6 2
357 385
1 3 2
304 478
1 12 2
182 468
1 10 2
438 497
1 7 2
287 345
1 5 2
248 432
1 14 2
175 467
1 5 2
257 481
1 7 2
139 464
1 12 2
93 128
1 2 2
390 496
1 2 2
3 464
1 7 2
361 481
1 12 2
44 416
1 10 2
64 246
1 3 2
411 446
1 7 2
69 76
1 8 2
51 168
1 2 2
63 198
1 11 2
30 118
1 13 2
180 432
1 13 2
41 362
1 14 2
338 350
1 2 2
209 271
1 6 2
1 418
1 15 2
17 293
1 2 2
72 278
1 6 2
33 73
1 4 2
42 309
1 12 2
298 475
1 2 2
107 379
1 10 2
334 401
1 14 2
269 305
1 8 2
164 187
1 14 2
31 498
1 7 2
82 315
1 15 2
41 60
1 6 2
77 216
1 14 2
137 250
1 2 2
36 49
1 11 2
96 218
1 9 2
267 439
1 11 2
54 135
1 8 2
33 221
1 8 2
46 66
1 3 2
60 467
1 11 2
212 483
1 13 2
192 386
1 14 2
216 459
1 7 2
210 393
1 15 2
324 365
1 12 2
42 491
1 15 2
410 462
1 12 2
209 220
1 9 2
223 319
1 4 2
56 187
1 4 2
162 390
1 2 2
46 407
1 13 2
358 415
1 6 2
181 396
1 11 2
175 381
1 3 2
335 494
1 12 2
58 313
1 10 2
333 461
1 6 2
300 467
1 6 2
283 411
1 15 2
116 266
1 8 2
263 492
1 4 2
171 409
1 10 2
440 453
1 9 2
66 247
1 11 2
258 260
1 6 2
9 325
1 6 2
128 188
1 14 2
329 463
1 13 2
87 157
1 5 2
315 353
1 8 2
70 157
1 4 2
6 115
1 11 2
302 440
1 10 2
24 265
1 15 2
331 375
1 6 2
283 451
1 7 2
115 356
1 10 2
195 251
1 5 2
121 354
1 10 2
8 372
1 15 2
127 284
1 12 2
272 314
1 11 2
323 428
1 4 2
40 168
1 6 2
159 333
1 15 2
266 270
1 6 2
143 204
1 6 2
146 330
1 5 2
185 480
1 12 2
297 403
1 13 2
468 478
1 8 2
127 442
1 12 2
391 393
1 9 2
109 463
1 2 2
83 334
1 2 2
173 445
1 2 2
200 402
1 13 2
253 282
1 8 2
294 436
1 7 2
51 225
1 4 2
58 340
1 12 2
179 274
1 14 2
198 398
1 2 2
285 370
1 8 2
132 462
1 2 2
122 248
1 6 2
11 197
1 9 2
201 488
1 13 2
7 214
1 8 2
345 470
1 11 2
140 495
1 15 2
226 305
1 3 2
48 145
1 7 2
100 406
1 7 2
149 199
1 14 2
45 327
1 6 2
36 479
1 6 2
32 370
1 14 2
371 451
1 13 2
74 347
1 12 2
432 479
1 2 2
340 371
1 6 2
201 442
1 15 2
442 451
1 3 2
201 248
1 11 2
74 128
1 8 2
99 437
1 7 2
39 189
1 4 2
207 447
1 6 2
105 363
1 15 2
70 110
1 9 2
130 368
1 14 2
153 451
1 2 2
328 399
1 4 2
82 88
1 9 2
89 182
1 13 2
0 120
1 8 2
164 375
1 15 2
90 345
1 12 2
30 292
1 14 2
239 369
1 10 2
386 402
1 15 2
211 362
1 7 2
8 183
1 14 2
69 346
1 4 2
35 490
1 11 2
40 367
1 6 2
183 464
1 2 2
87 274
1 9 2
161 447
1 12 2
32 78
1 10 2
12 334
1 3 2
12 252
1 9 2
132 348
1 12 2
440 444
1 10 2
68 164
1 8 2
33 175
1 5 2
34 80
1 12 2
97 274
1 12 2
16 421
1 13 2
110 455
1 3 2
346 499
1 4 2
128 160
1 3 2
175 328
1 15 2
43 473
1 14 2
24 31
1 7 2
122 378
1 10 2
102 349
1 9 2
353 388
1 9 2
28 301
1 2 2
339 444
1 2 2
70 97
1 5 2
59 287
1 13 2
115 307
1 13 2
324 371
1 9 2
360 439
1 5 2
69 254
1 13 2
80 322
1 4 2
33 331
1 3 2
123 392
1 5 2
339 376
1 9 2
358 411
1 10 2
424 443
1 2 2
236 348
1 6 2
338 415
1 4 2
245 348
1 7 2
268 366
1 10 2
207 421
1 10 2
376 440
1 6 2
247 416
1 6 2
89 118
1 8 2
43 407
1 12 2
145 185
1 6 2
333 418
1 2 2
189 497
1 13 2
58 301
1 6 2
322 370
1 5 2
151 282
1 4 2
285 365
1 12 2
156 437
1 12 2
35 487
1 5 2
139 320
1 3 2
44 300
1 12 2
75 332
1 7 2
135 360
1 14 2
482 489
1 5 2
51 61
1 9 2
23 201
1 10 2
81 310
1 11 2
111 149
1 7 2
241 334
1 8 2
433 441
1 7 2
284 443
1 7 2
137 192
1 3 2
64 372
1 13 2
239 487
1 15 2
235 283
1 9 2
25 255
1 12 2
332 363
1 11 2
227 281
1 4 2
122 231
1 14 2
227 464
1 2 2
80 499
1 13 2
18 188
1 15 2
101 201
1 15 2
26 129
1 6 2
48 229
1 15 2
311 420
1 5 2
40 163
1 7 2
235 384
1 3 2
98 329
1 5 2
41 160
1 11 2
53 242
1 14 2
7 100
1 8 2
387 395
1 10 2
30 42
1 5 2
118 183
1 5 2
412 450
1 12 2
182 393
1 4 2
232 409
1 6 2
254 354
1 12 2
42 351
1 8 2
209 261
1 10 2
87 260
1 7 2
264 409
1 11 2
189 278
1 3 2
179 366
1 3 2
177 422
1 12 2
21 257
1 7 2
186 227
1 11 2
209 263
1 12 2
37 323
1 3 2
215 268
1 4 2
27 106
1 13 2
155 489
1 9 2
190 217
1 14 2
158 301
1 3 2
71 354
1 10 2
133 178
1 5 2
128 249
1 14 2
110 295
1 6 2
25 52
1 15 2
389 427
1 7 2
298 459
1 12 2
72 263
1 7 2
239 397
1 8 2
110 168
1 14 2
222 333
1 4 2
91 257
1 10 2
290 388
1 3 2
110 258
1 4 2
1 359
1 10 2
137 457
1 3 2
173 425
1 13 2
14 96
1 13 2
274 331
1 3 2
297 324
1 9 2
60 157
1 7 2
320 330
1 10 2
239 290
1 3 2
94 132
1 4 2
52 377
1 14 2
122 339
1 2 2
154 287
1 14 2
320 361
1 5 2
136 198
1 14 2
100 136
1 5 2
30 496
1 6 2
139 408
1 15 2
170 391
1 6 2
126 444
1 13 2
49 143
1 11 2
191 439
1 15 2
18 459
1 3 2
148 286
1 6 2
173 240
1 2 2
64 85
1 3 2
183 441
1 3 2
15 462
1 7 2
33 50
1 10 2
329 344
1 5 2
109 363
1 12 2
143 496
1 14 2
284 428
1 8 2
453 475
1 7 2
304 477
1 7 2
101 378
1 5 2
69 483
1 8 2
75 181
1 10 2
216 389
1 14 2
36 410
1 2 2
32 140
1 10 2
250 380
1 15 2
206 324
1 3 2
41 388
1 7 2
251 348
1 3 2
63 438
1 4 2
307 380
1 13 2
204 338
1 11 2
320 458
1 9 2
20 197
1 3 2
3 463
1 14 2
275 462
1 3 2
74 407
1 15 2
237 348
1 8 2
337 412
1 7 2
170 177
1 9 2
13 154
1 10 2
200 496
1 7 2
281 319
1 8 2
26 183
1 12 2
352 400
1 14 2
29 176
1 12 2
64 219
1 15 2
328 446
1 10 2
83 402
1 6 2
147 383
1 9 2
272 307
1 15 2
114 221
1 12 2
122 249
1 4 2
231 460
1 3 2
157 320
1 9 2
238 352
1 14 2
263 341
1 7 2
307 489
1 11 2
38 169
1 4 2
87 434
1 13 2
248 314
1 8 2
311 363
1 5 2
1 348
1 8 2
142 210
1 2 2
62 219
1 4 2
77 282
1 11 2
307 483
1 13 2
192 452
1 5 2
9 420
1 2 2
81 318
1 9 2
187 324
1 2 2
335 421
1 10 2
120 121
1 3 2
91 426
1 5 2
242 491
1 4 2
259 485
1 14 2
424 440
1 7 2
283 320
1 15 2
30 437
1 3 2
112 248
1 12 2
107 499
1 12 2
254 299
1 12 2
39 229
1 14 2
214 481
1 12 2
148 232
1 13 2
353 455
1 12 2
98 193
1 3 2
240 355
1 8 2
143 318
1 14 2
1 27
1 7 2
20 81
1 8 2
196 262
1 14 2
49 257
1 7 2
458 465
1 8 2
102 170
1 6 2
283 410
1 2 2
64 358
1 13 2
266 499
1 8 2
17 67
1 15 2
278 334
1 2 2
238 477
1 12 2
244 366
1 6 2
267 421
1 10 2
15 37
1 9 2
77 429
1 7 2
257 497
1 2 2
268 389
1 2 2
478 494
1 8 2
4 48
1 2 2
131 353
1 14 2
309 348
1 10 2
191 400
1 13 2
253 337
1 13 2
207 450
1 4 2
90 151
1 8 2
140 343
1 3 2
187 393
1 11 2
45 72
1 3 2
229 467
1 15 2
158 252
1 2 2
159 338
1 15 2
197 296
1 5 2
7 254
1 4 2
88 120
1 9 2
202 260
1 7 2
157 258
1 7 2
274 467
1 15 2
216 221
1 5 2
4 221
1 7 2
155 415
1 4 2
362 482
1 6 2
470 478
1 9 2
119 437
1 13 2
50 408
1 12 2
55 325
1 12 2
120 221
1 14 2
24 117
1 13 2
20 458
1 12 2
275 460
1 7 2
203 321
1 7 2
60 290
1 11 2
61 442
1 10 2
254 492
1 15 2
116 387
1 13 2
136 489
1 10 2
382 435
1 6 2
308 355
1 2 2
278 392
1 6 2
404 484
1 6 2
407 420
1 11 2
88 499
1 13 2
71 491
1 9 2
14 470
1 3 2
250 312
1 9 2
188 423
1 6 2
43 175
1 6 2
124 488
1 10 2
151 214
1 8 2
272 367
1 2 2
165 471
1 7 2
79 126
1 4 2
74 386
1 12 2
129 309
1 7 2
17 391
1 13 2
133 412
1 2 2
11 456
1 4 2
279 487
1 7 2
147 209
1 15 2
60 478
1 13 2
203 234
1 14 2
248 361
1 15 2
176 250
1 14 2
176 365
1 6 2
211 244
1 4 2
7 420
1 9 2
40 256
1 4 2
42 107
1 7 2
117 285
1 14 2
204 483
1 6 2
289 447
1 3 2
180 299
1 2 2
427 489
1 2 2
9 334
1 5 2
116 403
1 9 2
84 418
1 11 2
433 486
1 10 2
64 425
1 13 2
67 252
1 12 2
126 359
1 10 2
151 496
1 2 2
181 343
1 4 2
138 189
1 12 2
297 413
1 4 2
90 408
1 3 2
64 262
1 12 2
230 232
1 12 2
131 228
1 6 2
83 441
1 5 2
229 407
1 15 2
437 463
1 4 2
80 233
1 11 2
194 283
1 11 2
17 107
1 8 2
148 236
1 6 2
93 163
1 5 2
46 307
1 11 2
132 356
1 8 2
338 377
1 15 2
258 495
1 4 2
83 469
1 13 2
417 423
1 10 2
34 92
1 8 2
21 129
1 10 2
53 440
1 5 2
88 454
1 6 2
146 492
1 2 2
111 384
1 12 2
248 315
1 5 2
195 210
1 7 2
421 447
1 10 2
36 477
1 6 2
106 137
1 2 2
117 328
1 12 2
53 385
1 4 2
324 417
1 9 2
54 187
1 9 2
312 454
1 3 2
77 111
1 6 2
52 165
1 2 2
219 269
1 10 2
106 203
1 8 2
0 207
1 3 2
15 358
1 11 2
125 310
1 4 2
251 323
1 13 2
221 351
1 7 2
448 475
1 7 2
196 275
1 9 2
237 383
1 4 2
42 319
1 13 2
11 439
1 10 2
286 296
1 12 2
445 479
1 12 2
304 411
1 15 2
71 83
1 9 2
42 167
1 14 2
137 186
1 13 2
217 456
1 6 2
127 384
1 15 2
160 428
1 12 2
122 152
1 6 2
79 272
1 15 2
69 367
1 6 2
243 452
1 11 2
249 339
1 9 2
106 110
1 9 2
48 222
1 8 2
131 451
1 6 2
9 106
1 4 2
26 92
1 8 2
184 190
1 2 2
326 450
1 14 2
89 119
1 3 2
106 355
1 11 2
58 499
1 4 2
128 171
1 13 2
46 446
1 3 2
29 259
1 2 2
178 213
1 8 2
59 125
1 13 2
212 431
1 14 2
32 478
1 7 2
202 401
1 15 2
81 429
1 6 2
289 355
1 12 2
266 410
1 14 2
100 184
1 5 2
122 141
1 8 2
111 458
1 14 2
171 232
1 12 2
312 385
1 15 2
255 463
1 6 2
350 451
1 3 2
52 171
1 12 2
4 62
1 8 2
29 102
1 13 2
152 486
1 3 2
179 250
1 5 2
33 168
1 14 2
57 209
1 15 2
28 409
1 4 2
251 493
1 2 2
266 356
1 4 2
325 450
1 6 2
462 486
1 4 2
188 228
1 8 2
264 421
1 5 2
54 222
1 4 2
82 321
1 3 2
111 409
1 2 2
314 380
1 7 2
92 195
1 4 2
38 182
1 9 2
182 425
1 15 2
141 261
1 5 2
99 439
1 13 2
99 111
1 8 2
315 397
1 9 2
71 148
1 14 2
126 198
1 14 2
165 200
1 13 2
264 362
1 11 2
222 338
1 5 2
51 355
1 15 2
84 322
1 9 2
195 217
1 7 2
39 191
1 6 2
31 461
1 12 2
18 425
1 4 2
68 302
1 4 2
257 419
1 5 2
245 408
1 2 2
54 468
1 9 2
365 405
1 11 2
170 484
1 9 2
357 401
1 8 2
44 226
1 14 2
283 328
1 2 2
120 387
1 11 2
269 370
1 4 2
283 490
1 12 2
140 373
1 9 2
185 317
1 12 2
197 320
1 15 2
283 391
1 14 2
4 342
1 14 2
173 458
1 8 2
140 206
1 14 2
58 299
1 13 2
109 144
1 11 2
118 359
1 14 2
33 125
1 10 2
78 488
1 10 2
98 289
1 4 2
26 276
1 9 2
130 228
1 9 2
282 464
1 14 2
15 155
1 13 2
423 426
1 10 2
464 491
1 11 2
81 193
1 11 2
34 51
1 13 2
117 245
1 10 2
290 459
1 8 2
364 452
1 11 2
347 404
1 5 2
112 368
1 15 2
323 402
1 12 2
216 438
1 4 2
2 481
1 5 2
93 470
1 5 2
131 249
1 3 2
348 463
1 11 2
18 129
1 7 2
8 61
1 11 2
74 202
1 14 2
169 353
1 8 2
209 302
1 2 2
248 329
1 12 2
134 238
1 5 2
12 182
1 4 2
151 409
1 2 2
66 344
1 14 2
295 409
1 12 2
64 335
1 12 2
247 341
1 11 2
303 342
1 3 2
79 208
1 6 2
187 219
1 11 2
309 356
1 11 2
139 327
1 7 2
109 197
1 3 2
170 239
1 3 2
46 322
1 13 2
89 216
1 8 2
72 235
1 10 2
125 410
1 6 2
423 460
1 5 2
138 198
1 2 2
225 473
1 10 2
128 147
1 5 2
131 348
1 3 2
86 356
1 9 2
239 258
1 2 2
92 242
1 7 2
191 492
1 11 2
243 446
1 3 2
24 406
1 3 2
285 452
1 10 2
33 99
1 13 2
51 76
1 5 2
333 401
1 11 2
207 428
1 10 2
190 473
1 3 2
155 492
1 13 2
339 446
1 2 2
15 71
1 13 2
326 351
1 7 2
3 41
1 2 2
62 401
1 10 2
297 434
1 6 2
1 116
1 14 2
45 438
1 7 2
88 489
1 6 2
433 444
1 9 2
121 405
1 10 2
275 464
1 13 2
0 111
1 10 2
311 411
1 10 2
17 409
1 15 2
335 496
1 7 2
4 209
1 12 2
255 346
1 12 2
111 382
1 5 2
415 417
1 8 2
97 463
1 8 2
257 384
1 4 2
110 233
1 8 2
216 454
1 13 2
106 462
1 15 2
25 320
1 14 2
310 478
1 14 2
479 491
1 4 2
173 227
1 5 2
50 223
1 14 2
245 381
1 9 2
336 412
1 15 2
41 277
1 5 2
74 373
1 6 2
184 260
1 13 2
60 172
1 11 2
87 207
1 15 2
127 381
1 4 2
243 282
1 10 2
183 355
1 5 2
94 355
1 10 2
334 418
1 13 2
21 294
1 8 2
0 32
1 9 2
19 326
1 3 2
146 321
1 12 2
280 357
1 10 2
201 425
1 10 2
98 153
1 4 2
158 272
1 4 2
53 354
1 14 2
115 343
1 3 2
205 298
1 5 2
472 482
1 13 2
7 164
1 10 2
163 404
1 9 2
123 171
1 14 2
176 234
1 7 2
142 473
1 5 2
32 260
1 12 2
8 322
1 9 2
66 155
1 6 2
144 175
1 4 2
33 247
1 7 2
224 346
1 15 2
116 184
1 5 2
5 116
1 5 2
209 493
1 2 2
5 389
1 10 2
133 310
1 3 2
196 446
1 9 2
180 218
1 2 2
8 148
1 2 2
95 335
1 13 2
49 159
1 11 2
252 437
1 10 2
301 449
1 5 2
381 462
1 7 2
398 413
1 2 2
64 211
1 12 2
266 374
1 11 2
8 219
1 4 2
271 291
1 12 2
105 392
1 12 2
112 251
1 6 2
10 297
1 2 2
174 383
1 14 2
190 333
1 10 2
99 458
1 15 2
199 482
1 11 2
31 210
1 8 2
5 130
1 9 2
437 448
1 9 2
334 377
1 15 2
137 302
1 4 2
141 362
1 2 2
292 399
1 15 2
95 172
1 10 2
414 473
1 15 2
212 348
1 12 2
296 330
1 6 2
11 72
1 6 2
133 307
1 10 2
26 296
1 2 2
234 312
1 15 2
201 339
1 5 2
11 63
1 8 2
76 213
1 4 2
407 452
1 15 2
436 476
1 9 2
279 381
1 7 2
64 373
1 3 2
51 124
1 12 2
88 395
1 5 2
313 424
1 7 2
239 427
1 15 2
9 278
1 13 2
74 94
1 12 2
143 444
1 7 2
123 489
1 4 2
19 21
1 13 2
145 239
1 15 2
47 325
1 15 2
94 151
1 9 2
17 381
1 11 2
282 367
1 7 2
170 324
1 12 2
169 408
1 5 2
46 383
1 6 2
339 372
1 8 2
122 199
1 6 2
223 437
1 6 2
196 441
1 15 2
5 39
1 4 2
50 171
1 12 2
169 291
1 9 2
115 319
1 2 2
137 162
1 11 2
157 499
1 3 2
340 349
1 6 2
93 431
1 14 2
81 409
1 10 2
21 280
1 11 2
111 411
1 8 2
103 131
1 12 2
136 419
1 11 2
30 212
1 7 2
228 310
1 3 2
34 50
1 3 2
27 245
1 9 2
172 366
1 6 2
197 379
1 13 2
176 322
1 9 2
120 264
1 14 2
7 36
1 15 2
255 294
1 2 2
9 240
1 4 2
457 471
1 12 2
5 380
1 4 2
12 48
1 6 2
184 275
1 9 2
170 472
1 12 2
6 100
1 4 2
365 454
1 3 2
139 264
1 6 2
187 383
1 6 2
37 345
1 3 2
100 420
1 13 2
28 50
1 2 2
114 341
1 15 2
117 223
1 4 2
240 392
1 10 2
351 361
1 13 2
156 376
1 13 2
125 277
1 5 2
243 437
1 15 2
150 312
1 12 2
168 379
1 11 2
298 485
1 11 2
222 377
1 15 2
292 448
1 8 2
394 401
1 4 2
197 496
1 7 2
354 427
1 11 2
95 430
1 3 2
238 312
1 12 2
127 400
1 6 2
50 471
1 15 2
171 442
1 13 2
25 421
1 8 2
25 170
1 14 2
101 331
1 2 2
297 320
1 10 2
212 350
1 13 2
89 337
1 6 2
111 321
1 10 2
315 347
1 4 2
72 101
1 6 2
177 352
1 10 2
344 482
1 5 2
127 158
1 9 2
440 456
1 5 2
310 353
1 9 2
132 460
1 6 2
385 391
1 9 2
35 282
1 12 2
125 434
1 11 2
90 174
1 4 2
57 353
1 8 2
223 365
1 13 2
20 110
1 3 2
48 243
1 12 2
55 382
1 8 2
3 17
1 10 2
377 432
1 11 2
58 295
1 3 2
14 97
1 10 2
91 431
1 13 2
180 420
1 13 2
43 167
1 14 2
24 271
1 7 2
96 160
1 12 2
180 482
1 3 2
344 458
1 15 2
165 366
1 11 2
440 479
1 8 2
30 401
1 2 2
180 489
1 6 2
92 475
1 3 2
240 315
1 8 2
25 267
1 5 2
152 387
1 14 2
111 461
1 4 2
353 440
1 2 2
132 155
1 11 2
260 336
1 9 2
276 478
1 9 2
79 388
1 12 2
77 200
1 7 2
68 434
1 2 2
194 271
1 6 2
334 387
1 13 2
255 269
1 13 2
281 328
1 13 2
377 399
1 7 2
121 358
1 11 2
230 491
1 4 2
124 371
1 4 2
285 373
1 11 2
127 228
1 7 2
321 394
1 3 2
115 309
1 10 2
344 383
1 7 2
446 467
1 13 2
49 499
1 6 2
168 291
1 4 2
439 447
1 4 2
113 442
1 13 2
153 298
1 7 2
358 465
1 8 2
394 478
1 13 2
19 460
1 15 2
262 444
1 15 2
54 495
1 2 2
193 303
1 3 2
264 464
1 12 2
68 200
1 12 2
272 295
1 3 2
12 52
1 5 2
83 215
1 4 2
72 286
1 11 2
20 494
1 14 2
86 331
1 9 2
35 156
1 3 2
360 402
1 10 2
126 461
1 5 2
6 192
1 4 2
11 231
1 7 2
269 278
1 2 2
207 396
1 11 2
334 494
1 14 2
76 456
1 7 2
88 471
1 8 2
38 117
1 9 2
12 277
1 5 2
34 141
1 5 2
7 158
1 11 2
432 451
1 2 2
315 481
1 7 2
255 343
1 7 2
239 309
1 11 2
327 404
1 2 2
167 402
1 6 2
279 343
1 8 2
8 464
1 3 2
69 413
1 7 2
88 393
1 10 2
400 450
1 2 2
247 358
1 11 2
141 355
1 13 2
57 423
1 13 2
169 371
1 10 2
126 189
1 9 2
257 430
1 6 2
289 410
1 4 2
72 470
1 13 2
32 458
1 4 2
266 278
1 5 2
132 154
1 5 2
116 478
1 9 2
218 327
1 7 2
12 140
1 5 2
392 408
1 10 2
314 491
1 3 2
155 401
1 15 2
274 406
1 11 2
113 353
1 6 2
253 392
1 6 2
135 331
1 2 2
43 462
1 2 2
155 166
1 13 2
68 97
1 12 2
413 477
1 11 2
18 229
1 13 2
7 486
1 8 2
48 200
1 11 2
242 364
1 3 2
185 368
1 5 2
133 180
1 12 2
4 480
1 15 2
220 277
1 3 2
164 435
1 9 2
98 283
1 4 2
341 346
1 5 2
381 445
1 15 2
85 416
1 12 2
12 76
1 5 2
93 288
1 11 2
317 376
1 7 2
88 192
1 2 2
106 333
1 14 2
333 444
1 5 2
75 451
1 11 2
48 105
1 4 2
197 397
1 11 2
181 486
1 5 2
160 413
1 11 2
384 498
1 3 2
66 299
1 6 2
94 218
1 9 2
340 401
1 6 2
42 277
1 2 2
112 150
1 14 2
62 75
1 5 2
352 420
1 6 2
110 494
1 2 2
153 189
1 5 2
4 367
1 15 2
338 455
1 4 2
77 211
1 4 2
402 458
1 12 2
115 449
1 12 2
3 356
1 7 2
128 258
1 3 2
238 459
1 11 2
50 430
1 14 2
101 185
1 3 2
264 311
1 3 2
224 330
1 12 2
71 434
1 10 2
251 388
1 11 2
146 290
1 13 2
345 472
1 7 2
211 364
1 6 2
257 444
1 12 2
73 78
1 4 2
377 422
1 11 2
162 300
1 8 2
80 457
1 2 2
111 160
1 14 2
351 485
1 6 2
135 351
1 4 2
34 389
1 10 2
393 403
1 3 2
86 273
1 10 2
175 387
1 10 2
404 477
1 9 2
368 452
1 13 2
446 455
1 4 2
384 402
1 12 2
226 353
1 14 2
143 196
1 11 2
87 345
1 5 2
148 292
1 6 2
382 472
1 13 2
462 472
1 7 2
33 163
1 11 2
152 236
1 15 2
240 295
1 10 2
17 120
1 14 2
265 426
1 10 2
326 332
1 12 2
269 483
1 4 2
154 321
1 14 2
29 371
1 7 2
56 83
1 6 2
329 425
1 5 2
340 345
1 14 2
268 306
1 6 2
81 184
1 6 2
63 141
1 12 2
81 179
1 5 2
391 443
1 8 2
218 251
1 2 2
324 467
1 15 2
258 284
1 10 2
176 440
1 10 2
143 390
1 6 2
16 346
1 15 2
177 380
1 15 2
167 296
1 7 2
79 364
1 15 2
145 444
1 4 2
248 442
1 7 2
366 408
1 5 2
23 466
1 4 2
51 219
1 11 2
213 249
1 5 2
73 316
1 8 2
12 351
1 15 2
281 313
1 4 2
126 315
1 8 2
203 493
1 11 2
122 291
1 8 2
355 356
1 7 2
13 394
1 4 2
34 100
1 2 2
36 243
1 5 2
124 221
1 9 2
283 457
1 12 2
79 118
1 9 2
18 294
1 6 2
102 125
1 14 2
59 381
1 4 2
433 469
1 8 2
216 324
1 12 2
39 102
1 3 2
346 381
1 8 2
43 154
1 13 2
256 499
1 13 2
168 307
1 9 2
64 469
1 2 2
25 484
1 14 2
63 263
1 8 2
103 134
1 5 2
46 376
1 9 2
373 492
1 2 2
230 463
1 14 2
163 448
1 8 2
98 279
1 4 2
109 324
1 9 2
319 349
1 10 2
15 52
1 13 2
413 459
1 8 2
43 384
1 11 2
251 361
1 15 2
117 258
1 6 2
188 302
1 10 2
66 117
1 11 2
315 475
1 13 2
70 415
1 3 2
215 419
1 10 2
166 375
1 8 2
155 249
1 11 2
339 415
1 12 2
189 303
1 3 2
328 434
1 12 2
229 374
1 4 2
176 267
1 2 2
39 136
1 13 2
105 320
1 7 2
193 230
1 11 2
346 385
1 13 2
272 458
1 3 2
172 318
1 15 2
111 238
1 10 2
315 358
1 8 2
273 342
1 11 2
333 414
1 11 2
4 494
1 5 2
238 315
1 8 2
222 280
1 7 2
65 246
1 6 2
220 465
1 5 2
116 219
1 7 2
265 356
1 14 2
95 164
1 8 2
195 286
1 14 2
346 435
1 8 2
157 381
1 4 2
161 434
1 3 2
91 155
1 14 2
85 143
1 6 2
342 408
1 14 2
63 158
1 8 2
266 323
1 6 2
175 276
1 3 2
164 452
1 5 2
143 278
1 14 2
46 221
1 11 2
265 484
1 9 2
108 356
1 15 2
285 311
1 10 2
75 85
1 10 2
211 366
1 3 2
186 381
1 9 2
10 442
1 10 2
293 412
1 4 2
69 357
1 14 2
375 485
1 6 2
252 390
1 2 2
185 288
1 11 2
146 186
1 6 2
210 390
1 2 2
30 49
1 7 2
108 307
1 8 2
183 263
1 3 2
230 383
1 3 2
403 422
1 6 2
257 340
1 15 2
218 258
1 2 2
152 368
1 11 2
270 483
1 9 2
50 378
1 12 2
217 442
1 8 2
253 381
1 14 2
97 116
1 9 2
359 478
1 5 2
227 268
1 11 2
50 479
1 6 2
263 317
1 11 2
65 377
1 14 2
2 466
1 6 2
396 477
1 5 2
80 358
1 6 2
63 404
1 6 2
216 350
1 7 2
201 211
1 14 2
43 323
1 12 2
262 324
1 2 2
87 458
1 3 2
159 448
1 3 2
155 454
1 14 2
296 465
1 13 2
103 453
1 5 2
126 210
1 2 2
36 90
1 9 2
267 280
1 12 2
375 470
1 12 2
33 264
1 4 2
234 466
1 6 2
155 292
1 2 2
223 252
1 10 2
138 205
1 8 2
184 464
1 12 2
71 400
1 4 2
101 362
1 11 2
179 271
1 7 2
125 169
1 3 2
167 168
1 2 2
230 332
1 4 2
249 424
1 8 2
321 411
1 14 2
33 384
1 10 2
366 380
1 14 2
231 450
1 8 2
333 337
1 10 2
190 229
1 8 2
77 114
1 13 2
20 99
1 5 2
183 331
1 13 2
294 446
1 12 2
444 482
1 5 2
71 279
1 8 2
212 364
1 14 2
170 462
1 12 2
405 406
1 5 2
198 360
1 10 2
120 310
1 6 2
15 388
1 6 2
34 316
1 12 2
196 212
1 8 2
85 476
1 8 2
152 299
1 15 2
82 210
1 10 2
293 383
1 10 2
198 374
1 6 2
36 257
1 15 2
223 336
1 6 2
156 224
1 14 2
47 121
1 7 2
53 470
1 11 2
377 456
1 11 2
338 396
1 8 2
73 458
1 4 2
372 465
1 11 2
259 292
1 11 2
186 385
1 3 2
103 399
1 11 2
89 411
1 14 2
37 367
1 6 2
110 294
1 10 2
366 373
1 15 2
379 401
1 10 2
373 458
1 12 2
362 397
1 2 2
376 446
1 8 2
238 495
1 2 2
18 437
1 4 2
36 147
1 15 2
13 150
1 6 2
256 376
1 6 2
69 130
1 8 2
73 408
1 10 2
174 303
1 12 2
75 421
1 7 2
154 475
1 3 2
10 83
1 3 2
264 472
1 4 2
192 324
1 11 2
449 490
1 13 2
80 492
1 10 2
62 114
1 10 2
123 182
1 6 2
14 195
1 8 2
150 342
1 3 2
94 293
1 11 2
305 308
1 11 2
262 297
1 8 2
339 403
1 14 2
434 498
1 3 2
63 159
1 9 2
372 405
1 12 2
373 392
1 11 2
106 473
1 4 2
168 287
1 10 2
260 373
1 3 2
113 382
1 2 2
157 319
1 7 2
90 359
1 2 2
135 316
1 13 2
24 231
1 3 2
293 313
1 2 2
169 494
1 6 2
364 461
1 7 2
105 245
1 3 2
103 314
1 2 2
96 165
1 3 2
65 102
1 2 2
42 407
1 14 2
86 318
1 13 2
289 390
1 15 2
95 406
1 2 2
55 336
1 15 2
179 488
1 4 2
4 380
1 13 2
76 212
1 10 2
373 440
1 15 2
284 439
1 13 2
32 304
1 13 2
289 440
1 10 2
127 498
1 8 2
371 416
1 3 2
27 230
1 2 2
351 478
1 15 2
136 290
1 12 2
312 360
1 12 2
138 309
1 9 2
196 276
1 2 2
313 329
1 6 2
10 95
1 9 2
190 337
1 5 2
45 250
1 10 2
39 53
1 10 2
139 404
1 15 2
454 480
1 11 2
22 87
1 5 2
241 392
1 6 2
139 496
1 7 2
146 431
1 3 2
62 80
1 8 2
351 461
1 6 2
382 446
1 4 2
78 167
1 13 2
11 204
1 10 2
262 481
1 12 2
216 258
1 8 2
12 35
1 15 2
289 334
1 12 2
133 408
1 14 2
370 452
1 9 2
11 355
1 11 2
37 315
1 4 2
17 295
1 4 2
3 300
1 14 2
299 392
1 11 2
102 136
1 13 2
140 155
1 8 2
36 313
1 15 2
320 396
1 8 2
29 228
1 9 2
167 389
1 8 2
116 479
1 3 2
313 322
1 9 2
165 382
1 10 2
216 495
1 14 2
300 392
1 8 2
266 376
1 2 2
87 392
1 6 2
20 179
1 3 2
437 458
1 8 2
284 427
1 2 2
213 440
1 2 2
164 418
1 11 2
190 394
1 11 2
216 250
1 4 2
173 444
1 6 2
284 445
1 2 2
348 449
1 4 2
95 143
1 3 2
174 450
1 2 2
78 263
1 7 2
79 395
1 9 2
14 29
1 15 2
325 380
1 8 2
24 355
1 12 2
66 113
1 3 2
148 270
1 10 2
226 349
1 9 2
35 188
1 8 2
137 253
1 8 2
130 320
1 12 2
24 311
1 13 2
61 95
1 8 2
42 372
1 14 2
86 126
1 10 2
130 386
1 3 2
17 176
1 7 2
91 486
1 12 2
334 460
1 8 2
78 135
1 7 2
427 454
1 3 2
99 221
1 6 2
208 498
1 5 2
485 486
1 13 2
223 419
1 12 2
160 335
1 6 2
279 369
1 2 2
351 355
1 8 2
144 237
1 2 2
19 122
1 12 2
110 133
1 11 2
56 418
1 9 2
326 421
1 2 2
137 427
1 5 2
189 213
1 8 2
292 459
1 2 2
191 359
1 10 2
32 490
1 4 2
310 325
1 14 2
343 449
1 9 2
5 162
1 13 2
89 244
1 5 2
342 460
1 4 2
235 263
1 15 2
39 73
1 15 2
92 287
1 7 2
68 453
1 4 2
32 454
1 10 2
350 395
1 7 2
396 429
1 7 2
193 453
1 13 2
77 135
1 4 2
71 333
1 2 2
303 304
1 5 2
189 241
1 9 2
36 343
1 7 2
92 492
1 10 2
380 424
1 13 2
75 495
1 3 2
130 184
1 12 2
50 78
1 9 2
25 167
1 14 2
102 422
1 12 2
379 422
1 2 2
51 70
1 14 2
416 474
1 13 2
337 423
1 12 2
263 315
1 10 2
28 52
1 10 2
9 491
1 6 2
103 480
1 8 2
277 319
1 6 2
151 489
1 5 2
192 475
1 11 2
88 422
1 5 2
250 334
1 8 2
306 355
1 12 2
123 380
1 5 2
96 215
1 9 2
66 280
1 14 2
206 219
1 14 2
98 246
1 10 2
289 359
1 15 2
27 285
1 10 2
392 438
1 11 2
198 397
1 9 2
34 288
1 10 2
137 341
1 9 2
207 353
1 12 2
53 416
1 8 2
49 156
1 12 2
173 483
1 3 2
452 493
1 13 2
62 172
1 9 2
65 399
1 15 2
92 351
1 6 2
129 187
1 11 2
242 342
1 3 2
81 222
1 5 2
275 430
1 12 2
301 308
1 12 2
54 171
1 7 2
280 282
1 3 2
30 155
1 14 2
285 483
1 12 2
96 428
1 7 2
403 410
1 8 2
94 300
1 13 2
16 456
1 7 2
376 387
1 8 2
111 162
1 11 2
83 100
1 6 2
20 286
1 6 2
57 381
1 5 2
67 213
1 11 2
92 151
1 13 2
274 497
1 14 2
37 475
1 15 2
229 290
1 7 2
1 449
1 7 2
423 438
1 7 2
47 297
1 10 2
109 473
1 7 2
323 363
1 2 2
42 243
1 5 2
353 368
1 6 2
87 200
1 3 2
58 491
1 12 2
298 423
1 3 2
175 440
1 11 2
420 425
1 11 2
163 252
1 11 2
16 403
1 15 2
265 299
1 14 2
336 499
1 13 2
327 479
1 11 2
234 357
1 7 2
168 398
1 7 2
37 46
1 9 2
2 237
1 6 2
135 443
1 3 2
331 431
1 13 2
241 457
1 8 2
121 332
1 7 2
69 91
1 6 2
318 336
1 3 2
155 263
1 2 2
9 199
1 6 2
203 266
1 2 2
226 381
1 3 2
60 295
1 11 2
272 433
1 8 2
60 231
1 10 2
62 146
1 9 2
115 444
1 10 2
318 466
1 9 2
17 80
1 8 2
248 449
1 4 2
285 415
1 14 2
153 449
1 11 2
75 228
1 7 2
15 67
1 9 2
238 387
1 13 2
326 343
1 5 2
280 330
1 8 2
56 85
1 3 2
333 452
1 4 2
292 353
1 4 2
46 173
1 7 2
264 315
1 4 2
94 453
1 2 2
171 358
1 13 2
473 484
1 13 2
226 237
1 9 2
336 418
1 2 2
129 209
1 5 2
107 351
1 15 2
337 404
1 12 2
235 499
1 6 2
83 373
1 2 2
370 401
1 10 2
92 495
1 5 2
10 26
1 15 2
21 437
1 9 2
258 442
1 9 2
311 413
1 11 2
88 263
1 5 2
7 93
1 15 2
250 452
1 6 2
16 408
1 2 2
226 360
1 12 2
323 493
1 12 2
163 421
1 9 2
22 460
1 13 2
167 305
1 12 2
140 329
1 13 2
105 284
1 9 2
49 278
1 5 2
480 497
1 4 2
20 240
1 10 2
80 433
1 10 2
73 343
1 6 2
230 381
1 10 2
187 490
1 10 2
315 343
1 15 2
181 198
1 15 2
323 395
1 9 2
50 486
1 9 2
279 465
1 7 2
25 462
1 15 2
356 498
1 8 2
138 339
1 11 2
264 331
1 3 2
300 478
1 11 2
167 382
1 14 2
398 432
1 2 2
42 475
1 8 2
19 291
1 8 2
226 324
1 6 2
213 390
1 9 2
359 373
1 4 2
280 444
1 3 2
459 499
1 14 2
19 389
1 13 2
157 377
1 13 2
58 236
1 12 2
151 419
1 5 2
77 94
1 10 2
206 252
1 5 2
204 331
1 15 2
110 351
1 15 2
194 267
1 5 2
65 360
1 2 2
88 174
1 8 2
39 421
1 11 2
168 310
1 2 2
44 311
1 14 2
351 426
1 5 2
23 163
1 5 2
275 433
1 12 2
302 462
1 15 2
138 154
1 9 2
102 230
1 2 2
251 281
1 12 2
303 415
1 12 2
134 352
1 7 2
395 422
1 5 2
5 421
1 14 2
12 295
1 15 2
118 354
1 5 2
216 345
1 5 2
259 284
1 14 2
50 410
1 15 2
148 436
1 6 2
140 479
1 9 2
164 190
1 9 2
190 343
1 11 2
87 154
1 6 2
312 446
1 12 2
87 204
1 10 2
177 283
1 6 2
58 131
1 15 2
96 116
1 11 2
158 439
1 3 2
205 321
1 15 2
116 457
1 6 2
195 316
1 4 2
388 439
1 11 2
13 415
1 10 2
213 294
1 13 2
404 491
1 14 2
0 213
1 12 2
156 341
1 14 2
95 344
1 8 2
179 337
1 13 2
281 431
1 9 2
134 487
1 2 2
130 132
1 11 2
134 304
1 12 2
146 403
1 6 2
189 355
1 10 2
20 311
1 6 2
246 332
1 13 2
141 387
1 13 2
202 284
1 8 2
225 344
1 3 2
66 225
1 14 2
184 370
1 4 2
46 149
1 8 2
131 308
1 14 2
87 185
1 13 2
47 202
1 3 2
25 163
1 11 2
191 448
1 12 2
161 275
1 8 2
159 170
1 11 2
153 302
1 11 2
161 247
1 14 2
199 293
1 12 2
122 360
1 4 2
182 375
1 14 2
439 494
1 9 2
7 454
1 13 2
220 259
1 11 2
283 469
1 11 2
368 446
1 5 2
27 412
1 12 2
219 463
1 4 2
133 235
1 11 2
287 478
1 5 2
62 307
1 4 2
13 181
1 6 2
367 476
1 9 2
315 448
1 8 2
139 349
1 13 2
359 394
1 2 2
154 249
1 6 2
273 305
1 15 2
307 339
1 12 2
299 312
1 10 2
221 368
1 5 2
195 466
1 14 2
276 398
1 6 2
45 379
1 13 2
115 363
1 4 2
362 405
1 11 2
13 149
1 4 2
242 410
1 9 2
272 431
1 13 2
241 307
1 3 2
110 339
1 2 2
50 224
1 15 2
10 61
1 11 2
413 467
1 12 2
0 445
1 8 2
97 471
1 11 2
244 270
1 8 2
120 479
1 11 2
312 467
1 11 2
302 355
1 10 2
13 298
1 13 2
229 292
1 15 2
225 310
1 2 2
54 136
1 6 2
215 362
1 2 2
53 447
1 3 2
174 210
1 7 2
7 298
1 13 2
158 305
1 3 2
279 362
1 11 2
276 433
1 8 2
234 325
1 11 2
6 358
1 8 2
4 257
1 14 2
238 487
1 6 2
92 206
1 4 2
271 338
1 2 2
30 448
1 3 2
63 354
1 11 2
277 361
1 3 2
267 387
1 2 2
88 315
1 5 2
243 404
1 3 2
197 489
1 13 2
158 499
1 11 2
291 388
1 15 2
4 448
1 4 2
293 314
1 15 2
320 420
1 7 2
179 471
1 12 2
307 463
1 10 2
311 398
1 8 2
84 135
1 5 2
106 148
1 5 2
312 400
1 5 2
137 145
1 8 2
141 366
1 14 2
323 330
1 2 2
109 306
1 10 2
110 153
1 5 2
154 266
1 13 2
175 264
1 3 2
4 218
1 7 2
269 422
1 9 2
54 72
1 6 2
36 229
1 14 2
60 141
1 6 2
185 273
1 12 2
304 431
1 13 2
237 269
1 10 2
160 422
1 12 2
382 438
1 8 2
288 338
1 3 2
19 189
1 13 2
116 231
1 14 2
54 393
1 4 2
107 473
1 3 2
36 311
1 15 2
124 284
1 7 2
9 146
1 11 2
228 257
1 7 2
111 172
1 2 2
56 132
1 14 2
181 444
1 14 2
21 84
1 2 2
348 397
1 15 2
4 26
1 7 2
44 486
1 13 2
239 252
1 14 2
145 200
1 13 2
67 103
1 8 2
199 411
1 2 2
320 440
1 4 2
110 214
1 8 2
29 145
1 14 2
307 481
1 4 2
333 377
1 2 2
242 277
1 12 2
179 416
1 11 2
88 364
1 3 2
15 269
1 2 2
39 150
1 4 2
165 349
1 13 2
15 262
1 2 2
82 359
1 12 2
184 347
1 10 2
41 121
1 13 2
128 235
1 6 2
33 173
1 5 2
14 230
1 11 2
178 470
1 13 2
70 359
1 10 2
129 186
1 12 2
36 102
1 3 2
52 311
1 12 2
410 433
1 14 2
177 221
1 12 2
242 351
1 2 2
124 404
1 3 2
159 207
1 5 2
34 353
1 8 2
249 479
1 8 2
196 402
1 2 2
303 364
1 6 2
86 105
1 9 2
67 102
1 3 2
278 314
1 2 2
243 425
1 7 2
22 497
1 8 2
241 454
1 8 2
41 414
1 7 2
68 85
1 4 2
20 167
1 10 2
44 63
1 5 2
2 168
1 8 2
3 418
1 15 2
131 301
1 12 2
184 191
1 14 2
327 484
1 2 2
346 386
1 7 2
294 300
1 2 2
218 383
1 15 2
210 488
1 12 2
317 427
1 11 2
167 367
1 14 2
156 176
1 15 2
74 225
1 10 2
161 448
1 5 2
269 408
1 4 2
357 427
1 4 2
37 266
1 12 2
257 288
1 8 2
103 132
1 12 2
86 198
1 12 2
386 462
1 13 2
254 349
1 2 2
116 460
1 12 2
68 409
1 10 2
8 123
1 9 2
40 278
1 11 2
351 479
1 8 2
113 242
1 13 2
117 411
1 15 2
35 201
1 14 2
335 465
1 12 2
60 113
1 9 2
171 408
1 5 2
232 481
1 9 2
420 422
1 2 2
236 319
1 4 2
28 48
1 9 2
57 340
1 9 2
226 344
1 11 2
53 95
1 7 2
132 436
1 6 2
307 331
1 5 2
15 63
1 4 2
329 342
1 6 2
51 466
1 12 2
242 285
1 2 2
142 216
1 8 2
56 367
1 14 2
350 498
1 2 2
64 70
1 11 2
183 266
1 6 2
52 332
1 10 2
161 394
1 5 2
145 332
1 15 2
191 394
1 11 2
184 376
1 15 2
389 466
1 3 2
88 226
1 3 2
365 439
1 8 2
143 175
1 8 2
72 498
1 15 2
270 381
1 5 2
32 152
1 3 2
284 463
1 2 2
73 141
1 10 2
133 316
1 2 2
189 442
1 14 2
36 173
1 9 2
146 488
1 9 2
3 457
1 3 2
0 428
1 5 2
121 430
1 4 2
40 445
1 8 2
266 468
1 14 2
29 142
1 3 2
266 450
1 11 2
210 495
1 13 2
1 360
1 4 2
443 488
1 3 2
144 178
1 9 2
292 363
1 12 2
39 274
1 3 2
71 101
1 5 2
32 318
1 12 2
33 84
1 5 2
277 463
1 11 2
44 244
1 12 2
76 315
1 9 2
316 379
1 7 2
105 141
1 14 2
376 436
1 12 2
86 228
1 10 2
424 498
1 8 2
282 430
1 5 2
14 143
1 9 2
145 328
1 14 2
323 326
1 8 2
201 440
1 10 2
60 468
1 3 2
70 315
1 13 2
288 383
1 10 2
226 426
1 2 2
23 173
1 12 2
359 451
1 12 2
292 294
1 14 2
36 455
1 2 2
70 144
1 3 2
160 353
1 4 2
272 465
1 13 2
5 26
1 10 2
61 448
1 14 2
243 416
1 4 2
181 318
1 3 2
221 239
1 14 2
215 329
1 3 2
125 160
1 4 2
72 128
1 10 2
209 477
1 7 2
58 95
1 5 2
334 389
1 13 2
92 192
1 8 2
470 488
1 8 2
175 238
1 15 2
222 312
1 8 2
22 188
1 2 2
321 349
1 3 2
88 360
1 2 2
93 380
1 11 2
396 483
1 2 2
27 424
1 13 2
5 207
1 7 2
35 279
1 2 2
86 344
1 4 2
46 71
1 9 2
46 298
1 5 2
235 357
1 5 2
218 456
1 2 2
125 376
1 2 2
53 246
1 3 2
157 194
1 4 2
487 492
1 8 2
96 318
1 2 2
377 441
1 14 2
361 472
1 7 2
229 447
1 12 2
199 499
1 13 2
33 192
1 13 2
128 390
1 4 2
40 55
1 13 2
244 338
1 13 2
120 226
1 4 2
410 491
1 4 2
319 426
1 9 2
9 156
1 4 2
174 396
1 3 2
231 494
1 6 2
105 473
1 12 2
377 396
1 2 2
94 120
1 13 2
27 84
1 13 2
269 394
1 13 2
55 167
1 7 2
204 224
1 2 2
32 255
1 15 2
325 418
1 7 2
159 315
1 10 2
284 340
1 15 2
32 486
1 11 2
89 278
1 4 2
344 459
1 13 2
279 380
1 13 2
151 231
1 10 2
95 106
1 6 2
381 498
1 3 2
0 471
1 12 2
342 454
1 3 2
55 216
1 11 2
139 283
1 15 2
408 469
1 9 2
208 232
1 12 2
13 53
1 3 2
179 443
1 15 2
295 315
1 11 2
371 495
1 4 2
196 322
1 11 2
319 332
1 4 2
29 81
1 9 2
11 322
1 12 2
230 335
1 10 2
181 448
1 7 2
1 376
1 4 2
302 327
1 9 2
15 193
1 14 2
90 338
1 7 2
60 130
1 5 2
1 125
1 9 2
462 499
1 3 2
139 379
1 7 2
221 278
1 15 2
407 413
1 3 2
401 407
1 5 2
206 316
1 2 2
243 366
1 4 2
299 412
1 7 2
29 324
1 10 2
49 352
1 15 2
92 459
1 3 2
208 494
1 13 2
95 437
1 7 2
482 490
1 12 2
151 365
1 11 2
1 273
1 9 2
189 373
1 12 2
221 291
1 8 2
76 253
1 3 2
300 313
1 4 2
207 459
1 9 2
71 106
1 5 2
286 386
1 5 2
75 259
1 10 2
236 457
1 12 2
423 442
1 4 2
351 413
1 2 2
202 354
1 11 2
37 232
1 10 2
298 379
1 4 2
387 428
1 14 2
151 354
1 8 2
306 484
1 11 2
281 325
1 3 2
191 223
1 2 2
271 363
1 6 2
186 334
1 11 2
274 375
1 3 2
8 170
1 6 2
296 372
1 7 2
106 269
1 6 2
365 448
1 4 2
78 382
1 4 2
198 309
1 11 2
34 45
1 10 2
295 313
1 15 2
101 463
1 7 2
158 393
1 5 2
14 63
1 15 2
213 391
1 9 2
255 493
1 13 2
176 380
1 11 2
150 228
1 5 2
186 259
1 10 2
252 428
1 5 2
2 241
1 8 2
11 151
1 5 2
450 487
1 7 2
245 405
1 13 2
114 484
1 8 2
235 299
1 15 2
160 308
1 15 2
423 473
1 10 2
80 303
1 6 2
164 349
1 11 2
28 124
1 7 2
306 377
1 6 2
179 381
1 8 2
16 27
1 12 2
272 373
1 14 2
92 424
1 7 2
169 346
1 4 2
181 345
1 14 2
143 264
1 14 2
329 398
1 9 2
161 310
1 11 2
118 418
1 3 2
397 471
1 6 2
308 483
1 10 2
165 207
1 11 2
295 442
1 9 2
303 310
1 10 2
244 400
1 6 2
282 492
1 6 2
197 427
1 14 2
341 469
1 5 2
270 322
1 11 2
221 256
1 12 2
24 376
1 4 2
56 419
1 10 2
33 454
1 11 2
317 325
1 15 2
184 483
1 7 2
246 342
1 5 2
212 472
1 14 2
235 359
1 2 2
271 445
1 4 2
216 359
1 2 2
15 288
1 15 2
59 270
1 3 2
15 332
1 8 2
180 386
1 3 2
84 139
1 15 2
87 324
1 9 2
35 463
1 11 2
105 496
1 13 2
127 189
1 9 2
117 316
1 7 2
0 460
1 4 2
111 224
1 8 2
75 121
1 13 2
65 392
1 12 2
236 478
1 4 2
27 352
1 15 2
98 378
1 5 2
302 320
1 9 2
66 164
1 3 2
27 265
1 14 2
50 333
1 10 2
39 251
1 12 2
247 436
1 14 2
212 221
1 5 2
66 132
1 11 2
286 392
1 11 2
150 237
1 12 2
88 161
1 3 2
58 59
1 3 2
128 276
1 3 2
128 358
1 12 2
114 230
1 4 2
98 158
1 5 2
130 208
1 2 2
126 350
1 12 2
181 192
1 11 2
181 324
1 3 2
139 152
1 7 2
57 476
1 6 2
164 356
1 2 2
14 89
1 4 2
136 350
1 9 2
235 236
1 6 2
94 280
1 5 2
24 68
1 8 2
240 489
1 5 2
223 269
1 5 2
303 412
1 3 2
54 420
1 14 2
59 416
1 6 2
10 307
1 13 2
53 121
1 14 2
215 438
1 14 2
310 444
1 8 2
138 377
1 2 2
4 11
1 7 2
34 58
1 14 2
36 219
1 8 2
210 447
1 15 2
352 392
1 15 2
2 498
1 6 2
331 381
1 5 2
171 366
1 12 2
38 176
1 4 2
17 130
1 15 2
63 272
1 2 2
55 169
1 13 2
175 323
1 3 2
184 491
1 7 2
165 183
1 14 2
49 435
1 10 2
451 458
1 13 2
89 117
1 4 2
38 180
1 2 2
241 419
1 15 2
88 401
1 8 2
111 164
1 5 2
207 417
1 11 2
343 433
1 5 2
135 267
1 3 2
47 459
1 5 2
148 272
1 7 2
49 199
1 11 2
133 206
1 13 2
91 301
1 13 2
397 438
1 14 2
179 339
1 5 2
57 462
1 13 2
20 125
1 5 2
327 476
1 8 2
148 248
1 12 2
135 459
1 14 2
290 310
1 13 2
110 486
1 13 2
284 432
1 15 2
322 351
1 11 2
60 293
1 14 2
10 24
1 4 2
434 487
1 4 2
63 337
1 14 2
93 211
1 7 2
16 21
1 2 2
228 284
1 11 2
10 291
1 9 2
131 264
1 9 2
52 116
1 3 2
36 270
1 13 2
201 308
1 12 2
386 423
1 12 2
154 445
1 10 2
14 408
1 7 2
85 105
1 8 2
62 185
1 6 2
377 489
1 14 2
6 112
1 11 2
49 341
1 5 2
392 467
1 13 2
153 393
1 7 2
174 198
1 6 2
386 450
1 12 2
35 471
1 2 2
228 266
1 6 2
268 471
1 2 2
86 436
1 4 2
98 172
1 4 2
389 452
1 15 2
287 301
1 2 2
212 438
1 6 2
22 461
1 15 2
244 368
1 10 2
361 416
1 3 2
114 186
1 12 2
176 391
1 11 2
102 448
1 7 2
64 150
1 12 2
137 370
1 3 2
389 451
1 6 2
422 472
1 15 2
7 60
1 11 2
0 113
1 14 2
46 260
1 9 2
120 333
1 5 2
316 488
1 12 2
242 499
1 3 2
427 480
1 13 2
155 269
1 12 2
351 368
1 10 2
112 320
1 7 2
29 93
1 12 2
237 414
1 4 2
185 256
1 14 2
163 273
1 11 2
431 456
1 11 2
223 226
1 13 2
265 290
1 11 2
17 62
1 4 2
213 351
1 12 2
76 145
1 12 2
427 442
1 9 2
431 499
1 9 2
203 251
1 9 2
91 250
1 8 2
59 465
1 7 2
129 359
1 7 2
204 310
1 2 2
215 287
1 4 2
194 411
1 11 2
31 441
1 15 2
139 147
1 12 2
7 210
1 3 2
80 189
1 12 2
266 479
1 11 2
122 384
1 10 2
114 433
1 7 2
423 488
1 12 2
61 115
1 3 2
207 455
1 8 2
325 439
1 11 2
6 108
1 5 2
220 322
1 3 2
138 182
1 9 2
351 410
1 11 2
87 104
1 9 2
94 157
1 5 2
46 229
1 2 2
344 408
1 6 2
254 383
1 12 2
282 385
1 8 2
38 233
1 5 2
45 399
1 6 2
29 379
1 2 2
171 276
1 9 2
223 326
1 14 2
395 468
1 13 2
358 376
1 12 2
9 128
1 13 2
271 442
1 11 2
100 109
1 12 2
74 316
1 5 2
31 385
1 11 2
50 273
1 15 2
85 339
1 15 2
223 316
1 2 2
188 205
1 10 2
229 375
1 12 2
169 460
1 14 2
6 322
1 15 2
94 259
1 3 2
75 102
1 6 2
30 301
1 15 2
81 158
1 7 2
158 495
1 13 2
236 304
1 14 2
221 443
1 14 2
112 385
1 12 2
62 268
1 15 2
25 359
1 2 2
198 341
1 12 2
203 487
1 15 2
110 443
1 5 2
444 473
1 6 2
89 455
1 15 2
37 463
1 15 2
217 236
1 14 2
324 337
1 9 2
149 497
1 7 2
109 448
1 15 2
23 235
1 3 2
229 495
1 12 2
96 122
1 7 2
148 269
1 2 2
39 225
1 5 2
19 419
1 5 2
88 494
1 7 2
281 362
1 15 2
324 348
1 10 2
179 289
1 9 2
126 290
1 6 2
152 191
1 2 2
350 444
1 9 2
265 481
1 14 2
75 209
1 5 2
376 400
1 12 2
452 496
1 7 2
41 59
1 5 2
476 486
1 9 2
78 353
1 4 2
3 407
1 6 2
73 467
1 15 2
183 400
1 6 2
274 349
1 11 2
453 459
1 4 2
116 273
1 10 2
138 438
1 8 2
85 462
1 15 2
106 435
1 7 2
45 233
1 10 2
259 349
1 11 2
70 452
1 14 2
386 457
1 10 2
298 441
1 10 2
109 293
1 5 2
18 41
1 12 2
273 401
1 12 2
199 337
1 3 2
239 317
1 12 2
342 414
1 14 2
303 379
1 9 2
158 297
1 3 2
242 407
1 10 2
185 280
1 9 2
45 471
1 3 2
169 417
1 11 2
285 303
1 14 2
190 329
1 4 2
31 59
1 12 2
24 486
1 6 2
235 354
1 8 2
33 323
1 9 2
363 417
1 2 2
53 307
1 15 2
77 387
1 6 2
280 386
1 14 2
166 355
1 8 2
12 463
1 2 2
251 499
1 4 2
83 320
1 9 2
105 338
1 14 2
7 384
1 3 2
84 488
1 12 2
369 401
1 14 2
91 377
1 14 2
244 293
1 9 2
119 451
1 4 2
208 320
1 9 2
202 333
1 9 2
14 399
1 11 2
386 416
1 4 2
27 443
1 10 2
15 175
1 7 2
399 407
1 14 2
104 401
1 6 2
35 433
1 11 2
10 58
1 4 2
163 386
1 9 2
101 162
1 9 2
48 405
1 11 2
111 140
1 12 2
119 233
1 9 2
341 384
1 15 2
31 467
1 8 2
412 462
1 12 2
94 463
1 7 2
45 482
1 2 2
84 414
1 3 2
248 385
1 12 2
0 178
1 14 2
231 498
1 15 2
300 350
1 13 2
304 439
1 12 2
145 167
1 4 2
150 357
1 6 2
110 286
1 12 2
131 443
1 9 2
61 282
1 12 2
206 370
1 3 2
120 227
1 14 2
172 358
1 8 2
299 438
1 4 2
255 398
1 7 2
32 261
1 11 2
47 364
1 6 2
29 463
1 3 2
332 398
1 14 2
2 125
1 15 2
92 158
1 11 2
4 106
1 10 2
118 446
1 2 2
79 392
1 11 2
240 403
1 14 2
352 421
1 12 2
125 488
1 11 2
1 309
1 14 2
110 242
1 9 2
164 475
1 15 2
285 439
1 8 2
22 221
1 10 2
289 475
1 7 2
117 133
1 6 2
363 458
1 4 2
182 315
1 5 2
14 487
1 2 2
263 391
1 7 2
52 261
1 13 2
215 332
1 9 2
11 316
1 14 2
278 463
1 7 2
376 486
1 5 2
31 342
1 13 2
4 497
1 9 2
218 464
1 14 2
48 184
1 6 2
460 469
1 8 2
101 145
1 6 2
167 260
1 14 2
344 433
1 5 2
199 415
1 9 2
29 334
1 14 2
176 476
1 6 2
184 489
1 4 2
187 189
1 14 2
86 373
1 7 2
241 484
1 4 2
113 375
1 10 2
280 351
1 6 2
46 494
1 8 2
62 227
1 9 2
345 346
1 10 2
42 328
1 14 2
108 355
1 8 2
189 322
1 2 2
0 494
1 3 2
206 225
1 3 2
158 390
1 3 2
0 174
1 15 2
103 475
1 7 2
339 405
1 6 2
214 243
1 9 2
158 219
1 15 2
43 58
1 12 2
12 330
1 12 2
317 367
1 7 2
418 464
1 12 2
242 303
1 10 2
52 195
1 14 2
219 231
1 5 2
184 458
1 5 2
125 295
1 9 2
129 299
1 13 2
37 310
1 4 2
104 387
1 13 2
289 442
1 11 2
98 496
1 7 2
29 120
1 14 2
248 307
1 6 2
239 406
1 15 2
227 309
1 2 2
136 237
1 12 2
1 127
1 8 2
54 417
1 8 2
101 204
1 8 2
116 482
1 8 2
173 478
1 6 2
354 359
1 9 2
289 310
1 7 2
52 143
1 7 2
145 325
1 2 2
161 410
1 12 2
238 467
1 11 2
195 277
1 7 2
263 268
1 10 2
335 450
1 3 2
54 70
1 9 2
171 398
1 8 2
94 315
1 8 2
295 372
1 12 2
68 385
1 2 2
166 316
1 6 2
50 105
1 3 2
2 272
1 4 2
465 489
1 14 2
159 187
1 2 2
134 191
1 2 2
123 136
1 3 2
98 238
1 12 2
160 471
1 9 2
37 351
1 13 2
262 497
1 10 2
127 368
1 9 2
33 440
1 10 2
446 457
1 11 2
309 367
1 10 2
131 493
1 9 2
66 129
1 15 2
85 425
1 15 2
1 155
1 4 2
19 484
1 6 2
222 386
1 5 2
167 498
1 5 2
347 470
1 14 2
30 265
1 7 2
257 382
1 4 2
139 367
1 12 2
15 147
1 10 2
58 169
1 14 2
64 192
1 12 2
335 342
1 13 2
14 392
1 7 2
35 243
1 11 2
387 418
1 6 2
91 212
1 10 2
91 113
1 2 2
121 393
1 3 2
20 241
1 4 2
62 121
1 3 2
111 210
1 11 2
321 418
1 3 2
398 478
1 3 2
194 249
1 3 2
451 494
1 3 2
400 494
1 10 2
54 68
1 10 2
97 440
1 6 2
301 328
1 13 2
46 230
1 8 2
33 105
1 7 2
14 224
1 7 2
59 181
1 2 2
43 322
1 11 2
272 302
1 4 2
247 257
1 15 2
352 457
1 11 2
120 378
1 11 2
76 163
1 4 2
276 402
1 2 2
176 465
1 15 2
26 112
1 15 2
97 254
1 13 2
332 367
1 9 2
117 340
1 15 2
302 340
1 8 2
171 336
1 5 2
169 298
1 10 2
298 313
1 14 2
50 160
1 15 2
182 307
1 11 2
97 491
1 10 2
245 390
1 9 2
76 300
1 14 2
68 301
1 13 2
160 280
1 3 2
190 465
1 3 2
221 347
1 5 2
98 207
1 7 2
109 186
1 14 2
56 492
1 5 2
197 447
1 12 2
173 295
1 13 2
152 207
1 7 2
145 170
1 11 2
132 143
1 9 2
76 153
1 3 2
238 392
1 5 2
233 466
1 8 2
43 346
1 11 2
55 220
1 6 2
90 330
1 12 2
5 419
1 5 2
216 226
1 11 2
156 395
1 11 2
18 170
1 2 2
346 388
1 12 2
242 424
1 6 2
63 362
1 5 2
153 218
1 4 2
39 181
1 11 2
90 454
1 5 2
261 453
1 12 2
64 472
1 3 2
31 490
1 5 2
113 374
1 10 2
66 365
1 2 2
100 348
1 9 2
137 289
1 14 2
8 279
1 5 2
251 334
1 9 2
89 375
1 9 2
157 161
1 10 2
62 207
1 15 2
363 382
1 7 2
39 494
1 8 2
118 278
1 2 2
12 211
1 5 2
362 428
1 11 2
379 428
1 15 2
345 388
1 13 2
89 213
1 7 2
250 443
1 3 2
240 428
1 2 2
87 109
1 8 2
20 64
1 13 2
137 277
1 5 2
187 363
1 7 2
25 177
1 5 2
255 470
1 2 2
91 195
1 5 2
268 425
1 12 2
117 292
1 9 2
35 205
1 14 2
249 423
1 12 2
370 466
1 9 2
384 474
1 10 2
157 491
1 11 2
323 401
1 12 2
198 443
1 9 2
203 310
1 15 2
118 289
1 5 2
86 490
1 9 2
65 263
1 5 2
302 499
1 12 2
46 153
1 6 2
302 389
1 3 2
102 122
1 5 2
107 393
1 7 2
188 382
1 12 2
59 140
1 9 2
161 323
1 7 2
178 452
1 15 2
405 479
1 2 2
262 450
1 12 2
125 384
1 10 2
24 186
1 5 2
47 444
1 8 2
114 243
1 8 2
19 386
1 10 2
58 330
1 14 2
11 350
1 5 2
325 409
1 11 2
251 335
1 9 2
285 424
1 12 2
43 229
1 8 2
289 323
1 2 2
31 434
1 7 2
51 475
1 13 2
334 488
1 10 2
152 171
1 14 2
116 123
1 13 2
98 160
1 12 2
71 313
1 12 2
136 295
1 13 2
7 154
1 3 2
43 62
1 2 2
56 451
