500 3000 1500
10 5 9 20 21 21 17 8 19 13 25 25 7 24 18 14 11 7 15 5 25 6 16 23 19 7 13 10 9 13 14 19 5 25 7 23 17 18 9 15 8 15 11 7 17 22 15 10 12 12 12 9 22 24 18 7 7 14 15 9 14 13 18 25 9 25 20 25 9 21 23 20 19 22 22 7 18 7 19 21 5 11 12 10 6 12 20 6 13 24 9 25 13 5 6 22 22 19 9 14 19 15 10 10 20 12 13 22 19 18 10 8 19 11 15 25 13 24 16 25 12 8 18 24 18 20 21 21 24 22 24 7 22 21 7 21 5 15 11 24 11 21 11 5 13 6 12 12 16 12 16 11 19 15 19 5 14 7 13 10 18 6 5 24 9 21 8 24 11 21 23 8 17 23 9 24 10 10 19 7 5 7 22 24 21 13 20 24 14 21 21 15 24 11 24 25 16 16 24 10 17 23 22 16 7 7 24 10 17 23 15 18 9 10 13 25 9 14 20 19 10 19 18 19 19 20 5 12 14 21 24 17 18 11 16 24 12 7 11 10 19 7 23 16 20 14 23 7 11 8 11 22 21 10 24 6 5 7 12 19 22 9 16 8 13 25 17 23 17 12 12 12 18 9 13 22 19 24 14 23 11 23 24 6 16 15 10 19 17 9 10 13 11 21 8 23 8 8 5 25 22 18 5 13 9 9 16 12 9 14 23 9 6 17 9 13 12 17 6 19 18 24 5 15 22 21 15 13 8 19 23 25 6 17 20 9 11 15 17 19 18 24 8 20 24 7 18 7 8 16 23 14 22 25 8 19 15 23 17 9 13 23 11 12 20 8 5 12 14 13 14 7 11 9 16 9 9 10 10 18 9 22 5 18 7 16 23 25 10 25 25 15 24 8 16 14 5 17 11 5 11 14 25 25 25 21 16 20 23 17 24 19 18 8 20 18 15 15 23 6 16 7 5 9 16 18 8 13 19 24 21 13 5 18 23 7 6 7 18 21 20 18 17 21 15 17 5 10 19 14 22 14 9 22 18 19 20 22 20 13 24 8 22 17 7 19 10 10 22 10 10 16 13 20 8 6 11 17 7 21 24 15 15 15 24 17 11 14 21 22 8 20 16 15 15 25 14 23 25 20
6 16 12 6 13 3 17 8 16 5 12 14 11 9 19 6 7 13 13 10 14 7 19 4 16 11 12 17 18 19 9 5 3 19 10 3 3 8 9 14 6 8 12 6 5 5 3 11 12 14 4 17 8 8 7 19 18 6 17 6 3 8 11 19 9 14 19 16 11 16 14 18 11 13 8 9 10 8 18 6 7 16 12 15 14 20 11 17 5 12 11 3 14 14 11 8 9 17 19 15 11 13 4 7 8 4 5 11 4 14 10 12 17 7 13 10 20 8 5 5 14 6 12 11 18 16 18 15 19 4 5 12 6 19 16 11 17 20 6 17 16 3 5 6 15 18 18 5 16 4 15 20 18 10 3 3 10 12 6 8 4 12 12 9 5 15 11 19 18 7 17 12 10 6 11 18 3 19 8 14 7 15 14 8 8 5 20 8 3 14 4 10 8 19 16 13 18 10 9 8 9 4 5 9 15 15 9 9 7 11 16 10 6 13 18 15 16 8 9 17 14 4 11 3 16 7 3 8 15 14 20 13 11 8 17 5 19 6 3 17 11 10 20 11 9 6 13 16 19 4 13 4 3 5 14 18 4 16 14 11 8 3 11 18 5 16 12 11 15 3 13 17 5 14 6 5 12 13 14 4 20 9 3 13 15 17 16 10 12 17 8 4 20 17 16 16 20 10 20 16 19 14 10 17 19 7 3 11 4 14 18 4 12 3 17 14 6 11 5 17 13 18 11 4 14 20 16 7 8 15 10 20 8 19 15 7 11 7 17 5 6 3 15 3 7 9 9 6 18 20 3 5 13 6 15 9 17 5 4 6 3 15 11 7 7 11 20 13 20 3 20 8 3 18 7 13 7 9 17 9 8 15 10 12 9 8 18 12 4 14 4 11 9 11 20 11 4 12 18 8 7 4 17 17 3 8 13 3 9 6 14 17 13 13 14 11 10 4 14 17 20 8 8 16 4 9 18 17 9 5 15 10 8 11 3 18 20 4 10 14 16 11 16 16 16 12 13 7 17 7 9 16 8 16 4 10 4 16 9 13 11 10 16 20 20 12 14 8 3 5 16 19 3 15 18 13 5 14 7 13 13 7 20 4 17 20 7 14 4 14 7 13 3 13 6 15 9 9 8 15
1 3 2
166 168
1 7 2
157 223
1 14 2
154 342
1 13 2
67 156
1 3 2
71 380
1 4 2
227 426
1 15 2
16 40
1 12 2
63 474
1 5 2
269 480
1 11 2
131 251
1 13 2
374 425
1 5 2
27 270
1 15 2
339 458
1 6 2
345 460
1 5 2
132 483
1 6 2
188 439
1 12 2
16 458
1 4 2
31 247
1 15 2
112 284
1 15 2
104 472
1 12 2
71 444
1 8 2
128 273
1 8 2
124 488
1 4 2
23 137
1 14 2
27 238
1 2 2
26 90
1 12 2
218 408
1 13 2
267 310
1 9 2
279 462
1 9 2
207 364
1 13 2
182 403
1 4 2
76 374
1 4 2
181 245
1 6 2
142 439
1 14 2
405 470
1 3 2
260 405
1 14 2
110 395
1 12 2
204 290
1 10 2
68 301
1 4 2
167 412
1 8 2
84 236
1 15 2
234 350
1 6 2
155 270
1 12 2
309 310
1 8 2
43 73
1 3 2
8 292
1 9 2
108 133
1 8 2
20 91
1 12 2
234 402
1 4 2
313 360
1 5 2
9 401
1 6 2
410 476
1 12 2
283 316
1 12 2
95 123
1 5 2
291 367
1 8 2
7 489
1 13 2
150 252
1 13 2
268 372
1 12 2
314 352
1 8 2
25 282
1 8 2
133 186
1 8 2
179 442
1 2 2
0 82
1 3 2
149 458
1 14 2
20 487
1 7 2
11 231
1 5 2
124 167
1 9 2
42 108
1 2 2
5 29
1 4 2
126 397
1 6 2
411 455
1 13 2
164 476
1 8 2
143 311
1 15 2
339 446
1 6 2
259 433
1 9 2
183 234
1 3 2
142 396
1 7 2
443 491
1 6 2
246 309
1 14 2
196 267
1 15 2
169 456
1 15 2
80 485
1 4 2
144 243
1 6 2
67 465
1 15 2
288 448
1 13 2
319 378
1 13 2
375 409
1 10 2
363 487
1 2 2
72 339
1 7 2
2 333
1 11 2
201 257
1 12 2
177 279
1 7 2
183 397
1 4 2
71 175
1 7 2
341 477
1 13 2
136 482
1 4 2
136 337
1 10 2
235 424
1 14 2
135 462
1 3 2
75 417
1 7 2
202 476
1 11 2
139 475
1 10 2
52 407
1 5 2
17 339
1 7 2
166 180
1 3 2
168 493
1 13 2
71 225
1 7 2
239 424
1 14 2
245 422
1 6 2
260 337
1 15 2
279 453
1 10 2
45 448
1 2 2
133 340
1 6 2
69 261
1 15 2
47 380
1 4 2
148 222
1 3 2
214 490
1 11 2
230 386
1 7 2
102 398
1 4 2
160 419
1 2 2
89 370
1 14 2
351 436
1 3 2
166 230
1 6 2
337 362
1 9 2
73 274
1 2 2
9 77
1 3 2
125 438
1 4 2
135 278
1 5 2
307 316
1 14 2
19 102
1 3 2
353 446
1 7 2
178 358
1 8 2
220 448
1 2 2
3 305
1 11 2
164 282
1 12 2
18 253
1 7 2
374 482
1 8 2
333 347
1 4 2
33 319
1 6 2
136 452
1 8 2
199 346
1 2 2
212 372
1 11 2
175 432
1 8 2
202 450
1 12 2
254 293
1 15 2
122 435
1 3 2
110 381
1 6 2
222 411
1 10 2
15 104
1 2 2
23 416
1 13 2
93 216
1 8 2
31 320
1 12 2
82 101
1 2 2
22 402
1 8 2
86 357
1 3 2
89 334
1 4 2
36 129
1 6 2
405 423
1 8 2
180 195
1 8 2
96 339
1 5 2
111 374
1 5 2
36 450
1 5 2
261 346
1 6 2
46 129
1 6 2
167 365
1 12 2
261 289
1 13 2
125 414
1 10 2
224 259
1 9 2
141 169
1 8 2
108 300
1 5 2
205 349
1 10 2
238 434
1 15 2
350 433
1 15 2
288 313
1 13 2
138 141
1 11 2
86 343
1 9 2
78 247
1 7 2
251 284
1 6 2
183 474
1 10 2
150 214
1 12 2
470 484
1 6 2
217 226
1 13 2
42 378
1 5 2
92 247
1 12 2
225 358
1 6 2
341 483
1 14 2
92 229
1 2 2
233 339
1 3 2
283 299
1 13 2
409 413
1 14 2
5 239
1 9 2
318 455
1 5 2
263 312
1 12 2
106 293
1 15 2
401 410
1 10 2
97 191
1 6 2
58 444
1 3 2
227 328
1 15 2
174 461
1 5 2
29 444
1 3 2
89 470
1 13 2
1 132
1 12 2
453 481
1 7 2
315 366
1 5 2
311 347
1 3 2
166 406
1 5 2
245 392
1 9 2
7 11
1 14 2
78 117
1 11 2
15 103
1 7 2
13 62
1 2 2
71 288
1 8 2
53 395
1 6 2
111 241
1 11 2
346 374
1 4 2
219 470
1 15 2
241 301
1 9 2
87 452
1 4 2
165 360
1 5 2
409 426
1 7 2
423 483
1 10 2
8 138
1 7 2
383 465
1 9 2
8 200
1 2 2
100 129
1 5 2
61 369
1 8 2
127 448
1 7 2
297 462
1 6 2
66 315
1 6 2
280 410
1 10 2
126 471
1 11 2
103 206
1 13 2
180 397
1 14 2
77 361
1 15 2
155 178
1 14 2
203 485
1 5 2
13 25
1 5 2
49 71
1 9 2
122 352
1 6 2
385 419
1 7 2
333 488
1 4 2
305 310
1 2 2
296 315
1 14 2
32 447
1 3 2
147 338
1 14 2
75 179
1 10 2
79 268
1 14 2
11 481
1 2 2
231 494
1 10 2
116 153
1 2 2
243 272
1 8 2
304 387
1 10 2
4 355
1 7 2
48 153
1 11 2
77 192
1 11 2
46 81
1 11 2
167 284
1 9 2
332 478
1 6 2
60 446
1 5 2
69 206
1 14 2
213 278
1 11 2
321 407
1 6 2
67 359
1 2 2
88 263
1 3 2
16 61
1 2 2
449 489
1 11 2
53 123
1 8 2
304 359
1 6 2
270 408
1 13 2
185 339
1 3 2
307 347
1 7 2
417 455
1 15 2
35 483
1 11 2
347 430
1 15 2
355 430
1 9 2
324 356
1 11 2
359 444
1 8 2
97 190
1 10 2
218 255
1 8 2
59 395
1 11 2
234 432
1 9 2
44 396
1 10 2
40 186
1 11 2
97 409
1 5 2
484 492
1 9 2
416 427
1 4 2
222 341
1 3 2
98 349
1 10 2
255 288
1 2 2
164 436
1 8 2
146 405
1 12 2
224 236
1 13 2
279 341
1 6 2
307 461
1 13 2
12 117
1 7 2
19 378
1 13 2
211 339
1 9 2
22 49
1 10 2
16 58
1 4 2
131 479
1 5 2
16 50
1 10 2
70 180
1 15 2
53 317
1 9 2
85 229
1 4 2
94 343
1 7 2
203 457
1 13 2
294 316
1 9 2
238 310
1 14 2
258 336
1 2 2
54 119
1 7 2
261 277
1 10 2
136 203
1 12 2
159 265
1 2 2
54 80
1 9 2
193 250
1 13 2
64 120
1 10 2
201 428
1 6 2
29 190
1 2 2
44 302
1 14 2
49 363
1 10 2
298 488
1 15 2
229 282
1 14 2
197 294
1 11 2
27 141
1 5 2
131 342
1 6 2
142 422
1 4 2
195 463
1 15 2
52 59
1 7 2
145 192
1 12 2
140 408
1 3 2
17 105
1 5 2
194 446
1 6 2
155 470
1 9 2
124 424
1 8 2
135 246
1 5 2
270 333
1 8 2
175 213
1 7 2
39 497
1 4 2
48 487
1 9 2
182 267
1 8 2
207 499
1 7 2
127 301
1 9 2
184 474
1 4 2
1 235
1 6 2
80 316
1 13 2
288 454
1 7 2
155 387
1 12 2
156 371
1 7 2
185 186
1 15 2
386 497
1 15 2
71 82
1 6 2
76 256
1 15 2
271 434
1 4 2
24 210
1 14 2
291 298
1 12 2
114 242
1 14 2
94 494
1 4 2
258 328
1 11 2
54 94
1 2 2
68 181
1 15 2
349 351
1 5 2
16 20
1 14 2
272 389
1 10 2
114 259
1 6 2
267 481
1 9 2
215 397
1 11 2
68 447
1 4 2
380 418
1 7 2
197 267
1 7 2
1 131
1 5 2
346 480
1 15 2
355 453
1 14 2
279 387
1 3 2
74 358
1 4 2
266 383
1 3 2
64 443
1 6 2
300 412
1 4 2
195 317
1 6 2
143 396
1 5 2
30 279
1 14 2
94 460
1 13 2
209 472
1 13 2
209 455
1 6 2
319 333
1 8 2
155 460
1 13 2
454 486
1 2 2
36 65
1 10 2
308 412
1 3 2
32 477
1 8 2
85 484
1 8 2
282 373
1 6 2
17 128
1 3 2
122 213
1 5 2
323 431
1 8 2
78 135
1 9 2
77 335
1 9 2
195 474
1 4 2
36 445
1 12 2
429 440
1 11 2
127 340
1 13 2
187 330
1 10 2
291 373
1 10 2
43 255
1 8 2
375 462
1 6 2
80 224
1 12 2
186 275
1 14 2
193 292
1 7 2
164 171
1 12 2
154 489
1 10 2
198 437
1 15 2
20 112
1 9 2
216 452
1 7 2
52 54
1 5 2
241 250
1 14 2
160 455
1 11 2
66 189
1 8 2
65 425
1 5 2
188 320
1 7 2
125 314
1 3 2
104 287
1 5 2
92 468
1 12 2
147 181
1 14 2
422 462
1 13 2
258 325
1 11 2
95 146
1 3 2
331 333
1 5 2
115 365
1 7 2
228 310
1 6 2
192 208
1 2 2
238 280
1 14 2
380 454
1 8 2
111 308
1 4 2
15 52
1 5 2
3 497
1 4 2
24 221
1 13 2
50 446
1 2 2
151 422
1 10 2
339 350
1 9 2
127 348
1 5 2
1 231
1 15 2
29 235
1 15 2
220 492
1 9 2
82 257
1 12 2
113 360
1 6 2
40 370
1 6 2
18 333
1 13 2
170 189
1 14 2
249 439
1 2 2
394 465
1 10 2
206 452
1 3 2
3 114
1 4 2
99 212
1 14 2
240 447
1 12 2
241 366
1 7 2
75 286
1 15 2
147 268
1 9 2
225 378
1 3 2
391 492
1 15 2
79 348
1 8 2
416 430
1 3 2
85 459
1 2 2
137 333
1 15 2
39 399
1 13 2
216 434
1 5 2
295 484
1 6 2
115 348
1 2 2
2 57
1 11 2
35 63
1 7 2
399 483
1 6 2
66 188
1 5 2
147 152
1 12 2
255 462
1 2 2
298 331
1 11 2
136 222
1 7 2
60 493
1 10 2
309 377
1 12 2
65 330
1 12 2
26 286
1 7 2
64 370
1 13 2
77 85
1 12 2
455 461
1 3 2
361 376
1 6 2
125 488
1 12 2
44 455
1 6 2
163 493
1 11 2
204 301
1 15 2
315 432
1 3 2
4 392
1 12 2
107 158
1 3 2
367 455
1 9 2
119 280
1 9 2
198 319
1 10 2
130 361
1 2 2
295 464
1 10 2
252 265
1 11 2
104 411
1 2 2
229 233
1 13 2
93 198
1 8 2
34 255
1 10 2
63 476
1 11 2
82 489
1 5 2
44 81
1 12 2
49 92
1 9 2
275 332
1 9 2
17 479
1 15 2
59 496
1 7 2
177 312
1 13 2
9 88
1 11 2
420 450
1 5 2
114 472
1 10 2
207 343
1 12 2
176 439
1 12 2
45 337
1 13 2
350 437
1 3 2
70 185
1 9 2
136 433
1 4 2
15 243
1 4 2
147 434
1 14 2
80 164
1 5 2
262 499
1 2 2
259 277
1 3 2
414 415
1 4 2
38 66
1 13 2
71 120
1 12 2
149 317
1 9 2
306 342
1 12 2
32 44
1 14 2
228 442
1 14 2
162 261
1 9 2
178 343
1 11 2
241 326
1 5 2
128 422
1 6 2
168 257
1 10 2
27 162
1 7 2
179 460
1 4 2
139 203
1 8 2
302 391
1 8 2
85 372
1 10 2
17 190
1 6 2
159 263
1 11 2
398 415
1 4 2
52 252
1 5 2
129 328
1 5 2
54 129
1 5 2
111 242
1 5 2
308 463
1 13 2
212 314
1 14 2
69 394
1 9 2
408 456
1 4 2
246 260
1 9 2
230 402
1 9 2
246 269
1 2 2
148 450
1 3 2
235 429
1 6 2
34 369
1 11 2
211 257
1 2 2
66 387
1 12 2
98 192
1 14 2
217 361
1 4 2
25 261
1 8 2
261 454
1 6 2
8 218
1 6 2
360 434
1 15 2
408 481
1 7 2
90 128
1 13 2
271 426
1 10 2
47 88
1 4 2
181 218
1 5 2
367 406
1 2 2
35 157
1 5 2
330 455
1 8 2
298 387
1 10 2
427 494
1 14 2
270 292
1 13 2
186 224
1 9 2
260 365
1 13 2
40 404
1 6 2
232 374
1 8 2
70 230
1 7 2
68 410
1 12 2
125 432
1 15 2
65 243
1 13 2
83 370
1 10 2
263 458
1 7 2
181 360
1 2 2
72 470
1 7 2
156 436
1 3 2
39 394
1 3 2
43 66
1 14 2
79 91
1 13 2
38 63
1 14 2
54 466
1 6 2
152 187
1 5 2
10 267
1 6 2
44 186
1 11 2
10 485
1 15 2
82 232
1 3 2
135 406
1 8 2
217 427
1 5 2
374 471
1 4 2
21 262
1 14 2
146 381
1 15 2
122 181
1 3 2
251 346
1 7 2
74 101
1 12 2
7 306
1 8 2
165 398
1 7 2
268 488
1 4 2
57 423
1 13 2
301 433
1 6 2
91 331
1 13 2
357 382
1 9 2
281 330
1 3 2
334 471
1 15 2
302 450
1 14 2
365 377
1 5 2
341 467
1 5 2
238 483
1 5 2
95 372
1 4 2
69 87
1 10 2
140 203
1 14 2
191 326
1 10 2
18 74
1 2 2
151 231
1 8 2
299 336
1 5 2
325 470
1 8 2
250 254
1 9 2
12 496
1 12 2
173 303
1 9 2
8 284
1 12 2
133 155
1 3 2
114 298
1 7 2
227 453
1 6 2
434 461
1 3 2
29 137
1 15 2
93 310
1 10 2
51 212
1 3 2
3 482
1 14 2
57 354
1 12 2
111 193
1 11 2
140 196
1 8 2
259 410
1 10 2
96 403
1 4 2
101 177
1 5 2
54 225
1 4 2
132 187
1 6 2
1 441
1 3 2
2 105
1 10 2
134 159
1 8 2
182 450
1 4 2
379 441
1 11 2
87 269
1 15 2
293 366
1 9 2
186 348
1 3 2
301 369
1 5 2
408 439
1 11 2
339 418
1 7 2
123 374
1 7 2
135 332
1 10 2
181 224
1 2 2
231 282
1 2 2
303 409
1 9 2
188 413
1 13 2
126 293
1 5 2
249 464
1 11 2
217 483
1 7 2
345 466
1 10 2
116 165
1 9 2
43 64
1 12 2
85 126
1 4 2
40 55
1 4 2
166 496
1 12 2
279 446
1 5 2
12 42
1 4 2
440 482
1 7 2
13 364
1 12 2
118 128
1 12 2
63 205
1 15 2
107 186
1 9 2
181 294
1 9 2
17 436
1 8 2
234 395
1 13 2
277 458
1 12 2
36 220
1 11 2
260 443
1 3 2
128 489
1 15 2
147 388
1 8 2
199 285
1 5 2
186 210
1 2 2
404 460
1 9 2
55 325
1 10 2
138 351
1 3 2
119 145
1 15 2
52 188
1 5 2
376 460
1 13 2
87 464
1 13 2
115 119
1 13 2
128 154
1 7 2
327 335
1 9 2
191 270
1 2 2
307 341
1 4 2
263 400
1 7 2
67 218
1 2 2
115 308
1 14 2
391 447
1 15 2
201 211
1 11 2
244 434
1 4 2
79 495
1 9 2
56 186
1 3 2
221 310
1 11 2
132 243
1 2 2
20 299
1 3 2
213 455
1 5 2
340 359
1 2 2
49 219
1 5 2
258 469
1 7 2
132 167
1 11 2
304 383
1 11 2
138 470
1 15 2
268 407
1 12 2
150 363
1 10 2
344 356
1 6 2
278 394
1 3 2
188 497
1 5 2
70 237
1 6 2
61 496
1 11 2
13 133
1 8 2
64 134
1 4 2
184 202
1 3 2
153 280
1 7 2
210 370
1 12 2
195 340
1 9 2
166 357
1 5 2
272 278
1 15 2
24 365
1 3 2
301 391
1 13 2
315 464
1 2 2
232 256
1 14 2
275 438
1 12 2
58 303
1 11 2
39 332
1 3 2
281 434
1 12 2
25 268
1 8 2
217 271
1 15 2
182 487
1 13 2
210 300
1 3 2
82 327
1 12 2
102 311
1 7 2
104 340
1 9 2
54 389
1 4 2
212 493
1 10 2
257 341
1 14 2
78 128
1 7 2
89 139
1 10 2
199 282
1 14 2
191 373
1 3 2
101 378
1 12 2
70 299
1 14 2
45 54
1 14 2
32 418
1 3 2
1 133
1 4 2
116 194
1 6 2
348 444
1 2 2
57 100
1 10 2
54 331
1 12 2
75 162
1 7 2
205 482
1 10 2
304 407
1 3 2
368 478
1 5 2
256 410
1 10 2
114 494
1 6 2
296 495
1 3 2
82 406
1 13 2
169 198
1 5 2
302 305
1 8 2
90 131
1 6 2
86 398
1 3 2
75 323
1 12 2
96 178
1 12 2
109 173
1 2 2
101 292
1 9 2
137 243
1 3 2
73 176
1 14 2
90 94
1 11 2
8 390
1 6 2
25 429
1 11 2
67 330
1 7 2
122 378
1 4 2
325 487
1 10 2
390 415
1 7 2
67 261
1 8 2
99 233
1 7 2
4 249
1 4 2
291 419
1 6 2
59 102
1 8 2
77 243
1 3 2
41 382
1 14 2
282 467
1 4 2
106 245
1 11 2
128 186
1 14 2
54 316
1 11 2
225 254
1 8 2
214 296
1 8 2
47 339
1 4 2
359 490
1 13 2
34 354
1 4 2
222 369
1 13 2
29 36
1 15 2
172 176
1 4 2
45 326
1 7 2
20 250
1 5 2
67 399
1 2 2
374 481
1 14 2
290 377
1 9 2
68 148
1 14 2
369 393
1 6 2
107 338
1 14 2
169 487
1 4 2
289 292
1 15 2
34 454
1 2 2
189 226
1 9 2
61 198
1 3 2
386 397
1 14 2
229 397
1 13 2
51 164
1 13 2
46 195
1 5 2
212 245
1 11 2
125 130
1 6 2
151 346
1 9 2
479 480
1 2 2
329 440
1 8 2
13 235
1 11 2
150 362
1 15 2
437 483
1 5 2
95 156
1 2 2
7 15
1 8 2
317 346
1 13 2
77 370
1 15 2
306 361
1 15 2
31 238
1 3 2
470 475
1 2 2
158 427
1 14 2
283 346
1 10 2
139 417
1 5 2
168 253
1 4 2
95 117
1 2 2
287 475
1 6 2
33 282
1 5 2
267 365
1 12 2
129 304
1 7 2
282 384
1 8 2
113 431
1 2 2
34 193
1 10 2
73 319
1 6 2
436 476
1 4 2
295 438
1 7 2
95 433
1 12 2
0 331
1 10 2
122 384
1 10 2
89 181
1 4 2
67 200
1 7 2
137 450
1 5 2
242 277
1 10 2
36 233
1 15 2
382 491
1 4 2
159 289
1 13 2
247 355
1 8 2
42 116
1 9 2
142 211
1 14 2
281 443
1 9 2
241 298
1 12 2
39 335
1 4 2
94 123
1 13 2
162 459
1 2 2
356 408
1 11 2
77 278
1 5 2
154 287
1 3 2
256 299
1 14 2
253 416
1 10 2
5 485
1 4 2
36 474
1 9 2
101 388
1 11 2
209 228
1 15 2
22 45
1 14 2
66 167
1 11 2
150 182
1 6 2
345 440
1 2 2
155 487
1 13 2
12 164
1 13 2
69 133
1 15 2
333 482
1 14 2
165 450
1 2 2
5 413
1 15 2
267 269
1 10 2
60 169
1 9 2
259 344
1 2 2
234 470
1 9 2
182 225
1 10 2
240 252
1 3 2
275 491
1 13 2
96 239
1 5 2
23 460
1 11 2
199 377
1 8 2
201 248
1 10 2
376 452
1 13 2
268 283
1 11 2
72 412
1 7 2
38 422
1 12 2
76 117
1 4 2
131 407
1 13 2
3 283
1 8 2
259 446
1 3 2
154 443
1 10 2
86 289
1 14 2
188 228
1 5 2
142 405
1 5 2
319 479
1 13 2
71 298
1 15 2
404 444
1 15 2
263 321
1 13 2
61 422
1 5 2
473 484
1 2 2
69 296
1 6 2
15 161
1 14 2
156 314
1 3 2
81 346
1 13 2
116 164
1 7 2
113 224
1 13 2
312 341
1 9 2
91 118
1 12 2
103 437
1 11 2
41 490
1 3 2
264 385
1 5 2
132 154
1 7 2
315 444
1 2 2
62 375
1 4 2
254 346
1 15 2
164 440
1 9 2
394 468
1 2 2
9 396
1 4 2
53 268
1 13 2
464 475
1 15 2
194 321
1 11 2
117 225
1 3 2
112 494
1 3 2
241 277
1 11 2
152 454
1 8 2
237 459
1 11 2
136 220
1 11 2
53 102
1 12 2
107 419
1 3 2
62 215
1 6 2
5 199
1 3 2
330 451
1 11 2
37 58
1 10 2
241 407
1 6 2
49 497
1 4 2
219 372
1 4 2
85 316
1 13 2
346 493
1 10 2
123 302
1 4 2
335 397
1 11 2
182 301
1 7 2
237 278
1 13 2
99 100
1 5 2
225 410
1 9 2
233 387
1 14 2
157 441
1 9 2
5 304
1 15 2
100 388
1 5 2
52 305
1 12 2
64 93
1 9 2
29 392
1 10 2
14 264
1 15 2
16 395
1 13 2
85 279
1 15 2
112 162
1 13 2
57 352
1 2 2
161 366
1 6 2
75 273
1 12 2
6 270
1 4 2
250 446
1 15 2
144 321
1 10 2
7 84
1 12 2
278 354
1 2 2
145 261
1 3 2
153 182
1 12 2
129 347
1 6 2
142 330
1 15 2
350 448
1 6 2
261 474
1 12 2
167 414
1 14 2
29 441
1 3 2
155 160
1 9 2
194 386
1 10 2
86 316
1 15 2
219 294
1 11 2
141 452
1 15 2
268 447
1 11 2
111 154
1 13 2
187 363
1 11 2
190 414
1 2 2
26 272
1 14 2
58 286
1 15 2
83 91
1 13 2
46 422
1 5 2
220 445
1 14 2
302 315
1 6 2
257 267
1 5 2
277 410
1 6 2
95 262
1 13 2
144 189
1 5 2
232 496
1 14 2
72 496
1 3 2
80 144
1 9 2
156 396
1 6 2
177 403
1 10 2
81 370
1 15 2
174 300
1 7 2
433 482
1 10 2
205 274
1 13 2
43 452
1 4 2
172 242
1 5 2
83 170
1 14 2
232 369
1 13 2
181 220
1 7 2
74 391
1 15 2
83 102
1 4 2
160 333
1 15 2
282 489
1 15 2
12 233
1 3 2
16 474
1 9 2
46 496
1 9 2
45 387
1 5 2
98 123
1 5 2
452 459
1 11 2
186 442
1 6 2
102 433
1 15 2
55 385
1 11 2
328 407
1 8 2
173 414
1 4 2
84 154
1 13 2
393 425
1 14 2
240 471
1 7 2
400 446
1 12 2
127 488
1 15 2
199 235
1 11 2
179 276
1 4 2
47 367
1 11 2
100 140
1 10 2
353 404
1 6 2
164 303
1 6 2
254 464
1 3 2
236 406
1 12 2
475 494
1 2 2
31 54
1 4 2
187 267
1 4 2
31 325
1 5 2
184 380
1 9 2
87 372
1 7 2
121 393
1 10 2
192 227
1 2 2
140 144
1 9 2
238 244
1 13 2
159 428
1 6 2
289 311
1 7 2
246 296
1 8 2
333 485
1 14 2
178 286
1 13 2
99 210
1 4 2
110 224
1 7 2
16 472
1 8 2
1 406
1 13 2
377 423
1 6 2
155 492
1 13 2
159 465
1 11 2
40 48
1 11 2
25 307
1 6 2
169 342
1 8 2
432 493
1 8 2
24 273
1 14 2
312 326
1 8 2
191 223
1 7 2
163 423
1 14 2
25 303
1 14 2
293 307
1 9 2
196 389
1 9 2
123 176
1 10 2
252 417
1 15 2
137 222
1 12 2
189 422
1 5 2
294 383
1 12 2
92 490
1 10 2
372 471
1 3 2
144 197
1 8 2
94 379
1 8 2
247 376
1 3 2
59 190
1 5 2
251 264
1 14 2
100 184
1 9 2
23 328
1 4 2
299 499
1 8 2
2 31
1 13 2
88 228
1 4 2
365 450
1 12 2
290 406
1 9 2
193 364
1 3 2
363 499
1 12 2
156 337
1 13 2
253 485
1 7 2
7 423
1 13 2
89 383
1 14 2
136 415
1 9 2
107 343
1 3 2
13 372
1 3 2
425 447
1 14 2
238 448
1 3 2
385 489
1 15 2
53 254
1 4 2
399 455
1 9 2
238 357
1 10 2
373 463
1 5 2
219 476
1 2 2
68 490
1 7 2
355 409
1 12 2
325 475
1 10 2
370 390
1 5 2
49 302
1 6 2
14 401
1 9 2
159 173
1 11 2
67 287
1 5 2
298 447
1 13 2
144 287
1 10 2
124 383
1 11 2
190 442
1 15 2
341 480
1 5 2
53 385
1 10 2
432 466
1 3 2
87 220
1 15 2
167 333
1 9 2
270 491
1 7 2
105 351
1 12 2
274 336
1 14 2
157 409
1 8 2
17 386
1 12 2
186 209
1 2 2
146 360
1 2 2
116 481
1 5 2
115 191
1 12 2
131 340
1 14 2
124 188
1 13 2
313 489
1 4 2
27 249
1 9 2
76 423
1 7 2
87 263
1 9 2
141 238
1 2 2
108 351
1 8 2
121 419
1 5 2
149 325
1 4 2
271 446
1 15 2
287 329
1 9 2
344 491
1 10 2
165 226
1 6 2
144 201
1 7 2
277 300
1 5 2
180 370
1 2 2
67 380
1 10 2
41 244
1 6 2
79 448
1 10 2
111 183
1 15 2
426 453
1 10 2
373 409
1 2 2
191 499
1 8 2
169 282
1 5 2
459 467
1 5 2
51 171
1 13 2
0 136
1 3 2
73 124
1 5 2
10 50
1 5 2
253 387
1 12 2
166 216
1 2 2
216 357
1 12 2
152 226
1 12 2
355 386
1 12 2
300 474
1 7 2
177 247
1 15 2
112 400
1 13 2
247 469
1 15 2
35 411
1 8 2
402 456
1 8 2
139 292
1 12 2
67 494
1 11 2
109 466
1 7 2
35 363
1 5 2
416 491
1 13 2
306 374
1 6 2
438 457
1 9 2
22 252
1 8 2
222 267
1 5 2
165 266
1 8 2
281 313
1 14 2
186 353
1 2 2
73 483
1 13 2
159 378
1 5 2
35 364
1 5 2
13 148
1 8 2
214 285
1 5 2
150 386
1 13 2
28 76
1 6 2
129 217
1 10 2
38 317
1 6 2
249 454
1 8 2
137 408
1 9 2
42 114
1 10 2
74 273
1 9 2
336 376
1 10 2
59 473
1 15 2
326 410
1 14 2
188 238
1 5 2
228 492
1 12 2
137 489
1 13 2
117 345
1 2 2
74 405
1 11 2
319 391
1 11 2
1 312
1 12 2
77 390
1 7 2
255 455
1 5 2
490 492
1 11 2
200 407
1 9 2
425 484
1 14 2
201 420
1 5 2
65 357
1 9 2
122 486
1 8 2
391 460
1 2 2
245 275
1 10 2
146 282
1 14 2
78 469
1 8 2
209 351
1 4 2
221 466
1 11 2
65 249
1 15 2
85 129
1 12 2
82 171
1 8 2
183 494
1 5 2
164 372
1 3 2
350 352
1 3 2
170 314
1 3 2
357 412
1 11 2
258 351
1 13 2
144 258
1 10 2
382 463
1 2 2
226 474
1 14 2
298 415
1 14 2
190 234
1 12 2
269 278
1 7 2
37 330
1 6 2
48 225
1 3 2
42 400
1 8 2
234 346
1 14 2
261 338
1 12 2
196 302
1 10 2
248 481
1 5 2
155 421
1 2 2
161 278
1 3 2
262 375
1 8 2
297 467
1 12 2
224 417
1 11 2
106 161
1 4 2
7 267
1 5 2
147 286
1 11 2
245 440
1 3 2
138 202
1 12 2
106 230
1 11 2
345 369
1 3 2
234 307
1 11 2
113 315
1 7 2
74 446
1 14 2
217 311
1 4 2
36 398
1 11 2
121 140
1 7 2
20 137
1 8 2
66 279
1 13 2
56 416
1 13 2
41 370
1 9 2
316 461
1 6 2
131 235
1 5 2
135 215
1 4 2
177 237
1 9 2
307 335
1 4 2
0 244
1 7 2
206 366
1 12 2
351 400
1 4 2
44 448
1 7 2
371 457
1 14 2
2 372
1 12 2
252 319
1 10 2
257 410
1 4 2
188 438
1 7 2
198 463
1 12 2
456 461
1 4 2
33 345
1 12 2
139 168
1 2 2
124 493
1 10 2
332 487
1 13 2
244 442
1 4 2
273 487
1 14 2
243 469
1 15 2
75 137
1 11 2
32 34
1 12 2
176 442
1 3 2
52 377
1 11 2
330 332
1 12 2
112 227
1 12 2
243 470
1 11 2
42 464
1 2 2
376 401
1 11 2
124 280
1 2 2
184 266
1 6 2
207 479
1 14 2
336 341
1 9 2
66 156
1 3 2
210 398
1 14 2
3 321
1 15 2
73 113
1 5 2
123 125
1 6 2
211 329
1 10 2
285 404
1 6 2
207 350
1 6 2
419 462
1 9 2
60 355
1 3 2
273 297
1 2 2
241 403
1 15 2
14 182
1 5 2
29 33
1 11 2
294 404
1 6 2
33 194
1 6 2
349 367
1 14 2
112 276
1 4 2
127 232
1 13 2
284 312
1 3 2
221 479
1 7 2
67 470
1 6 2
69 426
1 3 2
293 474
1 12 2
112 242
1 15 2
150 199
1 13 2
328 392
1 4 2
285 311
1 11 2
250 471
1 14 2
164 304
1 5 2
324 355
1 10 2
293 297
1 10 2
311 455
1 8 2
127 415
1 13 2
235 495
1 5 2
2 396
1 7 2
176 415
1 6 2
6 222
1 7 2
237 368
1 10 2
92 395
1 7 2
162 244
1 12 2
188 254
1 3 2
228 400
1 3 2
1 395
1 14 2
45 411
1 5 2
137 202
1 15 2
165 420
1 12 2
160 239
1 13 2
179 205
1 10 2
388 424
1 3 2
9 258
1 11 2
202 434
1 9 2
388 468
1 12 2
47 62
1 12 2
400 464
1 15 2
200 319
1 13 2
69 427
1 11 2
47 307
1 14 2
165 466
1 15 2
67 150
1 3 2
256 266
1 5 2
328 376
1 6 2
63 497
1 12 2
270 401
1 6 2
363 416
1 13 2
42 126
1 2 2
215 278
1 14 2
143 488
1 13 2
237 493
1 14 2
195 332
1 9 2
112 302
1 8 2
93 99
1 12 2
76 120
1 12 2
292 345
1 2 2
66 293
1 10 2
129 206
1 2 2
74 245
1 4 2
172 438
1 14 2
216 443
1 15 2
131 267
1 3 2
248 276
1 2 2
376 382
1 10 2
27 124
1 15 2
389 482
1 4 2
11 340
1 13 2
186 393
1 11 2
11 353
1 12 2
159 387
1 5 2
244 382
1 3 2
232 421
1 14 2
32 144
1 7 2
275 444
1 3 2
53 458
1 10 2
411 425
1 3 2
104 290
1 15 2
109 369
1 15 2
18 467
1 2 2
318 363
1 13 2
39 112
1 12 2
3 388
1 14 2
211 413
1 11 2
385 437
1 9 2
175 311
1 14 2
480 483
1 4 2
192 214
1 14 2
226 339
1 7 2
142 214
1 5 2
49 160
1 10 2
216 310
1 2 2
339 466
1 5 2
144 381
1 4 2
264 378
1 6 2
234 379
1 13 2
77 138
1 12 2
248 403
1 14 2
279 434
1 11 2
35 447
1 8 2
355 471
1 15 2
144 413
1 10 2
81 434
1 8 2
130 193
1 5 2
74 148
1 3 2
293 323
1 13 2
378 399
1 9 2
17 270
1 13 2
286 483
1 11 2
175 289
1 3 2
22 391
1 5 2
79 321
1 14 2
250 369
1 7 2
32 388
1 9 2
179 312
1 15 2
2 491
1 11 2
62 192
1 4 2
385 499
1 4 2
9 241
1 6 2
82 350
1 13 2
173 391
1 15 2
142 442
1 2 2
45 345
1 9 2
401 494
1 15 2
199 339
1 7 2
397 497
1 14 2
209 256
1 2 2
323 433
1 8 2
55 305
1 12 2
84 386
1 13 2
7 475
1 11 2
315 454
1 4 2
282 433
1 15 2
72 499
1 14 2
218 275
1 11 2
134 401
1 3 2
123 319
1 3 2
57 241
1 11 2
18 225
1 6 2
37 165
1 2 2
15 280
1 14 2
368 405
1 4 2
418 467
1 7 2
162 281
1 6 2
169 358
1 6 2
130 200
1 11 2
151 215
1 13 2
4 349
1 2 2
159 477
1 12 2
118 493
1 15 2
159 167
1 9 2
408 459
1 9 2
55 351
1 8 2
64 451
1 12 2
275 385
1 8 2
169 426
1 13 2
181 249
1 2 2
105 234
1 14 2
308 391
1 8 2
46 311
1 14 2
9 248
1 9 2
126 246
1 13 2
133 143
1 11 2
119 481
1 15 2
3 134
1 8 2
43 402
1 4 2
186 273
1 12 2
82 137
1 5 2
180 379
1 8 2
142 156
1 14 2
188 409
1 14 2
343 380
1 2 2
225 270
1 15 2
2 48
1 3 2
12 166
1 12 2
367 428
1 12 2
158 478
1 7 2
284 461
1 4 2
264 322
1 5 2
241 387
1 15 2
35 450
1 8 2
152 422
1 7 2
285 350
1 10 2
100 178
1 8 2
124 129
1 8 2
84 478
1 4 2
51 451
1 5 2
250 427
1 10 2
125 162
1 5 2
28 395
1 15 2
260 280
1 15 2
411 452
1 3 2
189 387
1 10 2
73 453
1 5 2
288 378
1 3 2
65 128
1 14 2
32 168
1 13 2
334 483
1 8 2
273 309
1 7 2
88 441
1 14 2
146 259
1 2 2
223 368
1 4 2
50 461
1 6 2
250 274
1 12 2
214 220
1 7 2
124 207
1 14 2
358 368
1 13 2
349 451
1 13 2
51 313
1 8 2
181 327
1 10 2
332 489
1 2 2
338 379
1 13 2
26 168
1 11 2
183 258
1 4 2
86 232
1 5 2
153 315
1 2 2
136 182
1 6 2
122 255
1 13 2
20 74
1 15 2
217 314
1 11 2
257 278
1 11 2
429 471
1 8 2
18 300
1 6 2
193 482
1 6 2
110 279
1 15 2
194 255
1 15 2
191 350
1 3 2
210 325
1 3 2
56 310
1 2 2
176 296
1 7 2
287 495
1 10 2
36 354
1 12 2
13 143
1 14 2
172 264
1 14 2
163 191
1 4 2
238 394
1 8 2
133 142
1 13 2
82 430
1 6 2
242 253
1 13 2
267 428
1 9 2
22 381
1 3 2
102 149
1 13 2
246 432
1 6 2
155 329
1 15 2
92 152
1 5 2
216 470
1 6 2
171 483
1 14 2
34 466
1 3 2
196 496
1 13 2
10 107
1 10 2
221 329
1 12 2
325 436
1 12 2
293 310
1 13 2
436 474
1 15 2
311 448
1 14 2
50 233
1 15 2
41 98
1 10 2
227 254
1 15 2
141 284
1 15 2
168 245
1 6 2
295 319
1 4 2
335 410
1 7 2
35 468
1 2 2
27 395
1 8 2
351 438
1 10 2
157 173
1 6 2
294 424
1 4 2
25 160
1 5 2
7 410
1 7 2
76 457
1 12 2
267 470
1 14 2
147 276
1 6 2
273 416
1 5 2
12 339
1 5 2
171 229
1 10 2
117 358
1 4 2
186 491
1 11 2
122 460
1 9 2
116 441
1 4 2
38 371
1 14 2
155 334
1 12 2
142 213
1 2 2
1 72
1 7 2
111 420
1 8 2
10 431
1 12 2
265 441
1 4 2
400 461
1 8 2
306 392
1 4 2
26 295
1 14 2
425 473
1 5 2
382 384
1 15 2
113 231
1 12 2
349 397
1 2 2
18 266
1 15 2
32 303
1 14 2
291 472
1 6 2
12 378
1 5 2
94 254
1 3 2
114 325
1 13 2
63 174
1 4 2
233 262
1 4 2
196 373
1 3 2
238 255
1 10 2
132 204
1 9 2
443 486
1 7 2
39 466
1 13 2
245 420
1 10 2
287 355
1 7 2
27 174
1 15 2
271 432
1 9 2
6 441
1 10 2
306 372
1 7 2
296 310
1 2 2
116 218
1 4 2
165 225
1 6 2
174 477
1 11 2
22 114
1 4 2
49 235
1 2 2
106 422
1 2 2
112 368
1 5 2
151 319
1 11 2
165 417
1 6 2
120 241
1 3 2
129 476
1 10 2
114 376
1 13 2
55 363
1 15 2
290 472
1 10 2
155 370
1 12 2
287 410
1 11 2
231 438
1 7 2
275 296
1 10 2
422 437
1 12 2
175 363
1 5 2
373 377
1 14 2
18 131
1 6 2
253 390
1 9 2
323 420
1 11 2
423 449
1 4 2
76 129
1 15 2
248 495
1 8 2
34 161
1 9 2
97 472
1 15 2
219 441
1 9 2
425 488
1 14 2
244 285
1 4 2
54 188
1 11 2
68 417
1 5 2
70 315
1 6 2
193 220
1 6 2
276 302
1 3 2
276 404
1 12 2
279 338
1 7 2
116 419
1 12 2
124 131
1 13 2
80 121
1 5 2
331 490
1 4 2
68 214
1 15 2
7 284
1 15 2
83 95
1 2 2
125 282
1 6 2
213 322
1 12 2
259 479
1 8 2
25 78
1 13 2
40 350
1 14 2
224 275
1 4 2
143 338
1 6 2
122 151
1 4 2
24 239
1 9 2
103 429
1 13 2
147 294
1 8 2
182 424
1 11 2
202 338
1 3 2
121 331
1 13 2
179 289
1 15 2
6 66
1 4 2
433 436
1 10 2
275 425
1 9 2
437 482
1 6 2
79 413
1 2 2
165 184
1 11 2
19 291
1 3 2
188 486
1 8 2
90 415
1 6 2
243 403
1 11 2
251 466
1 14 2
286 476
1 4 2
218 478
1 8 2
41 151
1 6 2
213 360
1 8 2
77 115
1 8 2
38 278
1 11 2
286 366
1 2 2
182 479
1 14 2
276 469
1 3 2
5 459
1 12 2
118 135
1 12 2
24 498
1 12 2
347 482
1 7 2
322 377
1 8 2
48 182
1 4 2
208 359
1 7 2
356 410
1 14 2
30 495
1 15 2
152 369
1 2 2
169 348
1 14 2
20 488
1 5 2
4 472
1 8 2
94 100
1 14 2
40 176
1 10 2
151 263
1 10 2
129 135
1 8 2
41 216
1 3 2
64 252
1 13 2
214 312
1 6 2
74 250
1 7 2
14 380
1 4 2
234 324
1 12 2
372 470
1 11 2
275 405
1 5 2
30 235
1 5 2
5 441
1 9 2
42 331
1 15 2
92 363
1 7 2
239 357
1 5 2
117 432
1 4 2
427 470
1 6 2
386 445
1 9 2
51 392
1 8 2
428 471
1 13 2
6 399
1 9 2
17 173
1 12 2
4 384
1 9 2
251 293
1 10 2
278 444
1 13 2
41 96
1 6 2
262 395
1 5 2
212 233
1 3 2
48 118
1 3 2
490 499
1 13 2
139 362
1 12 2
233 477
1 2 2
316 407
1 8 2
178 353
1 6 2
103 486
1 13 2
469 490
1 14 2
120 422
1 6 2
6 271
1 10 2
56 251
1 12 2
189 196
1 9 2
301 408
1 14 2
8 43
1 13 2
81 389
1 4 2
108 299
1 10 2
52 69
1 3 2
83 321
1 7 2
201 411
1 9 2
191 236
1 4 2
109 127
1 3 2
55 211
1 15 2
85 209
1 11 2
223 376
1 4 2
277 401
1 2 2
150 343
1 15 2
403 436
1 6 2
151 169
1 12 2
17 267
1 7 2
97 274
1 12 2
300 325
1 2 2
1 21
1 11 2
86 396
1 3 2
145 432
1 14 2
197 435
1 15 2
188 358
1 15 2
340 419
1 13 2
163 230
1 9 2
53 235
1 10 2
1 432
1 15 2
192 248
1 14 2
308 359
1 12 2
52 118
1 9 2
255 396
1 3 2
15 373
1 13 2
382 465
1 11 2
57 255
1 12 2
263 494
1 5 2
303 431
1 11 2
87 244
1 8 2
23 119
1 4 2
418 449
1 10 2
17 176
1 12 2
51 436
1 15 2
220 272
1 15 2
15 372
1 3 2
233 251
1 6 2
210 262
1 9 2
107 354
1 4 2
194 285
1 11 2
94 167
1 4 2
145 445
1 15 2
103 114
1 12 2
266 267
1 12 2
216 256
1 14 2
21 479
1 10 2
30 79
1 14 2
212 247
1 11 2
88 357
1 9 2
50 87
1 4 2
176 290
1 7 2
50 466
1 2 2
125 127
1 8 2
76 105
1 4 2
25 417
1 5 2
217 278
1 2 2
52 84
1 15 2
230 276
1 6 2
257 331
1 7 2
334 461
1 8 2
113 344
1 8 2
267 498
1 10 2
114 395
1 15 2
15 255
1 10 2
186 461
1 14 2
265 276
1 6 2
88 245
1 10 2
52 230
1 15 2
437 473
1 5 2
143 389
1 4 2
24 242
1 15 2
174 436
1 14 2
259 406
1 8 2
41 419
1 6 2
37 472
1 12 2
56 299
1 7 2
71 428
1 3 2
130 272
1 12 2
230 410
1 12 2
266 473
1 12 2
183 378
1 15 2
109 214
1 13 2
285 473
1 13 2
170 412
1 3 2
470 489
1 9 2
19 412
1 11 2
133 222
1 9 2
136 387
1 3 2
232 347
1 3 2
288 297
1 8 2
351 423
1 14 2
110 495
1 15 2
223 335
1 3 2
152 445
1 13 2
159 404
1 14 2
377 399
1 9 2
258 295
1 14 2
208 419
1 7 2
265 329
1 6 2
390 460
1 10 2
363 364
1 12 2
239 382
1 7 2
366 471
1 10 2
45 476
1 13 2
229 427
1 7 2
228 345
1 4 2
144 406
1 10 2
99 224
1 8 2
161 425
1 12 2
230 273
1 9 2
41 308
1 3 2
267 463
1 14 2
58 293
1 6 2
55 284
1 14 2
127 483
1 8 2
118 492
1 2 2
15 67
1 2 2
102 403
1 3 2
194 493
1 2 2
338 459
1 6 2
235 274
1 11 2
24 103
1 10 2
234 370
1 8 2
22 161
1 12 2
308 464
1 12 2
132 496
1 11 2
173 366
1 6 2
83 283
1 5 2
86 491
1 8 2
406 409
1 14 2
322 378
1 2 2
156 414
1 4 2
152 268
1 7 2
159 278
1 12 2
43 195
1 4 2
27 466
1 7 2
72 276
1 10 2
165 200
1 7 2
330 410
1 2 2
196 219
1 15 2
98 475
1 3 2
282 393
1 11 2
241 365
1 11 2
162 347
1 9 2
39 375
1 4 2
245 489
1 6 2
48 437
1 11 2
33 171
1 8 2
185 435
1 5 2
10 163
1 8 2
100 387
1 5 2
65 91
1 15 2
272 353
1 2 2
232 380
1 7 2
98 187
1 14 2
123 228
1 11 2
108 390
1 7 2
23 230
1 3 2
326 459
1 14 2
66 486
1 13 2
14 298
1 3 2
197 215
1 8 2
160 354
1 12 2
56 432
1 8 2
191 279
1 11 2
212 289
1 11 2
33 327
1 8 2
106 280
1 10 2
287 476
1 4 2
44 222
1 13 2
87 144
1 5 2
109 124
1 4 2
433 486
1 9 2
12 121
1 9 2
48 357
1 7 2
28 324
1 14 2
385 428
1 10 2
30 161
1 5 2
455 467
1 13 2
72 132
1 11 2
326 412
1 13 2
242 258
1 5 2
182 347
1 3 2
332 389
1 9 2
119 229
1 5 2
190 482
1 15 2
78 431
1 4 2
25 283
1 4 2
284 361
1 5 2
172 365
1 8 2
286 315
1 5 2
340 458
1 6 2
9 418
1 12 2
36 235
1 10 2
239 317
1 7 2
168 479
1 7 2
29 346
1 13 2
70 291
1 9 2
126 346
1 14 2
118 254
1 3 2
30 426
1 12 2
69 376
1 14 2
339 433
1 3 2
92 371
1 4 2
173 254
1 3 2
43 107
1 8 2
239 334
1 3 2
78 217
1 10 2
162 414
1 4 2
235 310
1 7 2
180 239
1 15 2
249 272
1 2 2
140 282
1 15 2
62 303
1 15 2
377 408
1 12 2
10 30
1 9 2
70 405
1 9 2
157 369
1 11 2
135 378
1 12 2
177 461
1 11 2
43 375
1 7 2
231 355
1 7 2
305 470
1 2 2
240 360
1 6 2
70 306
1 2 2
147 342
1 14 2
212 354
1 4 2
146 436
1 10 2
207 407
1 5 2
177 295
1 3 2
257 325
1 14 2
71 240
1 5 2
48 254
1 11 2
108 402
1 6 2
8 82
1 11 2
118 485
1 3 2
316 348
1 7 2
27 289
1 3 2
183 260
1 7 2
76 328
1 2 2
94 121
1 15 2
192 399
1 11 2
138 335
1 2 2
176 352
1 6 2
250 415
1 15 2
10 12
1 10 2
70 132
1 12 2
130 404
1 7 2
243 389
1 3 2
363 434
1 5 2
306 336
1 10 2
7 274
1 15 2
228 337
1 7 2
36 343
1 15 2
297 453
1 6 2
65 321
1 6 2
177 493
1 14 2
37 42
1 8 2
91 235
1 10 2
396 426
1 6 2
128 451
1 11 2
62 67
1 3 2
270 414
1 11 2
66 206
1 10 2
219 268
1 4 2
294 470
1 2 2
134 498
1 12 2
105 270
1 14 2
211 288
1 6 2
192 220
1 9 2
60 411
1 8 2
178 299
1 4 2
396 432
1 13 2
35 60
1 15 2
244 353
1 8 2
260 416
1 14 2
242 317
1 9 2
212 385
1 15 2
277 405
1 10 2
241 424
1 14 2
36 447
1 7 2
400 432
1 7 2
23 30
1 3 2
273 376
1 4 2
361 494
1 4 2
103 313
1 15 2
128 470
1 2 2
126 380
1 10 2
102 321
1 7 2
236 294
1 11 2
410 451
1 15 2
264 349
1 11 2
141 447
1 14 2
278 303
1 5 2
67 323
1 9 2
22 76
1 11 2
65 479
1 15 2
232 339
1 13 2
117 480
1 15 2
35 350
1 15 2
244 307
1 10 2
443 448
1 4 2
76 154
1 7 2
23 375
1 6 2
400 416
1 11 2
268 298
1 2 2
128 484
1 4 2
236 395
1 15 2
328 438
1 4 2
277 297
1 3 2
123 255
1 10 2
447 475
1 12 2
194 344
1 11 2
318 471
1 15 2
22 363
1 7 2
262 338
1 13 2
141 210
1 11 2
159 430
1 2 2
33 178
1 11 2
40 142
1 10 2
20 388
1 8 2
1 267
1 2 2
58 77
1 14 2
287 394
1 11 2
168 380
1 10 2
104 297
1 10 2
92 378
1 5 2
45 453
1 13 2
8 397
1 12 2
58 268
1 3 2
112 359
1 7 2
43 203
1 14 2
317 408
1 14 2
227 371
1 3 2
231 254
1 4 2
337 401
1 8 2
52 172
1 12 2
107 205
1 5 2
43 497
1 10 2
137 198
1 15 2
38 487
1 8 2
303 355
1 12 2
226 389
1 12 2
53 287
1 13 2
5 377
1 4 2
14 87
1 7 2
73 100
1 4 2
245 257
1 5 2
148 430
1 3 2
52 364
1 11 2
70 108
1 12 2
482 486
1 12 2
25 375
1 13 2
131 391
1 10 2
71 318
1 9 2
43 456
1 10 2
358 415
1 4 2
26 199
1 15 2
316 451
1 6 2
119 485
1 5 2
113 343
1 4 2
180 489
1 15 2
160 327
1 4 2
226 478
1 2 2
85 438
1 5 2
95 206
1 3 2
79 108
1 14 2
56 131
1 2 2
253 294
1 3 2
56 218
1 4 2
184 417
1 11 2
5 56
1 11 2
253 497
1 13 2
206 255
1 2 2
97 341
1 3 2
66 425
1 12 2
173 250
1 8 2
95 282
1 13 2
7 413
1 14 2
227 302
1 5 2
213 436
1 6 2
74 164
1 11 2
3 117
1 5 2
200 331
1 9 2
47 389
1 15 2
284 300
1 14 2
341 489
1 3 2
197 484
1 2 2
98 149
1 8 2
384 402
1 9 2
274 429
1 5 2
407 471
1 11 2
84 438
1 10 2
139 284
1 6 2
174 396
1 10 2
98 470
1 2 2
48 106
1 12 2
147 472
1 15 2
12 294
1 4 2
94 435
1 4 2
224 430
1 5 2
55 140
1 7 2
56 85
1 13 2
355 493
1 13 2
237 373
1 12 2
46 47
1 12 2
171 180
1 14 2
295 356
1 15 2
377 386
1 6 2
51 340
1 11 2
67 309
1 11 2
187 323
1 11 2
151 442
1 11 2
15 224
1 3 2
54 115
1 3 2
36 386
1 8 2
465 481
1 7 2
136 150
1 14 2
491 495
1 3 2
152 387
1 8 2
20 416
1 7 2
95 435
1 9 2
149 344
1 3 2
140 354
1 11 2
262 472
1 15 2
136 250
1 3 2
192 396
1 8 2
127 229
1 6 2
60 246
1 7 2
447 487
1 2 2
51 206
1 7 2
129 332
1 2 2
295 298
1 11 2
67 85
1 6 2
336 409
1 4 2
148 164
1 4 2
35 306
1 10 2
88 445
1 3 2
405 408
1 3 2
225 239
1 3 2
166 235
1 13 2
116 333
1 2 2
19 61
1 13 2
9 80
1 5 2
36 119
1 2 2
28 347
1 5 2
293 497
1 6 2
2 468
1 14 2
54 438
1 12 2
105 199
1 11 2
73 224
1 7 2
168 250
1 9 2
49 337
1 5 2
175 298
1 11 2
336 391
1 4 2
241 316
1 6 2
103 394
1 8 2
209 433
1 15 2
255 353
1 15 2
181 215
1 7 2
78 182
1 10 2
221 443
1 4 2
269 418
1 11 2
334 477
1 11 2
202 465
1 5 2
110 345
1 3 2
310 499
1 13 2
384 428
1 9 2
58 65
1 11 2
140 497
1 7 2
125 188
1 10 2
100 483
1 11 2
120 396
1 7 2
267 344
1 6 2
185 344
1 3 2
166 313
1 12 2
276 289
1 3 2
304 423
1 4 2
103 317
1 15 2
31 350
1 3 2
217 382
1 10 2
176 479
1 11 2
368 411
1 11 2
395 468
1 13 2
103 265
1 2 2
250 278
1 6 2
17 67
1 10 2
132 422
1 10 2
265 423
1 5 2
425 457
1 4 2
19 101
1 5 2
106 145
1 11 2
352 479
1 9 2
202 421
1 6 2
126 495
1 4 2
21 325
1 12 2
131 308
1 7 2
178 381
1 13 2
7 48
1 11 2
176 489
1 12 2
105 135
1 14 2
71 230
1 6 2
26 325
1 6 2
374 492
1 9 2
401 420
1 9 2
86 91
1 13 2
173 372
1 8 2
97 230
1 10 2
94 450
1 7 2
154 498
1 9 2
242 343
1 10 2
59 335
1 9 2
96 159
1 15 2
424 465
1 11 2
320 470
1 10 2
83 240
1 10 2
227 407
1 12 2
272 369
1 14 2
247 497
1 13 2
102 218
1 15 2
275 342
1 13 2
56 220
1 14 2
392 433
1 13 2
81 268
1 3 2
359 447
1 11 2
22 117
1 2 2
23 102
1 14 2
336 467
1 9 2
181 469
1 14 2
154 450
1 12 2
40 429
1 15 2
68 358
1 4 2
168 472
1 12 2
178 433
1 7 2
31 154
1 2 2
39 492
1 14 2
18 414
1 11 2
164 228
1 8 2
278 400
1 10 2
321 421
1 12 2
10 417
1 9 2
206 272
1 12 2
113 441
1 4 2
21 54
1 8 2
259 282
1 11 2
400 489
1 3 2
41 195
1 10 2
201 320
1 8 2
54 81
1 7 2
211 451
1 10 2
436 497
1 7 2
72 87
1 2 2
60 281
1 14 2
41 339
1 15 2
219 227
1 9 2
159 391
1 9 2
47 479
1 11 2
298 475
1 2 2
98 228
1 5 2
133 145
1 10 2
193 481
1 13 2
157 177
1 11 2
18 209
1 12 2
318 402
1 10 2
201 256
1 3 2
112 403
1 11 2
91 124
1 12 2
23 456
1 8 2
93 442
1 11 2
134 478
1 5 2
329 466
1 4 2
298 360
1 6 2
103 449
1 5 2
125 200
1 5 2
304 400
1 4 2
131 428
1 3 2
244 352
1 9 2
227 344
1 3 2
23 149
1 7 2
260 343
1 4 2
312 371
1 14 2
108 425
1 5 2
151 418
1 14 2
35 173
1 15 2
319 327
1 9 2
401 443
1 12 2
160 228
1 3 2
312 494
1 12 2
130 357
1 14 2
27 272
1 10 2
228 452
1 12 2
306 446
1 10 2
290 296
1 5 2
23 469
1 11 2
137 390
1 9 2
383 495
1 14 2
6 94
1 2 2
162 259
1 7 2
8 488
1 9 2
101 404
1 9 2
43 335
1 13 2
111 346
1 15 2
259 304
1 14 2
89 152
1 6 2
176 427
1 7 2
399 497
1 15 2
336 378
1 3 2
457 488
1 13 2
121 424
1 2 2
181 324
1 2 2
124 199
1 14 2
180 431
1 12 2
383 413
1 5 2
3 474
1 6 2
156 413
1 11 2
249 433
1 12 2
85 254
1 6 2
33 465
1 3 2
422 491
1 15 2
113 451
1 9 2
76 93
1 12 2
21 481
1 8 2
22 250
1 3 2
181 487
1 2 2
94 169
1 7 2
391 427
1 15 2
163 288
1 15 2
220 364
1 12 2
326 352
1 10 2
100 126
1 12 2
199 269
1 3 2
74 417
1 13 2
247 447
1 14 2
19 76
1 2 2
141 298
1 13 2
173 191
1 7 2
4 182
1 8 2
57 132
1 9 2
21 203
1 12 2
15 329
1 8 2
74 458
1 7 2
220 321
1 9 2
81 429
1 15 2
3 327
1 2 2
189 421
1 14 2
36 225
1 4 2
113 356
1 14 2
303 308
1 10 2
3 370
1 3 2
2 432
1 8 2
435 492
1 6 2
297 365
1 2 2
0 90
1 7 2
65 450
1 7 2
38 304
1 8 2
173 186
1 9 2
4 266
1 8 2
353 466
1 15 2
234 498
1 2 2
355 491
1 10 2
0 35
1 15 2
87 477
1 12 2
157 247
1 7 2
435 441
1 7 2
205 241
1 6 2
47 486
1 5 2
412 432
1 9 2
351 422
1 12 2
283 318
1 8 2
355 460
1 6 2
210 256
1 5 2
56 301
1 5 2
168 421
1 8 2
24 164
1 13 2
198 373
1 4 2
119 190
1 7 2
87 279
1 13 2
328 411
1 13 2
68 139
1 8 2
9 23
1 2 2
214 319
1 5 2
359 463
1 4 2
28 243
1 11 2
91 168
1 10 2
170 265
1 11 2
158 426
1 7 2
28 112
1 5 2
255 400
1 13 2
292 339
1 10 2
189 384
1 9 2
54 194
1 8 2
85 109
1 11 2
55 467
1 10 2
119 178
1 9 2
10 285
1 9 2
124 181
1 10 2
112 406
1 13 2
142 250
1 8 2
427 497
1 7 2
152 247
1 14 2
115 388
1 13 2
96 207
1 5 2
11 102
1 6 2
81 279
1 5 2
162 464
1 15 2
224 261
1 2 2
188 477
1 4 2
265 383
1 10 2
138 270
1 3 2
73 405
1 7 2
50 224
1 5 2
214 330
1 8 2
8 469
1 4 2
35 70
1 7 2
171 438
1 6 2
103 137
1 13 2
27 316
1 13 2
31 489
1 4 2
212 409
1 9 2
208 341
1 15 2
101 161
1 2 2
18 160
1 4 2
362 439
1 8 2
158 388
1 8 2
111 431
1 10 2
190 462
1 7 2
1 482
1 8 2
9 37
1 7 2
71 388
1 12 2
56 488
1 15 2
103 435
1 2 2
33 284
1 13 2
2 361
1 15 2
185 231
1 9 2
65 362
1 9 2
167 176
1 10 2
1 28
1 3 2
111 404
1 6 2
138 422
1 4 2
77 240
1 10 2
43 176
1 9 2
266 461
1 8 2
9 334
1 2 2
322 393
1 6 2
90 155
1 7 2
57 270
1 13 2
79 397
1 11 2
265 270
1 7 2
251 340
1 4 2
275 392
1 10 2
246 387
1 14 2
386 432
1 3 2
364 401
1 10 2
66 328
1 9 2
287 436
1 8 2
96 495
1 10 2
86 204
1 5 2
220 466
1 11 2
168 279
1 15 2
27 356
1 11 2
351 411
1 10 2
24 160
1 11 2
91 123
1 11 2
149 221
1 2 2
233 354
1 5 2
84 471
1 11 2
6 386
1 3 2
161 432
1 6 2
352 358
1 2 2
1 316
1 2 2
305 349
1 9 2
199 321
1 8 2
180 287
1 7 2
168 188
1 15 2
3 314
1 5 2
66 126
1 9 2
62 308
1 8 2
70 170
1 13 2
135 333
1 12 2
178 492
1 5 2
6 345
1 11 2
238 277
1 6 2
252 356
1 7 2
73 413
1 9 2
170 464
1 15 2
422 466
1 7 2
125 126
1 11 2
170 366
1 11 2
165 359
1 12 2
330 427
1 11 2
104 440
1 15 2
47 232
1 15 2
117 488
1 14 2
141 349
1 9 2
146 186
1 9 2
275 484
1 13 2
49 253
1 8 2
14 168
1 11 2
315 427
1 11 2
7 312
1 7 2
313 461
1 6 2
136 160
1 4 2
160 285
1 3 2
95 422
1 5 2
390 391
1 2 2
56 60
1 13 2
195 196
1 15 2
269 313
1 3 2
283 291
1 6 2
432 455
1 15 2
330 343
1 5 2
150 440
1 14 2
81 140
1 4 2
209 341
1 15 2
165 438
1 6 2
45 255
1 14 2
123 155
1 2 2
96 186
1 7 2
62 166
1 14 2
232 386
1 11 2
79 428
1 11 2
305 465
1 8 2
188 194
1 11 2
184 234
1 4 2
219 443
1 7 2
64 116
1 11 2
237 395
1 4 2
416 499
1 12 2
371 486
1 11 2
69 234
1 3 2
59 235
1 5 2
121 241
1 9 2
47 167
1 13 2
44 57
1 14 2
176 473
1 9 2
163 347
1 8 2
21 486
1 11 2
82 110
1 13 2
329 443
1 14 2
68 428
1 8 2
139 453
1 13 2
4 27
1 12 2
43 96
1 6 2
144 364
1 14 2
49 370
1 4 2
163 165
1 12 2
433 435
1 6 2
267 326
1 10 2
80 462
1 6 2
236 331
1 9 2
25 325
1 12 2
15 223
1 7 2
130 465
1 6 2
352 392
1 15 2
140 369
1 13 2
1 49
1 10 2
74 348
1 10 2
41 169
1 11 2
199 446
1 9 2
190 410
1 9 2
130 154
1 15 2
219 273
1 3 2
172 333
1 6 2
52 432
1 6 2
132 208
1 14 2
335 456
1 13 2
102 194
1 15 2
44 238
1 8 2
212 382
1 12 2
338 461
1 4 2
99 131
1 6 2
10 320
1 14 2
200 355
1 13 2
206 232
1 3 2
241 436
1 2 2
260 415
1 8 2
108 374
1 4 2
109 362
1 6 2
87 298
1 13 2
128 153
1 12 2
150 350
1 9 2
144 366
1 4 2
260 375
1 6 2
317 495
1 13 2
96 387
1 7 2
255 338
1 13 2
159 395
1 11 2
186 428
1 5 2
335 390
1 15 2
156 311
1 13 2
275 338
1 3 2
204 364
1 8 2
57 221
1 7 2
23 341
1 10 2
102 174
1 6 2
19 23
1 13 2
14 95
1 13 2
219 240
1 2 2
9 491
1 14 2
175 341
1 13 2
338 349
1 8 2
27 400
1 10 2
52 358
1 11 2
237 328
1 10 2
301 393
1 12 2
134 432
1 15 2
66 335
1 13 2
61 72
1 14 2
11 27
1 11 2
295 455
1 3 2
86 104
1 14 2
330 335
1 5 2
75 427
1 3 2
225 372
1 14 2
308 479
1 12 2
2 336
1 4 2
170 258
1 8 2
43 450
1 14 2
170 385
1 15 2
85 342
1 4 2
151 366
1 3 2
215 308
1 7 2
53 182
1 6 2
446 460
1 15 2
102 364
1 11 2
207 459
1 4 2
185 391
1 12 2
243 249
1 15 2
100 183
1 11 2
40 160
1 14 2
278 386
1 10 2
292 301
1 12 2
174 420
1 6 2
37 299
1 13 2
408 445
1 2 2
471 480
1 4 2
352 438
1 3 2
80 300
1 10 2
72 368
1 9 2
178 354
1 15 2
42 61
1 4 2
391 431
1 8 2
223 266
1 12 2
186 486
1 13 2
70 464
1 7 2
9 283
1 3 2
177 337
1 4 2
29 253
1 6 2
5 223
1 11 2
201 486
1 6 2
23 92
1 5 2
196 359
1 13 2
461 478
1 10 2
58 224
1 7 2
206 499
1 7 2
213 363
1 8 2
12 287
1 5 2
10 364
1 2 2
31 59
1 15 2
20 29
1 14 2
319 457
1 4 2
102 172
1 6 2
167 303
1 11 2
206 286
1 4 2
222 337
1 10 2
88 434
1 11 2
118 404
1 15 2
409 471
1 14 2
92 340
1 7 2
97 211
1 10 2
263 376
1 5 2
162 210
1 5 2
257 439
1 10 2
235 411
1 10 2
176 382
1 4 2
44 55
1 2 2
99 264
1 12 2
369 420
1 7 2
68 389
1 11 2
412 495
1 6 2
144 340
1 7 2
200 239
1 2 2
106 139
1 15 2
13 413
1 9 2
327 481
1 11 2
264 418
1 13 2
17 98
1 8 2
25 394
1 14 2
327 399
1 4 2
250 421
1 13 2
2 339
1 10 2
312 413
1 9 2
45 175
1 11 2
26 386
1 6 2
65 457
1 6 2
205 488
1 4 2
71 492
1 11 2
217 498
1 8 2
28 47
1 8 2
156 327
1 9 2
240 261
1 9 2
248 269
1 13 2
162 297
1 13 2
33 417
1 7 2
119 133
1 15 2
339 427
1 8 2
87 297
1 11 2
267 454
1 12 2
143 314
1 10 2
82 494
1 12 2
134 233
1 11 2
338 471
1 5 2
310 359
1 4 2
247 493
1 8 2
343 472
1 4 2
201 480
1 13 2
338 437
1 13 2
325 401
1 8 2
138 363
1 7 2
358 392
1 7 2
16 123
1 11 2
366 392
1 4 2
193 390
1 14 2
126 282
1 13 2
399 442
1 15 2
199 497
1 5 2
348 446
1 10 2
131 412
1 14 2
137 250
1 3 2
187 216
1 4 2
263 476
1 9 2
194 258
1 2 2
365 452
1 11 2
52 296
1 7 2
61 270
1 7 2
30 365
1 15 2
193 344
1 15 2
105 309
1 2 2
360 364
1 13 2
302 496
1 4 2
376 409
1 10 2
64 139
1 7 2
28 410
1 2 2
53 158
1 15 2
1 8
1 12 2
172 269
1 5 2
154 371
1 2 2
199 267
1 11 2
229 425
1 6 2
69 457
1 8 2
187 215
1 14 2
0 476
1 15 2
14 53
1 10 2
140 498
1 13 2
334 399
1 5 2
301 372
1 3 2
99 494
1 10 2
145 285
1 13 2
355 486
1 7 2
100 214
1 2 2
120 238
1 2 2
182 217
1 12 2
226 487
1 6 2
92 300
1 8 2
89 255
1 4 2
343 387
1 3 2
77 101
1 6 2
276 464
1 11 2
45 281
1 2 2
326 443
1 7 2
165 321
1 9 2
215 225
1 4 2
161 273
1 2 2
131 477
1 7 2
235 367
1 3 2
10 174
1 9 2
423 466
1 11 2
50 75
1 3 2
213 266
1 11 2
70 411
1 12 2
26 352
1 4 2
193 353
1 8 2
267 392
1 12 2
72 160
1 10 2
122 125
1 2 2
449 464
1 6 2
253 354
1 3 2
348 457
1 13 2
108 176
1 5 2
269 318
1 5 2
193 478
1 11 2
226 330
1 6 2
271 298
1 6 2
36 63
1 3 2
457 476
1 3 2
122 310
1 12 2
260 447
1 8 2
174 236
1 7 2
81 255
1 9 2
317 391
1 15 2
295 333
1 7 2
113 384
1 4 2
81 440
1 10 2
92 315
1 14 2
123 364
1 2 2
253 422
1 4 2
9 90
1 8 2
242 433
1 14 2
22 375
1 7 2
73 454
1 2 2
31 425
1 10 2
199 460
1 7 2
6 316
1 6 2
3 21
1 4 2
159 390
1 14 2
275 452
1 8 2
381 398
1 2 2
160 355
1 11 2
21 66
1 8 2
16 401
1 10 2
200 457
1 2 2
49 426
1 5 2
368 446
1 10 2
170 404
1 4 2
142 346
1 10 2
78 269
1 15 2
96 152
1 9 2
161 331
1 10 2
313 491
1 7 2
318 344
1 10 2
66 74
1 9 2
428 468
1 11 2
133 396
1 3 2
307 367
1 6 2
42 125
1 3 2
124 227
1 10 2
275 472
1 13 2
101 127
1 15 2
84 122
1 13 2
201 313
1 13 2
248 465
1 12 2
64 222
1 14 2
40 79
1 2 2
211 388
1 14 2
137 495
1 4 2
83 167
1 15 2
185 281
1 7 2
210 219
1 10 2
86 142
1 15 2
164 199
1 15 2
252 434
1 13 2
225 355
1 9 2
6 437
1 6 2
154 343
1 10 2
93 284
1 10 2
113 279
1 4 2
431 462
1 11 2
41 443
1 7 2
43 145
1 14 2
221 246
1 12 2
83 236
1 14 2
362 462
1 2 2
287 449
1 7 2
93 433
1 4 2
238 276
1 8 2
142 281
1 13 2
168 418
1 4 2
14 249
1 14 2
24 283
1 11 2
87 184
1 8 2
78 346
1 5 2
212 322
1 13 2
75 316
1 10 2
111 486
1 13 2
157 376
1 13 2
88 250
1 5 2
59 314
1 14 2
46 234
1 7 2
116 322
1 15 2
210 462
1 7 2
433 493
1 4 2
289 441
1 6 2
8 451
1 4 2
299 394
1 11 2
30 58
1 12 2
246 356
1 7 2
122 287
1 13 2
17 333
1 7 2
183 283
1 8 2
36 441
1 15 2
130 481
1 14 2
24 259
1 13 2
296 323
1 7 2
85 220
1 7 2
108 401
1 15 2
1 409
1 4 2
198 414
1 5 2
29 372
1 12 2
263 372
1 12 2
135 314
1 7 2
340 354
1 8 2
301 481
1 6 2
136 228
1 14 2
95 150
1 5 2
110 491
1 13 2
70 470
1 5 2
422 423
