500 3000 1500
16 14 20 25 11 9 10 14 11 25 19 6 19 18 21 21 22 14 17 8 7 6 19 13 24 15 17 21 12 17 22 12 16 9 21 19 20 15 9 24 21 16 22 14 14 12 20 10 7 25 19 15 21 23 17 8 18 15 25 9 8 6 11 22 18 16 16 15 12 7 14 11 5 21 23 6 24 13 10 16 20 25 21 10 10 16 19 20 21 25 14 22 23 12 12 12 20 11 20 6 18 5 7 18 25 11 17 20 18 17 13 14 16 12 5 7 8 15 16 22 12 12 17 11 14 20 20 23 5 22 6 11 24 18 17 9 24 20 15 6 22 19 22 10 12 22 11 8 16 5 25 19 10 23 24 19 14 7 22 22 11 7 13 10 11 16 10 13 7 12 18 22 17 15 12 5 11 14 21 12 11 9 21 16 19 23 10 10 17 6 9 6 16 20 24 5 8 16 11 25 14 11 23 15 19 15 13 22 23 25 24 11 11 5 15 13 9 8 11 8 13 18 22 8 18 13 11 19 5 20 22 13 14 8 9 19 13 5 24 25 22 10 16 15 16 14 13 5 14 10 15 12 15 14 25 14 9 17 10 9 24 17 20 11 17 23 9 14 13 15 17 19 5 19 6 14 19 19 17 16 12 23 25 15 12 13 24 22 24 16 7 10 8 23 20 10 21 21 6 25 8 22 17 24 11 22 12 6 15 21 18 12 19 25 5 8 13 7 11 11 16 5 9 21 22 18 22 15 12 19 7 23 8 10 24 14 14 12 6 8 22 23 19 25 12 9 24 16 19 11 8 22 10 19 21 23 25 11 12 21 16 21 18 11 11 24 24 5 15 6 5 25 17 5 16 20 22 10 23 5 24 6 14 13 20 16 5 11 9 21 11 8 21 25 15 19 17 18 7 15 22 16 19 14 13 25 20 6 21 19 14 23 15 16 15 21 9 13 11 21 6 22 19 9 15 18 9 17 8 14 22 18 11 21 17 6 19 19 20 23 14 7 17 9 18 9 5 17 14 15 18 14 18 21 21 6 16 25 21 20 19 8 20 6 19 6 22 25 19 8 22 5 7 24 6 20 15 15 20 7 16 16 15 9 17 21 17 8 18 24 18 15 24 13 20 19 19 18 15 21
6 12 10 6 7 10 5 13 6 4 13 11 12 10 9 4 15 6 19 8 16 6 15 17 7 19 4 20 20 8 14 5 11 4 3 14 3 12 11 8 17 5 13 3 8 18 11 15 9 18 20 15 4 6 14 7 14 7 7 3 7 20 3 3 5 19 17 8 8 14 4 9 8 18 17 8 15 16 18 8 8 5 11 8 14 15 4 10 17 10 5 18 18 6 19 17 17 8 3 13 5 15 14 7 20 8 14 12 6 20 11 18 6 12 12 13 17 17 16 6 19 18 5 19 15 12 16 6 11 20 18 7 4 13 12 15 20 20 17 17 7 6 9 4 18 18 16 7 20 14 17 15 11 15 10 17 18 17 7 17 17 10 16 5 19 16 7 18 15 14 12 8 8 11 3 17 13 6 20 20 16 6 18 14 7 8 3 16 18 6 20 20 11 5 19 3 5 10 20 9 18 7 4 5 4 11 10 16 20 16 20 4 18 11 11 10 17 8 5 17 20 9 5 10 4 5 10 10 12 14 11 16 8 14 12 6 9 7 9 16 7 9 4 12 6 20 6 6 15 10 16 11 12 17 3 3 6 18 12 11 19 4 14 15 12 7 13 15 4 7 4 4 18 17 5 15 11 11 5 19 20 15 4 15 8 5 14 5 8 20 6 4 11 16 9 6 20 9 15 9 16 16 14 17 9 15 12 20 10 16 12 3 19 11 15 7 11 10 16 14 19 10 20 3 18 6 19 3 20 20 15 6 8 9 18 16 11 12 11 8 7 17 18 14 14 17 12 4 12 8 7 18 6 14 17 9 10 16 11 5 12 11 19 4 3 10 6 6 13 7 8 9 11 17 12 18 15 5 9 12 3 17 12 20 13 9 11 17 18 15 3 14 15 15 6 20 11 18 7 6 14 7 20 15 20 16 5 10 5 9 17 11 18 16 9 6 14 5 17 7 14 9 18 12 9 6 19 18 16 17 9 15 6 14 10 18 11 12 9 5 9 16 19 3 17 6 18 9 3 16 18 12 14 8 19 8 6 5 9 14 11 10 5 20 16 20 10 5 20 15 8 11 6 10 14 15 12 16 9 19 15 20 4 11 11 11 7 8 6 18 13 17 19 12 16 5 9 12 11 14
1 7 2
89 318
1 7 2
27 270
1 14 2
370 399
1 14 2
454 456
1 7 2
178 315
1 3 2
123 320
1 9 2
153 383
1 8 2
103 287
1 14 2
409 451
1 13 2
78 130
1 12 2
40 247
1 5 2
439 481
1 2 2
384 438
1 5 2
227 498
1 6 2
161 407
1 9 2
51 427
1 13 2
77 303
1 14 2
217 481
1 15 2
264 374
1 12 2
162 293
1 10 2
296 384
1 13 2
269 464
1 2 2
81 118
1 10 2
292 443
1 12 2
64 322
1 4 2
22 205
1 3 2
77 407
1 10 2
307 476
1 12 2
16 317
1 12 2
287 349
1 3 2
184 389
1 4 2
344 348
1 10 2
112 144
1 13 2
279 337
1 10 2
91 310
1 5 2
260 344
1 13 2
204 223
1 11 2
246 260
1 5 2
173 314
1 15 2
102 422
1 7 2
324 432
1 15 2
248 383
1 11 2
107 272
1 9 2
139 292
1 11 2
1 68
1 8 2
227 452
1 2 2
238 487
1 5 2
29 493
1 3 2
57 382
1 5 2
60 463
1 12 2
130 334
1 9 2
146 446
1 8 2
3 11
1 9 2
226 302
1 7 2
306 478
1 10 2
15 269
1 14 2
43 329
1 13 2
400 455
1 6 2
205 246
1 6 2
41 212
1 14 2
245 357
1 7 2
81 303
1 13 2
5 374
1 9 2
420 476
1 14 2
292 435
1 9 2
10 495
1 6 2
49 69
1 10 2
180 219
1 2 2
327 420
1 10 2
30 73
1 14 2
68 75
1 5 2
249 457
1 9 2
236 312
1 11 2
32 351
1 4 2
335 497
1 5 2
91 234
1 5 2
31 265
1 9 2
94 308
1 14 2
205 420
1 8 2
113 313
1 5 2
106 422
1 6 2
198 305
1 10 2
195 358
1 2 2
0 160
1 14 2
156 180
1 10 2
203 242
1 6 2
104 333
1 5 2
3 399
1 6 2
30 493
1 14 2
146 286
1 12 2
153 223
1 5 2
215 432
1 10 2
176 376
1 13 2
73 248
1 9 2
329 331
1 14 2
241 331
1 3 2
46 306
1 12 2
104 244
1 14 2
391 463
1 3 2
19 432
1 5 2
7 308
1 2 2
288 471
1 6 2
109 490
1 8 2
85 479
1 4 2
163 320
1 3 2
46 378
1 5 2
80 130
1 14 2
289 462
1 15 2
165 245
1 8 2
71 387
1 6 2
318 349
1 2 2
18 257
1 9 2
96 432
1 2 2
167 322
1 15 2
33 108
1 10 2
251 276
1 7 2
16 438
1 4 2
224 260
1 5 2
382 411
1 4 2
14 333
1 11 2
104 114
1 15 2
28 41
1 15 2
392 448
1 14 2
8 220
1 9 2
283 371
1 7 2
60 326
1 5 2
156 220
1 6 2
273 442
1 3 2
293 422
1 13 2
88 302
1 15 2
256 326
1 14 2
8 37
1 10 2
20 303
1 11 2
325 362
1 6 2
3 121
1 14 2
15 320
1 7 2
48 80
1 4 2
106 287
1 14 2
273 421
1 13 2
301 397
1 13 2
6 213
1 14 2
311 358
1 8 2
116 196
1 15 2
156 479
1 12 2
347 418
1 15 2
53 353
1 6 2
177 494
1 2 2
187 498
1 9 2
92 387
1 9 2
62 269
1 7 2
69 470
1 3 2
4 161
1 7 2
68 245
1 14 2
116 388
1 12 2
65 415
1 4 2
4 390
1 15 2
428 454
1 5 2
173 452
1 11 2
47 158
1 5 2
416 441
1 10 2
166 179
1 10 2
121 410
1 11 2
333 374
1 12 2
44 349
1 10 2
113 225
1 15 2
47 439
1 13 2
62 124
1 10 2
20 270
1 8 2
57 148
1 6 2
361 417
1 12 2
174 414
1 4 2
122 347
1 2 2
47 316
1 10 2
66 448
1 15 2
27 136
1 2 2
207 363
1 11 2
117 268
1 15 2
78 496
1 13 2
61 295
1 15 2
77 213
1 8 2
197 320
1 11 2
106 155
1 9 2
12 208
1 11 2
72 126
1 2 2
8 350
1 11 2
68 228
1 9 2
268 429
1 15 2
77 216
1 6 2
36 399
1 3 2
290 488
1 14 2
220 277
1 7 2
1 420
1 12 2
298 389
1 4 2
67 366
1 5 2
148 380
1 14 2
239 260
1 9 2
269 310
1 14 2
57 457
1 12 2
16 482
1 2 2
242 251
1 14 2
166 478
1 15 2
89 419
1 11 2
119 403
1 11 2
120 434
1 12 2
106 492
1 10 2
129 494
1 5 2
58 463
1 14 2
276 363
1 12 2
170 470
1 6 2
148 264
1 2 2
7 123
1 13 2
441 484
1 11 2
235 430
1 8 2
205 357
1 11 2
226 468
1 12 2
87 448
1 11 2
294 456
1 15 2
15 467
1 11 2
194 253
1 12 2
346 370
1 13 2
219 440
1 8 2
0 27
1 3 2
370 383
1 5 2
135 175
1 11 2
373 455
1 12 2
322 424
1 14 2
112 423
1 2 2
156 498
1 11 2
201 288
1 10 2
131 266
1 10 2
35 161
1 9 2
293 305
1 8 2
47 75
1 13 2
208 328
1 13 2
406 476
1 5 2
16 355
1 14 2
39 345
1 4 2
218 379
1 9 2
345 400
1 8 2
26 277
1 8 2
55 481
1 7 2
456 492
1 4 2
286 403
1 4 2
94 143
1 8 2
289 333
1 6 2
100 114
1 11 2
300 382
1 6 2
264 487
1 8 2
277 297
1 9 2
399 407
1 3 2
378 455
1 4 2
362 469
1 11 2
177 289
1 2 2
86 197
1 14 2
114 311
1 7 2
33 280
1 15 2
300 388
1 13 2
140 459
1 8 2
83 388
1 2 2
53 332
1 3 2
201 464
1 12 2
164 219
1 13 2
360 423
1 14 2
116 226
1 6 2
33 252
1 8 2
72 299
1 12 2
68 100
1 7 2
357 399
1 13 2
34 270
1 2 2
248 487
1 9 2
11 394
1 3 2
171 332
1 2 2
65 298
1 11 2
23 276
1 4 2
284 400
1 5 2
90 476
1 7 2
92 441
1 3 2
235 491
1 9 2
100 287
1 7 2
177 291
1 13 2
314 332
1 10 2
137 228
1 8 2
158 409
1 7 2
94 417
1 13 2
363 411
1 4 2
37 253
1 9 2
223 452
1 3 2
214 474
1 5 2
36 467
1 6 2
48 87
1 5 2
66 445
1 2 2
104 107
1 13 2
60 198
1 9 2
92 191
1 4 2
36 158
1 15 2
86 232
1 8 2
134 174
1 3 2
430 468
1 14 2
24 27
1 6 2
11 280
1 12 2
300 390
1 4 2
215 496
1 15 2
119 348
1 15 2
423 450
1 7 2
350 485
1 9 2
169 247
1 7 2
169 234
1 5 2
11 353
1 11 2
133 327
1 5 2
32 88
1 6 2
19 264
1 8 2
206 238
1 10 2
248 423
1 9 2
462 488
1 7 2
131 221
1 5 2
99 168
1 13 2
75 313
1 7 2
123 241
1 4 2
186 440
1 3 2
80 300
1 12 2
15 418
1 12 2
393 401
1 13 2
309 392
1 4 2
88 360
1 3 2
26 79
1 11 2
200 362
1 14 2
97 407
1 10 2
445 480
1 3 2
22 231
1 11 2
64 106
1 3 2
157 396
1 14 2
277 319
1 10 2
354 478
1 15 2
383 421
1 5 2
182 209
1 9 2
153 480
1 15 2
72 283
1 10 2
166 330
1 4 2
48 153
1 12 2
43 91
1 3 2
362 486
1 4 2
347 443
1 5 2
413 419
1 4 2
195 252
1 9 2
7 129
1 2 2
79 118
1 5 2
176 319
1 8 2
54 292
1 11 2
345 479
1 8 2
151 163
1 4 2
57 393
1 14 2
160 349
1 6 2
172 381
1 15 2
20 235
1 2 2
2 296
1 9 2
295 378
1 4 2
12 395
1 9 2
42 68
1 4 2
188 221
1 13 2
305 410
1 10 2
228 481
1 8 2
115 448
1 2 2
387 470
1 13 2
29 135
1 13 2
51 452
1 13 2
40 469
1 10 2
372 415
1 15 2
65 493
1 4 2
109 157
1 6 2
102 281
1 15 2
384 420
1 8 2
153 486
1 12 2
87 338
1 2 2
122 396
1 5 2
417 479
1 9 2
24 229
1 11 2
40 363
1 14 2
340 342
1 14 2
151 354
1 13 2
257 330
1 6 2
80 185
1 12 2
17 377
1 5 2
402 498
1 9 2
48 300
1 8 2
247 390
1 4 2
45 468
1 14 2
187 290
1 9 2
324 356
1 8 2
150 326
1 7 2
92 460
1 2 2
51 179
1 8 2
488 495
1 7 2
14 432
1 9 2
345 471
1 6 2
13 351
1 5 2
385 496
1 6 2
81 221
1 8 2
127 173
1 2 2
204 275
1 7 2
298 462
1 8 2
127 308
1 12 2
24 103
1 3 2
28 456
1 3 2
242 463
1 3 2
66 487
1 2 2
33 408
1 12 2
41 46
1 12 2
86 492
1 9 2
246 347
1 3 2
231 466
1 4 2
285 299
1 8 2
75 85
1 4 2
42 318
1 15 2
95 268
1 2 2
46 82
1 14 2
26 87
1 8 2
38 206
1 8 2
138 164
1 7 2
146 365
1 4 2
83 325
1 4 2
356 401
1 9 2
46 166
1 10 2
26 219
1 8 2
250 352
1 9 2
194 450
1 10 2
81 441
1 5 2
0 89
1 3 2
443 454
1 3 2
6 296
1 2 2
258 462
1 14 2
125 487
1 4 2
114 359
1 14 2
174 282
1 13 2
161 403
1 7 2
140 354
1 15 2
36 217
1 12 2
66 265
1 14 2
232 300
1 4 2
119 131
1 9 2
82 257
1 10 2
4 288
1 9 2
125 364
1 14 2
65 146
1 15 2
344 409
1 6 2
279 444
1 15 2
347 419
1 8 2
312 343
1 5 2
110 365
1 15 2
164 447
1 9 2
425 440
1 4 2
93 442
1 9 2
240 471
1 10 2
426 441
1 11 2
150 395
1 15 2
218 279
1 3 2
153 368
1 2 2
150 312
1 8 2
420 456
1 5 2
60 325
1 2 2
306 456
1 5 2
254 310
1 11 2
42 211
1 12 2
203 237
1 3 2
42 75
1 2 2
86 142
1 9 2
202 433
1 11 2
113 179
1 10 2
251 416
1 6 2
118 389
1 14 2
147 230
1 3 2
318 455
1 5 2
5 370
1 14 2
385 403
1 13 2
292 307
1 12 2
275 402
1 2 2
214 477
1 8 2
202 269
1 10 2
16 299
1 7 2
39 371
1 7 2
385 458
1 15 2
51 324
1 7 2
55 196
1 8 2
172 296
1 11 2
425 466
1 15 2
46 311
1 13 2
114 478
1 14 2
6 185
1 2 2
145 243
1 15 2
115 452
1 14 2
40 383
1 4 2
146 250
1 4 2
117 206
1 9 2
268 441
1 3 2
183 222
1 13 2
157 289
1 15 2
450 459
1 12 2
281 477
1 4 2
238 441
1 2 2
167 305
1 14 2
24 207
1 14 2
76 488
1 10 2
369 463
1 5 2
286 406
1 10 2
174 430
1 10 2
66 401
1 15 2
104 195
1 10 2
253 337
1 9 2
179 487
1 7 2
104 211
1 9 2
283 315
1 2 2
2 294
1 9 2
115 344
1 14 2
80 404
1 9 2
237 339
1 14 2
31 233
1 5 2
219 474
1 5 2
141 178
1 5 2
130 361
1 10 2
164 180
1 14 2
91 322
1 9 2
53 384
1 4 2
8 292
1 15 2
246 336
1 5 2
456 495
1 12 2
278 496
1 12 2
113 247
1 7 2
285 334
1 8 2
390 398
1 3 2
106 309
1 15 2
92 151
1 2 2
125 457
1 8 2
128 211
1 13 2
443 469
1 4 2
323 447
1 3 2
196 257
1 12 2
51 271
1 12 2
16 171
1 13 2
71 135
1 6 2
381 438
1 8 2
25 108
1 13 2
72 333
1 10 2
58 268
1 5 2
280 451
1 6 2
39 137
1 11 2
187 294
1 4 2
370 462
1 9 2
27 166
1 13 2
313 368
1 5 2
288 305
1 2 2
310 364
1 10 2
278 436
1 10 2
266 495
1 3 2
70 127
1 2 2
27 363
1 11 2
168 409
1 5 2
79 385
1 15 2
87 439
1 2 2
19 419
1 15 2
142 341
1 7 2
272 372
1 2 2
38 127
1 12 2
3 106
1 9 2
273 483
1 13 2
147 248
1 13 2
63 131
1 4 2
409 480
1 2 2
147 453
1 14 2
392 495
1 10 2
36 279
1 5 2
334 335
1 14 2
114 183
1 8 2
238 466
1 7 2
233 298
1 6 2
90 364
1 15 2
57 219
1 8 2
28 369
1 6 2
304 416
1 10 2
144 379
1 2 2
111 287
1 10 2
229 299
1 10 2
114 290
1 9 2
403 485
1 6 2
215 413
1 2 2
246 296
1 15 2
318 417
1 2 2
3 199
1 13 2
46 225
1 9 2
429 463
1 14 2
176 205
1 10 2
266 462
1 11 2
28 261
1 5 2
22 189
1 5 2
82 209
1 13 2
401 411
1 14 2
12 151
1 11 2
317 371
1 13 2
38 349
1 3 2
121 184
1 11 2
124 135
1 13 2
191 433
1 8 2
26 374
1 14 2
12 57
1 15 2
7 52
1 8 2
76 444
1 10 2
217 364
1 9 2
151 319
1 9 2
107 477
1 9 2
213 298
1 6 2
187 446
1 5 2
178 333
1 10 2
43 85
1 6 2
72 375
1 5 2
33 398
1 14 2
241 318
1 4 2
434 481
1 3 2
61 164
1 11 2
77 337
1 4 2
153 156
1 3 2
42 405
1 6 2
295 311
1 13 2
139 200
1 4 2
61 104
1 15 2
101 324
1 6 2
285 291
1 14 2
425 489
1 5 2
340 350
1 9 2
262 282
1 4 2
141 446
1 2 2
27 452
1 8 2
18 414
1 8 2
194 266
1 6 2
433 434
1 11 2
262 296
1 4 2
290 495
1 8 2
11 66
1 13 2
288 470
1 13 2
191 242
1 11 2
275 374
1 14 2
70 365
1 6 2
156 327
1 10 2
348 362
1 9 2
133 399
1 10 2
162 270
1 9 2
413 415
1 2 2
147 417
1 5 2
15 379
1 9 2
90 249
1 10 2
197 371
1 9 2
162 281
1 9 2
268 384
1 2 2
123 481
1 4 2
57 220
1 4 2
155 429
1 11 2
154 367
1 5 2
454 469
1 2 2
176 344
1 8 2
291 455
1 3 2
10 180
1 4 2
171 187
1 9 2
2 243
1 5 2
46 354
1 2 2
172 373
1 3 2
24 222
1 5 2
296 334
1 11 2
350 489
1 9 2
108 221
1 11 2
128 275
1 11 2
47 86
1 6 2
231 488
1 7 2
358 497
1 9 2
26 160
1 6 2
399 440
1 12 2
263 316
1 8 2
170 455
1 14 2
177 327
1 13 2
95 404
1 15 2
352 360
1 7 2
305 323
1 7 2
117 490
1 15 2
84 406
1 9 2
190 306
1 15 2
23 400
1 10 2
11 99
1 3 2
457 458
1 2 2
260 374
1 10 2
406 461
1 15 2
256 472
1 3 2
100 495
1 4 2
462 483
1 4 2
8 380
1 9 2
210 295
1 14 2
240 356
1 15 2
21 259
1 7 2
174 401
1 12 2
47 359
1 15 2
122 325
1 8 2
209 385
1 11 2
83 185
1 2 2
9 202
1 12 2
368 449
1 7 2
396 482
1 13 2
49 78
1 14 2
172 409
1 7 2
218 475
1 7 2
282 286
1 10 2
258 484
1 10 2
2 451
1 8 2
65 283
1 2 2
348 448
1 8 2
188 240
1 10 2
184 375
1 2 2
32 226
1 7 2
278 431
1 3 2
99 443
1 6 2
194 383
1 9 2
196 375
1 7 2
5 34
1 10 2
51 70
1 7 2
437 492
1 11 2
91 308
1 5 2
50 87
1 11 2
88 239
1 4 2
416 497
1 5 2
308 347
1 6 2
149 340
1 3 2
273 396
1 12 2
183 269
1 10 2
250 361
1 8 2
254 456
1 13 2
302 465
1 6 2
166 199
1 2 2
325 429
1 6 2
83 411
1 10 2
227 319
1 11 2
205 308
1 2 2
63 297
1 12 2
121 127
1 5 2
29 449
1 15 2
1 208
1 3 2
298 363
1 5 2
118 391
1 3 2
134 176
1 8 2
144 389
1 10 2
18 185
1 11 2
219 408
1 15 2
200 472
1 11 2
380 399
1 6 2
48 115
1 10 2
83 402
1 4 2
168 499
1 12 2
10 49
1 9 2
348 356
1 10 2
10 203
1 3 2
107 237
1 3 2
491 494
1 2 2
312 318
1 9 2
317 492
1 11 2
9 241
1 11 2
403 413
1 5 2
103 268
1 9 2
26 228
1 6 2
330 413
1 4 2
339 422
1 13 2
339 439
1 15 2
54 387
1 8 2
30 459
1 11 2
409 434
1 8 2
6 191
1 13 2
304 459
1 4 2
155 314
1 14 2
218 277
1 12 2
313 347
1 2 2
444 465
1 3 2
280 363
1 2 2
372 470
1 7 2
127 477
1 7 2
143 407
1 4 2
146 427
1 15 2
362 457
1 6 2
4 82
1 6 2
356 442
1 3 2
124 433
1 13 2
156 186
1 6 2
333 418
1 4 2
172 240
1 14 2
123 312
1 5 2
160 289
1 12 2
39 126
1 12 2
237 444
1 11 2
191 237
1 8 2
261 321
1 3 2
276 333
1 5 2
51 236
1 12 2
122 131
1 12 2
95 230
1 6 2
105 341
1 5 2
167 193
1 9 2
210 298
1 11 2
11 269
1 9 2
315 394
1 15 2
150 317
1 3 2
108 460
1 12 2
39 190
1 10 2
332 435
1 14 2
124 267
1 3 2
241 433
1 6 2
86 117
1 10 2
61 72
1 11 2
154 186
1 9 2
350 490
1 2 2
147 478
1 8 2
7 60
1 10 2
272 427
1 3 2
241 491
1 12 2
40 72
1 7 2
114 330
1 12 2
275 348
1 3 2
83 439
1 12 2
62 320
1 9 2
108 191
1 12 2
92 431
1 12 2
70 237
1 13 2
404 461
1 10 2
269 363
1 13 2
224 387
1 14 2
10 311
1 10 2
158 325
1 8 2
91 271
1 2 2
52 405
1 7 2
52 104
1 2 2
203 296
1 8 2
39 282
1 9 2
71 302
1 2 2
109 398
1 5 2
46 240
1 2 2
71 357
1 8 2
228 244
1 3 2
52 169
1 3 2
20 451
1 8 2
418 420
1 14 2
232 304
1 4 2
95 498
1 10 2
34 288
1 6 2
111 382
1 5 2
174 406
1 2 2
70 414
1 15 2
113 465
1 10 2
92 343
1 7 2
12 474
1 7 2
45 302
1 11 2
60 130
1 14 2
106 397
1 5 2
17 442
1 6 2
402 403
1 5 2
37 350
1 12 2
227 292
1 11 2
152 463
1 8 2
44 263
1 8 2
10 353
1 11 2
406 448
1 9 2
173 278
1 4 2
12 472
1 2 2
241 353
1 6 2
119 405
1 15 2
159 473
1 3 2
100 121
1 9 2
184 239
1 15 2
434 453
1 7 2
157 294
1 5 2
164 185
1 5 2
57 232
1 2 2
53 345
1 14 2
99 238
1 2 2
105 123
1 6 2
41 300
1 8 2
408 453
1 15 2
136 233
1 6 2
129 210
1 3 2
23 457
1 13 2
165 419
1 2 2
348 355
1 13 2
111 306
1 12 2
90 487
1 5 2
0 132
1 10 2
42 278
1 9 2
128 481
1 15 2
48 159
1 11 2
249 303
1 13 2
11 290
1 15 2
208 466
1 3 2
39 123
1 2 2
183 220
1 5 2
304 415
1 10 2
207 379
1 6 2
97 179
1 12 2
236 413
1 5 2
155 423
1 14 2
29 235
1 5 2
217 371
1 14 2
139 428
1 12 2
279 472
1 5 2
200 412
1 10 2
243 258
1 5 2
196 243
1 14 2
215 276
1 9 2
93 178
1 4 2
238 476
1 14 2
359 394
1 9 2
256 450
1 4 2
17 473
1 4 2
64 218
1 8 2
115 435
1 3 2
28 103
1 13 2
259 467
1 3 2
117 476
1 5 2
273 437
1 5 2
261 494
1 7 2
10 179
1 13 2
257 285
1 11 2
287 457
1 11 2
90 184
1 14 2
151 393
1 8 2
207 240
1 13 2
103 259
1 8 2
308 480
1 7 2
167 325
1 13 2
246 263
1 13 2
112 118
1 7 2
270 370
1 4 2
27 276
1 10 2
292 425
1 7 2
37 379
1 9 2
80 99
1 4 2
311 399
1 15 2
216 337
1 15 2
36 222
1 5 2
138 170
1 9 2
91 486
1 2 2
66 387
1 9 2
4 188
1 12 2
137 459
1 8 2
57 264
1 11 2
71 180
1 12 2
84 344
1 4 2
16 188
1 4 2
349 432
1 5 2
38 454
1 11 2
11 84
1 5 2
1 335
1 12 2
375 425
1 4 2
209 363
1 10 2
169 410
1 5 2
199 456
1 12 2
201 393
1 4 2
271 427
1 12 2
395 496
1 7 2
194 335
1 9 2
186 497
1 7 2
122 189
1 15 2
122 481
1 13 2
230 488
1 2 2
146 440
1 13 2
127 214
1 3 2
210 373
1 8 2
15 32
1 2 2
188 422
1 15 2
49 357
1 12 2
270 403
1 15 2
55 326
1 9 2
60 217
1 4 2
111 473
1 8 2
302 395
1 15 2
250 373
1 15 2
23 64
1 15 2
262 436
1 4 2
234 338
1 15 2
185 259
1 8 2
38 366
1 13 2
120 244
1 11 2
229 398
1 10 2
175 313
1 9 2
148 178
1 6 2
43 200
1 14 2
280 365
1 2 2
68 259
1 9 2
207 391
1 3 2
324 348
1 13 2
186 411
1 3 2
215 471
1 13 2
246 432
1 13 2
381 430
1 6 2
61 389
1 9 2
331 339
1 14 2
163 378
1 12 2
280 328
1 6 2
39 279
1 7 2
56 387
1 7 2
172 279
1 2 2
101 451
1 2 2
294 305
1 7 2
19 248
1 7 2
173 231
1 2 2
86 292
1 6 2
53 152
1 12 2
182 391
1 14 2
28 350
1 2 2
162 278
1 8 2
9 327
1 15 2
333 445
1 9 2
283 473
1 6 2
242 331
1 4 2
9 230
1 15 2
182 379
1 3 2
422 476
1 10 2
186 364
1 10 2
97 383
1 5 2
71 191
1 5 2
378 434
1 10 2
100 410
1 13 2
62 328
1 13 2
189 326
1 10 2
72 189
1 4 2
315 339
1 2 2
135 489
1 10 2
423 484
1 11 2
36 230
1 5 2
319 492
1 4 2
164 418
1 3 2
244 286
1 15 2
280 283
1 6 2
286 415
1 3 2
456 468
1 9 2
220 272
1 8 2
67 391
1 7 2
21 341
1 8 2
186 270
1 9 2
54 149
1 12 2
255 407
1 15 2
231 312
1 12 2
134 426
1 7 2
316 471
1 3 2
220 419
1 4 2
124 487
1 3 2
43 281
1 9 2
141 449
1 11 2
411 476
1 12 2
50 159
1 2 2
264 441
1 5 2
16 492
1 6 2
326 490
1 6 2
234 286
1 14 2
405 483
1 10 2
304 463
1 4 2
80 361
1 8 2
208 266
1 3 2
344 431
1 4 2
73 497
1 11 2
77 293
1 2 2
84 481
1 14 2
156 350
1 14 2
39 378
1 5 2
329 385
1 7 2
77 351
1 13 2
142 411
1 12 2
278 445
1 2 2
191 278
1 9 2
198 362
1 3 2
218 440
1 10 2
95 177
1 7 2
36 75
1 13 2
144 363
1 6 2
219 319
1 14 2
92 479
1 9 2
174 298
1 14 2
33 151
1 8 2
28 458
1 14 2
333 459
1 12 2
4 217
1 10 2
229 235
1 9 2
55 141
1 8 2
86 243
1 13 2
198 307
1 4 2
471 479
1 7 2
90 161
1 12 2
37 112
1 4 2
69 198
1 3 2
216 313
1 11 2
184 478
1 14 2
251 458
1 6 2
110 409
1 9 2
109 418
1 13 2
64 472
1 11 2
196 312
1 12 2
236 238
1 6 2
67 174
1 4 2
18 143
1 12 2
173 265
1 2 2
95 249
1 15 2
75 304
1 4 2
396 430
1 5 2
344 479
1 14 2
188 323
1 3 2
5 145
1 6 2
120 272
1 8 2
152 449
1 7 2
229 404
1 13 2
110 406
1 12 2
278 284
1 8 2
230 366
1 14 2
197 310
1 2 2
283 477
1 7 2
309 490
1 15 2
96 435
1 13 2
273 431
1 9 2
233 426
1 3 2
131 251
1 8 2
219 383
1 4 2
4 247
1 15 2
327 456
1 6 2
0 466
1 7 2
357 388
1 6 2
342 369
1 11 2
60 366
1 4 2
297 417
1 7 2
299 313
1 14 2
147 194
1 12 2
162 338
1 3 2
34 114
1 8 2
97 169
1 12 2
285 293
1 6 2
50 356
1 11 2
7 276
1 6 2
219 341
1 13 2
119 124
1 13 2
316 393
1 3 2
283 316
1 3 2
28 29
1 12 2
48 372
1 3 2
186 478
1 3 2
133 158
1 9 2
6 369
1 15 2
5 161
1 5 2
305 425
1 12 2
153 413
1 14 2
14 403
1 4 2
178 275
1 13 2
57 349
1 15 2
392 481
1 8 2
89 340
1 3 2
70 468
1 5 2
238 428
1 4 2
129 145
1 7 2
322 452
1 6 2
136 319
1 7 2
53 393
1 12 2
5 194
1 2 2
203 205
1 11 2
102 287
1 12 2
278 447
1 13 2
112 308
1 9 2
139 374
1 11 2
295 485
1 10 2
257 385
1 9 2
242 248
1 7 2
240 452
1 3 2
191 486
1 8 2
62 323
1 5 2
5 281
1 14 2
145 439
1 14 2
134 350
1 8 2
274 385
1 6 2
210 211
1 15 2
113 323
1 9 2
208 484
1 13 2
313 397
1 9 2
106 300
1 9 2
253 287
1 8 2
231 496
1 3 2
32 106
1 11 2
14 399
1 12 2
24 349
1 9 2
332 355
1 14 2
69 318
1 14 2
6 380
1 11 2
209 485
1 11 2
316 385
1 8 2
195 344
1 14 2
50 230
1 3 2
58 120
1 6 2
59 487
1 11 2
182 422
1 14 2
236 311
1 3 2
256 263
1 2 2
37 258
1 9 2
202 434
1 4 2
260 269
1 12 2
286 321
1 14 2
66 318
1 7 2
24 334
1 2 2
139 178
1 9 2
123 489
1 5 2
5 461
1 15 2
64 483
1 15 2
288 354
1 9 2
341 429
1 6 2
262 401
1 3 2
299 362
1 14 2
186 311
1 9 2
118 308
1 12 2
360 489
1 8 2
143 491
1 6 2
34 122
1 4 2
116 362
1 10 2
58 348
1 9 2
0 185
1 9 2
149 227
1 13 2
42 268
1 8 2
191 314
1 6 2
45 97
1 4 2
58 103
1 7 2
164 495
1 9 2
271 378
1 4 2
133 321
1 9 2
339 418
1 10 2
76 440
1 8 2
99 450
1 14 2
2 469
1 13 2
117 160
1 12 2
207 453
1 13 2
88 453
1 8 2
284 336
1 15 2
43 477
1 5 2
102 127
1 12 2
81 211
1 4 2
211 406
1 9 2
395 412
1 13 2
299 385
1 2 2
182 371
1 8 2
48 229
1 7 2
366 472
1 2 2
205 378
1 7 2
204 310
1 4 2
367 428
1 7 2
175 224
1 15 2
30 165
1 9 2
273 331
1 2 2
82 131
1 4 2
130 299
1 3 2
82 364
1 5 2
201 324
1 8 2
38 152
1 7 2
160 298
1 3 2
259 408
1 9 2
198 363
1 8 2
334 482
1 8 2
247 487
1 10 2
133 173
1 12 2
171 256
1 15 2
218 318
1 5 2
72 198
1 8 2
52 245
1 6 2
136 161
1 14 2
23 47
1 3 2
450 485
1 12 2
20 156
1 15 2
33 52
1 7 2
251 413
1 11 2
193 419
1 5 2
344 368
1 2 2
155 207
1 3 2
286 443
1 10 2
185 297
1 7 2
217 269
1 12 2
236 382
1 9 2
348 394
1 2 2
46 158
1 15 2
30 170
1 10 2
9 138
1 11 2
225 380
1 4 2
211 413
1 7 2
284 323
1 7 2
210 317
1 11 2
366 429
1 6 2
91 373
1 14 2
172 363
1 8 2
97 168
1 4 2
3 21
1 12 2
72 81
1 12 2
6 378
1 2 2
104 382
1 13 2
15 298
1 12 2
151 498
1 4 2
38 332
1 3 2
119 332
1 13 2
315 444
1 14 2
26 339
1 7 2
213 285
1 9 2
302 380
1 8 2
202 413
1 11 2
74 241
1 10 2
10 212
1 14 2
130 391
1 2 2
153 450
1 14 2
206 497
1 5 2
12 103
1 2 2
277 496
1 10 2
125 473
1 10 2
83 85
1 12 2
102 314
1 2 2
140 412
1 4 2
104 415
1 5 2
74 234
1 8 2
181 251
1 6 2
102 118
1 5 2
60 352
1 13 2
54 327
1 15 2
281 360
1 15 2
110 338
1 15 2
70 124
1 5 2
239 412
1 13 2
303 363
1 2 2
153 371
1 11 2
352 482
1 10 2
198 443
1 2 2
51 328
1 5 2
327 434
1 12 2
85 176
1 15 2
151 258
1 15 2
74 361
1 12 2
82 335
1 13 2
329 494
1 8 2
192 401
1 3 2
17 307
1 10 2
254 280
1 14 2
59 364
1 6 2
48 208
1 5 2
90 358
1 9 2
340 416
1 5 2
6 13
1 9 2
278 296
1 15 2
349 371
1 10 2
246 295
1 11 2
431 463
1 14 2
167 374
1 3 2
234 308
1 13 2
42 167
1 4 2
100 230
1 10 2
111 348
1 4 2
96 234
1 15 2
5 221
1 11 2
108 264
1 11 2
83 160
1 5 2
395 468
1 10 2
130 371
1 12 2
110 321
1 15 2
15 402
1 5 2
129 253
1 7 2
247 402
1 8 2
314 405
1 3 2
119 465
1 4 2
163 329
1 5 2
141 271
1 12 2
71 394
1 7 2
19 251
1 14 2
24 28
1 15 2
45 462
1 6 2
78 318
1 8 2
43 377
1 3 2
98 331
1 3 2
16 42
1 5 2
221 412
1 13 2
21 202
1 8 2
161 359
1 10 2
181 461
1 3 2
284 475
1 5 2
210 477
1 6 2
256 419
1 5 2
188 457
1 10 2
203 380
1 13 2
337 363
1 2 2
169 273
1 8 2
181 318
1 14 2
192 286
1 5 2
363 440
1 12 2
49 413
1 9 2
223 389
1 11 2
218 396
1 9 2
88 223
1 12 2
173 290
1 12 2
361 440
1 3 2
449 484
1 3 2
30 467
1 8 2
219 265
1 10 2
102 335
1 9 2
328 359
1 11 2
129 301
1 10 2
98 381
1 5 2
185 264
1 7 2
82 312
1 10 2
212 498
1 2 2
54 388
1 11 2
132 151
1 9 2
25 32
1 4 2
267 297
1 8 2
128 352
1 5 2
96 227
1 5 2
89 389
1 6 2
132 346
1 4 2
24 326
1 6 2
379 403
1 3 2
329 348
1 8 2
283 423
1 5 2
82 182
1 4 2
88 422
1 4 2
76 84
1 5 2
152 169
1 10 2
435 479
1 12 2
343 409
1 12 2
70 306
1 11 2
191 332
1 14 2
51 254
1 12 2
174 432
1 10 2
49 354
1 9 2
53 395
1 15 2
321 394
1 9 2
144 232
1 2 2
4 204
1 3 2
123 221
1 5 2
133 453
1 3 2
123 212
1 7 2
420 424
1 13 2
168 419
1 11 2
237 463
1 11 2
243 372
1 6 2
313 356
1 12 2
22 256
1 11 2
338 385
1 6 2
150 222
1 10 2
40 239
1 14 2
324 333
1 7 2
112 360
1 15 2
371 450
1 8 2
303 346
1 2 2
77 358
1 9 2
176 318
1 3 2
74 489
1 14 2
377 492
1 7 2
65 299
1 3 2
291 383
1 15 2
274 415
1 14 2
286 373
1 7 2
109 481
1 2 2
274 482
1 3 2
330 350
1 5 2
226 353
1 2 2
196 260
1 8 2
207 324
1 4 2
436 470
1 8 2
221 320
1 4 2
168 342
1 3 2
194 416
1 14 2
284 383
1 13 2
203 259
1 13 2
110 347
1 3 2
93 107
1 10 2
272 378
1 13 2
262 376
1 13 2
225 267
1 8 2
113 421
1 13 2
73 275
1 3 2
140 434
1 3 2
298 409
1 6 2
271 391
1 12 2
32 52
1 7 2
194 236
1 15 2
107 465
1 3 2
7 95
1 2 2
225 384
1 2 2
28 289
1 11 2
184 220
1 4 2
294 326
1 11 2
181 203
1 10 2
166 468
1 3 2
36 58
1 10 2
202 346
1 11 2
334 340
1 10 2
62 473
1 14 2
255 420
1 5 2
182 347
1 7 2
93 432
1 10 2
99 158
1 3 2
150 390
1 15 2
378 458
1 10 2
285 469
1 3 2
270 290
1 14 2
206 462
1 7 2
0 298
1 8 2
127 463
1 10 2
131 215
1 3 2
9 220
1 12 2
253 474
1 6 2
193 341
1 7 2
104 255
1 10 2
192 324
1 5 2
341 357
1 5 2
211 418
1 3 2
73 75
1 2 2
108 130
1 4 2
160 260
1 8 2
201 320
1 5 2
257 457
1 4 2
416 475
1 6 2
267 456
1 14 2
96 151
1 9 2
249 405
1 2 2
449 493
1 5 2
0 58
1 13 2
40 75
1 3 2
32 236
1 6 2
259 305
1 14 2
65 485
1 2 2
237 255
1 5 2
65 211
1 3 2
58 307
1 14 2
29 448
1 9 2
121 165
1 2 2
95 334
1 14 2
85 175
1 14 2
12 397
1 3 2
236 405
1 2 2
167 312
1 14 2
45 326
1 3 2
105 231
1 13 2
207 375
1 15 2
135 394
1 7 2
16 72
1 13 2
393 451
1 14 2
145 422
1 12 2
205 345
1 6 2
246 308
1 3 2
239 345
1 14 2
359 472
1 10 2
121 398
1 5 2
214 424
1 2 2
327 363
1 2 2
224 434
1 3 2
45 77
1 3 2
247 497
1 7 2
60 72
1 15 2
66 106
1 6 2
115 267
1 10 2
9 216
1 4 2
478 483
1 9 2
113 155
1 2 2
130 249
1 13 2
147 226
1 2 2
195 275
1 14 2
147 240
1 12 2
250 487
1 12 2
170 237
1 14 2
392 436
1 15 2
200 404
1 5 2
47 180
1 7 2
249 449
1 14 2
43 157
1 9 2
178 382
1 15 2
102 280
1 13 2
74 473
1 5 2
309 480
1 13 2
311 375
1 8 2
317 406
1 11 2
259 267
1 4 2
155 481
1 5 2
235 327
1 10 2
187 435
1 11 2
55 254
1 10 2
4 480
1 14 2
328 369
1 14 2
205 450
1 14 2
25 202
1 7 2
51 487
1 11 2
237 435
1 6 2
73 229
1 11 2
64 95
1 12 2
276 300
1 5 2
48 109
1 2 2
284 318
1 7 2
53 352
1 4 2
121 161
1 5 2
261 438
1 12 2
142 394
1 8 2
121 227
1 3 2
109 236
1 2 2
164 256
1 9 2
203 489
1 9 2
372 465
1 9 2
328 445
1 9 2
220 266
1 14 2
211 426
1 3 2
170 496
1 2 2
270 390
1 8 2
265 359
1 10 2
220 258
1 11 2
124 330
1 2 2
126 289
1 9 2
366 486
1 3 2
300 448
1 5 2
191 442
1 7 2
174 325
1 5 2
3 164
1 10 2
337 378
1 3 2
111 170
1 14 2
142 241
1 2 2
56 491
1 2 2
240 390
1 6 2
172 314
1 15 2
162 292
1 15 2
22 198
1 12 2
167 253
1 3 2
274 435
1 4 2
146 256
1 3 2
137 267
1 15 2
75 108
1 5 2
32 51
1 10 2
178 198
1 9 2
69 294
1 12 2
11 381
1 12 2
57 166
1 5 2
113 299
1 7 2
370 461
1 2 2
180 337
1 11 2
257 265
1 4 2
98 465
1 12 2
227 277
1 5 2
221 239
1 8 2
233 458
1 2 2
82 114
1 5 2
80 465
1 6 2
322 327
1 3 2
257 397
1 11 2
122 174
1 9 2
81 483
1 12 2
256 308
1 14 2
178 441
1 3 2
151 281
1 13 2
287 440
1 3 2
146 213
1 9 2
96 201
1 15 2
205 487
1 13 2
78 184
1 8 2
207 430
1 11 2
18 249
1 7 2
19 459
1 10 2
130 215
1 15 2
237 280
1 11 2
148 440
1 7 2
120 484
1 15 2
1 69
1 15 2
139 153
1 9 2
208 305
1 15 2
16 73
1 3 2
134 160
1 14 2
340 343
1 9 2
155 490
1 9 2
140 393
1 8 2
79 468
1 11 2
14 46
1 4 2
90 394
1 7 2
172 450
1 11 2
188 303
1 11 2
59 255
1 15 2
73 212
1 13 2
107 282
1 4 2
19 411
1 7 2
310 390
1 11 2
52 124
1 9 2
98 488
1 9 2
23 368
1 5 2
35 374
1 14 2
322 364
1 12 2
79 378
1 11 2
355 375
1 3 2
90 112
1 13 2
93 149
1 15 2
243 284
1 13 2
19 272
1 13 2
167 303
1 2 2
183 493
1 11 2
241 316
1 7 2
49 315
1 13 2
374 446
1 11 2
81 397
1 14 2
371 482
1 14 2
135 255
1 14 2
360 452
1 9 2
61 365
1 11 2
107 416
1 15 2
69 176
1 8 2
241 398
1 10 2
266 377
1 2 2
250 491
1 11 2
4 450
1 14 2
86 98
1 6 2
5 134
1 9 2
43 443
1 12 2
15 109
1 3 2
233 239
1 13 2
31 308
1 2 2
474 486
1 14 2
294 415
1 9 2
77 434
1 5 2
144 436
1 6 2
367 411
1 11 2
244 400
1 3 2
40 148
1 13 2
138 183
1 11 2
311 355
1 2 2
12 450
1 11 2
55 434
1 6 2
96 418
1 3 2
321 362
1 6 2
252 449
1 13 2
69 220
1 6 2
62 354
1 8 2
59 375
1 13 2
179 382
1 6 2
371 373
1 9 2
28 122
1 7 2
39 122
1 13 2
72 85
1 7 2
53 172
1 4 2
198 299
1 3 2
80 386
1 6 2
178 322
1 12 2
270 462
1 10 2
79 316
1 12 2
309 462
1 12 2
137 498
1 7 2
6 456
1 12 2
187 326
1 10 2
119 368
1 13 2
154 471
1 9 2
31 200
1 12 2
100 161
1 8 2
220 362
1 5 2
318 388
1 3 2
305 464
1 3 2
341 347
1 3 2
52 302
1 15 2
230 368
1 11 2
276 414
1 12 2
113 401
1 13 2
104 494
1 7 2
63 230
1 13 2
17 449
1 5 2
436 464
1 2 2
93 217
1 11 2
134 336
1 10 2
90 305
1 8 2
146 342
1 3 2
70 431
1 15 2
140 280
1 7 2
13 202
1 14 2
490 498
1 15 2
266 278
1 2 2
311 416
1 12 2
33 263
1 14 2
200 407
1 12 2
180 222
1 7 2
179 209
1 6 2
90 345
1 6 2
241 336
1 10 2
153 310
1 13 2
273 339
1 12 2
0 166
1 3 2
202 301
1 11 2
229 272
1 5 2
83 349
1 9 2
364 473
1 4 2
348 466
1 14 2
304 408
1 14 2
190 315
1 12 2
80 142
1 9 2
228 290
1 5 2
140 194
1 6 2
99 484
1 14 2
116 222
1 13 2
103 202
1 8 2
196 480
1 8 2
404 442
1 13 2
22 89
1 12 2
248 449
1 10 2
304 404
1 11 2
44 52
1 12 2
211 464
1 4 2
362 405
1 15 2
28 489
1 4 2
433 446
1 14 2
18 214
1 2 2
317 350
1 4 2
147 294
1 11 2
17 108
1 11 2
140 187
1 8 2
56 335
1 7 2
97 138
1 15 2
408 495
1 7 2
186 302
1 11 2
173 433
1 9 2
93 127
1 13 2
174 473
1 8 2
240 351
1 11 2
208 279
1 2 2
130 272
1 4 2
56 351
1 2 2
100 344
1 10 2
143 403
1 8 2
192 334
1 14 2
179 444
1 5 2
101 494
1 10 2
54 385
1 7 2
294 427
1 10 2
181 401
1 7 2
230 373
1 13 2
197 384
1 7 2
82 494
1 14 2
180 282
1 9 2
253 383
1 15 2
302 455
1 11 2
46 51
1 7 2
247 474
1 8 2
383 389
1 15 2
141 149
1 4 2
164 204
1 15 2
186 496
1 4 2
90 471
1 12 2
70 181
1 4 2
237 288
1 6 2
293 497
1 8 2
170 311
1 2 2
193 226
1 15 2
55 410
1 5 2
13 140
1 7 2
206 429
1 15 2
24 283
1 13 2
11 368
1 2 2
213 260
1 10 2
11 55
1 15 2
108 230
1 11 2
54 402
1 14 2
273 430
1 8 2
140 370
1 8 2
421 423
1 14 2
347 476
1 9 2
270 398
1 10 2
383 404
1 14 2
222 274
1 9 2
78 287
1 12 2
127 153
1 8 2
466 494
1 10 2
197 481
1 14 2
322 379
1 3 2
65 114
1 9 2
209 338
1 13 2
133 196
1 12 2
222 240
1 9 2
173 461
1 4 2
162 185
1 4 2
14 298
1 7 2
4 242
1 2 2
239 274
1 15 2
49 148
1 8 2
32 251
1 12 2
193 275
1 2 2
381 470
1 4 2
289 487
1 10 2
118 472
1 4 2
128 376
1 13 2
67 327
1 6 2
154 439
1 8 2
295 322
1 10 2
13 143
1 4 2
112 475
1 12 2
30 90
1 11 2
85 106
1 6 2
113 230
1 15 2
46 63
1 10 2
118 356
1 5 2
268 385
1 7 2
47 175
1 3 2
275 369
1 13 2
302 457
1 13 2
35 155
1 14 2
101 460
1 9 2
138 206
1 6 2
82 419
1 9 2
32 393
1 9 2
236 398
1 15 2
46 200
1 11 2
71 381
1 12 2
59 82
1 2 2
7 84
1 10 2
181 391
1 4 2
56 96
1 6 2
66 294
1 10 2
165 310
1 9 2
183 435
1 15 2
339 425
1 7 2
118 141
1 7 2
76 239
1 13 2
57 71
1 12 2
26 246
1 13 2
85 278
1 10 2
215 380
1 4 2
131 464
1 3 2
28 496
1 10 2
39 434
1 10 2
132 340
1 14 2
100 409
1 7 2
375 440
1 9 2
164 468
1 10 2
27 361
1 14 2
152 198
1 4 2
96 134
1 15 2
172 401
1 15 2
229 389
1 12 2
26 178
1 5 2
7 333
1 3 2
315 469
1 9 2
253 444
1 8 2
280 299
1 3 2
121 418
1 12 2
308 317
1 15 2
4 430
1 4 2
12 326
1 14 2
108 330
1 8 2
372 483
1 11 2
104 456
1 4 2
133 436
1 9 2
294 485
1 13 2
155 451
1 2 2
183 396
1 13 2
35 347
1 10 2
42 55
1 6 2
241 351
1 10 2
9 82
1 15 2
404 421
1 6 2
246 413
1 9 2
120 224
1 11 2
64 284
1 8 2
246 301
1 3 2
133 340
1 13 2
119 181
1 9 2
438 472
1 15 2
6 160
1 11 2
67 180
1 10 2
33 127
1 12 2
371 442
1 11 2
239 354
1 9 2
198 367
1 9 2
53 304
1 8 2
87 187
1 8 2
294 498
1 14 2
108 470
1 2 2
449 462
1 14 2
123 471
1 9 2
212 341
1 14 2
254 349
1 15 2
88 244
1 13 2
36 417
1 14 2
179 367
1 2 2
68 443
1 10 2
25 193
1 12 2
56 156
1 3 2
122 232
1 11 2
100 240
1 4 2
392 489
1 14 2
51 363
1 10 2
82 443
1 10 2
23 460
1 8 2
156 432
1 5 2
379 475
1 11 2
15 50
1 14 2
52 491
1 10 2
205 327
1 9 2
252 267
1 4 2
98 169
1 13 2
215 480
1 13 2
255 362
1 2 2
238 413
1 13 2
142 183
1 12 2
367 479
1 8 2
130 290
1 6 2
374 470
1 2 2
62 275
1 9 2
323 359
1 7 2
126 242
1 12 2
313 396
1 11 2
1 225
1 14 2
87 418
1 8 2
27 144
1 13 2
268 442
1 2 2
165 416
1 8 2
201 262
1 8 2
40 350
1 13 2
90 386
1 9 2
104 358
1 13 2
62 209
1 6 2
336 405
1 4 2
229 271
1 12 2
271 447
1 13 2
12 325
1 10 2
146 152
1 13 2
116 440
1 14 2
161 231
1 12 2
199 464
1 11 2
19 219
1 12 2
60 355
1 3 2
25 241
1 14 2
105 475
1 8 2
99 467
1 13 2
17 339
1 7 2
273 342
1 6 2
172 210
1 10 2
84 445
1 4 2
56 166
1 5 2
48 390
1 7 2
60 300
1 15 2
253 364
1 2 2
248 455
1 14 2
206 292
1 13 2
404 480
1 6 2
346 359
1 4 2
144 478
1 12 2
406 485
1 8 2
210 459
1 6 2
197 365
1 13 2
48 181
1 8 2
273 313
1 15 2
242 264
1 4 2
321 386
1 12 2
117 382
1 3 2
56 186
1 10 2
216 434
1 6 2
2 461
1 7 2
223 416
1 8 2
223 424
1 12 2
396 411
1 9 2
105 297
1 11 2
284 385
1 9 2
38 258
1 11 2
344 432
1 12 2
437 453
1 3 2
454 490
1 13 2
238 329
1 3 2
71 272
1 10 2
475 491
1 8 2
216 456
1 15 2
170 390
1 2 2
27 451
1 4 2
307 498
1 2 2
244 401
1 5 2
267 400
1 11 2
45 450
1 11 2
387 437
1 2 2
11 424
1 15 2
211 479
1 5 2
328 441
1 7 2
198 452
1 14 2
90 483
1 6 2
438 461
1 14 2
189 340
1 8 2
104 174
1 5 2
95 202
1 6 2
460 491
1 6 2
87 277
1 7 2
133 259
1 12 2
195 329
1 5 2
10 144
1 6 2
28 317
1 7 2
73 471
1 6 2
271 341
1 5 2
19 162
1 13 2
36 119
1 2 2
348 457
1 7 2
357 483
1 2 2
109 391
1 2 2
195 349
1 5 2
129 139
1 2 2
26 91
1 3 2
27 430
1 8 2
15 172
1 15 2
280 337
1 10 2
159 256
1 7 2
273 341
1 7 2
360 475
1 7 2
104 314
1 4 2
73 352
1 8 2
98 164
1 6 2
199 474
1 13 2
223 367
1 4 2
71 433
1 12 2
41 74
1 9 2
57 391
1 3 2
212 412
1 14 2
47 292
1 14 2
344 363
1 10 2
32 209
1 14 2
251 434
1 7 2
104 202
1 7 2
92 428
1 2 2
172 492
1 13 2
229 356
1 12 2
20 364
1 10 2
12 290
1 5 2
102 267
1 3 2
142 147
1 2 2
229 460
1 14 2
21 211
1 5 2
162 229
1 2 2
86 159
1 5 2
333 497
1 9 2
4 130
1 10 2
220 226
1 11 2
28 444
1 12 2
138 379
1 12 2
156 446
1 8 2
171 326
1 13 2
50 474
1 10 2
100 229
1 4 2
162 491
1 7 2
42 217
1 13 2
4 202
1 8 2
49 187
1 11 2
256 387
1 13 2
166 177
1 8 2
140 306
1 6 2
69 131
1 3 2
198 320
1 9 2
375 478
1 13 2
225 278
1 5 2
174 237
1 5 2
143 235
1 3 2
178 405
1 10 2
46 307
1 13 2
61 165
1 13 2
35 327
1 3 2
94 369
1 11 2
170 409
1 9 2
50 316
1 14 2
75 462
1 6 2
60 82
1 2 2
292 417
1 11 2
56 311
1 3 2
114 139
1 10 2
300 361
1 14 2
63 403
1 2 2
173 273
1 10 2
322 426
1 2 2
182 428
1 2 2
4 304
1 13 2
330 411
1 5 2
187 253
1 3 2
319 441
1 14 2
270 436
1 10 2
104 348
1 10 2
105 107
1 6 2
275 321
1 12 2
276 365
1 4 2
184 245
1 8 2
82 281
1 5 2
163 327
1 11 2
94 412
1 14 2
2 435
1 8 2
190 276
1 12 2
141 459
1 8 2
255 435
1 2 2
395 488
1 7 2
113 290
1 14 2
161 180
1 8 2
84 101
1 15 2
250 277
1 2 2
15 153
1 10 2
31 87
1 13 2
98 201
1 9 2
285 472
1 10 2
243 265
1 4 2
187 239
1 10 2
211 473
1 14 2
97 215
1 3 2
57 431
1 6 2
251 292
1 14 2
40 105
1 15 2
130 473
1 2 2
86 438
1 2 2
142 419
1 12 2
131 279
1 7 2
12 24
1 15 2
40 190
1 8 2
319 321
1 6 2
406 413
1 3 2
18 184
1 11 2
210 333
1 5 2
165 338
1 7 2
243 353
1 12 2
84 382
1 10 2
51 296
1 9 2
49 102
1 14 2
388 462
1 4 2
116 155
1 14 2
352 451
1 11 2
192 298
1 6 2
38 257
1 13 2
179 337
1 6 2
292 436
1 12 2
221 458
1 15 2
119 389
1 10 2
23 162
1 15 2
208 267
1 11 2
36 348
1 2 2
275 461
1 11 2
243 485
1 14 2
258 424
1 7 2
34 190
1 11 2
39 169
1 11 2
125 303
1 10 2
10 106
1 5 2
208 414
1 12 2
161 208
1 5 2
78 401
1 2 2
91 432
1 5 2
344 418
1 4 2
222 284
1 11 2
35 355
1 7 2
277 414
1 14 2
280 395
1 8 2
390 433
1 14 2
47 200
1 11 2
15 168
1 12 2
301 336
1 8 2
191 362
1 7 2
336 389
1 13 2
16 114
1 15 2
50 475
1 2 2
401 442
1 12 2
345 464
1 15 2
5 405
1 3 2
21 314
1 5 2
36 124
1 10 2
5 391
1 4 2
133 468
1 3 2
279 386
1 10 2
324 410
1 8 2
234 253
1 13 2
304 308
1 7 2
383 461
1 10 2
360 397
1 5 2
159 199
1 7 2
40 369
1 13 2
49 121
1 5 2
162 399
1 11 2
11 139
1 4 2
318 453
1 4 2
11 487
1 9 2
315 359
1 4 2
4 348
1 13 2
93 378
1 7 2
14 382
1 13 2
326 365
1 11 2
229 370
1 5 2
91 379
1 10 2
25 51
1 12 2
166 244
1 3 2
263 447
1 13 2
59 311
1 14 2
94 175
1 13 2
356 357
1 13 2
33 388
1 8 2
67 433
1 12 2
171 196
1 4 2
49 305
1 2 2
19 72
1 7 2
82 388
1 5 2
348 468
1 9 2
74 96
1 8 2
185 283
1 14 2
76 370
1 8 2
247 269
1 15 2
195 436
1 15 2
9 32
1 8 2
22 233
1 6 2
3 322
1 9 2
74 285
1 5 2
278 444
1 2 2
337 466
1 14 2
138 254
1 13 2
93 114
1 4 2
17 115
1 3 2
125 427
1 15 2
9 365
1 14 2
345 357
1 11 2
166 305
1 12 2
106 355
1 9 2
59 146
1 12 2
91 160
1 9 2
56 246
1 10 2
404 494
1 4 2
32 62
1 15 2
133 348
1 10 2
125 176
1 5 2
409 439
1 6 2
201 293
1 10 2
10 54
1 12 2
221 246
1 4 2
35 436
1 10 2
81 110
1 12 2
100 148
1 9 2
18 453
1 2 2
51 105
1 2 2
433 470
1 9 2
57 420
1 10 2
280 471
1 6 2
349 368
1 14 2
94 395
1 4 2
195 391
1 12 2
311 344
1 11 2
325 489
1 14 2
244 355
1 12 2
150 340
1 6 2
277 385
1 7 2
190 446
1 12 2
197 467
1 15 2
338 468
1 3 2
106 166
1 6 2
234 380
1 13 2
191 494
1 15 2
206 307
1 11 2
200 316
1 2 2
36 209
1 8 2
141 168
1 3 2
74 87
1 7 2
201 425
1 14 2
470 483
1 14 2
213 324
1 14 2
209 215
1 4 2
225 435
1 13 2
11 246
1 6 2
237 461
1 2 2
6 351
1 3 2
10 227
1 13 2
151 168
1 6 2
406 484
1 15 2
391 393
1 2 2
115 311
1 5 2
28 364
1 7 2
176 312
1 14 2
54 474
1 6 2
171 352
1 6 2
93 382
1 9 2
395 478
1 4 2
48 336
1 12 2
137 296
1 5 2
25 373
1 15 2
362 406
1 6 2
327 491
1 5 2
46 302
1 7 2
238 362
1 11 2
55 383
1 14 2
197 272
1 2 2
251 468
1 14 2
212 447
1 4 2
296 386
1 7 2
218 433
1 4 2
152 453
1 9 2
66 146
1 9 2
227 368
1 13 2
145 426
1 6 2
232 310
1 7 2
66 243
1 3 2
194 242
1 7 2
143 357
1 8 2
78 224
1 13 2
170 256
1 13 2
87 137
1 15 2
49 400
1 12 2
139 464
1 8 2
45 50
1 9 2
54 95
1 10 2
287 454
1 11 2
250 267
1 5 2
117 169
1 5 2
271 441
1 10 2
180 318
1 10 2
40 98
1 15 2
49 322
1 15 2
38 417
1 6 2
132 292
1 10 2
239 282
1 12 2
172 235
1 4 2
264 266
1 2 2
448 464
1 5 2
260 380
1 9 2
27 484
1 7 2
209 274
1 3 2
309 380
1 10 2
23 437
1 3 2
174 200
1 2 2
206 457
1 12 2
100 221
1 6 2
67 223
1 7 2
54 165
1 10 2
195 240
1 8 2
226 352
1 5 2
385 466
1 7 2
84 378
1 6 2
204 222
1 14 2
296 434
1 3 2
324 434
1 5 2
293 331
1 9 2
78 86
1 14 2
160 436
1 14 2
219 425
1 3 2
145 154
1 8 2
256 342
1 6 2
143 189
1 7 2
100 214
1 10 2
267 327
1 4 2
80 408
1 6 2
77 88
1 6 2
174 207
1 7 2
177 380
1 14 2
171 200
1 2 2
438 466
1 12 2
197 229
1 4 2
86 337
1 10 2
221 242
1 8 2
11 490
1 12 2
206 419
1 10 2
84 328
1 10 2
100 212
1 15 2
73 202
1 3 2
111 465
1 6 2
175 417
1 12 2
20 101
1 4 2
96 470
1 5 2
87 343
1 6 2
187 242
1 13 2
160 399
1 4 2
352 499
1 14 2
254 346
1 10 2
445 483
1 15 2
7 27
1 14 2
281 405
1 9 2
163 230
1 13 2
249 289
1 6 2
68 384
1 15 2
61 403
1 15 2
135 462
1 5 2
176 304
1 15 2
342 481
1 5 2
18 291
1 11 2
116 190
1 3 2
344 425
1 4 2
39 436
1 5 2
28 425
1 14 2
86 285
1 7 2
316 481
1 3 2
23 73
1 12 2
127 396
1 2 2
460 478
1 5 2
108 496
1 12 2
30 413
1 8 2
355 445
1 3 2
179 245
1 3 2
33 399
1 7 2
247 395
1 8 2
335 468
1 3 2
125 469
1 10 2
145 160
1 10 2
130 460
1 9 2
87 402
1 9 2
61 464
1 9 2
330 407
1 14 2
85 386
1 7 2
89 202
1 12 2
211 487
1 5 2
278 374
1 9 2
140 499
1 2 2
46 214
1 5 2
75 321
1 7 2
266 371
1 10 2
319 335
1 6 2
205 213
1 10 2
332 394
1 15 2
16 479
1 13 2
391 402
1 11 2
271 382
1 6 2
304 331
1 8 2
263 284
1 10 2
249 395
1 13 2
110 344
1 15 2
144 185
1 2 2
24 54
1 6 2
42 256
1 8 2
266 389
1 7 2
13 455
1 9 2
308 441
1 7 2
386 461
1 13 2
183 330
1 13 2
101 401
1 13 2
91 257
1 4 2
219 464
1 11 2
322 387
1 12 2
466 490
1 13 2
128 204
1 5 2
258 435
1 9 2
89 467
1 2 2
273 435
1 6 2
163 166
1 10 2
150 469
1 8 2
112 431
1 2 2
82 113
1 9 2
172 275
1 10 2
155 222
1 4 2
225 325
1 6 2
45 106
1 9 2
308 369
1 11 2
67 145
1 7 2
84 171
1 4 2
170 183
1 11 2
270 343
1 10 2
465 483
1 10 2
295 307
1 2 2
77 134
1 6 2
191 298
1 11 2
115 232
1 14 2
142 256
1 6 2
14 208
1 15 2
88 457
1 7 2
40 110
1 12 2
462 477
1 15 2
168 248
1 13 2
179 482
1 2 2
106 338
1 8 2
83 283
1 13 2
15 392
1 12 2
180 286
1 6 2
1 14
1 12 2
60 440
1 2 2
33 394
1 11 2
48 223
1 4 2
198 485
1 4 2
100 158
1 15 2
195 202
1 15 2
321 422
1 7 2
377 419
1 3 2
440 467
1 12 2
334 417
1 3 2
109 284
1 8 2
256 429
1 12 2
116 201
1 13 2
3 149
1 11 2
405 438
1 3 2
188 476
1 9 2
107 251
1 13 2
62 319
1 15 2
247 252
1 15 2
278 317
1 11 2
73 167
1 3 2
153 245
1 5 2
435 457
1 8 2
146 198
1 8 2
260 454
1 9 2
131 436
1 12 2
379 484
1 14 2
54 156
1 6 2
277 441
1 9 2
428 455
1 11 2
81 158
1 2 2
10 82
1 7 2
11 330
1 5 2
10 313
1 12 2
55 207
1 12 2
127 472
1 11 2
26 217
1 11 2
374 396
1 5 2
347 392
1 3 2
40 176
1 10 2
47 55
1 8 2
216 329
1 7 2
378 494
1 6 2
151 316
1 13 2
55 388
1 6 2
306 476
1 6 2
168 356
1 6 2
288 452
1 4 2
290 394
1 12 2
158 284
1 12 2
75 86
1 8 2
59 345
1 2 2
104 146
1 12 2
198 327
1 11 2
74 147
1 2 2
14 232
1 15 2
200 313
1 6 2
251 472
1 11 2
27 305
1 8 2
27 172
1 3 2
143 186
1 7 2
168 276
1 3 2
15 187
1 6 2
54 300
1 14 2
123 299
1 10 2
21 437
1 6 2
338 494
1 12 2
74 393
1 11 2
4 460
1 13 2
42 471
1 5 2
18 31
1 9 2
90 263
1 3 2
17 219
1 6 2
80 436
1 12 2
296 435
1 7 2
243 447
1 7 2
232 425
1 13 2
22 150
1 6 2
79 304
1 11 2
322 467
1 6 2
176 179
1 10 2
108 146
1 8 2
224 307
1 7 2
115 217
1 6 2
63 238
1 4 2
51 54
1 6 2
27 393
1 9 2
165 497
1 2 2
253 388
1 6 2
98 396
1 10 2
30 303
1 13 2
153 294
1 9 2
354 389
1 15 2
59 331
1 14 2
241 312
1 7 2
141 291
1 10 2
210 451
1 8 2
52 138
1 14 2
398 411
1 3 2
25 174
1 11 2
175 441
1 2 2
19 436
1 10 2
160 328
1 9 2
210 454
1 9 2
186 428
1 11 2
16 92
1 8 2
202 404
1 13 2
94 147
1 13 2
166 322
1 4 2
230 244
1 14 2
212 240
1 15 2
56 366
1 13 2
429 487
1 14 2
97 389
1 11 2
27 153
1 5 2
39 40
1 7 2
295 313
1 11 2
107 252
1 3 2
45 211
1 4 2
292 487
1 6 2
297 377
1 15 2
70 192
1 5 2
107 419
1 3 2
140 318
1 7 2
421 433
1 7 2
14 443
1 10 2
223 473
1 6 2
96 256
1 14 2
198 388
1 11 2
160 430
1 15 2
96 388
1 9 2
307 431
1 15 2
109 410
1 12 2
43 398
1 8 2
69 380
1 8 2
161 241
1 11 2
212 215
1 5 2
24 248
1 8 2
372 375
1 3 2
158 479
1 13 2
265 461
1 14 2
242 269
1 6 2
30 194
1 7 2
203 377
1 2 2
58 371
1 2 2
168 330
1 13 2
145 434
1 10 2
14 149
1 4 2
363 449
1 7 2
249 404
1 13 2
287 369
1 9 2
94 429
1 8 2
240 456
1 15 2
258 430
1 12 2
371 431
1 2 2
144 404
1 10 2
95 119
1 5 2
179 251
1 6 2
161 196
1 10 2
178 180
1 7 2
78 196
1 8 2
243 475
1 10 2
461 463
1 3 2
15 455
1 5 2
68 329
1 11 2
32 45
1 10 2
102 156
1 5 2
92 224
1 14 2
308 425
1 4 2
194 277
1 10 2
127 318
1 15 2
135 169
1 15 2
233 243
1 15 2
113 496
1 13 2
253 435
1 10 2
227 378
1 4 2
140 202
1 10 2
77 411
1 6 2
144 203
1 10 2
162 369
1 15 2
249 476
1 8 2
371 453
1 9 2
145 316
1 11 2
296 423
1 2 2
368 395
1 13 2
239 358
1 13 2
104 176
1 8 2
271 274
1 4 2
106 398
1 5 2
56 69
1 7 2
237 405
1 3 2
270 382
1 3 2
45 270
1 10 2
14 299
1 15 2
25 173
1 10 2
43 484
1 4 2
3 41
1 7 2
258 460
1 13 2
114 401
1 11 2
190 226
1 9 2
324 436
1 12 2
189 405
1 7 2
13 311
1 9 2
114 248
1 5 2
408 435
1 10 2
95 464
1 12 2
212 316
1 7 2
417 499
1 5 2
298 343
1 4 2
101 464
1 8 2
135 143
1 3 2
176 455
1 10 2
98 279
1 8 2
215 444
1 8 2
440 457
1 7 2
136 234
1 2 2
31 405
1 11 2
147 318
1 9 2
11 102
1 9 2
62 133
1 10 2
38 491
1 15 2
290 438
1 6 2
41 144
1 8 2
347 453
1 2 2
19 151
1 11 2
266 475
1 11 2
166 344
1 12 2
288 309
1 8 2
55 280
1 13 2
36 443
1 4 2
153 349
1 11 2
74 251
1 10 2
408 491
1 9 2
389 453
1 5 2
225 450
1 2 2
34 168
1 2 2
137 465
1 12 2
108 196
1 8 2
20 175
1 7 2
424 425
1 6 2
118 364
1 2 2
160 184
1 15 2
40 215
1 6 2
2 428
1 10 2
97 246
1 9 2
264 330
1 10 2
0 456
1 3 2
62 165
1 11 2
266 485
1 7 2
131 432
1 7 2
21 381
1 8 2
327 346
1 9 2
490 491
1 14 2
295 404
1 13 2
332 478
1 9 2
156 212
1 14 2
340 458
1 4 2
409 454
1 14 2
329 443
1 2 2
16 71
1 13 2
166 290
1 6 2
61 132
1 7 2
201 318
1 3 2
12 145
1 2 2
385 433
1 7 2
166 471
1 3 2
259 485
1 7 2
183 187
1 11 2
159 489
1 2 2
103 472
1 11 2
192 208
1 5 2
189 240
1 9 2
141 248
1 9 2
80 214
1 3 2
262 400
1 7 2
194 421
1 11 2
41 320
1 4 2
4 179
1 15 2
56 249
1 8 2
2 398
1 9 2
167 444
1 15 2
269 330
1 12 2
21 256
1 8 2
385 404
1 12 2
159 313
1 13 2
52 393
1 11 2
297 485
1 8 2
229 240
1 13 2
6 272
1 15 2
39 469
1 6 2
71 439
1 12 2
199 278
1 12 2
54 135
1 3 2
148 212
1 7 2
241 255
1 7 2
28 224
1 12 2
423 472
1 12 2
223 474
1 3 2
12 431
1 9 2
85 207
1 5 2
84 123
1 12 2
379 450
1 9 2
280 318
1 4 2
208 483
1 7 2
5 29
1 12 2
285 332
1 11 2
278 485
1 15 2
379 440
1 3 2
292 347
1 12 2
3 229
1 11 2
34 155
1 12 2
149 245
1 3 2
170 483
1 2 2
269 285
1 15 2
137 321
1 12 2
204 210
1 13 2
51 333
1 9 2
267 470
1 14 2
34 245
1 11 2
10 393
1 15 2
311 411
1 11 2
165 498
1 5 2
45 276
1 3 2
109 343
1 3 2
261 467
1 11 2
346 467
1 8 2
105 251
1 5 2
91 328
1 8 2
118 224
1 15 2
38 199
1 12 2
61 335
1 3 2
103 145
1 3 2
170 385
1 2 2
353 443
1 14 2
198 448
1 15 2
26 240
1 9 2
88 451
1 11 2
433 474
1 7 2
116 120
1 13 2
106 454
1 13 2
53 230
1 6 2
105 343
1 8 2
206 323
1 4 2
62 66
1 15 2
129 152
1 6 2
8 106
1 11 2
18 226
1 15 2
107 124
1 7 2
331 407
1 7 2
216 262
1 5 2
317 388
1 2 2
15 450
1 14 2
74 98
1 11 2
104 137
1 8 2
280 348
1 6 2
1 314
1 12 2
206 280
1 10 2
21 98
1 13 2
342 379
1 7 2
150 489
1 2 2
225 327
1 8 2
98 237
1 5 2
41 444
1 11 2
123 436
1 3 2
141 215
1 7 2
35 367
1 2 2
37 349
1 8 2
116 322
1 3 2
141 330
1 3 2
258 383
1 5 2
166 229
1 5 2
70 314
1 13 2
87 150
1 13 2
113 258
1 3 2
357 382
1 15 2
86 316
1 5 2
203 405
1 9 2
259 446
1 2 2
360 361
1 3 2
115 247
1 2 2
35 455
1 10 2
341 350
1 11 2
33 409
1 10 2
23 476
1 9 2
194 384
1 2 2
129 374
1 11 2
99 468
1 12 2
237 290
1 12 2
10 238
1 7 2
13 53
1 13 2
2 331
1 10 2
164 262
1 4 2
50 309
1 10 2
88 334
1 6 2
350 420
1 7 2
70 461
1 3 2
80 435
1 3 2
167 224
1 7 2
381 401
1 14 2
90 297
1 5 2
17 288
1 4 2
171 338
1 7 2
63 357
1 12 2
295 377
1 9 2
172 200
1 15 2
79 289
1 7 2
444 491
1 5 2
141 321
1 4 2
17 35
1 13 2
11 173
1 6 2
230 470
1 15 2
156 443
1 10 2
8 236
1 14 2
123 257
1 13 2
12 322
1 8 2
30 177
1 7 2
37 275
1 14 2
28 50
1 10 2
314 448
1 12 2
107 461
1 2 2
223 324
1 13 2
129 417
1 2 2
137 438
1 15 2
369 475
1 3 2
59 371
1 4 2
239 420
1 2 2
245 451
1 8 2
143 260
1 3 2
435 450
1 12 2
9 91
1 13 2
95 301
1 12 2
246 255
1 4 2
171 361
1 10 2
105 362
1 15 2
137 478
1 2 2
170 288
1 6 2
303 417
1 12 2
86 499
1 12 2
292 303
1 2 2
2 4
1 10 2
129 245
1 14 2
34 405
1 6 2
167 173
1 10 2
61 404
1 5 2
381 443
1 3 2
93 229
1 11 2
255 304
1 8 2
126 177
1 11 2
252 363
1 15 2
384 414
1 7 2
188 310
1 7 2
27 387
1 5 2
130 187
