500 3000 1500
13 16 13 20 18 13 25 14 13 5 20 5 17 9 25 6 16 12 18 12 24 7 19 21 14 22 25 7 13 7 20 17 16 24 15 21 22 8 12 10 7 24 15 24 21 14 17 5 23 6 9 23 17 24 25 15 7 19 6 23 22 6 25 20 22 21 7 10 7 17 9 11 6 7 9 23 17 10 25 7 13 17 11 10 16 15 7 14 25 24 25 24 8 9 12 5 21 20 22 7 22 20 14 15 14 10 11 23 20 23 7 16 10 18 8 24 6 8 6 8 9 6 17 5 11 24 23 17 5 21 11 13 19 20 25 6 9 19 20 25 9 12 9 13 6 21 19 5 15 22 5 7 24 16 25 9 24 23 9 24 23 13 19 6 11 19 12 7 6 9 12 8 13 21 7 19 20 12 15 21 18 9 5 14 10 9 23 22 25 20 20 11 15 21 8 18 24 18 7 10 11 12 11 11 19 22 24 12 17 17 23 25 21 22 15 18 14 15 10 10 24 17 22 9 22 15 8 21 21 12 15 5 18 23 25 24 23 9 8 18 21 12 21 10 25 9 12 8 18 25 21 12 21 16 24 5 8 21 17 6 25 12 24 17 10 10 14 8 13 19 23 5 8 8 17 23 24 12 7 6 14 12 11 17 17 10 18 15 16 13 16 17 13 25 7 7 25 16 15 23 13 20 6 7 12 24 18 21 19 20 9 15 6 10 11 13 18 12 20 7 25 9 11 22 5 24 22 25 20 22 24 11 9 24 11 9 12 14 11 21 8 5 7 16 11 6 19 13 24 8 25 14 13 19 20 19 12 13 12 12 20 20 9 20 22 21 22 19 23 5 14 17 13 15 13 22 10 6 14 18 5 16 11 6 22 8 10 17 6 11 15 12 13 13 16 16 10 6 24 17 23 21 7 9 7 25 17 12 15 24 7 11 18 19 9 5 5 11 15 25 19 17 13 11 11 5 17 14 16 25 20 11 22 7 11 9 21 22 14 24 15 21 23 7 19 22 23 6 12 19 14 25 24 10 19 10 5 5 18 16 8 22 23 19 20 6 14 13 22 21 19 22 18 11 15 20 5 7 15 7 13 15 9 11 9 13 22 8 12 18 9 14 7 17 25 18 17 6 16 5
11 14 6 12 14 18 19 3 7 13 20 10 17 16 18 4 3 16 16 10 5 17 5 13 8 11 19 9 12 17 12 18 9 7 17 7 15 19 14 15 13 17 5 13 10 18 3 7 19 16 3 19 16 11 16 4 17 6 10 8 12 4 19 7 7 7 4 19 11 8 6 17 12 3 4 15 7 16 7 10 9 18 15 20 4 14 19 7 7 19 3 14 5 9 17 20 8 4 3 20 12 10 10 9 19 8 3 9 20 17 15 11 20 9 11 18 15 7 8 14 11 3 11 14 8 19 13 6 20 11 6 17 17 11 3 4 3 4 17 20 7 14 9 7 11 19 8 12 12 18 14 19 9 19 8 7 12 5 3 14 3 11 11 10 18 8 4 20 10 10 12 4 7 6 18 13 17 15 5 20 16 7 5 5 5 15 9 4 19 11 17 9 19 16 7 12 19 20 17 18 16 16 7 20 7 6 16 15 16 11 14 18 18 10 14 10 3 14 20 12 11 14 11 18 8 19 6 9 8 17 10 3 3 16 10 5 4 11 13 15 16 6 8 9 19 3 13 20 16 11 17 11 16 3 5 10 4 9 12 6 16 9 3 13 17 10 3 9 16 18 6 13 4 5 7 8 13 12 19 11 12 20 7 16 9 19 7 20 7 13 9 8 7 15 15 9 14 20 7 15 17 18 16 15 16 16 16 4 6 7 7 11 19 6 4 18 10 9 9 16 18 9 11 15 15 5 11 7 11 5 6 17 4 17 9 20 14 15 8 16 9 18 10 18 3 12 16 7 16 19 6 10 19 14 18 17 19 5 19 20 18 14 11 5 3 4 12 11 9 19 9 7 10 9 6 9 13 14 4 5 13 12 14 14 19 11 15 18 12 9 17 11 18 12 7 18 9 16 19 15 15 3 20 5 16 7 12 18 8 14 7 3 14 9 9 15 12 10 13 9 19 17 12 16 6 6 15 19 13 19 11 12 15 7 8 18 19 11 15 18 19 7 19 15 5 12 3 13 17 10 8 16 16 3 17 18 20 5 11 3 16 14 17 4 5 5 9 13 9 11 6 16 17 17 12 7 16 8 19 16 18 15 15 14 16 4 10 14 8 12 4 8 3 20 10 17 13 8 10 15
1 14 2
113 376
1 11 2
421 488
1 11 2
96 437
1 6 2
30 487
1 3 2
109 160
1 4 2
183 485
1 7 2
260 307
1 13 2
115 447
1 10 2
231 296
1 13 2
66 88
1 6 2
2 255
1 12 2
71 358
1 7 2
19 280
1 3 2
46 212
1 15 2
117 373
1 9 2
275 480
1 15 2
282 302
1 6 2
201 301
1 8 2
77 334
1 14 2
31 392
1 7 2
101 117
1 10 2
35 371
1 6 2
207 319
1 7 2
214 412
1 7 2
102 463
1 14 2
28 172
1 9 2
236 342
1 5 2
316 440
1 3 2
42 486
1 10 2
22 404
1 6 2
106 250
1 14 2
154 411
1 5 2
100 166
1 11 2
26 259
1 7 2
269 466
1 14 2
94 320
1 8 2
107 490
1 11 2
11 181
1 6 2
111 325
1 15 2
143 172
1 5 2
37 367
1 3 2
396 472
1 11 2
86 468
1 15 2
20 126
1 14 2
29 280
1 2 2
43 237
1 4 2
36 369
1 4 2
134 462
1 11 2
272 345
1 5 2
300 316
1 14 2
261 324
1 6 2
56 353
1 11 2
66 300
1 5 2
13 420
1 9 2
88 127
1 9 2
28 180
1 4 2
192 423
1 9 2
368 393
1 3 2
78 469
1 11 2
149 335
1 2 2
19 490
1 8 2
44 423
1 6 2
17 98
1 14 2
37 355
1 4 2
363 367
1 13 2
392 396
1 7 2
68 240
1 2 2
406 432
1 5 2
158 170
1 11 2
190 416
1 6 2
63 247
1 13 2
281 399
1 2 2
201 493
1 12 2
2 115
1 12 2
52 360
1 12 2
72 223
1 9 2
220 223
1 7 2
305 377
1 14 2
39 281
1 10 2
78 321
1 10 2
232 375
1 6 2
103 322
1 2 2
310 317
1 4 2
76 330
1 2 2
126 259
1 2 2
157 323
1 5 2
223 351
1 11 2
486 494
1 8 2
288 458
1 3 2
62 126
1 5 2
175 367
1 4 2
368 493
1 3 2
334 473
1 8 2
311 319
1 3 2
63 352
1 8 2
52 382
1 11 2
421 474
1 10 2
175 460
1 14 2
34 327
1 10 2
14 215
1 9 2
137 412
1 7 2
100 479
1 11 2
164 287
1 10 2
98 463
1 14 2
44 306
1 10 2
189 276
1 8 2
72 235
1 9 2
71 410
1 6 2
211 459
1 5 2
61 411
1 12 2
298 485
1 6 2
165 310
1 7 2
135 252
1 7 2
292 400
1 15 2
269 300
1 8 2
32 107
1 6 2
69 262
1 13 2
347 482
1 12 2
60 94
1 11 2
11 439
1 2 2
103 334
1 4 2
135 281
1 3 2
120 237
1 14 2
17 45
1 10 2
7 223
1 7 2
303 388
1 9 2
143 311
1 10 2
172 217
1 2 2
29 208
1 15 2
1 11
1 15 2
358 439
1 13 2
349 499
1 15 2
10 375
1 6 2
162 386
1 10 2
65 170
1 14 2
275 410
1 7 2
249 309
1 7 2
55 438
1 13 2
256 426
1 13 2
378 469
1 10 2
72 266
1 11 2
187 202
1 2 2
33 318
1 2 2
250 484
1 7 2
104 479
1 11 2
12 417
1 2 2
85 266
1 9 2
58 325
1 14 2
79 176
1 7 2
22 279
1 5 2
73 462
1 14 2
10 98
1 3 2
335 461
1 4 2
149 342
1 14 2
233 256
1 13 2
104 270
1 2 2
84 117
1 5 2
39 294
1 14 2
336 489
1 9 2
5 69
1 4 2
60 420
1 4 2
26 327
1 4 2
95 103
1 2 2
158 349
1 11 2
59 309
1 9 2
45 191
1 11 2
165 259
1 3 2
351 385
1 11 2
93 360
1 8 2
241 451
1 12 2
6 374
1 3 2
156 330
1 9 2
24 460
1 11 2
196 449
1 5 2
75 472
1 12 2
4 364
1 12 2
413 430
1 7 2
28 177
1 4 2
362 398
1 11 2
76 79
1 10 2
5 484
1 7 2
172 204
1 11 2
131 253
1 14 2
91 169
1 8 2
240 284
1 2 2
271 461
1 12 2
77 447
1 5 2
67 469
1 11 2
190 451
1 9 2
40 157
1 7 2
355 400
1 5 2
36 399
1 7 2
223 461
1 10 2
86 144
1 14 2
140 401
1 6 2
472 477
1 3 2
227 459
1 7 2
244 431
1 14 2
24 100
1 3 2
75 335
1 6 2
172 354
1 11 2
175 288
1 7 2
227 272
1 14 2
80 393
1 14 2
221 251
1 11 2
1 479
1 4 2
6 360
1 8 2
249 329
1 11 2
43 161
1 4 2
197 464
1 7 2
36 288
1 3 2
357 432
1 14 2
117 497
1 11 2
87 328
1 4 2
304 402
1 6 2
84 152
1 6 2
134 135
1 10 2
15 170
1 8 2
260 411
1 6 2
161 373
1 15 2
19 408
1 15 2
63 248
1 11 2
91 283
1 2 2
220 240
1 14 2
147 362
1 15 2
287 436
1 8 2
424 496
1 13 2
257 360
1 5 2
266 389
1 14 2
32 206
1 13 2
57 354
1 3 2
364 419
1 10 2
209 233
1 3 2
30 418
1 6 2
160 285
1 14 2
178 251
1 6 2
211 257
1 6 2
68 308
1 11 2
133 468
1 14 2
250 307
1 2 2
148 207
1 13 2
162 273
1 2 2
456 465
1 4 2
220 237
1 9 2
83 290
1 8 2
80 149
1 15 2
77 371
1 12 2
181 422
1 15 2
37 288
1 7 2
147 404
1 15 2
94 279
1 6 2
106 420
1 2 2
188 310
1 2 2
190 311
1 2 2
315 391
1 12 2
5 154
1 11 2
123 312
1 11 2
45 81
1 5 2
79 226
1 4 2
9 480
1 11 2
59 487
1 14 2
301 441
1 11 2
170 275
1 5 2
26 269
1 14 2
384 397
1 13 2
59 350
1 11 2
32 387
1 9 2
45 62
1 3 2
19 65
1 7 2
2 434
1 12 2
401 469
1 12 2
197 265
1 8 2
107 411
1 10 2
166 324
1 12 2
118 191
1 9 2
130 134
1 10 2
144 350
1 5 2
41 138
1 5 2
27 49
1 9 2
41 103
1 2 2
226 245
1 13 2
88 321
1 8 2
30 187
1 8 2
296 348
1 3 2
10 236
1 6 2
18 358
1 5 2
422 452
1 10 2
70 310
1 3 2
79 351
1 3 2
156 231
1 12 2
130 209
1 2 2
35 321
1 2 2
128 299
1 14 2
308 340
1 6 2
150 250
1 2 2
242 278
1 8 2
128 292
1 13 2
126 190
1 6 2
79 274
1 6 2
131 451
1 12 2
32 115
1 4 2
41 274
1 5 2
281 319
1 9 2
42 370
1 3 2
86 108
1 10 2
83 456
1 5 2
188 343
1 13 2
349 411
1 8 2
409 424
1 14 2
108 181
1 5 2
236 347
1 9 2
27 232
1 3 2
149 157
1 4 2
71 203
1 7 2
242 346
1 7 2
472 492
1 11 2
12 245
1 11 2
172 364
1 12 2
143 372
1 2 2
201 242
1 6 2
459 489
1 6 2
57 106
1 8 2
461 469
1 11 2
357 437
1 3 2
152 420
1 13 2
63 160
1 3 2
78 247
1 10 2
122 230
1 13 2
208 471
1 6 2
203 410
1 3 2
106 435
1 11 2
153 214
1 12 2
316 374
1 5 2
451 461
1 7 2
122 334
1 13 2
333 465
1 7 2
164 275
1 8 2
335 386
1 5 2
116 122
1 8 2
74 366
1 5 2
320 377
1 5 2
49 119
1 12 2
25 351
1 10 2
376 461
1 8 2
26 131
1 4 2
36 240
1 11 2
88 290
1 11 2
88 152
1 10 2
121 478
1 13 2
251 283
1 13 2
2 249
1 8 2
68 122
1 3 2
135 404
1 7 2
75 199
1 3 2
343 378
1 12 2
348 473
1 4 2
246 299
1 15 2
126 270
1 3 2
89 322
1 14 2
156 280
1 9 2
93 201
1 8 2
8 245
1 12 2
165 187
1 8 2
280 455
1 8 2
190 222
1 2 2
381 433
1 15 2
66 348
1 15 2
82 251
1 2 2
152 344
1 14 2
5 298
1 12 2
101 323
1 7 2
134 267
1 9 2
51 145
1 7 2
37 76
1 11 2
157 437
1 13 2
278 472
1 15 2
244 366
1 8 2
65 289
1 10 2
243 389
1 8 2
122 322
1 5 2
477 488
1 7 2
5 189
1 4 2
82 443
1 4 2
187 282
1 2 2
328 465
1 10 2
331 494
1 8 2
68 169
1 12 2
55 160
1 7 2
26 226
1 2 2
344 379
1 14 2
17 144
1 13 2
70 225
1 14 2
283 385
1 8 2
96 283
1 13 2
51 220
1 2 2
2 483
1 8 2
128 192
1 2 2
369 410
1 9 2
401 429
1 9 2
179 187
1 6 2
106 439
1 4 2
432 439
1 4 2
243 386
1 7 2
138 284
1 10 2
9 341
1 13 2
495 496
1 6 2
253 360
1 15 2
114 264
1 2 2
199 350
1 6 2
217 495
1 5 2
28 348
1 11 2
50 63
1 9 2
131 193
1 5 2
303 337
1 4 2
414 433
1 14 2
0 418
1 7 2
78 490
1 8 2
51 102
1 7 2
37 98
1 10 2
178 244
1 11 2
141 186
1 14 2
85 371
1 8 2
140 423
1 3 2
331 473
1 10 2
324 366
1 6 2
162 219
1 4 2
224 243
1 15 2
217 408
1 15 2
99 209
1 2 2
161 237
1 4 2
46 426
1 7 2
284 413
1 14 2
43 362
1 2 2
139 155
1 2 2
306 409
1 10 2
110 318
1 11 2
118 310
1 3 2
15 268
1 10 2
133 151
1 2 2
86 379
1 14 2
119 356
1 6 2
258 326
1 12 2
428 487
1 4 2
129 305
1 7 2
45 478
1 2 2
104 399
1 10 2
94 205
1 3 2
247 416
1 5 2
104 259
1 7 2
172 377
1 6 2
89 95
1 6 2
249 352
1 4 2
379 435
1 7 2
240 381
1 14 2
371 492
1 15 2
192 246
1 15 2
98 128
1 7 2
221 492
1 2 2
128 337
1 15 2
120 429
1 2 2
203 248
1 3 2
447 477
1 12 2
249 376
1 9 2
38 61
1 13 2
116 320
1 8 2
30 304
1 5 2
48 423
1 8 2
47 120
1 7 2
66 274
1 11 2
133 181
1 7 2
85 426
1 4 2
256 384
1 11 2
5 289
1 8 2
255 329
1 10 2
326 378
1 11 2
11 437
1 12 2
33 493
1 6 2
105 181
1 14 2
265 466
1 14 2
56 480
1 14 2
104 214
1 8 2
333 392
1 10 2
36 381
1 6 2
88 286
1 11 2
283 340
1 5 2
350 378
1 5 2
69 155
1 12 2
275 328
1 8 2
8 413
1 11 2
348 439
1 13 2
212 478
1 11 2
115 458
1 9 2
75 77
1 9 2
207 334
1 15 2
2 179
1 14 2
169 387
1 12 2
178 346
1 3 2
143 327
1 11 2
125 233
1 2 2
265 462
1 6 2
142 383
1 13 2
35 362
1 3 2
135 343
1 8 2
358 445
1 2 2
413 475
1 9 2
119 302
1 6 2
379 401
1 4 2
77 232
1 4 2
252 321
1 4 2
112 221
1 11 2
85 140
1 15 2
393 447
1 8 2
197 421
1 10 2
160 309
1 13 2
338 407
1 9 2
37 448
1 11 2
256 439
1 7 2
129 304
1 6 2
212 464
1 11 2
385 479
1 3 2
204 475
1 15 2
150 366
1 7 2
271 448
1 8 2
157 489
1 11 2
189 464
1 4 2
273 383
1 11 2
133 288
1 7 2
310 488
1 12 2
148 491
1 10 2
69 90
1 6 2
143 182
1 14 2
170 446
1 2 2
3 172
1 10 2
146 337
1 12 2
208 464
1 13 2
211 225
1 4 2
17 41
1 13 2
34 357
1 6 2
232 362
1 4 2
211 220
1 7 2
12 90
1 12 2
170 258
1 8 2
262 289
1 9 2
111 231
1 12 2
400 434
1 6 2
392 486
1 5 2
176 345
1 10 2
100 188
1 2 2
192 374
1 12 2
3 10
1 5 2
355 455
1 13 2
210 220
1 11 2
123 144
1 9 2
238 263
1 5 2
257 275
1 8 2
110 258
1 13 2
100 404
1 4 2
328 498
1 8 2
107 179
1 11 2
276 385
1 7 2
41 244
1 12 2
304 308
1 12 2
100 202
1 10 2
173 437
1 6 2
304 400
1 9 2
322 391
1 14 2
16 178
1 8 2
66 285
1 14 2
49 471
1 12 2
288 442
1 12 2
120 159
1 12 2
8 59
1 9 2
69 348
1 13 2
40 213
1 9 2
446 459
1 2 2
159 171
1 7 2
359 410
1 13 2
203 228
1 13 2
95 470
1 11 2
225 436
1 14 2
153 255
1 4 2
221 365
1 11 2
402 419
1 14 2
77 391
1 11 2
211 309
1 14 2
163 371
1 7 2
350 484
1 12 2
204 444
1 4 2
305 309
1 5 2
79 350
1 2 2
270 478
1 9 2
193 276
1 5 2
118 351
1 12 2
32 238
1 12 2
191 317
1 4 2
63 212
1 3 2
289 312
1 14 2
95 185
1 2 2
191 319
1 8 2
180 436
1 6 2
216 367
1 10 2
91 364
1 8 2
49 83
1 12 2
441 471
1 13 2
61 175
1 14 2
142 315
1 8 2
102 264
1 13 2
84 446
1 3 2
233 249
1 8 2
422 467
1 10 2
235 323
1 12 2
155 352
1 13 2
239 343
1 14 2
4 431
1 7 2
333 481
1 10 2
206 228
1 15 2
51 54
1 5 2
230 384
1 9 2
168 486
1 9 2
16 229
1 2 2
85 441
1 14 2
314 357
1 8 2
291 354
1 6 2
227 405
1 11 2
277 452
1 9 2
236 429
1 7 2
212 350
1 4 2
216 339
1 5 2
220 312
1 14 2
29 335
1 5 2
18 79
1 11 2
94 319
1 4 2
28 314
1 4 2
165 180
1 14 2
14 463
1 11 2
203 299
1 10 2
28 108
1 6 2
236 348
1 8 2
216 387
1 10 2
152 456
1 14 2
200 487
1 7 2
341 344
1 6 2
241 486
1 15 2
264 475
1 15 2
249 425
1 9 2
283 307
1 14 2
278 355
1 13 2
88 327
1 12 2
244 327
1 7 2
206 286
1 4 2
411 413
1 3 2
52 227
1 15 2
98 443
1 6 2
95 96
1 4 2
151 179
1 6 2
174 221
1 2 2
227 280
1 13 2
36 89
1 5 2
106 314
1 8 2
164 233
1 15 2
168 347
1 15 2
59 322
1 7 2
248 292
1 11 2
108 299
1 2 2
244 436
1 13 2
74 146
1 10 2
344 378
1 2 2
323 442
1 7 2
74 204
1 10 2
15 389
1 3 2
78 200
1 2 2
40 232
1 8 2
46 51
1 7 2
6 387
1 2 2
359 430
1 9 2
455 458
1 11 2
234 388
1 12 2
82 258
1 2 2
187 483
1 2 2
137 395
1 8 2
248 274
1 11 2
311 314
1 6 2
54 390
1 11 2
70 126
1 10 2
210 333
1 6 2
124 386
1 5 2
206 374
1 9 2
126 137
1 10 2
6 151
1 8 2
27 135
1 11 2
112 220
1 14 2
127 317
1 7 2
79 307
1 4 2
146 315
1 15 2
40 356
1 10 2
136 283
1 4 2
213 272
1 4 2
216 294
1 14 2
142 281
1 4 2
54 319
1 11 2
192 415
1 3 2
42 237
1 4 2
23 295
1 3 2
149 435
1 7 2
178 224
1 4 2
35 444
1 12 2
133 173
1 14 2
103 280
1 9 2
102 262
1 3 2
10 279
1 12 2
27 287
1 3 2
225 230
1 10 2
56 124
1 5 2
82 404
1 2 2
263 363
1 4 2
212 254
1 10 2
109 357
1 7 2
307 435
1 10 2
140 220
1 4 2
271 284
1 11 2
93 198
1 10 2
204 428
1 2 2
414 434
1 12 2
58 292
1 5 2
143 407
1 5 2
43 424
1 10 2
140 413
1 9 2
261 270
1 3 2
322 416
1 6 2
15 248
1 12 2
140 212
1 15 2
114 385
1 2 2
115 469
1 3 2
418 444
1 11 2
11 498
1 13 2
315 327
1 4 2
50 344
1 14 2
61 354
1 9 2
341 399
1 11 2
210 380
1 8 2
62 327
1 14 2
104 205
1 2 2
276 431
1 8 2
48 145
1 11 2
299 318
1 5 2
95 163
1 10 2
109 331
1 8 2
21 263
1 14 2
232 317
1 7 2
363 455
1 3 2
346 411
1 14 2
87 217
1 11 2
107 182
1 8 2
356 406
1 9 2
32 188
1 4 2
40 159
1 12 2
253 430
1 8 2
206 274
1 11 2
196 455
1 12 2
269 272
1 7 2
312 427
1 2 2
173 287
1 14 2
245 336
1 7 2
63 298
1 3 2
65 222
1 12 2
30 249
1 7 2
98 343
1 5 2
37 382
1 15 2
76 440
1 8 2
225 321
1 12 2
250 348
1 14 2
28 32
1 14 2
256 418
1 7 2
337 403
1 6 2
297 426
1 4 2
143 242
1 11 2
45 220
1 10 2
317 385
1 8 2
103 333
1 9 2
262 419
1 8 2
111 319
1 11 2
68 106
1 11 2
101 187
1 15 2
343 408
1 8 2
383 384
1 13 2
109 164
1 10 2
90 381
1 7 2
349 479
1 15 2
114 427
1 10 2
267 435
1 3 2
90 116
1 10 2
431 489
1 6 2
142 282
1 12 2
463 497
1 5 2
385 420
1 9 2
367 444
1 14 2
361 418
1 7 2
204 463
1 7 2
319 346
1 10 2
283 454
1 12 2
91 192
1 11 2
56 301
1 7 2
14 410
1 13 2
166 235
1 8 2
102 205
1 11 2
135 187
1 5 2
246 256
1 12 2
121 424
1 5 2
62 244
1 12 2
12 442
1 12 2
308 334
1 14 2
258 372
1 2 2
120 482
1 15 2
24 354
1 3 2
277 366
1 5 2
22 59
1 15 2
77 433
1 8 2
81 131
1 15 2
264 358
1 4 2
130 164
1 9 2
18 253
1 12 2
66 499
1 11 2
101 327
1 2 2
237 293
1 4 2
82 435
1 6 2
259 389
1 6 2
318 370
1 15 2
25 244
1 14 2
203 393
1 10 2
340 441
1 5 2
244 334
1 8 2
273 368
1 11 2
108 428
1 14 2
243 441
1 4 2
19 351
1 3 2
112 309
1 10 2
12 408
1 4 2
158 486
1 5 2
11 39
1 13 2
12 406
1 3 2
117 439
1 5 2
180 206
1 11 2
49 57
1 8 2
403 428
1 12 2
211 387
1 7 2
220 264
1 9 2
366 381
1 2 2
329 400
1 13 2
160 291
1 7 2
89 112
1 5 2
223 271
1 8 2
78 230
1 13 2
237 466
1 2 2
100 436
1 10 2
103 222
1 4 2
31 257
1 4 2
4 193
1 14 2
38 182
1 8 2
200 381
1 7 2
65 141
1 4 2
161 252
1 8 2
3 440
1 6 2
18 398
1 15 2
379 411
1 8 2
282 387
1 10 2
42 98
1 11 2
179 497
1 12 2
294 347
1 8 2
264 451
1 11 2
236 467
1 4 2
8 359
1 15 2
42 443
1 3 2
39 348
1 8 2
424 443
1 5 2
233 415
1 5 2
299 396
1 3 2
237 365
1 4 2
48 193
1 4 2
45 411
1 10 2
10 119
1 10 2
290 454
1 5 2
155 235
1 3 2
91 108
1 3 2
264 440
1 14 2
26 313
1 6 2
162 265
1 10 2
101 487
1 12 2
100 415
1 12 2
105 438
1 14 2
379 387
1 9 2
136 219
1 2 2
387 445
1 11 2
177 451
1 15 2
213 236
1 6 2
140 472
1 10 2
198 200
1 11 2
110 381
1 2 2
80 347
1 2 2
376 378
1 13 2
152 372
1 15 2
142 316
1 10 2
368 389
1 12 2
66 126
1 6 2
263 295
1 3 2
10 91
1 2 2
51 436
1 3 2
268 296
1 3 2
167 395
1 14 2
129 143
1 3 2
142 478
1 13 2
129 229
1 3 2
43 396
1 13 2
454 458
1 15 2
35 326
1 10 2
76 344
1 5 2
71 425
1 5 2
12 211
1 5 2
81 401
1 14 2
12 188
1 6 2
346 427
1 6 2
26 116
1 13 2
346 470
1 2 2
232 440
1 8 2
43 391
1 2 2
1 420
1 11 2
161 305
1 15 2
33 434
1 10 2
144 286
1 7 2
70 247
1 7 2
30 469
1 9 2
157 299
1 14 2
18 277
1 8 2
13 160
1 11 2
162 218
1 2 2
144 192
1 7 2
237 250
1 12 2
25 156
1 5 2
273 276
1 9 2
384 444
1 5 2
66 424
1 12 2
256 323
1 5 2
17 137
1 2 2
259 375
1 4 2
76 495
1 7 2
278 366
1 15 2
276 400
1 12 2
209 323
1 7 2
13 393
1 2 2
252 338
1 9 2
212 408
1 11 2
226 285
1 10 2
72 262
1 11 2
248 262
1 10 2
224 492
1 8 2
175 387
1 4 2
56 436
1 10 2
351 406
1 5 2
71 174
1 13 2
86 161
1 7 2
95 235
1 2 2
96 270
1 15 2
109 341
1 10 2
193 282
1 8 2
4 472
1 15 2
41 65
1 2 2
142 165
1 14 2
326 333
1 3 2
57 271
1 11 2
63 171
1 13 2
85 246
1 9 2
239 258
1 13 2
21 99
1 2 2
407 470
1 13 2
130 189
1 15 2
54 303
1 6 2
242 489
1 2 2
159 357
1 3 2
0 472
1 3 2
122 477
1 6 2
232 404
1 7 2
210 396
1 14 2
111 408
1 8 2
38 125
1 12 2
238 341
1 6 2
166 331
1 5 2
147 179
1 3 2
10 165
1 4 2
201 413
1 15 2
8 98
1 8 2
9 308
1 10 2
366 395
1 8 2
389 494
1 10 2
133 424
1 15 2
108 469
1 4 2
1 22
1 3 2
6 155
1 11 2
133 233
1 11 2
78 260
1 15 2
142 313
1 2 2
139 394
1 2 2
69 391
1 5 2
149 192
1 15 2
294 351
1 4 2
172 334
1 12 2
3 482
1 4 2
216 404
1 6 2
183 396
1 13 2
67 294
1 14 2
5 423
1 2 2
192 201
1 14 2
208 380
1 7 2
264 438
1 3 2
450 452
1 3 2
273 456
1 9 2
162 495
1 13 2
124 292
1 7 2
79 114
1 8 2
47 90
1 7 2
442 486
1 10 2
90 447
1 3 2
228 248
1 14 2
179 201
1 10 2
166 182
1 3 2
313 437
1 4 2
75 105
1 12 2
101 181
1 11 2
330 454
1 12 2
42 313
1 6 2
423 489
1 6 2
431 464
1 12 2
151 341
1 12 2
183 218
1 12 2
0 215
1 13 2
149 158
1 7 2
29 387
1 5 2
1 400
1 3 2
77 417
1 2 2
193 369
1 10 2
263 301
1 5 2
37 64
1 6 2
116 177
1 10 2
175 350
1 13 2
147 333
1 6 2
26 146
1 3 2
138 400
1 6 2
95 119
1 9 2
267 378
1 11 2
427 476
1 5 2
237 452
1 5 2
2 3
1 4 2
122 388
1 8 2
322 390
1 12 2
427 453
1 9 2
85 260
1 13 2
125 248
1 13 2
41 104
1 3 2
451 487
1 4 2
108 209
1 3 2
136 293
1 12 2
422 471
1 8 2
130 172
1 11 2
296 473
1 9 2
324 394
1 8 2
87 454
1 15 2
176 383
1 12 2
56 416
1 3 2
370 401
1 10 2
182 260
1 8 2
267 340
1 15 2
120 412
1 8 2
27 195
1 12 2
233 434
1 2 2
388 441
1 14 2
256 344
1 8 2
109 212
1 9 2
383 465
1 11 2
213 243
1 14 2
251 374
1 15 2
251 490
1 12 2
135 412
1 14 2
140 157
1 7 2
0 69
1 11 2
40 124
1 4 2
117 402
1 13 2
316 345
1 3 2
67 322
1 11 2
61 346
1 4 2
13 335
1 10 2
273 446
1 13 2
262 438
1 11 2
142 419
1 11 2
199 310
1 5 2
11 223
1 14 2
6 212
1 8 2
94 141
1 7 2
132 467
1 2 2
8 264
1 4 2
168 255
1 2 2
263 312
1 13 2
180 268
1 9 2
126 328
1 15 2
184 451
1 15 2
52 345
1 13 2
37 211
1 12 2
263 472
1 12 2
369 453
1 12 2
66 95
1 13 2
13 224
1 2 2
55 478
1 7 2
65 488
1 5 2
142 336
1 5 2
43 400
1 7 2
90 244
1 9 2
240 270
1 12 2
300 345
1 9 2
227 470
1 3 2
108 406
1 8 2
59 206
1 13 2
45 427
1 7 2
52 298
1 12 2
253 498
1 10 2
6 149
1 14 2
209 225
1 4 2
171 321
1 10 2
385 485
1 3 2
140 266
1 3 2
36 342
1 4 2
130 351
1 12 2
426 472
1 3 2
13 491
1 13 2
5 315
1 6 2
414 490
1 15 2
250 397
1 4 2
285 377
1 10 2
203 286
1 2 2
148 399
1 9 2
192 371
1 9 2
63 126
1 14 2
118 122
1 3 2
110 401
1 15 2
327 357
1 5 2
43 374
1 2 2
326 451
1 13 2
174 312
1 12 2
222 457
1 7 2
283 380
1 10 2
290 381
1 9 2
341 484
1 4 2
20 22
1 4 2
326 422
1 15 2
237 420
1 11 2
296 310
1 3 2
137 195
1 9 2
113 433
1 5 2
256 361
1 14 2
452 479
1 3 2
220 322
1 11 2
66 353
1 2 2
470 477
1 7 2
248 450
1 4 2
153 496
1 15 2
313 451
1 3 2
180 286
1 8 2
20 102
1 13 2
308 376
1 13 2
128 286
1 15 2
162 251
1 9 2
82 477
1 10 2
47 231
1 7 2
78 153
1 6 2
97 246
1 7 2
55 307
1 13 2
175 464
1 6 2
184 234
1 14 2
71 457
1 10 2
367 383
1 12 2
405 412
1 11 2
15 260
1 6 2
235 405
1 11 2
127 339
1 10 2
324 456
1 15 2
137 264
1 12 2
88 377
1 12 2
280 417
1 15 2
85 238
1 6 2
164 240
1 12 2
114 177
1 7 2
99 180
1 11 2
73 179
1 3 2
27 97
1 11 2
367 377
1 10 2
208 250
1 6 2
134 477
1 4 2
171 408
1 2 2
204 346
1 8 2
289 491
1 4 2
319 333
1 9 2
135 411
1 6 2
276 361
1 2 2
90 460
1 12 2
32 274
1 3 2
64 189
1 15 2
131 213
1 2 2
16 150
1 8 2
79 117
1 9 2
323 481
1 4 2
380 381
1 11 2
133 247
1 3 2
260 373
1 13 2
212 320
1 11 2
166 467
1 13 2
361 490
1 15 2
276 379
1 13 2
11 307
1 6 2
61 191
1 7 2
88 325
1 2 2
4 132
1 6 2
450 474
1 6 2
35 485
1 12 2
96 333
1 6 2
291 361
1 14 2
200 225
1 13 2
20 30
1 11 2
155 183
1 11 2
107 391
1 5 2
338 488
1 11 2
174 260
1 7 2
57 238
1 15 2
189 270
1 12 2
67 119
1 14 2
78 240
1 9 2
415 420
1 13 2
346 462
1 2 2
188 318
1 11 2
331 368
1 12 2
287 406
1 7 2
350 480
1 6 2
101 302
1 7 2
35 276
1 10 2
72 356
1 10 2
48 445
1 5 2
369 485
1 15 2
84 203
1 13 2
242 365
1 3 2
104 431
1 3 2
87 338
1 12 2
77 210
1 2 2
58 163
1 13 2
293 460
1 2 2
132 268
1 11 2
71 235
1 13 2
16 93
1 5 2
83 151
1 5 2
432 444
1 4 2
118 395
1 7 2
1 450
1 15 2
99 495
1 13 2
22 260
1 11 2
49 360
1 14 2
242 246
1 10 2
17 264
1 4 2
100 463
1 12 2
116 241
1 3 2
316 497
1 15 2
153 278
1 8 2
258 350
1 11 2
177 431
1 2 2
375 382
1 13 2
63 459
1 2 2
111 300
1 13 2
150 445
1 6 2
105 189
1 10 2
42 437
1 13 2
183 404
1 6 2
228 274
1 15 2
268 497
1 15 2
137 179
1 8 2
353 489
1 7 2
452 467
1 7 2
297 324
1 7 2
11 292
1 6 2
59 177
1 15 2
149 267
1 11 2
89 445
1 11 2
70 482
1 9 2
390 399
1 11 2
225 497
1 7 2
314 316
1 15 2
93 356
1 5 2
50 414
1 5 2
146 235
1 11 2
56 197
1 10 2
368 429
1 14 2
112 119
1 2 2
14 199
1 10 2
274 421
1 15 2
136 451
1 15 2
152 184
1 15 2
359 397
1 13 2
168 305
1 13 2
145 284
1 3 2
41 387
1 14 2
60 351
1 4 2
5 38
1 11 2
52 436
1 7 2
171 461
1 11 2
475 493
1 5 2
2 381
1 3 2
75 182
1 12 2
83 250
1 11 2
99 313
1 15 2
360 497
1 4 2
43 153
1 6 2
53 97
1 14 2
20 483
1 14 2
202 330
1 7 2
198 498
1 12 2
373 496
1 6 2
320 435
1 3 2
275 358
1 4 2
187 382
1 15 2
297 365
1 6 2
6 181
1 3 2
139 473
1 10 2
277 444
1 6 2
26 50
1 11 2
39 447
1 4 2
21 156
1 6 2
286 336
1 2 2
238 272
1 6 2
185 414
1 6 2
342 397
1 13 2
106 175
1 14 2
114 405
1 14 2
89 230
1 5 2
207 411
1 7 2
61 107
1 2 2
40 438
1 14 2
196 378
1 5 2
8 411
1 8 2
198 489
1 3 2
14 340
1 5 2
448 461
1 11 2
266 299
1 13 2
9 196
1 13 2
286 466
1 9 2
54 489
1 2 2
185 474
1 3 2
25 331
1 13 2
310 464
1 6 2
122 317
1 8 2
212 248
1 2 2
77 355
1 4 2
178 378
1 6 2
355 410
1 15 2
122 478
1 9 2
33 256
1 4 2
356 442
1 2 2
69 346
1 11 2
150 239
1 5 2
313 454
1 9 2
87 292
1 11 2
49 425
1 11 2
94 392
1 15 2
84 484
1 12 2
173 266
1 10 2
282 403
1 5 2
37 350
1 10 2
134 388
1 6 2
81 138
1 8 2
147 272
1 5 2
145 248
1 8 2
236 324
1 8 2
399 438
1 12 2
302 451
1 11 2
75 159
1 12 2
213 438
1 3 2
451 483
1 4 2
58 137
1 3 2
90 496
1 7 2
40 424
1 9 2
300 313
1 2 2
213 350
1 11 2
155 282
1 15 2
74 466
1 11 2
372 447
1 6 2
10 55
1 14 2
78 474
1 6 2
337 446
1 6 2
412 478
1 15 2
357 448
1 4 2
60 227
1 2 2
42 301
1 6 2
432 435
1 11 2
90 194
1 13 2
188 376
1 12 2
467 483
1 8 2
280 426
1 2 2
182 334
1 6 2
250 282
1 4 2
124 422
1 12 2
194 284
1 9 2
2 63
1 7 2
268 327
1 11 2
226 307
1 3 2
119 412
1 2 2
350 471
1 12 2
215 269
1 5 2
80 372
1 13 2
249 259
1 12 2
352 438
1 5 2
124 299
1 15 2
127 408
1 3 2
17 451
1 9 2
317 389
1 12 2
114 192
1 11 2
432 483
1 7 2
129 450
1 7 2
208 327
1 11 2
250 486
1 5 2
80 387
1 11 2
324 388
1 8 2
57 245
1 9 2
4 161
1 8 2
204 480
1 15 2
126 484
1 11 2
221 405
1 4 2
102 416
1 12 2
124 460
1 4 2
120 480
1 9 2
9 323
1 5 2
118 233
1 2 2
100 481
1 7 2
83 428
1 2 2
64 168
1 14 2
345 494
1 10 2
400 495
1 5 2
48 379
1 15 2
96 394
1 4 2
209 386
1 12 2
82 327
1 6 2
75 132
1 10 2
43 189
1 9 2
286 436
1 13 2
180 337
1 8 2
105 323
1 12 2
174 370
1 11 2
184 202
1 13 2
57 221
1 9 2
123 260
1 13 2
135 261
1 4 2
133 368
1 12 2
118 497
1 13 2
32 337
1 6 2
62 219
1 13 2
79 453
1 6 2
130 252
1 10 2
154 435
1 5 2
100 226
1 6 2
71 421
1 15 2
275 411
1 2 2
79 259
1 7 2
62 353
1 4 2
61 236
1 13 2
235 430
1 5 2
306 366
1 10 2
387 468
1 3 2
81 253
1 12 2
101 493
1 8 2
11 166
1 3 2
77 380
1 5 2
314 327
1 15 2
200 372
1 14 2
94 199
1 7 2
218 386
1 7 2
127 444
1 10 2
62 375
1 12 2
318 405
1 14 2
66 495
1 15 2
125 354
1 5 2
71 156
1 8 2
40 240
1 11 2
397 399
1 4 2
447 484
1 13 2
138 253
1 2 2
22 228
1 13 2
162 167
1 11 2
44 108
1 13 2
11 419
1 9 2
230 417
1 4 2
223 485
1 14 2
175 226
1 9 2
128 424
1 7 2
251 496
1 12 2
31 423
1 15 2
331 415
1 14 2
106 432
1 14 2
73 78
1 15 2
154 487
1 13 2
118 160
1 2 2
484 491
1 3 2
21 138
1 3 2
182 322
1 12 2
242 401
1 8 2
0 214
1 13 2
23 187
1 10 2
260 443
1 3 2
16 374
1 15 2
366 406
1 5 2
76 136
1 13 2
212 261
1 2 2
64 91
1 3 2
199 496
1 9 2
49 148
1 2 2
26 399
1 3 2
380 406
1 12 2
11 243
1 10 2
51 79
1 5 2
305 402
1 10 2
367 455
1 7 2
355 409
1 12 2
279 328
1 5 2
383 424
1 14 2
223 226
1 6 2
111 221
1 5 2
156 254
1 7 2
133 259
1 5 2
193 268
1 4 2
210 331
1 3 2
195 233
1 12 2
330 469
1 12 2
104 116
1 3 2
396 497
1 4 2
412 451
1 5 2
34 170
1 4 2
231 262
1 15 2
29 471
1 3 2
42 167
1 6 2
268 400
1 15 2
130 478
1 13 2
339 456
1 2 2
72 187
1 6 2
80 412
1 8 2
267 279
1 15 2
1 150
1 15 2
210 347
1 13 2
117 189
1 15 2
63 461
1 7 2
179 376
1 9 2
197 450
1 13 2
168 403
1 8 2
139 405
1 5 2
148 496
1 7 2
162 174
1 5 2
60 469
1 14 2
109 467
1 15 2
88 93
1 11 2
231 232
1 6 2
127 140
1 4 2
334 441
1 3 2
121 145
1 9 2
11 49
1 5 2
188 237
1 13 2
269 362
1 6 2
203 234
1 14 2
107 334
1 14 2
67 276
1 13 2
150 265
1 14 2
99 407
1 5 2
159 251
1 7 2
3 158
1 2 2
291 484
1 11 2
131 196
1 7 2
354 421
1 9 2
8 170
1 2 2
65 181
1 7 2
203 298
1 10 2
112 364
1 3 2
85 162
1 13 2
140 328
1 12 2
348 443
1 2 2
436 448
1 12 2
25 341
1 15 2
118 195
1 7 2
255 300
1 15 2
79 292
1 8 2
141 325
1 7 2
9 411
1 7 2
68 355
1 4 2
143 256
1 5 2
121 252
1 12 2
192 218
1 8 2
0 163
1 15 2
181 467
1 9 2
377 495
1 9 2
166 448
1 12 2
293 454
1 4 2
86 139
1 4 2
11 326
1 2 2
133 412
1 14 2
74 421
1 8 2
181 276
1 4 2
128 442
1 4 2
148 163
1 10 2
235 371
1 13 2
58 124
1 13 2
283 479
1 14 2
203 295
1 10 2
173 181
1 3 2
7 82
1 8 2
252 453
1 15 2
228 328
1 15 2
189 369
1 9 2
372 489
1 15 2
93 469
1 13 2
76 314
1 11 2
6 284
1 3 2
58 488
1 9 2
1 478
1 8 2
203 231
1 9 2
18 38
1 5 2
109 376
1 10 2
102 352
1 3 2
373 485
1 11 2
300 433
1 2 2
45 206
1 3 2
66 127
1 9 2
289 426
1 8 2
148 256
1 13 2
301 329
1 11 2
82 289
1 2 2
245 370
1 11 2
14 458
1 4 2
331 472
1 10 2
138 314
1 10 2
115 117
1 12 2
250 451
1 12 2
110 383
1 13 2
278 360
1 8 2
2 260
1 6 2
53 467
1 14 2
364 416
1 9 2
45 211
1 15 2
334 449
1 7 2
83 411
1 10 2
171 227
1 9 2
3 421
1 6 2
391 479
1 9 2
179 204
1 4 2
247 437
1 8 2
397 480
1 14 2
248 384
1 2 2
56 445
1 2 2
143 374
1 13 2
263 360
1 14 2
40 417
1 10 2
65 398
1 11 2
36 223
1 12 2
15 70
1 9 2
123 271
1 6 2
113 258
1 10 2
108 226
1 6 2
232 325
1 11 2
197 424
1 12 2
79 304
1 9 2
80 213
1 4 2
112 490
1 15 2
145 437
1 6 2
111 176
1 2 2
255 379
1 14 2
136 349
1 2 2
50 334
1 14 2
141 433
1 2 2
161 439
1 3 2
249 319
1 4 2
208 248
1 14 2
232 392
1 9 2
236 336
1 5 2
178 318
1 10 2
47 140
1 5 2
263 345
1 2 2
122 409
1 11 2
95 208
1 13 2
125 287
1 10 2
112 211
1 9 2
132 464
1 15 2
244 455
1 9 2
327 439
1 3 2
200 459
1 6 2
24 132
1 3 2
21 77
1 11 2
16 230
1 6 2
493 495
1 11 2
141 310
1 12 2
4 396
1 6 2
25 38
1 8 2
377 486
1 9 2
155 383
1 15 2
213 485
1 12 2
258 432
1 7 2
17 181
1 14 2
106 383
1 15 2
2 14
1 13 2
50 485
1 12 2
304 334
1 6 2
110 332
1 13 2
52 348
1 8 2
240 428
1 3 2
116 249
1 7 2
48 496
1 13 2
421 483
1 10 2
341 497
1 3 2
136 253
1 8 2
257 450
1 8 2
52 399
1 7 2
249 307
1 10 2
84 407
1 15 2
279 418
1 14 2
186 335
1 3 2
345 480
1 11 2
81 286
1 5 2
140 492
1 5 2
187 350
1 10 2
364 433
1 3 2
150 266
1 9 2
153 182
1 8 2
75 197
1 14 2
42 176
1 13 2
387 416
1 3 2
186 495
1 10 2
381 461
1 5 2
69 208
1 13 2
134 220
1 6 2
51 67
1 12 2
60 358
1 12 2
336 445
1 15 2
122 354
1 5 2
295 436
1 10 2
290 374
1 6 2
74 154
1 8 2
161 291
1 12 2
68 190
1 13 2
118 158
1 12 2
53 400
1 6 2
12 86
1 7 2
0 223
1 8 2
31 284
1 7 2
125 296
1 8 2
144 429
1 15 2
422 476
1 15 2
125 373
1 9 2
449 469
1 2 2
58 298
1 11 2
381 414
1 12 2
238 255
1 12 2
210 342
1 15 2
229 358
1 2 2
2 444
1 6 2
103 313
1 12 2
6 294
1 5 2
64 454
1 9 2
23 403
1 7 2
222 249
1 2 2
39 384
1 10 2
426 467
1 2 2
209 257
1 3 2
180 493
1 11 2
41 125
1 2 2
185 373
1 12 2
160 355
1 12 2
289 481
1 5 2
24 344
1 15 2
419 445
1 5 2
60 320
1 11 2
22 463
1 7 2
77 323
1 13 2
133 177
1 6 2
231 416
1 3 2
139 348
1 5 2
178 426
1 4 2
6 413
1 15 2
370 475
1 2 2
393 395
1 15 2
32 122
1 3 2
24 322
1 12 2
124 407
1 14 2
14 352
1 15 2
359 451
1 8 2
85 375
1 6 2
115 438
1 8 2
40 72
1 15 2
94 256
1 6 2
17 389
1 9 2
211 304
1 8 2
8 346
1 11 2
5 460
1 2 2
130 391
1 8 2
234 265
1 13 2
35 270
1 4 2
18 138
1 13 2
410 471
1 3 2
136 450
1 4 2
113 260
1 11 2
221 486
1 11 2
128 383
1 12 2
167 235
1 5 2
248 456
1 5 2
133 354
1 11 2
11 23
1 10 2
441 489
1 3 2
209 479
1 14 2
34 486
1 7 2
157 267
1 4 2
49 185
1 3 2
168 246
1 3 2
229 404
1 9 2
238 463
1 15 2
59 405
1 9 2
269 428
1 4 2
110 337
1 8 2
93 433
1 9 2
470 493
1 12 2
249 292
1 8 2
370 372
1 13 2
126 424
1 9 2
218 328
1 3 2
57 124
1 7 2
108 293
1 11 2
428 488
1 15 2
233 377
1 5 2
19 412
1 2 2
54 492
1 6 2
211 432
1 3 2
275 283
1 5 2
118 211
1 7 2
123 433
1 7 2
131 288
1 14 2
100 228
1 6 2
53 385
1 12 2
62 206
1 6 2
264 449
1 3 2
106 186
1 9 2
279 414
1 9 2
69 213
1 6 2
93 381
1 15 2
375 474
1 11 2
72 341
1 3 2
0 295
1 14 2
30 411
1 13 2
30 270
1 7 2
257 377
1 15 2
315 329
1 14 2
144 343
1 8 2
61 163
1 6 2
178 247
1 4 2
134 155
1 6 2
8 206
1 3 2
16 438
1 7 2
474 491
1 3 2
285 426
1 11 2
201 357
1 15 2
319 487
1 14 2
247 366
1 11 2
125 158
1 6 2
154 483
1 2 2
34 454
1 2 2
201 320
1 7 2
32 351
1 4 2
420 457
1 7 2
226 227
1 11 2
324 463
1 8 2
113 235
1 12 2
49 94
1 15 2
180 487
1 4 2
46 443
1 6 2
355 453
1 12 2
274 286
1 12 2
37 67
1 11 2
28 64
1 10 2
64 104
1 8 2
156 313
1 8 2
47 390
1 14 2
71 497
1 11 2
34 189
1 12 2
81 424
1 10 2
36 443
1 4 2
81 275
1 5 2
355 460
1 8 2
396 498
1 12 2
142 480
1 5 2
359 439
1 11 2
138 153
1 10 2
161 461
1 6 2
130 367
1 15 2
457 489
1 11 2
82 133
1 6 2
29 287
1 12 2
20 338
1 7 2
73 144
1 4 2
73 91
1 3 2
12 472
1 12 2
26 479
1 14 2
370 499
1 13 2
377 496
1 13 2
232 438
1 9 2
389 404
1 2 2
71 305
1 14 2
87 446
1 6 2
14 47
1 2 2
200 208
1 14 2
384 498
1 9 2
334 378
1 3 2
203 263
1 14 2
218 257
1 3 2
75 104
1 12 2
270 443
1 8 2
56 155
1 9 2
288 451
1 7 2
123 219
1 13 2
94 138
1 4 2
377 447
1 7 2
97 352
1 3 2
254 363
1 3 2
96 176
1 14 2
293 396
1 11 2
111 324
1 14 2
288 359
1 10 2
23 434
1 13 2
114 119
1 6 2
73 232
1 9 2
408 481
1 12 2
25 460
1 12 2
151 476
1 12 2
308 498
1 15 2
22 230
1 9 2
221 322
1 6 2
184 349
1 3 2
121 357
1 8 2
156 224
1 12 2
173 493
1 9 2
127 209
1 5 2
49 376
1 10 2
155 430
1 8 2
370 419
1 8 2
406 458
1 3 2
99 325
1 5 2
252 462
1 10 2
236 304
1 9 2
43 332
1 3 2
89 198
1 12 2
131 351
1 11 2
257 352
1 10 2
225 433
1 14 2
26 237
1 15 2
35 309
1 11 2
15 480
1 13 2
115 494
1 11 2
74 104
1 15 2
110 240
1 11 2
329 353
1 8 2
48 102
1 14 2
59 391
1 11 2
274 476
1 4 2
45 386
1 8 2
292 354
1 4 2
15 31
1 13 2
252 418
1 13 2
100 153
1 3 2
178 263
1 9 2
142 393
1 15 2
33 261
1 3 2
90 281
1 5 2
160 310
1 13 2
140 486
1 3 2
93 270
1 9 2
356 426
1 13 2
337 383
1 3 2
303 472
1 7 2
39 289
1 12 2
90 454
1 12 2
118 443
1 7 2
150 279
1 10 2
328 406
1 6 2
89 495
1 4 2
204 438
1 12 2
338 376
1 5 2
230 438
1 8 2
60 217
1 9 2
43 467
1 2 2
240 369
1 5 2
160 212
1 4 2
5 489
1 3 2
66 91
1 6 2
37 158
1 7 2
337 445
1 14 2
105 331
1 10 2
124 145
1 12 2
56 479
1 2 2
112 317
1 3 2
26 45
1 14 2
115 455
1 2 2
119 390
1 10 2
160 482
1 12 2
360 397
1 12 2
242 406
1 15 2
86 420
1 14 2
268 280
1 8 2
97 195
1 2 2
9 344
1 7 2
235 266
1 4 2
54 305
1 6 2
102 183
1 2 2
190 492
1 13 2
268 415
1 14 2
135 289
1 5 2
262 339
1 11 2
402 448
1 12 2
42 377
1 2 2
318 362
1 10 2
39 54
1 14 2
98 189
1 2 2
18 314
1 7 2
310 341
1 7 2
116 191
1 4 2
107 133
1 7 2
9 370
1 14 2
77 110
1 15 2
200 412
1 6 2
336 421
1 8 2
97 382
1 15 2
152 291
1 10 2
90 127
1 4 2
116 138
1 8 2
451 469
1 15 2
18 246
1 6 2
475 478
1 14 2
6 349
1 4 2
288 412
1 8 2
96 491
1 14 2
4 274
1 15 2
324 399
1 7 2
33 415
1 13 2
368 454
1 11 2
24 288
1 4 2
321 390
1 13 2
81 360
1 3 2
452 465
1 7 2
82 342
1 8 2
124 149
1 5 2
38 298
1 3 2
17 70
1 15 2
80 443
1 13 2
97 123
1 11 2
5 174
1 8 2
56 99
1 6 2
336 423
1 8 2
368 390
1 3 2
254 467
1 11 2
226 379
1 8 2
19 97
1 3 2
23 69
1 14 2
301 425
1 4 2
400 458
1 7 2
39 190
1 9 2
14 280
1 14 2
353 357
1 11 2
28 157
1 4 2
396 451
1 13 2
130 474
1 13 2
31 319
1 13 2
287 372
1 9 2
247 346
1 14 2
175 212
1 11 2
141 255
1 9 2
144 364
1 12 2
174 355
1 3 2
48 390
1 5 2
17 282
1 3 2
147 218
1 2 2
68 176
1 8 2
319 386
1 9 2
130 226
1 6 2
91 122
1 11 2
270 333
1 10 2
108 144
1 8 2
87 248
1 3 2
64 396
1 2 2
172 462
1 10 2
249 358
1 14 2
191 363
1 7 2
16 151
1 7 2
39 231
1 12 2
197 236
1 12 2
13 428
1 10 2
33 185
1 12 2
16 363
1 8 2
324 378
1 4 2
57 358
1 13 2
116 492
1 13 2
103 378
1 11 2
296 402
1 4 2
81 177
1 7 2
253 294
1 11 2
253 428
1 14 2
43 86
1 3 2
382 434
1 12 2
52 206
1 6 2
248 316
1 10 2
317 366
1 10 2
74 293
1 13 2
293 426
1 2 2
115 280
1 2 2
81 291
1 14 2
213 431
1 15 2
63 318
1 15 2
350 388
1 9 2
108 338
1 5 2
9 116
1 10 2
365 421
1 15 2
10 23
1 13 2
69 316
1 10 2
274 485
1 2 2
139 316
1 7 2
245 498
1 3 2
93 423
1 3 2
159 495
1 6 2
374 400
1 14 2
219 449
1 3 2
155 347
1 2 2
170 302
1 6 2
141 360
1 12 2
94 254
1 3 2
190 290
1 8 2
114 395
1 3 2
127 458
1 14 2
154 235
1 9 2
13 473
1 14 2
157 225
1 4 2
114 313
1 8 2
96 277
1 8 2
69 204
1 9 2
92 390
1 8 2
76 110
1 7 2
195 314
1 7 2
216 295
1 7 2
267 424
1 13 2
185 453
1 2 2
19 333
1 4 2
139 184
1 7 2
378 398
1 4 2
14 198
1 6 2
39 341
1 4 2
161 288
1 7 2
360 488
1 14 2
108 206
1 2 2
42 44
1 11 2
325 474
1 3 2
113 493
1 2 2
147 274
1 13 2
374 399
1 7 2
195 410
1 3 2
285 492
1 5 2
328 391
1 4 2
206 348
1 14 2
77 256
1 11 2
159 451
1 11 2
37 326
1 11 2
52 495
1 2 2
96 113
1 13 2
64 241
1 13 2
332 466
1 9 2
187 385
1 4 2
310 370
1 13 2
239 351
1 10 2
268 329
1 11 2
158 382
1 5 2
291 478
1 4 2
124 337
1 7 2
95 487
1 11 2
50 300
1 7 2
12 419
1 2 2
38 381
1 10 2
283 471
1 5 2
218 321
1 7 2
20 161
1 15 2
278 293
1 4 2
335 342
1 8 2
244 342
1 9 2
199 211
1 4 2
351 457
1 10 2
321 470
1 8 2
18 166
1 10 2
216 222
1 8 2
61 495
1 9 2
9 228
1 8 2
26 394
1 5 2
470 488
1 8 2
121 126
1 2 2
92 379
1 2 2
258 312
1 8 2
28 279
1 3 2
316 479
1 9 2
75 497
1 13 2
25 35
1 14 2
192 302
1 11 2
15 355
1 11 2
329 338
1 5 2
367 372
1 8 2
273 295
1 10 2
390 422
1 5 2
72 354
1 10 2
135 380
1 14 2
91 314
1 6 2
252 345
1 4 2
262 499
1 11 2
17 398
1 13 2
274 295
1 7 2
89 272
1 14 2
17 410
1 13 2
318 415
1 11 2
105 239
1 12 2
111 355
1 7 2
164 190
1 5 2
115 285
1 2 2
0 446
1 3 2
61 303
1 13 2
82 260
1 9 2
5 54
1 10 2
231 305
1 7 2
190 355
1 7 2
121 434
1 15 2
106 139
1 13 2
161 302
1 9 2
326 455
1 12 2
81 156
1 14 2
71 115
1 8 2
159 325
1 11 2
50 467
1 2 2
161 298
1 6 2
65 413
1 12 2
182 333
1 14 2
176 454
1 8 2
356 494
1 13 2
19 177
1 12 2
65 382
1 11 2
19 172
1 3 2
52 276
1 12 2
112 430
1 5 2
88 427
1 6 2
357 390
1 6 2
189 336
1 13 2
302 303
1 3 2
10 92
1 13 2
251 317
1 8 2
102 299
1 13 2
418 432
1 3 2
317 453
1 9 2
88 357
1 12 2
87 252
1 8 2
24 307
1 4 2
243 475
1 4 2
208 237
1 14 2
435 447
1 15 2
6 310
1 14 2
92 238
1 7 2
452 462
1 8 2
137 313
1 14 2
340 444
1 13 2
441 443
1 14 2
80 394
1 12 2
183 184
1 7 2
41 425
1 2 2
152 379
1 13 2
204 240
1 7 2
22 189
1 10 2
303 426
1 9 2
293 431
1 9 2
86 288
1 9 2
155 188
1 3 2
244 432
1 12 2
171 175
1 2 2
248 310
1 2 2
190 417
1 15 2
118 391
1 11 2
125 475
1 12 2
114 462
1 14 2
34 474
1 9 2
50 491
1 14 2
310 350
1 7 2
45 496
1 6 2
21 146
1 12 2
215 231
1 12 2
237 396
1 3 2
28 283
1 12 2
163 283
1 9 2
121 493
1 5 2
69 363
1 14 2
127 157
1 11 2
31 470
1 4 2
393 433
1 2 2
39 394
1 6 2
185 316
1 7 2
52 393
1 12 2
410 420
1 7 2
156 161
1 2 2
69 120
1 6 2
89 437
1 13 2
27 493
1 13 2
38 52
1 13 2
4 226
1 10 2
432 469
1 11 2
294 358
1 3 2
34 111
1 11 2
311 485
1 2 2
81 96
1 10 2
27 251
1 14 2
294 418
1 3 2
48 398
1 13 2
164 394
1 10 2
54 185
1 14 2
77 152
1 10 2
31 225
1 4 2
59 158
1 6 2
179 403
1 3 2
67 231
1 15 2
77 277
1 5 2
211 290
1 7 2
144 383
1 12 2
145 192
1 6 2
31 343
1 11 2
8 20
1 12 2
266 344
1 15 2
154 168
1 10 2
216 440
1 5 2
244 249
1 15 2
221 261
1 13 2
310 415
1 6 2
26 243
1 4 2
269 380
1 12 2
143 181
1 3 2
51 445
1 13 2
246 359
1 2 2
80 202
1 6 2
17 106
1 4 2
119 294
1 5 2
47 226
1 10 2
117 481
1 6 2
85 268
1 7 2
321 366
1 2 2
6 95
1 12 2
20 308
1 5 2
246 361
1 9 2
254 453
1 7 2
385 393
1 4 2
260 439
1 7 2
105 202
1 15 2
223 320
1 8 2
73 349
1 8 2
90 437
1 4 2
58 495
1 3 2
41 428
1 10 2
279 375
1 12 2
31 36
1 2 2
258 433
1 9 2
371 389
1 15 2
49 285
1 9 2
395 478
1 2 2
465 468
1 9 2
141 224
1 4 2
409 441
1 6 2
135 147
1 3 2
76 398
1 12 2
13 201
1 14 2
110 264
1 15 2
269 453
1 9 2
74 373
1 2 2
36 393
1 2 2
296 401
1 3 2
208 381
1 5 2
80 156
1 6 2
66 473
1 8 2
103 415
1 2 2
246 428
1 3 2
323 488
1 15 2
236 413
1 11 2
46 429
1 5 2
94 329
1 13 2
58 414
1 11 2
172 406
1 5 2
174 376
1 11 2
359 386
1 8 2
331 367
1 2 2
64 354
1 12 2
320 485
1 15 2
61 391
1 15 2
388 485
1 15 2
382 395
1 4 2
148 267
1 6 2
157 209
1 10 2
47 54
1 8 2
278 390
1 7 2
101 392
1 3 2
65 133
1 5 2
211 454
1 3 2
183 315
1 14 2
94 404
1 3 2
259 372
1 11 2
33 196
1 14 2
361 399
1 8 2
113 455
1 4 2
335 435
1 5 2
224 394
1 3 2
19 476
1 2 2
81 495
1 5 2
117 494
1 12 2
76 215
1 13 2
55 326
1 2 2
220 382
1 4 2
192 405
1 9 2
199 437
1 3 2
191 453
1 2 2
400 488
1 2 2
114 169
1 7 2
185 461
1 13 2
12 479
1 4 2
149 395
1 6 2
34 441
1 11 2
109 362
1 13 2
223 273
1 8 2
174 284
1 3 2
423 478
1 12 2
171 361
1 14 2
244 333
1 4 2
53 126
1 5 2
291 355
1 9 2
33 188
1 11 2
25 76
1 12 2
5 403
1 10 2
41 152
1 15 2
129 299
1 4 2
266 321
1 5 2
267 408
1 5 2
142 143
1 14 2
149 305
1 10 2
9 130
1 6 2
248 401
1 6 2
68 86
1 7 2
7 259
1 2 2
19 322
1 9 2
94 230
1 12 2
42 477
1 11 2
354 418
1 3 2
390 479
1 6 2
299 351
1 9 2
63 416
1 2 2
221 430
1 13 2
68 342
1 6 2
50 244
1 9 2
326 440
1 15 2
324 481
1 3 2
99 329
1 10 2
195 302
1 11 2
21 219
1 12 2
13 298
1 10 2
69 294
1 13 2
220 304
1 4 2
284 358
1 4 2
295 386
1 10 2
266 362
1 8 2
43 445
1 8 2
311 409
1 12 2
125 397
1 11 2
53 247
1 7 2
173 379
1 7 2
61 464
1 11 2
302 436
1 10 2
349 351
1 8 2
122 256
1 10 2
47 425
1 13 2
82 91
1 11 2
238 261
1 2 2
275 461
1 10 2
92 293
1 2 2
157 449
1 11 2
127 363
1 12 2
348 368
1 14 2
401 460
1 3 2
140 466
1 11 2
102 309
1 2 2
18 95
1 13 2
281 460
1 15 2
448 463
1 3 2
425 488
1 5 2
258 430
1 12 2
47 479
1 7 2
233 443
1 11 2
142 407
1 11 2
11 180
1 13 2
205 419
1 5 2
88 469
1 3 2
146 167
1 9 2
219 415
1 8 2
139 435
1 10 2
26 72
1 6 2
155 410
1 11 2
9 45
1 3 2
29 305
1 7 2
116 158
1 10 2
39 185
1 15 2
56 458
1 15 2
365 391
1 13 2
426 475
1 4 2
61 156
1 8 2
237 331
1 7 2
293 468
1 3 2
245 480
1 6 2
190 372
1 15 2
407 419
1 7 2
120 215
1 2 2
41 115
1 2 2
27 43
1 12 2
15 407
1 8 2
139 460
1 2 2
197 247
1 2 2
436 441
1 12 2
207 333
1 13 2
106 202
1 3 2
348 433
1 6 2
456 466
1 11 2
204 373
1 5 2
37 486
1 8 2
269 340
1 14 2
406 427
1 6 2
9 101
1 7 2
143 480
1 4 2
259 344
1 15 2
300 498
1 11 2
78 158
1 3 2
186 303
1 4 2
82 452
1 14 2
5 452
1 13 2
94 147
1 6 2
52 349
1 9 2
235 304
1 5 2
42 296
1 10 2
173 271
1 4 2
262 300
1 10 2
265 324
1 12 2
152 385
1 7 2
92 434
1 3 2
188 299
1 2 2
179 472
1 15 2
177 360
1 8 2
84 246
1 9 2
49 476
1 3 2
142 329
1 9 2
182 475
1 13 2
81 166
1 14 2
201 344
1 6 2
133 483
1 3 2
321 438
1 4 2
194 290
1 6 2
3 79
1 6 2
12 36
1 9 2
24 217
1 2 2
51 309
1 10 2
401 446
1 13 2
24 216
1 6 2
21 264
1 4 2
218 407
1 2 2
122 227
1 12 2
101 366
1 9 2
239 285
1 6 2
160 453
1 7 2
260 436
1 13 2
23 131
1 4 2
255 336
1 14 2
251 434
1 14 2
327 398
1 6 2
46 413
1 4 2
232 253
1 5 2
146 375
1 5 2
260 469
1 13 2
212 229
1 6 2
86 274
1 5 2
388 394
1 10 2
98 314
1 15 2
57 76
1 15 2
316 391
1 9 2
95 456
1 2 2
213 385
1 4 2
170 203
1 4 2
78 126
1 5 2
96 256
1 13 2
115 423
1 11 2
3 279
1 9 2
155 373
1 7 2
157 285
1 10 2
145 307
1 4 2
0 228
1 15 2
377 403
1 4 2
41 275
1 4 2
113 185
1 13 2
206 364
1 6 2
320 360
1 3 2
149 492
1 7 2
117 413
1 5 2
136 333
1 15 2
142 436
1 14 2
406 463
1 10 2
108 408
1 13 2
91 137
1 11 2
34 275
1 3 2
53 307
1 5 2
238 476
1 8 2
115 385
1 11 2
269 331
1 11 2
357 375
1 7 2
87 445
1 3 2
159 423
1 10 2
334 389
1 3 2
269 449
1 15 2
5 442
1 6 2
252 457
1 9 2
240 316
1 8 2
123 474
1 14 2
361 454
1 15 2
266 368
1 5 2
50 343
1 13 2
23 112
1 3 2
320 366
1 14 2
141 341
1 15 2
153 247
1 14 2
81 86
1 6 2
252 371
1 6 2
286 484
1 5 2
2 165
1 6 2
208 456
1 11 2
154 365
1 9 2
118 404
1 10 2
57 283
1 14 2
49 113
1 5 2
146 166
1 9 2
99 485
1 10 2
94 309
1 13 2
29 388
1 5 2
382 415
1 4 2
24 237
1 11 2
156 411
1 14 2
385 468
1 5 2
123 279
1 9 2
220 376
1 7 2
126 315
1 9 2
183 242
1 9 2
55 207
1 14 2
277 445
1 10 2
51 244
1 2 2
187 447
1 14 2
386 486
1 3 2
172 400
1 7 2
30 145
1 3 2
95 238
1 2 2
118 329
1 3 2
71 401
1 5 2
49 103
1 13 2
68 129
1 9 2
89 311
1 9 2
3 254
1 11 2
193 488
1 13 2
26 75
1 2 2
15 290
1 11 2
132 306
1 3 2
146 219
1 11 2
366 383
1 12 2
423 477
1 6 2
79 419
1 12 2
142 453
1 10 2
302 386
1 13 2
301 379
1 10 2
101 289
1 7 2
206 343
1 7 2
283 497
1 9 2
97 487
1 2 2
332 402
1 14 2
347 349
1 11 2
244 377
1 7 2
72 244
1 6 2
196 276
1 12 2
337 461
1 5 2
353 384
1 7 2
34 373
1 5 2
307 383
1 12 2
62 342
1 12 2
94 214
1 11 2
170 462
1 6 2
220 450
1 13 2
277 284
1 2 2
83 219
1 5 2
105 182
1 2 2
418 435
1 6 2
417 456
1 8 2
128 423
1 12 2
224 225
1 9 2
267 409
1 11 2
54 141
1 9 2
243 244
1 14 2
98 321
1 6 2
220 410
1 4 2
182 374
1 8 2
254 349
1 15 2
143 432
1 2 2
85 280
1 5 2
9 166
1 3 2
78 498
1 13 2
0 394
1 11 2
199 333
1 14 2
143 459
1 3 2
287 361
1 4 2
202 249
1 5 2
47 469
1 7 2
36 295
1 3 2
61 307
1 2 2
51 372
1 8 2
152 207
1 3 2
5 361
1 6 2
214 406
1 10 2
98 478
1 6 2
164 359
1 14 2
253 494
1 6 2
164 405
1 9 2
282 473
1 5 2
184 287
1 2 2
20 190
1 14 2
370 387
1 9 2
120 466
1 10 2
80 286
1 9 2
405 418
1 3 2
183 329
1 12 2
19 84
1 9 2
244 435
1 8 2
358 418
1 5 2
102 499
1 10 2
112 194
1 3 2
237 476
1 12 2
240 461
1 5 2
33 220
1 11 2
82 445
1 10 2
387 494
1 15 2
68 371
1 13 2
66 162
1 5 2
24 417
1 11 2
93 194
1 11 2
349 382
1 10 2
98 424
1 2 2
255 303
1 13 2
314 428
1 5 2
210 291
1 5 2
225 425
1 13 2
228 432
1 14 2
65 448
1 12 2
307 438
1 15 2
45 316
1 15 2
38 363
1 12 2
420 438
1 12 2
103 302
1 7 2
93 193
1 12 2
278 346
1 4 2
335 492
1 6 2
336 341
1 4 2
206 312
1 8 2
42 140
1 3 2
368 439
1 12 2
59 168
1 7 2
37 262
1 14 2
61 100
1 8 2
418 480
1 6 2
169 476
1 14 2
406 415
1 3 2
175 291
1 11 2
263 323
1 14 2
165 328
1 2 2
5 95
1 6 2
50 499
1 14 2
110 442
1 4 2
52 138
1 14 2
84 390
1 11 2
100 289
1 14 2
216 344
1 12 2
154 311
1 5 2
228 421
1 8 2
220 411
1 15 2
135 470
1 10 2
118 474
1 10 2
149 474
1 3 2
201 368
1 11 2
26 90
1 7 2
131 299
1 11 2
272 475
1 4 2
228 480
1 11 2
42 255
1 4 2
225 247
1 11 2
50 271
1 4 2
156 391
1 7 2
185 391
1 4 2
198 303
1 5 2
47 339
1 4 2
129 431
1 4 2
149 443
1 5 2
62 78
1 9 2
22 480
1 13 2
167 398
1 12 2
8 303
1 15 2
87 176
1 14 2
398 450
1 10 2
223 427
1 13 2
220 229
1 4 2
65 162
1 12 2
292 499
1 3 2
74 174
1 5 2
61 280
1 8 2
311 342
1 6 2
138 264
1 13 2
439 495
1 12 2
73 416
1 4 2
253 485
1 15 2
75 94
1 12 2
334 400
1 15 2
242 478
1 13 2
85 283
1 6 2
21 388
1 2 2
10 466
1 2 2
352 372
1 5 2
80 112
1 7 2
53 84
1 2 2
191 318
1 3 2
160 198
1 15 2
38 104
1 15 2
374 410
1 13 2
81 271
1 9 2
157 319
1 4 2
48 422
1 4 2
147 202
1 5 2
374 394
1 4 2
0 437
1 12 2
69 270
1 7 2
166 473
1 10 2
123 422
1 5 2
87 142
1 5 2
302 315
1 10 2
25 179
1 7 2
47 352
1 13 2
1 470
1 4 2
66 125
1 14 2
247 439
1 4 2
261 367
1 7 2
154 409
1 6 2
93 138
1 7 2
90 287
1 3 2
18 191
1 7 2
96 198
1 13 2
86 389
1 12 2
69 477
1 6 2
120 359
1 12 2
160 260
1 3 2
167 263
1 6 2
157 383
1 9 2
177 440
1 5 2
86 197
1 7 2
289 484
1 8 2
305 464
1 14 2
306 468
1 4 2
1 21
1 9 2
132 148
1 11 2
185 398
1 12 2
417 466
1 8 2
120 179
1 7 2
48 491
1 13 2
323 335
1 7 2
301 340
1 15 2
86 203
1 12 2
67 166
1 8 2
426 432
1 7 2
213 480
1 13 2
31 328
1 14 2
224 265
1 7 2
417 441
1 12 2
443 456
1 12 2
138 186
1 15 2
276 346
1 2 2
38 184
1 12 2
327 338
1 11 2
393 411
1 4 2
240 250
1 15 2
343 411
1 6 2
304 493
1 14 2
18 417
1 14 2
17 102
1 2 2
134 322
1 8 2
84 230
1 5 2
137 455
1 13 2
140 253
1 8 2
57 468
1 14 2
65 246
1 12 2
265 422
1 10 2
140 152
1 7 2
26 240
1 14 2
214 318
1 14 2
7 68
1 5 2
406 484
1 3 2
160 305
1 6 2
286 375
1 2 2
253 349
1 8 2
329 383
1 8 2
103 495
1 13 2
162 412
1 5 2
135 492
1 11 2
79 355
1 4 2
455 468
1 11 2
120 222
1 10 2
243 359
1 13 2
284 409
1 4 2
142 425
1 15 2
62 117
1 6 2
88 237
1 12 2
450 497
1 12 2
191 459
1 9 2
180 329
1 3 2
211 451
1 10 2
59 104
1 14 2
251 280
1 14 2
258 259
1 8 2
121 218
1 10 2
197 212
1 13 2
308 456
1 6 2
107 149
1 2 2
298 356
1 5 2
401 437
1 4 2
272 491
1 8 2
2 325
1 9 2
4 166
1 10 2
30 222
1 2 2
346 404
1 3 2
47 92
1 15 2
153 447
1 4 2
213 473
1 4 2
247 257
1 8 2
50 431
1 5 2
26 368
1 9 2
136 309
1 10 2
212 221
1 8 2
165 387
1 6 2
15 406
1 2 2
30 176
1 11 2
155 166
1 15 2
308 404
1 2 2
91 403
1 6 2
95 489
1 2 2
124 225
1 2 2
246 389
1 4 2
346 398
1 6 2
121 260
1 8 2
51 71
1 15 2
7 163
1 7 2
251 487
1 13 2
0 395
1 13 2
75 479
1 10 2
54 439
1 3 2
259 468
1 10 2
150 339
1 12 2
328 474
1 3 2
463 466
1 10 2
0 116
1 11 2
137 289
1 9 2
187 211
1 15 2
201 426
1 9 2
55 428
1 6 2
227 335
1 13 2
162 163
1 7 2
378 463
1 13 2
56 294
1 2 2
83 450
1 11 2
10 455
1 8 2
101 269
1 10 2
190 193
1 6 2
17 165
1 11 2
96 414
1 10 2
142 386
1 8 2
55 152
1 6 2
322 326
1 11 2
153 482
1 6 2
41 203
1 12 2
104 433
1 12 2
17 334
1 7 2
44 56
1 13 2
164 195
1 10 2
223 249
1 15 2
49 461
1 12 2
64 413
1 2 2
8 239
1 3 2
140 468
