500 3000 1500
22 22 20 20 12 20 16 6 12 9 23 11 11 9 8 22 22 24 18 19 19 18 15 16 20 20 23 9 22 25 7 10 5 15 19 13 22 25 22 21 12 10 20 24 22 14 18 18 11 15 21 25 12 17 12 15 11 21 23 15 8 19 25 14 12 13 7 8 21 11 25 17 7 16 25 22 10 24 18 17 18 12 8 15 9 11 7 20 25 21 24 8 10 12 8 17 14 11 10 23 24 7 22 13 9 22 8 12 6 8 22 25 21 17 18 20 22 9 22 10 21 24 16 9 13 7 16 21 18 25 15 19 13 12 13 23 8 16 7 10 24 20 25 25 18 9 19 24 23 9 11 9 8 8 14 5 12 11 10 24 13 8 22 14 6 14 16 22 7 20 20 5 14 19 7 13 17 21 6 7 8 22 21 7 7 18 19 10 16 6 25 12 23 12 13 24 8 18 14 24 15 17 18 12 24 16 23 9 7 6 25 25 14 13 13 25 25 11 14 5 11 15 18 17 6 21 21 11 20 24 24 24 25 11 24 19 23 13 22 23 25 16 19 5 25 12 18 6 10 16 13 10 16 24 14 15 19 16 19 6 11 25 13 24 20 16 22 17 9 21 11 14 24 6 8 5 24 19 19 9 22 5 16 5 19 22 12 15 5 9 11 16 5 14 10 20 21 14 24 24 7 24 13 11 23 6 19 23 25 24 11 14 7 25 21 24 23 22 10 15 25 8 18 23 12 23 15 21 8 20 12 19 14 22 25 12 22 12 17 18 15 8 13 14 13 22 24 22 15 19 13 19 9 14 19 16 24 10 25 23 17 24 16 7 19 21 13 12 23 8 11 21 10 24 12 25 24 9 19 18 14 14 8 5 19 16 18 23 17 17 19 12 14 10 15 15 15 25 19 22 15 19 8 8 17 5 23 17 13 22 21 15 7 16 5 20 14 19 18 16 20 16 23 24 22 22 20 5 24 7 21 10 6 12 16 14 15 16 22 14 7 25 22 5 15 22 16 11 20 21 20 7 24 18 14 16 6 23 6 8 22 6 23 25 25 19 15 11 6 20 6 8 25 25 24 9 18 17 11 12 11 11 5 16 7 24 10 18 8 13 5 11 12 14 6 15 8 7 21 17
18 19 8 18 8 15 5 5 20 9 17 13 18 12 18 11 16 4 15 15 16 13 6 3 8 8 11 7 16 14 10 10 16 4 4 10 12 16 13 19 12 16 17 20 12 10 12 13 18 9 8 10 20 7 20 11 3 11 10 10 16 17 18 12 7 16 7 15 15 17 14 8 18 6 6 13 8 13 17 13 11 17 7 9 5 6 12 11 4 14 12 5 3 14 3 13 20 20 13 7 10 16 13 10 11 9 11 19 7 18 17 9 11 11 20 12 13 5 3 6 5 15 3 18 10 3 20 7 4 10 19 9 14 5 14 11 17 9 18 7 11 7 15 10 10 16 6 12 15 15 15 11 13 3 12 9 3 13 7 12 16 16 15 12 9 6 17 14 14 16 6 9 6 13 20 8 15 19 15 17 16 9 3 9 14 10 14 14 11 4 4 7 20 16 4 5 18 4 13 9 19 3 20 20 6 6 19 20 9 20 18 15 13 20 11 4 19 8 20 4 12 20 10 3 12 5 6 8 13 14 6 6 7 18 12 10 9 8 11 6 16 3 9 3 15 17 16 17 11 3 4 19 10 15 18 11 17 13 14 5 12 18 11 5 13 8 3 11 18 17 16 16 12 19 18 18 14 5 5 14 6 20 3 7 3 13 17 3 10 5 10 13 15 12 17 19 7 12 3 9 13 5 5 7 18 9 15 15 11 10 5 14 8 13 10 10 9 9 15 17 6 18 3 15 13 5 10 14 9 5 17 9 18 16 15 17 10 10 19 6 14 20 7 14 8 6 6 17 16 3 12 13 4 17 12 20 13 19 12 13 19 8 3 18 6 10 16 12 13 11 4 7 14 3 18 8 3 19 20 20 13 19 3 11 7 9 4 10 15 14 17 18 17 15 8 19 14 20 18 12 10 19 19 12 10 10 9 7 11 9 16 7 16 3 18 5 16 18 6 7 10 9 18 17 13 12 13 10 12 17 16 13 13 14 11 20 10 10 10 16 6 12 19 11 20 7 9 17 17 13 13 3 9 7 5 9 5 7 8 13 19 20 13 3 10 11 12 20 4 5 20 5 11 12 15 11 18 15 5 16 3 11 12 9 11 3 4 18 13 5 12 6 9 13 14 4 15 17 6 20
1 15 2
160 175
1 10 2
301 312
1 10 2
423 491
1 9 2
285 376
1 14 2
37 443
1 12 2
12 56
1 9 2
272 354
1 15 2
201 379
1 15 2
154 165
1 13 2
369 473
1 3 2
17 311
1 3 2
52 243
1 4 2
308 461
1 13 2
117 302
1 2 2
373 407
1 8 2
93 225
1 12 2
159 286
1 12 2
148 267
1 15 2
342 426
1 7 2
345 439
1 7 2
309 360
1 3 2
117 440
1 12 2
39 280
1 15 2
39 58
1 4 2
49 188
1 4 2
1 488
1 7 2
245 336
1 3 2
456 468
1 8 2
45 161
1 4 2
72 499
1 14 2
12 490
1 7 2
28 461
1 5 2
183 249
1 14 2
54 211
1 7 2
73 313
1 14 2
176 493
1 7 2
48 100
1 10 2
160 255
1 9 2
193 312
1 15 2
309 362
1 13 2
73 344
1 2 2
229 384
1 3 2
417 467
1 2 2
113 118
1 11 2
102 492
1 10 2
295 368
1 15 2
158 174
1 10 2
402 479
1 12 2
237 290
1 13 2
277 320
1 15 2
145 361
1 10 2
201 479
1 12 2
106 299
1 14 2
291 401
1 10 2
155 405
1 12 2
200 466
1 4 2
416 489
1 8 2
55 151
1 8 2
284 419
1 7 2
127 312
1 12 2
220 299
1 11 2
328 388
1 12 2
227 395
1 11 2
49 100
1 5 2
144 241
1 7 2
109 122
1 11 2
116 348
1 13 2
183 433
1 7 2
158 201
1 3 2
181 380
1 8 2
94 460
1 8 2
49 57
1 15 2
327 420
1 7 2
97 163
1 7 2
119 137
1 5 2
86 164
1 14 2
159 387
1 2 2
18 113
1 15 2
41 243
1 9 2
12 485
1 15 2
27 464
1 13 2
158 497
1 9 2
295 350
1 6 2
16 112
1 13 2
203 415
1 2 2
230 438
1 5 2
324 470
1 2 2
20 426
1 6 2
298 330
1 9 2
18 192
1 9 2
203 283
1 11 2
417 490
1 13 2
4 324
1 15 2
276 357
1 3 2
41 475
1 9 2
121 371
1 2 2
25 365
1 14 2
31 99
1 8 2
44 47
1 14 2
297 492
1 6 2
11 50
1 12 2
428 469
1 6 2
16 66
1 14 2
107 249
1 14 2
50 220
1 4 2
8 492
1 9 2
166 386
1 5 2
71 273
1 15 2
99 399
1 11 2
71 194
1 2 2
238 451
1 15 2
312 315
1 8 2
332 404
1 10 2
25 434
1 8 2
405 471
1 2 2
409 484
1 7 2
15 145
1 2 2
45 257
1 5 2
21 198
1 2 2
391 462
1 12 2
87 186
1 9 2
69 466
1 3 2
21 193
1 7 2
374 439
1 15 2
71 144
1 12 2
325 479
1 5 2
77 102
1 8 2
76 339
1 6 2
223 496
1 12 2
117 443
1 7 2
71 284
1 13 2
31 47
1 12 2
203 381
1 4 2
202 354
1 12 2
219 245
1 15 2
104 285
1 5 2
15 358
1 3 2
200 426
1 7 2
77 339
1 2 2
187 314
1 13 2
324 386
1 15 2
12 182
1 6 2
166 447
1 8 2
352 425
1 8 2
86 200
1 4 2
262 313
1 9 2
143 162
1 7 2
473 490
1 5 2
8 241
1 2 2
52 65
1 8 2
121 181
1 10 2
74 375
1 8 2
11 54
1 4 2
73 369
1 8 2
364 472
1 2 2
359 428
1 8 2
90 459
1 3 2
307 363
1 2 2
13 303
1 7 2
181 420
1 14 2
367 385
1 4 2
164 453
1 5 2
142 148
1 5 2
222 396
1 15 2
84 99
1 3 2
195 223
1 2 2
18 492
1 12 2
182 300
1 15 2
1 168
1 3 2
60 266
1 2 2
328 499
1 14 2
12 175
1 3 2
51 339
1 4 2
100 330
1 9 2
200 423
1 12 2
3 243
1 4 2
60 250
1 5 2
187 200
1 15 2
160 319
1 8 2
78 255
1 4 2
214 485
1 4 2
313 349
1 11 2
158 402
1 8 2
275 326
1 6 2
29 70
1 4 2
217 405
1 9 2
58 307
1 12 2
51 418
1 4 2
327 462
1 6 2
159 469
1 6 2
63 306
1 10 2
4 245
1 6 2
239 290
1 2 2
16 464
1 5 2
304 472
1 3 2
181 216
1 10 2
85 315
1 13 2
51 371
1 3 2
63 347
1 6 2
46 370
1 5 2
61 160
1 7 2
429 493
1 13 2
165 348
1 2 2
156 191
1 8 2
147 497
1 10 2
48 330
1 15 2
182 480
1 5 2
75 239
1 14 2
29 285
1 9 2
13 201
1 10 2
48 424
1 10 2
83 287
1 6 2
68 122
1 11 2
268 499
1 7 2
316 396
1 6 2
187 225
1 8 2
316 435
1 7 2
175 317
1 14 2
261 339
1 13 2
338 421
1 11 2
96 226
1 11 2
4 432
1 10 2
207 426
1 6 2
56 221
1 2 2
67 183
1 13 2
300 497
1 5 2
469 476
1 7 2
206 298
1 8 2
14 329
1 4 2
201 438
1 4 2
86 222
1 7 2
77 157
1 14 2
113 321
1 15 2
12 171
1 10 2
87 114
1 9 2
182 248
1 3 2
271 331
1 12 2
99 448
1 2 2
233 465
1 11 2
234 370
1 9 2
235 451
1 5 2
50 281
1 7 2
16 372
1 5 2
141 308
1 12 2
259 314
1 12 2
264 292
1 9 2
239 246
1 10 2
95 370
1 13 2
247 269
1 10 2
137 330
1 8 2
33 208
1 8 2
129 166
1 5 2
353 373
1 9 2
62 371
1 13 2
98 226
1 2 2
50 164
1 6 2
106 225
1 12 2
66 268
1 13 2
210 382
1 5 2
59 458
1 10 2
5 413
1 12 2
208 383
1 9 2
111 304
1 3 2
222 407
1 5 2
90 143
1 5 2
131 145
1 8 2
141 202
1 5 2
189 269
1 9 2
45 147
1 15 2
19 95
1 4 2
111 191
1 8 2
96 364
1 15 2
183 220
1 10 2
277 325
1 15 2
54 377
1 14 2
390 483
1 10 2
159 343
1 9 2
62 244
1 13 2
77 481
1 2 2
138 227
1 3 2
434 464
1 13 2
468 483
1 14 2
308 497
1 6 2
129 169
1 13 2
42 484
1 10 2
47 252
1 4 2
294 417
1 2 2
65 243
1 4 2
228 246
1 9 2
347 404
1 4 2
286 478
1 5 2
183 475
1 15 2
26 485
1 5 2
292 450
1 4 2
175 489
1 10 2
291 430
1 9 2
5 387
1 8 2
278 449
1 6 2
185 491
1 12 2
260 383
1 5 2
391 447
1 13 2
172 455
1 3 2
18 237
1 8 2
131 300
1 9 2
8 285
1 2 2
84 414
1 6 2
7 363
1 3 2
64 189
1 4 2
8 455
1 8 2
208 384
1 8 2
13 140
1 2 2
16 444
1 10 2
221 311
1 15 2
212 264
1 5 2
275 389
1 2 2
352 421
1 15 2
230 454
1 5 2
0 70
1 14 2
190 373
1 5 2
51 142
1 2 2
103 416
1 2 2
190 439
1 8 2
201 360
1 8 2
193 465
1 9 2
78 229
1 7 2
51 74
1 9 2
302 343
1 9 2
114 176
1 14 2
303 353
1 2 2
190 489
1 8 2
252 483
1 2 2
47 487
1 5 2
70 182
1 8 2
240 287
1 13 2
157 218
1 11 2
119 485
1 15 2
110 395
1 9 2
58 434
1 9 2
93 172
1 3 2
70 349
1 9 2
318 406
1 6 2
61 338
1 13 2
150 362
1 9 2
225 277
1 12 2
130 451
1 14 2
250 264
1 13 2
29 273
1 15 2
37 357
1 10 2
287 488
1 11 2
55 63
1 4 2
54 159
1 9 2
262 419
1 14 2
153 478
1 6 2
130 316
1 2 2
90 470
1 2 2
159 218
1 10 2
111 184
1 15 2
89 272
1 2 2
243 413
1 11 2
248 355
1 9 2
108 297
1 2 2
44 450
1 7 2
404 436
1 13 2
48 468
1 14 2
331 377
1 12 2
49 264
1 6 2
128 202
1 11 2
221 403
1 2 2
302 321
1 5 2
28 258
1 5 2
73 189
1 10 2
445 460
1 15 2
207 388
1 5 2
275 410
1 8 2
46 137
1 5 2
172 395
1 11 2
128 409
1 5 2
304 373
1 14 2
408 480
1 10 2
395 466
1 10 2
303 485
1 2 2
123 261
1 9 2
312 426
1 3 2
34 438
1 2 2
91 188
1 2 2
458 487
1 5 2
67 216
1 2 2
98 402
1 11 2
152 234
1 7 2
432 456
1 10 2
150 263
1 7 2
14 202
1 5 2
108 346
1 2 2
178 488
1 9 2
352 420
1 15 2
136 298
1 4 2
384 464
1 2 2
403 480
1 15 2
419 492
1 14 2
248 319
1 14 2
83 408
1 10 2
33 473
1 2 2
3 288
1 13 2
174 233
1 15 2
16 381
1 5 2
159 419
1 10 2
300 388
1 6 2
93 333
1 6 2
245 327
1 6 2
77 373
1 5 2
82 216
1 5 2
328 365
1 10 2
287 391
1 11 2
201 245
1 9 2
214 235
1 10 2
253 353
1 12 2
138 334
1 2 2
442 471
1 3 2
404 439
1 9 2
230 286
1 13 2
107 190
1 11 2
126 305
1 7 2
207 356
1 7 2
4 152
1 4 2
171 484
1 8 2
375 402
1 7 2
296 420
1 10 2
97 378
1 12 2
361 493
1 7 2
212 375
1 14 2
139 469
1 6 2
187 454
1 6 2
151 295
1 15 2
174 481
1 12 2
95 261
1 11 2
72 395
1 7 2
210 365
1 9 2
118 365
1 12 2
38 131
1 15 2
377 412
1 13 2
92 372
1 12 2
290 408
1 15 2
84 323
1 10 2
389 401
1 5 2
72 164
1 13 2
28 466
1 12 2
257 294
1 12 2
301 432
1 2 2
26 202
1 7 2
127 168
1 13 2
171 469
1 14 2
39 117
1 10 2
129 243
1 12 2
281 290
1 15 2
253 454
1 7 2
338 444
1 2 2
218 326
1 7 2
361 451
1 7 2
262 472
1 4 2
128 275
1 12 2
317 320
1 12 2
2 163
1 10 2
102 491
1 6 2
184 331
1 2 2
51 412
1 15 2
136 265
1 11 2
73 113
1 11 2
247 383
1 12 2
179 344
1 13 2
108 218
1 9 2
185 320
1 6 2
1 135
1 8 2
99 337
1 9 2
232 234
1 12 2
98 192
1 15 2
313 430
1 13 2
72 408
1 12 2
65 109
1 9 2
60 470
1 15 2
133 317
1 5 2
8 478
1 4 2
158 313
1 8 2
440 441
1 15 2
102 400
1 8 2
164 474
1 3 2
198 322
1 8 2
19 284
1 4 2
259 452
1 11 2
26 98
1 15 2
42 223
1 5 2
48 63
1 5 2
54 441
1 9 2
339 481
1 12 2
239 245
1 7 2
120 437
1 8 2
272 333
1 8 2
18 263
1 14 2
182 205
1 14 2
297 329
1 12 2
256 361
1 8 2
82 136
1 13 2
228 390
1 9 2
83 97
1 14 2
122 411
1 6 2
217 432
1 6 2
24 351
1 2 2
194 366
1 13 2
127 199
1 14 2
470 488
1 13 2
3 166
1 9 2
99 397
1 13 2
339 470
1 10 2
14 100
1 6 2
63 237
1 14 2
212 485
1 14 2
165 458
1 12 2
171 213
1 5 2
376 408
1 14 2
67 355
1 11 2
23 427
1 13 2
129 378
1 9 2
5 68
1 15 2
160 479
1 12 2
9 248
1 8 2
64 379
1 5 2
110 383
1 13 2
26 35
1 15 2
333 396
1 7 2
153 311
1 7 2
329 498
1 5 2
251 316
1 11 2
193 314
1 3 2
386 423
1 15 2
269 351
1 13 2
29 117
1 13 2
7 44
1 14 2
127 419
1 15 2
101 175
1 8 2
21 295
1 3 2
251 363
1 14 2
14 294
1 15 2
255 312
1 3 2
195 484
1 11 2
287 330
1 9 2
20 385
1 2 2
90 282
1 14 2
238 381
1 4 2
94 262
1 7 2
37 360
1 2 2
152 246
1 15 2
247 309
1 7 2
406 488
1 12 2
183 414
1 10 2
131 157
1 5 2
110 251
1 4 2
12 140
1 2 2
4 102
1 14 2
49 235
1 11 2
20 123
1 3 2
5 193
1 3 2
243 394
1 3 2
26 408
1 9 2
237 283
1 4 2
234 498
1 3 2
349 382
1 3 2
100 372
1 2 2
253 309
1 5 2
102 175
1 10 2
38 387
1 4 2
392 393
1 3 2
14 391
1 11 2
84 148
1 8 2
50 225
1 12 2
69 433
1 4 2
268 353
1 11 2
111 451
1 5 2
268 332
1 9 2
30 338
1 3 2
217 331
1 15 2
150 413
1 8 2
162 215
1 8 2
34 186
1 11 2
107 389
1 11 2
232 296
1 5 2
316 344
1 15 2
149 437
1 11 2
133 454
1 15 2
126 273
1 10 2
286 337
1 12 2
372 400
1 7 2
67 257
1 12 2
448 454
1 12 2
22 381
1 9 2
168 391
1 5 2
142 430
1 13 2
154 312
1 15 2
190 499
1 6 2
97 445
1 6 2
124 417
1 3 2
243 259
1 4 2
177 477
1 11 2
103 364
1 11 2
259 432
1 9 2
298 349
1 12 2
53 425
1 5 2
156 381
1 8 2
305 387
1 14 2
108 231
1 10 2
168 457
1 12 2
314 407
1 12 2
299 433
1 10 2
222 499
1 5 2
47 489
1 15 2
222 461
1 6 2
150 270
1 11 2
84 392
1 13 2
84 460
1 15 2
173 471
1 12 2
311 481
1 9 2
10 220
1 6 2
230 332
1 12 2
203 213
1 8 2
58 104
1 12 2
27 336
1 15 2
40 322
1 10 2
257 299
1 15 2
21 72
1 8 2
12 211
1 9 2
75 287
1 13 2
24 71
1 12 2
283 376
1 11 2
101 255
1 11 2
59 88
1 13 2
244 355
1 8 2
43 402
1 4 2
125 453
1 2 2
113 222
1 15 2
300 480
1 6 2
110 171
1 3 2
368 482
1 2 2
93 129
1 9 2
196 403
1 9 2
78 445
1 7 2
48 382
1 2 2
461 479
1 11 2
276 317
1 3 2
218 347
1 11 2
114 353
1 14 2
177 281
1 4 2
250 374
1 6 2
7 162
1 7 2
129 215
1 7 2
169 484
1 14 2
18 257
1 14 2
152 348
1 15 2
6 67
1 3 2
23 337
1 4 2
0 1
1 14 2
62 228
1 2 2
390 393
1 12 2
464 489
1 9 2
53 168
1 12 2
107 128
1 4 2
53 226
1 15 2
221 285
1 9 2
78 438
1 9 2
364 489
1 11 2
393 462
1 13 2
81 264
1 14 2
35 273
1 3 2
34 271
1 3 2
14 437
1 6 2
88 458
1 7 2
161 194
1 6 2
61 415
1 7 2
114 366
1 8 2
207 265
1 10 2
85 88
1 8 2
12 362
1 9 2
65 323
1 10 2
24 472
1 6 2
186 367
1 4 2
242 305
1 8 2
113 440
1 11 2
441 442
1 4 2
127 190
1 13 2
122 136
1 11 2
186 380
1 3 2
76 354
1 6 2
240 483
1 3 2
316 375
1 4 2
177 415
1 5 2
12 153
1 9 2
291 431
1 12 2
57 373
1 5 2
149 460
1 5 2
11 141
1 13 2
254 491
1 3 2
97 141
1 15 2
28 497
1 14 2
351 413
1 10 2
177 182
1 5 2
248 339
1 13 2
100 284
1 15 2
33 468
1 5 2
202 429
1 4 2
66 466
1 12 2
236 431
1 10 2
25 269
1 12 2
140 393
1 3 2
32 119
1 14 2
268 412
1 9 2
74 261
1 5 2
137 250
1 2 2
40 147
1 13 2
301 477
1 11 2
7 80
1 13 2
222 445
1 7 2
207 271
1 5 2
154 161
1 12 2
166 172
1 13 2
292 407
1 5 2
6 266
1 7 2
219 341
1 9 2
64 446
1 3 2
257 444
1 3 2
236 342
1 12 2
18 378
1 8 2
194 361
1 2 2
77 236
1 7 2
323 396
1 8 2
400 442
1 4 2
21 143
1 12 2
7 38
1 4 2
369 443
1 3 2
124 177
1 9 2
262 317
1 9 2
190 372
1 10 2
9 206
1 12 2
121 200
1 7 2
47 204
1 5 2
172 380
1 3 2
22 334
1 14 2
241 275
1 8 2
49 76
1 8 2
292 339
1 13 2
117 163
1 15 2
179 377
1 2 2
325 376
1 3 2
153 236
1 9 2
48 379
1 9 2
56 225
1 6 2
203 295
1 5 2
1 155
1 14 2
288 289
1 11 2
405 491
1 3 2
66 263
1 5 2
268 278
1 10 2
26 362
1 15 2
297 424
1 12 2
120 289
1 9 2
177 305
1 10 2
239 408
1 12 2
93 474
1 10 2
248 485
1 3 2
84 332
1 8 2
21 177
1 5 2
108 461
1 6 2
0 57
1 6 2
126 434
1 6 2
51 320
1 7 2
182 376
1 3 2
304 389
1 15 2
207 384
1 8 2
279 405
1 4 2
59 139
1 11 2
148 212
1 8 2
208 339
1 4 2
72 338
1 4 2
26 379
1 2 2
103 383
1 3 2
383 385
1 10 2
134 249
1 15 2
110 427
1 9 2
204 235
1 15 2
162 436
1 10 2
174 439
1 9 2
142 172
1 8 2
15 420
1 9 2
274 306
1 4 2
230 425
1 2 2
97 158
1 4 2
68 203
1 13 2
34 215
1 4 2
38 326
1 8 2
23 104
1 8 2
33 71
1 13 2
15 446
1 7 2
224 452
1 2 2
167 376
1 10 2
448 499
1 12 2
54 238
1 9 2
124 125
1 14 2
436 447
1 13 2
93 94
1 6 2
96 168
1 9 2
218 357
1 14 2
15 268
1 4 2
121 332
1 14 2
124 481
1 12 2
250 308
1 14 2
39 76
1 13 2
273 376
1 3 2
86 428
1 9 2
232 403
1 2 2
106 281
1 10 2
12 88
1 6 2
246 310
1 8 2
203 354
1 5 2
112 321
1 6 2
43 220
1 9 2
93 361
1 8 2
122 446
1 4 2
205 440
1 13 2
121 141
1 14 2
93 324
1 4 2
66 396
1 9 2
267 363
1 14 2
319 423
1 3 2
66 248
1 10 2
69 169
1 11 2
432 443
1 14 2
242 410
1 2 2
35 198
1 15 2
396 433
1 12 2
130 473
1 12 2
178 213
1 13 2
195 297
1 6 2
85 424
1 14 2
303 314
1 13 2
29 183
1 5 2
374 397
1 13 2
315 326
1 3 2
272 346
1 6 2
191 323
1 3 2
91 312
1 7 2
408 482
1 12 2
76 410
1 12 2
343 375
1 6 2
217 374
1 14 2
16 335
1 15 2
101 323
1 9 2
187 431
1 10 2
19 382
1 11 2
128 496
1 12 2
106 435
1 15 2
376 395
1 8 2
64 456
1 10 2
349 361
1 9 2
221 460
1 10 2
23 454
1 6 2
127 213
1 6 2
129 370
1 11 2
68 443
1 6 2
251 394
1 13 2
264 340
1 12 2
40 361
1 5 2
371 496
1 6 2
247 497
1 14 2
288 398
1 7 2
165 335
1 5 2
138 297
1 3 2
26 252
1 7 2
52 107
1 12 2
85 439
1 4 2
142 347
1 6 2
316 380
1 6 2
334 448
1 10 2
313 413
1 3 2
273 342
1 9 2
4 53
1 12 2
164 214
1 2 2
224 337
1 5 2
1 129
1 11 2
105 224
1 5 2
4 67
1 5 2
261 424
1 7 2
161 450
1 9 2
99 314
1 15 2
37 427
1 11 2
102 312
1 10 2
52 136
1 11 2
345 383
1 4 2
205 481
1 12 2
109 118
1 11 2
1 102
1 6 2
275 374
1 4 2
181 326
1 2 2
88 130
1 11 2
289 425
1 14 2
71 346
1 7 2
146 325
1 9 2
136 366
1 4 2
11 71
1 2 2
31 304
1 3 2
25 237
1 5 2
447 459
1 12 2
205 334
1 2 2
31 436
1 10 2
132 251
1 4 2
159 366
1 10 2
57 96
1 9 2
266 327
1 11 2
43 352
1 11 2
67 398
1 7 2
18 432
1 13 2
190 344
1 14 2
225 313
1 15 2
411 472
1 11 2
269 396
1 13 2
323 366
1 6 2
168 348
1 9 2
167 215
1 6 2
189 400
1 11 2
364 490
1 8 2
104 421
1 8 2
161 417
1 9 2
257 381
1 4 2
46 182
1 3 2
158 324
1 8 2
223 421
1 9 2
168 176
1 14 2
67 146
1 9 2
123 367
1 15 2
118 328
1 8 2
128 403
1 8 2
207 359
1 10 2
64 265
1 2 2
49 115
1 10 2
213 405
1 3 2
86 396
1 4 2
205 392
1 6 2
62 197
1 4 2
52 54
1 4 2
15 427
1 10 2
116 479
1 3 2
264 382
1 13 2
110 284
1 6 2
280 444
1 2 2
215 458
1 14 2
226 365
1 7 2
130 359
1 15 2
84 449
1 5 2
273 299
1 12 2
315 398
1 5 2
94 98
1 6 2
49 159
1 4 2
26 283
1 8 2
93 374
1 4 2
253 273
1 3 2
82 443
1 10 2
296 354
1 7 2
99 377
1 7 2
164 476
1 10 2
106 328
1 2 2
124 464
1 9 2
183 467
1 7 2
55 197
1 2 2
73 463
1 12 2
74 195
1 12 2
248 315
1 13 2
246 457
1 4 2
41 252
1 6 2
188 261
1 15 2
126 137
1 13 2
274 301
1 6 2
22 309
1 7 2
399 441
1 2 2
369 485
1 8 2
114 325
1 4 2
36 417
1 8 2
122 363
1 12 2
107 294
1 2 2
258 485
1 5 2
180 314
1 2 2
159 180
1 14 2
48 484
1 15 2
121 239
1 14 2
8 242
1 13 2
3 23
1 6 2
15 187
1 7 2
57 174
1 4 2
378 383
1 3 2
441 480
1 9 2
243 314
1 11 2
178 192
1 14 2
224 396
1 7 2
187 339
1 7 2
297 430
1 10 2
117 407
1 13 2
123 159
1 5 2
334 465
1 10 2
79 361
1 7 2
45 304
1 2 2
277 335
1 2 2
185 191
1 2 2
370 373
1 6 2
300 301
1 2 2
8 15
1 10 2
424 462
1 4 2
9 415
1 2 2
265 473
1 12 2
283 290
1 15 2
15 196
1 7 2
89 360
1 11 2
256 398
1 8 2
375 485
1 13 2
84 121
1 3 2
119 390
1 13 2
42 338
1 4 2
167 320
1 12 2
270 343
1 7 2
36 124
1 12 2
41 389
1 8 2
369 392
1 14 2
479 491
1 2 2
248 308
1 12 2
274 386
1 13 2
1 285
1 6 2
164 222
1 15 2
296 327
1 5 2
39 257
1 6 2
225 260
1 6 2
136 157
1 3 2
40 127
1 7 2
18 418
1 2 2
230 336
1 4 2
124 181
1 4 2
145 201
1 12 2
124 485
1 9 2
388 458
1 12 2
353 448
1 10 2
91 342
1 7 2
426 456
1 15 2
25 32
1 9 2
99 152
1 4 2
93 230
1 15 2
163 275
1 15 2
4 336
1 12 2
226 303
1 3 2
315 411
1 4 2
283 380
1 11 2
25 168
1 2 2
41 53
1 9 2
75 226
1 10 2
176 385
1 8 2
303 332
1 12 2
399 409
1 13 2
71 451
1 5 2
21 403
1 10 2
342 362
1 7 2
142 494
1 10 2
102 106
1 9 2
104 361
1 3 2
289 446
1 10 2
234 275
1 2 2
120 397
1 13 2
217 249
1 11 2
103 453
1 4 2
192 499
1 15 2
88 115
1 7 2
339 472
1 7 2
467 477
1 2 2
95 241
1 9 2
183 289
1 8 2
16 82
1 13 2
301 449
1 12 2
86 437
1 9 2
103 335
1 9 2
133 184
1 4 2
347 410
1 14 2
304 391
1 13 2
403 452
1 15 2
169 223
1 5 2
170 414
1 12 2
14 163
1 4 2
102 331
1 6 2
77 340
1 6 2
449 488
1 2 2
232 429
1 13 2
199 384
1 3 2
152 278
1 7 2
99 211
1 2 2
25 315
1 9 2
463 484
1 10 2
73 240
1 4 2
116 190
1 12 2
86 163
1 12 2
159 221
1 4 2
57 126
1 11 2
298 331
1 3 2
267 454
1 8 2
246 281
1 12 2
232 315
1 2 2
271 359
1 11 2
74 406
1 10 2
139 414
1 15 2
185 452
1 9 2
132 415
1 15 2
48 334
1 5 2
2 18
1 14 2
313 325
1 11 2
117 236
1 13 2
217 295
1 9 2
112 422
1 2 2
50 325
1 13 2
17 452
1 10 2
116 262
1 2 2
112 145
1 11 2
225 318
1 11 2
136 140
1 13 2
9 65
1 14 2
122 443
1 6 2
23 41
1 7 2
115 174
1 8 2
78 406
1 2 2
334 439
1 5 2
133 138
1 6 2
406 432
1 6 2
194 489
1 6 2
45 358
1 13 2
99 417
1 9 2
388 433
1 10 2
40 193
1 6 2
161 163
1 6 2
166 181
1 7 2
130 366
1 3 2
485 495
1 9 2
168 377
1 12 2
269 390
1 14 2
185 424
1 12 2
427 483
1 9 2
316 329
1 14 2
302 486
1 15 2
265 403
1 7 2
187 371
1 15 2
125 371
1 10 2
88 227
1 4 2
49 242
1 2 2
164 173
1 6 2
147 338
1 15 2
4 354
1 12 2
197 277
1 15 2
298 434
1 9 2
281 394
1 4 2
125 158
1 3 2
246 385
1 10 2
40 85
1 14 2
57 343
1 2 2
257 452
1 14 2
68 333
1 3 2
134 355
1 9 2
240 333
1 9 2
157 278
1 5 2
160 487
1 9 2
134 136
1 7 2
167 455
1 15 2
285 476
1 12 2
12 94
1 5 2
7 68
1 11 2
240 448
1 10 2
2 485
1 12 2
216 226
1 7 2
220 394
1 7 2
9 364
1 14 2
14 338
1 4 2
43 264
1 3 2
119 183
1 8 2
269 372
1 10 2
36 384
1 13 2
116 294
1 4 2
219 471
1 11 2
30 304
1 4 2
475 476
1 15 2
8 315
1 6 2
43 391
1 3 2
83 235
1 12 2
26 279
1 3 2
112 116
1 8 2
39 116
1 6 2
114 281
1 3 2
94 350
1 14 2
90 291
1 5 2
9 45
1 10 2
15 495
1 2 2
10 169
1 15 2
166 240
1 8 2
218 433
1 10 2
324 491
1 8 2
77 423
1 15 2
164 297
1 11 2
246 460
1 2 2
95 340
1 12 2
205 231
1 9 2
338 368
1 8 2
327 426
1 12 2
196 454
1 10 2
50 222
1 13 2
357 460
1 11 2
184 401
1 8 2
396 437
1 10 2
144 420
1 4 2
147 183
1 12 2
70 461
1 8 2
255 335
1 14 2
287 435
1 3 2
171 263
1 4 2
20 412
1 14 2
290 479
1 15 2
25 354
1 7 2
211 378
1 14 2
25 384
1 3 2
42 146
1 11 2
141 145
1 15 2
141 209
1 14 2
134 244
1 8 2
183 356
1 5 2
371 465
1 10 2
396 415
1 10 2
204 332
1 7 2
44 435
1 8 2
49 216
1 15 2
3 127
1 14 2
95 439
1 15 2
301 464
1 7 2
9 460
1 5 2
169 448
1 11 2
56 453
1 10 2
286 396
1 9 2
46 138
1 10 2
431 457
1 4 2
163 371
1 10 2
255 346
1 6 2
223 240
1 15 2
146 383
1 11 2
43 239
1 6 2
334 372
1 6 2
156 297
1 5 2
183 213
1 4 2
22 140
1 12 2
129 254
1 10 2
301 366
1 8 2
110 299
1 14 2
263 381
1 13 2
323 371
1 14 2
148 330
1 2 2
56 240
1 6 2
57 318
1 6 2
448 451
1 13 2
51 428
1 12 2
107 146
1 10 2
143 357
1 14 2
12 100
1 8 2
151 190
1 5 2
238 410
1 8 2
198 324
1 7 2
124 296
1 14 2
292 361
1 6 2
155 284
1 15 2
140 439
1 4 2
253 374
1 10 2
112 146
1 8 2
304 425
1 5 2
367 370
1 2 2
100 482
1 5 2
59 158
1 8 2
162 329
1 3 2
369 475
1 3 2
264 366
1 12 2
13 471
1 4 2
103 114
1 11 2
343 490
1 10 2
67 274
1 8 2
5 97
1 13 2
24 81
1 12 2
160 230
1 6 2
17 42
1 8 2
8 466
1 12 2
99 353
1 4 2
172 393
1 11 2
206 490
1 5 2
106 179
1 14 2
177 301
1 4 2
33 222
1 11 2
73 170
1 6 2
217 471
1 9 2
444 472
1 2 2
91 432
1 9 2
6 30
1 10 2
26 78
1 15 2
110 165
1 11 2
43 54
1 2 2
164 318
1 11 2
281 342
1 10 2
314 465
1 14 2
124 219
1 6 2
176 364
1 3 2
159 321
1 6 2
14 104
1 8 2
122 367
1 9 2
84 177
1 10 2
274 371
1 10 2
70 126
1 9 2
112 460
1 5 2
153 258
1 13 2
252 390
1 6 2
64 82
1 8 2
104 147
1 11 2
122 413
1 15 2
88 424
1 13 2
18 312
1 5 2
93 177
1 2 2
15 362
1 5 2
235 333
1 4 2
131 490
1 11 2
204 249
1 2 2
237 434
1 13 2
408 418
1 10 2
380 451
1 6 2
128 197
1 2 2
353 398
1 3 2
183 322
1 12 2
207 409
1 9 2
243 252
1 12 2
106 132
1 15 2
436 455
1 7 2
372 456
1 14 2
54 79
1 8 2
115 450
1 15 2
124 343
1 2 2
23 135
1 15 2
291 321
1 11 2
397 485
1 13 2
321 397
1 6 2
375 427
1 6 2
361 497
1 13 2
304 440
1 14 2
38 291
1 5 2
260 478
1 7 2
219 434
1 14 2
139 331
1 9 2
6 62
1 6 2
196 327
1 8 2
290 345
1 8 2
57 392
1 14 2
3 265
1 7 2
407 487
1 15 2
54 64
1 11 2
9 74
1 9 2
37 181
1 10 2
51 395
1 10 2
65 165
1 7 2
165 280
1 11 2
351 470
1 9 2
257 447
1 13 2
249 347
1 15 2
261 389
1 8 2
374 404
1 10 2
160 224
1 7 2
6 409
1 7 2
153 450
1 5 2
230 348
1 7 2
226 300
1 11 2
304 496
1 11 2
89 468
1 13 2
13 134
1 4 2
88 353
1 13 2
81 141
1 5 2
334 434
1 14 2
106 451
1 12 2
76 447
1 3 2
23 84
1 2 2
241 433
1 11 2
105 162
1 9 2
431 435
1 14 2
409 411
1 7 2
108 259
1 3 2
143 362
1 2 2
75 377
1 12 2
94 278
1 4 2
391 488
1 14 2
273 321
1 11 2
324 338
1 10 2
92 462
1 15 2
101 434
1 10 2
45 46
1 7 2
382 439
1 11 2
214 244
1 6 2
53 450
1 4 2
181 469
1 2 2
188 280
1 10 2
171 430
1 6 2
98 396
1 3 2
218 360
1 7 2
46 492
1 5 2
165 230
1 5 2
76 383
1 5 2
204 217
1 5 2
195 196
1 6 2
31 322
1 4 2
297 340
1 6 2
14 275
1 3 2
172 201
1 4 2
56 59
1 13 2
152 458
1 11 2
275 336
1 15 2
325 349
1 7 2
252 462
1 13 2
163 171
1 14 2
56 116
1 6 2
192 346
1 13 2
62 168
1 7 2
400 462
1 4 2
200 240
1 10 2
215 489
1 14 2
396 422
1 5 2
91 229
1 11 2
169 318
1 2 2
291 331
1 12 2
450 474
1 4 2
120 467
1 12 2
61 473
1 11 2
98 371
1 14 2
41 173
1 12 2
67 364
1 10 2
9 486
1 6 2
80 494
1 11 2
252 498
1 7 2
177 295
1 4 2
377 431
1 6 2
299 302
1 11 2
294 321
1 2 2
43 481
1 12 2
114 248
1 11 2
310 378
1 2 2
398 419
1 11 2
110 128
1 3 2
123 231
1 11 2
124 330
1 9 2
111 195
1 6 2
145 318
1 3 2
147 345
1 3 2
13 315
1 6 2
248 436
1 5 2
82 293
1 15 2
39 447
1 14 2
131 421
1 15 2
234 252
1 12 2
93 260
1 12 2
70 184
1 13 2
13 44
1 14 2
244 419
1 5 2
194 486
1 10 2
322 436
1 9 2
147 171
1 12 2
35 440
1 13 2
59 321
1 7 2
105 392
1 7 2
205 376
1 3 2
184 249
1 4 2
110 370
1 6 2
44 237
1 12 2
322 393
1 4 2
6 29
1 11 2
58 414
1 4 2
3 267
1 7 2
43 293
1 5 2
22 492
1 6 2
63 395
1 4 2
183 431
1 7 2
17 292
1 8 2
281 297
1 4 2
116 435
1 3 2
220 234
1 4 2
377 430
1 9 2
166 469
1 13 2
44 425
1 4 2
153 442
1 7 2
4 145
1 4 2
169 447
1 7 2
8 380
1 14 2
55 262
1 8 2
34 330
1 8 2
42 449
1 5 2
383 478
1 6 2
153 466
1 12 2
88 339
1 9 2
266 339
1 8 2
155 258
1 10 2
36 93
1 5 2
2 158
1 2 2
128 347
1 10 2
40 52
1 8 2
142 240
1 9 2
182 259
1 7 2
228 306
1 15 2
149 439
1 15 2
8 53
1 4 2
28 340
1 7 2
133 171
1 12 2
171 433
1 4 2
14 157
1 8 2
120 432
1 4 2
262 454
1 3 2
151 372
1 4 2
146 206
1 3 2
88 163
1 5 2
37 447
1 5 2
373 497
1 10 2
98 463
1 5 2
16 204
1 11 2
200 204
1 14 2
122 481
1 13 2
44 469
1 3 2
367 467
1 3 2
209 427
1 11 2
114 303
1 10 2
154 226
1 4 2
231 292
1 2 2
311 439
1 11 2
9 79
1 6 2
189 370
1 3 2
218 321
1 13 2
127 434
1 12 2
301 457
1 8 2
100 319
1 11 2
40 351
1 11 2
105 312
1 4 2
183 391
1 9 2
301 306
1 10 2
386 413
1 15 2
110 214
1 9 2
7 195
1 11 2
59 353
1 8 2
157 412
1 7 2
230 307
1 13 2
151 212
1 9 2
362 399
1 15 2
393 457
1 2 2
57 306
1 8 2
37 81
1 5 2
190 330
1 10 2
237 252
1 12 2
92 206
1 2 2
267 459
1 12 2
186 370
1 7 2
364 376
1 14 2
94 481
1 10 2
380 419
1 13 2
140 411
1 14 2
64 86
1 13 2
69 350
1 8 2
317 409
1 12 2
189 399
1 9 2
289 436
1 6 2
52 106
1 12 2
45 322
1 2 2
422 439
1 15 2
19 182
1 13 2
26 411
1 9 2
263 351
1 13 2
247 284
1 12 2
6 109
1 11 2
258 473
1 14 2
380 462
1 9 2
220 379
1 2 2
176 377
1 10 2
285 413
1 10 2
41 189
1 11 2
155 464
1 14 2
184 296
1 15 2
0 426
1 9 2
422 459
1 4 2
140 408
1 9 2
137 498
1 13 2
27 415
1 15 2
146 326
1 4 2
61 142
1 15 2
78 112
1 9 2
160 191
1 7 2
191 252
1 15 2
163 450
1 9 2
198 496
1 12 2
241 476
1 10 2
307 450
1 14 2
7 296
1 6 2
190 457
1 15 2
174 387
1 11 2
114 390
1 5 2
6 108
1 5 2
170 202
1 13 2
45 129
1 7 2
187 214
1 4 2
275 476
1 5 2
124 487
1 15 2
414 454
1 2 2
11 363
1 7 2
224 432
1 15 2
422 430
1 2 2
184 241
1 14 2
25 114
1 4 2
145 360
1 7 2
362 467
1 6 2
348 400
1 14 2
126 218
1 10 2
317 372
1 9 2
45 380
1 5 2
343 363
1 4 2
313 333
1 2 2
107 171
1 3 2
180 384
1 5 2
25 189
1 7 2
99 445
1 4 2
65 167
1 4 2
166 203
1 6 2
151 345
1 15 2
5 277
1 5 2
373 382
1 5 2
75 427
1 11 2
229 365
1 4 2
98 466
1 15 2
235 240
1 12 2
45 239
1 13 2
9 10
1 5 2
200 435
1 11 2
367 398
1 9 2
202 245
1 13 2
346 358
1 5 2
151 252
1 13 2
49 430
1 15 2
236 317
1 12 2
157 292
1 6 2
87 115
1 14 2
14 173
1 7 2
16 59
1 6 2
81 493
1 7 2
420 435
1 10 2
437 438
1 8 2
206 328
1 7 2
170 402
1 11 2
146 461
1 7 2
188 420
1 14 2
147 402
1 9 2
124 195
1 9 2
85 113
1 8 2
125 283
1 7 2
409 492
1 13 2
72 432
1 8 2
205 336
1 3 2
142 269
1 12 2
344 346
1 8 2
342 402
1 14 2
87 311
1 13 2
169 481
1 2 2
50 312
1 3 2
311 407
1 10 2
266 386
1 7 2
4 400
1 9 2
160 192
1 2 2
137 453
1 6 2
352 495
1 5 2
241 357
1 4 2
341 359
1 7 2
401 405
1 9 2
32 154
1 4 2
175 308
1 13 2
135 238
1 15 2
137 423
1 10 2
369 393
1 14 2
147 203
1 13 2
369 414
1 15 2
403 408
1 3 2
385 414
1 5 2
198 305
1 11 2
381 453
1 6 2
210 304
1 7 2
149 214
1 9 2
94 193
1 2 2
323 399
1 8 2
154 155
1 2 2
169 184
1 5 2
30 290
1 10 2
33 326
1 8 2
16 220
1 7 2
232 469
1 15 2
98 494
1 13 2
435 476
1 15 2
134 387
1 10 2
434 479
1 8 2
248 398
1 6 2
25 374
1 6 2
10 64
1 8 2
232 476
1 15 2
78 246
1 4 2
79 101
1 12 2
60 417
1 5 2
108 343
1 15 2
202 332
1 7 2
11 381
1 15 2
0 327
1 12 2
25 361
1 7 2
270 406
1 4 2
9 62
1 4 2
5 79
1 6 2
266 435
1 10 2
317 464
1 11 2
246 461
1 11 2
128 416
1 5 2
131 208
1 5 2
163 463
1 13 2
128 364
1 12 2
218 339
1 12 2
21 445
1 4 2
22 71
1 3 2
104 186
1 11 2
12 257
1 9 2
215 217
1 4 2
317 474
1 7 2
34 74
1 13 2
294 378
1 14 2
251 366
1 8 2
131 465
1 9 2
69 346
1 15 2
316 472
1 7 2
243 473
1 3 2
116 426
1 11 2
85 206
1 15 2
424 456
1 8 2
113 199
1 3 2
312 366
1 2 2
83 164
1 14 2
157 338
1 8 2
74 221
1 7 2
169 266
1 10 2
140 450
1 14 2
200 320
1 11 2
36 326
1 6 2
125 161
1 11 2
150 417
1 15 2
10 134
1 6 2
228 315
1 9 2
105 255
1 9 2
327 358
1 14 2
231 301
1 10 2
253 288
1 3 2
219 383
1 9 2
124 199
1 15 2
267 314
1 6 2
68 227
1 4 2
25 448
1 8 2
83 353
1 4 2
377 381
1 9 2
98 415
1 8 2
168 349
1 11 2
97 105
1 12 2
154 485
1 13 2
127 469
1 6 2
54 182
1 14 2
246 465
1 5 2
204 337
1 8 2
59 239
1 14 2
179 213
1 12 2
109 273
1 10 2
78 457
1 9 2
28 71
1 2 2
292 480
1 5 2
51 82
1 10 2
20 249
1 15 2
108 248
1 14 2
66 197
1 9 2
220 230
1 5 2
146 435
1 8 2
168 251
1 14 2
168 226
1 12 2
192 410
1 3 2
50 464
1 4 2
76 251
1 5 2
15 390
1 13 2
399 448
1 9 2
267 350
1 14 2
178 225
1 4 2
41 191
1 12 2
139 356
1 3 2
65 435
1 11 2
312 397
1 5 2
17 265
1 7 2
157 482
1 9 2
241 490
1 3 2
180 224
1 14 2
312 377
1 11 2
105 177
1 9 2
171 459
1 5 2
274 319
1 10 2
388 470
1 3 2
343 435
1 6 2
60 66
1 10 2
467 472
1 15 2
118 204
1 11 2
243 462
1 9 2
70 262
1 9 2
135 471
1 4 2
300 405
1 4 2
210 250
1 7 2
251 386
1 7 2
22 374
1 3 2
303 432
1 2 2
90 117
1 9 2
252 335
1 6 2
15 66
1 5 2
416 450
1 7 2
98 233
1 10 2
301 421
1 12 2
188 298
1 8 2
191 400
1 15 2
275 396
1 5 2
225 384
1 15 2
38 468
1 9 2
34 296
1 15 2
50 78
1 14 2
325 473
1 8 2
89 313
1 8 2
126 366
1 8 2
304 429
1 14 2
312 488
1 8 2
304 406
1 13 2
229 469
1 4 2
299 439
1 12 2
283 391
1 7 2
400 499
1 9 2
180 275
1 13 2
166 458
1 12 2
72 497
1 10 2
50 63
1 7 2
27 101
1 9 2
85 467
1 8 2
292 485
1 7 2
140 229
1 2 2
98 102
1 8 2
53 407
1 3 2
140 359
1 8 2
357 362
1 7 2
203 246
1 3 2
4 424
1 7 2
231 459
1 8 2
13 272
1 11 2
181 304
1 9 2
168 473
1 13 2
329 454
1 15 2
401 457
1 9 2
87 193
1 9 2
274 305
1 9 2
35 285
1 4 2
130 228
1 10 2
50 128
1 8 2
196 242
1 13 2
75 351
1 10 2
215 252
1 15 2
135 386
1 10 2
114 394
1 6 2
264 311
1 11 2
29 155
1 12 2
262 302
1 5 2
135 314
1 2 2
110 434
1 6 2
175 424
1 7 2
299 365
1 4 2
284 461
1 15 2
298 377
1 10 2
326 490
1 7 2
143 457
1 6 2
310 386
1 5 2
333 449
1 9 2
148 340
1 8 2
38 58
1 14 2
91 139
1 12 2
393 499
1 12 2
2 413
1 2 2
57 175
1 8 2
40 102
1 10 2
347 441
1 2 2
291 352
1 6 2
262 413
1 9 2
56 371
1 12 2
59 209
1 2 2
7 26
1 10 2
118 223
1 3 2
253 315
1 3 2
45 58
1 12 2
19 70
1 14 2
143 144
1 8 2
5 219
1 6 2
277 288
1 12 2
312 477
1 15 2
412 433
1 7 2
46 325
1 14 2
118 202
1 5 2
157 451
1 13 2
438 462
1 10 2
66 301
1 3 2
133 261
1 9 2
8 126
1 6 2
244 433
1 9 2
70 465
1 10 2
157 276
1 10 2
284 350
1 13 2
344 369
1 7 2
174 456
1 6 2
80 118
1 7 2
205 488
1 10 2
39 458
1 13 2
196 385
1 6 2
207 335
1 2 2
4 139
1 15 2
65 130
1 14 2
325 360
1 11 2
20 341
1 7 2
17 206
1 6 2
231 324
1 6 2
14 464
1 2 2
235 286
1 15 2
148 360
1 12 2
102 326
1 4 2
92 98
1 4 2
154 446
1 7 2
218 460
1 10 2
70 405
1 8 2
66 420
1 11 2
150 393
1 6 2
21 56
1 13 2
38 67
1 14 2
133 260
1 4 2
40 235
1 3 2
425 444
1 13 2
430 449
1 14 2
254 305
1 7 2
64 288
1 13 2
111 295
1 10 2
104 317
1 5 2
12 21
1 2 2
306 353
1 9 2
186 213
1 10 2
40 125
1 7 2
266 318
1 4 2
46 107
1 14 2
55 273
1 13 2
406 415
1 14 2
441 499
1 15 2
72 398
1 14 2
216 234
1 6 2
81 277
1 12 2
133 453
1 11 2
183 470
1 11 2
173 227
1 14 2
323 441
1 11 2
193 309
1 14 2
48 311
1 10 2
68 273
1 11 2
160 469
1 7 2
111 208
1 3 2
101 490
1 13 2
273 274
1 14 2
168 370
1 14 2
72 138
1 7 2
123 287
1 12 2
263 291
1 14 2
128 292
1 8 2
97 299
1 14 2
277 498
1 4 2
28 139
1 11 2
48 111
1 11 2
169 437
1 14 2
245 409
1 14 2
115 337
1 12 2
76 120
1 10 2
11 284
1 6 2
159 254
1 5 2
352 448
1 8 2
54 331
1 11 2
236 423
1 8 2
473 493
1 13 2
4 347
1 12 2
44 101
1 15 2
116 385
1 14 2
292 380
1 11 2
134 395
1 3 2
164 344
1 11 2
203 326
1 13 2
7 341
1 10 2
64 311
1 10 2
11 253
1 4 2
18 398
1 12 2
344 436
1 14 2
137 369
1 9 2
80 491
1 13 2
154 255
1 7 2
117 171
1 9 2
217 478
1 13 2
270 290
1 7 2
176 240
1 5 2
97 109
1 7 2
66 361
1 9 2
165 217
1 10 2
13 436
1 5 2
72 492
1 8 2
174 229
1 11 2
217 388
1 3 2
59 62
1 13 2
191 325
1 10 2
99 145
1 13 2
224 349
1 2 2
79 372
1 7 2
21 274
1 14 2
69 420
1 6 2
200 449
1 6 2
206 450
1 14 2
327 444
1 12 2
168 487
1 10 2
89 234
1 10 2
70 264
1 15 2
178 269
1 6 2
92 489
1 7 2
81 271
1 11 2
58 215
1 9 2
157 260
1 5 2
123 269
1 3 2
88 145
1 13 2
105 361
1 11 2
33 359
1 9 2
222 433
1 8 2
295 362
1 12 2
51 413
1 8 2
186 432
1 2 2
11 156
1 5 2
479 484
1 7 2
130 365
1 2 2
51 291
1 14 2
121 293
1 13 2
342 487
1 13 2
251 397
1 13 2
10 47
1 7 2
124 322
1 15 2
46 226
1 12 2
210 312
1 13 2
357 478
1 6 2
121 458
1 7 2
155 367
1 3 2
229 382
1 5 2
202 421
1 2 2
53 465
1 14 2
120 332
1 3 2
308 470
1 9 2
76 342
1 14 2
205 253
1 6 2
423 465
1 4 2
253 407
1 4 2
9 365
1 12 2
231 371
1 2 2
29 438
1 6 2
11 159
1 2 2
35 434
1 8 2
78 334
1 11 2
247 492
1 4 2
10 43
1 7 2
252 291
1 13 2
170 486
1 12 2
21 312
1 5 2
329 394
1 9 2
294 365
1 15 2
228 260
1 8 2
226 344
1 2 2
76 133
1 5 2
104 115
1 13 2
453 479
1 10 2
73 433
1 10 2
355 376
1 12 2
75 157
1 8 2
278 376
1 13 2
89 167
1 4 2
366 367
1 5 2
122 461
1 10 2
213 402
1 4 2
191 482
1 6 2
9 468
1 3 2
48 394
1 8 2
126 436
1 9 2
48 380
1 13 2
140 485
1 12 2
101 284
1 9 2
63 459
1 15 2
368 485
1 11 2
46 214
1 15 2
260 271
1 8 2
51 403
1 10 2
52 158
1 6 2
248 375
1 15 2
58 375
1 4 2
64 279
1 7 2
335 445
1 2 2
121 284
1 12 2
361 478
1 2 2
72 411
1 13 2
252 432
1 13 2
44 232
1 15 2
151 265
1 6 2
101 391
1 15 2
137 381
1 15 2
148 165
1 11 2
100 494
1 12 2
163 366
1 10 2
62 126
1 7 2
168 434
1 7 2
185 331
1 14 2
93 162
1 7 2
253 444
1 6 2
94 326
1 8 2
76 297
1 13 2
353 499
1 13 2
182 464
1 9 2
28 342
1 9 2
107 257
1 2 2
133 284
1 2 2
28 188
1 13 2
77 200
1 13 2
92 211
1 8 2
162 424
1 2 2
331 367
1 14 2
216 449
1 12 2
435 495
1 4 2
93 274
1 10 2
54 115
1 7 2
319 339
1 12 2
64 302
1 15 2
251 322
1 3 2
324 471
1 2 2
182 271
1 14 2
208 212
1 10 2
307 408
1 12 2
99 348
1 15 2
212 430
1 13 2
279 423
1 10 2
59 306
1 3 2
143 380
1 10 2
91 117
1 13 2
163 314
1 11 2
210 372
1 14 2
190 441
1 7 2
72 429
1 9 2
4 48
1 11 2
39 79
1 14 2
343 469
1 2 2
76 162
1 4 2
310 438
1 12 2
149 209
1 3 2
52 227
1 8 2
381 399
1 4 2
41 206
1 7 2
69 407
1 5 2
303 351
1 13 2
37 126
1 7 2
100 156
1 9 2
126 432
1 12 2
25 85
1 3 2
82 194
1 7 2
26 324
1 10 2
61 334
1 13 2
244 384
1 7 2
339 368
1 13 2
113 231
1 9 2
45 401
1 10 2
124 404
1 7 2
127 364
1 7 2
54 205
1 7 2
24 384
1 15 2
244 314
1 4 2
62 131
1 4 2
112 465
1 9 2
200 245
1 12 2
121 134
1 9 2
317 351
1 15 2
144 267
1 13 2
124 420
1 6 2
38 405
1 12 2
149 279
1 6 2
114 432
1 5 2
375 443
1 4 2
124 471
1 11 2
50 127
1 10 2
69 135
1 10 2
161 487
1 13 2
264 429
1 5 2
383 452
1 8 2
106 449
1 13 2
62 199
1 9 2
7 464
1 8 2
273 296
1 10 2
9 246
1 2 2
129 286
1 7 2
346 362
1 3 2
49 134
1 9 2
354 479
1 12 2
162 234
1 12 2
215 223
1 8 2
410 414
1 11 2
123 208
1 13 2
34 390
1 4 2
250 405
1 10 2
36 485
1 6 2
34 318
1 11 2
170 458
1 15 2
155 190
1 8 2
132 470
1 2 2
424 478
1 2 2
115 116
1 8 2
90 224
1 2 2
225 429
1 7 2
197 435
1 8 2
98 297
1 14 2
163 312
1 6 2
216 409
1 7 2
245 329
1 10 2
99 343
1 2 2
387 470
1 4 2
251 415
1 4 2
32 71
1 8 2
205 416
1 3 2
158 352
1 5 2
399 451
1 12 2
151 267
1 10 2
36 43
1 10 2
306 339
1 13 2
237 257
1 3 2
265 429
1 3 2
329 389
1 6 2
94 316
1 14 2
86 151
1 3 2
172 205
1 14 2
102 478
1 12 2
98 424
1 15 2
190 359
1 11 2
230 484
1 10 2
265 292
1 5 2
52 220
1 9 2
213 268
1 11 2
206 209
1 4 2
205 237
1 8 2
122 145
1 7 2
2 62
1 3 2
65 115
1 10 2
214 460
1 7 2
46 212
1 12 2
88 464
1 14 2
78 182
1 15 2
63 379
1 3 2
61 177
1 4 2
153 342
1 11 2
185 297
1 7 2
327 359
1 2 2
207 232
1 2 2
296 332
1 2 2
304 410
1 10 2
215 325
1 6 2
133 493
1 5 2
269 411
1 6 2
260 393
1 9 2
97 134
1 10 2
268 381
1 8 2
277 434
1 7 2
127 239
1 7 2
299 310
1 12 2
201 263
1 5 2
195 287
1 11 2
156 320
1 2 2
182 391
1 11 2
360 451
1 11 2
123 327
1 7 2
177 325
1 15 2
104 267
1 10 2
199 217
1 13 2
428 496
1 4 2
23 318
1 10 2
203 242
1 7 2
220 288
1 4 2
169 397
1 2 2
129 163
1 14 2
57 236
1 5 2
98 276
1 6 2
263 490
1 15 2
439 447
1 10 2
136 431
1 12 2
6 75
1 13 2
297 362
1 9 2
37 103
1 6 2
423 442
1 7 2
351 495
1 11 2
398 411
1 9 2
122 437
1 6 2
77 294
1 5 2
18 65
1 6 2
225 311
1 4 2
151 256
1 5 2
293 475
1 10 2
221 404
1 14 2
23 67
1 10 2
237 352
1 4 2
320 393
1 14 2
116 126
1 10 2
273 349
1 12 2
180 492
1 6 2
76 122
1 5 2
25 199
1 3 2
234 244
1 9 2
16 315
1 10 2
69 409
1 13 2
125 370
1 8 2
129 284
1 14 2
75 328
1 12 2
269 310
1 14 2
181 421
1 4 2
257 442
1 10 2
95 301
1 12 2
7 95
1 12 2
244 437
1 15 2
82 499
1 13 2
182 387
1 9 2
176 373
1 12 2
169 445
1 5 2
20 152
1 14 2
74 118
1 10 2
360 393
1 3 2
68 234
1 11 2
202 470
1 3 2
378 441
1 9 2
106 491
1 15 2
86 268
1 6 2
236 381
1 3 2
187 255
1 3 2
39 195
1 13 2
60 80
1 10 2
114 305
1 12 2
51 165
1 8 2
401 406
1 10 2
92 467
1 2 2
157 423
1 11 2
117 471
1 15 2
396 431
1 11 2
43 478
1 4 2
141 263
1 13 2
343 491
1 2 2
253 427
1 13 2
257 465
1 7 2
42 215
1 3 2
101 215
1 3 2
44 379
1 14 2
163 346
1 4 2
305 392
1 5 2
75 403
1 2 2
163 311
1 5 2
108 406
1 9 2
79 239
1 13 2
363 466
1 9 2
10 178
1 4 2
271 423
1 9 2
344 386
1 14 2
254 474
1 15 2
118 320
1 11 2
4 65
1 3 2
309 390
1 8 2
44 479
1 3 2
212 379
1 5 2
82 454
1 11 2
379 485
1 14 2
265 269
1 13 2
140 259
1 12 2
122 404
1 9 2
2 54
1 5 2
34 93
1 4 2
191 490
1 4 2
92 430
1 11 2
128 483
1 9 2
53 278
1 11 2
108 251
1 14 2
369 463
1 3 2
31 66
1 5 2
84 159
1 6 2
180 342
1 12 2
217 336
1 7 2
234 487
1 15 2
451 498
1 3 2
9 126
1 9 2
241 478
1 9 2
33 36
1 15 2
79 326
1 5 2
465 493
1 6 2
217 312
1 12 2
276 292
1 2 2
256 380
1 11 2
314 339
1 5 2
278 367
1 10 2
209 368
1 9 2
13 432
1 2 2
239 426
1 2 2
32 384
1 15 2
309 464
1 3 2
118 178
1 13 2
13 122
1 14 2
208 251
1 2 2
120 194
1 5 2
43 205
1 14 2
227 251
1 6 2
47 376
1 12 2
78 193
1 3 2
34 223
1 5 2
152 340
1 13 2
245 355
1 7 2
105 389
1 12 2
33 229
1 14 2
195 215
1 8 2
263 317
1 5 2
145 354
1 12 2
20 135
1 7 2
334 338
1 13 2
151 291
1 11 2
221 241
1 11 2
33 198
1 3 2
185 220
1 2 2
66 307
1 15 2
26 421
1 14 2
67 420
1 10 2
197 360
1 4 2
77 216
1 15 2
101 444
1 11 2
66 335
1 9 2
165 174
1 10 2
320 398
1 3 2
141 418
1 8 2
39 453
1 7 2
472 473
1 8 2
120 312
1 7 2
36 211
1 11 2
47 406
1 2 2
85 445
1 14 2
426 477
1 14 2
125 190
1 13 2
362 483
1 4 2
304 347
1 3 2
241 387
1 15 2
322 492
1 3 2
452 499
1 5 2
16 223
1 5 2
52 215
1 9 2
31 141
1 15 2
351 471
1 14 2
132 436
1 12 2
159 428
1 2 2
25 425
1 14 2
246 455
1 14 2
22 200
1 4 2
46 265
1 5 2
16 103
1 4 2
287 365
1 7 2
153 303
1 13 2
73 121
1 14 2
62 425
1 14 2
2 201
1 10 2
224 472
1 11 2
239 371
1 9 2
15 53
1 9 2
93 428
1 14 2
65 338
1 4 2
294 391
1 7 2
151 338
1 4 2
55 242
1 6 2
231 338
1 4 2
59 270
1 6 2
127 489
1 4 2
203 293
1 4 2
234 328
1 3 2
167 168
1 12 2
236 455
1 14 2
10 176
1 13 2
32 307
1 9 2
182 474
1 10 2
462 469
1 13 2
80 335
1 12 2
97 185
1 14 2
133 391
1 4 2
183 330
1 5 2
130 439
1 3 2
243 372
1 6 2
327 395
1 4 2
32 105
1 11 2
76 486
1 6 2
218 388
1 7 2
428 450
1 3 2
207 394
1 8 2
293 432
1 8 2
19 445
1 3 2
353 477
1 8 2
229 259
1 6 2
173 371
1 13 2
20 298
1 12 2
149 153
1 13 2
173 480
1 5 2
58 395
1 15 2
56 267
1 9 2
118 356
1 12 2
290 297
1 13 2
52 407
1 13 2
67 155
1 15 2
45 251
1 14 2
335 391
1 15 2
4 60
1 13 2
205 318
1 2 2
19 420
1 9 2
9 234
1 7 2
181 347
1 4 2
135 375
1 9 2
138 442
1 12 2
29 296
1 9 2
263 425
1 4 2
135 486
1 4 2
93 146
1 12 2
68 380
1 13 2
70 223
1 9 2
81 327
1 8 2
463 473
1 14 2
319 468
1 10 2
333 400
1 3 2
166 488
1 10 2
197 274
1 8 2
232 418
1 6 2
269 488
1 4 2
232 266
1 13 2
298 493
1 12 2
113 183
1 2 2
147 221
1 6 2
184 360
1 15 2
204 268
1 13 2
293 347
1 6 2
93 231
1 14 2
133 227
1 6 2
12 310
1 12 2
98 397
1 3 2
297 433
1 3 2
235 460
1 15 2
67 306
1 7 2
157 175
1 15 2
370 483
1 11 2
27 388
1 3 2
56 432
1 15 2
215 229
1 6 2
90 336
1 13 2
67 218
1 3 2
208 411
1 3 2
182 285
1 7 2
193 323
1 3 2
111 170
1 2 2
167 259
1 3 2
100 481
1 6 2
99 122
1 3 2
258 354
1 8 2
433 447
1 5 2
311 402
1 11 2
132 477
1 7 2
233 337
1 14 2
127 476
1 10 2
48 162
1 10 2
52 56
1 9 2
42 180
1 15 2
153 272
1 10 2
102 114
1 4 2
256 339
1 7 2
203 281
1 4 2
35 58
1 8 2
16 160
1 3 2
87 309
1 15 2
266 423
1 15 2
237 348
1 4 2
233 442
1 9 2
64 247
1 10 2
88 196
1 8 2
30 89
1 13 2
173 418
1 9 2
68 488
1 8 2
394 397
1 14 2
314 475
1 15 2
78 449
1 13 2
86 208
1 4 2
280 339
1 11 2
298 382
1 5 2
35 163
1 3 2
323 433
1 4 2
149 237
1 13 2
192 423
1 9 2
44 82
1 13 2
101 200
1 13 2
187 391
1 15 2
195 284
1 10 2
0 346
1 5 2
142 491
1 2 2
190 354
1 12 2
283 466
1 2 2
92 349
1 5 2
51 312
1 7 2
291 459
1 14 2
324 420
1 14 2
95 348
1 15 2
52 213
1 9 2
313 315
1 10 2
15 424
1 2 2
137 396
1 7 2
133 144
1 13 2
15 276
1 6 2
136 275
1 5 2
166 287
1 8 2
138 316
1 8 2
95 282
1 14 2
313 392
1 5 2
106 393
1 9 2
238 372
1 14 2
41 473
1 13 2
93 221
1 10 2
395 426
1 2 2
35 270
1 4 2
315 438
1 8 2
246 398
1 15 2
167 395
1 7 2
194 205
1 7 2
6 198
1 8 2
141 296
1 5 2
54 472
1 14 2
120 256
1 14 2
48 413
1 11 2
107 187
1 10 2
66 302
1 5 2
135 488
1 12 2
98 449
1 11 2
18 292
1 9 2
65 471
1 4 2
65 147
1 8 2
461 467
1 11 2
80 161
1 13 2
117 433
1 6 2
169 491
1 9 2
30 481
1 9 2
141 243
1 11 2
223 386
1 9 2
192 395
1 3 2
9 114
1 15 2
56 337
1 15 2
264 288
1 10 2
72 310
1 3 2
460 471
1 9 2
175 338
1 8 2
227 302
1 11 2
265 268
1 14 2
313 487
1 4 2
124 227
1 4 2
119 413
1 13 2
23 82
1 6 2
153 324
1 14 2
68 254
1 4 2
81 470
1 12 2
137 380
1 2 2
146 397
1 8 2
258 456
1 4 2
104 220
1 5 2
97 267
1 9 2
459 496
1 10 2
243 395
1 3 2
301 405
1 2 2
440 444
1 11 2
86 237
1 3 2
199 466
1 5 2
189 342
1 3 2
25 305
1 4 2
97 199
1 10 2
293 297
1 4 2
10 464
1 7 2
222 415
1 3 2
155 478
1 5 2
92 103
1 2 2
350 466
1 15 2
29 136
1 11 2
3 44
1 4 2
36 66
1 3 2
361 466
1 8 2
35 189
1 8 2
157 315
1 9 2
225 259
1 14 2
213 471
1 10 2
53 348
1 15 2
25 195
1 7 2
436 464
1 15 2
69 85
1 13 2
140 291
1 10 2
149 344
1 11 2
23 410
1 2 2
21 448
1 11 2
151 271
1 2 2
73 91
1 15 2
298 420
1 3 2
55 492
1 2 2
111 497
1 12 2
16 138
1 10 2
25 367
1 7 2
100 290
1 3 2
66 193
1 2 2
410 460
1 5 2
58 440
1 13 2
189 424
1 8 2
12 244
1 10 2
30 287
1 15 2
75 145
1 13 2
304 396
1 13 2
111 339
1 2 2
47 353
1 14 2
299 476
1 5 2
349 462
1 12 2
26 234
1 2 2
174 497
1 14 2
14 60
1 8 2
13 133
1 5 2
173 416
1 5 2
64 421
1 6 2
282 362
1 3 2
275 384
1 3 2
122 157
1 10 2
30 433
1 6 2
105 264
1 2 2
64 336
1 4 2
83 400
1 3 2
212 346
1 11 2
281 430
1 9 2
240 392
1 5 2
5 278
1 12 2
108 204
1 9 2
43 131
1 11 2
278 427
1 2 2
141 247
1 7 2
329 496
1 10 2
342 403
1 7 2
30 196
1 7 2
174 428
1 11 2
10 292
1 5 2
60 259
1 14 2
87 296
1 14 2
96 207
1 12 2
142 414
1 11 2
214 498
1 4 2
63 476
1 9 2
1 289
1 7 2
266 299
1 2 2
8 36
1 4 2
209 403
1 9 2
189 245
1 2 2
332 363
1 15 2
318 415
1 7 2
213 394
1 9 2
200 208
1 12 2
306 497
1 12 2
119 160
1 9 2
132 335
1 7 2
404 476
1 2 2
290 486
1 8 2
54 183
1 3 2
1 459
1 10 2
21 432
1 14 2
53 146
1 2 2
146 448
1 6 2
138 231
1 7 2
155 202
1 9 2
168 413
1 7 2
149 453
1 7 2
2 174
1 9 2
185 232
1 12 2
12 482
1 9 2
85 415
1 5 2
203 276
1 5 2
195 315
1 9 2
1 469
1 5 2
161 227
1 10 2
112 427
1 10 2
270 467
1 5 2
277 341
1 6 2
361 411
1 7 2
28 406
1 9 2
5 102
1 10 2
96 189
1 2 2
191 299
1 8 2
27 355
1 6 2
274 379
1 13 2
8 134
1 15 2
253 429
1 7 2
164 313
1 3 2
11 268
1 9 2
62 175
1 7 2
371 383
1 11 2
123 441
1 3 2
126 198
1 15 2
80 323
1 3 2
431 440
1 12 2
49 163
1 12 2
267 306
1 6 2
220 397
1 10 2
304 416
1 7 2
76 163
1 15 2
3 225
1 11 2
41 132
1 4 2
57 73
1 4 2
338 344
1 4 2
67 424
1 10 2
218 477
1 4 2
98 367
1 11 2
189 304
1 2 2
274 282
1 7 2
142 402
1 2 2
18 181
1 2 2
394 419
1 5 2
121 472
1 10 2
39 413
1 11 2
333 434
1 11 2
214 355
1 15 2
149 308
1 12 2
304 319
1 2 2
84 184
1 6 2
456 479
1 6 2
148 465
1 14 2
138 172
1 8 2
131 397
1 7 2
260 429
1 9 2
280 304
1 6 2
467 469
1 2 2
151 456
1 6 2
47 429
1 3 2
157 211
1 13 2
192 302
1 11 2
21 246
1 11 2
450 477
1 11 2
16 39
1 5 2
63 398
1 9 2
230 235
1 11 2
92 183
1 9 2
253 467
1 3 2
164 475
1 14 2
126 457
1 13 2
278 393
1 15 2
113 190
1 11 2
335 465
1 14 2
158 438
1 3 2
21 161
1 6 2
61 113
1 12 2
241 440
1 11 2
12 83
1 2 2
24 139
1 6 2
284 326
1 11 2
8 234
1 7 2
17 66
1 13 2
99 428
1 14 2
239 437
1 4 2
49 174
1 6 2
7 151
1 12 2
144 163
1 6 2
273 344
1 9 2
162 349
1 13 2
146 162
1 7 2
86 417
1 15 2
311 417
1 6 2
99 164
1 6 2
94 186
1 14 2
160 447
1 12 2
22 70
1 9 2
240 296
1 3 2
50 72
1 2 2
7 245
1 12 2
81 406
1 8 2
66 456
1 2 2
138 461
1 13 2
132 402
1 3 2
126 379
1 6 2
305 388
1 2 2
170 478
1 13 2
274 357
1 5 2
293 313
1 11 2
300 453
1 4 2
279 440
1 2 2
116 276
1 3 2
204 314
1 7 2
374 422
1 9 2
92 375
1 9 2
102 229
1 8 2
137 419
1 15 2
5 459
1 13 2
143 330
1 10 2
367 396
1 4 2
89 165
1 15 2
63 278
1 10 2
200 224
1 14 2
318 462
1 2 2
119 418
1 5 2
159 353
1 8 2
144 216
1 11 2
277 355
1 14 2
21 380
1 15 2
351 434
1 9 2
327 422
1 5 2
38 101
1 6 2
2 237
1 6 2
142 182
1 6 2
186 187
1 5 2
149 222
1 6 2
94 108
1 7 2
211 389
1 11 2
166 192
1 14 2
142 202
1 10 2
15 233
1 13 2
240 250
1 12 2
40 260
1 6 2
45 174
1 2 2
266 336
1 6 2
123 257
1 10 2
386 431
1 5 2
120 420
1 3 2
79 131
1 5 2
357 492
1 2 2
83 238
1 6 2
2 79
1 13 2
57 71
1 3 2
63 462
1 9 2
364 488
1 10 2
320 362
1 10 2
89 221
1 10 2
256 465
1 11 2
103 487
1 15 2
10 253
1 11 2
175 481
1 7 2
61 278
1 2 2
311 326
1 9 2
179 494
1 5 2
31 498
1 6 2
138 309
1 11 2
237 284
1 15 2
264 316
1 8 2
251 305
1 5 2
28 349
1 5 2
43 143
1 11 2
53 151
1 14 2
174 286
1 14 2
234 499
1 6 2
240 325
1 12 2
119 201
1 12 2
173 347
1 6 2
85 487
1 11 2
256 392
1 9 2
57 293
1 10 2
144 425
1 11 2
10 200
1 3 2
86 467
1 9 2
69 243
1 11 2
54 382
1 11 2
111 181
1 5 2
109 437
1 13 2
102 335
1 3 2
403 474
1 12 2
168 372
1 2 2
209 315
1 9 2
317 397
1 5 2
162 317
1 13 2
63 225
1 15 2
161 344
1 14 2
89 408
1 4 2
74 426
1 5 2
28 184
1 8 2
90 296
1 2 2
27 373
1 14 2
408 427
1 5 2
33 498
1 13 2
344 494
1 12 2
190 211
1 14 2
88 108
1 14 2
116 372
1 5 2
160 363
1 13 2
128 498
1 12 2
137 421
1 15 2
192 359
1 7 2
60 334
1 8 2
288 373
1 8 2
120 242
1 11 2
197 414
1 4 2
104 316
