500 3000 1500
25 5 24 8 6 18 20 14 17 22 7 6 12 21 10 9 5 6 9 21 7 11 22 16 8 14 15 13 21 7 10 17 8 8 21 10 25 6 21 21 16 12 13 11 14 5 18 14 7 7 7 13 6 7 25 9 9 20 16 7 16 14 7 19 23 18 18 21 24 6 15 14 24 9 24 10 14 10 14 22 25 25 8 18 5 20 24 11 23 24 18 18 12 25 23 20 19 6 20 10 12 17 20 16 11 15 9 15 5 12 6 7 8 22 11 18 15 21 11 14 6 12 21 13 7 12 6 7 16 13 20 13 9 12 24 14 25 16 7 18 23 5 12 23 17 21 9 7 10 21 24 25 24 14 7 19 22 7 8 11 18 8 10 19 20 20 10 16 20 17 10 20 16 16 19 18 23 24 8 17 14 19 23 18 25 21 19 23 8 21 11 12 14 9 11 14 5 12 25 6 8 12 11 6 15 7 8 6 17 22 7 16 15 9 23 16 18 5 10 8 13 15 14 24 10 15 22 25 22 8 6 5 9 23 15 9 19 16 9 10 23 7 13 22 18 6 23 6 15 17 9 23 13 25 7 22 10 18 10 13 18 17 9 9 5 16 14 14 24 19 22 21 9 19 22 21 19 19 8 5 11 24 6 13 25 10 23 22 11 19 18 14 9 8 19 8 23 18 5 22 9 15 18 22 6 12 15 25 7 25 10 9 12 20 8 20 13 15 15 11 23 20 13 14 25 22 25 25 22 11 12 11 11 18 13 10 23 23 17 17 16 19 16 7 9 8 6 21 20 22 5 5 22 6 7 18 15 8 23 18 5 15 16 17 7 17 5 7 21 24 9 24 22 25 6 25 19 14 9 10 13 17 10 20 12 23 14 20 14 22 13 7 21 6 25 19 6 22 9 15 6 22 19 19 11 22 20 11 15 24 17 16 21 18 11 24 9 16 7 17 7 19 21 6 22 13 8 15 19 14 7 15 17 15 17 7 9 16 23 23 6 13 9 14 8 19 23 18 25 16 21 7 5 21 25 11 21 25 21 25 21 10 5 10 20 21 10 17 17 5 16 17 9 19 12 22 9 19 13 22 20 22 14 21 10 8 25 12 11 24 21 9 7 8 5 14 12 11 18 8
3 12 15 10 17 6 16 16 18 4 20 20 17 6 12 12 4 19 10 18 9 5 13 11 10 19 5 3 5 6 19 7 18 11 3 3 6 20 10 13 20 18 4 12 10 3 10 6 16 9 18 9 10 15 9 20 8 19 16 8 6 13 5 4 3 8 15 19 9 9 12 10 17 20 15 8 17 16 11 5 15 5 20 10 20 19 8 5 8 4 16 18 16 5 20 4 13 14 7 12 5 5 7 9 5 15 5 5 19 14 13 17 9 18 7 16 13 19 17 19 18 11 5 4 15 4 10 12 10 13 8 20 3 18 19 18 13 10 10 14 16 20 20 5 13 9 4 10 18 18 20 12 8 16 3 4 10 6 19 5 10 16 17 10 19 10 5 6 9 7 7 13 17 12 8 10 16 15 8 3 15 4 7 20 16 20 15 11 5 11 7 7 16 8 14 11 15 5 16 18 12 11 12 9 9 19 11 15 12 10 15 6 4 14 9 9 8 12 17 13 12 5 5 17 11 11 8 13 7 5 12 16 15 13 7 10 15 9 4 11 17 19 4 14 9 13 18 8 16 16 20 18 3 9 8 6 20 17 13 12 3 3 11 10 3 3 6 16 20 14 3 4 6 3 8 8 17 15 8 9 16 4 15 9 18 14 3 5 10 5 13 11 6 17 6 4 11 5 6 9 19 10 10 18 7 7 4 19 4 9 18 14 6 4 3 17 20 8 9 18 10 5 16 4 15 6 10 15 3 19 4 20 11 11 20 6 16 7 16 5 15 4 17 13 9 16 11 18 16 19 7 16 18 12 9 4 16 7 14 8 16 6 13 17 11 8 3 11 17 16 12 5 16 7 3 11 15 20 15 10 5 10 3 7 15 4 4 15 17 11 6 16 7 10 7 12 12 11 15 18 5 7 8 19 8 4 18 9 8 12 10 4 18 18 16 4 11 14 4 20 9 5 19 4 12 3 15 9 16 17 14 7 13 7 11 16 20 9 3 4 5 5 10 11 15 11 14 15 9 3 12 5 11 14 14 3 15 10 3 9 15 16 4 6 18 11 14 17 17 16 15 11 17 19 3 15 11 20 7 4 17 7 7 3 19 20 5 9 13 3 5 19 3 5 17 17 8 14 12 16
1 5 2
243 370
1 12 2
118 359
1 5 2
265 385
1 8 2
388 402
1 5 2
230 320
1 15 2
30 100
1 11 2
288 397
1 7 2
159 285
1 15 2
394 414
1 11 2
28 424
1 15 2
449 489
1 14 2
35 290
1 4 2
328 393
1 6 2
262 325
1 12 2
100 389
1 9 2
30 200
1 13 2
78 196
1 12 2
197 315
1 5 2
435 442
1 14 2
17 471
1 9 2
7 274
1 9 2
166 337
1 6 2
184 337
1 13 2
44 282
1 3 2
135 331
1 13 2
415 462
1 13 2
53 283
1 4 2
56 466
1 12 2
157 479
1 12 2
35 315
1 3 2
165 367
1 6 2
21 315
1 8 2
67 135
1 5 2
340 406
1 12 2
338 498
1 2 2
423 446
1 14 2
357 485
1 9 2
134 413
1 14 2
282 464
1 3 2
8 150
1 11 2
216 232
1 13 2
126 455
1 6 2
46 455
1 9 2
12 197
1 6 2
17 188
1 3 2
89 421
1 5 2
276 448
1 14 2
91 327
1 6 2
241 306
1 10 2
149 169
1 10 2
145 408
1 15 2
273 382
1 7 2
305 358
1 14 2
33 397
1 2 2
241 482
1 6 2
23 188
1 5 2
204 326
1 3 2
190 402
1 5 2
122 194
1 13 2
321 403
1 12 2
147 390
1 3 2
168 209
1 15 2
280 294
1 2 2
179 341
1 14 2
71 311
1 4 2
276 472
1 8 2
87 275
1 12 2
332 429
1 10 2
114 275
1 5 2
42 118
1 13 2
242 311
1 8 2
48 158
1 4 2
359 473
1 9 2
159 445
1 15 2
63 335
1 5 2
21 438
1 2 2
212 486
1 2 2
108 340
1 8 2
18 26
1 2 2
53 361
1 10 2
271 486
1 5 2
54 456
1 2 2
97 496
1 7 2
54 236
1 3 2
65 187
1 10 2
226 246
1 3 2
160 278
1 5 2
427 469
1 13 2
16 22
1 8 2
216 273
1 11 2
58 218
1 3 2
106 186
1 3 2
261 322
1 11 2
209 422
1 8 2
87 386
1 9 2
380 384
1 2 2
103 341
1 13 2
289 309
1 2 2
44 421
1 13 2
29 488
1 15 2
187 429
1 7 2
312 431
1 2 2
178 268
1 13 2
27 33
1 14 2
193 451
1 6 2
10 339
1 10 2
328 445
1 15 2
93 451
1 10 2
306 344
1 3 2
115 371
1 13 2
155 326
1 4 2
25 318
1 2 2
37 58
1 15 2
378 498
1 6 2
393 468
1 5 2
9 399
1 4 2
261 387
1 9 2
64 68
1 4 2
55 432
1 7 2
232 323
1 5 2
87 403
1 13 2
292 409
1 14 2
31 245
1 11 2
346 480
1 10 2
83 197
1 5 2
264 316
1 3 2
10 383
1 3 2
102 389
1 10 2
312 316
1 8 2
312 392
1 11 2
404 479
1 7 2
416 477
1 7 2
199 484
1 7 2
125 244
1 3 2
295 487
1 5 2
108 119
1 3 2
203 353
1 3 2
152 320
1 15 2
316 439
1 10 2
52 347
1 2 2
19 89
1 7 2
9 300
1 8 2
45 481
1 11 2
278 375
1 7 2
125 317
1 5 2
59 272
1 8 2
95 300
1 9 2
30 260
1 2 2
485 496
1 14 2
181 267
1 6 2
198 329
1 11 2
150 330
1 7 2
158 315
1 2 2
59 379
1 2 2
173 339
1 6 2
72 109
1 3 2
62 446
1 3 2
259 463
1 5 2
480 497
1 15 2
123 378
1 15 2
9 383
1 3 2
34 366
1 14 2
180 382
1 15 2
202 274
1 13 2
163 183
1 10 2
195 353
1 10 2
20 41
1 9 2
232 243
1 15 2
87 231
1 4 2
198 245
1 7 2
305 420
1 7 2
101 209
1 8 2
17 342
1 13 2
67 251
1 4 2
355 498
1 15 2
220 289
1 12 2
348 443
1 9 2
9 484
1 9 2
39 242
1 15 2
98 364
1 3 2
6 110
1 4 2
72 469
1 3 2
248 432
1 8 2
134 185
1 8 2
65 252
1 13 2
306 395
1 11 2
249 415
1 4 2
219 295
1 14 2
14 158
1 8 2
77 321
1 9 2
274 328
1 7 2
238 307
1 4 2
43 330
1 11 2
80 218
1 2 2
103 344
1 14 2
126 426
1 9 2
16 169
1 13 2
342 422
1 2 2
302 458
1 11 2
24 206
1 7 2
283 439
1 8 2
161 199
1 10 2
37 381
1 10 2
132 276
1 5 2
170 207
1 12 2
84 315
1 5 2
192 211
1 3 2
74 356
1 8 2
266 431
1 15 2
69 443
1 7 2
112 333
1 10 2
265 363
1 11 2
29 398
1 2 2
150 312
1 13 2
380 493
1 8 2
150 344
1 5 2
26 237
1 15 2
42 453
1 7 2
58 268
1 11 2
240 339
1 12 2
363 446
1 14 2
318 407
1 14 2
257 405
1 9 2
115 427
1 6 2
119 307
1 8 2
10 341
1 14 2
50 318
1 8 2
168 451
1 2 2
306 360
1 4 2
24 326
1 10 2
92 175
1 2 2
64 480
1 10 2
264 342
1 12 2
351 473
1 12 2
322 412
1 7 2
230 451
1 9 2
179 493
1 6 2
356 444
1 5 2
157 223
1 8 2
325 344
1 7 2
162 301
1 4 2
121 153
1 2 2
29 357
1 7 2
470 494
1 7 2
213 388
1 9 2
69 310
1 8 2
126 474
1 3 2
70 225
1 2 2
212 442
1 4 2
77 142
1 14 2
43 319
1 14 2
195 375
1 15 2
22 58
1 5 2
123 412
1 11 2
234 281
1 10 2
240 311
1 10 2
2 472
1 7 2
22 124
1 2 2
349 484
1 8 2
97 325
1 2 2
60 286
1 7 2
288 446
1 2 2
148 444
1 4 2
356 376
1 2 2
280 443
1 14 2
92 140
1 15 2
30 254
1 7 2
54 89
1 4 2
76 239
1 14 2
40 104
1 8 2
261 427
1 6 2
321 426
1 4 2
24 163
1 5 2
281 394
1 7 2
174 177
1 12 2
241 279
1 6 2
211 225
1 2 2
223 333
1 6 2
157 459
1 12 2
29 137
1 5 2
121 246
1 6 2
41 352
1 9 2
151 477
1 10 2
3 357
1 5 2
72 128
1 2 2
58 183
1 14 2
340 433
1 7 2
90 227
1 9 2
71 416
1 4 2
78 87
1 3 2
161 186
1 8 2
42 347
1 5 2
129 424
1 9 2
83 328
1 3 2
248 333
1 14 2
144 332
1 5 2
122 490
1 12 2
388 471
1 9 2
118 221
1 3 2
16 368
1 13 2
191 224
1 15 2
232 362
1 5 2
1 122
1 4 2
66 357
1 6 2
156 428
1 9 2
178 398
1 3 2
306 373
1 11 2
465 483
1 2 2
71 184
1 4 2
295 485
1 6 2
379 462
1 8 2
141 496
1 8 2
20 25
1 10 2
11 48
1 7 2
44 133
1 9 2
161 337
1 9 2
44 319
1 2 2
331 369
1 6 2
57 490
1 15 2
305 314
1 13 2
240 320
1 13 2
96 352
1 8 2
196 238
1 5 2
163 258
1 2 2
437 447
1 10 2
252 288
1 3 2
43 369
1 5 2
248 354
1 9 2
147 291
1 6 2
372 475
1 8 2
153 463
1 14 2
142 386
1 4 2
107 312
1 9 2
233 267
1 3 2
12 325
1 3 2
26 114
1 14 2
114 221
1 5 2
89 107
1 11 2
363 440
1 7 2
421 451
1 3 2
339 420
1 15 2
389 447
1 8 2
128 247
1 7 2
401 492
1 11 2
98 430
1 3 2
116 472
1 4 2
269 382
1 5 2
124 175
1 12 2
6 237
1 15 2
365 478
1 11 2
165 316
1 12 2
250 308
1 12 2
53 360
1 10 2
172 173
1 3 2
287 489
1 11 2
49 472
1 9 2
94 346
1 4 2
273 287
1 14 2
124 270
1 4 2
411 417
1 2 2
239 482
1 15 2
353 427
1 15 2
308 395
1 3 2
188 375
1 12 2
193 462
1 8 2
98 206
1 2 2
87 157
1 13 2
164 220
1 8 2
171 368
1 2 2
165 293
1 4 2
170 272
1 13 2
197 301
1 5 2
209 261
1 4 2
130 486
1 3 2
109 420
1 9 2
175 194
1 11 2
56 392
1 10 2
56 286
1 7 2
115 226
1 8 2
329 399
1 15 2
2 152
1 11 2
180 471
1 6 2
163 390
1 13 2
36 213
1 6 2
339 446
1 9 2
272 385
1 9 2
191 307
1 11 2
418 439
1 9 2
215 490
1 5 2
96 381
1 6 2
389 437
1 7 2
27 83
1 2 2
170 303
1 2 2
75 495
1 14 2
18 272
1 13 2
122 192
1 8 2
99 333
1 12 2
49 270
1 14 2
56 431
1 11 2
418 435
1 15 2
367 412
1 15 2
196 473
1 11 2
100 225
1 6 2
18 375
1 6 2
66 284
1 8 2
86 321
1 3 2
261 343
1 13 2
349 392
1 6 2
209 383
1 14 2
214 323
1 9 2
41 360
1 12 2
151 213
1 14 2
140 256
1 4 2
48 227
1 15 2
280 428
1 12 2
204 248
1 6 2
55 448
1 9 2
231 254
1 4 2
311 445
1 10 2
142 190
1 15 2
187 366
1 10 2
77 405
1 2 2
257 395
1 6 2
396 481
1 8 2
288 361
1 12 2
143 233
1 6 2
3 181
1 9 2
47 468
1 14 2
44 413
1 14 2
4 222
1 11 2
129 226
1 12 2
162 334
1 6 2
178 302
1 4 2
368 380
1 4 2
257 287
1 11 2
193 344
1 2 2
111 265
1 7 2
162 270
1 13 2
234 295
1 12 2
341 428
1 3 2
476 494
1 9 2
240 464
1 10 2
173 320
1 2 2
15 90
1 4 2
135 411
1 8 2
247 392
1 9 2
157 165
1 2 2
71 346
1 5 2
279 491
1 9 2
95 379
1 10 2
194 454
1 7 2
97 419
1 10 2
114 139
1 14 2
189 430
1 4 2
338 459
1 4 2
57 437
1 5 2
154 356
1 4 2
177 462
1 13 2
323 453
1 10 2
217 323
1 9 2
339 407
1 13 2
231 293
1 14 2
16 403
1 4 2
74 461
1 5 2
148 334
1 3 2
77 338
1 5 2
26 373
1 9 2
20 481
1 9 2
204 377
1 9 2
98 424
1 4 2
16 36
1 4 2
105 394
1 12 2
190 415
1 7 2
308 444
1 4 2
144 328
1 6 2
3 323
1 9 2
83 272
1 5 2
30 108
1 8 2
305 336
1 13 2
192 397
1 3 2
194 408
1 2 2
28 213
1 12 2
74 344
1 6 2
109 308
1 6 2
38 425
1 11 2
165 233
1 12 2
180 386
1 7 2
180 449
1 7 2
63 469
1 11 2
292 362
1 6 2
302 457
1 10 2
56 189
1 9 2
301 438
1 14 2
5 175
1 7 2
14 498
1 4 2
13 135
1 15 2
36 200
1 2 2
396 406
1 14 2
435 481
1 2 2
391 472
1 12 2
209 212
1 15 2
228 439
1 8 2
66 376
1 10 2
29 116
1 9 2
386 413
1 9 2
98 162
1 6 2
0 328
1 9 2
277 279
1 12 2
222 275
1 10 2
178 415
1 15 2
106 424
1 13 2
10 424
1 10 2
135 357
1 12 2
216 449
1 6 2
460 486
1 11 2
1 110
1 6 2
354 480
1 4 2
163 343
1 7 2
352 469
1 13 2
16 270
1 5 2
402 466
1 9 2
184 304
1 11 2
76 234
1 3 2
74 178
1 6 2
47 428
1 12 2
316 373
1 4 2
88 385
1 11 2
12 158
1 12 2
189 484
1 9 2
306 401
1 4 2
30 385
1 3 2
5 78
1 6 2
159 286
1 2 2
130 242
1 14 2
0 443
1 7 2
201 388
1 11 2
69 488
1 8 2
120 184
1 11 2
120 141
1 4 2
234 376
1 2 2
369 374
1 3 2
26 280
1 13 2
81 258
1 8 2
94 290
1 6 2
142 145
1 7 2
101 149
1 14 2
384 414
1 11 2
291 405
1 5 2
14 238
1 12 2
437 446
1 3 2
0 14
1 8 2
230 296
1 12 2
450 472
1 7 2
24 136
1 11 2
144 162
1 6 2
49 77
1 15 2
86 243
1 12 2
29 422
1 7 2
310 365
1 3 2
104 337
1 4 2
126 342
1 12 2
430 437
1 2 2
240 389
1 13 2
303 444
1 3 2
6 133
1 9 2
76 293
1 7 2
171 472
1 7 2
126 221
1 4 2
288 356
1 11 2
148 266
1 15 2
248 337
1 9 2
230 460
1 11 2
187 423
1 3 2
224 244
1 4 2
140 487
1 2 2
158 357
1 8 2
100 356
1 5 2
11 367
1 2 2
294 347
1 14 2
183 226
1 10 2
248 357
1 10 2
49 120
1 8 2
315 462
1 3 2
396 401
1 12 2
52 189
1 10 2
201 211
1 9 2
175 177
1 13 2
76 306
1 6 2
127 479
1 2 2
169 294
1 13 2
303 383
1 6 2
285 396
1 6 2
14 113
1 5 2
42 417
1 13 2
138 203
1 12 2
101 385
1 3 2
153 313
1 6 2
11 433
1 12 2
124 142
1 8 2
381 396
1 4 2
104 163
1 5 2
177 370
1 11 2
179 287
1 13 2
91 122
1 10 2
24 355
1 13 2
42 489
1 11 2
111 196
1 6 2
204 481
1 6 2
9 92
1 3 2
29 386
1 3 2
118 218
1 4 2
351 423
1 13 2
322 499
1 12 2
333 346
1 5 2
192 372
1 13 2
273 346
1 2 2
24 237
1 11 2
222 318
1 11 2
281 289
1 8 2
260 327
1 14 2
7 481
1 5 2
48 225
1 6 2
152 198
1 8 2
260 393
1 15 2
412 493
1 12 2
211 348
1 6 2
10 264
1 5 2
94 473
1 14 2
136 377
1 3 2
151 464
1 10 2
185 312
1 4 2
110 483
1 10 2
91 223
1 4 2
340 405
1 12 2
348 472
1 4 2
21 333
1 3 2
153 343
1 14 2
40 258
1 12 2
63 375
1 11 2
33 461
1 5 2
474 482
1 11 2
121 446
1 9 2
401 462
1 6 2
42 363
1 13 2
167 411
1 8 2
122 395
1 5 2
1 6
1 11 2
230 397
1 15 2
120 313
1 8 2
163 173
1 13 2
130 488
1 2 2
202 410
1 3 2
142 425
1 2 2
238 311
1 13 2
205 353
1 10 2
140 144
1 10 2
90 401
1 8 2
58 335
1 13 2
20 239
1 15 2
0 187
1 2 2
224 396
1 13 2
204 408
1 15 2
4 215
1 15 2
410 471
1 3 2
150 181
1 15 2
161 253
1 4 2
34 194
1 6 2
187 379
1 13 2
39 387
1 12 2
92 234
1 11 2
27 90
1 13 2
111 213
1 10 2
213 284
1 4 2
212 304
1 8 2
357 393
1 2 2
183 294
1 6 2
28 414
1 14 2
265 439
1 6 2
112 425
1 12 2
129 356
1 7 2
39 235
1 10 2
78 421
1 13 2
277 491
1 10 2
218 420
1 13 2
89 227
1 3 2
28 307
1 9 2
214 275
1 3 2
115 280
1 3 2
51 168
1 12 2
408 493
1 9 2
7 188
1 14 2
97 485
1 13 2
181 364
1 6 2
16 441
1 3 2
51 388
1 10 2
100 267
1 4 2
131 230
1 14 2
165 420
1 8 2
190 446
1 11 2
67 170
1 13 2
251 373
1 13 2
173 335
1 3 2
322 452
1 14 2
242 433
1 2 2
7 73
1 9 2
81 260
1 6 2
237 400
1 15 2
202 426
1 13 2
168 337
1 8 2
113 185
1 5 2
427 432
1 12 2
52 242
1 15 2
208 306
1 9 2
156 311
1 13 2
79 217
1 3 2
329 498
1 14 2
28 475
1 15 2
422 445
1 6 2
115 180
1 10 2
1 418
1 8 2
356 480
1 14 2
73 124
1 7 2
42 384
1 6 2
2 324
1 7 2
30 135
1 3 2
274 327
1 11 2
298 471
1 10 2
81 180
1 2 2
255 471
1 13 2
98 354
1 12 2
58 352
1 13 2
216 221
1 10 2
20 478
1 6 2
418 421
1 11 2
209 319
1 3 2
38 433
1 5 2
201 280
1 11 2
306 419
1 3 2
338 497
1 15 2
135 143
1 4 2
193 363
1 15 2
37 464
1 14 2
179 300
1 14 2
151 449
1 10 2
316 433
1 7 2
26 91
1 8 2
189 424
1 14 2
61 93
1 13 2
29 345
1 3 2
149 421
1 3 2
14 450
1 6 2
353 358
1 3 2
21 132
1 10 2
176 235
1 3 2
434 442
1 11 2
63 462
1 5 2
22 339
1 15 2
166 179
1 5 2
160 193
1 5 2
320 455
1 5 2
133 475
1 8 2
118 326
1 8 2
87 324
1 4 2
7 404
1 10 2
11 188
1 8 2
179 229
1 8 2
267 283
1 8 2
211 386
1 12 2
153 367
1 4 2
38 257
1 5 2
80 135
1 6 2
24 281
1 13 2
237 336
1 5 2
210 389
1 15 2
255 460
1 13 2
29 393
1 3 2
78 218
1 10 2
84 209
1 12 2
295 296
1 8 2
135 461
1 6 2
100 361
1 15 2
71 80
1 13 2
24 407
1 3 2
273 299
1 10 2
69 282
1 10 2
122 407
1 6 2
27 128
1 11 2
24 266
1 6 2
264 400
1 4 2
105 494
1 9 2
42 366
1 12 2
83 454
1 7 2
324 418
1 8 2
168 176
1 5 2
239 332
1 4 2
140 310
1 4 2
68 278
1 8 2
134 242
1 14 2
85 366
1 4 2
89 468
1 14 2
64 230
1 13 2
47 74
1 12 2
79 453
1 13 2
106 337
1 9 2
46 379
1 7 2
43 354
1 9 2
5 358
1 12 2
125 398
1 15 2
411 442
1 6 2
99 142
1 8 2
30 265
1 9 2
64 103
1 4 2
138 450
1 13 2
51 444
1 5 2
61 463
1 9 2
128 340
1 11 2
463 488
1 14 2
199 327
1 11 2
143 307
1 12 2
22 89
1 3 2
266 344
1 2 2
13 324
1 11 2
19 377
1 15 2
186 409
1 9 2
128 132
1 5 2
54 252
1 8 2
154 417
1 11 2
59 151
1 11 2
119 489
1 6 2
82 391
1 8 2
78 316
1 2 2
312 489
1 10 2
139 302
1 4 2
99 491
1 9 2
115 492
1 4 2
14 417
1 11 2
318 404
1 3 2
101 423
1 13 2
46 364
1 13 2
289 378
1 6 2
133 250
1 2 2
130 202
1 9 2
43 352
1 4 2
406 445
1 6 2
209 302
1 7 2
28 428
1 3 2
267 306
1 7 2
201 432
1 9 2
208 395
1 6 2
32 487
1 9 2
269 322
1 7 2
120 340
1 11 2
97 295
1 14 2
419 458
1 12 2
91 345
1 5 2
337 368
1 2 2
66 234
1 12 2
213 398
1 5 2
188 342
1 9 2
63 105
1 12 2
297 370
1 3 2
38 197
1 10 2
12 120
1 12 2
234 453
1 11 2
400 432
1 9 2
159 194
1 11 2
174 184
1 2 2
11 354
1 5 2
38 440
1 10 2
266 270
1 12 2
286 313
1 2 2
12 17
1 3 2
479 496
1 10 2
401 453
1 3 2
242 248
1 9 2
358 416
1 9 2
62 203
1 11 2
174 332
1 12 2
123 155
1 9 2
25 378
1 7 2
160 360
1 2 2
290 470
1 11 2
155 224
1 5 2
113 229
1 5 2
278 492
1 11 2
195 273
1 3 2
163 366
1 13 2
404 445
1 14 2
129 204
1 9 2
228 346
1 12 2
159 419
1 4 2
93 233
1 13 2
387 456
1 9 2
16 447
1 4 2
297 448
1 14 2
88 423
1 15 2
309 448
1 2 2
257 288
1 2 2
79 238
1 7 2
197 286
1 6 2
227 345
1 7 2
123 396
1 12 2
143 152
1 13 2
401 415
1 12 2
29 461
1 5 2
214 223
1 8 2
107 286
1 14 2
301 365
1 8 2
54 287
1 10 2
54 384
1 14 2
237 478
1 12 2
16 62
1 14 2
58 302
1 8 2
129 466
1 12 2
155 248
1 14 2
175 191
1 12 2
217 228
1 9 2
43 187
1 4 2
125 405
1 15 2
283 488
1 7 2
121 426
1 10 2
55 203
1 4 2
101 335
1 12 2
265 287
1 9 2
361 375
1 12 2
32 83
1 15 2
313 320
1 8 2
124 395
1 10 2
6 55
1 3 2
129 157
1 13 2
38 391
1 12 2
237 484
1 12 2
70 484
1 13 2
46 322
1 10 2
139 191
1 13 2
21 38
1 7 2
216 290
1 5 2
148 479
1 5 2
397 414
1 10 2
287 311
1 14 2
64 466
1 14 2
282 456
1 9 2
5 153
1 8 2
43 394
1 5 2
102 463
1 15 2
28 29
1 12 2
38 321
1 13 2
163 230
1 10 2
20 54
1 2 2
238 450
1 3 2
142 414
1 9 2
217 483
1 5 2
95 441
1 15 2
318 357
1 10 2
241 461
1 10 2
107 409
1 6 2
116 278
1 9 2
354 412
1 12 2
77 230
1 3 2
7 66
1 15 2
104 243
1 11 2
111 450
1 11 2
28 405
1 10 2
190 466
1 8 2
311 422
1 12 2
53 437
1 13 2
15 490
1 12 2
72 84
1 11 2
287 335
1 4 2
265 454
1 13 2
240 475
1 14 2
2 306
1 12 2
211 459
1 9 2
135 186
1 3 2
159 354
1 15 2
110 237
1 7 2
31 323
1 12 2
68 374
1 5 2
117 316
1 6 2
10 423
1 5 2
53 120
1 13 2
12 108
1 12 2
106 234
1 14 2
48 403
1 3 2
263 400
1 2 2
88 97
1 15 2
23 430
1 14 2
141 445
1 8 2
62 277
1 4 2
186 478
1 8 2
363 414
1 8 2
22 425
1 3 2
126 345
1 7 2
411 416
1 11 2
286 305
1 15 2
262 378
1 13 2
168 432
1 3 2
259 379
1 14 2
317 472
1 11 2
361 428
1 14 2
297 436
1 9 2
9 207
1 7 2
397 477
1 13 2
11 147
1 14 2
18 461
1 9 2
287 443
1 15 2
74 113
1 10 2
392 441
1 7 2
36 172
1 11 2
144 313
1 14 2
246 295
1 9 2
283 413
1 15 2
111 498
1 15 2
126 270
1 14 2
34 94
1 7 2
84 197
1 2 2
61 138
1 3 2
456 487
1 11 2
10 109
1 10 2
120 364
1 10 2
483 496
1 13 2
289 455
1 7 2
29 417
1 14 2
342 344
1 4 2
200 455
1 10 2
88 174
1 13 2
247 465
1 7 2
142 493
1 2 2
369 495
1 10 2
157 412
1 7 2
116 122
1 5 2
247 295
1 15 2
69 266
1 6 2
125 176
1 9 2
122 281
1 9 2
71 313
1 14 2
337 384
1 11 2
8 113
1 2 2
131 408
1 10 2
50 489
1 10 2
171 404
1 4 2
217 374
1 4 2
334 450
1 6 2
76 244
1 12 2
73 281
1 15 2
42 231
1 9 2
64 195
1 8 2
91 329
1 9 2
52 484
1 14 2
136 283
1 6 2
15 141
1 10 2
187 451
1 5 2
183 362
1 14 2
206 425
1 8 2
201 224
1 5 2
138 142
1 6 2
18 256
1 2 2
357 484
1 12 2
230 476
1 9 2
120 247
1 13 2
412 460
1 6 2
141 247
1 15 2
353 411
1 8 2
246 377
1 4 2
23 334
1 2 2
31 377
1 9 2
401 471
1 5 2
27 217
1 12 2
355 416
1 7 2
227 236
1 6 2
343 409
1 14 2
137 493
1 14 2
40 340
1 14 2
218 425
1 7 2
67 321
1 13 2
319 418
1 9 2
65 440
1 7 2
498 499
1 6 2
132 137
1 15 2
60 391
1 3 2
190 463
1 4 2
75 290
1 13 2
11 198
1 4 2
290 319
1 7 2
15 297
1 12 2
154 424
1 10 2
118 362
1 3 2
453 468
1 12 2
89 162
1 8 2
30 256
1 9 2
260 362
1 5 2
118 240
1 5 2
28 167
1 8 2
112 278
1 14 2
94 144
1 11 2
119 187
1 14 2
212 250
1 7 2
68 364
1 15 2
231 498
1 2 2
108 424
1 13 2
45 376
1 3 2
30 309
1 3 2
205 488
1 3 2
58 171
1 11 2
142 372
1 8 2
126 242
1 14 2
308 386
1 5 2
114 156
1 12 2
250 379
1 12 2
180 429
1 14 2
186 344
1 11 2
105 356
1 10 2
142 352
1 10 2
11 266
1 6 2
72 86
1 12 2
146 411
1 4 2
32 413
1 11 2
138 249
1 9 2
130 213
1 4 2
84 292
1 13 2
105 449
1 10 2
306 415
1 11 2
46 170
1 10 2
346 423
1 8 2
124 176
1 4 2
217 218
1 11 2
58 456
1 15 2
268 365
1 7 2
179 452
1 15 2
86 145
1 15 2
445 467
1 10 2
24 179
1 12 2
32 323
1 6 2
114 204
1 14 2
114 125
1 3 2
363 426
1 4 2
181 372
1 2 2
209 377
1 14 2
376 496
1 10 2
196 264
1 6 2
368 488
1 13 2
209 370
1 4 2
143 283
1 2 2
344 461
1 12 2
16 297
1 5 2
36 279
1 6 2
109 459
1 4 2
311 485
1 10 2
104 135
1 2 2
227 293
1 4 2
19 362
1 11 2
29 468
1 8 2
84 205
1 8 2
260 324
1 6 2
208 244
1 6 2
314 359
1 15 2
13 411
1 5 2
55 403
1 10 2
212 369
1 5 2
161 356
1 13 2
145 452
1 9 2
333 485
1 14 2
196 212
1 12 2
148 342
1 4 2
336 416
1 2 2
343 469
1 7 2
237 293
1 13 2
40 92
1 14 2
325 399
1 9 2
123 235
1 9 2
381 409
1 9 2
250 320
1 6 2
129 243
1 10 2
173 227
1 4 2
146 472
1 7 2
247 403
1 5 2
9 166
1 10 2
228 425
1 10 2
356 441
1 8 2
49 269
1 14 2
365 492
1 6 2
251 417
1 4 2
13 38
1 5 2
0 94
1 3 2
53 186
1 6 2
1 226
1 11 2
122 236
1 15 2
219 377
1 6 2
197 367
1 3 2
63 231
1 3 2
144 276
1 14 2
50 289
1 5 2
258 286
1 10 2
29 259
1 12 2
81 291
1 7 2
62 296
1 14 2
151 468
1 6 2
11 366
1 4 2
296 297
1 8 2
447 460
1 5 2
38 470
1 11 2
398 457
1 13 2
51 471
1 7 2
143 373
1 4 2
153 286
1 3 2
62 356
1 3 2
308 479
1 8 2
362 415
1 2 2
116 477
1 14 2
233 308
1 15 2
267 389
1 12 2
59 452
1 12 2
70 309
1 9 2
116 402
1 13 2
206 459
1 5 2
295 317
1 8 2
102 280
1 8 2
152 240
1 12 2
43 221
1 2 2
0 265
1 10 2
294 324
1 6 2
16 190
1 4 2
154 443
1 13 2
239 297
1 9 2
454 483
1 14 2
106 483
1 12 2
82 177
1 7 2
149 222
1 11 2
258 265
1 12 2
26 343
1 12 2
180 232
1 3 2
226 394
1 10 2
23 114
1 13 2
16 426
1 15 2
95 314
1 9 2
143 212
1 4 2
126 150
1 3 2
306 347
1 2 2
387 471
1 12 2
52 230
1 3 2
92 219
1 12 2
137 144
1 4 2
8 258
1 4 2
380 397
1 8 2
26 299
1 10 2
269 456
1 15 2
172 224
1 15 2
240 361
1 10 2
136 387
1 14 2
48 268
1 9 2
230 269
1 4 2
106 450
1 6 2
357 404
1 8 2
211 300
1 8 2
239 262
1 11 2
51 240
1 2 2
43 297
1 2 2
113 286
1 14 2
30 457
1 15 2
267 442
1 4 2
90 140
1 6 2
216 438
1 5 2
180 477
1 6 2
31 165
1 12 2
274 318
1 8 2
104 405
1 13 2
275 459
1 12 2
207 230
1 7 2
125 182
1 3 2
224 487
1 2 2
105 298
1 11 2
301 340
1 8 2
55 367
1 14 2
127 195
1 9 2
428 438
1 4 2
94 268
1 6 2
153 274
1 13 2
120 439
1 3 2
97 426
1 5 2
159 304
1 15 2
248 403
1 5 2
251 404
1 10 2
226 442
1 11 2
120 240
1 13 2
241 464
1 8 2
141 265
1 4 2
225 487
1 4 2
37 70
1 9 2
241 362
1 14 2
113 285
1 2 2
121 356
1 14 2
281 324
1 15 2
118 412
1 10 2
316 412
1 14 2
178 212
1 4 2
210 229
1 13 2
424 441
1 9 2
6 96
1 14 2
244 370
1 15 2
135 408
1 12 2
293 298
1 14 2
234 256
1 10 2
22 97
1 9 2
319 331
1 11 2
145 233
1 6 2
124 162
1 10 2
16 191
1 6 2
156 398
1 3 2
157 311
1 5 2
166 181
1 8 2
132 184
1 10 2
27 164
1 9 2
12 143
1 15 2
125 412
1 15 2
57 81
1 10 2
69 313
1 11 2
15 339
1 13 2
376 474
1 6 2
66 327
1 15 2
215 383
1 12 2
246 394
1 10 2
232 393
1 10 2
10 298
1 10 2
54 132
1 14 2
12 385
1 5 2
0 351
1 6 2
245 431
1 12 2
12 417
1 7 2
158 466
1 7 2
435 483
1 7 2
24 146
1 9 2
317 402
1 10 2
246 439
1 4 2
13 470
1 2 2
114 423
1 6 2
195 384
1 12 2
368 446
1 8 2
160 453
1 14 2
341 447
1 2 2
290 459
1 15 2
102 337
1 6 2
144 161
1 8 2
121 322
1 3 2
129 193
1 14 2
272 479
1 11 2
308 393
1 6 2
64 351
1 2 2
179 364
1 5 2
188 360
1 5 2
41 448
1 2 2
260 283
1 9 2
52 73
1 7 2
130 149
1 4 2
477 498
1 14 2
115 210
1 6 2
111 116
1 11 2
149 250
1 6 2
127 480
1 7 2
153 333
1 2 2
273 416
1 12 2
437 472
1 2 2
203 225
1 12 2
31 371
1 2 2
164 478
1 7 2
79 363
1 15 2
91 212
1 14 2
336 342
1 8 2
394 469
1 8 2
353 424
1 6 2
79 475
1 14 2
167 179
1 12 2
357 426
1 8 2
265 490
1 14 2
221 434
1 10 2
234 302
1 2 2
72 475
1 3 2
176 481
1 8 2
32 60
1 14 2
10 218
1 2 2
282 394
1 11 2
196 288
1 12 2
308 420
1 10 2
173 412
1 7 2
74 130
1 3 2
230 379
1 10 2
58 119
1 11 2
149 185
1 5 2
372 391
1 14 2
304 325
1 5 2
160 355
1 5 2
38 236
1 11 2
222 287
1 14 2
49 492
1 5 2
344 455
1 12 2
193 414
1 3 2
164 203
1 7 2
233 440
1 4 2
248 370
1 6 2
103 224
1 2 2
262 384
1 9 2
252 488
1 14 2
110 119
1 6 2
82 457
1 4 2
427 455
1 4 2
6 327
1 3 2
478 493
1 8 2
261 436
1 14 2
80 460
1 5 2
152 413
1 10 2
270 493
1 14 2
61 200
1 14 2
259 494
1 15 2
140 227
1 2 2
422 463
1 5 2
3 91
1 5 2
128 428
1 3 2
67 200
1 12 2
111 163
1 13 2
206 247
1 9 2
395 396
1 10 2
85 226
1 7 2
304 368
1 4 2
469 478
1 11 2
253 297
1 15 2
109 239
1 2 2
285 367
1 6 2
467 484
1 10 2
62 156
1 2 2
365 484
1 7 2
92 192
1 15 2
127 382
1 8 2
243 400
1 3 2
283 331
1 3 2
64 386
1 10 2
273 328
1 2 2
24 115
1 8 2
380 458
1 7 2
254 346
1 8 2
279 419
1 6 2
270 480
1 14 2
228 421
1 5 2
157 283
1 15 2
283 406
1 9 2
165 295
1 10 2
97 119
1 14 2
208 493
1 12 2
264 308
1 12 2
337 340
1 14 2
31 219
1 2 2
186 428
1 11 2
304 494
1 15 2
419 471
1 15 2
15 261
1 11 2
257 487
1 13 2
406 422
1 5 2
167 473
1 8 2
51 491
1 9 2
50 420
1 2 2
364 476
1 2 2
231 474
1 15 2
51 297
1 9 2
318 406
1 12 2
255 266
1 11 2
271 465
1 4 2
14 140
1 4 2
130 420
1 2 2
8 266
1 5 2
283 440
1 2 2
159 335
1 11 2
183 242
1 13 2
345 350
1 10 2
243 319
1 11 2
210 351
1 15 2
463 482
1 15 2
131 473
1 12 2
262 388
1 6 2
462 478
1 13 2
50 454
1 3 2
3 441
1 4 2
125 364
1 14 2
86 209
1 10 2
115 151
1 5 2
23 121
1 9 2
246 455
1 11 2
150 236
1 2 2
217 303
1 2 2
99 268
1 3 2
85 408
1 14 2
280 469
1 2 2
357 466
1 13 2
95 467
1 9 2
182 223
1 9 2
157 396
1 7 2
149 297
1 13 2
174 257
1 2 2
56 420
1 6 2
54 254
1 9 2
415 470
1 11 2
104 367
1 6 2
59 266
1 6 2
162 340
1 11 2
128 495
1 2 2
160 254
1 13 2
246 360
1 9 2
184 477
1 14 2
181 262
1 4 2
330 442
1 10 2
298 497
1 11 2
119 364
1 6 2
53 116
1 10 2
79 357
1 3 2
10 47
1 14 2
266 457
1 6 2
379 431
1 7 2
179 485
1 8 2
147 479
1 10 2
146 306
1 11 2
138 357
1 15 2
9 77
1 7 2
325 354
1 9 2
0 234
1 7 2
202 340
1 2 2
19 434
1 3 2
0 181
1 10 2
13 87
1 7 2
201 499
1 14 2
44 72
1 9 2
267 402
1 2 2
229 418
1 7 2
61 396
1 9 2
270 455
1 10 2
57 286
1 12 2
50 217
1 6 2
192 225
1 4 2
118 341
1 6 2
132 418
1 7 2
272 276
1 4 2
5 107
1 9 2
152 342
1 12 2
113 400
1 6 2
53 68
1 10 2
74 368
1 8 2
252 484
1 13 2
194 305
1 10 2
31 331
1 10 2
345 475
1 4 2
319 357
1 6 2
25 453
1 14 2
27 495
1 6 2
243 431
1 8 2
330 404
1 10 2
11 407
1 9 2
230 355
1 15 2
86 443
1 14 2
131 307
1 8 2
165 392
1 11 2
226 389
1 11 2
85 372
1 4 2
262 317
1 5 2
159 302
1 9 2
232 272
1 2 2
148 436
1 12 2
214 260
1 12 2
4 458
1 9 2
129 262
1 4 2
438 453
1 13 2
312 470
1 13 2
322 437
1 2 2
277 304
1 4 2
3 8
1 9 2
287 314
1 7 2
129 190
1 2 2
77 372
1 9 2
136 157
1 6 2
124 163
1 7 2
58 329
1 12 2
146 170
1 2 2
437 466
1 6 2
385 444
1 9 2
26 355
1 7 2
404 464
1 14 2
109 209
1 10 2
92 373
1 9 2
114 360
1 10 2
299 430
1 10 2
176 227
1 14 2
197 484
1 4 2
277 398
1 11 2
105 431
1 8 2
129 242
1 3 2
18 48
1 11 2
421 423
1 13 2
29 446
1 2 2
22 407
1 3 2
108 434
1 5 2
412 431
1 7 2
48 50
1 10 2
201 495
1 10 2
193 296
1 13 2
301 379
1 2 2
365 389
1 3 2
111 401
1 15 2
14 52
1 8 2
1 374
1 2 2
76 192
1 3 2
112 181
1 4 2
205 228
1 8 2
209 384
1 2 2
152 258
1 12 2
406 452
1 6 2
4 495
1 13 2
246 301
1 3 2
189 358
1 12 2
119 134
1 3 2
134 149
1 8 2
36 97
1 3 2
88 159
1 15 2
80 227
1 6 2
225 407
1 10 2
184 475
1 5 2
39 338
1 7 2
207 237
1 6 2
290 444
1 7 2
11 36
1 6 2
114 223
1 8 2
336 469
1 11 2
11 481
1 13 2
22 437
1 15 2
161 405
1 12 2
76 368
1 14 2
431 473
1 14 2
157 180
1 7 2
63 293
1 12 2
208 246
1 8 2
14 45
1 6 2
251 388
1 12 2
49 132
1 9 2
23 389
1 6 2
201 273
1 11 2
53 137
1 5 2
53 147
1 15 2
40 64
1 5 2
301 489
1 8 2
330 459
1 12 2
438 441
1 5 2
117 374
1 2 2
24 113
1 11 2
161 326
1 8 2
11 211
1 14 2
136 164
1 5 2
400 495
1 9 2
389 422
1 13 2
28 255
1 9 2
88 346
1 15 2
62 164
1 8 2
241 435
1 6 2
308 312
1 5 2
154 389
1 4 2
36 185
1 9 2
64 182
1 14 2
295 386
1 12 2
138 439
1 13 2
244 320
1 13 2
190 207
1 15 2
59 132
1 15 2
7 79
1 2 2
206 498
1 15 2
168 195
1 9 2
7 311
1 13 2
115 296
1 6 2
419 483
1 14 2
198 252
1 3 2
274 401
1 11 2
218 459
1 11 2
5 17
1 14 2
12 474
1 14 2
265 368
1 6 2
173 380
1 5 2
322 414
1 14 2
66 393
1 13 2
137 375
1 7 2
342 452
1 10 2
96 242
1 6 2
88 374
1 2 2
192 480
1 2 2
20 455
1 2 2
254 264
1 10 2
3 270
1 14 2
135 332
1 8 2
132 329
1 10 2
101 427
1 2 2
295 404
1 4 2
101 415
1 9 2
392 498
1 3 2
282 325
1 8 2
187 455
1 10 2
89 305
1 3 2
5 174
1 9 2
207 252
1 14 2
229 338
1 4 2
27 195
1 11 2
50 368
1 15 2
115 228
1 13 2
474 490
1 5 2
219 251
1 7 2
38 248
1 7 2
0 385
1 13 2
81 249
1 6 2
2 439
1 7 2
414 489
1 5 2
166 285
1 10 2
109 132
1 8 2
337 483
1 7 2
74 109
1 6 2
4 30
1 5 2
402 477
1 2 2
130 201
1 5 2
153 469
1 7 2
203 489
1 7 2
43 382
1 3 2
49 470
1 12 2
120 126
1 6 2
4 205
1 4 2
229 293
1 3 2
271 475
1 7 2
217 404
1 14 2
213 382
1 8 2
94 419
1 7 2
178 414
1 3 2
16 83
1 10 2
389 407
1 10 2
101 275
1 4 2
274 297
1 11 2
14 179
1 13 2
193 498
1 11 2
369 376
1 15 2
211 336
1 3 2
96 155
1 4 2
66 163
1 11 2
101 138
1 13 2
64 293
1 5 2
34 187
1 11 2
35 48
1 6 2
140 327
1 5 2
216 294
1 13 2
43 250
1 4 2
253 446
1 10 2
149 386
1 12 2
210 334
1 6 2
86 259
1 11 2
279 368
1 6 2
203 336
1 12 2
113 275
1 6 2
119 343
1 14 2
303 327
1 10 2
16 448
1 13 2
26 290
1 6 2
241 402
1 14 2
385 454
1 11 2
200 213
1 12 2
59 93
1 15 2
210 431
1 8 2
166 307
1 2 2
252 377
1 10 2
236 276
1 10 2
346 457
1 8 2
139 460
1 6 2
62 486
1 2 2
118 421
1 3 2
122 252
1 13 2
136 247
1 12 2
31 182
1 7 2
3 194
1 10 2
269 469
1 11 2
53 285
1 8 2
153 257
1 2 2
19 189
1 14 2
317 470
1 4 2
134 265
1 3 2
75 230
1 3 2
146 208
1 5 2
197 198
1 8 2
150 456
1 8 2
129 212
1 15 2
38 201
1 15 2
148 432
1 11 2
392 423
1 10 2
137 303
1 15 2
269 487
1 15 2
142 472
1 11 2
176 299
1 6 2
367 472
1 9 2
128 477
1 14 2
12 286
1 11 2
225 293
1 10 2
234 242
1 6 2
95 376
1 9 2
357 381
1 10 2
319 433
1 15 2
36 266
1 9 2
363 493
1 2 2
360 414
1 3 2
291 394
1 3 2
6 380
1 12 2
279 308
1 7 2
155 266
1 3 2
238 320
1 13 2
32 373
1 13 2
97 210
1 5 2
307 383
1 7 2
284 440
1 5 2
136 301
1 10 2
155 214
1 9 2
87 117
1 2 2
52 143
1 5 2
83 356
1 4 2
326 454
1 4 2
119 124
1 15 2
385 440
1 11 2
48 468
1 12 2
31 468
1 7 2
22 45
1 11 2
49 222
1 9 2
342 438
1 7 2
25 231
1 2 2
52 440
1 2 2
81 171
1 9 2
284 400
1 2 2
101 121
1 6 2
42 344
1 10 2
383 477
1 11 2
247 331
1 12 2
336 448
1 12 2
117 443
1 8 2
84 273
1 15 2
19 229
1 4 2
332 398
1 7 2
30 364
1 8 2
452 455
1 10 2
181 358
1 5 2
248 445
1 12 2
95 193
1 15 2
3 28
1 8 2
26 309
1 7 2
0 182
1 13 2
127 399
1 15 2
114 290
1 13 2
142 342
1 3 2
225 375
1 5 2
38 335
1 15 2
55 498
1 2 2
131 328
1 10 2
116 400
1 8 2
376 380
1 7 2
3 388
1 3 2
72 260
1 2 2
292 414
1 5 2
121 146
1 9 2
175 328
1 10 2
185 364
1 6 2
418 443
1 10 2
36 498
1 9 2
42 407
1 4 2
180 187
1 5 2
27 293
1 13 2
99 233
1 13 2
99 291
1 7 2
369 471
1 3 2
32 354
1 2 2
83 219
1 5 2
263 422
1 8 2
70 266
1 6 2
195 197
1 5 2
207 295
1 9 2
15 39
1 4 2
111 242
1 15 2
377 418
1 9 2
283 321
1 11 2
338 463
1 8 2
311 383
1 10 2
7 435
1 13 2
172 413
1 15 2
197 246
1 5 2
202 350
1 13 2
43 177
1 10 2
410 451
1 14 2
130 209
1 2 2
43 193
1 9 2
147 276
1 10 2
283 468
1 15 2
125 258
1 5 2
100 376
1 7 2
77 431
1 4 2
85 196
1 4 2
260 264
1 11 2
205 462
1 13 2
12 126
1 11 2
158 278
1 7 2
219 452
1 5 2
180 325
1 9 2
127 255
1 3 2
359 364
1 13 2
82 478
1 3 2
182 329
1 5 2
192 337
1 11 2
16 203
1 8 2
464 472
1 2 2
95 203
1 6 2
162 325
1 4 2
196 379
1 7 2
283 400
1 5 2
59 335
1 14 2
1 449
1 12 2
112 142
1 10 2
4 381
1 11 2
111 441
1 5 2
6 391
1 14 2
209 304
1 14 2
55 238
1 6 2
329 471
1 6 2
221 467
1 13 2
7 458
1 6 2
144 466
1 5 2
233 244
1 6 2
477 485
1 14 2
380 436
1 10 2
283 300
1 2 2
62 369
1 5 2
188 415
1 3 2
322 495
1 12 2
46 280
1 10 2
250 348
1 4 2
251 323
1 12 2
219 264
1 12 2
327 330
1 8 2
421 427
1 10 2
108 150
1 11 2
224 347
1 8 2
38 434
1 9 2
14 377
1 4 2
370 391
1 15 2
77 337
1 4 2
401 468
1 2 2
201 256
1 4 2
331 336
1 10 2
57 213
1 4 2
31 168
1 7 2
166 479
1 11 2
61 307
1 4 2
29 205
1 14 2
126 202
1 14 2
173 486
1 14 2
66 428
1 12 2
3 331
1 14 2
276 313
1 10 2
103 447
1 12 2
357 366
1 2 2
211 346
1 5 2
147 183
1 13 2
49 420
1 13 2
23 471
1 11 2
301 308
1 2 2
241 319
1 7 2
286 387
1 2 2
96 419
1 15 2
84 129
1 5 2
117 179
1 11 2
105 471
1 2 2
25 354
1 5 2
407 444
1 8 2
184 334
1 2 2
115 123
1 5 2
51 52
1 5 2
155 174
1 4 2
157 242
1 4 2
361 394
1 12 2
135 405
1 11 2
335 452
1 2 2
150 226
1 11 2
243 398
1 13 2
10 93
1 3 2
59 307
1 12 2
413 442
1 7 2
109 246
1 6 2
55 155
1 3 2
383 416
1 3 2
262 308
1 3 2
420 480
1 6 2
157 359
1 12 2
223 297
1 15 2
293 454
1 15 2
51 183
1 14 2
66 276
1 2 2
172 332
1 12 2
278 344
1 12 2
14 120
1 2 2
255 439
1 11 2
45 203
1 8 2
246 276
1 8 2
415 419
1 9 2
35 289
1 4 2
29 475
1 8 2
63 200
1 14 2
69 119
1 2 2
210 239
1 2 2
38 151
1 9 2
240 283
1 10 2
119 395
1 9 2
79 179
1 8 2
113 348
1 2 2
12 484
1 5 2
343 404
1 3 2
127 393
1 14 2
236 296
1 10 2
55 170
1 15 2
66 363
1 4 2
15 34
1 3 2
372 410
1 6 2
112 365
1 3 2
170 217
1 8 2
294 335
1 7 2
229 363
1 13 2
454 466
1 14 2
85 161
1 9 2
153 220
1 2 2
186 434
1 12 2
53 94
1 5 2
209 292
1 2 2
264 443
1 15 2
103 203
1 3 2
76 303
1 8 2
31 343
1 14 2
66 187
1 3 2
34 294
1 7 2
99 372
1 8 2
28 180
1 8 2
37 210
1 3 2
12 49
1 6 2
120 304
1 7 2
48 84
1 2 2
364 498
1 5 2
292 445
1 11 2
195 476
1 15 2
104 481
1 2 2
152 211
1 5 2
431 463
1 6 2
96 274
1 3 2
126 158
1 12 2
27 247
1 2 2
382 428
1 10 2
230 357
1 8 2
40 315
1 15 2
53 266
1 2 2
324 448
1 4 2
63 244
1 8 2
94 448
1 6 2
101 265
1 14 2
44 220
1 14 2
19 376
1 9 2
368 386
1 9 2
61 169
1 11 2
82 261
1 5 2
250 467
1 7 2
157 425
1 11 2
84 480
1 15 2
23 326
1 14 2
138 150
1 9 2
55 486
1 11 2
221 247
1 2 2
128 194
1 5 2
109 259
1 4 2
276 476
1 10 2
231 393
1 14 2
156 379
1 13 2
402 495
1 6 2
69 496
1 14 2
135 243
1 3 2
22 38
1 12 2
153 173
1 5 2
1 261
1 12 2
94 412
1 9 2
104 387
1 8 2
250 393
1 8 2
163 189
1 4 2
72 177
1 11 2
70 128
1 8 2
325 401
1 14 2
51 413
1 5 2
284 370
1 15 2
295 478
1 14 2
57 368
1 11 2
22 258
1 9 2
94 276
1 3 2
84 300
1 9 2
34 426
1 10 2
458 494
1 13 2
235 374
1 13 2
90 294
1 5 2
22 104
1 12 2
290 298
1 5 2
114 402
1 13 2
91 312
1 13 2
34 461
1 4 2
227 278
1 8 2
200 494
1 7 2
80 241
1 10 2
335 343
1 10 2
124 380
1 7 2
382 465
1 8 2
182 350
1 12 2
71 474
1 11 2
329 382
1 15 2
19 345
1 5 2
350 364
1 4 2
13 240
1 5 2
188 442
1 10 2
27 95
1 9 2
202 203
1 11 2
142 416
1 2 2
177 263
1 15 2
77 236
1 9 2
124 474
1 3 2
348 392
1 12 2
105 367
1 4 2
90 126
1 6 2
287 422
1 12 2
142 231
1 13 2
77 204
1 14 2
149 152
1 8 2
83 314
1 9 2
64 399
1 14 2
156 373
1 14 2
223 362
1 11 2
4 106
1 4 2
125 198
1 8 2
222 288
1 8 2
130 297
1 7 2
85 469
1 7 2
291 333
1 13 2
178 304
1 13 2
114 342
1 13 2
399 415
1 11 2
341 473
1 12 2
204 287
1 7 2
70 345
1 14 2
291 427
1 7 2
165 406
1 10 2
437 478
1 6 2
178 452
1 13 2
114 452
1 15 2
73 158
1 13 2
412 492
1 14 2
343 457
1 4 2
3 191
1 3 2
156 495
1 4 2
100 197
1 9 2
201 441
1 11 2
4 168
1 6 2
166 391
1 9 2
41 228
1 10 2
104 363
1 9 2
263 489
1 3 2
129 223
1 8 2
289 377
1 10 2
26 385
1 12 2
169 170
1 4 2
22 225
1 3 2
144 299
1 12 2
283 349
1 11 2
255 288
1 6 2
247 270
1 11 2
39 251
1 4 2
3 342
1 4 2
91 105
1 5 2
390 472
1 4 2
307 460
1 5 2
119 373
1 14 2
344 489
1 9 2
187 394
1 7 2
121 215
1 4 2
361 430
1 4 2
84 470
1 6 2
117 473
1 12 2
175 284
1 5 2
14 304
1 11 2
19 338
1 3 2
142 270
1 10 2
291 328
1 10 2
45 280
1 15 2
164 165
1 4 2
394 398
1 3 2
58 228
1 4 2
196 303
1 4 2
276 299
1 5 2
155 447
1 11 2
314 355
1 13 2
1 299
1 10 2
228 265
1 10 2
19 423
1 8 2
154 402
1 9 2
107 479
1 6 2
248 482
1 10 2
48 326
1 13 2
267 370
1 11 2
273 325
1 6 2
216 469
1 14 2
212 343
1 3 2
25 94
1 5 2
398 478
1 6 2
27 418
1 13 2
187 477
1 12 2
368 385
1 12 2
433 458
1 9 2
287 346
1 11 2
322 395
1 14 2
398 467
1 7 2
77 207
1 14 2
399 474
1 14 2
11 448
1 6 2
138 393
1 4 2
48 193
1 15 2
75 421
1 4 2
413 466
1 12 2
287 353
1 8 2
1 279
1 10 2
97 427
1 2 2
494 498
1 5 2
291 379
1 9 2
361 475
1 14 2
55 430
1 8 2
139 288
1 7 2
288 370
1 7 2
216 373
1 14 2
292 422
1 9 2
203 325
1 6 2
173 358
1 10 2
132 435
1 4 2
281 356
1 15 2
387 467
1 9 2
388 498
1 15 2
134 285
1 13 2
129 283
1 11 2
171 320
1 13 2
329 343
1 3 2
339 341
1 13 2
15 80
1 9 2
369 413
1 7 2
186 362
1 14 2
244 294
1 3 2
144 419
1 9 2
171 278
1 7 2
14 471
1 8 2
317 355
1 7 2
7 474
1 10 2
19 499
1 10 2
34 69
1 12 2
31 295
1 11 2
342 445
1 10 2
165 166
1 3 2
22 324
1 12 2
29 74
1 13 2
75 340
1 10 2
254 494
1 6 2
330 467
1 14 2
72 173
1 5 2
13 360
1 10 2
1 466
1 7 2
256 484
1 12 2
145 313
1 13 2
238 363
1 11 2
58 307
1 12 2
182 195
1 9 2
164 300
1 2 2
93 297
1 10 2
42 365
1 6 2
4 297
1 10 2
207 401
1 11 2
396 424
1 10 2
24 471
1 8 2
415 488
1 9 2
263 290
1 8 2
188 306
1 11 2
101 113
1 4 2
45 53
1 8 2
26 166
1 4 2
94 185
1 15 2
200 338
1 12 2
103 478
1 13 2
331 487
1 10 2
311 388
1 9 2
59 85
1 5 2
241 472
1 9 2
26 100
1 7 2
187 431
1 15 2
188 331
1 12 2
31 166
1 3 2
36 428
1 9 2
392 464
1 10 2
285 481
1 6 2
209 294
1 11 2
39 155
1 12 2
239 471
1 7 2
150 215
1 6 2
207 397
1 6 2
156 220
1 7 2
256 280
1 2 2
400 483
1 2 2
113 139
1 8 2
254 265
1 10 2
65 467
1 5 2
106 123
1 5 2
94 281
1 7 2
11 347
1 9 2
252 480
1 5 2
44 86
1 2 2
280 359
1 3 2
376 477
1 13 2
334 455
1 13 2
54 363
1 8 2
80 134
1 4 2
352 494
1 13 2
58 442
1 4 2
16 228
1 3 2
43 242
1 11 2
82 109
1 7 2
154 390
1 9 2
74 493
1 4 2
392 465
1 8 2
370 454
1 14 2
191 456
1 10 2
358 387
1 12 2
312 338
1 15 2
291 393
1 15 2
19 38
1 13 2
337 499
1 10 2
134 249
1 5 2
24 108
1 4 2
191 305
1 12 2
61 387
1 14 2
18 361
1 6 2
337 485
1 11 2
272 406
1 13 2
17 356
1 4 2
276 328
1 14 2
310 378
1 14 2
139 384
1 8 2
187 390
1 9 2
178 436
1 9 2
45 246
1 3 2
320 420
1 9 2
33 468
1 13 2
178 224
1 5 2
15 319
1 5 2
338 360
1 5 2
73 383
1 5 2
349 454
1 6 2
441 474
1 4 2
128 409
1 9 2
29 384
1 6 2
96 149
1 4 2
119 482
1 2 2
189 378
1 12 2
329 449
1 15 2
114 494
1 8 2
319 334
1 13 2
413 429
1 6 2
347 398
1 7 2
34 233
1 5 2
29 294
1 5 2
332 495
1 6 2
352 390
1 11 2
84 243
1 2 2
270 302
1 13 2
77 415
1 6 2
394 481
1 6 2
26 217
1 9 2
81 106
1 3 2
61 144
1 13 2
222 233
1 3 2
292 304
1 15 2
3 167
1 11 2
182 333
1 11 2
96 129
1 6 2
185 495
1 14 2
203 371
1 15 2
191 421
1 5 2
146 165
1 14 2
207 299
1 2 2
260 430
1 15 2
113 252
1 14 2
49 422
1 10 2
216 225
1 3 2
231 397
1 7 2
292 499
1 6 2
347 427
1 4 2
16 206
1 6 2
87 351
1 13 2
31 90
1 8 2
54 425
1 13 2
193 324
1 14 2
29 189
1 13 2
75 281
1 15 2
205 296
1 15 2
368 474
1 9 2
69 259
1 9 2
464 466
1 10 2
241 323
1 13 2
57 71
1 9 2
127 408
1 15 2
179 281
1 2 2
72 456
1 8 2
237 311
1 14 2
267 381
1 10 2
31 64
1 6 2
107 377
1 4 2
189 274
1 14 2
139 273
1 15 2
312 364
1 14 2
29 162
1 15 2
257 266
1 15 2
78 405
1 15 2
350 428
1 15 2
287 499
1 6 2
272 292
1 11 2
244 461
1 7 2
211 493
1 3 2
244 314
1 13 2
298 413
1 15 2
292 323
1 9 2
160 409
1 11 2
464 496
1 6 2
44 392
1 10 2
15 467
1 4 2
232 240
1 5 2
7 384
1 14 2
134 454
1 11 2
343 462
1 3 2
274 472
1 8 2
131 297
1 8 2
47 334
1 13 2
301 348
1 12 2
103 350
1 13 2
59 169
1 6 2
19 254
1 12 2
277 384
1 5 2
321 355
1 12 2
50 360
1 11 2
85 274
1 6 2
148 336
1 10 2
87 206
1 5 2
277 402
1 8 2
67 473
1 11 2
20 270
1 5 2
102 396
1 13 2
122 239
1 14 2
229 326
1 14 2
251 331
1 9 2
44 389
1 13 2
18 28
1 3 2
81 256
1 10 2
71 207
1 3 2
145 236
1 7 2
260 404
1 11 2
212 245
1 2 2
58 337
1 12 2
215 416
1 4 2
260 488
1 11 2
189 422
1 4 2
194 268
1 13 2
1 25
1 5 2
95 163
1 6 2
252 323
1 3 2
218 365
1 3 2
80 239
1 11 2
124 138
1 2 2
171 397
1 3 2
60 123
1 9 2
121 340
1 10 2
127 374
1 2 2
200 484
1 4 2
97 319
1 15 2
194 402
1 10 2
173 300
1 14 2
88 266
1 9 2
353 415
1 14 2
214 287
1 5 2
56 356
1 4 2
241 337
1 11 2
154 335
1 8 2
13 91
1 4 2
268 324
1 2 2
237 245
1 2 2
112 350
1 10 2
55 347
1 3 2
213 435
1 15 2
72 206
1 4 2
262 344
1 11 2
304 469
1 7 2
229 286
1 13 2
161 480
1 3 2
425 495
1 14 2
144 230
1 6 2
191 475
1 5 2
44 434
1 11 2
341 430
1 14 2
122 320
1 9 2
151 355
1 4 2
123 191
1 8 2
2 256
1 11 2
158 369
1 7 2
17 56
1 7 2
166 452
1 3 2
145 450
1 8 2
324 365
1 9 2
147 457
1 3 2
168 307
1 3 2
81 115
1 14 2
84 166
1 15 2
177 210
1 2 2
124 456
1 10 2
163 289
1 2 2
76 348
1 8 2
217 338
1 14 2
42 140
1 7 2
252 489
1 10 2
186 432
1 14 2
170 205
1 2 2
104 309
1 13 2
304 421
1 9 2
329 361
1 5 2
100 195
1 14 2
85 295
1 14 2
106 498
1 11 2
81 267
1 11 2
251 304
1 8 2
258 485
1 11 2
47 336
1 7 2
119 208
1 6 2
289 434
1 3 2
33 252
1 8 2
90 346
1 6 2
40 303
1 12 2
1 54
1 7 2
47 375
1 8 2
239 474
1 3 2
193 489
1 3 2
16 163
1 7 2
450 452
1 10 2
87 336
1 10 2
35 89
1 8 2
283 348
1 5 2
88 465
1 2 2
172 436
1 3 2
270 343
1 3 2
413 463
1 4 2
99 452
1 14 2
206 413
1 4 2
14 160
1 9 2
169 454
1 7 2
238 496
1 14 2
79 370
1 10 2
261 489
1 5 2
264 466
1 2 2
416 448
1 11 2
294 486
1 9 2
264 388
1 6 2
180 388
1 7 2
85 330
1 6 2
288 412
1 14 2
190 204
1 9 2
99 456
1 11 2
148 380
1 4 2
61 206
1 13 2
197 259
1 2 2
26 224
1 13 2
258 291
1 9 2
132 444
1 12 2
72 175
1 6 2
31 35
1 2 2
67 215
1 11 2
353 430
1 14 2
211 453
1 10 2
151 269
1 5 2
20 259
1 6 2
40 240
1 13 2
269 483
1 4 2
228 420
1 6 2
212 413
1 14 2
326 472
1 2 2
41 278
1 4 2
139 322
1 6 2
2 172
1 15 2
151 161
1 9 2
79 211
1 11 2
252 359
1 14 2
213 400
1 2 2
159 375
1 14 2
70 189
1 10 2
331 385
1 15 2
270 305
1 13 2
178 355
1 10 2
164 279
1 3 2
243 403
1 6 2
59 189
1 6 2
120 276
1 12 2
326 337
1 11 2
166 218
1 14 2
119 398
1 5 2
136 442
1 13 2
266 338
1 4 2
40 172
1 13 2
3 413
1 3 2
103 227
1 13 2
232 440
1 13 2
144 381
1 4 2
84 471
1 7 2
215 450
1 8 2
41 450
1 8 2
137 435
1 13 2
315 346
1 8 2
128 256
1 8 2
167 402
1 9 2
70 347
1 8 2
61 146
1 7 2
70 115
1 13 2
58 148
1 13 2
248 320
1 7 2
64 464
1 11 2
323 389
1 12 2
322 357
1 12 2
175 413
1 12 2
351 430
1 4 2
15 301
1 14 2
242 284
1 13 2
142 420
1 7 2
220 442
1 2 2
307 413
1 9 2
377 477
1 2 2
141 176
1 5 2
4 457
1 10 2
187 290
1 15 2
300 412
1 12 2
77 228
1 8 2
61 228
1 13 2
199 364
1 15 2
1 168
1 11 2
337 375
1 2 2
91 446
1 6 2
165 320
1 5 2
21 399
1 8 2
251 256
1 3 2
341 443
1 9 2
317 498
1 14 2
136 309
1 9 2
323 381
1 11 2
124 292
1 5 2
147 255
1 12 2
7 456
1 14 2
273 342
1 13 2
119 453
1 14 2
139 386
1 8 2
39 178
1 13 2
340 491
1 7 2
5 231
1 8 2
198 347
1 15 2
123 320
1 13 2
167 326
1 12 2
300 447
1 5 2
275 320
1 7 2
416 497
1 2 2
186 223
1 5 2
53 477
1 10 2
344 378
1 2 2
148 365
1 3 2
108 166
1 11 2
406 454
1 14 2
233 366
1 2 2
248 253
1 11 2
210 267
1 12 2
92 230
1 13 2
143 331
1 11 2
273 448
1 5 2
145 285
1 7 2
184 379
1 7 2
256 422
1 10 2
203 297
1 9 2
226 379
1 4 2
98 253
1 11 2
55 481
1 13 2
14 211
1 8 2
264 336
1 6 2
30 282
1 5 2
365 477
1 4 2
310 354
1 14 2
141 221
1 2 2
8 348
1 14 2
125 497
1 7 2
92 262
1 11 2
403 445
1 8 2
129 233
1 7 2
168 453
1 12 2
197 462
1 9 2
226 412
1 15 2
235 490
1 2 2
131 345
1 4 2
71 230
1 10 2
47 166
1 9 2
84 90
1 5 2
185 336
1 6 2
13 195
1 11 2
141 423
1 10 2
245 499
1 4 2
336 386
1 4 2
109 481
1 9 2
119 163
1 5 2
270 457
1 15 2
282 414
1 14 2
185 470
1 15 2
370 401
1 12 2
93 115
1 6 2
57 334
1 4 2
347 449
1 4 2
106 115
1 6 2
131 414
1 4 2
172 202
1 11 2
187 248
1 9 2
262 328
1 3 2
163 334
1 2 2
242 436
1 10 2
204 278
1 6 2
418 427
1 13 2
190 457
1 6 2
105 275
1 12 2
156 362
1 5 2
215 441
1 9 2
439 499
1 2 2
9 450
1 4 2
6 453
1 6 2
45 82
1 9 2
122 449
1 11 2
135 464
1 4 2
246 456
1 6 2
312 323
1 6 2
371 453
1 15 2
249 424
1 3 2
194 266
1 15 2
162 479
1 6 2
56 242
1 10 2
231 346
1 11 2
27 361
1 8 2
38 88
1 11 2
139 392
1 4 2
220 489
1 9 2
183 415
1 7 2
93 390
1 5 2
169 349
1 2 2
77 83
1 5 2
27 263
1 12 2
227 335
1 10 2
8 318
1 14 2
76 79
1 14 2
182 394
1 11 2
63 488
1 8 2
278 301
1 15 2
15 471
1 5 2
65 241
1 6 2
135 264
1 11 2
167 182
1 3 2
379 439
1 4 2
53 460
1 2 2
29 228
1 8 2
235 238
1 4 2
401 486
1 3 2
14 489
1 9 2
82 225
1 9 2
77 240
1 10 2
45 146
1 7 2
222 419
1 11 2
203 273
1 4 2
123 249
1 8 2
32 280
1 7 2
19 307
1 5 2
155 264
1 9 2
21 97
1 10 2
28 432
1 3 2
166 406
1 9 2
191 365
1 11 2
122 126
1 3 2
127 467
1 15 2
419 432
1 15 2
334 361
1 15 2
280 399
1 6 2
60 386
1 11 2
70 251
1 11 2
114 262
1 6 2
52 174
1 2 2
75 254
1 15 2
61 483
1 5 2
45 320
1 2 2
249 378
1 13 2
190 316
1 15 2
54 426
1 12 2
65 366
1 6 2
222 330
1 5 2
143 231
1 15 2
228 483
1 5 2
404 417
1 12 2
22 170
1 9 2
161 183
1 13 2
403 440
1 7 2
194 311
1 12 2
27 468
1 5 2
101 475
1 12 2
132 220
1 2 2
221 283
1 14 2
87 369
1 9 2
284 362
1 5 2
390 397
1 15 2
32 212
1 14 2
118 264
1 7 2
314 414
1 4 2
323 344
1 11 2
95 269
1 5 2
10 100
1 15 2
198 287
1 13 2
0 459
1 9 2
28 225
1 15 2
130 153
1 7 2
188 424
1 13 2
142 144
1 12 2
21 479
1 6 2
222 386
1 15 2
354 373
1 3 2
110 138
1 4 2
43 347
1 10 2
196 399
1 2 2
48 211
1 6 2
125 425
1 15 2
106 224
1 6 2
118 477
1 9 2
94 373
1 7 2
261 456
1 6 2
18 271
1 5 2
316 423
1 4 2
50 335
1 14 2
189 489
1 14 2
305 402
1 7 2
80 116
1 5 2
83 243
1 7 2
378 463
1 7 2
49 63
1 13 2
159 417
1 5 2
381 384
1 8 2
122 475
1 7 2
227 289
1 10 2
163 476
1 11 2
77 383
1 2 2
280 401
1 8 2
357 402
1 7 2
119 142
1 14 2
195 287
1 11 2
249 476
1 15 2
232 467
1 11 2
250 285
1 4 2
26 322
1 5 2
142 165
1 6 2
31 140
1 10 2
230 407
1 13 2
254 390
1 7 2
275 330
1 15 2
348 382
1 7 2
173 479
1 9 2
88 98
1 14 2
277 295
1 7 2
3 69
1 13 2
269 352
1 12 2
154 224
1 6 2
220 308
1 15 2
153 395
1 2 2
91 351
1 6 2
35 288
1 12 2
437 462
1 7 2
220 366
1 14 2
1 383
1 9 2
33 162
1 8 2
73 132
1 13 2
0 81
1 11 2
128 197
1 12 2
416 488
1 11 2
155 170
1 7 2
391 462
1 11 2
161 382
1 8 2
131 366
1 6 2
144 275
1 13 2
26 31
1 13 2
238 258
1 4 2
249 302
1 13 2
206 354
1 5 2
402 419
1 15 2
414 497
1 9 2
135 409
1 2 2
52 63
1 4 2
338 422
1 8 2
107 469
1 6 2
7 288
1 10 2
318 334
1 7 2
195 294
1 7 2
167 237
1 12 2
230 417
1 12 2
360 465
1 13 2
20 247
1 10 2
473 481
1 4 2
162 188
1 10 2
88 248
1 8 2
40 482
1 6 2
227 395
1 7 2
225 425
1 13 2
225 273
1 15 2
458 465
1 15 2
292 296
1 2 2
300 331
1 9 2
309 372
1 7 2
168 342
1 4 2
87 276
1 5 2
23 494
1 9 2
119 420
1 12 2
153 496
1 14 2
79 90
1 12 2
243 367
1 7 2
153 310
1 9 2
426 462
1 8 2
101 375
1 14 2
369 420
1 5 2
188 204
1 2 2
159 306
1 2 2
253 278
1 6 2
269 412
1 11 2
222 317
1 3 2
283 345
1 6 2
310 389
1 12 2
172 499
1 14 2
158 409
1 5 2
63 207
1 6 2
91 198
1 9 2
219 492
1 6 2
117 491
1 14 2
167 315
1 2 2
186 368
1 10 2
344 345
1 10 2
5 122
1 9 2
76 332
1 12 2
77 343
1 14 2
109 182
1 4 2
187 234
1 8 2
183 258
1 12 2
142 228
1 7 2
27 307
1 8 2
110 497
1 10 2
83 211
1 11 2
392 395
1 15 2
81 248
1 4 2
318 487
1 14 2
281 448
1 14 2
27 47
1 8 2
385 412
1 3 2
213 285
1 15 2
245 315
1 10 2
5 106
1 2 2
197 280
1 9 2
246 278
1 13 2
102 266
1 4 2
103 330
1 11 2
40 499
1 10 2
174 182
1 2 2
34 472
1 12 2
148 412
1 3 2
104 374
1 6 2
100 419
1 9 2
351 368
1 11 2
378 428
1 15 2
70 218
1 11 2
368 498
1 10 2
422 488
1 13 2
12 202
1 11 2
176 346
1 8 2
290 482
1 3 2
304 403
1 12 2
14 435
1 14 2
244 422
1 10 2
86 390
1 9 2
166 361
1 2 2
41 385
1 4 2
115 174
1 10 2
282 417
1 2 2
70 236
1 5 2
170 307
1 10 2
188 217
1 9 2
9 185
1 6 2
74 118
1 12 2
187 386
