500 3000 1500
17 20 14 21 15 6 18 20 24 21 10 11 22 14 23 18 13 16 9 21 25 13 6 7 11 6 7 21 12 16 23 18 10 20 19 8 8 10 13 17 15 21 7 23 8 24 6 14 21 22 14 12 15 17 16 17 22 18 10 7 13 13 15 8 11 20 21 14 16 14 19 20 20 13 9 22 16 7 17 14 7 15 6 21 8 7 10 20 23 19 12 23 17 7 13 23 25 19 21 5 15 7 6 9 20 25 21 23 5 21 23 17 12 10 8 17 25 9 6 16 6 21 14 11 13 9 17 10 13 12 22 18 16 14 20 23 15 22 19 6 16 7 16 18 5 12 24 22 23 10 11 14 15 23 20 22 12 14 21 9 11 9 14 22 12 21 24 11 11 9 12 22 15 16 19 23 15 20 19 21 18 19 25 8 25 14 14 24 11 21 23 21 10 25 19 6 19 7 23 15 23 22 17 23 6 13 12 10 20 18 12 13 21 22 21 16 22 19 25 9 24 23 10 24 24 16 8 18 24 24 5 19 5 16 12 9 14 7 10 12 13 5 6 14 22 9 25 22 20 21 10 7 24 9 15 20 11 7 11 10 20 5 23 22 16 25 15 8 21 23 12 25 13 6 7 20 7 24 23 19 16 5 19 24 23 15 6 8 10 23 13 17 25 25 5 14 20 12 11 8 17 15 8 17 23 16 25 24 13 11 19 23 22 8 6 7 9 8 13 23 23 14 19 13 15 24 13 13 22 22 24 24 19 11 20 25 10 24 17 10 6 13 6 22 5 9 17 14 11 19 21 16 9 18 13 21 15 6 22 19 19 7 7 6 18 25 23 18 14 24 24 16 10 6 12 16 5 15 6 24 24 25 7 21 23 20 17 25 19 14 25 10 16 10 24 17 16 15 12 9 10 15 15 18 16 10 11 22 7 15 11 14 25 18 14 21 8 18 13 20 12 9 7 20 20 22 10 5 16 20 21 25 16 11 18 10 12 15 19 11 14 17 21 14 5 11 15 6 5 16 12 13 19 18 6 15 19 10 8 19 18 6 17 15 25 19 14 20 10 25 11 16 13 9 21 14 7 8 11 10 9 14 21 7 20 11 24 17 22 5 15 15 20 5 6 9 15 8 8 9
12 4 11 8 18 12 17 4 7 13 6 18 3 16 13 16 6 12 5 12 12 16 13 7 10 3 6 7 10 4 9 3 12 11 5 3 14 4 9 6 8 18 4 14 6 3 4 18 8 11 9 6 17 8 15 9 10 10 8 4 12 7 10 5 4 4 16 17 3 6 8 17 6 14 8 19 16 20 4 19 12 9 13 9 6 5 7 19 14 19 7 10 16 5 17 17 9 17 10 11 8 5 17 18 9 11 20 4 5 8 15 4 20 10 14 10 10 7 20 12 3 10 12 3 12 7 11 18 17 20 8 9 6 9 17 4 8 7 15 15 17 4 15 5 14 14 20 4 4 8 13 11 6 3 19 7 3 3 8 18 18 17 5 19 6 20 10 7 7 16 3 20 18 9 14 9 5 20 4 3 19 12 17 6 20 7 8 3 18 18 6 20 6 10 18 8 13 12 20 16 19 12 15 5 8 16 18 18 10 19 12 20 15 6 3 9 16 13 15 6 8 17 12 12 12 7 4 6 15 3 7 17 12 7 9 12 13 10 15 8 18 11 18 5 5 5 4 12 20 7 13 20 5 12 3 3 6 9 18 7 14 17 8 15 8 3 13 17 12 12 20 3 12 20 15 4 7 10 18 15 18 3 11 15 17 8 19 12 18 12 7 17 16 10 18 10 7 7 9 13 17 19 16 15 11 15 12 4 18 10 4 17 12 17 16 5 17 20 17 10 3 3 18 11 8 11 4 8 19 12 13 4 4 19 6 19 7 15 16 13 11 12 15 6 16 9 16 3 3 10 4 14 12 5 7 20 18 13 15 4 7 13 4 5 7 12 8 8 16 12 4 12 17 10 19 17 3 17 11 12 6 19 4 4 3 9 15 11 19 5 9 10 19 12 7 5 8 18 14 11 6 3 7 5 7 5 6 4 13 5 5 14 4 5 18 20 17 20 14 3 4 20 8 4 4 17 3 14 20 16 19 13 7 15 18 20 19 17 9 15 14 3 18 6 3 3 20 3 18 13 18 18 9 4 15 15 12 6 5 20 10 16 7 15 9 11 19 3 10 7 17 13 18 12 13 7 8 7 12 19 13 8 4 13 20 6 6 16 11 20 8 10 14 4 11 4 14 7 13 18
1 12 2
125 316
1 11 2
103 347
1 5 2
112 201
1 5 2
87 225
1 10 2
224 485
1 2 2
213 340
1 12 2
59 144
1 11 2
237 488
1 7 2
288 404
1 8 2
335 407
1 13 2
92 364
1 4 2
50 168
1 13 2
130 233
1 12 2
11 115
1 12 2
173 301
1 4 2
188 440
1 15 2
85 316
1 8 2
70 103
1 9 2
196 464
1 15 2
88 174
1 6 2
41 51
1 3 2
69 107
1 6 2
161 433
1 2 2
257 337
1 9 2
212 361
1 11 2
142 373
1 5 2
45 496
1 2 2
222 477
1 7 2
40 78
1 2 2
260 442
1 15 2
180 190
1 14 2
151 279
1 11 2
131 400
1 6 2
145 491
1 7 2
241 376
1 12 2
30 232
1 13 2
221 349
1 2 2
179 321
1 5 2
131 345
1 12 2
133 484
1 8 2
139 454
1 3 2
9 211
1 9 2
339 491
1 15 2
339 398
1 13 2
301 346
1 15 2
379 424
1 14 2
131 355
1 9 2
24 26
1 12 2
38 249
1 7 2
201 361
1 14 2
343 499
1 4 2
82 112
1 3 2
174 496
1 12 2
289 355
1 14 2
33 339
1 7 2
25 79
1 11 2
250 360
1 14 2
194 345
1 13 2
147 441
1 12 2
158 494
1 14 2
147 154
1 11 2
71 234
1 15 2
216 277
1 14 2
9 318
1 13 2
141 246
1 7 2
63 342
1 15 2
315 331
1 8 2
272 444
1 12 2
302 471
1 11 2
14 233
1 10 2
157 470
1 6 2
7 486
1 3 2
264 490
1 11 2
36 425
1 3 2
385 391
1 10 2
225 352
1 11 2
406 496
1 12 2
260 302
1 11 2
57 437
1 3 2
24 138
1 14 2
115 289
1 3 2
72 330
1 14 2
57 134
1 2 2
37 497
1 12 2
201 311
1 6 2
63 409
1 15 2
16 253
1 5 2
341 385
1 5 2
80 90
1 14 2
93 445
1 13 2
107 124
1 13 2
223 279
1 8 2
75 206
1 5 2
368 396
1 3 2
263 362
1 15 2
98 262
1 11 2
132 222
1 10 2
156 358
1 2 2
314 459
1 3 2
0 185
1 7 2
70 437
1 13 2
62 491
1 7 2
224 234
1 14 2
28 173
1 9 2
179 260
1 7 2
77 215
1 15 2
190 234
1 5 2
80 95
1 9 2
241 497
1 15 2
257 463
1 7 2
246 286
1 14 2
109 442
1 13 2
432 433
1 3 2
353 388
1 6 2
255 331
1 13 2
150 489
1 10 2
303 489
1 4 2
148 254
1 14 2
28 243
1 9 2
100 215
1 4 2
338 444
1 2 2
420 454
1 4 2
13 161
1 4 2
92 451
1 8 2
133 405
1 10 2
304 337
1 10 2
394 473
1 11 2
29 55
1 9 2
177 287
1 13 2
39 119
1 13 2
129 402
1 11 2
157 459
1 13 2
167 180
1 8 2
133 372
1 6 2
59 195
1 12 2
161 264
1 11 2
430 448
1 8 2
34 426
1 12 2
116 477
1 8 2
168 389
1 10 2
340 475
1 3 2
80 285
1 14 2
469 486
1 9 2
9 444
1 11 2
27 445
1 14 2
411 451
1 8 2
115 366
1 4 2
107 149
1 8 2
347 454
1 13 2
40 85
1 10 2
128 379
1 14 2
85 401
1 11 2
22 261
1 2 2
260 283
1 11 2
16 157
1 2 2
32 182
1 3 2
241 408
1 6 2
51 191
1 5 2
84 497
1 4 2
179 252
1 10 2
383 479
1 14 2
61 169
1 2 2
94 221
1 12 2
101 229
1 3 2
260 285
1 6 2
269 447
1 13 2
140 169
1 11 2
414 436
1 3 2
197 351
1 13 2
151 463
1 4 2
154 260
1 8 2
192 291
1 3 2
121 227
1 8 2
251 406
1 6 2
309 310
1 5 2
202 494
1 4 2
229 384
1 8 2
92 383
1 8 2
16 203
1 11 2
68 381
1 13 2
180 452
1 6 2
94 476
1 14 2
199 286
1 3 2
319 408
1 11 2
188 420
1 3 2
108 259
1 6 2
123 365
1 2 2
433 456
1 3 2
24 121
1 7 2
49 462
1 9 2
147 262
1 6 2
244 321
1 3 2
125 379
1 10 2
227 466
1 7 2
39 323
1 5 2
52 360
1 9 2
165 440
1 13 2
177 298
1 8 2
153 373
1 15 2
78 469
1 8 2
322 329
1 3 2
209 370
1 12 2
353 404
1 6 2
208 219
1 5 2
85 171
1 9 2
317 328
1 8 2
68 382
1 13 2
200 236
1 10 2
379 430
1 3 2
111 177
1 9 2
121 286
1 4 2
316 428
1 10 2
83 135
1 7 2
61 435
1 5 2
100 478
1 11 2
135 406
1 13 2
15 290
1 15 2
66 310
1 12 2
86 316
1 11 2
45 236
1 12 2
112 338
1 15 2
28 400
1 8 2
307 353
1 15 2
180 382
1 9 2
10 247
1 8 2
57 381
1 3 2
39 359
1 3 2
74 371
1 6 2
113 411
1 9 2
116 221
1 11 2
383 415
1 5 2
321 434
1 4 2
325 445
1 5 2
106 326
1 15 2
245 495
1 10 2
93 251
1 4 2
81 321
1 13 2
314 453
1 5 2
185 403
1 4 2
15 270
1 15 2
260 391
1 11 2
306 383
1 2 2
318 384
1 4 2
367 417
1 7 2
203 352
1 10 2
168 243
1 6 2
313 479
1 13 2
187 295
1 3 2
57 258
1 6 2
79 311
1 12 2
223 414
1 10 2
268 405
1 11 2
151 228
1 4 2
78 387
1 10 2
75 295
1 13 2
22 470
1 7 2
25 85
1 14 2
25 431
1 6 2
1 16
1 10 2
19 402
1 10 2
167 414
1 2 2
50 306
1 8 2
123 461
1 12 2
257 277
1 2 2
108 371
1 6 2
150 293
1 6 2
231 337
1 9 2
1 330
1 5 2
68 443
1 13 2
148 266
1 2 2
23 189
1 11 2
205 374
1 8 2
184 382
1 7 2
219 348
1 3 2
59 146
1 2 2
8 492
1 3 2
39 410
1 13 2
356 423
1 15 2
347 389
1 8 2
88 392
1 7 2
3 125
1 5 2
9 430
1 8 2
382 484
1 12 2
314 432
1 12 2
347 484
1 5 2
84 116
1 12 2
87 254
1 11 2
100 328
1 3 2
58 65
1 2 2
354 458
1 12 2
115 486
1 15 2
83 481
1 11 2
470 477
1 5 2
2 96
1 13 2
56 237
1 5 2
25 289
1 12 2
320 461
1 3 2
220 244
1 10 2
19 84
1 6 2
410 465
1 7 2
174 424
1 9 2
39 112
1 5 2
78 289
1 5 2
177 453
1 9 2
181 232
1 8 2
26 94
1 4 2
183 244
1 13 2
359 377
1 4 2
104 495
1 13 2
26 139
1 14 2
440 444
1 7 2
34 499
1 14 2
102 440
1 7 2
67 85
1 13 2
56 276
1 14 2
386 448
1 8 2
138 299
1 2 2
133 261
1 15 2
140 163
1 11 2
242 493
1 8 2
98 344
1 3 2
54 164
1 10 2
300 376
1 3 2
278 327
1 2 2
26 79
1 2 2
95 371
1 8 2
2 234
1 9 2
330 331
1 14 2
60 499
1 15 2
171 392
1 3 2
91 179
1 7 2
419 438
1 5 2
95 394
1 4 2
125 346
1 8 2
167 219
1 5 2
62 127
1 9 2
66 336
1 14 2
68 83
1 15 2
8 275
1 4 2
47 420
1 11 2
221 281
1 2 2
299 407
1 11 2
271 305
1 5 2
132 291
1 4 2
19 239
1 4 2
180 442
1 5 2
244 382
1 4 2
83 246
1 6 2
169 484
1 13 2
117 185
1 2 2
192 337
1 12 2
2 226
1 4 2
397 482
1 9 2
389 484
1 10 2
49 340
1 12 2
52 112
1 11 2
333 418
1 14 2
282 333
1 8 2
7 343
1 13 2
182 367
1 2 2
24 230
1 12 2
57 485
1 11 2
370 448
1 13 2
48 324
1 7 2
7 415
1 13 2
196 486
1 5 2
214 231
1 13 2
224 360
1 7 2
92 389
1 15 2
119 488
1 4 2
220 332
1 13 2
122 195
1 5 2
35 418
1 13 2
56 172
1 6 2
184 378
1 11 2
274 423
1 14 2
15 477
1 3 2
19 458
1 12 2
43 306
1 4 2
236 422
1 6 2
33 238
1 2 2
410 414
1 12 2
156 293
1 14 2
112 206
1 5 2
188 295
1 7 2
187 300
1 15 2
92 130
1 4 2
210 366
1 15 2
178 263
1 2 2
143 153
1 5 2
158 300
1 3 2
423 459
1 13 2
261 497
1 2 2
232 268
1 6 2
226 471
1 3 2
38 300
1 13 2
33 173
1 7 2
104 228
1 7 2
179 287
1 9 2
26 414
1 5 2
226 437
1 10 2
305 470
1 15 2
116 127
1 15 2
91 168
1 2 2
244 277
1 7 2
22 65
1 6 2
298 362
1 15 2
39 206
1 9 2
42 405
1 12 2
204 226
1 4 2
10 387
1 5 2
301 341
1 14 2
290 493
1 2 2
307 315
1 10 2
244 431
1 11 2
30 420
1 6 2
267 322
1 7 2
63 98
1 10 2
26 489
1 5 2
134 375
1 2 2
287 297
1 6 2
430 444
1 14 2
259 382
1 3 2
195 361
1 13 2
237 432
1 8 2
90 297
1 6 2
411 499
1 8 2
17 69
1 12 2
133 247
1 13 2
391 466
1 10 2
35 340
1 2 2
14 484
1 9 2
403 463
1 12 2
91 329
1 4 2
371 457
1 5 2
319 473
1 3 2
3 35
1 6 2
376 457
1 11 2
186 446
1 10 2
213 376
1 15 2
180 188
1 10 2
244 257
1 14 2
116 359
1 5 2
329 351
1 6 2
175 218
1 4 2
36 459
1 5 2
317 425
1 12 2
263 373
1 12 2
214 412
1 8 2
388 474
1 10 2
198 323
1 8 2
79 411
1 7 2
379 495
1 11 2
14 256
1 6 2
82 246
1 10 2
264 307
1 7 2
277 405
1 14 2
247 450
1 11 2
47 281
1 7 2
373 466
1 8 2
369 457
1 3 2
108 144
1 6 2
42 229
1 12 2
173 342
1 8 2
40 397
1 10 2
61 427
1 5 2
329 447
1 9 2
51 367
1 9 2
158 334
1 12 2
323 390
1 10 2
407 461
1 13 2
240 444
1 7 2
262 287
1 12 2
73 331
1 11 2
258 449
1 6 2
91 414
1 14 2
97 260
1 5 2
119 168
1 15 2
289 458
1 13 2
338 381
1 15 2
30 255
1 3 2
216 420
1 14 2
258 345
1 7 2
301 373
1 6 2
243 300
1 13 2
23 61
1 12 2
2 101
1 12 2
79 206
1 2 2
169 418
1 5 2
41 362
1 6 2
343 461
1 13 2
163 320
1 7 2
239 250
1 12 2
114 163
1 5 2
332 454
1 14 2
75 430
1 13 2
208 460
1 8 2
73 458
1 6 2
275 363
1 5 2
190 319
1 8 2
56 110
1 8 2
172 190
1 2 2
142 391
1 12 2
43 210
1 11 2
148 155
1 7 2
350 496
1 2 2
90 284
1 10 2
81 311
1 6 2
179 250
1 10 2
79 437
1 15 2
268 311
1 8 2
86 424
1 13 2
113 286
1 13 2
73 168
1 2 2
401 452
1 14 2
268 463
1 3 2
413 462
1 13 2
111 114
1 8 2
141 473
1 15 2
105 107
1 12 2
140 488
1 11 2
241 306
1 10 2
261 467
1 6 2
11 280
1 7 2
284 454
1 7 2
59 192
1 15 2
236 332
1 8 2
89 156
1 7 2
100 273
1 9 2
219 391
1 7 2
30 140
1 8 2
202 354
1 5 2
43 480
1 15 2
317 431
1 8 2
41 255
1 11 2
79 386
1 10 2
119 336
1 11 2
160 318
1 14 2
283 402
1 15 2
87 258
1 7 2
90 264
1 2 2
118 316
1 13 2
7 102
1 14 2
393 492
1 14 2
197 442
1 9 2
206 367
1 3 2
142 311
1 7 2
28 193
1 12 2
39 200
1 2 2
67 379
1 6 2
346 413
1 8 2
70 423
1 4 2
118 146
1 7 2
357 376
1 4 2
201 329
1 3 2
400 415
1 6 2
200 224
1 6 2
90 463
1 10 2
26 321
1 14 2
103 369
1 2 2
70 80
1 4 2
279 303
1 3 2
7 18
1 15 2
409 427
1 3 2
208 374
1 14 2
113 212
1 14 2
121 305
1 10 2
89 444
1 8 2
23 334
1 2 2
97 247
1 10 2
369 471
1 3 2
280 307
1 13 2
433 485
1 8 2
17 494
1 12 2
25 202
1 11 2
52 496
1 3 2
336 458
1 13 2
188 493
1 6 2
130 231
1 12 2
28 57
1 2 2
137 146
1 11 2
73 429
1 11 2
147 459
1 5 2
126 188
1 7 2
11 244
1 12 2
408 466
1 4 2
128 394
1 15 2
270 485
1 4 2
25 145
1 7 2
143 311
1 8 2
27 44
1 4 2
70 371
1 7 2
197 254
1 15 2
59 460
1 5 2
384 454
1 9 2
156 249
1 4 2
45 284
1 12 2
492 496
1 13 2
391 419
1 5 2
130 247
1 4 2
186 462
1 6 2
164 405
1 4 2
58 195
1 5 2
55 155
1 10 2
190 323
1 15 2
208 478
1 3 2
253 265
1 4 2
43 165
1 2 2
329 461
1 15 2
165 201
1 8 2
181 207
1 6 2
204 418
1 13 2
179 409
1 10 2
194 277
1 13 2
2 355
1 11 2
356 403
1 2 2
271 459
1 6 2
187 318
1 15 2
94 103
1 11 2
294 430
1 13 2
167 420
1 8 2
272 446
1 12 2
79 233
1 2 2
100 300
1 3 2
50 245
1 11 2
277 464
1 14 2
203 365
1 2 2
60 192
1 7 2
88 355
1 7 2
38 277
1 3 2
463 476
1 12 2
396 470
1 5 2
55 275
1 3 2
10 436
1 14 2
194 357
1 9 2
52 477
1 5 2
61 140
1 8 2
110 157
1 15 2
250 285
1 14 2
62 210
1 8 2
101 123
1 14 2
180 432
1 10 2
104 406
1 15 2
207 460
1 5 2
168 313
1 10 2
93 239
1 4 2
227 445
1 3 2
68 213
1 6 2
281 435
1 9 2
126 178
1 3 2
248 479
1 3 2
126 241
1 13 2
151 349
1 15 2
5 424
1 12 2
222 341
1 9 2
101 419
1 7 2
48 270
1 5 2
150 208
1 9 2
120 493
1 13 2
26 43
1 7 2
362 481
1 11 2
370 489
1 2 2
146 400
1 12 2
373 471
1 5 2
148 403
1 13 2
225 338
1 11 2
8 380
1 15 2
44 239
1 5 2
98 143
1 4 2
74 93
1 9 2
270 436
1 10 2
153 267
1 2 2
84 335
1 10 2
24 311
1 11 2
80 83
1 2 2
455 486
1 2 2
86 151
1 8 2
393 402
1 7 2
132 307
1 15 2
95 310
1 11 2
230 304
1 12 2
211 392
1 11 2
0 399
1 10 2
38 67
1 4 2
317 455
1 12 2
168 185
1 9 2
104 239
1 15 2
11 18
1 5 2
353 381
1 3 2
247 400
1 12 2
30 292
1 2 2
6 218
1 6 2
250 362
1 7 2
135 412
1 10 2
269 498
1 9 2
42 431
1 8 2
222 315
1 13 2
94 272
1 11 2
111 319
1 13 2
115 235
1 2 2
312 404
1 12 2
7 11
1 15 2
75 209
1 14 2
229 481
1 3 2
334 455
1 14 2
203 284
1 3 2
316 380
1 4 2
49 408
1 13 2
200 490
1 7 2
62 355
1 13 2
60 245
1 2 2
222 281
1 8 2
172 247
1 8 2
115 182
1 10 2
242 491
1 6 2
96 203
1 9 2
152 357
1 9 2
14 471
1 2 2
292 311
1 7 2
177 222
1 7 2
95 256
1 14 2
129 419
1 12 2
234 236
1 2 2
261 413
1 5 2
49 124
1 5 2
247 488
1 9 2
15 354
1 7 2
189 276
1 10 2
197 441
1 3 2
45 87
1 6 2
157 429
1 3 2
348 416
1 7 2
9 450
1 12 2
53 408
1 12 2
432 443
1 7 2
214 379
1 13 2
122 415
1 13 2
338 404
1 15 2
153 270
1 7 2
217 457
1 9 2
266 312
1 8 2
12 281
1 15 2
0 128
1 15 2
481 495
1 14 2
133 198
1 8 2
395 493
1 7 2
318 389
1 11 2
346 471
1 6 2
24 431
1 7 2
335 360
1 9 2
317 358
1 13 2
64 240
1 11 2
225 305
1 10 2
5 209
1 10 2
293 461
1 13 2
36 372
1 9 2
13 342
1 13 2
317 374
1 14 2
6 110
1 12 2
62 68
1 5 2
48 58
1 4 2
270 367
1 4 2
34 165
1 5 2
212 449
1 4 2
132 280
1 8 2
37 121
1 12 2
148 497
1 9 2
329 345
1 4 2
383 385
1 8 2
308 399
1 4 2
22 101
1 14 2
302 342
1 14 2
474 476
1 7 2
192 283
1 14 2
63 204
1 2 2
74 376
1 12 2
69 429
1 11 2
6 237
1 15 2
158 193
1 4 2
387 403
1 6 2
114 331
1 2 2
177 236
1 13 2
153 201
1 8 2
120 472
1 13 2
91 433
1 14 2
456 494
1 12 2
345 417
1 4 2
416 473
1 15 2
293 399
1 13 2
145 177
1 13 2
31 483
1 2 2
76 90
1 3 2
136 278
1 9 2
11 319
1 5 2
233 417
1 15 2
69 273
1 10 2
256 445
1 10 2
322 497
1 4 2
163 179
1 12 2
22 363
1 12 2
11 80
1 7 2
342 463
1 5 2
228 480
1 15 2
53 222
1 12 2
334 425
1 13 2
329 492
1 9 2
142 459
1 6 2
297 368
1 5 2
96 207
1 5 2
171 373
1 13 2
27 473
1 6 2
37 293
1 15 2
375 411
1 6 2
189 481
1 13 2
212 391
1 8 2
70 112
1 5 2
418 421
1 5 2
417 471
1 15 2
269 382
1 6 2
222 298
1 10 2
232 324
1 11 2
294 439
1 13 2
291 462
1 4 2
355 474
1 11 2
221 290
1 5 2
170 218
1 12 2
415 449
1 12 2
384 463
1 15 2
70 411
1 8 2
12 413
1 12 2
59 191
1 9 2
276 418
1 12 2
274 494
1 11 2
5 438
1 12 2
109 399
1 10 2
349 479
1 7 2
36 236
1 15 2
40 101
1 15 2
334 342
1 11 2
226 350
1 9 2
30 308
1 6 2
42 137
1 12 2
390 452
1 14 2
363 393
1 6 2
39 446
1 8 2
90 215
1 11 2
426 466
1 11 2
64 141
1 5 2
127 312
1 2 2
282 448
1 11 2
186 382
1 2 2
82 143
1 3 2
94 334
1 3 2
94 264
1 12 2
58 78
1 14 2
27 373
1 9 2
216 399
1 13 2
149 491
1 14 2
202 487
1 2 2
88 345
1 10 2
234 289
1 3 2
98 346
1 9 2
165 340
1 11 2
38 407
1 14 2
98 472
1 14 2
119 429
1 12 2
61 398
1 7 2
194 286
1 15 2
270 299
1 6 2
251 312
1 6 2
183 280
1 11 2
4 422
1 15 2
154 428
1 13 2
359 382
1 6 2
324 490
1 4 2
7 497
1 11 2
9 486
1 14 2
5 51
1 7 2
20 276
1 15 2
15 417
1 3 2
175 254
1 7 2
151 227
1 3 2
93 376
1 5 2
348 469
1 13 2
122 186
1 8 2
303 308
1 12 2
1 179
1 13 2
325 380
1 11 2
141 253
1 12 2
70 287
1 14 2
40 449
1 15 2
125 407
1 2 2
186 496
1 11 2
247 492
1 15 2
239 346
1 11 2
190 365
1 11 2
235 419
1 13 2
165 214
1 7 2
150 274
1 15 2
260 397
1 7 2
291 360
1 12 2
218 301
1 7 2
37 142
1 4 2
173 300
1 10 2
85 246
1 12 2
200 365
1 11 2
153 462
1 12 2
476 494
1 11 2
104 143
1 12 2
229 438
1 2 2
40 365
1 9 2
32 192
1 5 2
55 469
1 6 2
268 376
1 6 2
256 292
1 14 2
166 218
1 6 2
2 118
1 15 2
152 267
1 6 2
401 496
1 7 2
296 410
1 9 2
180 206
1 13 2
306 396
1 11 2
365 388
1 14 2
110 226
1 6 2
56 252
1 9 2
97 293
1 9 2
81 258
1 14 2
275 320
1 4 2
127 263
1 8 2
117 303
1 15 2
21 314
1 14 2
128 476
1 15 2
46 47
1 13 2
179 342
1 4 2
155 336
1 6 2
82 431
1 9 2
19 143
1 9 2
36 125
1 15 2
171 268
1 15 2
52 470
1 11 2
23 79
1 14 2
280 479
1 9 2
155 479
1 9 2
126 222
1 2 2
113 409
1 4 2
77 247
1 4 2
371 406
1 7 2
331 340
1 11 2
126 129
1 8 2
84 498
1 8 2
7 327
1 8 2
241 404
1 15 2
40 84
1 14 2
78 83
1 3 2
73 451
1 12 2
355 461
1 2 2
207 224
1 5 2
19 334
1 9 2
129 335
1 3 2
252 341
1 10 2
368 420
1 14 2
50 392
1 6 2
159 288
1 6 2
121 170
1 3 2
70 161
1 6 2
169 322
1 12 2
96 487
1 6 2
163 170
1 9 2
93 102
1 12 2
210 263
1 15 2
99 434
1 5 2
14 21
1 2 2
17 309
1 12 2
223 276
1 3 2
253 291
1 5 2
166 361
1 10 2
193 399
1 15 2
95 151
1 13 2
114 325
1 8 2
198 397
1 7 2
221 295
1 6 2
180 283
1 15 2
166 234
1 5 2
69 440
1 6 2
111 149
1 14 2
249 315
1 4 2
118 416
1 7 2
265 328
1 2 2
68 113
1 7 2
319 458
1 8 2
216 478
1 12 2
146 264
1 4 2
323 332
1 4 2
131 285
1 7 2
102 347
1 9 2
266 275
1 9 2
62 454
1 11 2
136 487
1 5 2
335 399
1 3 2
211 280
1 4 2
352 388
1 7 2
52 94
1 13 2
30 288
1 8 2
36 249
1 10 2
176 384
1 3 2
209 236
1 12 2
178 314
1 4 2
125 415
1 8 2
302 330
1 3 2
286 382
1 7 2
283 438
1 11 2
43 171
1 10 2
380 441
1 5 2
58 104
1 2 2
186 388
1 13 2
170 189
1 8 2
280 462
1 9 2
149 281
1 6 2
306 398
1 2 2
189 366
1 7 2
193 223
1 7 2
203 389
1 6 2
28 324
1 6 2
107 374
1 15 2
46 387
1 3 2
227 355
1 4 2
287 481
1 4 2
237 382
1 10 2
18 164
1 5 2
59 97
1 3 2
74 127
1 15 2
172 288
1 5 2
7 446
1 12 2
25 118
1 13 2
54 304
1 3 2
130 437
1 4 2
3 234
1 10 2
137 245
1 3 2
87 388
1 10 2
264 329
1 11 2
111 430
1 9 2
252 398
1 3 2
232 277
1 10 2
136 293
1 7 2
320 354
1 12 2
152 338
1 13 2
199 386
1 6 2
243 361
1 7 2
111 306
1 15 2
304 317
1 15 2
161 422
1 9 2
81 314
1 7 2
32 435
1 7 2
136 466
1 11 2
34 388
1 10 2
39 458
1 4 2
49 428
1 2 2
105 227
1 15 2
18 437
1 15 2
162 285
1 13 2
247 456
1 2 2
206 483
1 11 2
186 490
1 2 2
48 98
1 14 2
308 380
1 6 2
194 448
1 4 2
74 365
1 11 2
238 292
1 11 2
335 414
1 8 2
44 247
1 3 2
90 491
1 10 2
92 354
1 15 2
355 388
1 13 2
205 272
1 5 2
161 401
1 4 2
456 485
1 11 2
86 434
1 13 2
198 466
1 2 2
429 478
1 15 2
24 245
1 11 2
66 210
1 3 2
115 336
1 4 2
141 465
1 3 2
351 433
1 5 2
67 481
1 2 2
207 470
1 3 2
240 360
1 3 2
400 476
1 5 2
62 96
1 3 2
227 408
1 5 2
59 403
1 9 2
172 194
1 6 2
408 442
1 15 2
215 334
1 5 2
338 445
1 15 2
22 154
1 14 2
44 433
1 2 2
128 454
1 11 2
48 381
1 3 2
252 499
1 5 2
286 465
1 6 2
227 335
1 11 2
358 467
1 4 2
114 360
1 2 2
205 337
1 2 2
19 387
1 10 2
196 456
1 6 2
169 399
1 10 2
104 226
1 13 2
125 148
1 9 2
117 264
1 2 2
117 137
1 13 2
58 459
1 12 2
312 345
1 12 2
247 386
1 7 2
20 476
1 8 2
81 418
1 13 2
113 216
1 3 2
54 128
1 12 2
331 472
1 9 2
179 358
1 15 2
306 313
1 14 2
187 220
1 2 2
1 474
1 11 2
303 329
1 4 2
80 413
1 10 2
216 413
1 15 2
200 405
1 8 2
214 222
1 12 2
52 152
1 13 2
22 315
1 11 2
265 483
1 15 2
425 499
1 11 2
299 421
1 8 2
150 206
1 2 2
33 466
1 11 2
128 488
1 3 2
61 291
1 3 2
200 310
1 10 2
66 465
1 3 2
105 276
1 6 2
137 256
1 11 2
443 463
1 7 2
31 234
1 3 2
322 470
1 9 2
279 430
1 9 2
54 374
1 2 2
100 142
1 14 2
251 361
1 15 2
64 330
1 6 2
54 410
1 4 2
31 393
1 6 2
35 362
1 15 2
88 352
1 14 2
202 457
1 15 2
124 245
1 7 2
128 232
1 3 2
82 333
1 5 2
39 254
1 3 2
405 407
1 5 2
187 363
1 6 2
326 492
1 10 2
71 462
1 6 2
88 216
1 5 2
14 190
1 4 2
235 251
1 2 2
100 129
1 6 2
230 237
1 13 2
287 495
1 2 2
18 312
1 12 2
213 242
1 8 2
324 459
1 12 2
219 496
1 14 2
103 172
1 4 2
147 295
1 7 2
191 474
1 6 2
33 487
1 4 2
306 439
1 2 2
16 440
1 11 2
96 351
1 2 2
57 404
1 4 2
98 366
1 3 2
204 412
1 12 2
78 345
1 11 2
176 302
1 8 2
244 448
1 5 2
290 475
1 9 2
169 195
1 7 2
36 215
1 2 2
166 325
1 7 2
212 253
1 8 2
332 423
1 6 2
90 213
1 9 2
4 271
1 13 2
40 136
1 8 2
335 380
1 7 2
249 471
1 6 2
45 324
1 14 2
37 494
1 9 2
251 449
1 4 2
245 416
1 2 2
149 261
1 5 2
167 303
1 12 2
297 355
1 9 2
9 131
1 4 2
144 470
1 10 2
361 398
1 12 2
109 237
1 13 2
234 465
1 13 2
162 203
1 14 2
459 488
1 6 2
86 183
1 5 2
38 47
1 2 2
189 213
1 10 2
6 449
1 2 2
62 156
1 12 2
111 459
1 15 2
191 450
1 9 2
24 457
1 6 2
39 213
1 7 2
244 340
1 9 2
27 175
1 10 2
37 239
1 11 2
277 417
1 8 2
407 496
1 14 2
172 404
1 12 2
342 396
1 8 2
86 88
1 11 2
231 389
1 10 2
104 374
1 8 2
244 496
1 15 2
57 104
1 6 2
61 121
1 10 2
98 120
1 15 2
219 412
1 7 2
322 474
1 10 2
323 415
1 4 2
194 296
1 15 2
337 464
1 14 2
455 457
1 12 2
39 232
1 3 2
184 426
1 15 2
275 386
1 5 2
404 493
1 3 2
224 470
1 10 2
183 320
1 15 2
6 27
1 13 2
149 254
1 9 2
25 362
1 9 2
116 141
1 10 2
392 458
1 3 2
85 471
1 10 2
61 489
1 15 2
72 83
1 11 2
11 494
1 5 2
83 486
1 6 2
356 497
1 11 2
401 484
1 11 2
405 465
1 12 2
159 164
1 10 2
302 349
1 3 2
144 305
1 5 2
193 298
1 11 2
320 471
1 13 2
276 482
1 3 2
235 484
1 14 2
123 234
1 7 2
275 448
1 7 2
113 472
1 9 2
308 335
1 8 2
339 478
1 7 2
5 237
1 3 2
94 231
1 9 2
219 330
1 15 2
92 392
1 13 2
79 456
1 13 2
59 120
1 10 2
32 73
1 10 2
23 432
1 4 2
88 466
1 6 2
22 211
1 11 2
9 50
1 12 2
161 453
1 10 2
35 217
1 7 2
164 184
1 15 2
307 482
1 15 2
94 426
1 12 2
124 242
1 4 2
76 368
1 3 2
291 482
1 6 2
152 167
1 9 2
277 307
1 10 2
193 434
1 11 2
247 250
1 7 2
102 174
1 9 2
82 253
1 6 2
44 76
1 4 2
279 344
1 11 2
280 371
1 12 2
417 464
1 10 2
129 445
1 10 2
211 231
1 7 2
18 237
1 6 2
40 315
1 4 2
60 312
1 2 2
218 379
1 9 2
238 498
1 9 2
142 241
1 10 2
332 489
1 5 2
139 362
1 11 2
155 491
1 12 2
57 346
1 4 2
34 475
1 6 2
81 243
1 8 2
186 292
1 3 2
79 138
1 3 2
9 24
1 13 2
101 348
1 7 2
20 76
1 10 2
123 166
1 12 2
111 112
1 8 2
2 41
1 4 2
6 299
1 12 2
309 350
1 12 2
405 477
1 11 2
141 194
1 2 2
118 380
1 9 2
0 314
1 12 2
46 268
1 5 2
118 460
1 2 2
264 359
1 13 2
322 480
1 11 2
47 292
1 6 2
289 389
1 13 2
39 485
1 8 2
65 311
1 15 2
213 470
1 9 2
161 363
1 13 2
238 483
1 9 2
115 312
1 7 2
86 224
1 6 2
373 493
1 14 2
27 260
1 14 2
299 393
1 11 2
359 424
1 7 2
344 462
1 15 2
144 296
1 12 2
265 345
1 2 2
203 273
1 12 2
130 482
1 3 2
98 173
1 4 2
76 389
1 7 2
262 358
1 11 2
19 38
1 7 2
38 136
1 12 2
137 302
1 7 2
20 263
1 13 2
237 286
1 4 2
75 499
1 7 2
42 305
1 2 2
121 327
1 3 2
402 427
1 14 2
67 139
1 2 2
104 388
1 10 2
242 418
1 5 2
119 249
1 9 2
226 332
1 12 2
38 255
1 11 2
420 447
1 6 2
47 166
1 7 2
72 134
1 15 2
140 440
1 9 2
224 396
1 12 2
53 413
1 9 2
20 247
1 15 2
146 269
1 3 2
15 196
1 10 2
161 390
1 14 2
264 378
1 9 2
65 168
1 11 2
243 403
1 12 2
92 286
1 3 2
247 260
1 12 2
316 343
1 14 2
286 433
1 3 2
171 325
1 8 2
182 429
1 10 2
83 369
1 10 2
82 421
1 5 2
402 460
1 10 2
75 263
1 7 2
313 434
1 6 2
186 431
1 2 2
310 401
1 7 2
82 137
1 13 2
261 293
1 15 2
53 287
1 10 2
438 461
1 13 2
254 369
1 8 2
135 301
1 14 2
242 293
1 9 2
320 358
1 11 2
363 427
1 2 2
69 302
1 2 2
40 161
1 12 2
400 437
1 8 2
103 174
1 10 2
328 483
1 12 2
55 319
1 3 2
5 183
1 2 2
7 449
1 6 2
337 360
1 15 2
123 275
1 4 2
66 323
1 2 2
358 435
1 8 2
71 445
1 8 2
289 475
1 10 2
87 187
1 2 2
192 482
1 5 2
259 457
1 9 2
205 445
1 11 2
51 456
1 3 2
106 398
1 10 2
324 370
1 3 2
147 232
1 6 2
106 135
1 12 2
61 168
1 2 2
243 257
1 5 2
293 413
1 14 2
195 200
1 8 2
80 227
1 8 2
161 313
1 15 2
160 255
1 7 2
61 126
1 12 2
282 353
1 6 2
326 377
1 8 2
119 120
1 13 2
55 80
1 11 2
67 456
1 9 2
302 479
1 13 2
109 246
1 10 2
117 313
1 7 2
28 498
1 4 2
263 397
1 3 2
54 411
1 2 2
385 433
1 12 2
303 433
1 14 2
73 92
1 10 2
0 458
1 4 2
397 419
1 15 2
362 486
1 12 2
373 461
1 11 2
442 452
1 12 2
16 401
1 10 2
80 164
1 3 2
214 467
1 5 2
27 271
1 2 2
50 429
1 10 2
406 447
1 9 2
118 455
1 12 2
164 276
1 6 2
44 291
1 6 2
314 318
1 4 2
225 316
1 7 2
23 233
1 2 2
50 411
1 6 2
326 496
1 8 2
122 176
1 14 2
88 200
1 6 2
365 429
1 4 2
70 130
1 12 2
20 441
1 12 2
32 382
1 8 2
181 225
1 11 2
419 422
1 10 2
19 108
1 12 2
308 395
1 12 2
60 331
1 7 2
7 488
1 6 2
454 455
1 8 2
101 177
1 7 2
306 374
1 3 2
66 299
1 15 2
319 431
1 4 2
13 497
1 13 2
231 412
1 10 2
18 450
1 2 2
117 298
1 7 2
56 152
1 6 2
31 460
1 10 2
270 371
1 6 2
397 414
1 15 2
54 179
1 2 2
10 294
1 12 2
459 476
1 9 2
29 390
1 7 2
138 180
1 8 2
185 324
1 2 2
256 461
1 4 2
209 449
1 5 2
23 339
1 8 2
132 284
1 12 2
19 491
1 3 2
65 129
1 13 2
175 238
1 12 2
294 469
1 8 2
14 328
1 6 2
119 130
1 11 2
145 339
1 15 2
197 490
1 11 2
62 419
1 5 2
110 464
1 10 2
39 317
1 12 2
16 270
1 7 2
149 344
1 11 2
25 165
1 6 2
133 437
1 3 2
0 334
1 3 2
12 107
1 10 2
23 290
1 11 2
72 221
1 12 2
328 459
1 2 2
288 310
1 8 2
57 106
1 10 2
212 311
1 4 2
152 416
1 5 2
40 396
1 6 2
7 284
1 5 2
6 442
1 8 2
20 468
1 15 2
29 346
1 3 2
39 463
1 2 2
119 381
1 12 2
136 405
1 8 2
97 183
1 11 2
413 477
1 12 2
181 474
1 3 2
343 347
1 12 2
58 89
1 14 2
293 310
1 11 2
150 430
1 11 2
345 387
1 9 2
79 428
1 6 2
114 121
1 8 2
15 427
1 4 2
185 477
1 10 2
94 160
1 15 2
22 234
1 4 2
156 281
1 11 2
61 127
1 7 2
62 487
1 4 2
54 430
1 11 2
57 110
1 7 2
326 479
1 4 2
29 194
1 9 2
391 455
1 2 2
128 272
1 15 2
8 49
1 13 2
168 462
1 2 2
2 178
1 2 2
65 382
1 7 2
117 219
1 14 2
153 340
1 3 2
140 470
1 12 2
405 436
1 13 2
42 452
1 4 2
426 492
1 8 2
53 425
1 12 2
250 262
1 14 2
354 456
1 13 2
209 398
1 7 2
6 63
1 8 2
62 301
1 4 2
15 261
1 12 2
81 350
1 6 2
49 374
1 3 2
198 220
1 8 2
147 436
1 8 2
118 465
1 4 2
344 370
1 2 2
177 252
1 5 2
114 458
1 5 2
52 214
1 7 2
93 461
1 2 2
330 482
1 11 2
154 490
1 3 2
28 353
1 15 2
260 270
1 14 2
143 435
1 5 2
118 383
1 9 2
133 176
1 10 2
148 287
1 8 2
255 414
1 3 2
131 349
1 2 2
168 403
1 7 2
180 367
1 15 2
254 330
1 4 2
119 169
1 12 2
106 145
1 12 2
217 462
1 3 2
155 175
1 2 2
226 468
1 4 2
7 323
1 6 2
66 282
1 5 2
155 274
1 6 2
358 430
1 14 2
156 271
1 15 2
71 378
1 11 2
127 130
1 5 2
27 282
1 10 2
112 151
1 8 2
153 206
1 10 2
18 177
1 15 2
43 109
1 2 2
7 224
1 8 2
212 284
1 8 2
186 444
1 7 2
231 498
1 4 2
46 301
1 2 2
304 397
1 11 2
220 442
1 6 2
111 313
1 4 2
10 262
1 12 2
23 255
1 2 2
166 275
1 3 2
118 457
1 2 2
190 489
1 12 2
103 471
1 12 2
130 160
1 5 2
217 310
1 13 2
186 450
1 14 2
89 445
1 6 2
285 297
1 6 2
144 416
1 15 2
1 200
1 2 2
21 49
1 11 2
400 457
1 14 2
72 253
1 13 2
57 316
1 4 2
18 332
1 12 2
45 186
1 4 2
157 224
1 14 2
17 31
1 9 2
193 495
1 6 2
183 191
1 10 2
227 269
1 7 2
130 327
1 3 2
224 342
1 14 2
94 121
1 13 2
13 144
1 2 2
196 427
1 11 2
16 24
1 12 2
213 257
1 14 2
225 460
1 7 2
267 347
1 15 2
100 448
1 12 2
133 150
1 9 2
57 286
1 7 2
76 209
1 2 2
164 208
1 2 2
99 295
1 14 2
308 331
1 8 2
389 414
1 3 2
148 465
1 7 2
120 449
1 8 2
296 374
1 12 2
162 323
1 14 2
327 425
1 7 2
203 326
1 12 2
70 363
1 6 2
240 496
1 11 2
359 443
1 6 2
414 464
1 5 2
203 261
1 7 2
451 473
1 5 2
62 222
1 11 2
59 333
1 8 2
48 66
1 5 2
102 263
1 3 2
108 125
1 8 2
268 325
1 15 2
178 279
1 3 2
375 385
1 4 2
36 485
1 5 2
109 444
1 13 2
0 301
1 6 2
186 355
1 10 2
336 372
1 3 2
221 331
1 13 2
347 420
1 4 2
80 401
1 2 2
198 244
1 15 2
138 355
1 4 2
120 363
1 10 2
442 443
1 5 2
115 445
1 5 2
213 431
1 14 2
196 409
1 2 2
99 270
1 12 2
88 98
1 6 2
145 295
1 9 2
125 307
1 12 2
121 380
1 10 2
9 216
1 6 2
209 466
1 5 2
12 434
1 3 2
342 415
1 3 2
3 385
1 8 2
164 358
1 4 2
184 401
1 12 2
12 450
1 9 2
161 175
1 14 2
353 490
1 11 2
105 210
1 11 2
235 326
1 8 2
113 382
1 4 2
168 236
1 3 2
6 227
1 5 2
333 452
1 15 2
44 438
1 9 2
346 455
1 9 2
32 142
1 3 2
82 263
1 11 2
43 370
1 12 2
65 375
1 6 2
54 58
1 2 2
2 281
1 5 2
29 343
1 11 2
380 457
1 3 2
247 403
1 11 2
333 435
1 8 2
31 314
1 5 2
317 493
1 2 2
30 310
1 12 2
409 415
1 2 2
445 456
1 7 2
170 290
1 6 2
63 109
1 6 2
22 23
1 8 2
197 487
1 2 2
14 65
1 6 2
128 468
1 12 2
232 337
1 15 2
467 480
1 5 2
80 230
1 15 2
161 216
1 14 2
305 484
1 8 2
385 494
1 11 2
434 494
1 14 2
348 363
1 3 2
13 262
1 14 2
35 82
1 7 2
14 59
1 9 2
87 114
1 12 2
101 178
1 15 2
83 437
1 15 2
432 454
1 3 2
43 68
1 3 2
77 296
1 5 2
437 446
1 13 2
103 436
1 4 2
319 344
1 9 2
125 484
1 12 2
17 239
1 4 2
300 409
1 6 2
304 381
1 6 2
161 409
1 4 2
405 496
1 4 2
251 318
1 4 2
103 495
1 5 2
41 63
1 14 2
143 268
1 7 2
23 487
1 9 2
175 386
1 3 2
190 274
1 2 2
293 420
1 5 2
53 217
1 5 2
406 417
1 11 2
157 388
1 10 2
311 328
1 13 2
44 154
1 2 2
98 449
1 3 2
64 121
1 2 2
76 220
1 9 2
43 117
1 4 2
23 313
1 2 2
34 479
1 12 2
59 208
1 12 2
307 459
1 9 2
295 464
1 11 2
221 438
1 8 2
0 338
1 11 2
248 337
1 7 2
102 226
1 12 2
31 164
1 6 2
291 428
1 14 2
89 95
1 11 2
93 331
1 5 2
109 258
1 15 2
13 137
1 15 2
118 189
1 9 2
186 401
1 11 2
357 443
1 11 2
16 350
1 3 2
232 445
1 13 2
241 479
1 2 2
246 456
1 8 2
334 487
1 12 2
90 331
1 4 2
228 395
1 4 2
2 151
1 3 2
211 480
1 6 2
124 499
1 13 2
9 218
1 14 2
214 479
1 9 2
75 321
1 13 2
257 392
1 12 2
30 488
1 6 2
160 173
1 12 2
37 182
1 2 2
353 496
1 9 2
305 391
1 14 2
366 457
1 14 2
465 468
1 4 2
135 189
1 11 2
114 362
1 9 2
143 372
1 2 2
132 225
1 2 2
188 495
1 13 2
90 335
1 3 2
332 341
1 5 2
35 408
1 5 2
265 344
1 14 2
146 453
1 9 2
62 485
1 10 2
286 362
1 11 2
164 203
1 15 2
112 441
1 9 2
358 462
1 9 2
296 433
1 2 2
184 303
1 11 2
81 175
1 7 2
124 344
1 9 2
81 382
1 7 2
114 201
1 14 2
58 263
1 8 2
60 315
1 13 2
135 474
1 14 2
370 412
1 3 2
53 447
1 13 2
112 408
1 7 2
421 473
1 4 2
364 440
1 5 2
232 381
1 15 2
250 341
1 10 2
25 312
1 8 2
97 159
1 6 2
152 417
1 10 2
134 351
1 13 2
177 384
1 2 2
345 384
1 12 2
181 364
1 15 2
16 279
1 9 2
329 410
1 4 2
85 195
1 6 2
204 319
1 5 2
15 340
1 15 2
123 400
1 9 2
235 454
1 9 2
351 424
1 6 2
87 173
1 9 2
380 489
1 13 2
229 291
1 4 2
141 464
1 10 2
139 391
1 2 2
78 302
1 13 2
152 210
1 8 2
28 50
1 2 2
326 370
1 13 2
163 207
1 4 2
82 457
1 12 2
9 434
1 3 2
460 470
1 6 2
184 201
1 7 2
14 264
1 8 2
411 476
1 13 2
108 178
1 6 2
151 330
1 5 2
47 360
1 4 2
366 468
1 5 2
45 260
1 10 2
118 154
1 2 2
147 178
1 9 2
296 399
1 14 2
348 352
1 5 2
195 374
1 8 2
85 320
1 2 2
113 459
1 4 2
4 172
1 2 2
142 231
1 10 2
113 337
1 4 2
91 107
1 11 2
278 324
1 13 2
205 424
1 2 2
9 465
1 11 2
101 199
1 15 2
349 446
1 3 2
194 215
1 3 2
52 128
1 4 2
35 355
1 7 2
151 219
1 2 2
3 40
1 9 2
142 283
1 5 2
142 300
1 5 2
245 355
1 9 2
372 492
1 6 2
317 488
1 10 2
7 480
1 10 2
31 158
1 15 2
4 83
1 7 2
159 218
1 3 2
99 248
1 3 2
372 396
1 15 2
82 375
1 6 2
88 157
1 3 2
282 470
1 13 2
289 372
1 5 2
146 487
1 12 2
3 93
1 9 2
278 475
1 10 2
372 423
1 15 2
336 473
1 11 2
5 454
1 15 2
276 323
1 10 2
135 181
1 11 2
78 389
1 9 2
34 465
1 9 2
107 117
1 12 2
204 342
1 7 2
256 331
1 4 2
83 346
1 10 2
201 239
1 3 2
135 177
1 6 2
155 483
1 7 2
213 367
1 6 2
188 223
1 3 2
40 193
1 3 2
317 381
1 5 2
196 471
1 7 2
214 299
1 3 2
84 276
1 15 2
76 459
1 12 2
7 287
1 3 2
320 418
1 6 2
73 201
1 5 2
205 408
1 11 2
55 284
1 13 2
5 143
1 5 2
136 366
1 11 2
65 266
1 9 2
26 192
1 4 2
97 459
1 6 2
86 109
1 4 2
196 240
1 8 2
1 97
1 8 2
55 307
1 8 2
335 416
1 7 2
75 305
1 12 2
16 50
1 10 2
214 347
1 10 2
163 311
1 4 2
294 443
1 8 2
347 393
1 9 2
148 300
1 2 2
94 478
1 10 2
424 496
1 13 2
61 417
1 4 2
99 382
1 9 2
258 270
1 10 2
168 321
1 13 2
214 426
1 8 2
245 338
1 3 2
231 381
1 7 2
254 469
1 4 2
16 106
1 4 2
106 162
1 14 2
200 408
1 8 2
7 13
1 12 2
205 321
1 12 2
138 349
1 3 2
44 168
1 5 2
223 317
1 15 2
5 13
1 13 2
85 198
1 3 2
36 263
1 12 2
331 421
1 7 2
104 164
1 12 2
233 376
1 13 2
94 293
1 9 2
17 206
1 6 2
205 303
1 9 2
177 284
1 14 2
346 360
1 7 2
6 8
1 5 2
265 269
1 4 2
107 436
1 14 2
174 199
1 14 2
209 217
1 10 2
73 392
1 7 2
146 277
1 4 2
245 278
1 4 2
244 495
1 7 2
65 104
1 13 2
214 406
1 3 2
192 338
1 7 2
47 374
1 13 2
280 494
1 7 2
175 367
1 9 2
309 441
1 14 2
171 312
1 3 2
270 490
1 2 2
171 479
1 15 2
45 497
1 14 2
306 314
1 15 2
148 431
1 13 2
198 481
1 7 2
371 435
1 8 2
380 405
1 14 2
21 467
1 9 2
177 420
1 6 2
124 362
1 2 2
275 441
1 3 2
31 330
1 12 2
139 338
1 6 2
57 306
1 15 2
137 343
1 4 2
34 358
1 9 2
193 426
1 12 2
474 482
1 11 2
244 490
1 2 2
62 305
1 5 2
59 92
1 10 2
115 154
1 9 2
244 319
1 10 2
313 488
1 7 2
258 459
1 6 2
66 183
1 12 2
259 415
1 15 2
286 429
1 14 2
244 352
1 15 2
415 440
1 12 2
234 307
1 3 2
160 447
1 9 2
92 102
1 10 2
115 173
1 5 2
327 432
1 10 2
212 306
1 14 2
158 353
1 13 2
288 435
1 15 2
146 418
1 4 2
162 275
1 5 2
304 468
1 12 2
244 267
1 9 2
235 238
1 14 2
6 84
1 14 2
136 360
1 10 2
42 218
1 14 2
188 401
1 4 2
73 387
1 15 2
395 464
1 6 2
37 338
1 5 2
91 391
1 14 2
24 276
1 7 2
2 332
1 7 2
99 139
1 6 2
53 281
1 5 2
173 379
1 2 2
271 490
1 8 2
346 349
1 9 2
23 185
1 14 2
28 339
1 15 2
181 395
1 5 2
163 422
1 13 2
69 265
1 10 2
203 348
1 5 2
180 400
1 9 2
49 368
1 5 2
168 444
1 12 2
141 236
1 5 2
103 216
1 3 2
311 420
1 8 2
180 197
1 11 2
41 124
1 2 2
123 481
1 12 2
159 270
1 14 2
334 347
1 5 2
107 302
1 10 2
138 206
1 3 2
132 445
1 8 2
72 469
1 13 2
324 374
1 5 2
201 222
1 2 2
223 261
1 15 2
111 415
1 14 2
264 265
1 11 2
12 389
1 10 2
146 230
1 13 2
90 293
1 11 2
142 454
1 13 2
377 387
1 7 2
1 478
1 15 2
323 338
1 2 2
151 399
1 11 2
79 307
1 14 2
29 93
1 6 2
29 184
1 6 2
6 318
1 14 2
82 429
1 15 2
38 452
1 9 2
256 455
1 15 2
114 407
1 10 2
149 408
1 7 2
44 244
1 11 2
44 315
1 15 2
202 489
1 3 2
305 481
1 10 2
328 344
1 5 2
243 316
1 4 2
131 384
1 2 2
285 491
1 11 2
209 337
1 9 2
265 377
1 13 2
48 333
1 11 2
449 480
1 7 2
256 491
1 6 2
312 411
1 3 2
6 194
1 3 2
202 363
1 5 2
238 452
1 12 2
202 466
1 11 2
51 491
1 5 2
95 98
1 6 2
46 190
1 12 2
160 459
1 12 2
396 418
1 7 2
61 218
1 13 2
52 111
1 14 2
240 361
1 8 2
234 290
1 12 2
49 209
1 4 2
162 392
1 8 2
151 441
1 9 2
19 283
1 4 2
154 176
1 14 2
304 477
1 2 2
312 409
1 11 2
12 231
1 13 2
347 468
1 6 2
156 297
1 13 2
37 419
1 7 2
199 432
1 3 2
195 294
1 11 2
30 206
1 12 2
212 412
1 5 2
141 222
1 7 2
4 214
1 10 2
63 463
1 14 2
120 327
1 10 2
238 287
1 7 2
183 274
1 15 2
5 182
1 7 2
22 123
1 4 2
386 464
1 2 2
144 311
1 15 2
214 381
1 5 2
34 264
1 11 2
210 249
1 10 2
301 407
1 2 2
273 425
1 6 2
124 427
1 3 2
253 311
1 11 2
472 490
1 2 2
114 476
1 12 2
294 368
1 15 2
29 278
1 13 2
2 175
1 2 2
89 308
1 9 2
29 434
1 14 2
130 476
1 14 2
311 459
1 11 2
19 363
1 11 2
75 120
1 14 2
8 88
1 12 2
235 309
1 5 2
206 211
1 11 2
101 300
1 4 2
308 311
1 14 2
260 406
1 3 2
9 74
1 9 2
106 323
1 6 2
71 292
1 12 2
56 391
1 10 2
271 424
1 6 2
268 338
1 8 2
34 333
1 8 2
398 450
1 12 2
87 460
1 14 2
22 56
1 7 2
58 176
1 3 2
5 36
1 13 2
90 131
1 6 2
141 388
1 2 2
25 86
1 12 2
164 211
1 6 2
45 282
1 4 2
1 340
1 12 2
278 299
1 15 2
45 462
1 8 2
49 194
1 4 2
330 390
1 5 2
251 499
1 13 2
316 421
1 6 2
4 427
1 7 2
90 309
1 15 2
21 378
1 15 2
406 411
1 9 2
137 244
1 9 2
284 300
1 6 2
57 476
1 3 2
60 426
1 14 2
465 482
1 14 2
17 177
1 8 2
50 236
1 4 2
189 445
1 10 2
368 453
1 4 2
157 219
1 7 2
212 408
1 15 2
35 114
1 11 2
49 80
1 11 2
43 233
1 9 2
246 445
1 10 2
238 250
1 5 2
18 168
1 3 2
88 214
1 9 2
17 253
1 14 2
163 403
1 3 2
209 295
1 7 2
363 467
1 7 2
22 86
1 7 2
70 219
1 14 2
243 425
1 10 2
256 450
1 14 2
238 297
1 3 2
40 285
1 8 2
312 326
1 8 2
253 374
1 3 2
169 299
1 10 2
164 400
1 10 2
258 266
1 12 2
67 392
1 3 2
32 157
1 2 2
183 490
1 2 2
114 141
1 5 2
15 365
1 9 2
9 113
1 2 2
283 476
1 15 2
181 453
1 13 2
165 341
1 10 2
241 444
1 13 2
371 476
1 13 2
141 201
1 4 2
161 416
1 11 2
236 372
1 13 2
193 320
1 9 2
17 477
1 3 2
93 459
1 13 2
298 336
1 2 2
167 240
1 9 2
383 434
1 3 2
307 321
1 5 2
91 122
1 11 2
150 338
1 9 2
289 348
1 13 2
82 315
1 12 2
356 424
1 6 2
449 457
1 11 2
15 333
1 8 2
249 400
1 3 2
110 123
1 7 2
38 380
1 6 2
84 425
1 14 2
7 454
1 5 2
225 356
1 14 2
343 348
1 13 2
119 227
1 7 2
224 382
1 11 2
358 388
1 10 2
174 198
1 12 2
151 298
1 10 2
288 337
1 15 2
176 471
1 12 2
276 410
1 6 2
443 491
1 7 2
406 489
1 14 2
28 458
1 13 2
199 280
1 4 2
71 338
1 4 2
123 235
1 12 2
367 475
1 13 2
312 357
1 11 2
91 491
1 10 2
53 444
1 6 2
355 368
1 4 2
266 308
1 13 2
2 27
1 4 2
160 240
1 8 2
315 356
1 15 2
8 405
1 13 2
172 423
1 4 2
338 345
1 9 2
342 487
1 14 2
53 201
1 6 2
402 492
1 12 2
84 348
1 8 2
127 383
1 12 2
0 291
1 2 2
91 324
1 9 2
314 365
1 3 2
74 159
1 15 2
53 235
1 3 2
214 349
1 12 2
66 273
1 8 2
63 441
1 6 2
273 382
1 14 2
101 252
1 12 2
342 383
1 12 2
274 382
1 4 2
122 154
1 5 2
432 448
1 10 2
378 451
1 7 2
38 72
1 2 2
42 474
1 5 2
190 480
1 13 2
136 209
1 14 2
224 241
1 6 2
345 464
1 11 2
423 473
1 6 2
97 362
1 7 2
87 456
1 8 2
423 455
1 7 2
74 494
1 8 2
41 68
1 10 2
47 76
1 11 2
48 247
1 5 2
1 487
1 4 2
5 119
1 12 2
172 377
1 9 2
168 458
1 10 2
213 472
1 2 2
69 210
1 3 2
39 396
1 9 2
43 426
1 11 2
85 173
1 2 2
73 141
1 14 2
11 157
1 13 2
183 279
1 8 2
97 420
1 6 2
361 378
1 12 2
165 411
1 4 2
423 476
1 3 2
117 257
1 2 2
92 412
1 10 2
281 444
1 12 2
190 348
1 9 2
146 344
1 9 2
111 171
1 3 2
94 296
1 15 2
159 462
1 5 2
94 402
1 3 2
146 322
1 10 2
44 488
1 12 2
76 122
1 3 2
240 254
1 5 2
104 412
1 15 2
365 443
1 6 2
156 378
1 6 2
21 80
1 10 2
33 40
1 3 2
34 357
1 8 2
56 416
1 15 2
389 489
1 12 2
88 283
1 8 2
135 342
1 12 2
65 488
1 12 2
213 433
1 12 2
157 278
1 14 2
35 63
1 7 2
60 122
1 8 2
78 189
1 15 2
126 351
1 2 2
133 282
1 7 2
304 431
1 12 2
74 167
1 15 2
150 313
1 8 2
144 397
1 8 2
231 486
1 2 2
29 182
1 12 2
310 396
1 9 2
3 33
1 11 2
15 363
1 13 2
47 347
1 3 2
325 415
1 5 2
208 315
1 12 2
240 385
1 10 2
436 487
1 9 2
133 386
1 6 2
218 472
1 12 2
12 306
1 14 2
68 88
1 5 2
9 358
1 13 2
162 358
1 10 2
189 237
1 13 2
135 290
1 11 2
399 463
1 10 2
85 321
1 13 2
291 466
1 9 2
180 413
1 3 2
27 198
1 6 2
92 108
1 11 2
2 249
1 3 2
271 324
1 6 2
291 409
1 15 2
141 437
1 3 2
135 136
1 13 2
45 310
1 7 2
61 136
1 8 2
96 118
1 11 2
211 317
1 14 2
244 474
1 7 2
330 412
1 7 2
182 198
1 13 2
101 159
1 4 2
24 201
1 13 2
398 401
1 4 2
244 473
1 6 2
114 451
1 4 2
334 383
1 7 2
415 464
1 7 2
117 353
1 11 2
249 287
1 10 2
84 323
1 6 2
351 451
1 4 2
51 264
1 2 2
49 339
1 13 2
165 407
1 9 2
106 492
1 8 2
17 126
1 10 2
11 251
1 2 2
44 171
1 12 2
111 467
1 3 2
312 475
1 10 2
94 167
1 15 2
39 128
1 6 2
138 235
1 14 2
303 344
1 7 2
45 160
1 7 2
267 435
1 12 2
126 480
1 10 2
103 247
1 7 2
311 327
1 6 2
71 128
1 4 2
34 334
1 10 2
19 277
1 13 2
176 490
1 4 2
63 301
1 6 2
131 348
1 5 2
321 357
1 11 2
84 226
1 9 2
66 455
1 7 2
115 160
1 15 2
36 315
1 8 2
132 243
1 8 2
71 455
1 14 2
67 205
1 13 2
56 494
1 12 2
65 475
1 8 2
103 327
1 6 2
60 290
1 9 2
380 485
1 11 2
12 406
1 10 2
280 412
1 11 2
86 279
1 3 2
308 438
1 10 2
153 445
1 12 2
125 242
1 9 2
258 450
1 4 2
127 340
1 5 2
25 272
1 12 2
459 497
1 4 2
66 473
1 10 2
221 263
1 4 2
287 302
1 6 2
104 336
1 13 2
255 400
1 12 2
221 444
1 13 2
103 387
1 8 2
79 304
1 15 2
58 208
1 11 2
352 465
1 3 2
131 463
1 11 2
12 65
1 2 2
227 365
1 8 2
22 149
1 14 2
165 228
1 11 2
206 490
1 8 2
74 81
1 12 2
205 260
1 6 2
237 469
1 7 2
264 310
1 10 2
72 281
1 5 2
358 398
1 7 2
448 455
1 7 2
310 477
1 10 2
409 467
1 9 2
454 464
1 13 2
363 379
1 14 2
80 148
1 8 2
229 410
1 12 2
15 403
1 10 2
91 335
1 10 2
335 336
1 14 2
462 483
1 14 2
154 292
1 11 2
108 454
1 7 2
36 302
1 10 2
324 363
1 6 2
215 414
1 15 2
15 214
1 4 2
2 359
1 9 2
130 376
1 9 2
54 253
1 12 2
11 246
1 10 2
362 474
1 12 2
226 309
1 15 2
394 460
1 5 2
243 274
1 8 2
47 67
1 3 2
25 348
1 3 2
190 400
1 3 2
17 121
1 12 2
308 392
1 7 2
133 211
1 13 2
53 121
1 10 2
166 240
1 15 2
164 236
1 3 2
13 402
1 15 2
53 320
1 7 2
69 88
1 14 2
269 462
1 12 2
213 362
1 11 2
147 223
1 13 2
424 492
1 12 2
231 414
1 3 2
118 190
1 15 2
125 471
1 14 2
295 372
1 15 2
178 410
1 8 2
2 233
1 7 2
436 464
1 15 2
371 374
1 10 2
452 482
1 13 2
6 332
1 8 2
332 440
1 6 2
327 474
1 8 2
315 486
1 9 2
107 291
1 6 2
66 248
1 15 2
74 318
1 10 2
384 452
1 12 2
344 361
1 14 2
129 251
1 6 2
143 185
1 12 2
182 234
1 2 2
327 447
1 10 2
60 430
1 7 2
415 456
1 9 2
267 472
1 9 2
129 349
1 14 2
259 359
1 10 2
121 340
1 4 2
105 498
1 10 2
277 424
1 4 2
23 417
1 11 2
226 380
1 2 2
18 218
1 3 2
219 410
1 2 2
201 245
1 10 2
145 450
1 5 2
336 480
1 2 2
55 320
1 13 2
48 208
1 7 2
296 468
1 3 2
88 93
1 14 2
125 341
1 10 2
116 202
1 10 2
154 337
1 2 2
181 198
1 9 2
94 361
1 10 2
132 315
1 7 2
109 163
1 3 2
48 56
1 11 2
140 151
1 6 2
20 282
1 10 2
65 429
1 4 2
153 420
1 6 2
86 353
1 2 2
189 398
1 15 2
151 332
1 3 2
13 119
1 15 2
231 283
1 6 2
377 441
1 14 2
47 300
1 4 2
60 387
1 14 2
151 477
1 5 2
141 394
1 11 2
144 162
1 10 2
148 390
1 12 2
75 483
1 15 2
13 488
1 13 2
308 454
1 3 2
31 182
1 4 2
77 145
1 5 2
197 489
1 3 2
333 460
1 10 2
119 277
1 13 2
321 388
1 13 2
16 294
1 4 2
5 333
1 9 2
261 464
1 15 2
232 265
1 5 2
357 406
1 4 2
87 438
1 8 2
151 433
1 11 2
60 207
1 8 2
220 409
1 8 2
45 120
1 7 2
85 142
1 4 2
146 262
1 15 2
227 490
1 3 2
162 440
1 3 2
208 288
1 5 2
476 493
1 2 2
109 133
1 2 2
90 459
1 15 2
11 328
1 5 2
190 218
1 14 2
390 490
1 4 2
122 130
1 8 2
38 209
1 7 2
159 345
1 14 2
355 430
1 6 2
35 44
1 15 2
92 230
1 3 2
43 151
1 11 2
103 227
1 12 2
185 399
1 14 2
81 215
1 7 2
136 198
1 2 2
49 272
1 10 2
15 398
1 7 2
2 12
1 12 2
52 223
1 12 2
86 376
1 15 2
94 156
1 10 2
85 346
1 14 2
97 265
1 8 2
312 324
1 13 2
204 347
1 13 2
87 267
1 8 2
379 488
1 9 2
138 268
1 11 2
26 191
1 2 2
63 72
1 2 2
68 136
1 11 2
60 90
1 11 2
167 442
1 5 2
161 358
1 5 2
73 255
1 7 2
319 464
1 6 2
171 411
1 13 2
249 433
1 9 2
440 477
1 5 2
104 301
1 5 2
61 210
1 9 2
248 420
1 9 2
99 499
1 13 2
302 376
1 6 2
126 445
1 11 2
367 398
1 14 2
326 336
1 11 2
51 173
1 5 2
386 442
1 5 2
209 336
1 8 2
22 396
1 14 2
1 46
1 13 2
45 352
1 2 2
193 483
1 6 2
89 391
1 14 2
16 315
1 6 2
403 432
1 8 2
123 489
1 2 2
112 409
1 9 2
201 217
1 8 2
189 265
1 2 2
373 480
1 12 2
93 362
1 9 2
307 417
1 5 2
29 75
1 15 2
129 300
1 8 2
87 186
1 15 2
70 92
1 8 2
154 374
1 10 2
44 444
1 6 2
181 243
1 10 2
279 312
1 7 2
21 79
1 6 2
2 325
1 11 2
197 233
1 9 2
5 354
1 8 2
120 273
1 13 2
321 393
1 11 2
33 155
1 14 2
93 306
1 4 2
85 415
1 13 2
224 442
1 4 2
48 386
1 7 2
184 421
1 14 2
269 331
1 10 2
190 397
1 6 2
468 473
1 15 2
213 368
1 7 2
153 494
1 7 2
176 203
1 13 2
68 344
1 8 2
55 310
1 3 2
44 496
1 7 2
129 254
1 3 2
96 272
1 6 2
117 432
1 14 2
196 244
1 10 2
40 498
1 15 2
217 447
1 7 2
84 411
1 6 2
37 71
1 5 2
151 215
1 8 2
41 229
1 2 2
165 323
1 12 2
284 491
1 15 2
96 119
1 5 2
335 499
1 7 2
402 489
1 3 2
207 446
1 8 2
132 314
1 7 2
226 250
1 3 2
171 184
1 2 2
472 479
1 10 2
307 476
1 14 2
415 427
1 6 2
207 325
1 5 2
289 408
1 5 2
287 419
1 3 2
35 101
1 12 2
211 361
1 9 2
33 429
1 7 2
78 288
1 6 2
98 179
1 2 2
206 407
1 6 2
311 465
1 2 2
204 368
1 13 2
424 459
1 6 2
314 486
1 12 2
53 416
1 12 2
21 267
1 10 2
202 334
1 8 2
43 248
1 3 2
13 156
1 5 2
25 405
1 10 2
229 234
1 6 2
352 377
1 10 2
163 316
1 9 2
45 104
1 14 2
85 103
1 7 2
123 303
1 11 2
10 452
1 6 2
1 112
1 2 2
56 376
1 9 2
73 151
1 8 2
123 448
1 8 2
24 391
1 11 2
122 147
1 9 2
33 45
1 10 2
154 383
1 13 2
167 247
1 12 2
100 268
1 3 2
57 176
1 9 2
139 312
1 8 2
93 473
1 10 2
84 379
1 12 2
366 369
1 3 2
127 344
1 14 2
321 429
1 12 2
132 468
1 7 2
195 436
1 9 2
428 441
1 15 2
221 314
1 7 2
313 430
1 4 2
173 487
1 6 2
137 173
1 8 2
101 172
1 10 2
11 44
1 2 2
439 472
1 5 2
59 250
1 2 2
196 460
1 10 2
98 244
1 8 2
45 297
1 3 2
260 336
1 4 2
97 182
1 4 2
90 145
1 9 2
88 378
1 15 2
12 54
1 11 2
81 313
1 3 2
201 484
1 3 2
211 223
1 4 2
83 326
1 9 2
66 197
1 11 2
214 297
1 10 2
402 414
1 12 2
90 201
1 12 2
255 493
1 13 2
391 452
1 8 2
25 269
1 10 2
99 339
1 8 2
207 250
1 2 2
75 307
1 9 2
71 81
1 5 2
423 471
1 9 2
48 157
1 8 2
44 79
1 15 2
220 239
1 13 2
206 457
1 7 2
105 348
1 15 2
70 338
1 14 2
34 492
1 8 2
177 335
1 4 2
241 412
1 3 2
180 445
1 4 2
62 130
1 14 2
202 236
1 10 2
43 364
1 10 2
36 95
1 11 2
216 429
1 12 2
43 239
1 6 2
44 162
1 5 2
8 197
1 2 2
230 275
1 10 2
140 272
1 10 2
47 411
1 12 2
275 326
1 2 2
71 176
1 15 2
405 417
1 12 2
20 229
1 11 2
100 464
1 3 2
43 358
1 5 2
426 499
1 8 2
307 388
1 8 2
324 476
1 8 2
123 397
1 14 2
73 276
1 8 2
111 338
1 9 2
12 190
1 14 2
107 287
1 11 2
73 233
1 15 2
361 370
1 8 2
171 229
1 8 2
2 77
1 13 2
221 351
1 8 2
98 104
1 9 2
293 431
1 15 2
71 298
1 8 2
20 95
1 8 2
70 216
1 8 2
27 217
1 15 2
17 238
1 7 2
347 354
1 10 2
160 353
1 2 2
92 207
1 4 2
15 72
1 14 2
81 336
1 3 2
44 328
1 14 2
387 430
1 7 2
211 421
1 4 2
109 485
1 6 2
139 360
1 5 2
2 238
1 3 2
199 200
1 11 2
178 456
1 7 2
14 196
1 14 2
131 222
1 13 2
307 493
1 13 2
270 291
1 6 2
48 422
1 5 2
14 332
1 13 2
207 294
1 15 2
98 465
1 9 2
72 389
1 11 2
193 384
1 6 2
243 391
1 4 2
384 401
1 11 2
226 272
1 2 2
62 193
1 2 2
309 445
1 14 2
192 419
1 13 2
55 327
1 4 2
9 421
1 11 2
441 457
1 15 2
174 400
1 10 2
87 312
1 11 2
388 413
1 11 2
147 166
1 4 2
324 365
1 13 2
436 449
1 8 2
92 458
1 13 2
239 249
1 14 2
53 61
1 2 2
324 334
1 13 2
192 374
1 6 2
84 460
1 2 2
222 318
1 4 2
229 465
1 15 2
265 473
1 7 2
247 341
1 4 2
152 495
1 5 2
19 422
1 11 2
22 267
1 14 2
169 323
1 9 2
79 400
1 7 2
387 407
1 3 2
60 401
1 4 2
80 117
1 7 2
123 156
1 12 2
178 472
1 15 2
128 310
1 13 2
19 184
1 13 2
162 278
1 6 2
18 24
1 14 2
46 309
1 6 2
197 394
1 10 2
187 395
1 9 2
168 219
1 11 2
39 441
1 13 2
36 58
1 7 2
166 193
1 9 2
314 375
1 8 2
172 402
1 7 2
109 320
1 8 2
25 238
1 6 2
132 233
1 14 2
173 350
1 7 2
135 190
1 3 2
205 230
1 10 2
166 274
1 12 2
331 491
1 15 2
257 450
1 7 2
272 302
1 12 2
365 459
1 12 2
248 451
1 13 2
41 344
1 9 2
78 147
1 8 2
88 144
1 4 2
1 27
1 12 2
167 498
1 3 2
0 142
1 6 2
304 362
1 14 2
137 472
1 8 2
101 211
1 13 2
347 429
1 13 2
259 363
1 10 2
131 493
1 6 2
232 363
1 5 2
73 159
1 7 2
81 273
1 12 2
18 129
1 12 2
30 237
1 14 2
13 399
1 13 2
9 177
1 4 2
102 308
1 12 2
474 483
1 9 2
174 365
1 11 2
8 209
1 4 2
105 480
