500 3000 1500
15 22 18 10 11 8 17 22 7 20 19 18 9 10 15 10 20 20 23 10 11 14 24 5 11 12 5 18 16 7 18 7 21 8 13 14 6 6 19 23 6 6 25 8 5 7 15 9 8 21 8 16 12 19 10 13 6 15 12 19 6 17 16 13 12 7 17 16 25 19 16 24 19 11 21 14 7 14 12 7 8 24 7 16 6 24 12 15 13 6 15 24 24 6 8 23 25 9 19 16 12 22 15 23 12 23 5 6 7 15 14 13 23 5 10 9 20 15 23 13 6 21 9 21 12 12 25 11 7 23 15 24 8 15 17 16 22 13 7 10 8 8 8 25 10 22 11 21 13 7 8 19 12 22 17 24 24 15 12 19 23 11 16 17 14 12 13 13 18 21 13 24 19 6 15 23 9 17 18 21 22 18 5 13 24 7 8 10 24 6 22 19 5 18 9 14 5 20 12 15 9 22 14 5 8 8 17 7 13 5 6 5 6 7 22 20 25 18 14 9 22 23 17 18 13 12 18 23 7 8 10 12 18 5 9 16 9 18 25 7 20 23 19 13 7 14 9 15 17 22 19 5 24 8 14 16 21 19 15 12 10 9 25 20 19 13 18 23 20 22 25 17 15 20 10 14 22 5 24 16 5 12 13 20 8 9 23 18 20 7 9 10 25 21 18 22 16 21 19 16 13 21 6 15 22 20 15 8 15 13 7 8 9 21 16 7 22 6 24 17 20 25 25 16 17 10 10 19 7 25 16 20 14 16 25 8 23 13 25 16 13 8 8 20 6 21 10 22 24 20 16 22 18 8 11 5 22 17 20 14 23 5 25 21 11 19 15 17 21 23 24 10 20 22 7 18 14 11 6 17 24 17 10 24 5 6 12 21 21 18 20 22 5 23 10 11 23 12 23 18 25 25 20 19 15 15 12 15 10 21 9 9 23 24 10 16 18 13 13 5 7 13 20 5 19 9 18 19 5 10 12 15 24 7 14 25 24 18 6 10 22 15 24 19 16 8 9 18 19 8 23 25 5 22 14 6 14 15 17 23 25 15 18 7 5 13 5 13 19 11 22 5 17 8 16 9 20 10 6 13 15 7 20 11 20 6 14 22 25 24 10 22 8 15 15 25 5 21 21 25
10 10 20 3 5 8 16 4 12 16 15 19 18 14 12 18 6 13 4 5 14 7 7 13 9 5 19 4 5 15 12 16 4 17 4 17 18 19 13 3 18 15 17 16 6 5 14 15 3 19 20 7 8 6 4 20 18 15 8 15 5 16 8 3 19 5 14 5 17 10 10 3 14 18 6 4 18 9 3 14 18 14 3 15 10 5 19 15 7 7 12 8 8 4 3 4 7 15 9 9 17 11 7 11 18 16 6 14 14 9 20 5 4 8 10 6 8 5 18 20 20 13 14 12 16 18 4 6 19 6 8 9 12 12 3 11 16 17 8 8 15 17 15 10 8 10 5 13 10 18 15 3 6 7 3 4 6 12 20 12 13 20 6 7 4 7 18 7 16 17 20 10 10 5 14 5 3 15 20 6 7 4 9 9 16 15 18 19 20 15 16 3 16 4 7 3 10 5 11 15 16 7 20 10 9 19 14 11 15 10 18 11 15 9 11 8 17 16 13 16 20 16 17 15 16 16 10 4 12 3 13 6 15 3 12 15 13 11 9 7 18 9 7 15 5 15 17 20 15 14 18 20 10 4 17 4 13 15 15 7 8 8 11 5 7 20 20 12 3 14 4 16 12 5 11 20 10 15 12 4 9 12 16 3 5 18 6 11 5 12 5 18 6 13 17 11 3 8 9 20 19 14 18 11 5 11 11 17 13 15 9 3 12 12 6 9 20 17 5 8 19 13 12 5 19 3 8 4 5 14 13 20 10 7 6 16 14 13 13 3 10 15 7 9 5 17 17 13 5 9 15 8 10 4 11 13 15 20 8 19 3 3 10 19 15 8 7 15 8 17 8 17 12 16 18 12 13 8 7 4 20 10 11 3 19 19 13 20 16 10 7 5 10 18 11 16 14 17 11 3 3 6 17 19 10 17 15 5 5 14 6 9 13 3 9 3 14 20 8 20 20 14 4 7 13 6 13 17 7 19 4 4 8 18 19 13 6 5 4 20 16 11 16 19 19 17 8 8 12 18 12 8 15 19 5 16 9 18 19 10 20 18 12 3 5 7 16 5 19 19 3 19 20 15 19 9 16 13 9 16 20 14 18 19 12 6 5 6 12 16 13 5 15 10 11 6 12 12 19 18
1 13 2
18 180
1 9 2
326 329
1 2 2
119 438
1 13 2
215 297
1 4 2
348 484
1 8 2
14 153
1 4 2
45 435
1 7 2
163 274
1 11 2
47 184
1 3 2
29 223
1 2 2
375 481
1 8 2
48 186
1 7 2
14 316
1 14 2
248 327
1 9 2
264 266
1 10 2
164 350
1 10 2
295 474
1 14 2
52 156
1 2 2
78 164
1 15 2
267 493
1 6 2
144 423
1 8 2
189 464
1 13 2
166 174
1 15 2
84 322
1 13 2
131 489
1 8 2
179 456
1 5 2
179 481
1 6 2
428 493
1 13 2
0 181
1 4 2
149 313
1 6 2
287 372
1 15 2
119 375
1 6 2
19 387
1 13 2
28 163
1 11 2
79 389
1 4 2
327 381
1 14 2
290 497
1 4 2
284 449
1 6 2
67 200
1 8 2
77 146
1 12 2
0 141
1 14 2
324 432
1 10 2
247 420
1 6 2
58 329
1 7 2
395 438
1 10 2
231 368
1 11 2
41 298
1 7 2
92 293
1 4 2
150 271
1 12 2
109 189
1 8 2
36 354
1 4 2
116 423
1 13 2
7 150
1 6 2
148 476
1 11 2
11 152
1 10 2
67 446
1 10 2
407 425
1 5 2
261 403
1 15 2
13 391
1 14 2
152 159
1 6 2
35 40
1 3 2
273 344
1 6 2
25 237
1 3 2
129 322
1 13 2
115 279
1 13 2
174 413
1 11 2
1 145
1 5 2
116 474
1 7 2
83 467
1 14 2
206 215
1 6 2
367 444
1 12 2
153 221
1 11 2
269 492
1 5 2
340 377
1 10 2
75 455
1 6 2
263 398
1 14 2
478 491
1 10 2
146 453
1 2 2
131 200
1 7 2
96 277
1 2 2
349 482
1 14 2
125 224
1 7 2
409 419
1 4 2
128 132
1 5 2
213 432
1 13 2
72 469
1 15 2
134 263
1 9 2
406 443
1 6 2
219 360
1 10 2
389 469
1 9 2
0 294
1 5 2
72 222
1 9 2
256 327
1 5 2
44 386
1 12 2
105 403
1 4 2
40 296
1 9 2
51 455
1 5 2
147 308
1 9 2
67 188
1 7 2
390 423
1 6 2
152 356
1 4 2
79 275
1 5 2
232 298
1 2 2
109 385
1 7 2
164 325
1 13 2
263 414
1 5 2
218 237
1 9 2
310 424
1 8 2
5 331
1 12 2
124 389
1 6 2
193 486
1 8 2
421 479
1 3 2
347 355
1 4 2
282 435
1 10 2
105 193
1 15 2
63 452
1 13 2
202 270
1 9 2
93 375
1 12 2
313 328
1 14 2
251 267
1 12 2
276 329
1 11 2
284 452
1 4 2
10 440
1 15 2
107 340
1 10 2
216 318
1 6 2
34 221
1 12 2
136 248
1 10 2
225 433
1 6 2
232 291
1 9 2
82 492
1 13 2
344 373
1 13 2
288 310
1 8 2
9 130
1 8 2
382 458
1 5 2
125 497
1 14 2
87 295
1 7 2
240 458
1 15 2
127 497
1 9 2
97 341
1 14 2
80 345
1 12 2
83 375
1 14 2
243 377
1 10 2
61 278
1 14 2
287 494
1 15 2
301 451
1 14 2
304 367
1 12 2
130 397
1 11 2
249 329
1 12 2
146 406
1 12 2
236 487
1 9 2
220 471
1 15 2
48 282
1 6 2
123 155
1 9 2
361 419
1 4 2
290 402
1 7 2
8 440
1 9 2
243 485
1 2 2
246 484
1 9 2
116 475
1 7 2
280 399
1 14 2
83 283
1 10 2
261 465
1 3 2
283 442
1 15 2
52 332
1 9 2
48 386
1 3 2
263 437
1 9 2
290 338
1 15 2
79 366
1 12 2
21 79
1 5 2
111 315
1 2 2
91 424
1 2 2
412 441
1 11 2
276 357
1 11 2
27 85
1 3 2
406 487
1 12 2
77 334
1 14 2
25 449
1 6 2
142 186
1 5 2
244 445
1 10 2
359 434
1 6 2
5 456
1 13 2
171 253
1 4 2
132 470
1 13 2
98 142
1 8 2
198 239
1 7 2
224 391
1 4 2
372 468
1 2 2
358 386
1 4 2
229 299
1 5 2
31 158
1 6 2
52 469
1 11 2
245 439
1 6 2
18 259
1 7 2
215 484
1 5 2
100 188
1 12 2
10 466
1 3 2
307 483
1 3 2
143 388
1 5 2
276 496
1 12 2
306 324
1 8 2
215 299
1 12 2
228 293
1 7 2
113 476
1 3 2
67 92
1 14 2
278 342
1 11 2
336 469
1 6 2
195 365
1 14 2
139 415
1 8 2
272 440
1 6 2
67 242
1 7 2
175 232
1 10 2
93 482
1 13 2
1 154
1 9 2
57 227
1 5 2
10 89
1 9 2
150 452
1 10 2
215 335
1 12 2
128 236
1 2 2
119 339
1 2 2
84 177
1 13 2
65 378
1 10 2
458 479
1 7 2
350 418
1 6 2
322 328
1 5 2
221 347
1 9 2
128 450
1 4 2
136 389
1 15 2
142 405
1 10 2
155 278
1 5 2
131 212
1 15 2
0 393
1 12 2
43 384
1 14 2
358 388
1 5 2
276 419
1 6 2
349 381
1 15 2
40 118
1 8 2
248 423
1 14 2
64 251
1 4 2
322 483
1 6 2
426 454
1 9 2
36 489
1 6 2
66 261
1 11 2
64 271
1 2 2
68 141
1 10 2
206 407
1 5 2
99 267
1 15 2
11 289
1 2 2
116 443
1 6 2
35 445
1 3 2
57 104
1 9 2
214 318
1 7 2
285 347
1 5 2
270 365
1 8 2
187 256
1 12 2
322 416
1 4 2
112 364
1 7 2
249 442
1 15 2
243 359
1 14 2
113 454
1 2 2
367 447
1 2 2
5 54
1 3 2
362 400
1 3 2
29 297
1 13 2
198 285
1 4 2
201 277
1 5 2
374 381
1 8 2
103 159
1 3 2
45 116
1 15 2
58 128
1 11 2
414 488
1 14 2
314 421
1 13 2
156 487
1 13 2
109 204
1 4 2
32 64
1 5 2
104 394
1 11 2
392 478
1 4 2
209 484
1 11 2
133 410
1 11 2
264 459
1 2 2
38 139
1 13 2
343 381
1 5 2
57 120
1 3 2
221 437
1 10 2
397 404
1 12 2
293 459
1 6 2
2 64
1 14 2
201 238
1 7 2
76 121
1 5 2
103 357
1 13 2
108 308
1 11 2
7 356
1 6 2
455 475
1 14 2
385 488
1 15 2
136 497
1 8 2
115 306
1 9 2
86 188
1 15 2
119 313
1 11 2
96 338
1 9 2
244 357
1 14 2
131 291
1 7 2
20 414
1 4 2
2 283
1 10 2
327 371
1 7 2
224 485
1 8 2
119 157
1 14 2
390 420
1 5 2
198 264
1 2 2
93 494
1 15 2
261 302
1 11 2
16 229
1 10 2
192 263
1 13 2
303 406
1 3 2
78 295
1 11 2
236 361
1 2 2
112 136
1 7 2
41 260
1 9 2
214 256
1 6 2
47 233
1 5 2
59 270
1 11 2
26 334
1 10 2
316 323
1 5 2
343 418
1 13 2
304 380
1 14 2
150 335
1 6 2
115 142
1 7 2
209 277
1 3 2
293 490
1 8 2
178 340
1 4 2
250 278
1 2 2
77 471
1 14 2
100 292
1 7 2
39 478
1 9 2
362 464
1 10 2
231 355
1 12 2
287 435
1 6 2
23 212
1 2 2
75 160
1 6 2
89 334
1 3 2
311 490
1 10 2
86 319
1 12 2
66 358
1 6 2
87 448
1 5 2
76 227
1 9 2
46 186
1 9 2
299 327
1 11 2
215 223
1 12 2
236 427
1 7 2
68 365
1 10 2
249 290
1 2 2
67 160
1 12 2
239 438
1 12 2
180 234
1 4 2
410 436
1 13 2
129 448
1 11 2
374 494
1 4 2
161 246
1 2 2
126 286
1 15 2
50 498
1 9 2
248 426
1 8 2
127 479
1 13 2
43 280
1 12 2
80 463
1 12 2
268 452
1 10 2
48 480
1 8 2
98 416
1 2 2
73 200
1 9 2
6 12
1 10 2
312 400
1 12 2
114 156
1 14 2
183 215
1 12 2
411 422
1 5 2
16 460
1 7 2
147 483
1 4 2
222 440
1 14 2
257 433
1 2 2
157 216
1 13 2
232 258
1 7 2
146 448
1 10 2
58 120
1 11 2
138 294
1 13 2
32 207
1 12 2
51 305
1 10 2
3 489
1 8 2
26 439
1 14 2
111 300
1 15 2
138 276
1 14 2
276 327
1 5 2
1 174
1 10 2
2 362
1 4 2
121 254
1 2 2
67 248
1 7 2
62 336
1 10 2
129 446
1 8 2
377 445
1 7 2
120 211
1 7 2
125 456
1 3 2
74 447
1 11 2
217 475
1 15 2
46 61
1 10 2
16 37
1 3 2
245 440
1 12 2
125 486
1 2 2
368 476
1 8 2
157 398
1 13 2
105 357
1 5 2
228 352
1 2 2
169 229
1 2 2
199 439
1 5 2
23 287
1 9 2
455 499
1 7 2
266 291
1 10 2
308 487
1 6 2
58 341
1 15 2
173 258
1 14 2
185 491
1 8 2
178 263
1 5 2
217 461
1 5 2
220 390
1 5 2
162 223
1 6 2
0 467
1 11 2
302 441
1 11 2
38 101
1 12 2
76 349
1 8 2
147 202
1 2 2
274 303
1 5 2
69 149
1 14 2
274 395
1 11 2
59 159
1 13 2
203 425
1 10 2
247 409
1 7 2
51 160
1 7 2
341 462
1 14 2
33 300
1 8 2
128 274
1 10 2
192 210
1 7 2
120 286
1 4 2
354 485
1 2 2
339 481
1 5 2
330 463
1 7 2
88 94
1 10 2
274 417
1 15 2
51 427
1 8 2
114 321
1 9 2
239 439
1 7 2
414 482
1 8 2
57 100
1 4 2
8 480
1 11 2
1 409
1 13 2
27 100
1 13 2
214 253
1 14 2
18 383
1 9 2
316 432
1 11 2
207 258
1 10 2
12 277
1 7 2
78 186
1 10 2
14 470
1 10 2
117 270
1 4 2
87 194
1 7 2
241 444
1 5 2
214 458
1 8 2
157 465
1 15 2
241 492
1 8 2
334 393
1 3 2
351 390
1 7 2
125 348
1 10 2
46 159
1 8 2
3 253
1 4 2
207 375
1 5 2
116 227
1 15 2
191 236
1 4 2
187 318
1 13 2
118 360
1 11 2
18 244
1 12 2
84 101
1 14 2
37 326
1 7 2
79 465
1 5 2
152 252
1 15 2
153 446
1 7 2
158 233
1 15 2
177 481
1 9 2
163 333
1 8 2
224 244
1 6 2
74 143
1 2 2
162 248
1 11 2
15 478
1 6 2
377 494
1 8 2
235 265
1 12 2
220 408
1 15 2
138 229
1 10 2
201 374
1 14 2
460 480
1 15 2
320 453
1 15 2
74 375
1 15 2
297 425
1 9 2
24 452
1 8 2
119 306
1 14 2
90 392
1 7 2
157 389
1 12 2
28 79
1 4 2
108 175
1 12 2
222 243
1 7 2
78 349
1 15 2
315 339
1 6 2
288 322
1 13 2
106 493
1 2 2
181 217
1 10 2
19 118
1 10 2
50 349
1 2 2
296 385
1 2 2
168 347
1 2 2
424 455
1 8 2
69 437
1 4 2
118 214
1 3 2
105 201
1 15 2
33 270
1 8 2
29 191
1 12 2
153 364
1 7 2
129 468
1 11 2
363 438
1 3 2
188 285
1 6 2
21 359
1 5 2
285 433
1 2 2
32 246
1 4 2
264 491
1 9 2
397 398
1 10 2
346 447
1 3 2
60 145
1 13 2
115 432
1 15 2
401 426
1 9 2
152 345
1 7 2
272 469
1 4 2
242 415
1 4 2
205 390
1 7 2
6 225
1 5 2
18 58
1 12 2
8 92
1 3 2
304 435
1 7 2
316 483
1 5 2
138 257
1 7 2
29 408
1 10 2
418 491
1 11 2
347 475
1 8 2
122 411
1 5 2
275 461
1 7 2
285 471
1 2 2
70 368
1 14 2
77 249
1 15 2
53 370
1 14 2
202 209
1 6 2
221 407
1 13 2
318 360
1 13 2
170 280
1 13 2
324 357
1 13 2
272 382
1 5 2
236 391
1 4 2
6 461
1 8 2
246 309
1 12 2
199 446
1 3 2
78 286
1 12 2
35 99
1 8 2
285 368
1 12 2
388 414
1 6 2
122 430
1 4 2
69 233
1 12 2
17 287
1 12 2
45 328
1 11 2
37 42
1 8 2
66 340
1 14 2
67 462
1 3 2
119 489
1 10 2
134 352
1 6 2
135 429
1 13 2
258 335
1 10 2
348 462
1 5 2
325 481
1 14 2
249 287
1 3 2
142 465
1 15 2
295 341
1 4 2
185 435
1 6 2
62 83
1 13 2
43 451
1 14 2
21 74
1 2 2
75 376
1 10 2
14 392
1 15 2
66 350
1 15 2
240 499
1 15 2
325 384
1 10 2
70 120
1 3 2
87 285
1 6 2
366 403
1 12 2
201 464
1 3 2
292 343
1 14 2
19 391
1 7 2
29 284
1 8 2
32 409
1 15 2
1 230
1 9 2
11 263
1 15 2
183 288
1 12 2
111 379
1 14 2
233 247
1 9 2
118 295
1 14 2
25 169
1 4 2
70 406
1 10 2
342 429
1 8 2
200 310
1 4 2
248 258
1 8 2
145 412
1 3 2
328 417
1 15 2
236 314
1 3 2
154 386
1 9 2
34 239
1 10 2
107 344
1 7 2
159 482
1 6 2
133 167
1 8 2
149 334
1 8 2
121 393
1 5 2
254 377
1 10 2
90 194
1 8 2
86 364
1 9 2
133 139
1 6 2
193 469
1 3 2
236 472
1 5 2
24 346
1 10 2
283 294
1 12 2
332 408
1 15 2
218 410
1 3 2
59 249
1 11 2
376 476
1 4 2
317 334
1 7 2
418 471
1 13 2
21 223
1 9 2
6 375
1 5 2
108 470
1 9 2
165 306
1 2 2
222 406
1 6 2
130 157
1 5 2
181 358
1 6 2
135 447
1 4 2
81 395
1 12 2
265 365
1 4 2
71 280
1 8 2
130 376
1 14 2
333 478
1 4 2
17 145
1 7 2
415 466
1 10 2
354 459
1 9 2
74 461
1 3 2
309 335
1 11 2
253 346
1 13 2
183 334
1 7 2
1 27
1 6 2
44 128
1 11 2
20 402
1 6 2
53 345
1 10 2
395 442
1 15 2
444 488
1 13 2
178 343
1 11 2
352 471
1 6 2
48 245
1 4 2
213 498
1 6 2
5 87
1 13 2
91 374
1 14 2
371 389
1 7 2
110 200
1 5 2
362 432
1 7 2
91 107
1 7 2
240 496
1 10 2
101 305
1 8 2
63 455
1 2 2
48 189
1 9 2
397 481
1 12 2
295 400
1 15 2
108 465
1 6 2
173 440
1 3 2
282 496
1 8 2
221 450
1 6 2
139 351
1 9 2
299 473
1 11 2
266 415
1 7 2
76 440
1 8 2
5 233
1 9 2
270 344
1 12 2
272 398
1 11 2
217 401
1 14 2
54 414
1 4 2
345 398
1 10 2
135 302
1 9 2
189 275
1 14 2
54 496
1 8 2
155 320
1 14 2
48 275
1 8 2
52 448
1 13 2
185 470
1 6 2
292 491
1 4 2
202 229
1 8 2
353 413
1 10 2
10 183
1 5 2
71 305
1 3 2
58 154
1 7 2
261 378
1 7 2
0 268
1 5 2
126 355
1 9 2
200 234
1 11 2
338 468
1 10 2
222 254
1 10 2
280 490
1 14 2
154 316
1 14 2
224 307
1 14 2
53 368
1 8 2
364 396
1 11 2
94 358
1 7 2
40 439
1 10 2
331 463
1 11 2
196 344
1 11 2
91 256
1 9 2
163 341
1 8 2
140 268
1 2 2
226 307
1 10 2
40 195
1 15 2
305 484
1 9 2
69 378
1 12 2
89 294
1 14 2
355 404
1 3 2
191 354
1 14 2
469 483
1 12 2
216 266
1 10 2
281 489
1 12 2
44 224
1 5 2
201 243
1 13 2
284 355
1 10 2
367 435
1 6 2
150 319
1 2 2
154 233
1 8 2
283 301
1 12 2
363 450
1 10 2
52 471
1 7 2
2 23
1 6 2
236 308
1 3 2
0 245
1 8 2
233 341
1 10 2
12 186
1 15 2
68 436
1 10 2
37 239
1 9 2
242 287
1 3 2
66 288
1 4 2
223 436
1 12 2
69 329
1 9 2
233 398
1 9 2
179 318
1 12 2
238 428
1 12 2
66 454
1 14 2
213 481
1 13 2
198 241
1 9 2
165 172
1 9 2
82 378
1 12 2
328 392
1 3 2
102 469
1 15 2
29 110
1 4 2
152 236
1 13 2
167 392
1 5 2
41 389
1 3 2
282 480
1 7 2
383 469
1 5 2
47 59
1 5 2
224 466
1 6 2
27 333
1 14 2
80 377
1 8 2
486 496
1 14 2
211 295
1 4 2
29 243
1 10 2
156 318
1 11 2
37 83
1 2 2
54 81
1 11 2
64 164
1 4 2
372 393
1 7 2
396 445
1 13 2
27 265
1 8 2
56 337
1 10 2
77 191
1 4 2
287 495
1 3 2
303 363
1 14 2
270 406
1 11 2
59 478
1 13 2
254 496
1 14 2
79 264
1 7 2
289 424
1 7 2
166 302
1 14 2
336 402
1 10 2
60 493
1 15 2
91 372
1 10 2
39 119
1 2 2
157 203
1 10 2
152 306
1 9 2
117 187
1 15 2
56 269
1 6 2
106 482
1 13 2
47 115
1 2 2
98 389
1 3 2
142 188
1 12 2
152 333
1 5 2
350 354
1 3 2
120 306
1 5 2
333 419
1 7 2
74 121
1 9 2
197 269
1 15 2
280 327
1 12 2
112 414
1 6 2
3 214
1 11 2
211 373
1 13 2
121 181
1 13 2
127 228
1 6 2
412 467
1 14 2
52 386
1 12 2
257 416
1 15 2
266 426
1 14 2
450 487
1 9 2
68 297
1 15 2
194 215
1 15 2
16 159
1 12 2
78 342
1 10 2
474 479
1 2 2
87 449
1 5 2
69 478
1 11 2
381 466
1 14 2
356 372
1 4 2
260 446
1 2 2
429 455
1 11 2
241 399
1 10 2
171 390
1 4 2
192 242
1 12 2
65 295
1 6 2
200 341
1 12 2
10 490
1 14 2
30 220
1 10 2
61 419
1 15 2
90 474
1 7 2
95 371
1 14 2
224 326
1 9 2
298 372
1 5 2
365 473
1 15 2
241 322
1 12 2
133 377
1 12 2
362 430
1 12 2
3 60
1 11 2
44 101
1 13 2
36 499
1 4 2
113 394
1 5 2
6 231
1 15 2
4 190
1 5 2
217 291
1 13 2
199 271
1 13 2
225 319
1 11 2
104 425
1 5 2
7 163
1 12 2
99 424
1 10 2
63 133
1 13 2
101 430
1 5 2
72 397
1 4 2
222 415
1 2 2
267 398
1 4 2
35 481
1 9 2
230 428
1 11 2
104 397
1 12 2
33 35
1 3 2
230 250
1 9 2
167 443
1 12 2
296 406
1 7 2
198 495
1 12 2
330 364
1 3 2
352 397
1 12 2
229 407
1 6 2
115 486
1 5 2
185 291
1 14 2
396 452
1 10 2
274 275
1 6 2
335 383
1 5 2
93 350
1 15 2
410 439
1 13 2
19 440
1 12 2
287 496
1 15 2
74 161
1 9 2
243 372
1 8 2
369 404
1 8 2
27 47
1 3 2
303 374
1 9 2
391 415
1 2 2
25 141
1 3 2
139 489
1 5 2
73 106
1 2 2
114 392
1 15 2
108 326
1 8 2
314 424
1 10 2
67 219
1 9 2
487 498
1 13 2
427 480
1 15 2
196 227
1 13 2
131 307
1 10 2
286 323
1 3 2
98 496
1 2 2
82 435
1 13 2
19 125
1 2 2
149 222
1 6 2
260 310
1 5 2
238 253
1 5 2
3 13
1 8 2
77 125
1 14 2
136 207
1 4 2
144 453
1 12 2
197 226
1 15 2
78 82
1 5 2
211 393
1 4 2
390 405
1 6 2
174 179
1 2 2
122 357
1 3 2
80 386
1 7 2
373 417
1 5 2
245 415
1 6 2
112 125
1 7 2
211 267
1 15 2
226 320
1 14 2
71 342
1 8 2
191 313
1 9 2
133 266
1 8 2
32 332
1 3 2
51 379
1 10 2
10 458
1 10 2
300 449
1 9 2
3 11
1 10 2
203 384
1 14 2
63 100
1 12 2
309 475
1 15 2
236 244
1 13 2
224 437
1 10 2
24 399
1 15 2
128 257
1 5 2
126 189
1 13 2
64 361
1 7 2
219 356
1 10 2
259 357
1 8 2
21 296
1 2 2
173 240
1 15 2
450 453
1 13 2
24 469
1 5 2
96 336
1 5 2
385 465
1 14 2
172 309
1 3 2
7 199
1 13 2
139 198
1 6 2
116 326
1 13 2
246 436
1 9 2
78 153
1 13 2
399 465
1 12 2
289 322
1 14 2
45 68
1 2 2
57 177
1 3 2
264 385
1 15 2
187 496
1 7 2
116 449
1 9 2
355 409
1 15 2
198 263
1 2 2
73 455
1 11 2
34 412
1 6 2
298 386
1 12 2
17 299
1 9 2
50 360
1 2 2
149 371
1 8 2
0 147
1 15 2
47 399
1 7 2
209 239
1 2 2
231 468
1 12 2
138 260
1 3 2
123 327
1 4 2
216 219
1 4 2
71 271
1 10 2
19 335
1 10 2
196 213
1 5 2
229 277
1 9 2
85 388
1 5 2
340 435
1 6 2
216 221
1 3 2
404 489
1 10 2
211 428
1 12 2
54 167
1 12 2
287 486
1 12 2
39 468
1 8 2
249 477
1 8 2
132 186
1 5 2
11 24
1 7 2
139 472
1 3 2
71 228
1 5 2
105 164
1 13 2
116 494
1 11 2
12 173
1 7 2
83 425
1 2 2
70 242
1 14 2
254 266
1 2 2
41 108
1 7 2
82 332
1 2 2
49 240
1 3 2
63 410
1 11 2
71 95
1 12 2
310 485
1 4 2
418 441
1 15 2
22 120
1 4 2
19 94
1 4 2
355 465
1 12 2
178 478
1 7 2
155 198
1 4 2
215 292
1 5 2
449 477
1 14 2
313 486
1 6 2
141 473
1 4 2
213 216
1 14 2
61 344
1 3 2
288 449
1 11 2
265 473
1 9 2
108 477
1 4 2
28 386
1 10 2
90 423
1 2 2
55 349
1 6 2
79 384
1 9 2
85 280
1 12 2
328 430
1 11 2
211 385
1 7 2
423 430
1 2 2
4 189
1 14 2
296 340
1 9 2
213 317
1 10 2
108 271
1 8 2
223 406
1 10 2
256 349
1 4 2
436 449
1 5 2
82 406
1 5 2
145 459
1 3 2
350 425
1 4 2
34 44
1 9 2
317 383
1 9 2
44 488
1 2 2
61 383
1 13 2
98 359
1 4 2
292 396
1 6 2
62 442
1 13 2
407 447
1 4 2
22 358
1 6 2
28 499
1 2 2
461 477
1 4 2
184 189
1 4 2
460 483
1 11 2
177 469
1 6 2
103 217
1 11 2
340 360
1 12 2
91 134
1 2 2
332 440
1 15 2
122 202
1 5 2
402 434
1 6 2
347 473
1 4 2
108 484
1 8 2
94 142
1 10 2
51 371
1 8 2
280 425
1 8 2
196 402
1 14 2
38 42
1 11 2
155 472
1 4 2
110 121
1 4 2
42 95
1 6 2
75 244
1 5 2
216 328
1 10 2
158 265
1 15 2
331 357
1 12 2
335 475
1 13 2
12 382
1 3 2
85 481
1 13 2
125 415
1 10 2
13 30
1 13 2
64 482
1 3 2
210 274
1 14 2
196 293
1 5 2
141 411
1 14 2
72 205
1 6 2
405 445
1 15 2
6 426
1 10 2
388 410
1 2 2
174 202
1 11 2
101 493
1 6 2
231 248
1 5 2
309 310
1 13 2
179 286
1 11 2
406 461
1 9 2
28 166
1 4 2
140 246
1 13 2
348 470
1 3 2
221 275
1 6 2
112 393
1 13 2
149 385
1 14 2
40 453
1 2 2
264 449
1 13 2
123 219
1 4 2
6 405
1 12 2
372 472
1 4 2
9 193
1 10 2
133 343
1 13 2
67 389
1 6 2
111 191
1 3 2
98 408
1 5 2
321 492
1 5 2
53 474
1 13 2
288 296
1 12 2
303 447
1 7 2
157 308
1 2 2
263 477
1 7 2
18 460
1 8 2
13 402
1 14 2
412 485
1 7 2
111 453
1 7 2
141 280
1 9 2
100 313
1 13 2
160 428
1 10 2
77 254
1 12 2
177 309
1 8 2
125 176
1 10 2
309 459
1 13 2
133 305
1 6 2
334 494
1 9 2
305 361
1 2 2
67 88
1 12 2
190 444
1 13 2
194 339
1 14 2
394 463
1 9 2
286 308
1 2 2
140 183
1 13 2
73 352
1 2 2
57 178
1 2 2
322 329
1 12 2
271 486
1 3 2
277 293
1 14 2
144 312
1 10 2
177 363
1 12 2
154 405
1 2 2
215 382
1 9 2
89 376
1 11 2
309 418
1 4 2
241 414
1 6 2
301 465
1 13 2
256 495
1 14 2
8 141
1 10 2
54 141
1 14 2
5 161
1 5 2
220 336
1 9 2
243 283
1 7 2
137 238
1 6 2
212 450
1 2 2
280 378
1 3 2
238 347
1 2 2
72 193
1 8 2
41 307
1 7 2
368 491
1 13 2
155 250
1 4 2
100 470
1 8 2
304 393
1 2 2
161 194
1 11 2
132 139
1 8 2
98 473
1 12 2
86 428
1 13 2
14 102
1 11 2
105 489
1 6 2
242 381
1 4 2
114 143
1 3 2
48 469
1 15 2
227 310
1 3 2
139 469
1 14 2
386 419
1 10 2
278 414
1 4 2
109 239
1 8 2
130 143
1 14 2
208 222
1 3 2
100 291
1 13 2
49 258
1 13 2
14 326
1 9 2
147 375
1 12 2
177 368
1 11 2
0 436
1 10 2
132 299
1 5 2
377 476
1 3 2
13 414
1 11 2
22 319
1 9 2
81 479
1 15 2
112 131
1 6 2
62 149
1 8 2
51 462
1 5 2
125 237
1 3 2
216 329
1 10 2
138 380
1 12 2
188 488
1 7 2
365 482
1 14 2
334 435
1 6 2
90 263
1 15 2
55 236
1 6 2
207 344
1 2 2
111 158
1 6 2
485 496
1 2 2
194 480
1 7 2
62 69
1 6 2
18 294
1 15 2
150 185
1 15 2
221 297
1 7 2
37 496
1 6 2
177 376
1 5 2
63 130
1 7 2
221 301
1 7 2
148 183
1 11 2
143 286
1 2 2
202 395
1 11 2
16 230
1 7 2
0 259
1 9 2
100 450
1 15 2
431 443
1 6 2
144 165
1 2 2
81 266
1 9 2
108 444
1 2 2
166 360
1 9 2
191 416
1 15 2
47 173
1 9 2
319 430
1 9 2
199 328
1 3 2
263 430
1 4 2
82 241
1 15 2
34 46
1 7 2
236 435
1 7 2
333 359
1 8 2
212 400
1 3 2
245 411
1 11 2
169 414
1 4 2
165 325
1 12 2
466 493
1 6 2
264 464
1 10 2
203 309
1 5 2
37 435
1 3 2
366 494
1 3 2
16 80
1 7 2
107 200
1 7 2
364 390
1 8 2
79 132
1 12 2
13 139
1 7 2
170 289
1 6 2
85 186
1 6 2
77 308
1 13 2
260 424
1 5 2
109 197
1 9 2
274 479
1 2 2
84 104
1 11 2
68 181
1 10 2
218 330
1 13 2
208 488
1 9 2
26 245
1 13 2
105 466
1 5 2
402 484
1 2 2
37 150
1 2 2
10 233
1 3 2
194 252
1 11 2
208 371
1 15 2
56 387
1 8 2
139 395
1 3 2
237 334
1 7 2
160 330
1 2 2
443 499
1 7 2
197 219
1 9 2
29 106
1 9 2
363 390
1 12 2
147 450
1 6 2
120 440
1 15 2
234 382
1 3 2
28 55
1 7 2
272 331
1 7 2
267 312
1 13 2
86 332
1 6 2
252 341
1 9 2
212 345
1 14 2
439 446
1 14 2
110 261
1 11 2
114 436
1 15 2
30 217
1 7 2
130 215
1 3 2
179 182
1 10 2
94 429
1 7 2
30 410
1 4 2
73 166
1 8 2
336 452
1 2 2
179 247
1 14 2
190 204
1 4 2
189 416
1 4 2
186 369
1 9 2
255 480
1 4 2
395 410
1 13 2
120 297
1 2 2
83 462
1 13 2
243 451
1 10 2
4 296
1 2 2
173 498
1 3 2
30 496
1 9 2
146 421
1 13 2
54 390
1 4 2
412 419
1 10 2
206 274
1 9 2
73 301
1 15 2
107 123
1 11 2
249 338
1 13 2
383 464
1 10 2
190 356
1 5 2
381 465
1 7 2
155 234
1 4 2
359 432
1 2 2
41 478
1 15 2
45 451
1 6 2
336 499
1 15 2
277 400
1 7 2
202 339
1 12 2
231 338
1 5 2
75 81
1 2 2
301 317
1 4 2
6 340
1 9 2
97 489
1 5 2
122 198
1 6 2
399 445
1 13 2
247 279
1 11 2
251 417
1 6 2
247 473
1 15 2
194 472
1 13 2
157 443
1 5 2
23 71
1 4 2
86 371
1 7 2
187 197
1 13 2
281 391
1 14 2
128 473
1 15 2
39 374
1 10 2
315 425
1 14 2
48 92
1 8 2
5 443
1 2 2
206 337
1 9 2
37 347
1 7 2
121 300
1 4 2
409 439
1 2 2
50 147
1 12 2
369 497
1 9 2
2 59
1 9 2
314 384
1 4 2
87 375
1 9 2
191 497
1 5 2
274 387
1 6 2
28 102
1 14 2
20 339
1 5 2
143 160
1 6 2
48 283
1 5 2
250 300
1 11 2
173 474
1 4 2
236 307
1 11 2
239 336
1 9 2
106 410
1 6 2
43 115
1 7 2
383 474
1 9 2
1 189
1 4 2
21 142
1 3 2
33 298
1 3 2
386 445
1 14 2
112 148
1 4 2
106 386
1 2 2
66 171
1 6 2
129 240
1 15 2
1 108
1 11 2
21 198
1 13 2
221 456
1 11 2
31 212
1 11 2
205 210
1 14 2
306 346
1 5 2
0 210
1 8 2
180 363
1 5 2
338 383
1 9 2
397 456
1 8 2
281 424
1 2 2
14 138
1 12 2
342 382
1 9 2
229 329
1 14 2
286 422
1 14 2
91 489
1 9 2
321 414
1 9 2
298 317
1 8 2
52 114
1 13 2
97 480
1 10 2
247 432
1 7 2
337 364
1 11 2
58 209
1 8 2
414 427
1 5 2
55 90
1 15 2
183 476
1 6 2
82 218
1 14 2
160 341
1 13 2
210 470
1 6 2
187 251
1 8 2
113 344
1 10 2
64 204
1 10 2
50 211
1 6 2
70 325
1 8 2
28 331
1 9 2
242 378
1 12 2
42 413
1 5 2
152 475
1 5 2
3 204
1 8 2
355 416
1 9 2
159 493
1 7 2
199 269
1 10 2
467 487
1 7 2
47 397
1 14 2
13 467
1 7 2
110 437
1 3 2
81 273
1 2 2
406 489
1 8 2
114 359
1 15 2
200 281
1 6 2
100 242
1 13 2
24 215
1 6 2
131 485
1 8 2
110 431
1 14 2
103 430
1 3 2
333 408
1 2 2
160 336
1 6 2
13 263
1 2 2
111 134
1 15 2
435 461
1 3 2
130 354
1 2 2
441 467
1 6 2
39 377
1 5 2
166 342
1 14 2
270 416
1 13 2
402 415
1 11 2
189 334
1 4 2
141 152
1 9 2
248 497
1 5 2
172 425
1 6 2
362 391
1 13 2
143 378
1 6 2
381 464
1 11 2
117 352
1 3 2
359 402
1 5 2
14 186
1 5 2
16 468
1 12 2
354 388
1 14 2
62 122
1 5 2
107 325
1 11 2
159 200
1 6 2
298 458
1 4 2
171 495
1 14 2
290 291
1 9 2
153 196
1 8 2
222 382
1 13 2
127 150
1 4 2
434 468
1 14 2
26 224
1 11 2
411 441
1 12 2
65 165
1 2 2
157 387
1 10 2
14 143
1 7 2
173 299
1 10 2
155 249
1 8 2
18 26
1 9 2
271 331
1 13 2
111 440
1 15 2
168 446
1 2 2
179 330
1 15 2
298 395
1 10 2
215 318
1 12 2
123 284
1 14 2
89 381
1 2 2
260 331
1 13 2
180 462
1 9 2
356 474
1 11 2
297 468
1 4 2
31 80
1 10 2
204 462
1 14 2
226 459
1 9 2
17 253
1 5 2
183 330
1 8 2
286 299
1 3 2
369 373
1 4 2
31 408
1 15 2
26 297
1 6 2
459 460
1 8 2
92 200
1 15 2
52 134
1 8 2
180 443
1 2 2
192 379
1 12 2
216 249
1 14 2
1 457
1 2 2
335 495
1 2 2
437 443
1 6 2
115 270
1 12 2
323 356
1 15 2
282 364
1 14 2
227 440
1 11 2
168 309
1 2 2
63 346
1 13 2
22 410
1 12 2
157 252
1 15 2
197 305
1 13 2
209 341
1 5 2
108 325
1 6 2
166 424
1 10 2
147 325
1 10 2
70 134
1 2 2
191 221
1 8 2
336 382
1 10 2
130 169
1 4 2
222 339
1 14 2
4 386
1 9 2
0 130
1 12 2
258 449
1 13 2
366 373
1 10 2
18 263
1 9 2
141 381
1 2 2
367 445
1 12 2
23 342
1 12 2
224 496
1 13 2
105 326
1 11 2
4 148
1 14 2
37 77
1 9 2
191 329
1 15 2
245 256
1 13 2
49 296
1 6 2
97 365
1 4 2
94 463
1 14 2
212 303
1 6 2
131 187
1 4 2
83 149
1 14 2
442 484
1 7 2
212 377
1 10 2
124 141
1 3 2
137 218
1 5 2
87 188
1 11 2
298 464
1 11 2
54 441
1 9 2
179 363
1 4 2
287 300
1 2 2
273 348
1 4 2
208 414
1 13 2
5 123
1 7 2
433 436
1 12 2
199 361
1 8 2
190 212
1 14 2
27 76
1 10 2
96 156
1 14 2
142 289
1 11 2
368 461
1 11 2
110 376
1 6 2
369 439
1 12 2
80 307
1 15 2
254 426
1 8 2
262 408
1 3 2
51 69
1 2 2
213 299
1 8 2
72 391
1 14 2
358 398
1 5 2
362 392
1 6 2
91 454
1 14 2
58 255
1 5 2
29 389
1 3 2
374 469
1 10 2
91 399
1 11 2
17 383
1 14 2
180 410
1 14 2
289 299
1 14 2
57 83
1 10 2
210 261
1 13 2
96 351
1 9 2
54 476
1 10 2
6 215
1 6 2
167 186
1 4 2
252 316
1 9 2
289 459
1 2 2
194 436
1 10 2
394 455
1 5 2
362 438
1 8 2
209 327
1 11 2
186 190
1 4 2
254 276
1 9 2
145 151
1 11 2
160 463
1 12 2
227 283
1 8 2
30 497
1 11 2
232 380
1 14 2
180 316
1 6 2
190 245
1 9 2
366 432
1 2 2
148 449
1 14 2
2 296
1 3 2
110 310
1 12 2
177 490
1 7 2
170 172
1 12 2
148 355
1 3 2
214 260
1 9 2
156 457
1 3 2
188 243
1 14 2
241 338
1 2 2
138 176
1 8 2
3 458
1 5 2
306 393
1 8 2
162 424
1 7 2
91 237
1 13 2
235 289
1 13 2
256 289
1 5 2
104 366
1 9 2
15 335
1 9 2
79 121
1 10 2
305 415
1 6 2
160 327
1 4 2
261 370
1 14 2
22 176
1 12 2
126 201
1 3 2
74 329
1 15 2
160 378
1 10 2
7 434
1 12 2
48 255
1 12 2
4 60
1 4 2
38 452
1 14 2
42 206
1 13 2
11 254
1 6 2
120 368
1 10 2
347 385
1 6 2
35 178
1 13 2
221 257
1 13 2
409 453
1 3 2
426 455
1 7 2
256 484
1 8 2
66 104
1 5 2
151 298
1 12 2
54 268
1 2 2
65 490
1 8 2
226 475
1 6 2
191 489
1 11 2
38 429
1 4 2
74 151
1 4 2
215 419
1 7 2
410 478
1 6 2
10 486
1 6 2
267 393
1 9 2
101 416
1 9 2
76 335
1 8 2
337 418
1 5 2
329 446
1 3 2
216 274
1 11 2
103 433
1 12 2
366 387
1 12 2
92 459
1 14 2
31 362
1 8 2
114 458
1 3 2
250 465
1 5 2
122 352
1 14 2
87 498
1 11 2
286 497
1 7 2
73 283
1 12 2
130 437
1 6 2
166 310
1 9 2
97 340
1 7 2
2 457
1 8 2
84 359
1 13 2
40 426
1 8 2
140 443
1 10 2
111 259
1 15 2
144 279
1 2 2
112 403
1 10 2
141 182
1 6 2
193 254
1 13 2
297 494
1 15 2
218 361
1 10 2
274 476
1 5 2
97 152
1 10 2
341 359
1 3 2
72 314
1 7 2
238 304
1 15 2
205 444
1 14 2
9 268
1 6 2
13 280
1 6 2
87 320
1 6 2
322 498
1 3 2
165 474
1 6 2
52 496
1 14 2
119 287
1 5 2
168 232
1 9 2
220 398
1 7 2
138 349
1 5 2
100 110
1 5 2
60 264
1 9 2
112 264
1 3 2
95 271
1 14 2
138 320
1 2 2
52 241
1 6 2
275 400
1 2 2
238 244
1 6 2
255 484
1 8 2
262 434
1 2 2
206 214
1 8 2
261 296
1 11 2
337 453
1 3 2
86 288
1 12 2
124 315
1 13 2
81 176
1 6 2
180 381
1 15 2
258 260
1 14 2
317 412
1 4 2
184 263
1 4 2
18 176
1 14 2
58 424
1 9 2
122 185
1 4 2
158 262
1 14 2
23 179
1 12 2
255 499
1 14 2
23 51
1 6 2
47 101
1 8 2
83 198
1 4 2
167 251
1 10 2
232 489
1 11 2
43 254
1 2 2
191 450
1 8 2
17 25
1 10 2
19 203
1 9 2
16 154
1 11 2
100 122
1 11 2
141 409
1 10 2
401 441
1 6 2
99 499
1 3 2
72 422
1 12 2
283 490
1 9 2
66 213
1 2 2
85 121
1 3 2
65 302
1 13 2
142 354
1 11 2
119 300
1 2 2
197 225
1 7 2
303 465
1 10 2
60 76
1 13 2
42 100
1 11 2
124 439
1 4 2
438 488
1 12 2
31 350
1 11 2
102 251
1 9 2
108 378
1 5 2
127 321
1 11 2
386 441
1 3 2
77 83
1 15 2
183 246
1 4 2
260 302
1 14 2
288 304
1 8 2
155 356
1 7 2
327 409
1 14 2
46 412
1 2 2
57 343
1 5 2
214 498
1 7 2
300 492
1 10 2
237 352
1 12 2
10 108
1 13 2
34 45
1 5 2
68 487
1 14 2
123 287
1 12 2
35 161
1 15 2
165 425
1 4 2
61 305
1 4 2
4 344
1 5 2
66 203
1 10 2
144 259
1 12 2
257 291
1 15 2
344 450
1 6 2
79 276
1 4 2
82 226
1 12 2
130 439
1 7 2
299 346
1 12 2
93 317
1 9 2
72 88
1 6 2
267 329
1 11 2
49 491
1 3 2
392 446
1 15 2
64 279
1 13 2
173 228
1 14 2
14 311
1 4 2
379 494
1 8 2
47 352
1 15 2
382 481
1 9 2
219 337
1 4 2
138 161
1 5 2
36 139
1 15 2
74 116
1 4 2
150 187
1 3 2
23 316
1 14 2
123 183
1 6 2
171 353
1 11 2
412 486
1 4 2
338 381
1 6 2
201 369
1 4 2
36 340
1 2 2
137 338
1 6 2
181 183
1 7 2
192 238
1 5 2
19 282
1 10 2
281 408
1 14 2
79 269
1 11 2
211 300
1 8 2
297 347
1 3 2
340 424
1 3 2
170 192
1 2 2
5 461
1 10 2
44 497
1 6 2
339 470
1 13 2
197 298
1 3 2
166 437
1 2 2
194 385
1 2 2
328 384
1 13 2
96 166
1 2 2
447 498
1 11 2
317 456
1 15 2
15 211
1 14 2
208 377
1 5 2
159 229
1 4 2
131 333
1 8 2
3 72
1 15 2
154 197
1 12 2
19 254
1 6 2
404 424
1 11 2
148 195
1 4 2
236 246
1 14 2
371 497
1 14 2
207 380
1 5 2
271 351
1 9 2
193 281
1 14 2
355 372
1 15 2
198 483
1 5 2
63 392
1 11 2
184 228
1 11 2
25 44
1 14 2
337 461
1 8 2
82 107
1 5 2
139 162
1 7 2
118 446
1 4 2
87 378
1 10 2
253 382
1 2 2
357 442
1 7 2
247 302
1 13 2
71 213
1 9 2
45 47
1 13 2
182 426
1 8 2
359 457
1 5 2
174 372
1 11 2
28 334
1 9 2
330 486
1 13 2
285 499
1 12 2
48 344
1 10 2
197 485
1 15 2
96 141
1 2 2
22 33
1 7 2
284 424
1 4 2
142 308
1 9 2
242 446
1 12 2
79 98
1 7 2
32 314
1 11 2
47 169
1 6 2
306 388
1 14 2
85 149
1 15 2
331 340
1 10 2
10 297
1 15 2
122 311
1 8 2
362 491
1 8 2
231 467
1 2 2
186 483
1 14 2
86 301
1 2 2
26 77
1 12 2
148 463
1 4 2
114 493
1 5 2
247 440
1 13 2
114 399
1 6 2
68 144
1 11 2
224 320
1 9 2
114 123
1 7 2
4 48
1 10 2
217 494
1 10 2
119 413
1 13 2
105 305
1 6 2
272 277
1 7 2
113 470
1 3 2
192 240
1 10 2
139 213
1 6 2
137 204
1 7 2
192 407
1 2 2
33 72
1 8 2
55 252
1 9 2
116 320
1 4 2
22 37
1 4 2
291 327
1 14 2
205 491
1 4 2
111 205
1 14 2
80 448
1 14 2
39 79
1 14 2
272 295
1 8 2
158 190
1 11 2
273 347
1 5 2
142 204
1 8 2
289 321
1 8 2
107 303
1 6 2
224 267
1 2 2
280 398
1 15 2
37 259
1 5 2
311 480
1 3 2
272 495
1 9 2
381 480
1 11 2
491 494
1 12 2
289 420
1 3 2
212 325
1 2 2
318 380
1 2 2
369 380
1 2 2
128 207
1 13 2
21 88
1 13 2
360 376
1 4 2
37 494
1 9 2
382 485
1 12 2
270 394
1 10 2
256 488
1 14 2
118 166
1 12 2
145 259
1 10 2
68 313
1 8 2
55 414
1 10 2
165 336
1 4 2
362 389
1 14 2
48 120
1 9 2
47 353
1 9 2
286 289
1 9 2
3 391
1 7 2
215 307
1 8 2
222 455
1 4 2
101 280
1 5 2
321 386
1 7 2
301 458
1 10 2
201 320
1 10 2
48 392
1 13 2
199 221
1 2 2
0 78
1 12 2
255 370
1 3 2
199 300
1 4 2
158 332
1 15 2
66 381
1 9 2
365 388
1 6 2
82 421
1 9 2
35 463
1 5 2
176 241
1 12 2
280 472
1 6 2
58 437
1 12 2
293 447
1 12 2
427 498
1 8 2
117 159
1 10 2
138 398
1 13 2
45 494
1 2 2
191 440
1 9 2
130 209
1 11 2
389 495
1 12 2
95 472
1 14 2
84 465
1 14 2
50 56
1 10 2
22 448
1 6 2
135 477
1 9 2
126 164
1 7 2
109 386
1 9 2
181 374
1 4 2
28 88
1 7 2
76 374
1 10 2
119 264
1 9 2
376 494
1 10 2
216 474
1 12 2
82 452
1 9 2
194 273
1 9 2
329 430
1 8 2
212 406
1 10 2
237 477
1 11 2
175 203
1 9 2
222 403
1 5 2
160 193
1 13 2
60 231
1 3 2
192 483
1 2 2
138 285
1 15 2
162 263
1 4 2
254 298
1 9 2
161 307
1 4 2
237 248
1 4 2
103 320
1 6 2
425 448
1 12 2
230 387
1 9 2
26 125
1 13 2
26 42
1 7 2
25 137
1 11 2
54 486
1 12 2
296 389
1 12 2
280 288
1 4 2
189 233
1 5 2
253 465
1 11 2
194 390
1 5 2
20 409
1 4 2
245 359
1 10 2
60 274
1 4 2
344 398
1 11 2
161 217
1 14 2
164 182
1 9 2
317 483
1 8 2
233 323
1 13 2
100 464
1 8 2
92 343
1 12 2
106 414
1 15 2
12 353
1 13 2
295 444
1 4 2
276 489
1 11 2
57 499
1 13 2
357 372
1 14 2
89 229
1 11 2
68 262
1 15 2
402 420
1 4 2
282 498
1 4 2
128 464
1 11 2
74 102
1 10 2
222 232
1 11 2
4 326
1 6 2
44 336
1 13 2
80 229
1 2 2
311 491
1 7 2
74 472
1 8 2
132 375
1 6 2
25 47
1 10 2
114 306
1 8 2
31 87
1 11 2
292 335
1 2 2
15 465
1 13 2
91 346
1 5 2
214 475
1 4 2
261 414
1 5 2
136 151
1 11 2
68 301
1 15 2
122 188
1 11 2
227 427
1 14 2
195 292
1 5 2
259 296
1 5 2
238 463
1 8 2
115 333
1 9 2
126 147
1 11 2
110 233
1 4 2
393 431
1 7 2
200 388
1 5 2
125 377
1 13 2
318 340
1 10 2
107 137
1 14 2
461 493
1 6 2
25 315
1 13 2
25 241
1 6 2
33 373
1 13 2
66 250
1 6 2
52 97
1 13 2
69 94
1 2 2
99 286
1 3 2
359 473
1 4 2
182 248
1 15 2
128 364
1 11 2
343 404
1 13 2
96 294
1 4 2
450 491
1 2 2
270 468
1 5 2
74 360
1 10 2
351 417
1 7 2
107 411
1 8 2
193 250
1 14 2
316 370
1 10 2
203 392
1 10 2
391 462
1 5 2
304 490
1 14 2
129 189
1 12 2
56 145
1 12 2
124 374
1 11 2
344 350
1 4 2
165 470
1 15 2
404 478
1 15 2
161 440
1 15 2
481 484
1 5 2
85 482
1 2 2
181 189
1 3 2
193 210
1 6 2
108 252
1 7 2
61 332
1 15 2
0 274
1 13 2
22 414
1 8 2
127 232
1 3 2
14 484
1 13 2
176 245
1 13 2
151 414
1 6 2
45 433
1 12 2
39 227
1 4 2
355 478
1 9 2
113 326
1 7 2
81 332
1 4 2
187 261
1 6 2
8 119
1 15 2
177 483
1 2 2
12 449
1 10 2
146 169
1 9 2
133 402
1 13 2
122 487
1 11 2
190 201
1 8 2
382 460
1 9 2
0 143
1 4 2
66 293
1 5 2
327 486
1 5 2
244 397
1 13 2
235 279
1 6 2
491 495
1 12 2
11 162
1 15 2
5 125
1 10 2
255 445
1 5 2
236 285
1 13 2
440 467
1 5 2
134 205
1 7 2
22 241
1 12 2
194 266
1 12 2
121 379
1 6 2
137 292
1 7 2
177 254
1 7 2
273 356
1 14 2
70 155
1 11 2
266 400
1 6 2
104 440
1 9 2
48 190
1 3 2
20 347
1 11 2
212 238
1 11 2
204 434
1 7 2
286 325
1 10 2
86 261
1 5 2
409 444
1 4 2
297 323
1 6 2
205 337
1 7 2
69 104
1 14 2
79 185
1 11 2
261 316
1 7 2
151 409
1 8 2
9 237
1 12 2
414 452
1 2 2
125 211
1 5 2
242 359
1 14 2
62 140
1 3 2
60 400
1 3 2
114 403
1 10 2
233 306
1 6 2
218 385
1 7 2
283 449
1 15 2
235 327
1 15 2
0 161
1 10 2
71 183
1 15 2
44 223
1 3 2
91 285
1 2 2
35 237
1 7 2
154 358
1 2 2
347 485
1 11 2
267 362
1 4 2
98 312
1 10 2
104 136
1 13 2
313 487
1 9 2
142 464
1 6 2
251 408
1 5 2
111 482
1 9 2
295 424
1 12 2
123 151
1 8 2
157 192
1 11 2
313 359
1 4 2
17 369
1 12 2
248 403
1 11 2
116 450
1 3 2
254 365
1 10 2
85 441
1 5 2
206 249
1 15 2
156 241
1 3 2
66 178
1 12 2
275 373
1 3 2
217 271
1 14 2
59 252
1 3 2
64 280
1 5 2
1 143
1 10 2
315 488
1 12 2
169 447
1 12 2
140 252
1 14 2
95 450
1 10 2
172 297
1 6 2
110 271
1 13 2
419 445
1 15 2
80 153
1 8 2
66 429
1 8 2
405 411
1 15 2
46 170
1 11 2
453 488
1 13 2
12 34
1 11 2
310 361
1 9 2
180 282
1 6 2
41 408
1 9 2
282 430
1 10 2
353 371
1 4 2
375 393
1 9 2
18 370
1 14 2
119 454
1 11 2
15 371
1 6 2
104 471
1 3 2
33 465
1 6 2
233 380
1 14 2
172 279
1 10 2
72 155
1 15 2
67 209
1 12 2
76 193
1 13 2
99 220
1 6 2
55 62
1 2 2
415 498
1 10 2
34 403
1 14 2
191 308
1 15 2
193 440
1 15 2
250 415
1 12 2
78 269
1 13 2
173 237
1 6 2
62 167
1 3 2
109 409
1 2 2
119 241
1 3 2
36 72
1 15 2
10 103
1 9 2
44 64
1 3 2
219 322
1 14 2
138 389
1 13 2
186 277
1 3 2
100 121
1 5 2
94 345
1 6 2
185 383
1 9 2
196 201
1 6 2
296 409
1 8 2
210 319
1 8 2
175 318
1 5 2
1 179
1 2 2
28 243
1 13 2
235 421
1 7 2
233 374
1 14 2
342 463
1 3 2
296 377
1 12 2
37 87
1 8 2
163 360
1 5 2
185 269
1 15 2
216 471
1 4 2
402 413
1 2 2
25 150
1 9 2
292 391
1 6 2
193 392
1 13 2
340 476
1 6 2
393 456
1 14 2
98 226
1 8 2
298 437
1 8 2
295 447
1 9 2
100 183
1 5 2
74 441
1 14 2
123 320
1 9 2
33 422
1 13 2
95 452
1 15 2
402 497
1 5 2
6 290
1 8 2
125 235
1 12 2
213 388
1 13 2
2 304
1 15 2
16 250
1 8 2
15 310
1 4 2
22 454
1 6 2
81 93
1 12 2
194 440
1 6 2
49 58
1 13 2
82 229
1 7 2
242 485
1 4 2
214 496
1 14 2
342 454
1 6 2
28 101
1 2 2
247 488
1 14 2
200 428
1 14 2
148 232
1 4 2
61 170
1 14 2
55 481
1 8 2
7 75
1 14 2
61 493
1 3 2
156 253
1 5 2
14 374
1 13 2
83 464
1 8 2
205 340
1 6 2
147 293
1 9 2
288 359
1 10 2
230 448
1 6 2
204 435
1 2 2
190 220
1 11 2
92 109
1 15 2
294 353
1 5 2
10 14
1 15 2
58 182
1 5 2
254 445
1 2 2
93 443
1 8 2
71 281
1 6 2
160 475
1 7 2
82 199
1 12 2
430 484
1 8 2
138 416
1 14 2
180 424
1 2 2
130 231
1 10 2
343 345
1 14 2
50 490
1 3 2
211 497
1 5 2
20 22
1 7 2
172 471
1 12 2
3 296
1 8 2
61 103
1 9 2
36 253
1 4 2
8 423
1 14 2
68 225
1 9 2
29 491
1 12 2
37 114
1 15 2
145 216
1 8 2
7 295
1 6 2
71 315
1 8 2
418 447
1 13 2
241 429
1 6 2
140 192
1 6 2
124 198
1 7 2
29 181
1 9 2
291 468
1 12 2
55 327
1 6 2
259 333
1 9 2
28 122
1 11 2
147 311
1 3 2
324 419
1 3 2
103 191
1 13 2
16 189
1 14 2
401 471
1 14 2
246 307
1 11 2
237 324
1 15 2
19 228
1 3 2
116 434
1 12 2
264 319
1 7 2
23 151
1 4 2
17 39
1 2 2
21 299
1 9 2
220 266
1 14 2
15 404
1 4 2
266 390
1 11 2
36 54
1 15 2
427 478
1 7 2
163 292
1 4 2
255 490
1 11 2
133 287
1 15 2
231 486
1 15 2
52 357
1 9 2
30 284
1 15 2
238 421
1 3 2
209 486
1 4 2
153 401
1 5 2
100 152
1 15 2
96 385
1 10 2
70 467
1 11 2
100 320
1 11 2
25 385
1 5 2
20 156
1 8 2
192 273
1 12 2
421 438
1 6 2
117 436
1 11 2
54 71
1 5 2
143 170
1 10 2
3 241
1 10 2
173 425
1 6 2
42 121
1 14 2
121 171
1 12 2
132 348
1 9 2
18 48
1 8 2
239 360
1 7 2
42 105
1 15 2
44 432
1 7 2
98 377
1 11 2
124 426
1 15 2
164 405
1 15 2
112 344
1 5 2
21 224
1 6 2
134 326
1 7 2
199 382
1 12 2
126 327
1 12 2
267 289
1 6 2
0 422
1 14 2
225 360
1 4 2
73 424
1 2 2
491 493
1 11 2
233 315
1 7 2
108 284
1 8 2
9 386
1 4 2
34 66
1 11 2
302 317
1 12 2
127 357
1 3 2
298 323
1 10 2
28 482
1 10 2
129 354
1 5 2
209 278
1 11 2
139 149
1 14 2
291 341
1 12 2
173 422
1 11 2
237 247
1 11 2
89 126
1 8 2
80 136
1 8 2
152 389
1 8 2
49 72
1 6 2
78 79
1 9 2
262 491
1 9 2
387 459
1 4 2
194 305
1 13 2
207 374
1 2 2
194 441
1 8 2
204 325
1 7 2
274 456
1 13 2
273 435
1 3 2
60 461
1 11 2
141 442
1 4 2
61 62
1 10 2
166 386
1 14 2
88 293
1 5 2
120 296
1 14 2
137 309
1 6 2
104 347
1 4 2
1 118
1 15 2
412 449
1 8 2
113 395
1 2 2
122 300
1 8 2
115 320
1 6 2
188 446
1 8 2
317 380
1 14 2
111 459
1 8 2
32 75
1 3 2
127 175
1 4 2
379 464
1 9 2
313 331
1 14 2
276 321
1 12 2
52 184
1 3 2
116 497
1 13 2
249 371
1 14 2
139 437
1 4 2
77 317
1 13 2
139 364
1 8 2
29 363
1 6 2
92 228
1 5 2
41 302
1 5 2
177 343
1 7 2
18 63
1 5 2
247 274
1 6 2
134 406
1 6 2
295 477
1 14 2
327 460
1 5 2
29 294
1 14 2
12 386
1 15 2
260 491
1 13 2
37 340
1 2 2
49 161
1 7 2
218 426
1 5 2
92 436
1 8 2
76 367
1 13 2
26 73
1 10 2
8 467
1 15 2
400 490
1 3 2
3 423
1 8 2
12 48
1 4 2
77 251
1 11 2
331 342
1 12 2
48 91
1 14 2
37 495
1 8 2
41 111
1 12 2
34 341
1 8 2
237 375
1 4 2
46 395
1 10 2
245 314
1 15 2
195 232
1 15 2
45 473
1 6 2
127 330
1 10 2
130 385
1 12 2
3 83
1 9 2
31 169
1 13 2
134 459
1 11 2
218 300
1 4 2
217 299
1 6 2
329 447
1 10 2
232 468
1 14 2
384 493
1 7 2
106 415
1 4 2
23 109
1 13 2
113 130
1 8 2
53 273
1 2 2
352 474
1 8 2
58 150
1 14 2
122 209
1 4 2
182 186
1 2 2
21 479
1 2 2
207 404
1 13 2
49 329
1 7 2
369 396
1 8 2
194 302
1 2 2
1 485
1 3 2
111 350
1 4 2
68 430
1 15 2
135 300
1 10 2
420 467
1 9 2
164 376
1 11 2
142 255
1 15 2
308 453
1 13 2
181 201
1 11 2
196 477
1 2 2
73 277
1 11 2
228 469
1 8 2
74 216
1 6 2
320 384
1 4 2
50 251
1 12 2
111 442
1 3 2
33 415
1 4 2
103 108
1 11 2
106 137
1 8 2
314 443
1 8 2
329 448
1 12 2
0 425
1 14 2
277 334
1 12 2
81 123
1 15 2
282 453
1 3 2
62 266
1 10 2
0 318
1 8 2
51 191
1 14 2
201 434
1 14 2
130 306
1 8 2
72 498
1 7 2
12 351
1 15 2
300 491
1 4 2
232 280
1 8 2
127 483
1 15 2
202 348
1 4 2
477 495
1 14 2
45 257
1 13 2
346 441
1 2 2
34 132
1 5 2
25 45
1 15 2
272 304
1 2 2
78 469
1 12 2
270 442
1 15 2
30 297
1 13 2
251 451
1 3 2
178 398
1 8 2
43 87
1 9 2
168 302
1 9 2
125 188
1 10 2
229 261
1 14 2
150 381
1 10 2
186 327
1 11 2
389 454
1 8 2
133 346
1 6 2
116 465
1 2 2
146 338
1 9 2
39 75
1 12 2
86 189
1 6 2
379 460
1 13 2
395 446
1 2 2
364 476
1 14 2
139 305
1 4 2
274 375
1 13 2
19 425
1 3 2
302 318
1 10 2
432 468
1 10 2
27 468
1 9 2
220 285
1 8 2
96 352
1 4 2
156 418
1 7 2
64 491
1 14 2
128 235
1 9 2
255 448
1 8 2
35 305
1 3 2
330 332
1 5 2
87 159
1 3 2
152 238
1 9 2
328 381
1 2 2
436 443
1 13 2
171 319
1 8 2
62 123
1 14 2
162 362
1 11 2
190 243
1 9 2
35 158
1 4 2
18 379
1 2 2
60 158
1 7 2
298 430
1 7 2
58 272
1 7 2
228 436
1 2 2
140 418
1 2 2
361 380
1 15 2
313 382
1 5 2
309 471
1 8 2
431 433
1 7 2
109 217
1 7 2
134 190
1 6 2
44 119
1 11 2
404 410
1 3 2
201 291
1 7 2
23 499
1 4 2
242 318
1 13 2
18 53
1 12 2
155 195
1 2 2
31 237
1 15 2
475 493
1 14 2
107 372
1 14 2
298 407
1 12 2
150 170
1 11 2
270 329
1 12 2
112 256
1 13 2
323 330
1 14 2
28 133
1 14 2
121 178
1 7 2
255 304
1 3 2
139 161
1 3 2
47 443
1 15 2
283 408
1 2 2
267 359
1 5 2
10 58
1 2 2
212 254
1 12 2
358 385
1 11 2
176 276
1 5 2
217 260
1 15 2
398 420
1 14 2
21 136
1 10 2
105 478
1 8 2
264 421
1 8 2
197 339
1 2 2
83 262
1 4 2
34 244
1 8 2
37 209
1 7 2
117 485
1 6 2
234 403
1 4 2
49 103
1 2 2
303 393
1 8 2
266 481
1 11 2
328 493
1 14 2
151 462
1 14 2
272 427
1 14 2
292 431
1 10 2
194 223
1 14 2
293 400
1 10 2
27 464
1 10 2
149 269
1 15 2
221 422
1 14 2
181 497
1 3 2
174 209
1 8 2
62 177
1 2 2
233 412
1 2 2
367 387
1 8 2
0 228
1 15 2
21 471
1 7 2
38 288
1 6 2
86 267
1 15 2
202 419
1 15 2
188 212
1 8 2
258 277
1 10 2
30 75
1 14 2
162 327
1 6 2
268 411
1 12 2
113 416
1 9 2
15 75
1 13 2
309 369
1 2 2
340 496
1 14 2
230 497
1 3 2
176 194
1 11 2
92 189
1 4 2
36 286
1 13 2
80 279
1 6 2
200 243
1 11 2
214 392
1 9 2
28 459
1 6 2
94 232
1 13 2
292 428
1 12 2
37 337
1 8 2
79 165
1 15 2
203 373
1 8 2
9 207
1 10 2
42 336
1 11 2
60 471
1 11 2
345 489
1 9 2
103 154
1 15 2
48 158
1 11 2
333 431
1 9 2
7 397
1 9 2
352 400
1 15 2
17 34
1 6 2
14 486
1 12 2
6 50
1 4 2
265 272
1 14 2
211 265
1 9 2
0 493
1 7 2
186 426
1 13 2
180 255
1 9 2
151 323
1 10 2
254 394
1 7 2
158 447
1 7 2
70 414
1 4 2
66 426
1 5 2
160 235
1 8 2
201 327
1 13 2
239 351
1 6 2
15 82
1 9 2
23 397
1 9 2
250 475
1 7 2
67 401
1 8 2
273 390
1 12 2
210 351
1 10 2
19 257
1 7 2
111 477
1 11 2
123 396
1 6 2
23 271
1 8 2
64 499
1 6 2
3 32
1 2 2
187 297
1 12 2
58 387
1 6 2
90 157
1 4 2
253 359
1 13 2
354 401
1 7 2
39 143
1 9 2
10 197
1 5 2
41 233
1 3 2
23 492
1 4 2
96 274
1 9 2
177 347
1 2 2
273 373
1 4 2
33 368
1 5 2
246 268
1 9 2
52 225
1 6 2
308 412
1 2 2
1 385
1 7 2
46 420
1 11 2
47 62
1 11 2
279 331
1 8 2
169 402
1 15 2
94 323
1 2 2
339 450
1 12 2
465 483
1 6 2
66 368
1 7 2
111 436
1 13 2
334 373
1 2 2
47 484
1 8 2
75 426
1 5 2
65 216
1 14 2
18 454
1 9 2
288 389
1 11 2
403 430
1 10 2
315 455
1 14 2
286 407
1 7 2
1 12
1 6 2
266 433
1 9 2
207 397
1 6 2
188 353
1 10 2
124 278
1 7 2
284 327
1 3 2
364 429
1 9 2
207 251
1 11 2
53 149
1 12 2
106 318
1 3 2
363 448
1 10 2
50 394
1 8 2
267 405
1 13 2
173 286
1 4 2
156 459
1 10 2
8 157
1 10 2
82 120
1 6 2
47 195
1 11 2
109 312
1 10 2
77 303
1 8 2
107 405
1 5 2
332 377
1 14 2
483 491
1 2 2
422 425
1 15 2
125 482
1 6 2
94 409
1 11 2
317 369
1 14 2
153 383
1 9 2
117 314
1 3 2
123 486
1 7 2
117 215
1 12 2
159 368
1 7 2
266 414
1 6 2
255 353
1 6 2
72 183
1 11 2
402 419
1 5 2
292 404
1 11 2
286 495
1 11 2
22 135
1 5 2
304 422
1 7 2
166 438
1 10 2
24 381
1 7 2
14 269
1 11 2
217 232
1 9 2
17 451
1 4 2
281 300
1 5 2
204 307
1 15 2
169 454
1 5 2
66 260
1 7 2
18 183
1 4 2
233 317
1 7 2
136 172
1 13 2
175 329
1 9 2
200 227
1 5 2
19 159
1 10 2
363 469
1 2 2
69 227
1 8 2
79 438
1 13 2
356 406
1 12 2
232 358
1 2 2
64 387
1 4 2
262 378
1 10 2
370 394
1 13 2
344 498
1 5 2
191 415
1 13 2
368 482
1 9 2
284 333
1 2 2
420 492
1 9 2
398 497
1 15 2
98 390
1 14 2
261 451
1 13 2
151 296
1 13 2
253 467
1 14 2
170 362
1 11 2
101 378
1 5 2
300 310
1 3 2
388 402
1 11 2
134 323
1 10 2
299 364
1 10 2
196 361
1 14 2
75 464
1 6 2
304 486
1 15 2
155 260
1 15 2
206 345
1 10 2
70 179
1 8 2
57 118
1 6 2
65 150
1 6 2
79 93
1 13 2
369 412
1 5 2
334 387
1 8 2
51 491
1 15 2
16 122
1 10 2
2 430
1 4 2
148 320
1 15 2
74 124
1 4 2
37 170
1 9 2
83 481
1 7 2
0 457
1 12 2
22 486
1 15 2
225 307
1 6 2
110 347
1 11 2
175 262
1 4 2
64 468
1 3 2
234 459
1 3 2
224 304
1 9 2
124 499
1 3 2
28 143
1 9 2
59 182
1 10 2
143 290
1 2 2
119 446
1 10 2
231 260
1 11 2
81 153
1 9 2
95 427
1 15 2
29 99
1 12 2
117 161
1 9 2
286 455
1 13 2
443 451
1 9 2
448 482
1 12 2
263 379
1 15 2
263 352
1 3 2
272 294
1 10 2
66 441
1 8 2
25 352
1 10 2
82 206
1 3 2
219 392
1 5 2
81 157
1 8 2
324 402
1 7 2
414 419
1 14 2
266 375
1 5 2
314 359
1 2 2
63 418
1 3 2
181 287
1 12 2
238 289
1 13 2
389 416
1 7 2
10 360
1 15 2
200 283
1 5 2
431 451
1 8 2
165 217
1 12 2
20 305
1 5 2
328 460
1 3 2
243 272
1 12 2
140 320
1 3 2
368 442
1 3 2
35 450
1 10 2
36 89
1 11 2
140 456
1 4 2
84 388
1 14 2
388 476
1 12 2
189 259
1 12 2
247 490
1 8 2
213 306
1 15 2
293 391
1 11 2
39 486
1 10 2
153 442
1 3 2
152 457
1 8 2
374 383
1 11 2
56 247
1 8 2
2 36
1 2 2
135 353
1 6 2
76 358
1 2 2
172 354
1 6 2
285 342
1 8 2
381 422
1 7 2
20 239
1 10 2
300 419
1 13 2
155 473
1 14 2
141 383
1 8 2
161 215
1 2 2
43 275
1 8 2
6 469
1 14 2
57 198
1 15 2
35 203
1 8 2
42 491
1 11 2
318 431
1 14 2
29 148
1 4 2
71 290
1 8 2
368 454
1 4 2
225 273
1 5 2
74 423
1 12 2
157 300
1 11 2
297 396
1 7 2
124 262
1 5 2
315 350
1 12 2
106 273
1 13 2
205 458
1 2 2
87 231
1 14 2
274 448
1 4 2
41 102
1 12 2
28 403
1 9 2
78 291
1 4 2
54 495
1 8 2
114 411
1 15 2
293 374
1 13 2
230 237
1 12 2
315 464
1 4 2
188 310
1 4 2
37 419
1 11 2
193 432
1 9 2
15 346
1 3 2
103 202
1 4 2
46 478
1 9 2
162 488
1 4 2
3 406
1 15 2
262 448
1 4 2
123 240
1 8 2
146 250
1 3 2
120 133
1 2 2
233 353
1 5 2
88 242
1 5 2
418 478
1 15 2
2 3
1 8 2
379 421
1 12 2
44 303
1 12 2
99 180
1 8 2
122 197
1 3 2
78 341
1 11 2
296 303
1 9 2
310 352
1 3 2
74 260
1 15 2
89 393
1 13 2
251 497
1 8 2
102 459
1 4 2
102 380
1 15 2
118 400
1 2 2
14 270
1 7 2
53 448
1 7 2
0 127
1 5 2
48 322
1 10 2
428 467
1 15 2
192 296
1 8 2
172 254
1 13 2
274 309
1 12 2
214 410
1 8 2
139 400
1 4 2
58 423
1 6 2
61 387
1 11 2
51 120
1 4 2
111 218
1 5 2
186 343
1 15 2
37 348
1 6 2
225 426
1 6 2
53 98
1 6 2
346 361
1 10 2
303 311
1 15 2
21 230
1 6 2
87 281
1 15 2
101 105
1 3 2
263 402
1 6 2
116 152
1 8 2
221 233
1 12 2
171 331
1 8 2
29 166
