500 3000 1500
8 20 9 12 23 7 11 19 8 12 25 22 25 9 18 13 23 5 15 20 14 21 14 25 17 16 21 21 12 11 15 22 18 8 10 5 19 16 7 24 8 12 6 23 20 8 8 20 5 14 6 25 14 25 9 23 17 6 5 23 8 15 9 15 25 19 11 23 21 22 11 9 22 24 22 13 12 10 21 25 6 21 13 8 23 5 7 25 24 5 12 9 9 10 21 15 14 23 18 5 13 21 16 8 13 25 22 20 22 12 16 8 22 8 11 22 8 10 13 19 20 22 14 18 16 9 25 11 12 19 11 14 5 22 15 22 22 11 19 20 25 11 11 7 15 18 21 25 14 11 21 14 12 12 10 13 14 22 7 5 23 7 23 15 19 15 17 8 8 23 15 23 15 18 13 5 19 14 19 23 5 24 21 10 11 16 10 23 6 8 10 17 14 23 20 20 11 20 5 9 22 14 7 21 7 12 17 17 17 13 20 7 25 18 5 10 17 14 12 20 25 16 24 12 20 13 5 8 25 16 17 21 6 24 17 21 18 9 23 5 8 21 8 6 21 25 11 9 16 14 16 11 9 7 21 7 14 6 7 25 6 5 11 16 25 22 5 13 11 14 13 18 17 21 8 23 11 8 25 24 10 15 11 19 17 9 22 15 17 11 17 25 7 13 6 17 11 25 25 15 15 5 7 6 11 5 13 23 7 22 10 21 16 14 14 21 24 15 11 24 10 19 9 11 23 14 6 5 5 8 17 24 16 15 24 18 9 8 17 17 14 6 7 12 5 24 14 5 21 23 10 16 12 7 7 6 10 15 23 25 14 10 23 15 10 12 18 20 6 25 8 17 18 12 18 20 18 7 8 23 7 19 10 19 7 13 5 15 13 6 5 9 8 9 14 15 10 21 8 6 21 20 7 23 15 22 23 22 22 16 12 23 10 6 15 19 15 15 9 24 10 25 25 6 18 10 11 16 24 22 17 25 21 15 17 17 17 16 17 7 20 5 22 20 13 17 23 10 6 18 14 17 6 18 17 11 14 25 9 16 16 6 21 12 19 19 19 17 6 24 18 21 18 24 15 20 6 13 15 14 24 8 22 12 9 14 12 25 11 13 22 19 20 14 13 12 24 5 16 7
7 3 13 18 8 18 14 20 6 18 8 5 14 15 3 6 15 19 19 9 5 13 6 16 6 18 17 15 8 18 19 10 6 7 19 3 13 4 4 7 3 11 11 3 6 20 10 17 3 17 14 13 14 9 15 17 12 9 9 4 3 6 7 7 5 7 20 18 11 19 6 16 19 6 4 12 19 3 3 9 4 6 20 3 7 20 7 3 13 3 12 5 20 8 20 14 6 7 9 6 6 12 8 20 20 6 9 14 16 12 4 10 6 5 18 9 16 15 14 13 11 14 8 6 13 6 16 10 12 18 3 4 3 7 19 11 14 6 6 13 11 10 18 6 12 17 19 14 7 6 14 16 4 20 13 8 4 3 7 15 13 18 8 15 14 6 20 8 3 11 3 12 7 13 9 20 19 14 4 5 6 13 17 12 14 3 19 10 15 17 9 17 16 17 5 7 18 8 14 12 16 10 10 4 15 4 20 7 20 20 6 15 11 15 13 6 15 19 7 19 16 11 9 10 9 4 11 15 9 11 12 3 14 13 7 11 7 14 13 20 11 14 11 15 3 7 6 15 11 7 5 8 14 13 17 11 16 4 16 8 19 12 18 9 16 11 19 16 19 13 4 5 17 3 14 17 13 19 8 3 15 18 8 18 12 17 5 18 10 17 7 16 9 14 17 18 18 4 20 6 20 5 16 20 16 19 3 6 10 20 19 17 5 14 20 11 17 14 3 6 3 20 18 14 12 9 16 3 12 3 10 14 14 7 9 20 7 7 3 19 4 15 11 8 3 9 18 11 15 13 14 10 13 18 11 8 3 16 13 11 7 18 16 10 4 10 13 7 4 14 3 11 4 6 16 6 17 20 13 16 15 20 17 16 15 11 12 7 7 3 8 12 20 10 4 13 17 11 3 15 19 9 10 8 5 9 20 13 3 5 9 6 6 12 9 14 19 15 8 5 3 15 16 16 19 4 6 6 7 11 8 10 12 12 19 4 12 20 9 6 20 18 20 7 7 7 3 18 3 11 14 18 12 4 3 6 11 19 4 14 3 13 8 20 14 20 20 4 4 15 5 11 18 9 20 19 17 5 11 17 19 6 14 7 4 17 5 19 18 19 6 10 12 13 12 8 12 12 18 9
1 6 2
38 68
1 14 2
6 481
1 2 2
263 425
1 13 2
22 172
1 8 2
358 379
1 9 2
177 397
1 2 2
409 497
1 14 2
283 331
1 3 2
90 337
1 12 2
447 467
1 8 2
124 434
1 3 2
158 312
1 14 2
108 192
1 4 2
29 366
1 2 2
31 368
1 13 2
297 351
1 3 2
368 437
1 14 2
160 302
1 2 2
410 466
1 13 2
4 313
1 6 2
139 200
1 13 2
242 324
1 9 2
157 379
1 8 2
232 355
1 2 2
189 369
1 7 2
367 378
1 3 2
112 409
1 3 2
194 357
1 5 2
97 270
1 5 2
297 407
1 5 2
43 157
1 2 2
120 420
1 6 2
316 334
1 13 2
366 426
1 2 2
263 417
1 9 2
193 376
1 2 2
321 338
1 3 2
130 244
1 2 2
351 445
1 12 2
260 330
1 6 2
30 317
1 14 2
255 377
1 13 2
160 357
1 2 2
303 467
1 9 2
198 442
1 4 2
114 135
1 7 2
64 411
1 14 2
199 279
1 5 2
121 240
1 14 2
21 188
1 15 2
338 442
1 2 2
44 269
1 11 2
291 457
1 8 2
337 449
1 2 2
195 309
1 3 2
219 266
1 5 2
148 305
1 10 2
25 64
1 4 2
109 482
1 12 2
101 408
1 5 2
153 217
1 11 2
226 424
1 5 2
44 491
1 14 2
52 136
1 6 2
250 369
1 11 2
142 381
1 10 2
222 445
1 13 2
154 492
1 9 2
157 219
1 10 2
105 328
1 11 2
353 471
1 9 2
197 454
1 12 2
356 452
1 7 2
36 293
1 3 2
223 445
1 9 2
200 305
1 2 2
181 437
1 6 2
0 465
1 5 2
146 342
1 6 2
173 211
1 4 2
149 166
1 8 2
164 430
1 5 2
192 384
1 7 2
322 393
1 12 2
337 447
1 3 2
45 464
1 4 2
148 249
1 2 2
132 311
1 9 2
216 331
1 9 2
35 460
1 7 2
285 346
1 4 2
95 208
1 13 2
83 319
1 15 2
214 281
1 10 2
39 165
1 8 2
44 152
1 10 2
275 374
1 10 2
212 307
1 8 2
424 445
1 9 2
75 131
1 10 2
119 174
1 12 2
292 305
1 12 2
197 278
1 8 2
351 434
1 6 2
280 373
1 2 2
210 245
1 10 2
240 474
1 5 2
319 453
1 12 2
333 426
1 13 2
228 408
1 13 2
78 126
1 14 2
12 15
1 2 2
54 97
1 14 2
66 466
1 6 2
221 472
1 11 2
407 471
1 7 2
12 205
1 5 2
142 250
1 3 2
140 386
1 10 2
85 264
1 9 2
129 321
1 2 2
165 341
1 6 2
157 394
1 8 2
201 396
1 11 2
311 333
1 11 2
96 303
1 3 2
64 360
1 3 2
10 16
1 9 2
188 250
1 12 2
246 455
1 14 2
14 348
1 12 2
366 405
1 9 2
81 314
1 2 2
77 364
1 15 2
453 485
1 9 2
52 120
1 4 2
133 360
1 12 2
0 101
1 8 2
102 301
1 11 2
279 282
1 11 2
253 341
1 8 2
38 140
1 4 2
351 386
1 12 2
105 108
1 2 2
288 342
1 10 2
276 377
1 4 2
79 273
1 5 2
306 320
1 6 2
128 416
1 14 2
163 307
1 13 2
19 158
1 8 2
216 476
1 12 2
139 267
1 8 2
60 100
1 9 2
192 429
1 2 2
391 442
1 2 2
377 461
1 3 2
310 352
1 10 2
84 198
1 7 2
231 417
1 15 2
97 321
1 12 2
52 147
1 4 2
238 358
1 3 2
324 459
1 7 2
423 495
1 11 2
0 333
1 14 2
143 241
1 10 2
361 471
1 12 2
182 495
1 2 2
101 468
1 2 2
144 230
1 3 2
5 390
1 4 2
94 255
1 13 2
69 144
1 13 2
186 201
1 2 2
12 431
1 2 2
93 367
1 14 2
94 218
1 12 2
15 478
1 2 2
141 158
1 4 2
151 239
1 10 2
170 342
1 2 2
10 198
1 13 2
35 334
1 11 2
231 427
1 3 2
76 237
1 4 2
91 293
1 2 2
101 423
1 14 2
27 305
1 3 2
156 375
1 8 2
42 275
1 12 2
53 424
1 15 2
97 471
1 13 2
330 432
1 13 2
235 426
1 2 2
101 426
1 6 2
105 256
1 5 2
81 364
1 15 2
30 466
1 5 2
23 311
1 13 2
411 416
1 7 2
15 34
1 3 2
28 235
1 4 2
109 466
1 6 2
311 490
1 10 2
264 296
1 9 2
25 477
1 12 2
0 207
1 8 2
27 179
1 5 2
112 450
1 7 2
69 267
1 3 2
119 284
1 13 2
76 351
1 6 2
30 151
1 8 2
251 340
1 4 2
38 348
1 9 2
138 336
1 14 2
211 281
1 12 2
114 193
1 14 2
9 325
1 9 2
37 363
1 15 2
249 399
1 5 2
54 333
1 3 2
201 278
1 11 2
151 235
1 14 2
88 177
1 3 2
3 196
1 11 2
8 38
1 13 2
323 421
1 11 2
109 190
1 7 2
157 298
1 3 2
119 130
1 10 2
127 386
1 10 2
72 112
1 7 2
193 344
1 6 2
53 148
1 10 2
238 301
1 4 2
122 362
1 5 2
209 459
1 13 2
165 488
1 5 2
241 375
1 6 2
160 404
1 9 2
323 427
1 4 2
95 286
1 4 2
95 410
1 8 2
16 224
1 9 2
18 96
1 3 2
166 468
1 4 2
68 342
1 9 2
146 368
1 11 2
159 467
1 11 2
1 287
1 9 2
237 329
1 5 2
118 222
1 10 2
46 462
1 14 2
163 469
1 6 2
418 476
1 9 2
109 295
1 13 2
242 425
1 4 2
269 348
1 5 2
71 128
1 5 2
70 250
1 2 2
21 298
1 6 2
35 237
1 6 2
117 191
1 8 2
106 211
1 12 2
92 283
1 2 2
299 306
1 12 2
54 379
1 12 2
172 384
1 2 2
345 380
1 6 2
158 236
1 13 2
168 258
1 4 2
392 443
1 4 2
261 368
1 8 2
24 498
1 5 2
37 208
1 11 2
63 223
1 11 2
178 181
1 6 2
141 347
1 10 2
139 453
1 5 2
73 236
1 6 2
19 425
1 11 2
125 326
1 5 2
301 497
1 9 2
60 180
1 7 2
247 377
1 13 2
112 170
1 11 2
324 341
1 7 2
222 225
1 5 2
155 333
1 3 2
177 474
1 2 2
170 357
1 12 2
227 252
1 4 2
112 265
1 12 2
93 435
1 12 2
153 356
1 2 2
289 457
1 6 2
181 248
1 14 2
322 424
1 3 2
200 416
1 7 2
187 464
1 6 2
72 120
1 5 2
160 262
1 8 2
351 398
1 15 2
332 418
1 2 2
163 354
1 3 2
67 87
1 14 2
40 485
1 12 2
244 311
1 12 2
37 383
1 11 2
425 450
1 8 2
148 218
1 3 2
411 470
1 11 2
214 319
1 6 2
150 351
1 6 2
42 350
1 5 2
186 321
1 6 2
235 361
1 15 2
237 257
1 11 2
31 124
1 2 2
104 233
1 3 2
54 185
1 6 2
140 438
1 13 2
283 364
1 7 2
81 383
1 4 2
73 185
1 4 2
24 45
1 2 2
412 456
1 14 2
350 481
1 2 2
156 303
1 8 2
410 418
1 2 2
112 478
1 5 2
187 321
1 14 2
37 153
1 9 2
80 273
1 12 2
16 180
1 3 2
203 267
1 8 2
341 370
1 9 2
15 353
1 10 2
48 175
1 9 2
24 315
1 11 2
116 197
1 15 2
81 473
1 10 2
90 341
1 8 2
69 374
1 2 2
71 457
1 13 2
275 398
1 13 2
47 348
1 7 2
271 423
1 14 2
79 220
1 15 2
119 244
1 8 2
0 227
1 15 2
97 415
1 10 2
270 283
1 4 2
198 342
1 6 2
206 485
1 8 2
18 183
1 3 2
220 379
1 10 2
113 149
1 6 2
75 156
1 13 2
318 336
1 4 2
183 463
1 10 2
43 372
1 6 2
305 452
1 11 2
86 325
1 9 2
188 384
1 5 2
146 236
1 5 2
200 421
1 11 2
122 417
1 15 2
371 423
1 12 2
356 367
1 8 2
147 294
1 13 2
231 303
1 10 2
437 484
1 9 2
251 261
1 10 2
64 354
1 13 2
137 256
1 11 2
324 439
1 2 2
58 368
1 13 2
128 165
1 13 2
66 249
1 13 2
377 478
1 9 2
103 441
1 9 2
401 436
1 15 2
112 309
1 12 2
239 317
1 8 2
167 333
1 11 2
217 231
1 2 2
77 260
1 9 2
260 409
1 6 2
137 169
1 7 2
164 270
1 4 2
299 482
1 2 2
253 377
1 6 2
67 435
1 11 2
2 270
1 4 2
162 366
1 13 2
193 261
1 8 2
100 447
1 8 2
57 251
1 14 2
441 489
1 9 2
203 356
1 7 2
102 374
1 13 2
247 362
1 6 2
82 471
1 6 2
2 234
1 10 2
56 159
1 8 2
355 434
1 5 2
197 309
1 13 2
51 274
1 3 2
289 417
1 6 2
106 219
1 14 2
162 396
1 4 2
466 474
1 15 2
1 211
1 11 2
76 394
1 3 2
25 312
1 4 2
113 138
1 4 2
121 157
1 12 2
49 90
1 6 2
276 411
1 12 2
344 487
1 9 2
261 421
1 8 2
123 295
1 7 2
234 259
1 4 2
79 352
1 14 2
244 413
1 11 2
77 130
1 9 2
191 447
1 7 2
182 423
1 11 2
174 281
1 2 2
213 333
1 11 2
1 10
1 11 2
14 485
1 10 2
452 475
1 8 2
14 274
1 5 2
37 157
1 15 2
47 106
1 5 2
358 389
1 8 2
168 229
1 9 2
45 247
1 5 2
107 317
1 15 2
333 423
1 12 2
335 485
1 10 2
128 279
1 8 2
9 374
1 10 2
86 361
1 2 2
178 397
1 14 2
315 496
1 10 2
110 145
1 14 2
155 458
1 5 2
94 341
1 3 2
320 471
1 6 2
333 464
1 2 2
3 290
1 11 2
172 494
1 11 2
89 265
1 15 2
223 386
1 14 2
174 449
1 13 2
290 356
1 8 2
235 454
1 5 2
25 447
1 8 2
208 412
1 15 2
24 195
1 8 2
109 390
1 4 2
195 465
1 11 2
29 71
1 14 2
11 213
1 7 2
259 361
1 4 2
248 496
1 10 2
67 112
1 4 2
190 434
1 10 2
69 242
1 7 2
237 417
1 11 2
241 434
1 3 2
252 265
1 14 2
357 493
1 2 2
259 263
1 13 2
127 359
1 11 2
305 389
1 2 2
211 350
1 8 2
98 230
1 5 2
168 262
1 10 2
74 400
1 9 2
336 472
1 12 2
57 298
1 13 2
96 239
1 10 2
134 271
1 6 2
21 85
1 2 2
56 92
1 15 2
15 180
1 11 2
66 284
1 6 2
272 359
1 5 2
271 337
1 8 2
284 395
1 6 2
129 146
1 8 2
332 358
1 7 2
233 487
1 8 2
0 119
1 7 2
56 390
1 14 2
14 250
1 9 2
131 222
1 13 2
306 429
1 15 2
159 470
1 12 2
333 402
1 3 2
56 383
1 5 2
120 235
1 5 2
377 412
1 6 2
237 388
1 9 2
213 232
1 14 2
304 313
1 5 2
423 449
1 15 2
164 377
1 10 2
214 408
1 14 2
258 357
1 13 2
462 497
1 15 2
32 80
1 11 2
182 349
1 3 2
67 273
1 8 2
1 353
1 3 2
49 295
1 15 2
24 88
1 12 2
329 436
1 6 2
257 413
1 14 2
207 248
1 11 2
18 446
1 9 2
26 266
1 12 2
55 63
1 14 2
404 433
1 5 2
323 358
1 6 2
259 451
1 8 2
264 478
1 8 2
112 383
1 2 2
163 428
1 2 2
68 76
1 3 2
122 490
1 4 2
52 179
1 10 2
173 176
1 13 2
199 455
1 5 2
16 75
1 2 2
236 315
1 7 2
129 150
1 6 2
64 387
1 9 2
243 415
1 7 2
83 404
1 11 2
229 288
1 13 2
158 220
1 8 2
228 282
1 3 2
7 300
1 5 2
96 476
1 10 2
90 254
1 11 2
79 311
1 6 2
148 383
1 2 2
79 359
1 11 2
229 273
1 5 2
242 382
1 9 2
60 213
1 15 2
191 246
1 8 2
142 366
1 12 2
37 455
1 3 2
69 331
1 10 2
41 75
1 13 2
261 383
1 2 2
324 434
1 12 2
222 234
1 4 2
169 224
1 15 2
145 348
1 11 2
150 405
1 5 2
448 457
1 14 2
235 285
1 6 2
74 445
1 12 2
50 268
1 10 2
274 450
1 14 2
24 496
1 8 2
105 241
1 4 2
35 343
1 10 2
15 374
1 12 2
102 225
1 14 2
91 101
1 3 2
369 439
1 15 2
91 211
1 3 2
170 171
1 7 2
413 415
1 4 2
3 322
1 13 2
3 451
1 5 2
180 418
1 5 2
156 177
1 9 2
333 383
1 5 2
148 393
1 3 2
100 211
1 11 2
154 496
1 6 2
261 445
1 7 2
203 445
1 13 2
402 484
1 13 2
82 427
1 6 2
119 307
1 15 2
333 345
1 5 2
265 474
1 5 2
113 221
1 6 2
311 470
1 5 2
141 294
1 12 2
124 365
1 11 2
102 368
1 8 2
198 411
1 9 2
116 206
1 4 2
198 348
1 3 2
192 258
1 12 2
178 187
1 11 2
198 397
1 3 2
160 292
1 4 2
288 436
1 6 2
52 92
1 8 2
141 224
1 7 2
25 412
1 10 2
275 403
1 3 2
299 373
1 13 2
40 361
1 8 2
35 254
1 12 2
322 359
1 12 2
228 493
1 4 2
34 77
1 2 2
18 188
1 4 2
42 433
1 5 2
305 459
1 15 2
161 236
1 3 2
67 484
1 3 2
325 356
1 12 2
342 497
1 7 2
1 96
1 6 2
103 338
1 15 2
161 336
1 6 2
167 271
1 8 2
139 294
1 4 2
143 459
1 10 2
18 298
1 5 2
417 452
1 12 2
293 327
1 4 2
121 404
1 12 2
20 422
1 8 2
100 262
1 10 2
137 305
1 11 2
2 69
1 14 2
87 373
1 5 2
179 395
1 12 2
347 475
1 12 2
420 491
1 14 2
307 471
1 12 2
38 447
1 12 2
6 50
1 4 2
38 256
1 4 2
283 362
1 10 2
55 316
1 14 2
111 357
1 7 2
103 277
1 4 2
62 209
1 13 2
200 291
1 3 2
220 457
1 3 2
435 457
1 10 2
81 386
1 8 2
123 286
1 4 2
260 492
1 6 2
81 435
1 4 2
253 360
1 2 2
31 462
1 11 2
427 468
1 12 2
20 107
1 3 2
163 340
1 14 2
68 93
1 14 2
287 360
1 7 2
114 142
1 12 2
49 319
1 13 2
214 241
1 2 2
46 414
1 13 2
9 117
1 7 2
191 446
1 7 2
262 368
1 9 2
171 351
1 11 2
154 405
1 9 2
0 164
1 13 2
105 437
1 15 2
10 498
1 12 2
89 495
1 3 2
53 429
1 15 2
299 422
1 7 2
179 211
1 11 2
35 232
1 9 2
345 445
1 8 2
40 172
1 8 2
293 361
1 3 2
473 487
1 11 2
134 292
1 12 2
42 146
1 15 2
105 316
1 3 2
4 49
1 5 2
406 443
1 8 2
42 239
1 5 2
144 483
1 13 2
184 338
1 13 2
108 459
1 2 2
62 114
1 9 2
115 127
1 5 2
27 350
1 5 2
89 358
1 11 2
419 427
1 5 2
79 85
1 5 2
205 413
1 12 2
345 348
1 5 2
146 311
1 3 2
51 388
1 5 2
20 341
1 7 2
437 475
1 11 2
104 294
1 14 2
327 367
1 10 2
119 450
1 7 2
279 353
1 9 2
34 466
1 8 2
25 176
1 14 2
243 479
1 10 2
81 409
1 10 2
333 432
1 14 2
380 429
1 5 2
425 467
1 5 2
198 219
1 15 2
346 348
1 15 2
398 403
1 7 2
38 124
1 11 2
270 448
1 8 2
85 365
1 10 2
220 446
1 8 2
289 447
1 7 2
67 287
1 11 2
153 198
1 13 2
276 429
1 3 2
97 363
1 12 2
26 183
1 7 2
369 479
1 11 2
150 430
1 2 2
159 320
1 6 2
82 194
1 4 2
67 419
1 6 2
181 470
1 5 2
54 202
1 6 2
266 318
1 13 2
10 46
1 2 2
301 450
1 4 2
22 118
1 11 2
287 338
1 8 2
219 396
1 2 2
124 297
1 6 2
253 273
1 4 2
132 392
1 3 2
54 459
1 3 2
70 360
1 10 2
171 370
1 3 2
38 442
1 5 2
45 395
1 12 2
352 475
1 13 2
40 347
1 15 2
16 88
1 15 2
2 64
1 11 2
418 483
1 9 2
443 484
1 3 2
144 254
1 14 2
121 231
1 2 2
111 150
1 6 2
432 446
1 7 2
11 79
1 7 2
14 303
1 2 2
121 173
1 10 2
300 398
1 12 2
87 99
1 5 2
265 491
1 7 2
212 390
1 4 2
167 327
1 3 2
351 385
1 7 2
66 232
1 6 2
87 330
1 15 2
22 106
1 7 2
443 450
1 10 2
82 469
1 3 2
75 263
1 8 2
91 401
1 11 2
183 367
1 14 2
236 478
1 10 2
287 473
1 6 2
177 498
1 3 2
5 214
1 13 2
92 427
1 5 2
203 268
1 5 2
167 420
1 2 2
49 332
1 10 2
142 400
1 10 2
18 74
1 11 2
160 213
1 6 2
300 441
1 14 2
5 333
1 6 2
244 460
1 4 2
177 218
1 10 2
177 358
1 14 2
27 107
1 7 2
333 421
1 5 2
294 318
1 5 2
24 232
1 14 2
215 432
1 8 2
157 284
1 7 2
100 367
1 12 2
253 408
1 11 2
231 327
1 9 2
246 391
1 5 2
27 37
1 9 2
139 352
1 2 2
114 172
1 12 2
202 225
1 13 2
280 451
1 9 2
89 322
1 9 2
229 484
1 12 2
187 212
1 8 2
249 259
1 9 2
323 439
1 5 2
86 475
1 8 2
347 425
1 5 2
332 350
1 11 2
230 313
1 10 2
54 87
1 4 2
346 405
1 7 2
225 382
1 5 2
114 457
1 12 2
191 352
1 9 2
187 256
1 13 2
179 439
1 4 2
59 356
1 10 2
216 238
1 2 2
364 461
1 12 2
127 177
1 7 2
158 399
1 7 2
10 11
1 10 2
262 331
1 4 2
112 196
1 3 2
129 391
1 9 2
233 372
1 14 2
47 174
1 4 2
20 120
1 7 2
320 363
1 10 2
177 372
1 11 2
66 163
1 7 2
50 435
1 2 2
76 420
1 15 2
193 214
1 6 2
365 472
1 9 2
393 407
1 8 2
33 258
1 4 2
235 472
1 12 2
237 406
1 12 2
135 217
1 11 2
124 245
1 4 2
339 470
1 13 2
106 280
1 10 2
243 323
1 9 2
29 150
1 12 2
55 290
1 15 2
115 256
1 12 2
245 436
1 5 2
148 195
1 8 2
77 155
1 11 2
37 75
1 9 2
56 205
1 3 2
302 388
1 13 2
55 261
1 10 2
464 479
1 6 2
305 377
1 11 2
112 133
1 4 2
307 394
1 15 2
298 466
1 12 2
58 308
1 11 2
140 377
1 9 2
245 455
1 4 2
290 438
1 15 2
187 332
1 11 2
175 262
1 15 2
268 374
1 15 2
407 461
1 5 2
106 326
1 13 2
102 296
1 15 2
106 158
1 5 2
8 41
1 12 2
138 430
1 3 2
61 451
1 5 2
208 330
1 11 2
423 481
1 3 2
87 235
1 14 2
137 453
1 12 2
260 459
1 5 2
65 169
1 5 2
135 273
1 3 2
58 129
1 2 2
84 424
1 15 2
130 309
1 12 2
155 291
1 8 2
181 394
1 10 2
188 489
1 12 2
14 50
1 11 2
123 379
1 4 2
108 471
1 8 2
163 460
1 11 2
114 268
1 10 2
18 432
1 3 2
344 476
1 4 2
161 265
1 11 2
126 272
1 3 2
163 476
1 15 2
337 380
1 15 2
5 436
1 7 2
102 250
1 15 2
78 353
1 5 2
80 387
1 15 2
312 472
1 7 2
123 132
1 10 2
207 292
1 7 2
0 114
1 10 2
267 438
1 4 2
232 384
1 7 2
68 439
1 2 2
372 473
1 9 2
118 388
1 11 2
123 234
1 9 2
98 136
1 2 2
253 390
1 5 2
222 483
1 6 2
16 451
1 12 2
63 235
1 11 2
97 499
1 8 2
32 46
1 14 2
312 376
1 7 2
57 477
1 14 2
146 433
1 13 2
0 100
1 13 2
41 367
1 12 2
192 432
1 13 2
223 310
1 4 2
100 124
1 14 2
375 420
1 14 2
19 313
1 4 2
358 478
1 14 2
131 385
1 6 2
104 372
1 3 2
432 458
1 8 2
30 247
1 10 2
9 401
1 13 2
64 144
1 3 2
83 485
1 10 2
55 348
1 4 2
71 472
1 13 2
46 132
1 2 2
408 464
1 7 2
190 432
1 8 2
338 354
1 8 2
39 192
1 7 2
72 266
1 7 2
5 443
1 8 2
18 137
1 3 2
261 462
1 11 2
5 279
1 14 2
161 222
1 13 2
43 371
1 12 2
292 413
1 11 2
155 376
1 2 2
317 326
1 14 2
0 179
1 11 2
367 475
1 14 2
340 413
1 15 2
228 247
1 7 2
405 494
1 11 2
17 413
1 6 2
163 191
1 14 2
346 376
1 12 2
411 498
1 2 2
230 354
1 15 2
107 270
1 3 2
338 434
1 7 2
238 391
1 6 2
281 355
1 15 2
314 480
1 9 2
22 309
1 11 2
15 306
1 8 2
412 442
1 4 2
14 446
1 12 2
379 451
1 7 2
166 341
1 8 2
167 418
1 12 2
115 351
1 3 2
5 161
1 8 2
227 389
1 6 2
155 344
1 12 2
112 304
1 15 2
327 460
1 8 2
46 453
1 8 2
95 254
1 9 2
31 377
1 6 2
301 406
1 12 2
271 358
1 15 2
57 200
1 7 2
93 406
1 3 2
216 478
1 14 2
350 456
1 6 2
84 481
1 14 2
134 210
1 15 2
35 105
1 8 2
110 293
1 8 2
161 223
1 7 2
159 220
1 13 2
104 455
1 12 2
31 117
1 13 2
115 166
1 6 2
395 440
1 15 2
25 368
1 11 2
71 87
1 11 2
53 488
1 9 2
123 147
1 4 2
13 72
1 7 2
165 411
1 5 2
159 251
1 7 2
220 232
1 4 2
445 481
1 11 2
107 497
1 9 2
45 243
1 3 2
54 420
1 14 2
18 426
1 7 2
133 486
1 7 2
293 355
1 2 2
370 401
1 3 2
264 464
1 2 2
340 440
1 10 2
29 404
1 11 2
238 497
1 14 2
116 191
1 6 2
80 431
1 2 2
1 384
1 15 2
156 429
1 15 2
110 306
1 13 2
109 229
1 12 2
29 203
1 2 2
66 111
1 5 2
25 115
1 10 2
365 459
1 8 2
116 120
1 14 2
175 436
1 5 2
241 364
1 12 2
150 400
1 8 2
154 259
1 4 2
18 401
1 4 2
26 124
1 12 2
240 411
1 7 2
307 445
1 5 2
107 422
1 14 2
135 168
1 3 2
39 289
1 12 2
91 226
1 14 2
272 491
1 6 2
55 280
1 5 2
31 277
1 4 2
236 479
1 15 2
259 338
1 9 2
41 235
1 12 2
369 417
1 5 2
57 101
1 13 2
277 356
1 3 2
61 116
1 7 2
113 298
1 15 2
377 418
1 8 2
257 355
1 12 2
297 447
1 5 2
340 392
1 8 2
195 200
1 7 2
25 290
1 3 2
376 416
1 5 2
427 488
1 15 2
141 268
1 13 2
324 336
1 15 2
129 359
1 4 2
245 469
1 13 2
31 300
1 6 2
81 328
1 7 2
308 481
1 4 2
3 272
1 13 2
69 443
1 10 2
42 363
1 3 2
68 288
1 6 2
280 329
1 7 2
11 53
1 3 2
80 498
1 6 2
226 325
1 5 2
308 495
1 4 2
442 478
1 9 2
141 369
1 13 2
51 300
1 9 2
294 296
1 12 2
108 458
1 4 2
279 452
1 3 2
169 237
1 3 2
469 474
1 14 2
194 233
1 4 2
78 161
1 7 2
119 360
1 14 2
65 351
1 5 2
73 413
1 6 2
121 142
1 7 2
15 29
1 12 2
76 433
1 5 2
355 457
1 3 2
55 191
1 13 2
63 267
1 9 2
442 470
1 4 2
156 484
1 6 2
54 424
1 12 2
388 473
1 2 2
77 452
1 5 2
44 278
1 11 2
155 435
1 12 2
266 427
1 13 2
366 449
1 14 2
188 281
1 3 2
76 354
1 6 2
222 271
1 14 2
290 335
1 8 2
11 29
1 11 2
394 416
1 10 2
99 140
1 14 2
49 253
1 5 2
409 425
1 8 2
4 5
1 4 2
380 452
1 3 2
128 149
1 2 2
39 401
1 2 2
173 278
1 7 2
206 229
1 14 2
40 456
1 7 2
108 461
1 13 2
329 474
1 5 2
194 368
1 2 2
364 456
1 5 2
30 267
1 13 2
133 146
1 3 2
72 393
1 5 2
103 259
1 10 2
168 494
1 4 2
263 378
1 15 2
86 192
1 11 2
172 219
1 11 2
10 497
1 12 2
40 190
1 9 2
12 436
1 5 2
160 178
1 8 2
173 497
1 9 2
12 446
1 14 2
315 336
1 13 2
207 491
1 7 2
206 499
1 6 2
173 232
1 13 2
135 357
1 15 2
200 370
1 4 2
71 139
1 9 2
157 207
1 13 2
316 429
1 12 2
91 251
1 9 2
19 412
1 13 2
30 299
1 2 2
67 420
1 9 2
23 316
1 10 2
228 259
1 9 2
348 386
1 11 2
13 451
1 6 2
83 271
1 7 2
388 417
1 10 2
82 271
1 9 2
142 160
1 15 2
71 178
1 14 2
132 153
1 11 2
3 133
1 4 2
163 266
1 2 2
266 387
1 14 2
366 416
1 9 2
273 491
1 14 2
187 196
1 2 2
220 499
1 3 2
88 172
1 7 2
21 445
1 15 2
259 402
1 13 2
22 295
1 11 2
59 271
1 9 2
96 227
1 6 2
38 413
1 13 2
169 253
1 4 2
135 496
1 2 2
170 283
1 11 2
203 273
1 6 2
234 290
1 5 2
369 436
1 8 2
28 352
1 11 2
83 284
1 15 2
371 451
1 14 2
241 393
1 6 2
262 415
1 2 2
218 239
1 9 2
129 424
1 7 2
18 375
1 6 2
328 455
1 13 2
156 260
1 10 2
177 225
1 2 2
148 310
1 6 2
162 458
1 13 2
81 185
1 11 2
293 423
1 15 2
108 133
1 14 2
66 247
1 12 2
26 354
1 11 2
221 494
1 14 2
150 222
1 8 2
71 303
1 12 2
1 286
1 14 2
413 420
1 11 2
61 343
1 5 2
395 452
1 14 2
150 199
1 10 2
187 460
1 14 2
89 371
1 7 2
383 479
1 10 2
64 207
1 8 2
25 325
1 13 2
110 264
1 4 2
249 313
1 5 2
205 257
1 7 2
249 331
1 4 2
97 345
1 9 2
240 451
1 15 2
177 492
1 9 2
135 172
1 3 2
310 386
1 7 2
89 111
1 14 2
143 255
1 8 2
214 407
1 6 2
126 487
1 14 2
96 302
1 3 2
5 399
1 10 2
80 408
1 15 2
97 358
1 3 2
36 454
1 10 2
262 277
1 15 2
147 356
1 2 2
59 175
1 15 2
332 428
1 14 2
28 192
1 4 2
138 436
1 13 2
115 263
1 9 2
273 455
1 12 2
160 365
1 12 2
118 242
1 8 2
179 367
1 5 2
124 194
1 11 2
254 493
1 7 2
326 436
1 5 2
212 432
1 14 2
133 341
1 11 2
375 473
1 6 2
96 334
1 7 2
335 339
1 2 2
82 283
1 15 2
191 488
1 7 2
128 224
1 3 2
304 463
1 15 2
77 449
1 9 2
215 435
1 11 2
133 363
1 4 2
163 394
1 3 2
158 189
1 13 2
260 426
1 12 2
110 190
1 15 2
177 440
1 10 2
1 402
1 8 2
202 309
1 6 2
111 298
1 4 2
173 449
1 8 2
103 145
1 5 2
237 363
1 2 2
26 483
1 9 2
220 300
1 14 2
88 341
1 7 2
368 426
1 5 2
293 447
1 7 2
110 231
1 10 2
252 308
1 12 2
311 428
1 9 2
264 319
1 4 2
417 444
1 12 2
246 468
1 11 2
296 315
1 9 2
96 215
1 11 2
123 329
1 3 2
116 438
1 12 2
211 497
1 15 2
210 355
1 15 2
340 405
1 8 2
170 187
1 8 2
291 476
1 2 2
238 336
1 5 2
70 433
1 5 2
195 420
1 13 2
278 467
1 10 2
74 210
1 15 2
40 410
1 11 2
249 453
1 9 2
306 400
1 8 2
44 439
1 8 2
355 413
1 11 2
294 429
1 5 2
203 211
1 11 2
117 280
1 12 2
158 217
1 11 2
41 491
1 11 2
216 394
1 9 2
184 197
1 15 2
242 384
1 4 2
160 258
1 7 2
465 472
1 15 2
275 482
1 6 2
271 417
1 7 2
40 477
1 12 2
160 312
1 3 2
36 258
1 4 2
169 477
1 15 2
112 228
1 10 2
227 310
1 14 2
155 318
1 11 2
309 463
1 14 2
188 225
1 4 2
71 202
1 8 2
252 383
1 11 2
63 370
1 14 2
170 307
1 10 2
325 357
1 4 2
158 473
1 6 2
200 425
1 2 2
54 412
1 4 2
177 310
1 11 2
221 394
1 15 2
159 278
1 4 2
250 383
1 14 2
235 341
1 3 2
146 159
1 4 2
326 430
1 3 2
245 319
1 12 2
91 112
1 11 2
439 476
1 6 2
167 276
1 3 2
48 131
1 10 2
176 322
1 14 2
40 290
1 12 2
454 456
1 11 2
194 221
1 3 2
175 479
1 2 2
69 254
1 2 2
30 190
1 12 2
33 112
1 15 2
258 489
1 5 2
217 236
1 8 2
287 366
1 14 2
10 134
1 10 2
460 483
1 4 2
257 422
1 10 2
11 180
1 7 2
25 121
1 14 2
110 399
1 7 2
6 351
1 8 2
39 119
1 7 2
6 249
1 6 2
39 235
1 14 2
137 452
1 4 2
119 200
1 8 2
189 229
1 11 2
10 348
1 13 2
46 174
1 6 2
124 285
1 12 2
420 479
1 9 2
169 249
1 15 2
9 372
1 9 2
104 186
1 8 2
103 412
1 3 2
141 285
1 7 2
462 468
1 10 2
238 375
1 3 2
14 146
1 3 2
147 162
1 14 2
240 434
1 13 2
77 82
1 7 2
106 402
1 5 2
64 370
1 12 2
262 271
1 14 2
13 23
1 2 2
86 449
1 7 2
21 149
1 5 2
66 218
1 12 2
189 231
1 9 2
370 467
1 13 2
403 433
1 5 2
135 386
1 6 2
115 395
1 12 2
7 427
1 5 2
18 55
1 5 2
85 227
1 8 2
125 437
1 15 2
261 437
1 11 2
156 349
1 10 2
355 485
1 3 2
336 475
1 15 2
27 269
1 14 2
89 411
1 2 2
29 305
1 7 2
151 204
1 12 2
58 209
1 9 2
116 315
1 5 2
102 263
1 4 2
44 254
1 13 2
106 421
1 3 2
97 334
1 2 2
123 411
1 9 2
167 450
1 3 2
200 225
1 13 2
45 186
1 5 2
9 86
1 13 2
111 303
1 3 2
281 484
1 14 2
65 126
1 12 2
37 442
1 11 2
58 97
1 4 2
84 417
1 10 2
55 233
1 8 2
157 417
1 5 2
281 485
1 9 2
209 314
1 7 2
163 223
1 3 2
349 382
1 15 2
292 480
1 4 2
82 468
1 15 2
76 253
1 13 2
215 440
1 13 2
76 406
1 11 2
148 461
1 6 2
103 228
1 11 2
17 371
1 7 2
179 266
1 15 2
236 337
1 9 2
179 385
1 11 2
411 428
1 8 2
212 243
1 3 2
193 237
1 5 2
386 479
1 9 2
193 447
1 14 2
61 71
1 15 2
404 483
1 11 2
266 299
1 4 2
337 488
1 4 2
77 107
1 9 2
220 221
1 9 2
48 236
1 13 2
243 295
1 9 2
273 483
1 15 2
247 464
1 15 2
191 462
1 3 2
30 71
1 12 2
235 282
1 11 2
40 338
1 9 2
66 450
1 3 2
433 478
1 11 2
36 74
1 7 2
236 444
1 5 2
30 137
1 6 2
106 379
1 15 2
307 454
1 14 2
285 330
1 6 2
476 489
1 5 2
136 338
1 15 2
214 307
1 14 2
139 363
1 6 2
198 381
1 6 2
18 135
1 9 2
141 469
1 3 2
105 236
1 5 2
295 296
1 10 2
191 455
1 2 2
1 63
1 3 2
68 144
1 13 2
257 286
1 15 2
193 256
1 8 2
38 141
1 4 2
92 209
1 6 2
183 305
1 5 2
22 330
1 10 2
240 485
1 14 2
63 406
1 14 2
123 180
1 2 2
255 372
1 11 2
100 384
1 10 2
14 82
1 15 2
372 444
1 6 2
196 234
1 6 2
82 178
1 4 2
284 404
1 12 2
27 349
1 5 2
217 436
1 12 2
78 177
1 12 2
245 491
1 14 2
97 386
1 8 2
87 207
1 14 2
170 177
1 7 2
1 84
1 4 2
57 414
1 4 2
17 33
1 5 2
97 286
1 6 2
67 409
1 13 2
119 435
1 10 2
224 399
1 7 2
114 259
1 5 2
298 386
1 8 2
176 279
1 8 2
227 262
1 12 2
354 441
1 8 2
127 199
1 14 2
70 235
1 3 2
200 240
1 7 2
148 407
1 2 2
111 387
1 14 2
169 301
1 13 2
431 459
1 11 2
212 327
1 9 2
47 447
1 10 2
118 498
1 13 2
23 229
1 8 2
210 405
1 2 2
73 186
1 12 2
64 486
1 14 2
119 384
1 11 2
133 498
1 8 2
346 460
1 14 2
37 332
1 15 2
360 390
1 8 2
216 269
1 2 2
4 232
1 4 2
204 276
1 11 2
171 297
1 5 2
281 363
1 11 2
296 358
1 3 2
237 295
1 5 2
62 432
1 2 2
50 316
1 10 2
451 482
1 7 2
52 407
1 10 2
206 493
1 2 2
77 115
1 15 2
156 327
1 4 2
164 314
1 12 2
44 429
1 8 2
284 478
1 10 2
86 318
1 6 2
50 310
1 14 2
146 339
1 4 2
114 426
1 6 2
361 454
1 12 2
387 419
1 2 2
423 448
1 13 2
129 235
1 2 2
55 262
1 3 2
110 329
1 13 2
70 343
1 14 2
414 451
1 11 2
126 295
1 11 2
31 259
1 6 2
55 252
1 6 2
201 348
1 3 2
428 461
1 7 2
75 186
1 14 2
228 480
1 12 2
82 342
1 12 2
171 194
1 8 2
233 431
1 6 2
78 423
1 5 2
98 200
1 13 2
40 389
1 13 2
324 413
1 10 2
113 430
1 2 2
30 357
1 13 2
102 143
1 11 2
275 313
1 2 2
360 366
1 13 2
107 187
1 10 2
40 176
1 13 2
271 497
1 4 2
36 471
1 11 2
198 387
1 12 2
149 250
1 2 2
123 312
1 8 2
447 498
1 6 2
238 456
1 9 2
151 218
1 2 2
22 271
1 5 2
309 393
1 11 2
231 467
1 14 2
168 241
1 14 2
327 486
1 4 2
485 499
1 10 2
17 64
1 10 2
310 323
1 15 2
204 222
1 14 2
52 264
1 12 2
246 286
1 9 2
206 476
1 4 2
48 275
1 13 2
164 320
1 10 2
106 190
1 4 2
173 284
1 2 2
297 385
1 4 2
219 403
1 10 2
116 467
1 10 2
108 269
1 3 2
141 214
1 11 2
93 124
1 2 2
164 212
1 2 2
27 230
1 11 2
294 387
1 2 2
185 247
1 13 2
38 42
1 6 2
162 296
1 5 2
195 198
1 8 2
250 495
1 9 2
65 305
1 12 2
316 380
1 5 2
26 287
1 5 2
333 388
1 11 2
458 464
1 4 2
241 345
1 9 2
31 147
1 6 2
90 400
1 10 2
144 219
1 11 2
326 347
1 12 2
157 243
1 12 2
343 480
1 14 2
251 428
1 13 2
100 289
1 9 2
201 231
1 15 2
360 391
1 15 2
60 245
1 13 2
179 341
1 3 2
42 127
1 7 2
169 201
1 12 2
148 326
1 13 2
250 314
1 12 2
7 160
1 14 2
233 497
1 15 2
79 328
1 3 2
113 236
1 7 2
62 63
1 14 2
233 413
1 8 2
257 476
1 15 2
293 458
1 10 2
165 491
1 12 2
169 279
1 6 2
192 481
1 9 2
157 299
1 15 2
15 474
1 5 2
5 430
1 10 2
171 368
1 8 2
367 427
1 5 2
194 492
1 15 2
128 448
1 13 2
11 181
1 14 2
106 409
1 2 2
323 498
1 10 2
25 439
1 11 2
37 395
1 7 2
376 499
1 3 2
140 360
1 6 2
69 137
1 5 2
437 462
1 6 2
333 456
1 13 2
206 289
1 15 2
93 188
1 13 2
49 357
1 5 2
244 430
1 15 2
345 486
1 11 2
182 276
1 7 2
304 402
1 3 2
7 32
1 5 2
113 132
1 5 2
31 211
1 6 2
190 443
1 2 2
79 348
1 14 2
76 335
1 8 2
183 296
1 9 2
177 394
1 12 2
325 414
1 6 2
8 241
1 12 2
274 357
1 6 2
79 428
1 6 2
98 320
1 7 2
86 355
1 2 2
65 222
1 6 2
74 144
1 9 2
300 390
1 8 2
39 322
1 13 2
139 472
1 7 2
192 244
1 8 2
353 450
1 7 2
201 337
1 10 2
143 315
1 9 2
367 429
1 5 2
105 334
1 11 2
99 370
1 13 2
224 443
1 13 2
70 462
1 15 2
148 416
1 14 2
197 485
1 7 2
301 371
1 4 2
58 413
1 10 2
204 381
1 12 2
211 239
1 14 2
6 486
1 3 2
13 198
1 13 2
73 99
1 6 2
148 211
1 5 2
285 319
1 15 2
295 433
1 15 2
388 414
1 13 2
334 463
1 11 2
84 136
1 3 2
189 212
1 11 2
467 487
1 11 2
32 414
1 15 2
63 84
1 11 2
274 306
1 15 2
228 436
1 14 2
11 390
1 2 2
24 356
1 10 2
233 296
1 7 2
246 392
1 8 2
146 193
1 6 2
215 368
1 8 2
50 87
1 11 2
299 335
1 8 2
82 363
1 11 2
241 374
1 6 2
212 248
1 14 2
137 258
1 7 2
184 385
1 14 2
136 176
1 4 2
145 406
1 7 2
14 28
1 2 2
350 392
1 10 2
192 345
1 4 2
75 211
1 3 2
141 423
1 2 2
284 486
1 15 2
38 138
1 14 2
202 352
1 11 2
144 357
1 12 2
197 206
1 12 2
261 487
1 8 2
341 458
1 10 2
128 375
1 11 2
181 372
1 14 2
37 447
1 2 2
44 435
1 11 2
266 388
1 14 2
293 388
1 10 2
85 223
1 2 2
68 302
1 13 2
44 436
1 11 2
104 307
1 14 2
265 486
1 12 2
378 491
1 9 2
58 80
1 5 2
66 112
1 11 2
312 399
1 11 2
252 478
1 13 2
208 459
1 12 2
144 467
1 10 2
5 401
1 12 2
328 480
1 12 2
296 340
1 7 2
27 464
1 12 2
324 425
1 9 2
257 289
1 6 2
150 383
1 2 2
248 260
1 9 2
28 431
1 6 2
23 301
1 3 2
317 490
1 4 2
114 291
1 11 2
8 278
1 2 2
168 184
1 8 2
254 313
1 6 2
335 390
1 6 2
155 179
1 14 2
273 403
1 14 2
20 452
1 3 2
106 271
1 3 2
420 480
1 4 2
13 46
1 4 2
264 290
1 5 2
322 391
1 15 2
105 169
1 9 2
237 266
1 13 2
186 333
1 14 2
62 386
1 7 2
112 350
1 12 2
425 460
1 9 2
5 128
1 14 2
61 92
1 13 2
11 369
1 11 2
237 435
1 3 2
140 413
1 7 2
130 345
1 2 2
67 386
1 11 2
251 324
1 8 2
362 397
1 10 2
370 497
1 15 2
227 247
1 10 2
21 391
1 9 2
251 357
1 9 2
75 325
1 4 2
203 484
1 3 2
20 115
1 12 2
53 202
1 15 2
56 290
1 2 2
281 496
1 9 2
200 275
1 8 2
146 440
1 6 2
266 365
1 6 2
88 481
1 12 2
109 195
1 15 2
161 382
1 11 2
231 463
1 4 2
375 412
1 9 2
186 292
1 5 2
350 437
1 9 2
381 468
1 9 2
64 367
1 8 2
8 277
1 2 2
49 394
1 4 2
137 297
1 3 2
222 371
1 14 2
50 445
1 9 2
314 490
1 4 2
119 494
1 2 2
205 410
1 8 2
172 212
1 14 2
346 354
1 10 2
80 492
1 11 2
175 179
1 14 2
165 249
1 8 2
444 466
1 9 2
153 394
1 14 2
110 247
1 12 2
5 99
1 9 2
337 338
1 14 2
127 218
1 12 2
295 418
1 12 2
16 229
1 12 2
288 319
1 10 2
183 382
1 5 2
25 119
1 4 2
327 353
1 6 2
149 427
1 9 2
312 408
1 14 2
202 471
1 12 2
120 198
1 13 2
177 451
1 2 2
70 92
1 7 2
82 99
1 3 2
33 69
1 11 2
7 57
1 4 2
199 496
1 14 2
400 476
1 11 2
76 141
1 9 2
342 459
1 4 2
179 397
1 14 2
177 391
1 6 2
130 450
1 14 2
139 413
1 15 2
79 100
1 8 2
10 372
1 3 2
395 414
1 13 2
375 391
1 5 2
77 303
1 9 2
37 224
1 11 2
381 407
1 8 2
126 202
1 6 2
134 341
1 10 2
44 107
1 5 2
304 389
1 4 2
135 411
1 14 2
215 495
1 13 2
151 198
1 10 2
69 260
1 11 2
317 439
1 9 2
17 43
1 6 2
29 86
1 3 2
131 318
1 13 2
82 262
1 10 2
313 436
1 9 2
189 460
1 10 2
415 481
1 13 2
33 88
1 12 2
290 324
1 13 2
326 425
1 15 2
41 461
1 14 2
17 479
1 8 2
175 271
1 7 2
121 359
1 9 2
103 274
1 11 2
175 387
1 10 2
98 421
1 15 2
219 383
1 11 2
336 410
1 14 2
54 265
1 11 2
297 486
1 6 2
20 203
1 12 2
314 380
1 5 2
343 371
1 8 2
96 344
1 5 2
159 190
1 9 2
22 72
1 12 2
178 318
1 11 2
198 388
1 4 2
134 205
1 5 2
359 400
1 2 2
101 274
1 8 2
23 410
1 8 2
324 365
1 14 2
140 322
1 6 2
124 215
1 15 2
36 411
1 15 2
140 199
1 2 2
457 491
1 6 2
173 403
1 6 2
137 335
1 4 2
216 455
1 9 2
312 456
1 12 2
68 160
1 2 2
147 288
1 14 2
181 467
1 15 2
230 243
1 2 2
369 428
1 14 2
442 487
1 4 2
210 307
1 4 2
106 133
1 4 2
4 361
1 11 2
139 348
1 5 2
77 104
1 7 2
288 458
1 2 2
81 323
1 12 2
45 244
1 3 2
362 376
1 2 2
127 362
1 8 2
275 473
1 3 2
362 390
1 3 2
419 431
1 10 2
130 418
1 2 2
312 484
1 3 2
248 377
1 3 2
243 371
1 10 2
51 175
1 8 2
267 443
1 8 2
209 233
1 11 2
331 412
1 8 2
183 404
1 2 2
251 350
1 12 2
202 319
1 13 2
272 301
1 15 2
430 433
1 8 2
164 170
1 3 2
248 467
1 15 2
385 393
1 12 2
56 332
1 3 2
53 207
1 15 2
234 322
1 9 2
76 484
1 14 2
330 443
1 2 2
116 265
1 5 2
235 379
1 15 2
386 498
1 7 2
81 226
1 7 2
53 443
1 2 2
44 172
1 2 2
82 151
1 15 2
145 417
1 5 2
29 462
1 14 2
228 445
1 7 2
153 236
1 9 2
318 430
1 10 2
76 191
1 7 2
161 383
1 15 2
32 375
1 5 2
158 192
1 11 2
230 368
1 2 2
440 493
1 6 2
435 491
1 11 2
248 446
1 6 2
36 79
1 6 2
78 456
1 5 2
103 491
1 13 2
214 245
1 11 2
300 371
1 6 2
49 72
1 5 2
192 259
1 7 2
16 43
1 3 2
147 420
1 6 2
175 178
1 15 2
0 107
1 14 2
31 431
1 4 2
464 486
1 10 2
79 446
1 13 2
121 181
1 13 2
25 211
1 4 2
24 176
1 9 2
241 339
1 14 2
32 214
1 5 2
121 383
1 4 2
30 224
1 11 2
225 428
1 5 2
258 304
1 15 2
226 259
1 3 2
215 366
1 10 2
294 320
1 8 2
138 460
1 14 2
2 22
1 14 2
105 221
1 11 2
19 428
1 13 2
236 454
1 14 2
203 319
1 14 2
451 479
1 13 2
55 120
1 11 2
28 426
1 10 2
274 367
1 5 2
248 293
1 14 2
212 230
1 2 2
391 406
1 4 2
192 398
1 7 2
27 99
1 8 2
170 343
1 6 2
260 299
1 3 2
67 136
1 13 2
318 353
1 15 2
43 221
1 6 2
286 485
1 11 2
154 293
1 12 2
135 359
1 2 2
399 441
1 3 2
450 468
1 14 2
54 215
1 7 2
176 487
1 11 2
155 304
1 6 2
21 237
1 12 2
201 386
1 5 2
315 446
1 9 2
78 137
1 4 2
413 439
1 4 2
45 248
1 4 2
171 229
1 5 2
72 101
1 9 2
366 482
1 8 2
52 84
1 6 2
40 333
1 15 2
114 122
1 7 2
42 102
1 4 2
416 451
1 13 2
12 437
1 15 2
113 415
1 14 2
150 299
1 3 2
276 280
1 14 2
45 396
1 2 2
66 246
1 2 2
379 454
1 14 2
91 419
1 12 2
171 328
1 6 2
181 235
1 3 2
70 388
1 4 2
232 316
1 14 2
38 116
1 6 2
222 233
1 10 2
12 83
1 7 2
39 212
1 6 2
23 404
1 11 2
353 391
1 5 2
123 431
1 5 2
64 409
1 12 2
152 477
1 3 2
32 448
1 12 2
86 385
1 13 2
237 242
1 6 2
176 384
1 5 2
14 438
1 14 2
411 452
1 6 2
149 498
1 12 2
113 367
1 5 2
86 289
1 14 2
215 397
1 15 2
430 497
1 9 2
436 465
1 4 2
194 197
1 11 2
96 400
1 11 2
5 200
1 13 2
107 138
1 5 2
127 480
1 12 2
159 287
1 13 2
316 324
1 2 2
336 409
1 3 2
29 475
1 3 2
49 122
1 4 2
201 333
1 4 2
195 401
1 9 2
378 405
1 9 2
82 433
1 5 2
2 337
1 15 2
184 228
1 14 2
191 288
1 7 2
10 25
1 2 2
19 442
1 5 2
342 357
1 2 2
152 250
1 14 2
20 77
1 13 2
141 283
1 15 2
207 296
1 15 2
69 226
1 3 2
62 338
1 7 2
94 309
1 14 2
52 367
1 2 2
175 497
1 6 2
329 489
1 8 2
10 181
1 5 2
116 253
1 15 2
135 437
1 8 2
99 339
1 3 2
176 308
1 14 2
11 243
1 5 2
19 376
1 11 2
391 478
1 15 2
107 307
1 8 2
342 481
1 13 2
180 236
1 12 2
9 197
1 2 2
96 171
1 14 2
387 451
1 9 2
10 448
1 9 2
113 136
1 14 2
305 330
1 2 2
304 418
1 12 2
104 347
1 3 2
371 485
1 3 2
155 253
1 6 2
240 447
1 4 2
57 181
1 4 2
201 275
1 15 2
95 447
1 15 2
326 480
1 13 2
283 420
1 9 2
217 254
1 3 2
43 198
1 8 2
215 351
1 4 2
24 32
1 12 2
390 415
1 4 2
169 360
1 15 2
50 336
1 15 2
452 464
1 3 2
135 295
1 4 2
29 90
1 13 2
74 280
1 8 2
92 334
1 15 2
18 253
1 5 2
102 157
1 12 2
362 438
1 8 2
127 157
1 13 2
203 297
1 3 2
171 478
1 7 2
141 229
1 12 2
81 102
1 3 2
197 436
1 4 2
17 81
1 15 2
98 457
1 13 2
110 491
1 15 2
277 382
1 2 2
57 203
1 9 2
61 180
1 11 2
230 408
1 4 2
240 437
1 8 2
211 413
1 4 2
5 329
1 14 2
66 347
1 3 2
65 227
1 14 2
143 404
1 7 2
259 366
1 7 2
352 379
1 6 2
389 448
1 14 2
401 437
1 2 2
186 302
1 9 2
268 462
1 4 2
266 458
1 11 2
126 182
1 15 2
217 428
1 6 2
229 391
1 11 2
79 191
1 15 2
339 480
1 4 2
204 332
1 13 2
41 278
1 3 2
42 493
1 13 2
213 316
1 12 2
442 467
1 7 2
156 453
1 14 2
1 388
1 4 2
63 472
1 8 2
164 496
1 9 2
111 171
1 13 2
209 378
1 9 2
0 249
1 3 2
293 456
1 9 2
57 264
1 5 2
423 451
1 6 2
71 419
1 12 2
78 341
1 7 2
258 476
1 14 2
48 183
1 6 2
160 447
1 10 2
151 321
1 14 2
223 383
1 15 2
150 229
1 2 2
22 446
1 6 2
45 95
1 7 2
374 418
1 15 2
13 363
1 14 2
80 364
1 11 2
184 261
1 7 2
103 263
1 6 2
312 444
1 8 2
141 231
1 12 2
38 75
1 15 2
216 218
1 5 2
303 419
1 5 2
268 448
1 15 2
10 401
1 10 2
221 381
1 5 2
56 167
1 12 2
324 482
1 11 2
132 409
1 4 2
96 264
1 8 2
93 136
1 2 2
233 307
1 2 2
28 119
1 11 2
212 360
1 8 2
195 365
1 5 2
71 347
1 15 2
329 354
1 5 2
66 351
1 10 2
72 212
1 7 2
342 455
1 3 2
163 414
1 15 2
433 462
1 14 2
196 457
1 14 2
14 153
1 9 2
266 433
1 3 2
421 440
1 2 2
52 244
1 4 2
123 131
1 4 2
290 367
1 5 2
128 352
1 3 2
302 472
1 2 2
38 60
1 3 2
369 430
1 2 2
178 474
1 7 2
176 417
1 15 2
387 461
1 15 2
217 294
1 8 2
165 371
1 15 2
338 458
1 11 2
65 156
1 6 2
94 402
1 7 2
263 451
1 2 2
69 494
1 8 2
270 318
1 3 2
76 126
1 2 2
56 489
1 9 2
373 404
1 7 2
7 228
1 2 2
155 360
1 5 2
405 476
1 12 2
171 430
1 5 2
79 230
1 5 2
115 150
1 13 2
107 124
1 5 2
216 282
1 11 2
37 180
1 14 2
41 328
1 10 2
210 385
1 8 2
30 321
1 3 2
403 453
1 2 2
67 394
1 13 2
80 353
1 2 2
93 211
1 10 2
161 367
1 14 2
66 383
1 6 2
95 486
1 10 2
210 295
1 3 2
102 365
1 5 2
28 420
1 9 2
133 204
1 9 2
356 464
1 11 2
305 468
1 5 2
58 151
1 5 2
327 385
1 8 2
53 139
1 6 2
169 443
1 4 2
279 309
1 11 2
195 443
1 3 2
29 229
1 8 2
461 463
1 13 2
22 171
1 6 2
116 252
1 11 2
119 166
1 7 2
228 279
1 9 2
188 303
1 9 2
360 409
1 2 2
66 235
1 2 2
90 128
1 4 2
178 206
1 12 2
177 349
1 3 2
186 382
1 12 2
38 242
1 2 2
80 194
1 9 2
63 319
1 12 2
58 272
1 12 2
119 201
1 2 2
321 496
1 6 2
319 333
1 4 2
315 354
1 5 2
18 289
1 15 2
194 376
1 15 2
15 94
1 11 2
56 251
1 12 2
293 382
1 10 2
69 314
1 13 2
196 402
1 14 2
363 398
1 4 2
208 288
1 2 2
259 465
1 12 2
316 433
1 2 2
102 406
1 3 2
17 63
1 3 2
356 388
1 12 2
211 451
1 7 2
143 483
1 3 2
117 259
1 9 2
24 50
1 6 2
316 468
1 6 2
53 226
1 11 2
43 125
1 11 2
281 488
1 15 2
316 378
1 4 2
53 222
1 13 2
388 398
1 4 2
146 435
1 14 2
5 283
1 13 2
7 27
1 9 2
45 460
1 10 2
140 479
1 5 2
193 277
1 10 2
143 215
1 8 2
260 472
1 4 2
108 388
1 13 2
146 470
1 5 2
275 337
1 4 2
293 395
1 8 2
25 129
1 10 2
212 251
1 15 2
436 447
1 14 2
411 466
1 12 2
35 55
1 15 2
247 460
1 2 2
221 426
1 8 2
22 69
1 11 2
114 425
1 15 2
183 224
1 6 2
262 298
1 7 2
364 450
1 10 2
346 414
1 11 2
168 409
1 13 2
27 96
1 9 2
222 377
1 13 2
173 199
1 7 2
350 498
1 12 2
216 484
1 15 2
74 289
1 9 2
145 296
1 4 2
105 277
1 14 2
273 356
1 10 2
324 343
1 3 2
324 359
1 10 2
40 298
1 11 2
87 485
1 8 2
89 166
1 13 2
215 466
1 13 2
140 155
1 15 2
240 410
1 11 2
409 479
1 15 2
349 457
1 11 2
128 384
1 2 2
101 232
1 3 2
41 201
1 6 2
385 421
1 10 2
363 438
1 13 2
24 246
1 9 2
63 467
1 7 2
251 418
1 6 2
216 441
1 11 2
62 421
1 10 2
14 91
1 3 2
477 489
1 6 2
280 343
1 10 2
374 389
1 7 2
318 370
1 8 2
186 426
1 3 2
268 436
1 15 2
313 368
1 9 2
100 115
1 10 2
50 359
1 11 2
200 428
1 14 2
275 446
1 10 2
369 485
1 9 2
368 471
1 12 2
99 290
1 10 2
302 344
1 10 2
184 258
1 14 2
368 472
1 12 2
95 127
1 11 2
337 467
1 5 2
10 203
1 6 2
75 153
1 12 2
69 356
1 7 2
41 497
1 4 2
83 253
1 8 2
29 360
1 3 2
319 335
1 13 2
21 23
1 3 2
322 408
1 9 2
157 214
1 3 2
179 343
1 4 2
50 144
1 15 2
410 498
1 4 2
35 148
1 8 2
40 428
1 9 2
117 326
1 7 2
34 84
1 10 2
131 300
1 14 2
39 460
1 2 2
131 165
1 12 2
122 242
1 9 2
81 92
1 9 2
457 496
1 9 2
351 432
1 9 2
455 499
1 15 2
142 210
1 4 2
149 343
1 8 2
319 464
1 14 2
295 392
1 4 2
17 59
1 6 2
290 410
1 4 2
238 363
1 3 2
16 341
1 11 2
59 65
1 2 2
444 477
1 13 2
75 294
1 4 2
124 152
1 10 2
17 48
1 7 2
351 481
1 6 2
310 486
1 11 2
1 487
1 13 2
230 376
1 6 2
54 421
1 10 2
105 380
1 11 2
63 407
1 8 2
285 377
1 11 2
102 260
1 15 2
400 479
1 11 2
380 471
1 12 2
66 133
1 9 2
36 138
1 5 2
1 77
1 8 2
190 373
1 10 2
230 288
1 9 2
355 445
1 13 2
7 41
1 7 2
317 404
1 11 2
412 432
1 12 2
161 175
1 13 2
305 427
1 2 2
302 387
1 3 2
126 155
1 12 2
46 337
1 14 2
27 50
1 9 2
415 466
1 4 2
26 64
1 7 2
278 333
1 15 2
147 184
1 7 2
177 200
1 13 2
255 324
1 13 2
177 347
1 9 2
279 479
1 14 2
273 444
1 5 2
96 294
1 8 2
182 237
1 13 2
293 461
1 3 2
28 482
1 3 2
104 305
1 10 2
75 387
1 6 2
131 324
1 2 2
328 431
1 6 2
382 479
1 7 2
317 477
1 11 2
321 377
1 9 2
78 429
1 7 2
134 400
1 10 2
157 273
1 8 2
247 310
1 6 2
262 418
1 11 2
208 432
1 11 2
134 492
1 6 2
41 187
1 15 2
278 414
1 10 2
137 280
1 3 2
293 311
1 4 2
275 419
1 4 2
257 443
1 9 2
287 345
1 6 2
151 359
1 4 2
140 485
1 3 2
153 393
1 4 2
312 372
1 12 2
17 161
1 11 2
339 412
1 14 2
2 226
1 6 2
15 377
1 14 2
394 397
1 4 2
240 420
1 3 2
185 344
1 7 2
319 459
1 5 2
162 190
1 5 2
48 60
1 15 2
15 115
1 4 2
99 380
1 4 2
25 107
1 7 2
419 489
1 2 2
89 164
1 8 2
345 413
1 5 2
186 485
1 11 2
244 255
1 7 2
60 470
1 14 2
91 109
1 15 2
219 467
1 3 2
326 377
1 6 2
100 196
1 3 2
206 338
1 2 2
41 224
1 12 2
202 427
1 12 2
130 263
1 14 2
82 320
1 11 2
148 221
1 5 2
66 256
1 8 2
179 207
1 12 2
156 178
1 2 2
38 77
1 7 2
76 183
1 15 2
140 147
1 8 2
202 256
1 14 2
128 274
1 8 2
272 477
1 8 2
108 181
1 15 2
122 258
1 7 2
23 144
1 13 2
37 182
1 10 2
84 359
1 6 2
24 163
1 9 2
229 330
1 12 2
396 417
1 14 2
108 275
1 9 2
384 431
1 3 2
386 461
1 5 2
265 478
1 5 2
335 444
1 9 2
71 116
1 8 2
330 383
1 14 2
342 429
1 6 2
132 395
1 9 2
56 448
1 12 2
257 298
1 2 2
68 390
1 15 2
153 207
1 14 2
247 340
1 3 2
383 463
1 10 2
101 217
1 8 2
400 492
1 12 2
328 338
1 15 2
97 450
1 6 2
331 493
1 15 2
184 413
1 2 2
155 239
1 10 2
244 407
1 4 2
109 391
1 8 2
53 153
1 10 2
178 464
1 5 2
224 258
1 6 2
268 476
1 9 2
55 179
1 15 2
398 498
1 13 2
269 481
1 3 2
154 191
1 11 2
112 305
1 14 2
111 173
1 7 2
376 421
1 14 2
59 279
1 2 2
147 498
1 10 2
206 497
1 13 2
439 448
1 6 2
108 200
1 11 2
276 488
1 12 2
206 374
1 15 2
43 225
1 9 2
54 496
1 10 2
295 373
1 13 2
59 192
1 15 2
345 485
1 6 2
47 473
1 9 2
274 364
1 7 2
213 433
1 12 2
147 335
1 10 2
400 449
1 15 2
177 238
1 12 2
156 395
1 3 2
179 327
1 2 2
124 357
1 6 2
257 288
1 12 2
49 208
1 14 2
129 306
1 7 2
157 304
1 14 2
48 127
1 3 2
168 456
1 4 2
31 114
1 13 2
97 365
1 9 2
106 319
1 4 2
311 329
1 15 2
73 465
1 4 2
173 424
1 9 2
401 477
1 13 2
312 438
1 9 2
141 474
1 6 2
82 381
1 10 2
103 472
1 9 2
36 342
1 9 2
104 424
1 11 2
282 477
1 3 2
60 135
1 3 2
212 238
1 4 2
62 135
1 12 2
270 368
1 15 2
303 324
1 12 2
97 233
1 8 2
69 465
1 4 2
220 456
1 9 2
153 289
1 6 2
170 411
1 8 2
125 142
1 11 2
411 459
1 2 2
269 340
1 3 2
319 347
1 12 2
139 477
1 15 2
172 304
1 14 2
6 112
1 3 2
169 474
1 13 2
126 396
1 8 2
213 409
1 12 2
166 349
1 2 2
177 406
1 6 2
121 457
1 3 2
406 425
1 14 2
44 253
1 15 2
235 345
1 12 2
115 233
1 13 2
428 495
1 4 2
203 305
1 11 2
56 262
1 13 2
19 384
1 10 2
29 249
1 12 2
2 287
1 6 2
300 374
1 14 2
69 279
1 10 2
266 400
1 9 2
234 489
1 14 2
110 428
1 2 2
106 229
1 12 2
394 405
1 15 2
39 417
1 6 2
74 426
1 10 2
276 410
1 6 2
55 198
1 2 2
298 353
1 12 2
306 362
1 14 2
1 29
1 2 2
288 385
1 11 2
329 430
1 8 2
324 491
1 2 2
48 376
1 5 2
17 238
1 4 2
66 99
1 4 2
217 246
1 8 2
297 374
1 12 2
107 383
1 15 2
17 166
1 7 2
195 391
1 10 2
181 184
1 5 2
18 490
1 9 2
107 374
1 15 2
161 339
1 11 2
350 443
1 14 2
148 317
1 9 2
149 215
1 6 2
64 435
1 8 2
144 298
1 8 2
282 432
1 10 2
331 364
1 11 2
306 445
1 14 2
151 214
1 6 2
25 285
1 3 2
130 300
1 12 2
86 428
1 11 2
24 469
1 11 2
58 275
1 2 2
425 478
1 4 2
17 336
1 13 2
124 379
1 13 2
118 259
1 8 2
147 183
1 9 2
46 498
1 5 2
29 104
1 10 2
282 470
1 2 2
156 360
1 10 2
217 449
1 10 2
129 154
1 11 2
58 77
1 9 2
296 349
1 3 2
132 438
1 2 2
277 310
1 6 2
227 347
1 12 2
61 127
1 3 2
252 384
1 5 2
184 205
1 7 2
52 142
1 13 2
199 487
1 14 2
117 387
1 3 2
41 85
1 11 2
148 378
1 7 2
352 468
1 3 2
109 296
1 4 2
175 335
1 5 2
147 218
1 14 2
419 456
1 10 2
489 494
1 6 2
94 457
1 8 2
126 359
1 7 2
181 285
1 7 2
25 344
1 12 2
340 400
1 10 2
10 22
1 12 2
67 160
1 9 2
416 442
1 7 2
310 474
1 11 2
395 410
1 12 2
43 100
1 5 2
9 93
1 12 2
36 207
1 9 2
71 489
1 9 2
86 251
1 5 2
28 241
1 4 2
178 430
1 14 2
7 200
1 14 2
19 286
1 11 2
28 181
1 3 2
266 329
1 11 2
154 460
1 14 2
176 485
1 12 2
448 472
1 8 2
34 345
1 13 2
144 436
1 2 2
28 54
1 11 2
370 428
1 14 2
399 417
1 7 2
7 195
1 5 2
43 61
1 7 2
346 399
1 3 2
359 430
1 8 2
149 266
1 6 2
99 267
1 6 2
186 479
1 12 2
207 442
1 9 2
159 408
1 11 2
130 284
1 5 2
111 151
1 5 2
288 336
1 11 2
252 481
1 12 2
178 469
1 10 2
239 444
1 7 2
68 94
1 10 2
429 457
1 15 2
401 446
1 7 2
176 275
1 5 2
26 85
1 2 2
244 248
1 15 2
131 140
1 14 2
232 269
1 3 2
179 492
1 13 2
98 123
1 15 2
129 320
1 13 2
195 456
1 11 2
353 451
1 13 2
37 76
1 12 2
371 401
1 8 2
177 380
1 15 2
0 200
1 5 2
107 292
1 14 2
67 237
1 7 2
236 341
1 2 2
117 371
1 14 2
48 459
1 6 2
124 260
1 15 2
329 396
1 9 2
40 112
1 14 2
145 153
1 13 2
163 329
1 11 2
76 221
1 2 2
22 263
1 6 2
311 334
1 7 2
278 463
1 14 2
191 370
1 7 2
230 487
1 13 2
80 499
1 13 2
333 481
1 12 2
147 305
1 10 2
31 242
1 11 2
448 480
1 3 2
235 253
1 6 2
393 436
1 14 2
460 481
1 15 2
215 270
1 9 2
174 403
1 11 2
422 432
1 2 2
69 451
1 2 2
416 483
1 3 2
30 341
1 5 2
157 408
1 12 2
75 455
1 4 2
97 165
1 4 2
119 476
1 11 2
16 187
1 8 2
430 483
1 14 2
76 81
1 4 2
124 273
1 5 2
215 472
1 6 2
22 234
1 4 2
433 442
1 12 2
75 158
1 15 2
155 372
1 4 2
176 218
1 2 2
70 498
1 2 2
95 356
1 9 2
289 393
1 10 2
203 308
1 8 2
24 169
1 11 2
301 311
1 6 2
479 494
1 10 2
313 319
1 6 2
373 475
1 3 2
286 393
1 5 2
162 478
1 6 2
37 150
1 9 2
47 304
1 15 2
68 292
1 9 2
25 259
1 8 2
51 269
1 8 2
218 463
1 4 2
34 164
1 10 2
56 103
1 13 2
47 242
1 12 2
192 208
1 11 2
233 492
1 7 2
40 360
1 11 2
106 497
1 11 2
347 430
1 7 2
14 389
1 11 2
351 455
1 7 2
15 287
1 8 2
213 314
1 4 2
319 387
1 5 2
62 481
1 9 2
66 381
1 14 2
203 232
1 9 2
108 391
1 7 2
34 193
1 10 2
15 314
1 8 2
116 440
1 6 2
7 312
1 7 2
76 178
1 11 2
74 192
1 11 2
21 336
1 6 2
336 389
1 15 2
109 426
1 10 2
303 370
1 14 2
247 348
1 9 2
265 372
1 3 2
195 483
1 10 2
259 363
1 2 2
403 415
1 4 2
224 417
1 3 2
311 458
1 9 2
199 369
1 6 2
21 280
1 2 2
51 276
1 9 2
134 237
1 11 2
23 314
1 2 2
83 195
1 4 2
133 362
1 2 2
8 113
1 8 2
324 490
1 4 2
120 373
1 10 2
241 357
1 2 2
159 440
1 4 2
0 23
1 5 2
72 314
1 14 2
309 334
1 6 2
83 476
1 13 2
33 460
1 2 2
215 398
1 4 2
101 417
1 9 2
180 343
1 10 2
335 476
1 9 2
328 331
1 4 2
84 140
1 8 2
41 471
1 9 2
185 268
1 12 2
176 432
1 5 2
149 393
1 8 2
27 189
1 7 2
455 474
1 8 2
94 241
1 11 2
26 215
1 8 2
360 462
1 5 2
312 490
1 12 2
212 272
1 8 2
323 370
1 14 2
210 228
1 14 2
105 282
1 4 2
165 264
1 6 2
180 201
1 11 2
165 300
1 3 2
81 152
1 9 2
94 498
1 14 2
240 393
1 2 2
49 145
1 12 2
102 441
1 14 2
82 440
1 5 2
27 399
1 4 2
26 65
1 14 2
190 241
1 6 2
289 388
1 9 2
256 475
1 10 2
309 374
1 5 2
298 459
1 12 2
148 339
1 9 2
157 189
1 15 2
24 249
1 15 2
334 418
1 6 2
24 483
1 9 2
102 486
1 12 2
143 376
1 8 2
272 437
1 11 2
64 369
1 2 2
167 473
1 12 2
166 367
1 5 2
314 348
1 5 2
179 466
1 9 2
182 278
1 7 2
5 149
1 8 2
44 90
1 3 2
38 283
1 7 2
81 399
1 4 2
344 374
1 4 2
170 240
